version, size, hermitian, complex, seed, tol, runtime in s,min_error, max_error, avg_error
Hessenberg basic,900,0,0,10,1e-12,1.23479,0,1.7486e-11,3.77416e-12
Hessenberg basic,900,0,1,10,1e-12,1.88846,2.4869e-14,2.86998e-11,4.64456e-12
Hessenberg basic,901,0,0,10,1e-12,0.738816,0,2.67708e-11,3.70573e-12
Hessenberg basic,901,0,1,10,1e-12,3.79971,9.66443e-14,1.99192e-11,4.5803e-12
Hessenberg basic,902,0,0,10,1e-12,1.64834,0,2.59099e-11,4.0475e-12
Hessenberg basic,902,0,1,10,1e-12,2.84838,7.00705e-14,2.49739e-11,4.63067e-12
Hessenberg basic,903,0,0,10,1e-12,0.702973,0,2.15184e-11,3.94072e-12
Hessenberg basic,903,0,1,10,1e-12,2.95917,7.10543e-14,2.38309e-11,4.50343e-12
Hessenberg basic,904,0,0,10,1e-12,0.808495,0,2.27672e-11,3.4613e-12
Hessenberg basic,904,0,1,10,1e-12,2.63858,5.68434e-14,2.9779e-11,4.78553e-12
Hessenberg basic,905,0,0,10,1e-12,1.76761,0,2.18279e-11,3.84541e-12
Hessenberg basic,905,0,1,10,1e-12,2.06629,0,2.45269e-11,4.59137e-12
Hessenberg basic,906,0,0,10,1e-12,0.66771,0,2.95586e-11,3.56009e-12
Hessenberg basic,906,0,1,10,1e-12,2.33737,4.26326e-14,2.20883e-11,4.41637e-12
Hessenberg basic,907,0,0,10,1e-12,1.07055,0,2.63753e-11,4.10043e-12
Hessenberg basic,907,0,1,10,1e-12,4.06682,2.84217e-14,2.54679e-11,4.48476e-12
Hessenberg basic,908,0,0,10,1e-12,0.722054,0,2.63753e-11,3.65475e-12
Hessenberg basic,908,0,1,10,1e-12,2.40598,2.41611e-14,2.47203e-11,4.75588e-12
Hessenberg basic,909,0,0,10,1e-12,0.671795,0,2.0691e-11,3.69467e-12
Hessenberg basic,909,0,1,10,1e-12,3.34559,2.92964e-14,2.21909e-11,4.75077e-12
Hessenberg basic,910,0,0,10,1e-12,1.48692,0,1.84173e-11,3.82436e-12
Hessenberg basic,910,0,1,10,1e-12,2.75469,3.90799e-14,2.26211e-11,4.8433e-12
Hessenberg basic,911,0,0,10,1e-12,1.86433,0,2.16283e-11,3.8404e-12
Hessenberg basic,911,0,1,10,1e-12,2.63017,0,2.02822e-11,4.79395e-12
Hessenberg basic,912,0,0,10,1e-12,0.963156,0,1.8872e-11,4.10385e-12
Hessenberg basic,912,0,1,10,1e-12,3.03353,4.27157e-14,2.31877e-11,4.70288e-12
Hessenberg basic,913,0,0,10,1e-12,1.41027,0,2.0691e-11,3.77462e-12
Hessenberg basic,913,0,1,10,1e-12,4.54144,7.10543e-14,2.44902e-11,4.67344e-12
Hessenberg basic,914,0,0,10,1e-12,0.745356,0,2.15673e-11,3.99951e-12
Hessenberg basic,914,0,1,10,1e-12,3.11916,5.68434e-14,2.42856e-11,4.50758e-12
Hessenberg basic,915,0,0,10,1e-12,0.914235,0,2.34195e-11,3.71144e-12
Hessenberg basic,915,0,1,10,1e-12,3.30461,5.68434e-14,2.6939e-11,4.94136e-12
Hessenberg basic,916,0,0,10,1e-12,2.11015,0,3.56977e-11,3.91132e-12
Hessenberg basic,916,0,1,10,1e-12,2.65528,8.1963e-14,2.94578e-11,4.63907e-12
Hessenberg basic,917,0,0,10,1e-12,1.08701,0,3.02407e-11,3.8297e-12
Hessenberg basic,917,0,1,10,1e-12,2.47742,3.45721e-14,2.37638e-11,4.59479e-12
Hessenberg basic,918,0,0,10,1e-12,0.754965,0,2.16005e-11,3.83293e-12
Hessenberg basic,918,0,1,10,1e-12,5.01651,1.42109e-14,2.79434e-11,4.77583e-12
Hessenberg basic,919,0,0,10,1e-12,0.705796,0,2.72848e-11,3.84243e-12
Hessenberg basic,919,0,1,10,1e-12,3.28028,3.99187e-14,2.22132e-11,4.72328e-12
Hessenberg basic,920,0,0,10,1e-12,0.729241,0,2.60598e-11,4.30422e-12
Hessenberg basic,920,0,1,10,1e-12,2.8109,0,2.50493e-11,4.66087e-12
Hessenberg basic,921,0,0,10,1e-12,1.03499,0,2.72718e-11,3.80471e-12
Hessenberg basic,921,0,1,10,1e-12,3.42474,3.17764e-14,2.61943e-11,4.82973e-12
Hessenberg basic,922,0,0,10,1e-12,1.86739,0,2.38742e-11,3.47156e-12
Hessenberg basic,922,0,1,10,1e-12,2.77373,2.92964e-14,2.6784e-11,4.59243e-12
Hessenberg basic,923,0,0,10,1e-12,1.33561,0,2.16005e-11,3.78228e-12
Hessenberg basic,923,0,1,10,1e-12,2.8385,1.42109e-14,2.6691e-11,4.68032e-12
Hessenberg basic,924,0,0,10,1e-12,0.679227,0,2.11546e-11,3.79954e-12
Hessenberg basic,924,0,1,10,1e-12,4.59393,1.51772e-14,2.32633e-11,4.54539e-12
Hessenberg basic,925,0,0,10,1e-12,1.6935,0,2.1519e-11,3.77726e-12
Hessenberg basic,925,0,1,10,1e-12,3.87864,9.7288e-15,2.20693e-11,4.37713e-12
Hessenberg basic,926,0,0,10,1e-12,0.80724,0,4.02451e-11,3.69196e-12
Hessenberg basic,926,0,1,10,1e-12,2.57767,2.00972e-14,2.79216e-11,4.46628e-12
Hessenberg basic,927,0,0,10,1e-12,0.869083,0,2.41016e-11,3.62392e-12
Hessenberg basic,927,0,1,10,1e-12,3.64358,1.42109e-14,3.27485e-11,4.55503e-12
Hessenberg basic,928,0,0,10,1e-12,1.58405,0,3.05596e-11,3.71565e-12
Hessenberg basic,928,0,1,10,1e-12,2.92739,2.24693e-14,2.01748e-11,4.4601e-12
Hessenberg basic,929,0,0,10,1e-12,1.72696,0,2.45564e-11,3.80665e-12
Hessenberg basic,929,0,1,10,1e-12,2.69071,2.13163e-14,2.61674e-11,4.68076e-12
Hessenberg basic,930,0,0,10,1e-12,0.72936,0,2.72848e-11,4.05487e-12
Hessenberg basic,930,0,1,10,1e-12,3.85053,0,2.26615e-11,4.68338e-12
Hessenberg basic,931,0,0,10,1e-12,1.67024,0,2.16614e-11,3.91431e-12
Hessenberg basic,931,0,1,10,1e-12,4.26666,4.26326e-14,2.60648e-11,4.61051e-12
Hessenberg basic,932,0,0,10,1e-12,0.786863,0,2.54659e-11,4.16149e-12
Hessenberg basic,932,0,1,10,1e-12,2.685,3.55271e-14,2.80613e-11,4.73602e-12
Hessenberg basic,933,0,0,10,1e-12,0.788233,0,2.27885e-11,3.80983e-12
Hessenberg basic,933,0,1,10,1e-12,4.06907,3.10227e-14,2.61086e-11,4.68893e-12
Hessenberg basic,934,0,0,10,1e-12,1.82583,0,3.25144e-11,4.30221e-12
Hessenberg basic,934,0,1,10,1e-12,3.6171,0,2.41113e-11,4.74205e-12
Hessenberg basic,935,0,0,10,1e-12,2.21048,0,2.36469e-11,3.96805e-12
Hessenberg basic,935,0,1,10,1e-12,2.94638,4.54969e-14,2.14824e-11,4.55903e-12
Hessenberg basic,936,0,0,10,1e-12,1.25809,0,2.29769e-11,3.86587e-12
Hessenberg basic,936,0,1,10,1e-12,2.86089,3.17764e-14,2.3077e-11,4.72521e-12
Hessenberg basic,937,0,0,10,1e-12,0.768553,0,2.02363e-11,3.91128e-12
Hessenberg basic,937,0,1,10,1e-12,4.73231,2.5619e-14,2.14082e-11,4.67689e-12
Hessenberg basic,938,0,0,10,1e-12,1.78337,0,2.23619e-11,3.65016e-12
Hessenberg basic,938,0,1,10,1e-12,4.48463,4.76647e-14,2.73322e-11,4.72655e-12
Hessenberg basic,939,0,0,10,1e-12,0.935587,0,2.251e-11,3.71495e-12
Hessenberg basic,939,0,1,10,1e-12,2.78965,4.45154e-14,2.14576e-11,4.58475e-12
Hessenberg basic,940,0,0,10,1e-12,0.710161,0,2.59206e-11,3.77486e-12
Hessenberg basic,940,0,1,10,1e-12,3.63638,2.57572e-14,2.62774e-11,4.80925e-12
Hessenberg basic,941,0,0,10,1e-12,1.52853,0,2.17181e-11,3.90271e-12
Hessenberg basic,941,0,1,10,1e-12,3.8834,2.46388e-14,2.75263e-11,4.82616e-12
Hessenberg basic,942,0,0,10,1e-12,2.19001,0,2.81402e-11,3.96222e-12
Hessenberg basic,942,0,1,10,1e-12,3.00655,7.10543e-15,3.4114e-11,4.7604e-12
Hessenberg basic,943,0,0,10,1e-12,1.5905,0,2.7967e-11,3.71359e-12
Hessenberg basic,943,0,1,10,1e-12,2.79525,0,2.90077e-11,4.75116e-12
Hessenberg basic,944,0,0,10,1e-12,0.763239,0,2.62383e-11,3.99887e-12
Hessenberg basic,944,0,1,10,1e-12,4.30882,3.35162e-14,2.6697e-11,4.77946e-12
Hessenberg basic,945,0,0,10,1e-12,1.81352,0,2.0691e-11,3.72488e-12
Hessenberg basic,945,0,1,10,1e-12,4.4041,2.84217e-14,2.49421e-11,4.61298e-12
Hessenberg basic,946,0,0,10,1e-12,0.89093,0,2.54643e-11,3.91543e-12
Hessenberg basic,946,0,1,10,1e-12,2.76127,2.00972e-14,2.43969e-11,4.39294e-12
Hessenberg basic,947,0,0,10,1e-12,0.832801,0,2.32411e-11,4.18514e-12
Hessenberg basic,947,0,1,10,1e-12,4.09421,6.04027e-14,2.0243e-11,4.49701e-12
Hessenberg basic,948,0,0,10,1e-12,1.80469,0,2.251e-11,3.98918e-12
Hessenberg basic,948,0,1,10,1e-12,3.80159,3.55271e-14,2.77722e-11,4.78392e-12
Hessenberg basic,949,0,0,10,1e-12,2.28349,0,2.38742e-11,3.90178e-12
Hessenberg basic,949,0,1,10,1e-12,3.1145,4.27803e-14,2.46983e-11,4.67859e-12
Hessenberg basic,950,0,0,10,1e-12,1.38456,0,2.75828e-11,3.98436e-12
Hessenberg basic,950,0,1,10,1e-12,3.00299,3.03544e-14,2.17828e-11,4.47327e-12
Hessenberg basic,951,0,0,10,1e-12,0.834329,0,2.47986e-11,3.94224e-12
Hessenberg basic,951,0,1,10,1e-12,5.21204,7.94411e-15,2.53121e-11,4.47604e-12
Hessenberg basic,952,0,0,10,1e-12,1.40489,0,2.44427e-11,3.93038e-12
Hessenberg basic,952,0,1,10,1e-12,4.07435,2.00972e-14,2.71042e-11,4.41088e-12
Hessenberg basic,953,0,0,10,1e-12,0.897214,0,3.11502e-11,4.53876e-12
Hessenberg basic,953,0,1,10,1e-12,2.94121,2.13163e-14,2.23732e-11,4.69619e-12
Hessenberg basic,954,0,0,10,1e-12,0.817168,0,2.83318e-11,3.94057e-12
Hessenberg basic,954,0,1,10,1e-12,4.28066,2.92964e-14,2.43656e-11,4.65598e-12
Hessenberg basic,955,0,0,10,1e-12,2.05684,0,2.70575e-11,3.96592e-12
Hessenberg basic,955,0,1,10,1e-12,4.02544,4.26326e-14,2.5922e-11,4.4671e-12
Hessenberg basic,956,0,0,10,1e-12,2.45234,0,2.70575e-11,3.78652e-12
Hessenberg basic,956,0,1,10,1e-12,3.20224,1.42109e-14,2.22245e-11,4.86683e-12
Hessenberg basic,957,0,0,10,1e-12,1.77436,0,2.31877e-11,3.97255e-12
Hessenberg basic,957,0,1,10,1e-12,3.07576,4.26326e-14,1.88351e-11,4.59025e-12
Hessenberg basic,958,0,0,10,1e-12,0.831664,0,2.60134e-11,3.7296e-12
Hessenberg basic,958,0,1,10,1e-12,3.16639,3.17764e-14,2.29425e-11,4.56433e-12
Hessenberg basic,959,0,0,10,1e-12,1.9656,0,2.74972e-11,3.98536e-12
Hessenberg basic,959,0,1,10,1e-12,4.47409,4.01944e-14,3.24834e-11,4.92413e-12
Hessenberg basic,960,0,0,10,1e-12,1.0759,0,2.68286e-11,4.15272e-12
Hessenberg basic,960,0,1,10,1e-12,3.04161,4.32206e-14,2.26008e-11,4.637e-12
Hessenberg basic,961,0,0,10,1e-12,0.762272,0,2.8517e-11,3.77891e-12
Hessenberg basic,961,0,1,10,1e-12,4.45241,3.55271e-14,4.48844e-11,4.81677e-12
Hessenberg basic,962,0,0,10,1e-12,1.6784,0,2.56804e-11,4.13501e-12
Hessenberg basic,962,0,1,10,1e-12,4.9112,7.39272e-14,2.51554e-11,4.59608e-12
Hessenberg basic,963,0,0,10,1e-12,1.04946,0,2.88765e-11,4.2168e-12
Hessenberg basic,963,0,1,10,1e-12,3.59904,4.84851e-14,2.19153e-11,4.35701e-12
Hessenberg basic,964,0,0,10,1e-12,2.12561,0,2.75122e-11,3.71332e-12
Hessenberg basic,964,0,1,10,1e-12,3.49276,0,2.97227e-11,4.51561e-12
Hessenberg basic,965,0,0,10,1e-12,1.84594,0,2.59206e-11,4.06187e-12
Hessenberg basic,965,0,1,10,1e-12,4.59284,1.42109e-14,2.8074e-11,4.6267e-12
Hessenberg basic,966,0,0,10,1e-12,1.26785,0,2.4329e-11,3.76977e-12
Hessenberg basic,966,0,1,10,1e-12,3.72516,5.68504e-14,2.02072e-11,4.68959e-12
Hessenberg basic,967,0,0,10,1e-12,1.13141,0,2.69697e-11,4.15247e-12
Hessenberg basic,967,0,1,10,1e-12,3.60276,4.54969e-14,2.34212e-11,4.93659e-12
Hessenberg basic,968,0,0,10,1e-12,1.11055,0,3.18323e-11,4.06185e-12
Hessenberg basic,968,0,1,10,1e-12,4.84056,5.68434e-14,2.24102e-11,4.3913e-12
Hessenberg basic,969,0,0,10,1e-12,2.05244,0,2.93312e-11,4.09182e-12
Hessenberg basic,969,0,1,10,1e-12,5.036,1.46482e-14,2.79743e-11,4.6595e-12
Hessenberg basic,970,0,0,10,1e-12,1.40135,0,2.29647e-11,3.83354e-12
Hessenberg basic,970,0,1,10,1e-12,3.54535,5.85929e-14,2.54028e-11,4.86314e-12
Hessenberg basic,971,0,0,10,1e-12,1.55466,0,2.61653e-11,4.01086e-12
Hessenberg basic,971,0,1,10,1e-12,3.80883,2.84217e-14,2.36042e-11,4.61256e-12
Hessenberg basic,972,0,0,10,1e-12,1.53567,0,2.3565e-11,4.23075e-12
Hessenberg basic,972,0,1,10,1e-12,4.16331,4.26326e-14,3.67903e-11,4.58904e-12
Hessenberg basic,973,0,0,10,1e-12,1.16171,0,2.46037e-11,4.41434e-12
Hessenberg basic,973,0,1,10,1e-12,4.59448,4.01944e-14,3.69555e-11,4.58488e-12
Hessenberg basic,974,0,0,10,1e-12,1.61802,0,3.06954e-11,3.96883e-12
Hessenberg basic,974,0,1,10,1e-12,4.3763,2.92964e-14,2.38615e-11,4.46647e-12
Hessenberg basic,975,0,0,10,1e-12,1.55171,0,2.77852e-11,3.77745e-12
Hessenberg basic,975,0,1,10,1e-12,4.3103,2.84217e-14,2.01377e-11,4.65706e-12
Hessenberg basic,976,0,0,10,1e-12,1.58354,0,3.38787e-11,4.05941e-12
Hessenberg basic,976,0,1,10,1e-12,4.5503,3.84285e-14,2.74962e-11,4.56276e-12
Hessenberg basic,977,0,0,10,1e-12,1.12017,0,2.89536e-11,4.15181e-12
Hessenberg basic,977,0,1,10,1e-12,3.57355,2.84217e-14,2.43537e-11,4.3748e-12
Hessenberg basic,978,0,0,10,1e-12,1.70387,0,3.25903e-11,3.93432e-12
Hessenberg basic,978,0,1,10,1e-12,4.65642,2.84217e-14,2.74699e-11,4.54747e-12
Hessenberg basic,979,0,0,10,1e-12,1.15308,0,2.40296e-11,3.97983e-12
Hessenberg basic,979,0,1,10,1e-12,4.31024,1.58882e-14,2.82685e-11,4.55131e-12
Hessenberg basic,980,0,0,10,1e-12,1.38198,0,3.70619e-11,4.1352e-12
Hessenberg basic,980,0,1,10,1e-12,3.66518,3.17764e-14,3.43902e-11,4.66392e-12
Hessenberg basic,981,0,0,10,1e-12,1.29682,0,2.13541e-11,3.63932e-12
Hessenberg basic,981,0,1,10,1e-12,3.89312,0,1.88652e-11,4.38626e-12
Hessenberg basic,982,0,0,10,1e-12,0.988704,0,2.251e-11,3.9979e-12
Hessenberg basic,982,0,1,10,1e-12,4.04313,3.53602e-14,2.64849e-11,4.55329e-12
Hessenberg basic,983,0,0,10,1e-12,0.883459,0,3.25144e-11,4.12998e-12
Hessenberg basic,983,0,1,10,1e-12,5.32136,7.10543e-15,2.02988e-11,4.52781e-12
Hessenberg basic,984,0,0,10,1e-12,1.77207,0,2.51554e-11,4.03222e-12
Hessenberg basic,984,0,1,10,1e-12,5.15485,5.72858e-14,2.16391e-11,4.55822e-12
Hessenberg basic,985,0,0,10,1e-12,1.26758,0,2.44572e-11,4.16134e-12
Hessenberg basic,985,0,1,10,1e-12,4.28411,3.31193e-14,2.51433e-11,4.49594e-12
Hessenberg basic,986,0,0,10,1e-12,1.3842,0,2.52385e-11,4.04492e-12
Hessenberg basic,986,0,1,10,1e-12,3.73502,1.51772e-14,2.33974e-11,4.83002e-12
Hessenberg basic,987,0,0,10,1e-12,2.31756,0,2.92641e-11,4.06571e-12
Hessenberg basic,987,0,1,10,1e-12,3.84236,2.84217e-14,2.21255e-11,4.51956e-12
Hessenberg basic,988,0,0,10,1e-12,1.99577,0,2.90772e-11,4.01153e-12
Hessenberg basic,988,0,1,10,1e-12,4.24931,9.44147e-15,2.50741e-11,4.38411e-12
Hessenberg basic,989,0,0,10,1e-12,1.22397,0,3.02407e-11,4.06547e-12
Hessenberg basic,989,0,1,10,1e-12,4.52774,1.42109e-14,2.21255e-11,4.62297e-12
Hessenberg basic,990,0,0,10,1e-12,1.53094,0,2.32016e-11,4.13344e-12
Hessenberg basic,990,0,1,10,1e-12,5.50607,0,2.45587e-11,4.48145e-12
Hessenberg basic,991,0,0,10,1e-12,1.8637,0,3.83597e-11,4.5322e-12
Hessenberg basic,991,0,1,10,1e-12,5.24167,5.68434e-14,2.59843e-11,4.53744e-12
Hessenberg basic,992,0,0,10,1e-12,1.50092,0,2.04636e-11,3.99371e-12
Hessenberg basic,992,0,1,10,1e-12,4.16191,3.03544e-14,2.63031e-11,4.66505e-12
Hessenberg basic,993,0,0,10,1e-12,1.84226,0,2.744e-11,4.18327e-12
Hessenberg basic,993,0,1,10,1e-12,4.37739,2.58641e-14,3.97618e-11,4.69347e-12
Hessenberg basic,994,0,0,10,1e-12,1.71943,0,2.75959e-11,3.89961e-12
Hessenberg basic,994,0,1,10,1e-12,3.91268,9.09939e-14,2.28338e-11,4.57884e-12
Hessenberg basic,995,0,0,10,1e-12,1.86717,0,3.45911e-11,3.93849e-12
Hessenberg basic,995,0,1,10,1e-12,4.98656,3.17764e-14,2.25192e-11,4.7023e-12
Hessenberg basic,996,0,0,10,1e-12,2.03533,0,2.53287e-11,4.11653e-12
Hessenberg basic,996,0,1,10,1e-12,4.71973,2.84217e-14,2.9811e-11,4.38554e-12
Hessenberg basic,997,0,0,10,1e-12,1.19675,0,2.85809e-11,4.29235e-12
Hessenberg basic,997,0,1,10,1e-12,4.43685,4.01944e-14,2.09476e-11,4.35127e-12
Hessenberg basic,998,0,0,10,1e-12,1.42661,0,2.34195e-11,3.89239e-12
Hessenberg basic,998,0,1,10,1e-12,4.02724,0,2.47169e-11,4.74917e-12
Hessenberg basic,999,0,0,10,1e-12,1.05415,0,2.31877e-11,4.21803e-12
Hessenberg basic,999,0,1,10,1e-12,4.67153,4.76647e-14,2.6449e-11,4.4734e-12
Hessenberg basic,1000,0,0,10,1e-12,1.42217,0,2.76621e-11,4.14268e-12
Hessenberg basic,1000,0,1,10,1e-12,5.34568,0,2.76659e-11,4.62425e-12
