version, size, hermitian, complex, seed, tol, runtime in s,min_error, max_error, avg_error
Hessenberg basic,900,0,0,4,1e-12,0.885602,0,2.23082e-11,3.69325e-12
Hessenberg basic,900,0,1,4,1e-12,1.95463,4.26326e-14,3.60658e-11,4.449e-12
Hessenberg basic,901,0,0,4,1e-12,1.19515,0,2.0571e-11,3.56413e-12
Hessenberg basic,901,0,1,4,1e-12,1.77797,0,2.23351e-11,4.51593e-12
Hessenberg basic,902,0,0,4,1e-12,0.867236,0,2.29536e-11,3.83943e-12
Hessenberg basic,902,0,1,4,1e-12,3.55275,1.58882e-14,3.00993e-11,4.75988e-12
Hessenberg basic,903,0,0,4,1e-12,0.676776,0,1.8872e-11,3.73995e-12
Hessenberg basic,903,0,1,4,1e-12,3.81029,2.84217e-14,2.73426e-11,4.69442e-12
Hessenberg basic,904,0,0,4,1e-12,1.38284,0,2.41016e-11,3.53044e-12
Hessenberg basic,904,0,1,4,1e-12,2.18907,8.13447e-14,2.68381e-11,4.51723e-12
Hessenberg basic,905,0,0,4,1e-12,1.35041,0,3.29692e-11,3.85668e-12
Hessenberg basic,905,0,1,4,1e-12,2.13,4.40921e-14,2.0989e-11,4.6594e-12
Hessenberg basic,906,0,0,4,1e-12,0.785654,0,2.04197e-11,3.82452e-12
Hessenberg basic,906,0,1,4,1e-12,1.813,2.84217e-14,2.25146e-11,4.70175e-12
Hessenberg basic,907,0,0,4,1e-12,0.737526,0,2.00089e-11,3.70761e-12
Hessenberg basic,907,0,1,4,1e-12,3.6257,4.01944e-14,2.62062e-11,4.64147e-12
Hessenberg basic,908,0,0,4,1e-12,0.572563,0,2.77396e-11,3.9713e-12
Hessenberg basic,908,0,1,4,1e-12,2.57138,5.7834e-14,2.66803e-11,4.61252e-12
Hessenberg basic,909,0,0,4,1e-12,1.18584,0,1.90994e-11,3.78672e-12
Hessenberg basic,909,0,1,4,1e-12,2.39272,7.10543e-15,2.21211e-11,4.55802e-12
Hessenberg basic,910,0,0,4,1e-12,0.690114,0,2.7967e-11,3.77668e-12
Hessenberg basic,910,0,1,4,1e-12,4.02736,3.17764e-14,2.84428e-11,4.51255e-12
Hessenberg basic,911,0,0,4,1e-12,0.666578,0,2.7967e-11,3.97258e-12
Hessenberg basic,911,0,1,4,1e-12,3.05623,5.68434e-14,2.66687e-11,4.57544e-12
Hessenberg basic,912,0,0,4,1e-12,2.09833,0,2.13731e-11,3.88907e-12
Hessenberg basic,912,0,1,4,1e-12,2.75667,2.84217e-14,3.31217e-11,4.59486e-12
Hessenberg basic,913,0,0,4,1e-12,1.14939,0,1.99924e-11,3.97679e-12
Hessenberg basic,913,0,1,4,1e-12,3.69531,8.98773e-14,2.33944e-11,4.59091e-12
Hessenberg basic,914,0,0,4,1e-12,0.619029,0,2.41016e-11,3.9222e-12
Hessenberg basic,914,0,1,4,1e-12,2.47331,3.41804e-14,2.37214e-11,4.64661e-12
Hessenberg basic,915,0,0,4,1e-12,0.97166,0,1.79625e-11,3.44718e-12
Hessenberg basic,915,0,1,4,1e-12,2.14177,5.68434e-14,2.45203e-11,4.6203e-12
Hessenberg basic,916,0,0,4,1e-12,1.12299,0,1.8209e-11,3.76584e-12
Hessenberg basic,916,0,1,4,1e-12,3.13635,1.58882e-14,1.96609e-11,4.36507e-12
Hessenberg basic,917,0,0,4,1e-12,0.649841,0,1.81133e-11,3.83848e-12
Hessenberg basic,917,0,1,4,1e-12,2.26798,4.26326e-14,2.30187e-11,4.56326e-12
Hessenberg basic,918,0,0,4,1e-12,1.18059,0,2.27374e-11,3.63141e-12
Hessenberg basic,918,0,1,4,1e-12,2.25971,2.97772e-14,2.29749e-11,4.43601e-12
Hessenberg basic,919,0,0,4,1e-12,0.990425,0,2.66027e-11,3.81072e-12
Hessenberg basic,919,0,1,4,1e-12,3.75322,7.10543e-15,2.6603e-11,4.6561e-12
Hessenberg basic,920,0,0,4,1e-12,0.723701,0,2.52385e-11,3.88394e-12
Hessenberg basic,920,0,1,4,1e-12,2.5378,6.35529e-14,2.72467e-11,5.01692e-12
Hessenberg basic,921,0,0,4,1e-12,1.7636,0,1.84173e-11,3.30831e-12
Hessenberg basic,921,0,1,4,1e-12,2.27938,2.00972e-14,2.42588e-11,4.57219e-12
Hessenberg basic,922,0,0,4,1e-12,0.700164,0,2.20552e-11,3.85076e-12
Hessenberg basic,922,0,1,4,1e-12,4.72251,5.1238e-14,2.25203e-11,4.69072e-12
Hessenberg basic,923,0,0,4,1e-12,0.680995,0,2.88765e-11,3.62982e-12
Hessenberg basic,923,0,1,4,1e-12,2.43437,6.70325e-14,2.46247e-11,4.65834e-12
Hessenberg basic,924,0,0,4,1e-12,1.03416,0,4.04725e-11,4.00046e-12
Hessenberg basic,924,0,1,4,1e-12,2.74345,5.51529e-14,2.41726e-11,4.56556e-12
Hessenberg basic,925,0,0,4,1e-12,0.817854,0,3.29692e-11,3.78284e-12
Hessenberg basic,925,0,1,4,1e-12,2.95532,2.13163e-14,3.32635e-11,4.79819e-12
Hessenberg basic,926,0,0,4,1e-12,1.4272,0,2.77396e-11,4.01686e-12
Hessenberg basic,926,0,1,4,1e-12,4.05953,4.49387e-14,2.41113e-11,4.55388e-12
Hessenberg basic,927,0,0,4,1e-12,1.30311,0,2.72848e-11,3.88128e-12
Hessenberg basic,927,0,1,4,1e-12,4.10309,5.1238e-14,2.27851e-11,4.51839e-12
Hessenberg basic,928,0,0,4,1e-12,1.80371,0,2.22826e-11,3.91278e-12
Hessenberg basic,928,0,1,4,1e-12,4.80118,5.1238e-14,2.44139e-11,4.49944e-12
Hessenberg basic,929,0,0,4,1e-12,1.23965,0,2.7967e-11,4.02719e-12
Hessenberg basic,929,0,1,4,1e-12,3.94511,6.03961e-14,2.55836e-11,4.65313e-12
Hessenberg basic,930,0,0,4,1e-12,0.97581,0,1.84173e-11,3.82236e-12
Hessenberg basic,930,0,1,4,1e-12,3.53621,5.1238e-14,2.46121e-11,4.86313e-12
Hessenberg basic,931,0,0,4,1e-12,1.44071,0,2.18279e-11,3.81472e-12
Hessenberg basic,931,0,1,4,1e-12,3.42184,1.42109e-14,2.47661e-11,4.82098e-12
Hessenberg basic,932,0,0,4,1e-12,1.76566,0,2.4329e-11,3.99851e-12
Hessenberg basic,932,0,1,4,1e-12,4.15904,3.03544e-14,2.29245e-11,4.57992e-12
Hessenberg basic,933,0,0,4,1e-12,1.18601,0,2.9786e-11,3.65656e-12
Hessenberg basic,933,0,1,4,1e-12,4.13637,2.90938e-14,2.54864e-11,4.64807e-12
Hessenberg basic,934,0,0,4,1e-12,1.00222,0,2.77396e-11,3.86823e-12
Hessenberg basic,934,0,1,4,1e-12,3.25998,0,2.47243e-11,4.46974e-12
Hessenberg basic,935,0,0,4,1e-12,0.669931,0,2.68301e-11,3.91635e-12
Hessenberg basic,935,0,1,4,1e-12,3.54687,3.17764e-14,2.34713e-11,4.60193e-12
Hessenberg basic,936,0,0,4,1e-12,0.653491,0,3.06954e-11,3.82437e-12
Hessenberg basic,936,0,1,4,1e-12,3.13531,0,2.28689e-11,4.58792e-12
Hessenberg basic,937,0,0,4,1e-12,0.721887,0,3.16049e-11,4.04776e-12
Hessenberg basic,937,0,1,4,1e-12,2.25039,0,2.48413e-11,4.6726e-12
Hessenberg basic,938,0,0,4,1e-12,0.709572,0,2.29647e-11,3.54621e-12
Hessenberg basic,938,0,1,4,1e-12,2.60454,0,2.41509e-11,4.75286e-12
Hessenberg basic,939,0,0,4,1e-12,0.698305,0,1.93268e-11,3.90248e-12
Hessenberg basic,939,0,1,4,1e-12,3.14957,5.68434e-14,2.4242e-11,4.8538e-12
Hessenberg basic,940,0,0,4,1e-12,1.32876,0,2.29647e-11,3.86998e-12
Hessenberg basic,940,0,1,4,1e-12,3.64869,7.10543e-15,3.40211e-11,4.8658e-12
Hessenberg basic,941,0,0,4,1e-12,1.75478,0,2.59206e-11,4.11469e-12
Hessenberg basic,941,0,1,4,1e-12,5.11795,6.07088e-14,2.46614e-11,4.69101e-12
Hessenberg basic,942,0,0,4,1e-12,1.96463,0,3.04681e-11,3.8207e-12
Hessenberg basic,942,0,1,4,1e-12,5.00399,3.17764e-14,2.41188e-11,4.6003e-12
Hessenberg basic,943,0,0,4,1e-12,1.38685,0,2.84217e-11,3.99331e-12
Hessenberg basic,943,0,1,4,1e-12,3.91635,5.1238e-14,2.41659e-11,4.73553e-12
Hessenberg basic,944,0,0,4,1e-12,1.5737,0,2.95586e-11,3.85002e-12
Hessenberg basic,944,0,1,4,1e-12,3.80566,0,2.42556e-11,4.64367e-12
Hessenberg basic,945,0,0,4,1e-12,2.2247,0,2.47837e-11,3.76739e-12
Hessenberg basic,945,0,1,4,1e-12,4.16314,5.68434e-14,3.31171e-11,4.76713e-12
Hessenberg basic,946,0,0,4,1e-12,2.00367,0,3.09228e-11,4.00507e-12
Hessenberg basic,946,0,1,4,1e-12,4.37485,5.1238e-14,2.40995e-11,4.57254e-12
Hessenberg basic,947,0,0,4,1e-12,1.53624,0,3.16049e-11,3.76072e-12
Hessenberg basic,947,0,1,4,1e-12,4.2542,4.49387e-14,2.24732e-11,4.60025e-12
Hessenberg basic,948,0,0,4,1e-12,1.62826,0,2.37135e-11,4.21158e-12
Hessenberg basic,948,0,1,4,1e-12,5.11256,7.81597e-14,2.70231e-11,4.65724e-12
Hessenberg basic,949,0,0,4,1e-12,2.08187,0,2.27374e-11,4.29851e-12
Hessenberg basic,949,0,1,4,1e-12,4.81577,8.03887e-14,2.2879e-11,4.79209e-12
Hessenberg basic,950,0,0,4,1e-12,1.72821,0,2.6148e-11,4.00985e-12
Hessenberg basic,950,0,1,4,1e-12,5.1775,5.85929e-14,2.99063e-11,4.64281e-12
Hessenberg basic,951,0,0,4,1e-12,1.67584,5.32907e-15,2.59206e-11,3.64361e-12
Hessenberg basic,951,0,1,4,1e-12,3.87017,4.44089e-14,2.29655e-11,4.68188e-12
Hessenberg basic,952,0,0,4,1e-12,2.0422,0,2.7967e-11,3.89302e-12
Hessenberg basic,952,0,1,4,1e-12,4.51157,2.84217e-14,3.6883e-11,4.78646e-12
Hessenberg basic,953,0,0,4,1e-12,1.96075,0,2.00089e-11,3.57924e-12
Hessenberg basic,953,0,1,4,1e-12,4.42858,4.01944e-14,2.48119e-11,4.90413e-12
Hessenberg basic,954,0,0,4,1e-12,1.50977,0,2.27374e-11,3.6825e-12
Hessenberg basic,954,0,1,4,1e-12,4.67715,3.17764e-14,2.36602e-11,4.56858e-12
Hessenberg basic,955,0,0,4,1e-12,2.69479,0,2.91038e-11,3.76062e-12
Hessenberg basic,955,0,1,4,1e-12,6.06589,0,4.42982e-11,4.85201e-12
Hessenberg basic,956,0,0,4,1e-12,1.9457,0,2.63753e-11,4.03459e-12
Hessenberg basic,956,0,1,4,1e-12,5.30628,0,2.80712e-11,4.52705e-12
Hessenberg basic,957,0,0,4,1e-12,1.85416,0,1.61435e-11,3.71231e-12
Hessenberg basic,957,0,1,4,1e-12,4.42421,3.82639e-14,2.91757e-11,4.50334e-12
Hessenberg basic,958,0,0,4,1e-12,2.68215,0,2.251e-11,3.67141e-12
Hessenberg basic,958,0,1,4,1e-12,4.63491,2.84217e-14,2.43465e-11,4.74683e-12
Hessenberg basic,959,0,0,4,1e-12,2.12113,0,2.62449e-11,3.86746e-12
Hessenberg basic,959,0,1,4,1e-12,4.74087,3.82639e-14,3.32347e-11,4.91608e-12
Hessenberg basic,960,0,0,4,1e-12,1.79847,0,3.43334e-11,3.97703e-12
Hessenberg basic,960,0,1,4,1e-12,5.46054,2.86429e-14,2.41059e-11,4.59162e-12
Hessenberg basic,961,0,0,4,1e-12,1.92226,0,1.9214e-11,3.95215e-12
Hessenberg basic,961,0,1,4,1e-12,5.6099,0,2.82273e-11,4.94059e-12
Hessenberg basic,962,0,0,4,1e-12,1.96262,0,2.30412e-11,4.05456e-12
Hessenberg basic,962,0,1,4,1e-12,5.55292,5.68434e-14,2.23578e-11,4.56916e-12
Hessenberg basic,963,0,0,4,1e-12,2.24669,0,2.72848e-11,3.63218e-12
Hessenberg basic,963,0,1,4,1e-12,5.48262,4.93825e-15,2.72766e-11,4.80771e-12
Hessenberg basic,964,0,0,4,1e-12,2.13482,0,2.28066e-11,3.95916e-12
Hessenberg basic,964,0,1,4,1e-12,4.47921,4.61853e-14,2.28536e-11,4.86764e-12
Hessenberg basic,965,0,0,4,1e-12,2.6048,0,1.93268e-11,3.72787e-12
Hessenberg basic,965,0,1,4,1e-12,5.30949,6.52192e-14,2.69051e-11,4.54471e-12
Hessenberg basic,966,0,0,4,1e-12,2.01864,0,2.63675e-11,3.93793e-12
Hessenberg basic,966,0,1,4,1e-12,5.01924,5.85929e-14,2.44205e-11,4.41747e-12
Hessenberg basic,967,0,0,4,1e-12,1.95563,0,2.0691e-11,3.64092e-12
Hessenberg basic,967,0,1,4,1e-12,5.34939,4.54969e-14,2.70711e-11,4.88104e-12
Hessenberg basic,968,0,0,4,1e-12,2.36954,0,2.4329e-11,3.7314e-12
Hessenberg basic,968,0,1,4,1e-12,5.90781,0,2.81099e-11,4.66426e-12
Hessenberg basic,969,0,0,4,1e-12,2.48121,0,2.66027e-11,4.00529e-12
Hessenberg basic,969,0,1,4,1e-12,5.23544,7.10543e-14,2.81958e-11,4.77672e-12
Hessenberg basic,970,0,0,4,1e-12,1.99333,0,3.22871e-11,3.91222e-12
Hessenberg basic,970,0,1,4,1e-12,5.56998,1.58882e-14,2.12543e-11,4.65757e-12
Hessenberg basic,971,0,0,4,1e-12,2.36077,0,2.31921e-11,4.18227e-12
Hessenberg basic,971,0,1,4,1e-12,4.44123,6.35529e-14,2.13674e-11,4.57949e-12
Hessenberg basic,972,0,0,4,1e-12,2.79218,0,2.91038e-11,3.81055e-12
Hessenberg basic,972,0,1,4,1e-12,5.40522,3.35162e-14,2.2974e-11,4.44044e-12
Hessenberg basic,973,0,0,4,1e-12,2.36222,0,3.38787e-11,4.00784e-12
Hessenberg basic,973,0,1,4,1e-12,4.88281,1.42109e-14,2.1384e-11,4.79598e-12
Hessenberg basic,974,0,0,4,1e-12,2.06423,0,2.88765e-11,3.82193e-12
Hessenberg basic,974,0,1,4,1e-12,4.93714,2.84217e-14,2.27578e-11,4.75208e-12
Hessenberg basic,975,0,0,4,1e-12,2.62152,0,3.45608e-11,4.06834e-12
Hessenberg basic,975,0,1,4,1e-12,6.41247,2.41611e-14,2.79189e-11,4.64225e-12
Hessenberg basic,976,0,0,4,1e-12,2.36449,0,2.77396e-11,3.96845e-12
Hessenberg basic,976,0,1,4,1e-12,5.56127,0,2.26248e-11,4.75976e-12
Hessenberg basic,977,0,0,4,1e-12,2.00144,0,1.92718e-11,3.83859e-12
Hessenberg basic,977,0,1,4,1e-12,4.58352,5.85929e-14,2.58407e-11,4.55399e-12
Hessenberg basic,978,0,0,4,1e-12,2.49794,0,2.34195e-11,3.65341e-12
Hessenberg basic,978,0,1,4,1e-12,4.73385,6.35529e-14,2.61717e-11,4.56874e-12
Hessenberg basic,979,0,0,4,1e-12,2.68915,0,4.27463e-11,3.77108e-12
Hessenberg basic,979,0,1,4,1e-12,4.874,4.61853e-14,2.34815e-11,4.55146e-12
Hessenberg basic,980,0,0,4,1e-12,2.13021,0,1.95804e-11,3.6749e-12
Hessenberg basic,980,0,1,4,1e-12,5.74458,2.5619e-14,2.52866e-11,4.78131e-12
Hessenberg basic,981,0,0,4,1e-12,2.03168,0,2.16005e-11,3.82281e-12
Hessenberg basic,981,0,1,4,1e-12,4.81242,6.07088e-14,2.27055e-11,4.63939e-12
Hessenberg basic,982,0,0,4,1e-12,1.83208,0,3.13776e-11,3.63396e-12
Hessenberg basic,982,0,1,4,1e-12,5.95979,0,2.37848e-11,4.59349e-12
Hessenberg basic,983,0,0,4,1e-12,2.73946,0,4.70664e-11,4.16416e-12
Hessenberg basic,983,0,1,4,1e-12,5.86727,4.27803e-14,2.33321e-11,4.90141e-12
Hessenberg basic,984,0,0,4,1e-12,2.27802,0,2.95586e-11,3.60422e-12
Hessenberg basic,984,0,1,4,1e-12,5.18166,3.49902e-14,2.83316e-11,4.86054e-12
Hessenberg basic,985,0,0,4,1e-12,2.18799,0,3.29692e-11,3.88049e-12
Hessenberg basic,985,0,1,4,1e-12,5.52179,2.84217e-14,2.29557e-11,4.72517e-12
Hessenberg basic,986,0,0,4,1e-12,2.39795,0,2.82431e-11,4.11771e-12
Hessenberg basic,986,0,1,4,1e-12,4.44633,7.10543e-14,2.68571e-11,4.81772e-12
Hessenberg basic,987,0,0,4,1e-12,2.84389,0,2.36469e-11,3.71117e-12
Hessenberg basic,987,0,1,4,1e-12,5.4455,2.39808e-14,3.04875e-11,4.60482e-12
Hessenberg basic,988,0,0,4,1e-12,2.27375,0,2.75122e-11,3.81924e-12
Hessenberg basic,988,0,1,4,1e-12,5.01189,2.38323e-14,2.42892e-11,4.59835e-12
Hessenberg basic,989,0,0,4,1e-12,2.12271,0,2.86491e-11,4.02686e-12
Hessenberg basic,989,0,1,4,1e-12,4.57695,0,2.50369e-11,4.61016e-12
Hessenberg basic,990,0,0,4,1e-12,2.36225,0,3.00133e-11,3.72233e-12
Hessenberg basic,990,0,1,4,1e-12,6.55101,1.00486e-14,2.9118e-11,4.66292e-12
Hessenberg basic,991,0,0,4,1e-12,2.87746,0,2.9786e-11,3.87709e-12
Hessenberg basic,991,0,1,4,1e-12,6.24701,5.72858e-14,2.50235e-11,4.62116e-12
Hessenberg basic,992,0,0,4,1e-12,2.31937,0,2.81943e-11,3.91634e-12
Hessenberg basic,992,0,1,4,1e-12,5.67092,3.55271e-14,2.13831e-11,4.37083e-12
Hessenberg basic,993,0,0,4,1e-12,2.26901,0,3.70619e-11,3.66422e-12
Hessenberg basic,993,0,1,4,1e-12,5.05503,6.67494e-14,2.03322e-11,4.68695e-12
Hessenberg basic,994,0,0,4,1e-12,2.21107,0,2.56932e-11,3.37834e-12
Hessenberg basic,994,0,1,4,1e-12,4.70668,5.17283e-14,2.28635e-11,4.6167e-12
Hessenberg basic,995,0,0,4,1e-12,3.06421,0,2.9786e-11,4.15263e-12
Hessenberg basic,995,0,1,4,1e-12,5.04883,1.42109e-14,2.32058e-11,4.59978e-12
Hessenberg basic,996,0,0,4,1e-12,2.41001,0,3.16049e-11,3.68491e-12
Hessenberg basic,996,0,1,4,1e-12,5.33916,5.1238e-14,2.58623e-11,4.45149e-12
Hessenberg basic,997,0,0,4,1e-12,2.30636,0,2.7967e-11,3.73284e-12
Hessenberg basic,997,0,1,4,1e-12,5.49579,3.82639e-14,2.66997e-11,4.79609e-12
Hessenberg basic,998,0,0,4,1e-12,2.03647,0,2.40597e-11,3.88378e-12
Hessenberg basic,998,0,1,4,1e-12,4.99455,3.17764e-14,2.57189e-11,4.59924e-12
Hessenberg basic,999,0,0,4,1e-12,1.85186,0,3.13776e-11,3.88101e-12
Hessenberg basic,999,0,1,4,1e-12,6.05522,7.10543e-15,2.55328e-11,4.46325e-12
Hessenberg basic,1000,0,0,4,1e-12,2.65393,0,2.50111e-11,3.89356e-12
Hessenberg basic,1000,0,1,4,1e-12,6.51806,4.01944e-14,2.17249e-11,4.51569e-12
