version, size, hermitian, complex, seed, tol, runtime in s,min_error, max_error, avg_error
Hessenberg basic,900,0,0,2,1e-12,1.81905,0,2.68301e-11,3.19884e-12
Hessenberg basic,900,0,1,2,1e-12,1.98575,1.42109e-14,2.2074e-11,5.0638e-12
Hessenberg basic,901,0,0,2,1e-12,1.3054,0,2.9786e-11,3.31794e-12
Hessenberg basic,901,0,1,2,1e-12,2.08717,7.10543e-15,2.84538e-11,4.51594e-12
Hessenberg basic,902,0,0,2,1e-12,1.47647,0,2.09184e-11,3.4324e-12
Hessenberg basic,902,0,1,2,1e-12,2.7542,1.77636e-15,2.44628e-11,4.698e-12
Hessenberg basic,903,0,0,2,1e-12,1.68854,0,2.34195e-11,3.16209e-12
Hessenberg basic,903,0,1,2,1e-12,2.78594,6.35529e-14,2.64842e-11,4.64052e-12
Hessenberg basic,904,0,0,2,1e-12,1.95802,0,2.6663e-11,3.26516e-12
Hessenberg basic,904,0,1,2,1e-12,3.4094,5.68434e-14,2.48129e-11,4.69249e-12
Hessenberg basic,905,0,0,2,1e-12,2.10317,0,3.09228e-11,3.37837e-12
Hessenberg basic,905,0,1,2,1e-12,4.10536,0,2.86969e-11,4.82349e-12
Hessenberg basic,906,0,0,2,1e-12,1.30755,0,3.41061e-11,3.62143e-12
Hessenberg basic,906,0,1,2,1e-12,3.74876,0,2.93746e-11,4.73598e-12
Hessenberg basic,907,0,0,2,1e-12,1.34746,0,2.7255e-11,3.53345e-12
Hessenberg basic,907,0,1,2,1e-12,3.47438,2.41611e-14,2.4195e-11,4.87335e-12
Hessenberg basic,908,0,0,2,1e-12,1.12642,0,2.5552e-11,3.241e-12
Hessenberg basic,908,0,1,2,1e-12,3.21477,0,2.8469e-11,4.8377e-12
Hessenberg basic,909,0,0,2,1e-12,1.29352,0,3.88809e-11,3.612e-12
Hessenberg basic,909,0,1,2,1e-12,3.17407,1.24345e-14,1.85702e-11,4.51185e-12
Hessenberg basic,910,0,0,2,1e-12,2.24351,0,2.18279e-11,3.50851e-12
Hessenberg basic,910,0,1,2,1e-12,3.84698,8.28628e-14,2.77731e-11,4.72412e-12
Hessenberg basic,911,0,0,2,1e-12,1.43554,0,1.95541e-11,2.96513e-12
Hessenberg basic,911,0,1,2,1e-12,3.62612,8.55607e-14,2.89765e-11,4.71153e-12
Hessenberg basic,912,0,0,2,1e-12,1.67111,0,2.251e-11,3.13115e-12
Hessenberg basic,912,0,1,2,1e-12,3.78935,0,2.4761e-11,4.67097e-12
Hessenberg basic,913,0,0,2,1e-12,1.66753,0,2.50111e-11,3.13901e-12
Hessenberg basic,913,0,1,2,1e-12,3.64399,6.21725e-14,2.23258e-11,4.74404e-12
Hessenberg basic,914,0,0,2,1e-12,1.49981,0,2.75122e-11,3.20516e-12
Hessenberg basic,914,0,1,2,1e-12,3.48505,4.26326e-14,1.88806e-11,4.59507e-12
Hessenberg basic,915,0,0,2,1e-12,1.34601,0,2.50329e-11,3.41575e-12
Hessenberg basic,915,0,1,2,1e-12,3.77788,1.58882e-14,2.23003e-11,4.64731e-12
Hessenberg basic,916,0,0,2,1e-12,1.26815,0,1.83892e-11,3.20313e-12
Hessenberg basic,916,0,1,2,1e-12,3.63567,1.27106e-13,3.14518e-11,4.74081e-12
Hessenberg basic,917,0,0,2,1e-12,1.59323,0,2.70575e-11,3.39596e-12
Hessenberg basic,917,0,1,2,1e-12,3.64201,5.68434e-14,2.63622e-11,4.75982e-12
Hessenberg basic,918,0,0,2,1e-12,2.24195,0,2.27374e-11,3.21753e-12
Hessenberg basic,918,0,1,2,1e-12,3.98128,2.5619e-14,2.4336e-11,4.75741e-12
Hessenberg basic,919,0,0,2,1e-12,1.37866,0,2.251e-11,3.23493e-12
Hessenberg basic,919,0,1,2,1e-12,3.57429,3.17764e-14,2.00978e-11,4.61976e-12
Hessenberg basic,920,0,0,2,1e-12,1.32156,0,2.93312e-11,3.41277e-12
Hessenberg basic,920,0,1,2,1e-12,3.6015,5.1238e-14,2.01838e-11,4.62418e-12
Hessenberg basic,921,0,0,2,1e-12,1.36381,0,3.29692e-11,3.48118e-12
Hessenberg basic,921,0,1,2,1e-12,3.56105,1.06581e-13,2.88713e-11,4.86337e-12
Hessenberg basic,922,0,0,2,1e-12,1.5501,0,3.68345e-11,3.40573e-12
Hessenberg basic,922,0,1,2,1e-12,3.55179,2.84217e-14,2.41403e-11,4.6852e-12
Hessenberg basic,923,0,0,2,1e-12,1.35016,0,2.77396e-11,3.21534e-12
Hessenberg basic,923,0,1,2,1e-12,3.70888,4.14695e-14,3.13784e-11,4.7029e-12
Hessenberg basic,924,0,0,2,1e-12,1.31539,0,2.251e-11,3.50136e-12
Hessenberg basic,924,0,1,2,1e-12,3.82376,5.68434e-14,2.56441e-11,4.68579e-12
Hessenberg basic,925,0,0,2,1e-12,1.58969,0,2.03103e-11,3.70772e-12
Hessenberg basic,925,0,1,2,1e-12,3.72138,0,2.26344e-11,4.8654e-12
Hessenberg basic,926,0,0,2,1e-12,1.35497,0,2.2853e-11,3.61489e-12
Hessenberg basic,926,0,1,2,1e-12,3.70702,4.26326e-14,2.28012e-11,4.89058e-12
Hessenberg basic,927,0,0,2,1e-12,1.2879,0,2.63753e-11,3.43095e-12
Hessenberg basic,927,0,1,2,1e-12,3.83119,6.70325e-14,2.72063e-11,4.76627e-12
Hessenberg basic,928,0,0,2,1e-12,1.43838,0,2.64392e-11,3.64961e-12
Hessenberg basic,928,0,1,2,1e-12,3.76187,2.00972e-14,2.87325e-11,4.6324e-12
Hessenberg basic,929,0,0,2,1e-12,1.44647,0,2.38742e-11,3.65863e-12
Hessenberg basic,929,0,1,2,1e-12,3.81562,3.17764e-14,2.315e-11,4.79546e-12
Hessenberg basic,930,0,0,2,1e-12,1.29828,0,2.6148e-11,3.60997e-12
Hessenberg basic,930,0,1,2,1e-12,3.95604,5.72858e-14,2.70144e-11,4.72672e-12
Hessenberg basic,931,0,0,2,1e-12,1.59781,0,2.09184e-11,3.28977e-12
Hessenberg basic,931,0,1,2,1e-12,3.42396,4.01944e-14,2.26211e-11,4.98266e-12
Hessenberg basic,932,0,0,2,1e-12,2.27402,0,2.29647e-11,3.64613e-12
Hessenberg basic,932,0,1,2,1e-12,2.75674,0,2.50581e-11,4.94824e-12
Hessenberg basic,933,0,0,2,1e-12,2.23038,0,2.36469e-11,3.66179e-12
Hessenberg basic,933,0,1,2,1e-12,2.80886,7.10543e-14,2.51721e-11,4.79517e-12
Hessenberg basic,934,0,0,2,1e-12,2.0067,0,1.77351e-11,3.21284e-12
Hessenberg basic,934,0,1,2,1e-12,2.90238,3.17764e-14,2.41113e-11,4.49204e-12
Hessenberg basic,935,0,0,2,1e-12,2.72971,0,1.97815e-11,3.4955e-12
Hessenberg basic,935,0,1,2,1e-12,4.06403,2.00972e-14,2.74193e-11,4.60391e-12
Hessenberg basic,936,0,0,2,1e-12,1.60101,0,3.06954e-11,3.73581e-12
Hessenberg basic,936,0,1,2,1e-12,4.24071,5.1238e-14,2.1049e-11,4.75304e-12
Hessenberg basic,937,0,0,2,1e-12,1.40003,0,2.52385e-11,3.53977e-12
Hessenberg basic,937,0,1,2,1e-12,3.99139,4.26326e-14,2.03788e-11,4.56632e-12
Hessenberg basic,938,0,0,2,1e-12,1.35281,0,3.36513e-11,3.49092e-12
Hessenberg basic,938,0,1,2,1e-12,4.03999,4.26326e-14,3.60086e-11,4.72616e-12
Hessenberg basic,939,0,0,2,1e-12,1.21211,0,2.88765e-11,3.75092e-12
Hessenberg basic,939,0,1,2,1e-12,5.05246,5.72858e-14,2.95101e-11,4.83349e-12
Hessenberg basic,940,0,0,2,1e-12,1.74978,0,3.63798e-11,3.60416e-12
Hessenberg basic,940,0,1,2,1e-12,4.6973,5.72858e-14,2.07528e-11,4.74946e-12
Hessenberg basic,941,0,0,2,1e-12,1.88343,0,2.45564e-11,3.48036e-12
Hessenberg basic,941,0,1,2,1e-12,4.16893,7.10543e-14,2.66467e-11,4.66828e-12
Hessenberg basic,942,0,0,2,1e-12,1.69823,0,2.18279e-11,3.64028e-12
Hessenberg basic,942,0,1,2,1e-12,3.86008,4.26326e-14,2.28666e-11,4.74326e-12
Hessenberg basic,943,0,0,2,1e-12,1.74101,0,2.88765e-11,3.28414e-12
Hessenberg basic,943,0,1,2,1e-12,3.99766,1.42109e-14,2.97862e-11,4.71735e-12
Hessenberg basic,944,0,0,2,1e-12,1.59676,0,1.93268e-11,3.27076e-12
Hessenberg basic,944,0,1,2,1e-12,3.61745,0,2.44688e-11,4.71805e-12
Hessenberg basic,945,0,0,2,1e-12,2.10955,0,3.27418e-11,3.28818e-12
Hessenberg basic,945,0,1,2,1e-12,4.1885,2.84217e-14,2.76649e-11,4.99435e-12
Hessenberg basic,946,0,0,2,1e-12,1.94953,0,2.4329e-11,3.47924e-12
Hessenberg basic,946,0,1,2,1e-12,4.15188,7.32411e-14,2.5356e-11,4.45223e-12
Hessenberg basic,947,0,0,2,1e-12,1.90188,0,2.09184e-11,3.61692e-12
Hessenberg basic,947,0,1,2,1e-12,4.29387,7.50511e-14,2.60504e-11,4.45978e-12
Hessenberg basic,948,0,0,2,1e-12,1.67645,0,3.00133e-11,3.83258e-12
Hessenberg basic,948,0,1,2,1e-12,4.65997,0,3.0246e-11,4.66891e-12
Hessenberg basic,949,0,0,2,1e-12,1.58402,0,4.66116e-11,3.63213e-12
Hessenberg basic,949,0,1,2,1e-12,3.86737,3.55271e-14,2.41665e-11,4.6721e-12
Hessenberg basic,950,0,0,2,1e-12,1.55135,0,3.06954e-11,3.24341e-12
Hessenberg basic,950,0,1,2,1e-12,4.7066,3.17764e-14,2.7906e-11,4.63372e-12
Hessenberg basic,951,0,0,2,1e-12,1.7484,0,2.251e-11,3.58298e-12
Hessenberg basic,951,0,1,2,1e-12,5.18068,4.76647e-14,2.88068e-11,4.7848e-12
Hessenberg basic,952,0,0,2,1e-12,1.89556,0,4.77485e-11,3.40796e-12
Hessenberg basic,952,0,1,2,1e-12,4.72363,8.64413e-14,3.11635e-11,4.66828e-12
Hessenberg basic,953,0,0,2,1e-12,1.63737,0,2.56932e-11,3.31377e-12
Hessenberg basic,953,0,1,2,1e-12,4.69609,0,2.75828e-11,4.63657e-12
Hessenberg basic,954,0,0,2,1e-12,1.6613,0,2.88765e-11,3.39948e-12
Hessenberg basic,954,0,1,2,1e-12,4.8677,3.17764e-14,2.20297e-11,4.5046e-12
Hessenberg basic,955,0,0,2,1e-12,2.05641,0,2.95586e-11,3.64115e-12
Hessenberg basic,955,0,1,2,1e-12,4.88337,4.49387e-14,2.56209e-11,4.59353e-12
Hessenberg basic,956,0,0,2,1e-12,1.50676,0,3.00133e-11,3.25217e-12
Hessenberg basic,956,0,1,2,1e-12,4.22618,0,2.607e-11,4.81373e-12
Hessenberg basic,957,0,0,2,1e-12,1.3617,0,2.59206e-11,3.30519e-12
Hessenberg basic,957,0,1,2,1e-12,3.99654,2.84217e-14,2.05975e-11,4.82484e-12
Hessenberg basic,958,0,0,2,1e-12,1.62761,0,2.69512e-11,3.69009e-12
Hessenberg basic,958,0,1,2,1e-12,4.52849,4.07499e-14,2.15825e-11,4.90143e-12
Hessenberg basic,959,0,0,2,1e-12,2.69478,0,3.68345e-11,3.59623e-12
Hessenberg basic,959,0,1,2,1e-12,5.02573,5.68434e-14,2.27885e-11,4.65714e-12
Hessenberg basic,960,0,0,2,1e-12,2.48332,0,2.36469e-11,3.23929e-12
Hessenberg basic,960,0,1,2,1e-12,4.57963,3.66205e-14,3.26414e-11,4.93968e-12
Hessenberg basic,961,0,0,2,1e-12,2.39004,0,2.63753e-11,3.10453e-12
Hessenberg basic,961,0,1,2,1e-12,4.41355,3.17764e-14,2.82749e-11,4.85418e-12
Hessenberg basic,962,0,0,2,1e-12,1.89541,0,3.22871e-11,2.94986e-12
Hessenberg basic,962,0,1,2,1e-12,4.07687,4.26326e-14,3.77913e-11,4.45415e-12
Hessenberg basic,963,0,0,2,1e-12,1.58389,0,2.16005e-11,3.55764e-12
Hessenberg basic,963,0,1,2,1e-12,5.05484,5.72858e-14,2.74106e-11,4.59821e-12
Hessenberg basic,964,0,0,2,1e-12,2.02145,0,1.92171e-11,3.50278e-12
Hessenberg basic,964,0,1,2,1e-12,5.56799,1.58882e-14,2.95368e-11,4.49732e-12
Hessenberg basic,965,0,0,2,1e-12,1.77676,0,2.39728e-11,3.79724e-12
Hessenberg basic,965,0,1,2,1e-12,5.38402,3.77659e-14,2.45732e-11,4.78038e-12
Hessenberg basic,966,0,0,2,1e-12,2.18965,0,2.70575e-11,3.6194e-12
Hessenberg basic,966,0,1,2,1e-12,5.13819,5.68434e-14,2.89202e-11,4.64587e-12
Hessenberg basic,967,0,0,2,1e-12,1.62434,0,2.86491e-11,3.51354e-12
Hessenberg basic,967,0,1,2,1e-12,4.76953,0,3.2138e-11,4.61527e-12
Hessenberg basic,968,0,0,2,1e-12,1.59505,0,3.02146e-11,3.71552e-12
Hessenberg basic,968,0,1,2,1e-12,4.12592,3.41176e-14,2.74984e-11,4.66457e-12
Hessenberg basic,969,0,0,2,1e-12,1.82612,0,2.43417e-11,3.50034e-12
Hessenberg basic,969,0,1,2,1e-12,4.27312,6.07088e-14,2.41359e-11,4.83784e-12
Hessenberg basic,970,0,0,2,1e-12,2.71325,0,3.50155e-11,3.57955e-12
Hessenberg basic,970,0,1,2,1e-12,4.94416,2.84217e-14,2.80261e-11,4.83513e-12
Hessenberg basic,971,0,0,2,1e-12,2.95058,0,2.75122e-11,3.51636e-12
Hessenberg basic,971,0,1,2,1e-12,4.80436,0,3.00617e-11,4.85516e-12
Hessenberg basic,972,0,0,2,1e-12,2.80642,0,2.75122e-11,3.28534e-12
Hessenberg basic,972,0,1,2,1e-12,4.65853,5.68434e-14,2.23243e-11,4.75203e-12
Hessenberg basic,973,0,0,2,1e-12,2.37871,0,3.79714e-11,3.2716e-12
Hessenberg basic,973,0,1,2,1e-12,4.53236,5.68434e-14,2.17341e-11,4.80425e-12
Hessenberg basic,974,0,0,2,1e-12,1.85098,0,2.56932e-11,3.13132e-12
Hessenberg basic,974,0,1,2,1e-12,4.12328,1.42109e-14,2.19502e-11,4.60572e-12
Hessenberg basic,975,0,0,2,1e-12,1.38198,0,2.60321e-11,3.44339e-12
Hessenberg basic,975,0,1,2,1e-12,5.19268,0,2.40452e-11,4.78013e-12
Hessenberg basic,976,0,0,2,1e-12,1.89342,0,2.36469e-11,3.30169e-12
Hessenberg basic,976,0,1,2,1e-12,5.8696,1.42109e-14,2.25146e-11,4.47444e-12
Hessenberg basic,977,0,0,2,1e-12,2.43833,0,3.34239e-11,3.69431e-12
Hessenberg basic,977,0,1,2,1e-12,5.64032,0,2.55755e-11,4.66824e-12
Hessenberg basic,978,0,0,2,1e-12,1.84431,0,3.00133e-11,3.28125e-12
Hessenberg basic,978,0,1,2,1e-12,5.2692,4.27803e-14,2.09506e-11,4.32986e-12
Hessenberg basic,979,0,0,2,1e-12,1.56587,0,3.5925e-11,3.31957e-12
Hessenberg basic,979,0,1,2,1e-12,4.59627,3.87597e-14,2.53284e-11,4.64267e-12
Hessenberg basic,980,0,0,2,1e-12,1.76738,0,2.22826e-11,3.52472e-12
Hessenberg basic,980,0,1,2,1e-12,4.3458,3.55271e-14,2.56747e-11,4.71154e-12
Hessenberg basic,981,0,0,2,1e-12,1.79262,0,2.20552e-11,3.54449e-12
Hessenberg basic,981,0,1,2,1e-12,4.42442,3.17764e-14,2.46079e-11,4.58616e-12
Hessenberg basic,982,0,0,2,1e-12,2.15076,0,2.75122e-11,3.61449e-12
Hessenberg basic,982,0,1,2,1e-12,3.88382,0,3.00454e-11,4.91417e-12
Hessenberg basic,983,0,0,2,1e-12,2.69526,0,2.41016e-11,3.17234e-12
Hessenberg basic,983,0,1,2,1e-12,4.4678,2.13163e-14,2.63793e-11,4.74009e-12
Hessenberg basic,984,0,0,2,1e-12,2.56735,0,3.43334e-11,3.17119e-12
Hessenberg basic,984,0,1,2,1e-12,4.68383,1.77636e-14,2.16162e-11,4.57481e-12
Hessenberg basic,985,0,0,2,1e-12,2.76024,0,3.06954e-11,3.65811e-12
Hessenberg basic,985,0,1,2,1e-12,4.43117,2.84217e-14,2.35252e-11,4.36092e-12
Hessenberg basic,986,0,0,2,1e-12,2.68349,0,1.81899e-11,3.17892e-12
Hessenberg basic,986,0,1,2,1e-12,4.71257,6.39488e-14,3.16679e-11,4.59359e-12
Hessenberg basic,987,0,0,2,1e-12,3.23519,0,2.41016e-11,3.85384e-12
Hessenberg basic,987,0,1,2,1e-12,5.07443,4.88498e-14,2.50114e-11,4.58477e-12
Hessenberg basic,988,0,0,2,1e-12,2.29252,0,3.27418e-11,3.64736e-12
Hessenberg basic,988,0,1,2,1e-12,4.99794,5.72858e-14,2.44594e-11,4.60731e-12
Hessenberg basic,989,0,0,2,1e-12,2.24089,0,1.97815e-11,3.28208e-12
Hessenberg basic,989,0,1,2,1e-12,5.10744,4.32206e-14,2.67358e-11,4.79568e-12
Hessenberg basic,990,0,0,2,1e-12,2.06298,0,3.47882e-11,3.60175e-12
Hessenberg basic,990,0,1,2,1e-12,4.74,9.86198e-14,2.46228e-11,4.70593e-12
Hessenberg basic,991,0,0,2,1e-12,2.26125,0,2.59206e-11,3.28452e-12
Hessenberg basic,991,0,1,2,1e-12,5.29812,2.84217e-14,2.83074e-11,4.65392e-12
Hessenberg basic,992,0,0,2,1e-12,2.50716,0,2.38742e-11,3.07399e-12
Hessenberg basic,992,0,1,2,1e-12,4.57307,6.02916e-14,2.55104e-11,4.64742e-12
Hessenberg basic,993,0,0,2,1e-12,2.63858,0,2.56932e-11,3.26969e-12
Hessenberg basic,993,0,1,2,1e-12,4.65589,0,4.00204e-11,4.84246e-12
Hessenberg basic,994,0,0,2,1e-12,2.39753,0,2.81943e-11,3.14215e-12
Hessenberg basic,994,0,1,2,1e-12,4.65321,1.58882e-14,2.5529e-11,4.52135e-12
Hessenberg basic,995,0,0,2,1e-12,2.51025,0,2.75122e-11,3.2062e-12
Hessenberg basic,995,0,1,2,1e-12,4.751,4.32206e-14,2.9393e-11,4.72293e-12
Hessenberg basic,996,0,0,2,1e-12,2.5432,0,2.54659e-11,3.37727e-12
Hessenberg basic,996,0,1,2,1e-12,4.25473,2.13163e-14,2.2158e-11,4.53165e-12
Hessenberg basic,997,0,0,2,1e-12,3.05825,0,4.6839e-11,3.54825e-12
Hessenberg basic,997,0,1,2,1e-12,3.78104,0,2.73326e-11,4.70216e-12
Hessenberg basic,998,0,0,2,1e-12,1.70804,0,3.00806e-11,3.66143e-12
Hessenberg basic,998,0,1,2,1e-12,3.46859,5.68434e-14,2.69831e-11,4.66233e-12
Hessenberg basic,999,0,0,2,1e-12,2.07642,0,2.77396e-11,3.32116e-12
Hessenberg basic,999,0,1,2,1e-12,3.77096,4.88498e-15,3.00839e-11,4.8997e-12
Hessenberg basic,1000,0,0,2,1e-12,2.22343,0,2.16005e-11,2.99189e-12
Hessenberg basic,1000,0,1,2,1e-12,3.41588,5.85929e-14,2.6872e-11,4.66098e-12
