version, size, hermitian, complex, seed, tol, runtime in s,min_error, max_error, avg_error
Hessenberg basic,900,0,0,6,1e-12,0.801851,0,1.66846e-11,3.63203e-12
Hessenberg basic,900,0,1,6,1e-12,3.36691,8.64413e-14,2.3957e-11,4.54635e-12
Hessenberg basic,901,0,0,6,1e-12,0.643748,0,1.93268e-11,3.23887e-12
Hessenberg basic,901,0,1,6,1e-12,1.88075,2.5619e-14,2.2271e-11,4.59361e-12
Hessenberg basic,902,0,0,6,1e-12,0.784718,0,2.6501e-11,3.75532e-12
Hessenberg basic,902,0,1,6,1e-12,2.79379,4.65341e-14,3.33366e-11,4.61769e-12
Hessenberg basic,903,0,0,6,1e-12,1.75328,0,2.45564e-11,3.78924e-12
Hessenberg basic,903,0,1,6,1e-12,2.48966,0,2.74972e-11,4.71602e-12
Hessenberg basic,904,0,0,6,1e-12,0.813535,0,2.04636e-11,3.70364e-12
Hessenberg basic,904,0,1,6,1e-12,3.67791,6.55088e-14,2.23081e-11,4.47746e-12
Hessenberg basic,905,0,0,6,1e-12,0.71439,0,2.72922e-11,3.82173e-12
Hessenberg basic,905,0,1,6,1e-12,2.45602,7.44853e-14,2.38255e-11,4.68357e-12
Hessenberg basic,906,0,0,6,1e-12,0.985714,0,2.36469e-11,3.63142e-12
Hessenberg basic,906,0,1,6,1e-12,3.43128,6.35529e-14,2.09928e-11,4.67021e-12
Hessenberg basic,907,0,0,6,1e-12,2.05554,0,2.45564e-11,3.44199e-12
Hessenberg basic,907,0,1,6,1e-12,2.24708,1.77636e-15,3.12703e-11,4.55068e-12
Hessenberg basic,908,0,0,6,1e-12,0.933059,0,2.09184e-11,3.35869e-12
Hessenberg basic,908,0,1,6,1e-12,2.83109,2.84217e-14,2.2344e-11,4.55852e-12
Hessenberg basic,909,0,0,6,1e-12,2.05391,0,2.77396e-11,3.95509e-12
Hessenberg basic,909,0,1,6,1e-12,3.73881,0,2.65118e-11,4.72188e-12
Hessenberg basic,910,0,0,6,1e-12,0.87215,0,2.68301e-11,3.80345e-12
Hessenberg basic,910,0,1,6,1e-12,2.80138,7.03401e-14,2.45577e-11,4.59702e-12
Hessenberg basic,911,0,0,6,1e-12,1.79974,0,2.51551e-11,3.95391e-12
Hessenberg basic,911,0,1,6,1e-12,2.12,7.10543e-15,2.69455e-11,4.58601e-12
Hessenberg basic,912,0,0,6,1e-12,0.769683,0,2.72848e-11,3.20381e-12
Hessenberg basic,912,0,1,6,1e-12,2.54877,4.9738e-14,2.85809e-11,4.53725e-12
Hessenberg basic,913,0,0,6,1e-12,2.51606,0,2.22403e-11,3.24427e-12
Hessenberg basic,913,0,1,6,1e-12,3.3352,2.84217e-14,2.59366e-11,4.42371e-12
Hessenberg basic,914,0,0,6,1e-12,0.732076,0,1.84373e-11,3.62789e-12
Hessenberg basic,914,0,1,6,1e-12,3.28669,4.01944e-14,2.30052e-11,4.55521e-12
Hessenberg basic,915,0,0,6,1e-12,1.56139,0,1.93268e-11,3.57778e-12
Hessenberg basic,915,0,1,6,1e-12,2.13374,4.48068e-14,2.86833e-11,4.73405e-12
Hessenberg basic,916,0,0,6,1e-12,0.987278,0,2.07487e-11,3.74075e-12
Hessenberg basic,916,0,1,6,1e-12,2.6359,2.27485e-14,2.24804e-11,4.6226e-12
Hessenberg basic,917,0,0,6,1e-12,1.58554,0,2.36469e-11,3.4828e-12
Hessenberg basic,917,0,1,6,1e-12,3.98458,4.32206e-14,3.26034e-11,4.82277e-12
Hessenberg basic,918,0,0,6,1e-12,0.991388,0,2.35527e-11,3.82492e-12
Hessenberg basic,918,0,1,6,1e-12,3.11665,4.32206e-14,2.47879e-11,4.55817e-12
Hessenberg basic,919,0,0,6,1e-12,1.50064,0,2.36469e-11,3.60452e-12
Hessenberg basic,919,0,1,6,1e-12,2.92383,3.1888e-14,2.19566e-11,4.54033e-12
Hessenberg basic,920,0,0,6,1e-12,1.51185,0,2.04323e-11,3.90869e-12
Hessenberg basic,920,0,1,6,1e-12,2.58462,9.21696e-14,2.70166e-11,4.74755e-12
Hessenberg basic,921,0,0,6,1e-12,1.59534,0,2.16005e-11,3.37757e-12
Hessenberg basic,921,0,1,6,1e-12,4.15242,2.5619e-14,2.77032e-11,4.67564e-12
Hessenberg basic,922,0,0,6,1e-12,0.765975,0,2.09149e-11,3.44454e-12
Hessenberg basic,922,0,1,6,1e-12,3.21769,0,3.00443e-11,4.57543e-12
Hessenberg basic,923,0,0,6,1e-12,1.69292,0,2.81943e-11,3.68769e-12
Hessenberg basic,923,0,1,6,1e-12,2.43871,4.9738e-14,2.78261e-11,4.49769e-12
Hessenberg basic,924,0,0,6,1e-12,0.90158,0,2.04636e-11,3.61359e-12
Hessenberg basic,924,0,1,6,1e-12,3.2095,1.58882e-14,2.50163e-11,4.56802e-12
Hessenberg basic,925,0,0,6,1e-12,1.55211,0,2.13731e-11,3.60656e-12
Hessenberg basic,925,0,1,6,1e-12,3.10279,3.17764e-14,2.34859e-11,4.51599e-12
Hessenberg basic,926,0,0,6,1e-12,1.25982,0,2.59206e-11,3.73864e-12
Hessenberg basic,926,0,1,6,1e-12,2.20682,3.77659e-14,2.29922e-11,4.87857e-12
Hessenberg basic,927,0,0,6,1e-12,1.62161,0,2.7967e-11,3.68882e-12
Hessenberg basic,927,0,1,6,1e-12,2.04503,5.68434e-14,2.74984e-11,4.5676e-12
Hessenberg basic,928,0,0,6,1e-12,1.39082,0,2.72848e-11,4.0238e-12
Hessenberg basic,928,0,1,6,1e-12,2.42158,2.84217e-14,2.74219e-11,4.75118e-12
Hessenberg basic,929,0,0,6,1e-12,2.55672,0,2.18222e-11,3.67514e-12
Hessenberg basic,929,0,1,6,1e-12,4.6036,6.35529e-14,2.48296e-11,4.62908e-12
Hessenberg basic,930,0,0,6,1e-12,0.73139,0,2.49412e-11,3.69533e-12
Hessenberg basic,930,0,1,6,1e-12,2.76993,6.07088e-14,2.47319e-11,4.80619e-12
Hessenberg basic,931,0,0,6,1e-12,1.8632,0,2.36469e-11,3.73232e-12
Hessenberg basic,931,0,1,6,1e-12,2.74406,2.86429e-14,2.34713e-11,4.62332e-12
Hessenberg basic,932,0,0,6,1e-12,1.5029,0,3.15833e-11,3.90221e-12
Hessenberg basic,932,0,1,6,1e-12,2.41654,7.10543e-14,2.90158e-11,4.8044e-12
Hessenberg basic,933,0,0,6,1e-12,1.08453,0,2.13731e-11,3.66203e-12
Hessenberg basic,933,0,1,6,1e-12,4.26488,3.55271e-14,2.21756e-11,4.76924e-12
Hessenberg basic,934,0,0,6,1e-12,0.845806,0,2.0691e-11,3.69931e-12
Hessenberg basic,934,0,1,6,1e-12,2.87755,4.76647e-14,2.56359e-11,4.59557e-12
Hessenberg basic,935,0,0,6,1e-12,0.900607,0,2.10268e-11,3.78888e-12
Hessenberg basic,935,0,1,6,1e-12,4.6794,3.55271e-14,3.17225e-11,4.59196e-12
Hessenberg basic,936,0,0,6,1e-12,2.89006,0,2.86491e-11,3.93057e-12
Hessenberg basic,936,0,1,6,1e-12,3.23952,2.24693e-14,2.19474e-11,4.77028e-12
Hessenberg basic,937,0,0,6,1e-12,1.09921,0,2.62449e-11,4.19745e-12
Hessenberg basic,937,0,1,6,1e-12,2.93695,2.84217e-14,2.30198e-11,4.53874e-12
Hessenberg basic,938,0,0,6,1e-12,1.39104,0,2.41016e-11,3.42263e-12
Hessenberg basic,938,0,1,6,1e-12,4.83605,3.17764e-14,2.66185e-11,4.7828e-12
Hessenberg basic,939,0,0,6,1e-12,0.764047,0,2.22826e-11,3.36648e-12
Hessenberg basic,939,0,1,6,1e-12,3.15825,7.55317e-14,2.44466e-11,4.80176e-12
Hessenberg basic,940,0,0,6,1e-12,1.90767,0,2.70575e-11,3.34944e-12
Hessenberg basic,940,0,1,6,1e-12,2.4713,6.07088e-14,2.41498e-11,4.64139e-12
Hessenberg basic,941,0,0,6,1e-12,1.17982,0,2.13731e-11,3.50202e-12
Hessenberg basic,941,0,1,6,1e-12,2.70303,6.35529e-14,2.52702e-11,4.51656e-12
Hessenberg basic,942,0,0,6,1e-12,1.7909,0,2.79216e-11,3.63134e-12
Hessenberg basic,942,0,1,6,1e-12,3.55639,8.27497e-14,2.76156e-11,4.69699e-12
Hessenberg basic,943,0,0,6,1e-12,1.08007,0,2.36469e-11,3.4915e-12
Hessenberg basic,943,0,1,6,1e-12,4.1152,3.83566e-14,2.2618e-11,4.80085e-12
Hessenberg basic,944,0,0,6,1e-12,1.08618,0,2.77396e-11,3.87658e-12
Hessenberg basic,944,0,1,6,1e-12,4.15603,0,2.46913e-11,4.76455e-12
Hessenberg basic,945,0,0,6,1e-12,1.04499,0,2.54884e-11,3.49561e-12
Hessenberg basic,945,0,1,6,1e-12,3.51098,3.4639e-14,2.24919e-11,4.6118e-12
Hessenberg basic,946,0,0,6,1e-12,1.06572,0,2.72848e-11,3.80186e-12
Hessenberg basic,946,0,1,6,1e-12,3.18188,3.77659e-14,2.50547e-11,4.49161e-12
Hessenberg basic,947,0,0,6,1e-12,1.24373,0,1.97815e-11,3.43691e-12
Hessenberg basic,947,0,1,6,1e-12,3.62206,2.66454e-14,2.47655e-11,4.52272e-12
Hessenberg basic,948,0,0,6,1e-12,1.31099,0,2.12616e-11,3.82641e-12
Hessenberg basic,948,0,1,6,1e-12,3.82637,3.17764e-14,2.81964e-11,4.70152e-12
Hessenberg basic,949,0,0,6,1e-12,0.962412,0,3.02407e-11,3.31664e-12
Hessenberg basic,949,0,1,6,1e-12,4.0279,0,2.99901e-11,4.73516e-12
Hessenberg basic,950,0,0,6,1e-12,1.17573,0,1.74371e-11,3.78684e-12
Hessenberg basic,950,0,1,6,1e-12,3.84749,5.68434e-14,2.68917e-11,4.69376e-12
Hessenberg basic,951,0,0,6,1e-12,1.27029,0,2.72886e-11,3.9122e-12
Hessenberg basic,951,0,1,6,1e-12,3.81517,4.54969e-14,3.68852e-11,4.70852e-12
Hessenberg basic,952,0,0,6,1e-12,0.997843,0,2.7967e-11,4.01969e-12
Hessenberg basic,952,0,1,6,1e-12,3.77891,2.84217e-14,2.58217e-11,4.70792e-12
Hessenberg basic,953,0,0,6,1e-12,0.942884,0,2.11458e-11,3.41675e-12
Hessenberg basic,953,0,1,6,1e-12,4.01491,6.89812e-14,2.26211e-11,4.44382e-12
Hessenberg basic,954,0,0,6,1e-12,0.919497,0,2.68301e-11,3.8531e-12
Hessenberg basic,954,0,1,6,1e-12,3.22788,0,2.47075e-11,4.57871e-12
Hessenberg basic,955,0,0,6,1e-12,1.93456,0,2.56932e-11,3.62416e-12
Hessenberg basic,955,0,1,6,1e-12,3.52746,2.92964e-14,2.83671e-11,4.82093e-12
Hessenberg basic,956,0,0,6,1e-12,1.1773,0,2.00089e-11,3.75948e-12
Hessenberg basic,956,0,1,6,1e-12,3.71312,4.01944e-14,2.64861e-11,4.90819e-12
Hessenberg basic,957,0,0,6,1e-12,1.17991,0,2.93312e-11,3.55082e-12
Hessenberg basic,957,0,1,6,1e-12,3.79066,2.30926e-14,2.65913e-11,4.51083e-12
Hessenberg basic,958,0,0,6,1e-12,1.24171,0,2.22722e-11,3.83845e-12
Hessenberg basic,958,0,1,6,1e-12,4.70689,5.68434e-14,2.29377e-11,4.41749e-12
Hessenberg basic,959,0,0,6,1e-12,1.12095,0,3.22871e-11,3.76617e-12
Hessenberg basic,959,0,1,6,1e-12,4.22582,1.59872e-14,2.52984e-11,4.75377e-12
Hessenberg basic,960,0,0,6,1e-12,0.857867,0,1.84737e-11,3.83239e-12
Hessenberg basic,960,0,1,6,1e-12,3.96291,3.97205e-14,2.60829e-11,4.56005e-12
Hessenberg basic,961,0,0,6,1e-12,0.990843,0,2.3315e-11,3.67033e-12
Hessenberg basic,961,0,1,6,1e-12,4.38803,3.19744e-14,2.14916e-11,4.50999e-12
Hessenberg basic,962,0,0,6,1e-12,1.7104,0,2.16005e-11,3.38436e-12
Hessenberg basic,962,0,1,6,1e-12,3.74787,2.84217e-14,2.61514e-11,4.88573e-12
Hessenberg basic,963,0,0,6,1e-12,1.56815,0,2.29647e-11,3.76129e-12
Hessenberg basic,963,0,1,6,1e-12,3.12214,4.14314e-14,3.09392e-11,4.92534e-12
Hessenberg basic,964,0,0,6,1e-12,1.80478,0,2.66027e-11,3.26738e-12
Hessenberg basic,964,0,1,6,1e-12,3.90305,5.68434e-14,2.31441e-11,4.85493e-12
Hessenberg basic,965,0,0,6,1e-12,1.05388,0,2.47837e-11,4.03319e-12
Hessenberg basic,965,0,1,6,1e-12,4.17023,1.42109e-14,2.60799e-11,4.70256e-12
Hessenberg basic,966,0,0,6,1e-12,1.0903,0,2.40525e-11,3.92187e-12
Hessenberg basic,966,0,1,6,1e-12,3.92794,2.92964e-14,2.47892e-11,4.57201e-12
Hessenberg basic,967,0,0,6,1e-12,1.23451,0,2.41016e-11,3.63974e-12
Hessenberg basic,967,0,1,6,1e-12,3.16743,3.17764e-14,2.41883e-11,4.68196e-12
Hessenberg basic,968,0,0,6,1e-12,1.32896,0,2.47295e-11,3.9388e-12
Hessenberg basic,968,0,1,6,1e-12,2.87246,3.19744e-14,2.82358e-11,4.63597e-12
Hessenberg basic,969,0,0,6,1e-12,1.78148,0,2.50362e-11,3.70406e-12
Hessenberg basic,969,0,1,6,1e-12,3.64563,0,2.35252e-11,4.80605e-12
Hessenberg basic,970,0,0,6,1e-12,2.14961,0,2.30198e-11,3.79977e-12
Hessenberg basic,970,0,1,6,1e-12,4.08396,1.06581e-14,2.71255e-11,4.94522e-12
Hessenberg basic,971,0,0,6,1e-12,1.27389,0,2.44659e-11,3.65151e-12
Hessenberg basic,971,0,1,6,1e-12,3.61833,2.13902e-14,3.2489e-11,4.68088e-12
Hessenberg basic,972,0,0,6,1e-12,1.14713,0,2.10799e-11,4.03131e-12
Hessenberg basic,972,0,1,6,1e-12,3.75683,5.1238e-14,2.23937e-11,4.77975e-12
Hessenberg basic,973,0,0,6,1e-12,1.1769,0,1.93268e-11,3.55501e-12
Hessenberg basic,973,0,1,6,1e-12,3.20481,2.46779e-14,2.13985e-11,4.74393e-12
Hessenberg basic,974,0,0,6,1e-12,1.13337,0,2.46428e-11,3.90948e-12
Hessenberg basic,974,0,1,6,1e-12,3.50318,4.39446e-14,2.22879e-11,4.89687e-12
Hessenberg basic,975,0,0,6,1e-12,1.00214,0,2.71567e-11,3.58075e-12
Hessenberg basic,975,0,1,6,1e-12,3.21834,4.61853e-14,1.90248e-11,4.50621e-12
Hessenberg basic,976,0,0,6,1e-12,1.08816,0,2.6148e-11,3.69639e-12
Hessenberg basic,976,0,1,6,1e-12,3.89485,2.92964e-14,2.86645e-11,4.91679e-12
Hessenberg basic,977,0,0,6,1e-12,2.05986,0,2.7009e-11,3.7761e-12
Hessenberg basic,977,0,1,6,1e-12,4.15475,2.27485e-14,2.7867e-11,4.63479e-12
Hessenberg basic,978,0,0,6,1e-12,1.33543,0,2.29143e-11,3.65695e-12
Hessenberg basic,978,0,1,6,1e-12,3.61492,2.92964e-14,2.32358e-11,4.81406e-12
Hessenberg basic,979,0,0,6,1e-12,1.06907,0,3.11502e-11,3.41559e-12
Hessenberg basic,979,0,1,6,1e-12,3.18876,2.73803e-14,2.79515e-11,4.70045e-12
Hessenberg basic,980,0,0,6,1e-12,0.94449,0,2.294e-11,3.85992e-12
Hessenberg basic,980,0,1,6,1e-12,2.82177,5.68434e-14,2.41036e-11,4.55686e-12
Hessenberg basic,981,0,0,6,1e-12,1.38581,0,2.54659e-11,3.81118e-12
Hessenberg basic,981,0,1,6,1e-12,4.32075,3.82639e-14,2.18282e-11,4.69835e-12
Hessenberg basic,982,0,0,6,1e-12,1.64908,0,1.8872e-11,3.82901e-12
Hessenberg basic,982,0,1,6,1e-12,5.41434,5.32907e-15,2.28666e-11,4.86086e-12
Hessenberg basic,983,0,0,6,1e-12,1.52623,0,2.95383e-11,3.90845e-12
Hessenberg basic,983,0,1,6,1e-12,5.00154,4.54969e-14,2.20348e-11,4.54031e-12
Hessenberg basic,984,0,0,6,1e-12,1.15717,0,2.20968e-11,3.6413e-12
Hessenberg basic,984,0,1,6,1e-12,3.86777,0,2.58949e-11,4.84154e-12
Hessenberg basic,985,0,0,6,1e-12,1.47882,0,2.42492e-11,3.61049e-12
Hessenberg basic,985,0,1,6,1e-12,3.88081,2.84217e-14,2.57325e-11,5.08244e-12
Hessenberg basic,986,0,0,6,1e-12,2.19769,0,2.38665e-11,3.62431e-12
Hessenberg basic,986,0,1,6,1e-12,4.68605,3.35162e-14,2.6285e-11,4.87962e-12
Hessenberg basic,987,0,0,6,1e-12,1.90101,0,2.9318e-11,3.78674e-12
Hessenberg basic,987,0,1,6,1e-12,5.35518,4.26326e-14,2.32111e-11,4.86149e-12
Hessenberg basic,988,0,0,6,1e-12,1.35067,0,2.04636e-11,3.40125e-12
Hessenberg basic,988,0,1,6,1e-12,3.93714,9.9476e-14,2.36086e-11,4.8328e-12
Hessenberg basic,989,0,0,6,1e-12,1.40239,0,2.51196e-11,3.80302e-12
Hessenberg basic,989,0,1,6,1e-12,5.15836,7.94411e-14,2.30829e-11,4.84543e-12
Hessenberg basic,990,0,0,6,1e-12,2.67988,0,1.90994e-11,4.00255e-12
Hessenberg basic,990,0,1,6,1e-12,5.4442,4.32206e-14,3.00222e-11,4.54964e-12
Hessenberg basic,991,0,0,6,1e-12,1.68224,0,2.09184e-11,3.80962e-12
Hessenberg basic,991,0,1,6,1e-12,5.47496,6.03961e-14,2.58009e-11,4.84536e-12
Hessenberg basic,992,0,0,6,1e-12,1.6342,0,2.74023e-11,3.99059e-12
Hessenberg basic,992,0,1,6,1e-12,4.87095,1.48886e-14,2.73407e-11,4.77604e-12
Hessenberg basic,993,0,0,6,1e-12,1.39824,0,2.12515e-11,3.86427e-12
Hessenberg basic,993,0,1,6,1e-12,4.43526,3.17764e-14,2.16677e-11,4.9139e-12
Hessenberg basic,994,0,0,6,1e-12,1.08625,0,2.20831e-11,3.98399e-12
Hessenberg basic,994,0,1,6,1e-12,4.55992,4.49387e-14,2.30456e-11,4.50376e-12
Hessenberg basic,995,0,0,6,1e-12,1.3445,0,3.02975e-11,3.8279e-12
Hessenberg basic,995,0,1,6,1e-12,3.97658,2.84217e-14,2.21981e-11,4.79124e-12
Hessenberg basic,996,0,0,6,1e-12,1.07381,0,2.68079e-11,3.92448e-12
Hessenberg basic,996,0,1,6,1e-12,3.82361,2.4869e-14,2.38748e-11,4.66626e-12
Hessenberg basic,997,0,0,6,1e-12,2.32965,0,2.47243e-11,4.15225e-12
Hessenberg basic,997,0,1,6,1e-12,4.1407,0,2.24732e-11,4.7403e-12
Hessenberg basic,998,0,0,6,1e-12,1.748,0,2.37576e-11,4.00499e-12
Hessenberg basic,998,0,1,6,1e-12,3.81069,3.77659e-14,2.91606e-11,4.98074e-12
Hessenberg basic,999,0,0,6,1e-12,1.51269,0,2.95586e-11,4.2344e-12
Hessenberg basic,999,0,1,6,1e-12,4.54889,2.54662e-14,2.65629e-11,4.65723e-12
Hessenberg basic,1000,0,0,6,1e-12,1.51908,0,2.14901e-11,4.21026e-12
Hessenberg basic,1000,0,1,6,1e-12,4.33336,2.92964e-14,2.45142e-11,4.71686e-12
