version, size, hermitian, complex, seed, tol, runtime in s,min_error, max_error, avg_error
Hessenberg basic,900,0,0,5,1e-12,1.82087,0,8.34461e-11,3.51804e-12
Hessenberg basic,900,0,1,5,1e-12,3.81089,7.10543e-14,2.38795e-11,4.93248e-12
Hessenberg basic,901,0,0,5,1e-12,0.784635,0,8.2423e-11,3.76888e-12
Hessenberg basic,901,0,1,5,1e-12,3.61526,4.26326e-14,2.46952e-11,4.69763e-12
Hessenberg basic,902,0,0,5,1e-12,1.7966,0,8.01492e-11,3.8768e-12
Hessenberg basic,902,0,1,5,1e-12,2.68629,0,2.80291e-11,4.48134e-12
Hessenberg basic,903,0,0,5,1e-12,1.53801,0,7.12816e-11,3.68767e-12
Hessenberg basic,903,0,1,5,1e-12,3.20758,4.01944e-14,2.73135e-11,4.73977e-12
Hessenberg basic,904,0,0,5,1e-12,1.63951,0,8.02629e-11,3.82935e-12
Hessenberg basic,904,0,1,5,1e-12,5.07778,8.65142e-14,2.37453e-11,4.72763e-12
Hessenberg basic,905,0,0,5,1e-12,1.13187,0,8.07177e-11,4.00836e-12
Hessenberg basic,905,0,1,5,1e-12,2.9826,3.55271e-14,2.24701e-11,4.57223e-12
Hessenberg basic,906,0,0,5,1e-12,1.41524,0,8.25366e-11,3.85054e-12
Hessenberg basic,906,0,1,5,1e-12,4.05208,4.9738e-14,2.31095e-11,4.86624e-12
Hessenberg basic,907,0,0,5,1e-12,2.41227,0,7.1168e-11,4.09133e-12
Hessenberg basic,907,0,1,5,1e-12,2.86036,3.81917e-14,2.49886e-11,4.69354e-12
Hessenberg basic,908,0,0,5,1e-12,1.2445,0,7.65112e-11,4.00894e-12
Hessenberg basic,908,0,1,5,1e-12,4.10867,6.20455e-14,2.37712e-11,4.64512e-12
Hessenberg basic,909,0,0,5,1e-12,0.995225,0,7.6966e-11,3.69011e-12
Hessenberg basic,909,0,1,5,1e-12,2.651,0,2.13985e-11,4.53935e-12
Hessenberg basic,910,0,0,5,1e-12,0.764919,0,7.7307e-11,3.67326e-12
Hessenberg basic,910,0,1,5,1e-12,2.60508,5.68434e-14,2.14311e-11,4.75098e-12
Hessenberg basic,911,0,0,5,1e-12,0.980161,0,8.4583e-11,3.63685e-12
Hessenberg basic,911,0,1,5,1e-12,2.27848,4.01944e-14,2.74861e-11,4.97575e-12
Hessenberg basic,912,0,0,5,1e-12,1.43444,0,7.93534e-11,4.14324e-12
Hessenberg basic,912,0,1,5,1e-12,2.91041,3.28626e-14,3.04715e-11,4.69173e-12
Hessenberg basic,913,0,0,5,1e-12,0.773596,0,7.8785e-11,3.69888e-12
Hessenberg basic,913,0,1,5,1e-12,3.4625,0,2.29143e-11,4.66547e-12
Hessenberg basic,914,0,0,5,1e-12,1.26695,0,7.59428e-11,4.06498e-12
Hessenberg basic,914,0,1,5,1e-12,2.21262,5.1238e-14,1.91386e-11,4.61926e-12
Hessenberg basic,915,0,0,5,1e-12,1.62783,0,7.86713e-11,3.97566e-12
Hessenberg basic,915,0,1,5,1e-12,3.29279,7.10543e-15,2.05204e-11,4.75966e-12
Hessenberg basic,916,0,0,5,1e-12,0.726236,0,8.0604e-11,3.71927e-12
Hessenberg basic,916,0,1,5,1e-12,3.84132,4.26326e-14,2.2091e-11,4.46696e-12
Hessenberg basic,917,0,0,5,1e-12,1.25481,0,7.56017e-11,3.84347e-12
Hessenberg basic,917,0,1,5,1e-12,2.41303,0,2.29962e-11,4.8451e-12
Hessenberg basic,918,0,0,5,1e-12,1.63546,0,8.19682e-11,4.10338e-12
Hessenberg basic,918,0,1,5,1e-12,3.83069,2.24693e-14,2.18346e-11,4.53779e-12
Hessenberg basic,919,0,0,5,1e-12,0.633051,0,7.77618e-11,4.12994e-12
Hessenberg basic,919,0,1,5,1e-12,3.47428,0,2.69896e-11,4.76481e-12
Hessenberg basic,920,0,0,5,1e-12,1.23539,0,7.96945e-11,3.41332e-12
Hessenberg basic,920,0,1,5,1e-12,2.38435,2.00972e-14,2.72168e-11,4.64915e-12
Hessenberg basic,921,0,0,5,1e-12,0.661329,0,7.9126e-11,3.41039e-12
Hessenberg basic,921,0,1,5,1e-12,4.26786,0,3.99072e-11,4.63479e-12
Hessenberg basic,922,0,0,5,1e-12,0.719704,0,7.9126e-11,3.95354e-12
Hessenberg basic,922,0,1,5,1e-12,2.40231,8.03887e-14,2.34096e-11,4.7299e-12
Hessenberg basic,923,0,0,5,1e-12,0.83502,0,8.68567e-11,3.90594e-12
Hessenberg basic,923,0,1,5,1e-12,3.52259,2.84217e-14,2.06009e-11,4.7797e-12
Hessenberg basic,924,0,0,5,1e-12,2.11346,0,7.76481e-11,3.89476e-12
Hessenberg basic,924,0,1,5,1e-12,2.53072,3.39728e-14,2.37779e-11,4.72525e-12
Hessenberg basic,925,0,0,5,1e-12,0.823245,0,7.67386e-11,3.48098e-12
Hessenberg basic,925,0,1,5,1e-12,4.72859,6.39488e-14,2.36043e-11,4.62141e-12
Hessenberg basic,926,0,0,5,1e-12,0.659503,0,7.62839e-11,4.01142e-12
Hessenberg basic,926,0,1,5,1e-12,2.74004,0,2.74855e-11,4.5418e-12
Hessenberg basic,927,0,0,5,1e-12,0.883439,0,7.74207e-11,3.89076e-12
Hessenberg basic,927,0,1,5,1e-12,3.71728,3.30541e-14,2.50483e-11,4.61313e-12
Hessenberg basic,928,0,0,5,1e-12,1.81764,0,7.90124e-11,4.0011e-12
Hessenberg basic,928,0,1,5,1e-12,2.82669,2.58641e-14,2.49127e-11,4.77701e-12
Hessenberg basic,929,0,0,5,1e-12,1.5277,0,7.34417e-11,3.96461e-12
Hessenberg basic,929,0,1,5,1e-12,2.8483,0,2.39327e-11,4.61242e-12
Hessenberg basic,930,0,0,5,1e-12,1.06215,0,8.4583e-11,3.71773e-12
Hessenberg basic,930,0,1,5,1e-12,4.3854,2.92964e-14,2.25937e-11,4.70115e-12
Hessenberg basic,931,0,0,5,1e-12,0.729157,0,7.99218e-11,3.7339e-12
Hessenberg basic,931,0,1,5,1e-12,2.66909,2.84217e-14,2.78929e-11,4.69974e-12
Hessenberg basic,932,0,0,5,1e-12,0.678626,0,7.53744e-11,3.87259e-12
Hessenberg basic,932,0,1,5,1e-12,3.68143,3.55271e-14,2.58947e-11,4.91168e-12
Hessenberg basic,933,0,0,5,1e-12,0.91047,0,7.50333e-11,3.55062e-12
Hessenberg basic,933,0,1,5,1e-12,2.79701,5.72858e-14,2.21106e-11,4.78386e-12
Hessenberg basic,934,0,0,5,1e-12,1.09659,0,7.53744e-11,3.67355e-12
Hessenberg basic,934,0,1,5,1e-12,3.91081,1.58882e-14,2.75517e-11,4.78668e-12
Hessenberg basic,935,0,0,5,1e-12,0.997172,0,7.44649e-11,3.71821e-12
Hessenberg basic,935,0,1,5,1e-12,3.69907,2.92964e-14,2.70412e-11,4.99877e-12
Hessenberg basic,936,0,0,5,1e-12,1.08205,0,7.76481e-11,3.64876e-12
Hessenberg basic,936,0,1,5,1e-12,3.81943,0,2.16221e-11,4.54077e-12
Hessenberg basic,937,0,0,5,1e-12,0.840577,0,8.52651e-11,3.91786e-12
Hessenberg basic,937,0,1,5,1e-12,4.52061,4.01944e-14,2.20172e-11,4.66615e-12
Hessenberg basic,938,0,0,5,1e-12,1.26144,0,7.98082e-11,3.93406e-12
Hessenberg basic,938,0,1,5,1e-12,3.92618,1.42109e-14,2.4227e-11,4.78984e-12
Hessenberg basic,939,0,0,5,1e-12,1.3373,0,7.74207e-11,3.58862e-12
Hessenberg basic,939,0,1,5,1e-12,3.44926,0,2.35763e-11,4.74097e-12
Hessenberg basic,940,0,0,5,1e-12,0.765385,0,8.29914e-11,4.05162e-12
Hessenberg basic,940,0,1,5,1e-12,3.21067,0,2.60015e-11,4.56029e-12
Hessenberg basic,941,0,0,5,1e-12,0.690063,0,7.83302e-11,3.54896e-12
Hessenberg basic,941,0,1,5,1e-12,2.33445,2.00972e-14,2.11983e-11,4.65612e-12
Hessenberg basic,942,0,0,5,1e-12,0.908486,0,7.85576e-11,3.89794e-12
Hessenberg basic,942,0,1,5,1e-12,2.44992,2.00972e-14,2.43162e-11,4.81141e-12
Hessenberg basic,943,0,0,5,1e-12,0.981542,0,7.81029e-11,3.8154e-12
Hessenberg basic,943,0,1,5,1e-12,4.19234,4.32206e-14,2.22513e-11,4.44954e-12
Hessenberg basic,944,0,0,5,1e-12,1.1152,0,7.70797e-11,3.36309e-12
Hessenberg basic,944,0,1,5,1e-12,4.17437,4.26326e-14,2.32013e-11,4.53438e-12
Hessenberg basic,945,0,0,5,1e-12,1.70523,0,7.50333e-11,3.82698e-12
Hessenberg basic,945,0,1,5,1e-12,3.86108,7.10543e-15,3.05293e-11,5.08467e-12
Hessenberg basic,946,0,0,5,1e-12,1.54759,0,7.88987e-11,3.12548e-12
Hessenberg basic,946,0,1,5,1e-12,3.86343,5.68434e-14,2.11592e-11,4.7497e-12
Hessenberg basic,947,0,0,5,1e-12,1.74308,0,7.66249e-11,3.35104e-12
Hessenberg basic,947,0,1,5,1e-12,4.09477,1.42109e-14,2.61156e-11,4.73396e-12
Hessenberg basic,948,0,0,5,1e-12,1.27552,0,7.8785e-11,3.70858e-12
Hessenberg basic,948,0,1,5,1e-12,4.1711,1.28095e-14,2.26565e-11,4.72859e-12
Hessenberg basic,949,0,0,5,1e-12,1.56061,0,7.65112e-11,3.67999e-12
Hessenberg basic,949,0,1,5,1e-12,3.50237,3.17764e-14,2.68821e-11,4.79348e-12
Hessenberg basic,950,0,0,5,1e-12,1.40816,0,8.17408e-11,3.53109e-12
Hessenberg basic,950,0,1,5,1e-12,3.62271,1.5099e-14,2.20872e-11,4.6127e-12
Hessenberg basic,951,0,0,5,1e-12,1.27986,0,7.63976e-11,3.34202e-12
Hessenberg basic,951,0,1,5,1e-12,3.14763,3.55271e-15,1.97763e-11,4.73626e-12
Hessenberg basic,952,0,0,5,1e-12,1.38919,0,7.9126e-11,3.60185e-12
Hessenberg basic,952,0,1,5,1e-12,3.03772,4.9738e-14,2.87664e-11,4.82465e-12
Hessenberg basic,953,0,0,5,1e-12,2.26318,0,7.42375e-11,3.7061e-12
Hessenberg basic,953,0,1,5,1e-12,2.72532,7.10543e-14,2.76427e-11,4.81107e-12
Hessenberg basic,954,0,0,5,1e-12,1.94089,0,7.38964e-11,3.64052e-12
Hessenberg basic,954,0,1,5,1e-12,3.27002,3.82639e-14,1.87676e-11,4.6033e-12
Hessenberg basic,955,0,0,5,1e-12,1.64835,0,8.00355e-11,3.44573e-12
Hessenberg basic,955,0,1,5,1e-12,3.56417,1.95399e-14,2.79912e-11,4.36325e-12
Hessenberg basic,956,0,0,5,1e-12,1.48556,0,7.94671e-11,3.4892e-12
Hessenberg basic,956,0,1,5,1e-12,4.02013,0,2.70756e-11,4.71479e-12
Hessenberg basic,957,0,0,5,1e-12,1.61135,0,7.8785e-11,3.64252e-12
Hessenberg basic,957,0,1,5,1e-12,3.43337,1.51772e-14,2.28157e-11,4.53581e-12
Hessenberg basic,958,0,0,5,1e-12,1.39481,0,7.70797e-11,3.31239e-12
Hessenberg basic,958,0,1,5,1e-12,3.83866,3.4639e-14,3.38249e-11,4.63834e-12
Hessenberg basic,959,0,0,5,1e-12,1.29773,0,8.17408e-11,3.37732e-12
Hessenberg basic,959,0,1,5,1e-12,3.42598,4.26326e-14,2.65492e-11,4.6976e-12
Hessenberg basic,960,0,0,5,1e-12,1.46809,0,7.71934e-11,3.43992e-12
Hessenberg basic,960,0,1,5,1e-12,3.59307,2.20619e-14,2.49534e-11,4.87066e-12
Hessenberg basic,961,0,0,5,1e-12,1.3417,0,7.59428e-11,3.55012e-12
Hessenberg basic,961,0,1,5,1e-12,3.34215,2.4869e-14,4.11414e-11,4.76009e-12
Hessenberg basic,962,0,0,5,1e-12,1.50852,0,8.2764e-11,3.46101e-12
Hessenberg basic,962,0,1,5,1e-12,4.29982,6.40475e-14,2.82952e-11,4.50796e-12
Hessenberg basic,963,0,0,5,1e-12,1.7411,0,7.9126e-11,3.52263e-12
Hessenberg basic,963,0,1,5,1e-12,4.24923,4.83221e-14,1.9174e-11,4.54902e-12
Hessenberg basic,964,0,0,5,1e-12,1.90356,0,8.11724e-11,3.37197e-12
Hessenberg basic,964,0,1,5,1e-12,4.36439,2.13163e-14,2.72718e-11,4.70013e-12
Hessenberg basic,965,0,0,5,1e-12,1.9628,0,7.88987e-11,3.61183e-12
Hessenberg basic,965,0,1,5,1e-12,4.09909,1.58882e-14,2.22857e-11,4.66847e-12
Hessenberg basic,966,0,0,5,1e-12,2.14693,0,7.74207e-11,3.35865e-12
Hessenberg basic,966,0,1,5,1e-12,4.88073,7.24233e-14,2.72336e-11,4.57794e-12
Hessenberg basic,967,0,0,5,1e-12,1.67217,0,7.68523e-11,3.54766e-12
Hessenberg basic,967,0,1,5,1e-12,5.19499,5.1238e-14,1.97792e-11,4.6709e-12
Hessenberg basic,968,0,0,5,1e-12,2.13365,0,7.52607e-11,3.72667e-12
Hessenberg basic,968,0,1,5,1e-12,4.31813,5.68434e-14,2.77564e-11,4.92225e-12
Hessenberg basic,969,0,0,5,1e-12,1.68827,0,8.08313e-11,3.49171e-12
Hessenberg basic,969,0,1,5,1e-12,4.47898,5.00227e-14,2.32703e-11,4.71623e-12
Hessenberg basic,970,0,0,5,1e-12,1.72531,0,7.93534e-11,3.21147e-12
Hessenberg basic,970,0,1,5,1e-12,4.14942,2.84217e-14,2.22245e-11,4.79242e-12
Hessenberg basic,971,0,0,5,1e-12,1.57366,0,7.78755e-11,3.2918e-12
Hessenberg basic,971,0,1,5,1e-12,3.97922,4.08562e-14,2.7519e-11,4.70826e-12
Hessenberg basic,972,0,0,5,1e-12,1.93193,0,7.85576e-11,3.47151e-12
Hessenberg basic,972,0,1,5,1e-12,3.13809,3.17764e-14,2.38428e-11,4.63606e-12
Hessenberg basic,973,0,0,5,1e-12,2.70102,0,7.81029e-11,3.36397e-12
Hessenberg basic,973,0,1,5,1e-12,4.49946,1.13687e-13,2.09222e-11,4.78845e-12
Hessenberg basic,974,0,0,5,1e-12,1.80179,0,7.76481e-11,3.11039e-12
Hessenberg basic,974,0,1,5,1e-12,3.90443,2.77476e-14,2.6438e-11,4.68832e-12
Hessenberg basic,975,0,0,5,1e-12,1.81891,0,7.76481e-11,3.36683e-12
Hessenberg basic,975,0,1,5,1e-12,4.04107,0,2.97729e-11,4.683e-12
Hessenberg basic,976,0,0,5,1e-12,1.7413,0,7.75344e-11,3.48044e-12
Hessenberg basic,976,0,1,5,1e-12,3.89796,4.30835e-14,2.32725e-11,4.67512e-12
Hessenberg basic,977,0,0,5,1e-12,1.84718,0,7.67386e-11,3.29353e-12
Hessenberg basic,977,0,1,5,1e-12,4.43717,3.17764e-14,2.50483e-11,4.64151e-12
Hessenberg basic,978,0,0,5,1e-12,1.49705,0,7.84439e-11,3.55605e-12
Hessenberg basic,978,0,1,5,1e-12,4.92146,7.41828e-14,2.52549e-11,5.0688e-12
Hessenberg basic,979,0,0,5,1e-12,1.89748,0,7.67386e-11,3.37538e-12
Hessenberg basic,979,0,1,5,1e-12,3.71794,2.78752e-14,2.07022e-11,4.66386e-12
Hessenberg basic,980,0,0,5,1e-12,1.76994,0,7.82165e-11,3.33942e-12
Hessenberg basic,980,0,1,5,1e-12,3.95842,4.26326e-14,3.53659e-11,4.64431e-12
Hessenberg basic,981,0,0,5,1e-12,1.55543,0,7.77618e-11,3.54552e-12
Hessenberg basic,981,0,1,5,1e-12,3.75418,4.33664e-14,3.00325e-11,4.67299e-12
Hessenberg basic,982,0,0,5,1e-12,1.87996,0,8.04903e-11,3.44519e-12
Hessenberg basic,982,0,1,5,1e-12,3.97652,2.30926e-14,2.76132e-11,4.47619e-12
Hessenberg basic,983,0,0,5,1e-12,1.91338,0,8.19682e-11,3.57126e-12
Hessenberg basic,983,0,1,5,1e-12,3.37819,0,2.48559e-11,4.82953e-12
Hessenberg basic,984,0,0,5,1e-12,2.58387,0,7.52607e-11,3.03815e-12
Hessenberg basic,984,0,1,5,1e-12,3.88625,0,3.09228e-11,4.64369e-12
Hessenberg basic,985,0,0,5,1e-12,2.12494,0,7.8785e-11,3.58666e-12
Hessenberg basic,985,0,1,5,1e-12,3.62249,5.34385e-14,2.20553e-11,4.55553e-12
Hessenberg basic,986,0,0,5,1e-12,2.05724,0,7.56017e-11,3.18541e-12
Hessenberg basic,986,0,1,5,1e-12,3.95399,4.26418e-14,2.04864e-11,4.61743e-12
Hessenberg basic,987,0,0,5,1e-12,2.26879,0,8.03766e-11,3.39537e-12
Hessenberg basic,987,0,1,5,1e-12,3.83489,3.50014e-14,2.4784e-11,4.66558e-12
Hessenberg basic,988,0,0,5,1e-12,2.64225,0,7.66249e-11,3.25841e-12
Hessenberg basic,988,0,1,5,1e-12,3.94948,1.42109e-14,2.0815e-11,4.5539e-12
Hessenberg basic,989,0,0,5,1e-12,2.24354,0,8.2764e-11,3.39241e-12
Hessenberg basic,989,0,1,5,1e-12,3.84141,0,2.14504e-11,4.44642e-12
Hessenberg basic,990,0,0,5,1e-12,2.18144,0,7.90124e-11,3.39138e-12
Hessenberg basic,990,0,1,5,1e-12,4.46164,3.17764e-14,2.55995e-11,4.66578e-12
Hessenberg basic,991,0,0,5,1e-12,2.11819,0,7.61702e-11,3.61073e-12
Hessenberg basic,991,0,1,5,1e-12,3.81085,2.9675e-14,2.3884e-11,4.69442e-12
Hessenberg basic,992,0,0,5,1e-12,2.57078,0,7.58291e-11,3.43987e-12
Hessenberg basic,992,0,1,5,1e-12,4.14998,2.84217e-14,2.36643e-11,4.52995e-12
Hessenberg basic,993,0,0,5,1e-12,1.60137,0,7.7307e-11,3.11469e-12
Hessenberg basic,993,0,1,5,1e-12,3.43191,4.80684e-14,2.38959e-11,4.62171e-12
Hessenberg basic,994,0,0,5,1e-12,1.72526,0,7.54881e-11,3.42702e-12
Hessenberg basic,994,0,1,5,1e-12,3.56253,0,2.2493e-11,4.85077e-12
Hessenberg basic,995,0,0,5,1e-12,2.22539,0,7.85576e-11,3.42062e-12
Hessenberg basic,995,0,1,5,1e-12,2.59397,3.17764e-14,3.13248e-11,4.78051e-12
Hessenberg basic,996,0,0,5,1e-12,2.13502,0,7.20775e-11,3.38209e-12
Hessenberg basic,996,0,1,5,1e-12,2.71863,2.00972e-14,2.15577e-11,4.70332e-12
Hessenberg basic,997,0,0,5,1e-12,2.45143,0,7.36691e-11,3.306e-12
Hessenberg basic,997,0,1,5,1e-12,2.81866,1.00486e-14,2.83716e-11,4.711e-12
Hessenberg basic,998,0,0,5,1e-12,2.34623,0,7.94671e-11,3.33685e-12
Hessenberg basic,998,0,1,5,1e-12,2.6997,2.5619e-14,2.05911e-11,4.61044e-12
Hessenberg basic,999,0,0,5,1e-12,1.98159,0,7.67386e-11,3.78621e-12
Hessenberg basic,999,0,1,5,1e-12,2.52247,0,2.35431e-11,4.66392e-12
Hessenberg basic,1000,0,0,5,1e-12,2.34808,0,7.94671e-11,3.39594e-12
Hessenberg basic,1000,0,1,5,1e-12,2.97779,2.13163e-14,2.25118e-11,4.68071e-12
