version, size, hermitian, complex, seed, tol, runtime in s,min_error, max_error, avg_error
Hessenberg basic,900,0,0,9,1e-12,0.703661,0,2.27374e-11,3.70575e-12
Hessenberg basic,900,0,1,9,1e-12,2.34861,6.39488e-14,2.7472e-11,4.77144e-12
Hessenberg basic,901,0,0,9,1e-12,1.20638,0,3.36513e-11,3.39101e-12
Hessenberg basic,901,0,1,9,1e-12,2.15715,2.92964e-14,2.38875e-11,4.4758e-12
Hessenberg basic,902,0,0,9,1e-12,1.34411,0,1.84173e-11,3.33673e-12
Hessenberg basic,902,0,1,9,1e-12,2.2145,5.68434e-14,2.70174e-11,4.83648e-12
Hessenberg basic,903,0,0,9,1e-12,1.56851,0,2.36469e-11,3.50131e-12
Hessenberg basic,903,0,1,9,1e-12,4.78952,5.32907e-15,2.22202e-11,4.61301e-12
Hessenberg basic,904,0,0,9,1e-12,2.01838,0,3.11502e-11,3.91235e-12
Hessenberg basic,904,0,1,9,1e-12,4.72315,7.55317e-14,2.99323e-11,4.7457e-12
Hessenberg basic,905,0,0,9,1e-12,1.3806,0,3.20597e-11,3.59719e-12
Hessenberg basic,905,0,1,9,1e-12,3.77794,1.42109e-14,2.38987e-11,4.82265e-12
Hessenberg basic,906,0,0,9,1e-12,0.970509,0,1.86446e-11,3.65467e-12
Hessenberg basic,906,0,1,9,1e-12,3.04172,5.32907e-14,2.41702e-11,4.54008e-12
Hessenberg basic,907,0,0,9,1e-12,1.00029,0,2.50111e-11,3.59465e-12
Hessenberg basic,907,0,1,9,1e-12,3.88456,2.13163e-14,2.07574e-11,4.53455e-12
Hessenberg basic,908,0,0,9,1e-12,1.84732,0,4.502e-11,3.72074e-12
Hessenberg basic,908,0,1,9,1e-12,2.68115,2.84217e-14,2.01169e-11,4.67919e-12
Hessenberg basic,909,0,0,9,1e-12,1.32412,0,2.29647e-11,3.582e-12
Hessenberg basic,909,0,1,9,1e-12,2.49841,2.00972e-14,2.3028e-11,4.57658e-12
Hessenberg basic,910,0,0,9,1e-12,0.702218,0,2.18279e-11,3.48764e-12
Hessenberg basic,910,0,1,9,1e-12,4.05277,5.16749e-14,2.55884e-11,4.68397e-12
Hessenberg basic,911,0,0,9,1e-12,1.75878,0,2.7967e-11,3.79968e-12
Hessenberg basic,911,0,1,9,1e-12,4.128,2.84217e-14,2.57862e-11,4.91101e-12
Hessenberg basic,912,0,0,9,1e-12,0.637054,0,3.09228e-11,3.78473e-12
Hessenberg basic,912,0,1,9,1e-12,2.97241,2.00972e-14,2.2776e-11,4.65571e-12
Hessenberg basic,913,0,0,9,1e-12,0.805988,0,3.18323e-11,3.47694e-12
Hessenberg basic,913,0,1,9,1e-12,2.30828,0,2.37788e-11,4.83159e-12
Hessenberg basic,914,0,0,9,1e-12,1.43494,0,2.91038e-11,3.43585e-12
Hessenberg basic,914,0,1,9,1e-12,2.63147,5.68434e-14,2.20939e-11,4.77084e-12
Hessenberg basic,915,0,0,9,1e-12,0.739296,0,3.31966e-11,3.96506e-12
Hessenberg basic,915,0,1,9,1e-12,4.11265,5.95543e-14,3.31451e-11,4.94626e-12
Hessenberg basic,916,0,0,9,1e-12,1.05647,0,2.24551e-11,3.87664e-12
Hessenberg basic,916,0,1,9,1e-12,3.45311,6.43424e-14,3.15624e-11,4.85317e-12
Hessenberg basic,917,0,0,9,1e-12,0.675512,0,2.32325e-11,3.85168e-12
Hessenberg basic,917,0,1,9,1e-12,3.1226,0,3.05096e-11,4.80048e-12
Hessenberg basic,918,0,0,9,1e-12,0.879496,0,2.77091e-11,3.8116e-12
Hessenberg basic,918,0,1,9,1e-12,3.28081,5.19793e-14,2.29155e-11,4.95375e-12
Hessenberg basic,919,0,0,9,1e-12,1.43476,0,2.18279e-11,3.41408e-12
Hessenberg basic,919,0,1,9,1e-12,2.71414,3.55271e-14,2.46805e-11,4.8343e-12
Hessenberg basic,920,0,0,9,1e-12,1.61849,0,2.79411e-11,4.05811e-12
Hessenberg basic,920,0,1,9,1e-12,2.66102,3.55271e-14,2.69349e-11,5.00274e-12
Hessenberg basic,921,0,0,9,1e-12,0.855633,0,1.86446e-11,3.58791e-12
Hessenberg basic,921,0,1,9,1e-12,3.81528,3.82639e-14,3.24804e-11,4.87264e-12
Hessenberg basic,922,0,0,9,1e-12,1.1337,0,2.15861e-11,3.90428e-12
Hessenberg basic,922,0,1,9,1e-12,3.94504,0,3.00231e-11,4.88771e-12
Hessenberg basic,923,0,0,9,1e-12,0.649701,0,2.18279e-11,3.84386e-12
Hessenberg basic,923,0,1,9,1e-12,3.42132,0,2.4971e-11,4.90096e-12
Hessenberg basic,924,0,0,9,1e-12,0.665264,0,2.23937e-11,3.92661e-12
Hessenberg basic,924,0,1,9,1e-12,2.83053,3.17764e-14,3.05825e-11,4.65183e-12
Hessenberg basic,925,0,0,9,1e-12,0.794119,0,2.84217e-11,3.69925e-12
Hessenberg basic,925,0,1,9,1e-12,3.13046,5.68434e-14,2.36023e-11,4.78835e-12
Hessenberg basic,926,0,0,9,1e-12,2.11339,0,2.66027e-11,3.94455e-12
Hessenberg basic,926,0,1,9,1e-12,2.75895,2.13163e-14,2.75151e-11,4.6888e-12
Hessenberg basic,927,0,0,9,1e-12,1.07512,0,2.52385e-11,3.96223e-12
Hessenberg basic,927,0,1,9,1e-12,2.86546,9.50019e-14,2.25905e-11,4.79261e-12
Hessenberg basic,928,0,0,9,1e-12,0.921075,0,2.72848e-11,3.67234e-12
Hessenberg basic,928,0,1,9,1e-12,4.71112,1.42109e-14,2.45976e-11,4.63607e-12
Hessenberg basic,929,0,0,9,1e-12,0.785468,0,2.6148e-11,3.57313e-12
Hessenberg basic,929,0,1,9,1e-12,3.15519,3.17764e-14,2.55391e-11,4.89962e-12
Hessenberg basic,930,0,0,9,1e-12,0.744583,0,2.86491e-11,3.43591e-12
Hessenberg basic,930,0,1,9,1e-12,3.18568,1.42109e-14,2.45419e-11,5.06923e-12
Hessenberg basic,931,0,0,9,1e-12,0.954757,0,2.2269e-11,3.64025e-12
Hessenberg basic,931,0,1,9,1e-12,4.03817,1.43214e-14,2.76163e-11,4.54368e-12
Hessenberg basic,932,0,0,9,1e-12,1.744,0,1.98546e-11,3.79408e-12
Hessenberg basic,932,0,1,9,1e-12,3.06988,4.54969e-14,2.83862e-11,4.84144e-12
Hessenberg basic,933,0,0,9,1e-12,2.1178,0,2.63753e-11,3.81591e-12
Hessenberg basic,933,0,1,9,1e-12,2.74992,1.42109e-14,2.68936e-11,4.89344e-12
Hessenberg basic,934,0,0,9,1e-12,1.06493,0,2.56932e-11,3.83776e-12
Hessenberg basic,934,0,1,9,1e-12,3.05236,4.54969e-14,2.83716e-11,4.47597e-12
Hessenberg basic,935,0,0,9,1e-12,1.37007,0,2.17404e-11,3.56868e-12
Hessenberg basic,935,0,1,9,1e-12,4.8272,0,2.24629e-11,4.58402e-12
Hessenberg basic,936,0,0,9,1e-12,0.670772,0,1.97815e-11,3.61524e-12
Hessenberg basic,936,0,1,9,1e-12,3.0529,2.14822e-14,2.92317e-11,4.59636e-12
Hessenberg basic,937,0,0,9,1e-12,0.727629,0,2.79827e-11,3.64563e-12
Hessenberg basic,937,0,1,9,1e-12,3.45016,1.1099e-13,2.95815e-11,4.5571e-12
Hessenberg basic,938,0,0,9,1e-12,0.974613,0,3.97904e-11,3.83894e-12
Hessenberg basic,938,0,1,9,1e-12,3.21281,0,2.59575e-11,4.50109e-12
Hessenberg basic,939,0,0,9,1e-12,2.06216,0,2.4329e-11,3.59467e-12
Hessenberg basic,939,0,1,9,1e-12,2.92692,5.53197e-14,2.26012e-11,4.78744e-12
Hessenberg basic,940,0,0,9,1e-12,1.68986,1.42109e-14,1.90156e-11,3.80069e-12
Hessenberg basic,940,0,1,9,1e-12,2.82736,2.84217e-14,1.79787e-11,4.57848e-12
Hessenberg basic,941,0,0,9,1e-12,0.863443,0,2.77396e-11,3.88172e-12
Hessenberg basic,941,0,1,9,1e-12,4.26835,2.66454e-14,2.45942e-11,4.9915e-12
Hessenberg basic,942,0,0,9,1e-12,1.50186,0,2.56932e-11,3.50688e-12
Hessenberg basic,942,0,1,9,1e-12,4.12425,5.68434e-14,2.48244e-11,4.78145e-12
Hessenberg basic,943,0,0,9,1e-12,0.846355,0,2.02363e-11,3.68652e-12
Hessenberg basic,943,0,1,9,1e-12,2.99718,5.17283e-14,2.07857e-11,4.57513e-12
Hessenberg basic,944,0,0,9,1e-12,0.855502,0,2.24608e-11,3.6233e-12
Hessenberg basic,944,0,1,9,1e-12,3.37612,4.01944e-14,2.08639e-11,4.73914e-12
Hessenberg basic,945,0,0,9,1e-12,0.901553,0,2.52385e-11,4.08819e-12
Hessenberg basic,945,0,1,9,1e-12,3.54653,2.84217e-14,2.34592e-11,5.06328e-12
Hessenberg basic,946,0,0,9,1e-12,2.41364,0,2.22826e-11,3.97247e-12
Hessenberg basic,946,0,1,9,1e-12,2.76042,3.55271e-14,2.61727e-11,4.60189e-12
Hessenberg basic,947,0,0,9,1e-12,0.931351,0,1.95541e-11,3.64849e-12
Hessenberg basic,947,0,1,9,1e-12,3.44156,1.42109e-14,2.55063e-11,4.89322e-12
Hessenberg basic,948,0,0,9,1e-12,1.69506,0,2.35255e-11,3.50253e-12
Hessenberg basic,948,0,1,9,1e-12,5.02598,0,2.67461e-11,4.76805e-12
Hessenberg basic,949,0,0,9,1e-12,0.739164,0,2.11458e-11,3.64943e-12
Hessenberg basic,949,0,1,9,1e-12,2.94452,5.1238e-14,2.16006e-11,4.93893e-12
Hessenberg basic,950,0,0,9,1e-12,0.900004,0,2.34195e-11,3.76819e-12
Hessenberg basic,950,0,1,9,1e-12,3.73584,2.22045e-14,2.52825e-11,4.61445e-12
Hessenberg basic,951,0,0,9,1e-12,1.36629,0,2.31921e-11,3.74109e-12
Hessenberg basic,951,0,1,9,1e-12,3.51444,7.65278e-14,2.32528e-11,4.47632e-12
Hessenberg basic,952,0,0,9,1e-12,2.30402,0,3.00133e-11,3.55152e-12
Hessenberg basic,952,0,1,9,1e-12,3.07654,0,2.69224e-11,4.44098e-12
Hessenberg basic,953,0,0,9,1e-12,2.0227,0,2.68301e-11,3.43378e-12
Hessenberg basic,953,0,1,9,1e-12,3.07851,5.90488e-14,2.09795e-11,4.46701e-12
Hessenberg basic,954,0,0,9,1e-12,0.979936,0,3.47882e-11,3.8585e-12
Hessenberg basic,954,0,1,9,1e-12,4.01383,3.35162e-14,2.59507e-11,4.77917e-12
Hessenberg basic,955,0,0,9,1e-12,1.45989,0,2.54659e-11,3.89909e-12
Hessenberg basic,955,0,1,9,1e-12,4.57766,0,2.49917e-11,4.59775e-12
Hessenberg basic,956,0,0,9,1e-12,1.00418,0,2.1037e-11,3.70332e-12
Hessenberg basic,956,0,1,9,1e-12,3.81552,8.78893e-14,2.21474e-11,4.65879e-12
Hessenberg basic,957,0,0,9,1e-12,1.00108,0,2.09184e-11,3.59155e-12
Hessenberg basic,957,0,1,9,1e-12,4.16457,2.84217e-14,2.47338e-11,4.76985e-12
Hessenberg basic,958,0,0,9,1e-12,1.12082,0,2.4329e-11,3.48468e-12
Hessenberg basic,958,0,1,9,1e-12,3.57938,3.55271e-14,3.10582e-11,4.64022e-12
Hessenberg basic,959,0,0,9,1e-12,2.29343,0,2.29425e-11,3.73031e-12
Hessenberg basic,959,0,1,9,1e-12,3.95622,2.92964e-14,2.88382e-11,4.70679e-12
Hessenberg basic,960,0,0,9,1e-12,1.81068,0,2.30336e-11,3.72742e-12
Hessenberg basic,960,0,1,9,1e-12,3.21881,8.98773e-14,2.01867e-11,4.7158e-12
Hessenberg basic,961,0,0,9,1e-12,1.10086,0,2.19639e-11,3.83804e-12
Hessenberg basic,961,0,1,9,1e-12,4.34627,4.39446e-14,2.37635e-11,4.67404e-12
Hessenberg basic,962,0,0,9,1e-12,1.67393,0,1.90994e-11,3.44185e-12
Hessenberg basic,962,0,1,9,1e-12,4.32481,4.49387e-14,2.44025e-11,4.81784e-12
Hessenberg basic,963,0,0,9,1e-12,1.07985,0,2.75122e-11,3.41584e-12
Hessenberg basic,963,0,1,9,1e-12,3.73373,3.54467e-14,2.20036e-11,4.60038e-12
Hessenberg basic,964,0,0,9,1e-12,1.78511,0,2.4329e-11,3.75856e-12
Hessenberg basic,964,0,1,9,1e-12,4.53929,8.52651e-14,2.40944e-11,4.88422e-12
Hessenberg basic,965,0,0,9,1e-12,1.33834,0,2.56932e-11,4.06587e-12
Hessenberg basic,965,0,1,9,1e-12,3.65786,5.1238e-14,2.32899e-11,4.68804e-12
Hessenberg basic,966,0,0,9,1e-12,1.29928,0,2.41016e-11,3.82955e-12
Hessenberg basic,966,0,1,9,1e-12,4.93401,1.03457e-13,2.67432e-11,4.89597e-12
Hessenberg basic,967,0,0,9,1e-12,1.30963,0,3.06754e-11,4.28793e-12
Hessenberg basic,967,0,1,9,1e-12,4.13684,1.58882e-14,3.32036e-11,4.697e-12
Hessenberg basic,968,0,0,9,1e-12,0.979436,0,2.51328e-11,3.83491e-12
Hessenberg basic,968,0,1,9,1e-12,3.58258,2.13163e-14,2.19566e-11,4.73304e-12
Hessenberg basic,969,0,0,9,1e-12,1.79521,0,1.77351e-11,3.60429e-12
Hessenberg basic,969,0,1,9,1e-12,4.28574,1.42109e-14,2.23937e-11,4.69296e-12
Hessenberg basic,970,0,0,9,1e-12,1.31736,0,2.251e-11,3.75017e-12
Hessenberg basic,970,0,1,9,1e-12,4.04828,6.55088e-14,2.38626e-11,4.7454e-12
Hessenberg basic,971,0,0,9,1e-12,1.91377,0,2.00089e-11,3.77945e-12
Hessenberg basic,971,0,1,9,1e-12,4.57495,5.72858e-14,2.63224e-11,4.92396e-12
Hessenberg basic,972,0,0,9,1e-12,1.46676,0,2.62338e-11,3.77541e-12
Hessenberg basic,972,0,1,9,1e-12,3.53595,0,2.11973e-11,4.69225e-12
Hessenberg basic,973,0,0,9,1e-12,1.17616,0,2.0691e-11,3.58202e-12
Hessenberg basic,973,0,1,9,1e-12,3.47202,2.00972e-14,3.12173e-11,4.68267e-12
Hessenberg basic,974,0,0,9,1e-12,1.36854,0,2.4329e-11,3.65822e-12
Hessenberg basic,974,0,1,9,1e-12,3.97388,5.68434e-14,1.87276e-11,4.63761e-12
Hessenberg basic,975,0,0,9,1e-12,0.974494,0,2.14871e-11,3.43562e-12
Hessenberg basic,975,0,1,9,1e-12,3.78376,0,2.66803e-11,4.68068e-12
Hessenberg basic,976,0,0,9,1e-12,0.84234,0,2.56932e-11,3.37402e-12
Hessenberg basic,976,0,1,9,1e-12,4.74007,5.70927e-14,2.6045e-11,4.58495e-12
Hessenberg basic,977,0,0,9,1e-12,1.93365,0,2.28248e-11,3.64252e-12
Hessenberg basic,977,0,1,9,1e-12,5.08259,7.10543e-15,2.78533e-11,4.58734e-12
Hessenberg basic,978,0,0,9,1e-12,1.36347,0,2.20552e-11,3.72689e-12
Hessenberg basic,978,0,1,9,1e-12,4.42017,1.59872e-14,2.40565e-11,4.67617e-12
Hessenberg basic,979,0,0,9,1e-12,1.50386,0,2.81943e-11,3.75391e-12
Hessenberg basic,979,0,1,9,1e-12,3.70295,1.46482e-14,2.26292e-11,4.71781e-12
Hessenberg basic,980,0,0,9,1e-12,1.41709,0,2.56035e-11,3.7535e-12
Hessenberg basic,980,0,1,9,1e-12,3.53319,3.19744e-14,2.79792e-11,4.82517e-12
Hessenberg basic,981,0,0,9,1e-12,2.25203,0,2.70575e-11,3.94677e-12
Hessenberg basic,981,0,1,9,1e-12,4.29892,2.97772e-14,3.04816e-11,4.65091e-12
Hessenberg basic,982,0,0,9,1e-12,1.0598,0,2.16005e-11,3.64496e-12
Hessenberg basic,982,0,1,9,1e-12,4.26777,5.06885e-14,2.67461e-11,4.66079e-12
Hessenberg basic,983,0,0,9,1e-12,1.19547,0,1.90994e-11,3.78015e-12
Hessenberg basic,983,0,1,9,1e-12,3.92116,3.28626e-14,2.65405e-11,4.62132e-12
Hessenberg basic,984,0,0,9,1e-12,0.896272,0,2.09184e-11,3.48592e-12
Hessenberg basic,984,0,1,9,1e-12,4.40208,2.5619e-14,2.67183e-11,4.62721e-12
Hessenberg basic,985,0,0,9,1e-12,1.58425,0,2.09184e-11,3.52904e-12
Hessenberg basic,985,0,1,9,1e-12,5.49176,6.13972e-14,2.59218e-11,4.69825e-12
Hessenberg basic,986,0,0,9,1e-12,1.48898,0,2.84217e-11,3.94651e-12
Hessenberg basic,986,0,1,9,1e-12,4.82084,0,2.47493e-11,4.68105e-12
Hessenberg basic,987,0,0,9,1e-12,1.21928,0,2.27374e-11,3.6748e-12
Hessenberg basic,987,0,1,9,1e-12,4.29663,4.26326e-14,2.18422e-11,4.56761e-12
Hessenberg basic,988,0,0,9,1e-12,1.78795,0,1.82158e-11,3.36671e-12
Hessenberg basic,988,0,1,9,1e-12,3.35799,2.92964e-14,2.57575e-11,4.89243e-12
Hessenberg basic,989,0,0,9,1e-12,1.97391,0,3.91083e-11,3.55278e-12
Hessenberg basic,989,0,1,9,1e-12,4.76353,2.5619e-14,2.28249e-11,4.6832e-12
Hessenberg basic,990,0,0,9,1e-12,1.60005,0,2.34195e-11,3.75975e-12
Hessenberg basic,990,0,1,9,1e-12,4.29457,2.84217e-14,2.11897e-11,4.63677e-12
Hessenberg basic,991,0,0,9,1e-12,1.15858,0,2.16626e-11,3.70954e-12
Hessenberg basic,991,0,1,9,1e-12,5.48829,1.42109e-14,2.95774e-11,4.67377e-12
Hessenberg basic,992,0,0,9,1e-12,1.72722,0,2.4329e-11,4.04251e-12
Hessenberg basic,992,0,1,9,1e-12,5.18365,2.92964e-14,2.79126e-11,4.65266e-12
Hessenberg basic,993,0,0,9,1e-12,1.61364,0,2.11458e-11,3.5937e-12
Hessenberg basic,993,0,1,9,1e-12,3.98573,1.42109e-14,2.95661e-11,4.84827e-12
Hessenberg basic,994,0,0,9,1e-12,2.51971,0,2.27374e-11,3.5209e-12
Hessenberg basic,994,0,1,9,1e-12,4.86707,2.84217e-14,2.38396e-11,4.48658e-12
Hessenberg basic,995,0,0,9,1e-12,1.49243,0,2.45564e-11,3.53011e-12
Hessenberg basic,995,0,1,9,1e-12,4.61806,6.55088e-14,3.23161e-11,4.80822e-12
Hessenberg basic,996,0,0,9,1e-12,1.38687,0,2.251e-11,3.5168e-12
Hessenberg basic,996,0,1,9,1e-12,4.58154,4.21206e-14,2.3693e-11,4.61018e-12
Hessenberg basic,997,0,0,9,1e-12,1.22169,0,2.13731e-11,3.62082e-12
Hessenberg basic,997,0,1,9,1e-12,5.24506,6.11232e-14,2.46588e-11,4.50101e-12
Hessenberg basic,998,0,0,9,1e-12,2.19292,0,2.45113e-11,3.66965e-12
Hessenberg basic,998,0,1,9,1e-12,4.91868,0,2.24321e-11,4.81247e-12
Hessenberg basic,999,0,0,9,1e-12,1.25608,0,2.0735e-11,3.54591e-12
Hessenberg basic,999,0,1,9,1e-12,4.72545,3.19775e-14,2.57535e-11,4.62971e-12
Hessenberg basic,1000,0,0,9,1e-12,1.48622,0,2.36469e-11,3.63769e-12
Hessenberg basic,1000,0,1,9,1e-12,3.4821,2.84217e-14,2.56972e-11,4.52845e-12
