version, size, hermitian, complex, seed, tol, runtime in s,min_error, max_error, avg_error
Hessenberg basic,900,0,0,8,1e-12,0.703305,0,2.20552e-11,3.80587e-12
Hessenberg basic,900,0,1,8,1e-12,3.24494,3.17764e-14,1.92625e-11,4.52584e-12
Hessenberg basic,901,0,0,8,1e-12,0.675877,0,2.04636e-11,3.63224e-12
Hessenberg basic,901,0,1,8,1e-12,3.08074,3.17764e-14,2.29662e-11,4.49426e-12
Hessenberg basic,902,0,0,8,1e-12,1.73638,0,1.93268e-11,3.66931e-12
Hessenberg basic,902,0,1,8,1e-12,2.22427,0,2.28397e-11,4.35606e-12
Hessenberg basic,903,0,0,8,1e-12,0.724579,0,2.36469e-11,3.81565e-12
Hessenberg basic,903,0,1,8,1e-12,2.42791,1.42109e-14,2.11971e-11,4.51822e-12
Hessenberg basic,904,0,0,8,1e-12,1.66969,0,2.93312e-11,3.62656e-12
Hessenberg basic,904,0,1,8,1e-12,3.55556,4.26326e-14,2.15466e-11,4.47082e-12
Hessenberg basic,905,0,0,8,1e-12,0.994807,0,2.81943e-11,3.74439e-12
Hessenberg basic,905,0,1,8,1e-12,1.92583,3.17764e-14,2.11864e-11,4.51341e-12
Hessenberg basic,906,0,0,8,1e-12,1.20238,0,2.13553e-11,3.73653e-12
Hessenberg basic,906,0,1,8,1e-12,2.85742,5.68434e-14,2.17186e-11,4.43159e-12
Hessenberg basic,907,0,0,8,1e-12,2.14134,0,2.16005e-11,3.81855e-12
Hessenberg basic,907,0,1,8,1e-12,1.99578,4.26326e-14,3.33002e-11,4.52963e-12
Hessenberg basic,908,0,0,8,1e-12,1.00102,0,2.70575e-11,3.86617e-12
Hessenberg basic,908,0,1,8,1e-12,2.82986,5.1238e-14,2.30994e-11,4.59936e-12
Hessenberg basic,909,0,0,8,1e-12,1.46861,0,2.54659e-11,3.1392e-12
Hessenberg basic,909,0,1,8,1e-12,3.03161,1.58882e-14,2.24352e-11,4.12914e-12
Hessenberg basic,910,0,0,8,1e-12,1.0653,0,2.3646e-11,3.64412e-12
Hessenberg basic,910,0,1,8,1e-12,2.14253,3.17764e-14,2.36511e-11,4.52343e-12
Hessenberg basic,911,0,0,8,1e-12,1.11868,0,2.77396e-11,3.79627e-12
Hessenberg basic,911,0,1,8,1e-12,1.89025,2.13163e-14,2.04993e-11,4.56094e-12
Hessenberg basic,912,0,0,8,1e-12,2.02385,0,2.40245e-11,3.56733e-12
Hessenberg basic,912,0,1,8,1e-12,2.01099,7.41828e-14,2.66105e-11,4.5747e-12
Hessenberg basic,913,0,0,8,1e-12,0.697913,0,2.59206e-11,3.62514e-12
Hessenberg basic,913,0,1,8,1e-12,3.54673,2.84217e-14,2.48465e-11,4.44757e-12
Hessenberg basic,914,0,0,8,1e-12,0.629979,0,2.93312e-11,3.71454e-12
Hessenberg basic,914,0,1,8,1e-12,2.12225,2.92964e-14,3.28655e-11,4.59564e-12
Hessenberg basic,915,0,0,8,1e-12,0.922364,0,1.8872e-11,3.58167e-12
Hessenberg basic,915,0,1,8,1e-12,2.81144,6.55088e-14,2.67145e-11,4.48161e-12
Hessenberg basic,916,0,0,8,1e-12,1.75071,0,2.75122e-11,3.83704e-12
Hessenberg basic,916,0,1,8,1e-12,2.22299,2.84217e-14,2.03969e-11,4.41061e-12
Hessenberg basic,917,0,0,8,1e-12,0.700796,0,2.52385e-11,3.85174e-12
Hessenberg basic,917,0,1,8,1e-12,4.21065,2.27485e-14,2.1867e-11,4.55395e-12
Hessenberg basic,918,0,0,8,1e-12,1.43456,0,2.54659e-11,3.50042e-12
Hessenberg basic,918,0,1,8,1e-12,3.87953,1.42109e-14,3.12564e-11,4.55508e-12
Hessenberg basic,919,0,0,8,1e-12,0.76863,0,2.61005e-11,3.91488e-12
Hessenberg basic,919,0,1,8,1e-12,3.02844,1.42109e-14,4.51096e-11,4.3426e-12
Hessenberg basic,920,0,0,8,1e-12,1.032,0,2.45068e-11,3.24491e-12
Hessenberg basic,920,0,1,8,1e-12,4.28274,6.55088e-14,2.43366e-11,4.55185e-12
Hessenberg basic,921,0,0,8,1e-12,2.24578,0,2.49335e-11,3.3896e-12
Hessenberg basic,921,0,1,8,1e-12,2.64816,5.17283e-14,2.30994e-11,4.64039e-12
Hessenberg basic,922,0,0,8,1e-12,1.47499,0,2.50176e-11,3.82468e-12
Hessenberg basic,922,0,1,8,1e-12,3.10159,4.01944e-14,2.31935e-11,4.50729e-12
Hessenberg basic,923,0,0,8,1e-12,0.913233,0,2.86491e-11,3.70547e-12
Hessenberg basic,923,0,1,8,1e-12,4.31047,6.75017e-14,3.2455e-11,4.63685e-12
Hessenberg basic,924,0,0,8,1e-12,0.667437,0,2.7967e-11,3.77048e-12
Hessenberg basic,924,0,1,8,1e-12,2.91067,2.84217e-14,3.09798e-11,4.38627e-12
Hessenberg basic,925,0,0,8,1e-12,0.687955,0,2.52385e-11,3.65894e-12
Hessenberg basic,925,0,1,8,1e-12,3.2945,1.42109e-14,2.13592e-11,4.7557e-12
Hessenberg basic,926,0,0,8,1e-12,0.768661,0,2.59206e-11,3.5342e-12
Hessenberg basic,926,0,1,8,1e-12,2.11533,0,2.3531e-11,4.3395e-12
Hessenberg basic,927,0,0,8,1e-12,1.20816,0,1.7006e-11,3.46386e-12
Hessenberg basic,927,0,1,8,1e-12,2.12751,4.97697e-14,2.64542e-11,4.43618e-12
Hessenberg basic,928,0,0,8,1e-12,0.692682,0,2.81943e-11,3.7747e-12
Hessenberg basic,928,0,1,8,1e-12,4.26585,6.35529e-14,3.34827e-11,4.19172e-12
Hessenberg basic,929,0,0,8,1e-12,0.731398,0,1.83547e-11,3.42516e-12
Hessenberg basic,929,0,1,8,1e-12,2.22046,3.82639e-14,2.5295e-11,4.47972e-12
Hessenberg basic,930,0,0,8,1e-12,0.853245,0,2.27374e-11,3.71237e-12
Hessenberg basic,930,0,1,8,1e-12,3.17572,2.84217e-14,2.09209e-11,4.5194e-12
Hessenberg basic,931,0,0,8,1e-12,1.23939,0,2.251e-11,3.69251e-12
Hessenberg basic,931,0,1,8,1e-12,2.33554,2.00972e-14,2.17942e-11,4.33726e-12
Hessenberg basic,932,0,0,8,1e-12,1.04618,0,2.18326e-11,3.68756e-12
Hessenberg basic,932,0,1,8,1e-12,2.27479,1.58882e-14,2.22838e-11,4.56496e-12
Hessenberg basic,933,0,0,8,1e-12,1.17005,0,2.50111e-11,3.50767e-12
Hessenberg basic,933,0,1,8,1e-12,4.32348,3.62307e-14,2.00295e-11,4.40501e-12
Hessenberg basic,934,0,0,8,1e-12,0.73978,0,3.70619e-11,3.59285e-12
Hessenberg basic,934,0,1,8,1e-12,2.33725,6.02916e-14,2.87104e-11,4.47829e-12
Hessenberg basic,935,0,0,8,1e-12,0.777333,0,3.04681e-11,3.51244e-12
Hessenberg basic,935,0,1,8,1e-12,3.44701,0,2.40801e-11,4.47463e-12
Hessenberg basic,936,0,0,8,1e-12,1.61403,0,2.22826e-11,3.66413e-12
Hessenberg basic,936,0,1,8,1e-12,2.4443,4.26326e-14,2.6438e-11,4.38693e-12
Hessenberg basic,937,0,0,8,1e-12,1.02307,0,2.30118e-11,3.84428e-12
Hessenberg basic,937,0,1,8,1e-12,2.91087,6.02916e-14,2.42044e-11,4.42345e-12
Hessenberg basic,938,0,0,8,1e-12,0.885638,0,2.9786e-11,3.89761e-12
Hessenberg basic,938,0,1,8,1e-12,4.77674,7.10543e-15,2.42896e-11,4.5284e-12
Hessenberg basic,939,0,0,8,1e-12,0.729554,0,2.9424e-11,3.95566e-12
Hessenberg basic,939,0,1,8,1e-12,3.42275,6.07088e-14,3.41091e-11,4.53156e-12
Hessenberg basic,940,0,0,8,1e-12,0.843968,0,3.04681e-11,3.53606e-12
Hessenberg basic,940,0,1,8,1e-12,3.04661,2.5619e-14,2.46216e-11,4.40976e-12
Hessenberg basic,941,0,0,8,1e-12,0.815634,0,3.13776e-11,3.8653e-12
Hessenberg basic,941,0,1,8,1e-12,2.51804,2.84217e-14,2.25775e-11,4.56237e-12
Hessenberg basic,942,0,0,8,1e-12,1.76147,0,2.68301e-11,3.78669e-12
Hessenberg basic,942,0,1,8,1e-12,2.66982,0,2.15359e-11,4.49999e-12
Hessenberg basic,943,0,0,8,1e-12,0.934384,0,2.41016e-11,3.76303e-12
Hessenberg basic,943,0,1,8,1e-12,2.73069,4.29492e-14,2.6739e-11,4.39081e-12
Hessenberg basic,944,0,0,8,1e-12,1.1418,0,2.68301e-11,3.87703e-12
Hessenberg basic,944,0,1,8,1e-12,4.79434,0,2.04672e-11,4.41087e-12
Hessenberg basic,945,0,0,8,1e-12,0.754302,0,3.81988e-11,3.36232e-12
Hessenberg basic,945,0,1,8,1e-12,3.46278,2.84217e-14,2.25421e-11,4.46085e-12
Hessenberg basic,946,0,0,8,1e-12,0.872635,0,1.7053e-11,3.71353e-12
Hessenberg basic,946,0,1,8,1e-12,3.09334,6.02916e-14,3.02469e-11,4.56469e-12
Hessenberg basic,947,0,0,8,1e-12,1.07119,0,2.11458e-11,3.28404e-12
Hessenberg basic,947,0,1,8,1e-12,3.74425,3.55271e-14,2.33588e-11,4.43099e-12
Hessenberg basic,948,0,0,8,1e-12,2.04927,0,3.36513e-11,4.15538e-12
Hessenberg basic,948,0,1,8,1e-12,3.2537,6.8482e-14,2.31028e-11,4.39904e-12
Hessenberg basic,949,0,0,8,1e-12,2.21078,0,2.36469e-11,3.62031e-12
Hessenberg basic,949,0,1,8,1e-12,3.07103,2.5619e-14,2.28034e-11,4.31797e-12
Hessenberg basic,950,0,0,8,1e-12,1.19232,0,2.84217e-11,3.33707e-12
Hessenberg basic,950,0,1,8,1e-12,4.12666,1.01734e-13,2.38038e-11,4.54276e-12
Hessenberg basic,951,0,0,8,1e-12,1.47185,0,2.68301e-11,3.80735e-12
Hessenberg basic,951,0,1,8,1e-12,4.83929,3.82639e-14,2.60445e-11,4.56235e-12
Hessenberg basic,952,0,0,8,1e-12,1.01631,0,2.4329e-11,3.43934e-12
Hessenberg basic,952,0,1,8,1e-12,4.47614,4.32206e-14,2.0572e-11,4.5277e-12
Hessenberg basic,953,0,0,8,1e-12,0.897511,0,2.93312e-11,3.51147e-12
Hessenberg basic,953,0,1,8,1e-12,3.54679,0,2.56518e-11,4.32367e-12
Hessenberg basic,954,0,0,8,1e-12,1.33237,0,2.93312e-11,3.32955e-12
Hessenberg basic,954,0,1,8,1e-12,4.8224,5.1238e-14,2.29214e-11,4.53722e-12
Hessenberg basic,955,0,0,8,1e-12,1.19009,0,1.95541e-11,3.50889e-12
Hessenberg basic,955,0,1,8,1e-12,3.86534,3.77659e-14,2.3614e-11,4.36507e-12
Hessenberg basic,956,0,0,8,1e-12,1.44799,0,2.22826e-11,3.52365e-12
Hessenberg basic,956,0,1,8,1e-12,3.92678,3.55271e-15,3.04683e-11,4.58128e-12
Hessenberg basic,957,0,0,8,1e-12,1.66054,0,2.27374e-11,3.24862e-12
Hessenberg basic,957,0,1,8,1e-12,3.75722,2.84217e-14,2.63668e-11,4.51553e-12
Hessenberg basic,958,0,0,8,1e-12,0.953676,0,2.20552e-11,3.28184e-12
Hessenberg basic,958,0,1,8,1e-12,3.87684,7.94411e-14,2.60571e-11,4.45286e-12
Hessenberg basic,959,0,0,8,1e-12,0.816172,0,1.90184e-11,3.38751e-12
Hessenberg basic,959,0,1,8,1e-12,4.09525,0,2.18196e-11,4.42108e-12
Hessenberg basic,960,0,0,8,1e-12,1.53379,0,2.59206e-11,3.29829e-12
Hessenberg basic,960,0,1,8,1e-12,3.78148,0,2.17275e-11,4.45575e-12
Hessenberg basic,961,0,0,8,1e-12,1.26068,0,3.54703e-11,3.64728e-12
Hessenberg basic,961,0,1,8,1e-12,3.88316,0,3.07638e-11,4.60959e-12
Hessenberg basic,962,0,0,8,1e-12,1.40645,0,2.11458e-11,3.79796e-12
Hessenberg basic,962,0,1,8,1e-12,3.62248,5.85929e-14,2.94719e-11,4.42771e-12
Hessenberg basic,963,0,0,8,1e-12,1.04417,0,2.53295e-11,4.08821e-12
Hessenberg basic,963,0,1,8,1e-12,3.50508,3.55271e-15,3.08709e-11,4.45089e-12
Hessenberg basic,964,0,0,8,1e-12,1.09881,0,2.29647e-11,3.81258e-12
Hessenberg basic,964,0,1,8,1e-12,3.22635,5.72858e-14,2.27649e-11,4.3176e-12
Hessenberg basic,965,0,0,8,1e-12,1.27114,0,3.36513e-11,3.58135e-12
Hessenberg basic,965,0,1,8,1e-12,3.46497,0,2.60799e-11,4.26944e-12
Hessenberg basic,966,0,0,8,1e-12,1.09173,0,2.18279e-11,3.51447e-12
Hessenberg basic,966,0,1,8,1e-12,3.15198,2.84217e-14,2.06973e-11,4.50666e-12
Hessenberg basic,967,0,0,8,1e-12,1.19691,0,3.36513e-11,3.80226e-12
Hessenberg basic,967,0,1,8,1e-12,2.78436,1.58882e-14,2.60152e-11,4.53615e-12
Hessenberg basic,968,0,0,8,1e-12,1.01001,0,2.59206e-11,3.83812e-12
Hessenberg basic,968,0,1,8,1e-12,3.88396,1.42109e-14,3.19929e-11,4.41455e-12
Hessenberg basic,969,0,0,8,1e-12,1.21502,0,2.31221e-11,3.91988e-12
Hessenberg basic,969,0,1,8,1e-12,4.0433,0,2.30367e-11,4.45337e-12
Hessenberg basic,970,0,0,8,1e-12,1.36841,0,2.72848e-11,3.58795e-12
Hessenberg basic,970,0,1,8,1e-12,3.41896,7.41828e-14,3.77957e-11,4.46414e-12
Hessenberg basic,971,0,0,8,1e-12,1.19403,0,3.25144e-11,3.55017e-12
Hessenberg basic,971,0,1,8,1e-12,4.27209,7.49446e-14,2.43926e-11,4.46362e-12
Hessenberg basic,972,0,0,8,1e-12,1.2852,0,3.00133e-11,3.44796e-12
Hessenberg basic,972,0,1,8,1e-12,5.07027,0,2.28293e-11,4.47202e-12
Hessenberg basic,973,0,0,8,1e-12,1.54349,0,2.40407e-11,4.07294e-12
Hessenberg basic,973,0,1,8,1e-12,3.69306,0,2.8316e-11,4.47743e-12
Hessenberg basic,974,0,0,8,1e-12,1.8712,0,2.55901e-11,3.61615e-12
Hessenberg basic,974,0,1,8,1e-12,3.88953,7.10543e-15,3.18324e-11,4.62233e-12
Hessenberg basic,975,0,0,8,1e-12,1.74225,0,2.36469e-11,3.62646e-12
Hessenberg basic,975,0,1,8,1e-12,4.27448,3.33747e-14,2.02442e-11,4.30037e-12
Hessenberg basic,976,0,0,8,1e-12,1.01136,0,2.0691e-11,3.73594e-12
Hessenberg basic,976,0,1,8,1e-12,4.24174,4.01944e-14,2.32048e-11,4.57693e-12
Hessenberg basic,977,0,0,8,1e-12,0.929412,0,3.38787e-11,3.59854e-12
Hessenberg basic,977,0,1,8,1e-12,4.57158,5.72858e-14,2.71804e-11,4.39382e-12
Hessenberg basic,978,0,0,8,1e-12,2.05875,0,2.81943e-11,3.69497e-12
Hessenberg basic,978,0,1,8,1e-12,5.2849,0,2.38753e-11,4.43501e-12
Hessenberg basic,979,0,0,8,1e-12,1.36822,0,2.72848e-11,3.72637e-12
Hessenberg basic,979,0,1,8,1e-12,3.92211,5.85929e-14,2.58109e-11,4.67464e-12
Hessenberg basic,980,0,0,8,1e-12,2.1762,0,2.72848e-11,3.61786e-12
Hessenberg basic,980,0,1,8,1e-12,3.58941,2.13163e-14,2.62626e-11,4.57499e-12
Hessenberg basic,981,0,0,8,1e-12,1.91431,0,2.59206e-11,4.04372e-12
Hessenberg basic,981,0,1,8,1e-12,4.02844,6.78577e-14,3.67474e-11,4.57954e-12
Hessenberg basic,982,0,0,8,1e-12,1.33134,0,3.68345e-11,3.61088e-12
Hessenberg basic,982,0,1,8,1e-12,4.93789,1.58882e-14,2.30829e-11,4.56143e-12
Hessenberg basic,983,0,0,8,1e-12,1.66751,0,4.02451e-11,3.57981e-12
Hessenberg basic,983,0,1,8,1e-12,5.4472,5.1238e-14,1.99937e-11,4.54226e-12
Hessenberg basic,984,0,0,8,1e-12,1.48765,0,3.04681e-11,3.71237e-12
Hessenberg basic,984,0,1,8,1e-12,4.19183,5.68434e-14,2.66028e-11,4.5519e-12
Hessenberg basic,985,0,0,8,1e-12,1.52749,0,3.09228e-11,3.75081e-12
Hessenberg basic,985,0,1,8,1e-12,4.03991,0,2.84354e-11,4.35219e-12
Hessenberg basic,986,0,0,8,1e-12,1.52037,0,2.75122e-11,3.67351e-12
Hessenberg basic,986,0,1,8,1e-12,4.1527,5.68434e-14,3.02031e-11,4.59702e-12
Hessenberg basic,987,0,0,8,1e-12,1.02612,0,2.09184e-11,3.73498e-12
Hessenberg basic,987,0,1,8,1e-12,3.95334,0,2.62756e-11,4.4493e-12
Hessenberg basic,988,0,0,8,1e-12,1.59039,0,3.20597e-11,3.76608e-12
Hessenberg basic,988,0,1,8,1e-12,4.0731,4.26326e-14,2.84417e-11,4.495e-12
Hessenberg basic,989,0,0,8,1e-12,2.1339,0,2.16005e-11,3.84873e-12
Hessenberg basic,989,0,1,8,1e-12,5.3374,5.02429e-15,2.42822e-11,4.54164e-12
Hessenberg basic,990,0,0,8,1e-12,1.14288,0,2.22826e-11,3.33842e-12
Hessenberg basic,990,0,1,8,1e-12,4.26007,0,2.00376e-11,4.33115e-12
Hessenberg basic,991,0,0,8,1e-12,1.42478,0,4.97948e-11,3.92975e-12
Hessenberg basic,991,0,1,8,1e-12,3.3609,2.84217e-14,2.85524e-11,4.53232e-12
Hessenberg basic,992,0,0,8,1e-12,2.1816,0,2.66027e-11,3.77638e-12
Hessenberg basic,992,0,1,8,1e-12,4.57637,0,2.10725e-11,4.31826e-12
Hessenberg basic,993,0,0,8,1e-12,1.86465,0,2.6148e-11,3.66618e-12
Hessenberg basic,993,0,1,8,1e-12,5.16748,3.17764e-14,2.71491e-11,4.60875e-12
Hessenberg basic,994,0,0,8,1e-12,1.47697,0,3.02407e-11,3.75193e-12
Hessenberg basic,994,0,1,8,1e-12,4.72926,6.35529e-14,3.26157e-11,4.63134e-12
Hessenberg basic,995,0,0,8,1e-12,1.9785,0,2.57809e-11,3.73158e-12
Hessenberg basic,995,0,1,8,1e-12,4.76839,1.89221e-14,2.78226e-11,4.45087e-12
Hessenberg basic,996,0,0,8,1e-12,2.14723,0,2.23559e-11,3.82513e-12
Hessenberg basic,996,0,1,8,1e-12,4.90939,2.84217e-14,2.47892e-11,4.43845e-12
Hessenberg basic,997,0,0,8,1e-12,1.39408,0,3.41061e-11,3.8423e-12
Hessenberg basic,997,0,1,8,1e-12,4.26112,7.10543e-14,4.27899e-11,4.64827e-12
Hessenberg basic,998,0,0,8,1e-12,1.45773,0,2.251e-11,3.4464e-12
Hessenberg basic,998,0,1,8,1e-12,3.90394,0,2.51595e-11,4.50888e-12
Hessenberg basic,999,0,0,8,1e-12,2.06111,0,2.251e-11,3.79518e-12
Hessenberg basic,999,0,1,8,1e-12,4.6555,5.1238e-14,2.09925e-11,4.48083e-12
Hessenberg basic,1000,0,0,8,1e-12,1.17673,0,3.61524e-11,3.29329e-12
Hessenberg basic,1000,0,1,8,1e-12,4.65015,8.64413e-14,2.25937e-11,4.46575e-12
