version, size, hermitian, complex, seed, tol, runtime in s,min_error, max_error, avg_error
Hessenberg basic,900,0,0,7,1e-12,0.824259,0,4.75995e-11,4.02069e-12
Hessenberg basic,900,0,1,7,1e-12,4.16936,5.1238e-14,2.30815e-11,4.61598e-12
Hessenberg basic,901,0,0,7,1e-12,1.25798,0,5.13213e-11,4.04963e-12
Hessenberg basic,901,0,1,7,1e-12,2.62773,1.43507e-14,2.0258e-11,4.64305e-12
Hessenberg basic,902,0,0,7,1e-12,0.988153,0,4.79395e-11,3.4383e-12
Hessenberg basic,902,0,1,7,1e-12,2.27956,2.46299e-14,1.97953e-11,4.53659e-12
Hessenberg basic,903,0,0,7,1e-12,1.39583,0,4.864e-11,3.29408e-12
Hessenberg basic,903,0,1,7,1e-12,3.57722,2.54336e-14,2.89042e-11,4.59603e-12
Hessenberg basic,904,0,0,7,1e-12,1.47466,0,4.79686e-11,3.911e-12
Hessenberg basic,904,0,1,7,1e-12,2.60457,3.17764e-14,2.50779e-11,4.63015e-12
Hessenberg basic,905,0,0,7,1e-12,0.754289,0,4.82579e-11,3.72087e-12
Hessenberg basic,905,0,1,7,1e-12,2.25241,1.42109e-14,2.2518e-11,4.31264e-12
Hessenberg basic,906,0,0,7,1e-12,1.26666,0,4.87246e-11,3.41352e-12
Hessenberg basic,906,0,1,7,1e-12,2.00645,2.92964e-14,2.18325e-11,4.39767e-12
Hessenberg basic,907,0,0,7,1e-12,1.08834,0,4.87516e-11,3.72783e-12
Hessenberg basic,907,0,1,7,1e-12,2.51904,1.42109e-14,2.77623e-11,4.52807e-12
Hessenberg basic,908,0,0,7,1e-12,1.06798,0,4.83646e-11,3.66835e-12
Hessenberg basic,908,0,1,7,1e-12,2.07986,4.76647e-14,2.13592e-11,4.66925e-12
Hessenberg basic,909,0,0,7,1e-12,0.671219,0,4.89639e-11,3.62252e-12
Hessenberg basic,909,0,1,7,1e-12,2.57714,0,2.2516e-11,4.57081e-12
Hessenberg basic,910,0,0,7,1e-12,1.28922,0,4.8728e-11,4.19576e-12
Hessenberg basic,910,0,1,7,1e-12,3.10363,1.00486e-14,2.24701e-11,4.49598e-12
Hessenberg basic,911,0,0,7,1e-12,0.868677,0,4.84905e-11,3.39081e-12
Hessenberg basic,911,0,1,7,1e-12,2.66268,5.01251e-14,2.78904e-11,4.47074e-12
Hessenberg basic,912,0,0,7,1e-12,1.34263,0,4.84335e-11,3.61734e-12
Hessenberg basic,912,0,1,7,1e-12,3.19161,2.87331e-14,2.96014e-11,4.31649e-12
Hessenberg basic,913,0,0,7,1e-12,0.725845,0,4.85586e-11,3.71174e-12
Hessenberg basic,913,0,1,7,1e-12,2.23583,5.68434e-14,2.29827e-11,4.62146e-12
Hessenberg basic,914,0,0,7,1e-12,0.845235,0,4.87522e-11,3.9786e-12
Hessenberg basic,914,0,1,7,1e-12,3.3055,5.81876e-14,2.11213e-11,4.59878e-12
Hessenberg basic,915,0,0,7,1e-12,0.783162,0,4.87387e-11,3.2437e-12
Hessenberg basic,915,0,1,7,1e-12,2.37953,3.05616e-14,2.31564e-11,4.54527e-12
Hessenberg basic,916,0,0,7,1e-12,0.813142,0,4.82949e-11,3.88128e-12
Hessenberg basic,916,0,1,7,1e-12,3.22103,4.35032e-14,2.11995e-11,4.37709e-12
Hessenberg basic,917,0,0,7,1e-12,1.32459,0,4.74049e-11,3.67318e-12
Hessenberg basic,917,0,1,7,1e-12,2.23136,2.05299e-14,1.94535e-11,4.26446e-12
Hessenberg basic,918,0,0,7,1e-12,0.814302,0,4.90852e-11,3.48392e-12
Hessenberg basic,918,0,1,7,1e-12,2.91459,3.20237e-14,2.55323e-11,4.65018e-12
Hessenberg basic,919,0,0,7,1e-12,1.0118,0,4.76185e-11,3.28935e-12
Hessenberg basic,919,0,1,7,1e-12,2.20965,1.42109e-14,2.97403e-11,4.71312e-12
Hessenberg basic,920,0,0,7,1e-12,0.758864,0,4.84187e-11,3.63952e-12
Hessenberg basic,920,0,1,7,1e-12,3.4448,1.75007e-14,2.59577e-11,4.65619e-12
Hessenberg basic,921,0,0,7,1e-12,1.14166,0,4.90644e-11,3.41917e-12
Hessenberg basic,921,0,1,7,1e-12,2.63606,6.97149e-14,2.27794e-11,4.66256e-12
Hessenberg basic,922,0,0,7,1e-12,0.835982,0,4.81942e-11,3.46676e-12
Hessenberg basic,922,0,1,7,1e-12,3.03621,4.54969e-14,2.29591e-11,4.76405e-12
Hessenberg basic,923,0,0,7,1e-12,1.22548,0,4.81428e-11,3.58402e-12
Hessenberg basic,923,0,1,7,1e-12,2.34489,5.0243e-14,2.80171e-11,4.53262e-12
Hessenberg basic,924,0,0,7,1e-12,0.961103,0,4.83579e-11,3.46003e-12
Hessenberg basic,924,0,1,7,1e-12,2.69515,3.17764e-14,2.32725e-11,4.60156e-12
Hessenberg basic,925,0,0,7,1e-12,1.22463,0,4.81174e-11,3.3929e-12
Hessenberg basic,925,0,1,7,1e-12,2.18858,3.58036e-14,2.10496e-11,4.41624e-12
Hessenberg basic,926,0,0,7,1e-12,1.15656,0,4.74544e-11,3.74369e-12
Hessenberg basic,926,0,1,7,1e-12,2.38075,6.35529e-14,2.58947e-11,4.63778e-12
Hessenberg basic,927,0,0,7,1e-12,1.59987,0,4.77764e-11,3.5446e-12
Hessenberg basic,927,0,1,7,1e-12,2.53246,2.13348e-14,3.1543e-11,4.74272e-12
Hessenberg basic,928,0,0,7,1e-12,0.800771,0,4.83613e-11,3.53107e-12
Hessenberg basic,928,0,1,7,1e-12,2.44837,0,1.94866e-11,4.56112e-12
Hessenberg basic,929,0,0,7,1e-12,1.02671,0,4.77304e-11,3.64563e-12
Hessenberg basic,929,0,1,7,1e-12,2.52626,1.85501e-14,2.09448e-11,4.64333e-12
Hessenberg basic,930,0,0,7,1e-12,0.764955,0,4.86194e-11,3.87375e-12
Hessenberg basic,930,0,1,7,1e-12,3.5394,4.76647e-14,2.82401e-11,4.60108e-12
Hessenberg basic,931,0,0,7,1e-12,1.67163,0,4.81953e-11,3.48927e-12
Hessenberg basic,931,0,1,7,1e-12,3.5009,4.27065e-14,2.18037e-11,4.6945e-12
Hessenberg basic,932,0,0,7,1e-12,1.05018,0,4.77461e-11,3.72646e-12
Hessenberg basic,932,0,1,7,1e-12,2.80969,0,2.03217e-11,4.54078e-12
Hessenberg basic,933,0,0,7,1e-12,0.821531,0,4.82327e-11,3.76346e-12
Hessenberg basic,933,0,1,7,1e-12,4.20064,4.12119e-14,2.53062e-11,4.58218e-12
Hessenberg basic,934,0,0,7,1e-12,1.25594,0,4.82446e-11,3.48577e-12
Hessenberg basic,934,0,1,7,1e-12,2.88899,4.15834e-14,2.1378e-11,4.58927e-12
Hessenberg basic,935,0,0,7,1e-12,0.693982,0,4.82169e-11,3.68353e-12
Hessenberg basic,935,0,1,7,1e-12,2.91698,2.5619e-14,2.92257e-11,4.57538e-12
Hessenberg basic,936,0,0,7,1e-12,1.20917,0,4.94481e-11,3.34451e-12
Hessenberg basic,936,0,1,7,1e-12,2.28338,2.77476e-14,2.38255e-11,4.49664e-12
Hessenberg basic,937,0,0,7,1e-12,0.883298,0,4.91286e-11,3.64071e-12
Hessenberg basic,937,0,1,7,1e-12,3.23674,3.49902e-14,2.27597e-11,4.63061e-12
Hessenberg basic,938,0,0,7,1e-12,1.32684,0,4.7689e-11,3.62765e-12
Hessenberg basic,938,0,1,7,1e-12,3.28643,0,2.457e-11,4.69003e-12
Hessenberg basic,939,0,0,7,1e-12,0.828059,0,4.95676e-11,3.50842e-12
Hessenberg basic,939,0,1,7,1e-12,2.60186,0,1.90194e-11,4.61869e-12
Hessenberg basic,940,0,0,7,1e-12,0.893122,0,4.81959e-11,3.6906e-12
Hessenberg basic,940,0,1,7,1e-12,3.71694,2.46779e-14,2.54273e-11,4.51372e-12
Hessenberg basic,941,0,0,7,1e-12,1.22984,0,4.77556e-11,3.69834e-12
Hessenberg basic,941,0,1,7,1e-12,2.67845,0,3.07291e-11,4.64376e-12
Hessenberg basic,942,0,0,7,1e-12,1.37082,0,4.84735e-11,3.85337e-12
Hessenberg basic,942,0,1,7,1e-12,3.84333,2.4869e-14,2.23871e-11,4.64665e-12
Hessenberg basic,943,0,0,7,1e-12,1.5748,0,4.83326e-11,3.68003e-12
Hessenberg basic,943,0,1,7,1e-12,2.92171,3.17764e-14,2.5032e-11,4.81719e-12
Hessenberg basic,944,0,0,7,1e-12,1.34886,0,4.91989e-11,4.01157e-12
Hessenberg basic,944,0,1,7,1e-12,2.58275,1.31006e-14,2.66416e-11,4.70473e-12
Hessenberg basic,945,0,0,7,1e-12,1.50582,0,4.86905e-11,3.81308e-12
Hessenberg basic,945,0,1,7,1e-12,2.605,0,3.25502e-11,4.77017e-12
Hessenberg basic,946,0,0,7,1e-12,1.29563,0,4.79493e-11,3.69297e-12
Hessenberg basic,946,0,1,7,1e-12,2.25705,2.84217e-14,2.87954e-11,4.60705e-12
Hessenberg basic,947,0,0,7,1e-12,1.16929,0,4.85335e-11,3.91443e-12
Hessenberg basic,947,0,1,7,1e-12,3.67636,4.49387e-14,2.78707e-11,4.75125e-12
Hessenberg basic,948,0,0,7,1e-12,2.02877,0,4.75873e-11,3.63098e-12
Hessenberg basic,948,0,1,7,1e-12,3.49314,3.49902e-14,2.119e-11,4.58568e-12
Hessenberg basic,949,0,0,7,1e-12,1.85002,0,4.84831e-11,3.67564e-12
Hessenberg basic,949,0,1,7,1e-12,3.35922,4.29276e-14,2.50498e-11,4.68957e-12
Hessenberg basic,950,0,0,7,1e-12,1.86448,0,4.84415e-11,3.9039e-12
Hessenberg basic,950,0,1,7,1e-12,3.94741,3.82639e-14,2.30591e-11,4.66173e-12
Hessenberg basic,951,0,0,7,1e-12,1.69656,0,4.90315e-11,3.57682e-12
Hessenberg basic,951,0,1,7,1e-12,3.78739,4.01944e-14,2.4558e-11,4.77221e-12
Hessenberg basic,952,0,0,7,1e-12,1.4856,0,4.86271e-11,3.87849e-12
Hessenberg basic,952,0,1,7,1e-12,3.76012,1.91319e-14,2.28684e-11,4.59669e-12
Hessenberg basic,953,0,0,7,1e-12,1.58515,0,4.92696e-11,3.73284e-12
Hessenberg basic,953,0,1,7,1e-12,4.09931,3.17764e-14,2.15861e-11,4.81183e-12
Hessenberg basic,954,0,0,7,1e-12,1.56868,0,4.82198e-11,3.59822e-12
Hessenberg basic,954,0,1,7,1e-12,3.9328,4.01944e-14,2.01941e-11,4.68496e-12
Hessenberg basic,955,0,0,7,1e-12,1.49006,0,4.8364e-11,3.67966e-12
Hessenberg basic,955,0,1,7,1e-12,3.97458,3.17764e-14,2.18601e-11,4.72888e-12
Hessenberg basic,956,0,0,7,1e-12,1.63211,0,4.85281e-11,3.93903e-12
Hessenberg basic,956,0,1,7,1e-12,4.04967,4.54969e-14,2.58588e-11,4.81892e-12
Hessenberg basic,957,0,0,7,1e-12,1.73998,0,4.76693e-11,3.9399e-12
Hessenberg basic,957,0,1,7,1e-12,4.15091,3.03544e-14,2.33709e-11,4.72529e-12
Hessenberg basic,958,0,0,7,1e-12,1.47829,0,4.76799e-11,3.64288e-12
Hessenberg basic,958,0,1,7,1e-12,4.18229,0,3.00357e-11,4.67525e-12
Hessenberg basic,959,0,0,7,1e-12,1.64617,0,4.84647e-11,3.57836e-12
Hessenberg basic,959,0,1,7,1e-12,4.13469,1.59872e-14,2.30148e-11,4.58683e-12
Hessenberg basic,960,0,0,7,1e-12,1.60446,0,4.81986e-11,3.53498e-12
Hessenberg basic,960,0,1,7,1e-12,4.05029,4.76647e-14,2.13674e-11,4.72184e-12
Hessenberg basic,961,0,0,7,1e-12,1.40921,0,4.96231e-11,3.85885e-12
Hessenberg basic,961,0,1,7,1e-12,4.21609,0,2.54679e-11,4.87372e-12
Hessenberg basic,962,0,0,7,1e-12,1.71669,0,4.79612e-11,3.77926e-12
Hessenberg basic,962,0,1,7,1e-12,4.0174,2.27485e-14,1.89963e-11,4.35763e-12
Hessenberg basic,963,0,0,7,1e-12,2.04157,0,4.87914e-11,3.74593e-12
Hessenberg basic,963,0,1,7,1e-12,4.41722,2.84217e-14,2.66489e-11,4.64492e-12
Hessenberg basic,964,0,0,7,1e-12,1.66414,0,4.85478e-11,4.01118e-12
Hessenberg basic,964,0,1,7,1e-12,3.77647,5.68434e-14,2.25869e-11,4.76721e-12
Hessenberg basic,965,0,0,7,1e-12,1.35448,0,4.83212e-11,3.76651e-12
Hessenberg basic,965,0,1,7,1e-12,3.76031,0,3.26438e-11,4.60532e-12
Hessenberg basic,966,0,0,7,1e-12,1.54204,0,4.90798e-11,3.92052e-12
Hessenberg basic,966,0,1,7,1e-12,2.96302,3.91202e-14,2.60955e-11,4.84804e-12
Hessenberg basic,967,0,0,7,1e-12,1.50868,0,4.90797e-11,3.99619e-12
Hessenberg basic,967,0,1,7,1e-12,2.52884,1.77636e-15,2.58087e-11,4.90011e-12
Hessenberg basic,968,0,0,7,1e-12,1.61409,0,4.86832e-11,3.83556e-12
Hessenberg basic,968,0,1,7,1e-12,2.45395,5.32907e-15,2.5005e-11,4.68144e-12
Hessenberg basic,969,0,0,7,1e-12,1.87221,0,4.8391e-11,3.98962e-12
Hessenberg basic,969,0,1,7,1e-12,2.61351,2.51215e-14,2.25111e-11,4.71275e-12
Hessenberg basic,970,0,0,7,1e-12,2.73804,0,4.8685e-11,3.44355e-12
Hessenberg basic,970,0,1,7,1e-12,3.80241,6.4837e-14,2.65046e-11,4.55214e-12
Hessenberg basic,971,0,0,7,1e-12,2.16168,0,4.86124e-11,4.05639e-12
Hessenberg basic,971,0,1,7,1e-12,3.3937,1.42109e-14,2.58329e-11,4.82366e-12
Hessenberg basic,972,0,0,7,1e-12,1.99611,0,4.9966e-11,3.93342e-12
Hessenberg basic,972,0,1,7,1e-12,3.50711,0,2.33797e-11,4.82556e-12
Hessenberg basic,973,0,0,7,1e-12,1.85086,0,4.80035e-11,3.85721e-12
Hessenberg basic,973,0,1,7,1e-12,3.65836,4.99309e-14,2.43237e-11,4.85099e-12
Hessenberg basic,974,0,0,7,1e-12,1.33964,0,4.85113e-11,3.84998e-12
Hessenberg basic,974,0,1,7,1e-12,3.03897,5.51529e-14,2.39272e-11,4.70693e-12
Hessenberg basic,975,0,0,7,1e-12,1.01987,0,4.75702e-11,3.78387e-12
Hessenberg basic,975,0,1,7,1e-12,3.71117,1.06585e-14,2.89872e-11,4.83118e-12
Hessenberg basic,976,0,0,7,1e-12,1.04225,0,4.82205e-11,3.55092e-12
Hessenberg basic,976,0,1,7,1e-12,5.21355,2.13163e-14,2.36475e-11,4.75862e-12
Hessenberg basic,977,0,0,7,1e-12,1.77475,0,4.83874e-11,3.79328e-12
Hessenberg basic,977,0,1,7,1e-12,4.58861,4.84256e-14,2.08931e-11,4.62709e-12
Hessenberg basic,978,0,0,7,1e-12,1.40981,0,4.79781e-11,3.71365e-12
Hessenberg basic,978,0,1,7,1e-12,4.25122,4.76647e-14,2.20696e-11,4.79839e-12
Hessenberg basic,979,0,0,7,1e-12,1.23977,0,4.92696e-11,3.7742e-12
Hessenberg basic,979,0,1,7,1e-12,3.82654,2.70567e-14,2.97443e-11,4.72111e-12
Hessenberg basic,980,0,0,7,1e-12,1.47619,0,5.00127e-11,3.84935e-12
Hessenberg basic,980,0,1,7,1e-12,3.69491,2.86429e-14,2.62813e-11,4.72336e-12
Hessenberg basic,981,0,0,7,1e-12,1.70387,0,4.88075e-11,3.70647e-12
Hessenberg basic,981,0,1,7,1e-12,3.2036,2.24693e-14,2.97427e-11,4.9131e-12
Hessenberg basic,982,0,0,7,1e-12,1.63124,0,4.79432e-11,4.17832e-12
Hessenberg basic,982,0,1,7,1e-12,3.03338,2.13163e-14,2.20553e-11,4.85194e-12
Hessenberg basic,983,0,0,7,1e-12,1.70093,0,4.8259e-11,3.9644e-12
Hessenberg basic,983,0,1,7,1e-12,3.06507,1.42109e-14,2.53399e-11,4.62187e-12
Hessenberg basic,984,0,0,7,1e-12,1.6739,0,4.78156e-11,3.69004e-12
Hessenberg basic,984,0,1,7,1e-12,2.6578,7.82404e-14,2.27203e-11,4.61386e-12
Hessenberg basic,985,0,0,7,1e-12,1.40081,0,4.83732e-11,3.94108e-12
Hessenberg basic,985,0,1,7,1e-12,3.06662,0,2.26519e-11,4.64963e-12
Hessenberg basic,986,0,0,7,1e-12,1.15525,0,4.86024e-11,3.98778e-12
Hessenberg basic,986,0,1,7,1e-12,3.8645,4.30217e-14,2.56935e-11,4.85403e-12
Hessenberg basic,987,0,0,7,1e-12,0.958483,0,4.88669e-11,3.65455e-12
Hessenberg basic,987,0,1,7,1e-12,4.66434,2.71629e-14,2.60058e-11,4.70369e-12
Hessenberg basic,988,0,0,7,1e-12,1.41406,0,4.74572e-11,3.81709e-12
Hessenberg basic,988,0,1,7,1e-12,3.8422,3.17764e-14,2.34096e-11,4.52953e-12
Hessenberg basic,989,0,0,7,1e-12,2.15663,0,4.80723e-11,4.03477e-12
Hessenberg basic,989,0,1,7,1e-12,4.12744,0,2.75254e-11,4.72327e-12
Hessenberg basic,990,0,0,7,1e-12,1.7017,0,4.80525e-11,3.60056e-12
Hessenberg basic,990,0,1,7,1e-12,4.73111,4.73991e-14,2.97952e-11,4.88138e-12
Hessenberg basic,991,0,0,7,1e-12,1.10448,0,4.80542e-11,3.8135e-12
Hessenberg basic,991,0,1,7,1e-12,4.78189,2.13163e-14,2.80933e-11,4.71381e-12
Hessenberg basic,992,0,0,7,1e-12,1.20087,0,4.79931e-11,3.71775e-12
Hessenberg basic,992,0,1,7,1e-12,4.90269,2.51215e-14,2.27885e-11,4.70268e-12
Hessenberg basic,993,0,0,7,1e-12,1.79377,0,4.84813e-11,3.84889e-12
Hessenberg basic,993,0,1,7,1e-12,6.16731,3.10227e-14,2.75735e-11,4.72476e-12
Hessenberg basic,994,0,0,7,1e-12,1.93858,0,4.81097e-11,3.75991e-12
Hessenberg basic,994,0,1,7,1e-12,5.2312,0,2.39793e-11,4.69862e-12
Hessenberg basic,995,0,0,7,1e-12,1.75235,0,4.84363e-11,3.98503e-12
Hessenberg basic,995,0,1,7,1e-12,4.14451,5.42298e-14,2.22989e-11,4.35935e-12
Hessenberg basic,996,0,0,7,1e-12,1.71379,0,4.79355e-11,3.92892e-12
Hessenberg basic,996,0,1,7,1e-12,3.6448,7.10543e-14,2.45142e-11,4.81135e-12
Hessenberg basic,997,0,0,7,1e-12,3.12167,0,4.81544e-11,4.01086e-12
Hessenberg basic,997,0,1,7,1e-12,4.68691,0,2.6003e-11,4.72015e-12
Hessenberg basic,998,0,0,7,1e-12,1.85401,0,4.78617e-11,3.74003e-12
Hessenberg basic,998,0,1,7,1e-12,5.27798,1.29321e-14,2.72006e-11,4.78602e-12
Hessenberg basic,999,0,0,7,1e-12,1.34802,0,4.78429e-11,4.10167e-12
Hessenberg basic,999,0,1,7,1e-12,4.09781,1.86517e-14,2.42044e-11,4.67679e-12
Hessenberg basic,1000,0,0,7,1e-12,1.03749,0,4.8101e-11,3.51735e-12
Hessenberg basic,1000,0,1,7,1e-12,4.48831,2.07157e-14,3.68458e-11,4.69813e-12
