version, size, hermitian, complex, seed, tol, runtime in s,min_error, max_error, avg_error
Hessenberg basic,900,0,0,1,1e-12,0.525753,0,2.3916e-11,3.59753e-12
Hessenberg basic,900,0,1,1,1e-12,1.66112,3.62307e-14,2.3829e-11,4.58246e-12
Hessenberg basic,901,0,0,1,1e-12,0.518799,0,2.34195e-11,3.96924e-12
Hessenberg basic,901,0,1,1,1e-12,2.40197,4.27803e-14,1.9545e-11,4.6423e-12
Hessenberg basic,902,0,0,1,1e-12,1.02765,0,1.89407e-11,3.64705e-12
Hessenberg basic,902,0,1,1,1e-12,1.82701,8.64413e-14,2.18752e-11,4.54369e-12
Hessenberg basic,903,0,0,1,1e-12,1.83236,0,2.31921e-11,3.30734e-12
Hessenberg basic,903,0,1,1,1e-12,2.0478,3.55271e-14,2.72668e-11,4.60469e-12
Hessenberg basic,904,0,0,1,1e-12,1.89486,0,1.7847e-11,3.27427e-12
Hessenberg basic,904,0,1,1,1e-12,1.88796,6.24763e-14,3.64146e-11,4.68068e-12
Hessenberg basic,905,0,0,1,1e-12,1.39487,0,2.56932e-11,4.11434e-12
Hessenberg basic,905,0,1,1,1e-12,2.09046,4.27803e-14,2.84035e-11,4.54974e-12
Hessenberg basic,906,0,0,1,1e-12,1.24983,0,2.0691e-11,3.76717e-12
Hessenberg basic,906,0,1,1,1e-12,2.21116,5.68434e-14,2.64445e-11,4.58428e-12
Hessenberg basic,907,0,0,1,1e-12,0.912456,0,1.97815e-11,3.58857e-12
Hessenberg basic,907,0,1,1,1e-12,3.52269,1.42109e-14,2.44572e-11,4.73119e-12
Hessenberg basic,908,0,0,1,1e-12,1.04518,0,2.251e-11,3.66462e-12
Hessenberg basic,908,0,1,1,1e-12,3.93337,5.68434e-14,3.29464e-11,4.56151e-12
Hessenberg basic,909,0,0,1,1e-12,1.24133,0,1.81899e-11,3.78677e-12
Hessenberg basic,909,0,1,1,1e-12,3.82636,3.17764e-14,2.40351e-11,4.4694e-12
Hessenberg basic,910,0,0,1,1e-12,1.62237,0,2.95586e-11,4.09544e-12
Hessenberg basic,910,0,1,1,1e-12,3.23789,3.3704e-14,2.37352e-11,4.76587e-12
Hessenberg basic,911,0,0,1,1e-12,1.4986,0,2.84217e-11,3.79363e-12
Hessenberg basic,911,0,1,1,1e-12,2.96817,7.10543e-15,2.1124e-11,4.55902e-12
Hessenberg basic,912,0,0,1,1e-12,1.67017,0,3.11502e-11,4.07468e-12
Hessenberg basic,912,0,1,1,1e-12,2.97226,0,2.27374e-11,4.51434e-12
Hessenberg basic,913,0,0,1,1e-12,1.55429,0,3.45608e-11,3.96111e-12
Hessenberg basic,913,0,1,1,1e-12,3.53544,2.27485e-14,2.18752e-11,4.71537e-12
Hessenberg basic,914,0,0,1,1e-12,1.50199,0,2.319e-11,3.77203e-12
Hessenberg basic,914,0,1,1,1e-12,3.45266,0,3.00357e-11,4.47418e-12
Hessenberg basic,915,0,0,1,1e-12,1.53575,0,3.25144e-11,3.7926e-12
Hessenberg basic,915,0,1,1,1e-12,3.94931,1.62182e-14,2.26351e-11,4.57637e-12
Hessenberg basic,916,0,0,1,1e-12,1.43572,0,2.20333e-11,3.99697e-12
Hessenberg basic,916,0,1,1,1e-12,3.75318,2.84217e-14,2.88106e-11,4.69717e-12
Hessenberg basic,917,0,0,1,1e-12,1.13016,0,2.13731e-11,3.93631e-12
Hessenberg basic,917,0,1,1,1e-12,4.12538,7.10543e-15,3.18796e-11,4.69974e-12
Hessenberg basic,918,0,0,1,1e-12,1.56057,0,3.06954e-11,4.11247e-12
Hessenberg basic,918,0,1,1,1e-12,3.60036,4.01944e-14,2.33568e-11,4.54406e-12
Hessenberg basic,919,0,0,1,1e-12,1.59058,0,3.16049e-11,4.01361e-12
Hessenberg basic,919,0,1,1,1e-12,3.80168,4.67287e-14,2.95595e-11,4.86408e-12
Hessenberg basic,920,0,0,1,1e-12,1.67818,0,3.31966e-11,3.74596e-12
Hessenberg basic,920,0,1,1,1e-12,3.98051,0,2.27512e-11,4.74479e-12
Hessenberg basic,921,0,0,1,1e-12,0.847631,0,2.37866e-11,4.19831e-12
Hessenberg basic,921,0,1,1,1e-12,3.59752,4.61853e-14,3.5325e-11,4.94886e-12
Hessenberg basic,922,0,0,1,1e-12,1.10081,0,2.29647e-11,4.32594e-12
Hessenberg basic,922,0,1,1,1e-12,3.61501,6.07088e-14,2.24744e-11,4.49096e-12
Hessenberg basic,923,0,0,1,1e-12,1.60051,0,4.38831e-11,3.82847e-12
Hessenberg basic,923,0,1,1,1e-12,3.72096,2.84772e-14,2.25146e-11,4.81293e-12
Hessenberg basic,924,0,0,1,1e-12,1.83695,0,2.41016e-11,3.89041e-12
Hessenberg basic,924,0,1,1,1e-12,3.83241,2.94173e-14,2.18222e-11,4.7283e-12
Hessenberg basic,925,0,0,1,1e-12,1.37632,0,2.84217e-11,3.86438e-12
Hessenberg basic,925,0,1,1,1e-12,3.79859,3.84285e-14,2.32966e-11,4.78035e-12
Hessenberg basic,926,0,0,1,1e-12,1.31297,0,2.31921e-11,4.36884e-12
Hessenberg basic,926,0,1,1,1e-12,3.98485,6.86143e-14,2.92853e-11,4.81704e-12
Hessenberg basic,927,0,0,1,1e-12,1.70174,0,2.86491e-11,4.07651e-12
Hessenberg basic,927,0,1,1,1e-12,3.74974,2.13163e-14,2.59246e-11,4.69571e-12
Hessenberg basic,928,0,0,1,1e-12,1.73828,0,2.20552e-11,4.13245e-12
Hessenberg basic,928,0,1,1,1e-12,3.97506,4.68972e-14,2.12521e-11,4.71113e-12
Hessenberg basic,929,0,0,1,1e-12,1.82841,0,4.3201e-11,3.97376e-12
Hessenberg basic,929,0,1,1,1e-12,3.92444,4.49387e-14,2.56804e-11,4.81721e-12
Hessenberg basic,930,0,0,1,1e-12,1.39524,0,3.22871e-11,3.44671e-12
Hessenberg basic,930,0,1,1,1e-12,4.40241,5.42298e-14,2.28429e-11,4.43776e-12
Hessenberg basic,931,0,0,1,1e-12,1.85352,0,2.86491e-11,4.37021e-12
Hessenberg basic,931,0,1,1,1e-12,3.78374,0,2.69685e-11,4.62651e-12
Hessenberg basic,932,0,0,1,1e-12,1.55068,0,2.35178e-11,3.84662e-12
Hessenberg basic,932,0,1,1,1e-12,3.94157,0,2.50699e-11,4.88108e-12
Hessenberg basic,933,0,0,1,1e-12,2.06357,0,2.22826e-11,4.3248e-12
Hessenberg basic,933,0,1,1,1e-12,4.18208,1.57401e-14,2.71652e-11,4.87594e-12
Hessenberg basic,934,0,0,1,1e-12,1.26074,0,3.31966e-11,4.05351e-12
Hessenberg basic,934,0,1,1,1e-12,3.83954,3.51701e-14,2.40708e-11,4.78893e-12
Hessenberg basic,935,0,0,1,1e-12,1.40516,0,2.4329e-11,3.31769e-12
Hessenberg basic,935,0,1,1,1e-12,4.40145,1.42109e-14,2.48244e-11,4.57533e-12
Hessenberg basic,936,0,0,1,1e-12,2.09491,0,1.93752e-11,3.72515e-12
Hessenberg basic,936,0,1,1,1e-12,3.99997,5.0243e-14,2.70804e-11,4.75989e-12
Hessenberg basic,937,0,0,1,1e-12,1.48366,0,2.68301e-11,3.91199e-12
Hessenberg basic,937,0,1,1,1e-12,4.34426,5.68434e-14,2.71007e-11,4.78198e-12
Hessenberg basic,938,0,0,1,1e-12,2.16743,0,2.68525e-11,4.29336e-12
Hessenberg basic,938,0,1,1,1e-12,4.58698,5.73958e-14,2.54173e-11,4.53127e-12
Hessenberg basic,939,0,0,1,1e-12,1.22076,0,2.23348e-11,3.81394e-12
Hessenberg basic,939,0,1,1,1e-12,4.15198,9.56597e-15,2.05018e-11,4.60561e-12
Hessenberg basic,940,0,0,1,1e-12,1.33472,0,4.18368e-11,3.73373e-12
Hessenberg basic,940,0,1,1,1e-12,4.5615,2.5619e-14,1.97449e-11,4.44405e-12
Hessenberg basic,941,0,0,1,1e-12,1.74497,0,3.16049e-11,3.76693e-12
Hessenberg basic,941,0,1,1,1e-12,3.85586,1.58882e-14,2.15169e-11,4.86541e-12
Hessenberg basic,942,0,0,1,1e-12,1.22204,0,2.23949e-11,4.05967e-12
Hessenberg basic,942,0,1,1,1e-12,4.15465,0,2.8429e-11,4.61242e-12
Hessenberg basic,943,0,0,1,1e-12,2.23261,0,3.18323e-11,3.82931e-12
Hessenberg basic,943,0,1,1,1e-12,4.5988,3.55271e-14,2.74445e-11,4.97492e-12
Hessenberg basic,944,0,0,1,1e-12,1.3177,0,3.72893e-11,3.71701e-12
Hessenberg basic,944,0,1,1,1e-12,4.15571,5.68434e-14,2.37102e-11,4.58705e-12
Hessenberg basic,945,0,0,1,1e-12,1.52695,0,2.41016e-11,3.5186e-12
Hessenberg basic,945,0,1,1,1e-12,4.71757,2.84217e-14,2.07559e-11,4.82695e-12
Hessenberg basic,946,0,0,1,1e-12,2.03766,0,2.09184e-11,4.03512e-12
Hessenberg basic,946,0,1,1,1e-12,4.09787,0,2.51903e-11,4.93281e-12
Hessenberg basic,947,0,0,1,1e-12,1.60673,0,4.52474e-11,3.85484e-12
Hessenberg basic,947,0,1,1,1e-12,4.40142,2.54336e-14,2.68888e-11,4.53486e-12
Hessenberg basic,948,0,0,1,1e-12,2.30977,0,2.50111e-11,3.68919e-12
Hessenberg basic,948,0,1,1,1e-12,4.6995,3.55271e-15,3.18333e-11,5.02457e-12
Hessenberg basic,949,0,0,1,1e-12,1.3445,0,2.20552e-11,3.74897e-12
Hessenberg basic,949,0,1,1,1e-12,4.23777,3.17764e-14,2.55866e-11,4.7245e-12
Hessenberg basic,950,0,0,1,1e-12,1.69794,0,2.17366e-11,3.84163e-12
Hessenberg basic,950,0,1,1,1e-12,4.81772,5.05248e-14,2.40898e-11,4.93054e-12
Hessenberg basic,951,0,0,1,1e-12,2.22454,0,2.59206e-11,3.7324e-12
Hessenberg basic,951,0,1,1,1e-12,4.12611,2.00972e-14,2.67959e-11,4.71281e-12
Hessenberg basic,952,0,0,1,1e-12,1.86974,0,2.34195e-11,3.89783e-12
Hessenberg basic,952,0,1,1,1e-12,4.29299,6.35529e-14,2.97568e-11,4.55637e-12
Hessenberg basic,953,0,0,1,1e-12,2.46414,0,3.22871e-11,3.84354e-12
Hessenberg basic,953,0,1,1,1e-12,4.73859,7.09333e-15,2.63057e-11,5.01195e-12
Hessenberg basic,954,0,0,1,1e-12,1.75077,0,3.22871e-11,3.64098e-12
Hessenberg basic,954,0,1,1,1e-12,4.58455,0,2.77629e-11,4.86735e-12
Hessenberg basic,955,0,0,1,1e-12,1.96321,0,2.63753e-11,3.79898e-12
Hessenberg basic,955,0,1,1,1e-12,5.0119,0,3.0101e-11,4.54869e-12
Hessenberg basic,956,0,0,1,1e-12,2.26628,0,4.82032e-11,4.19469e-12
Hessenberg basic,956,0,1,1,1e-12,4.48823,3.55271e-14,3.53396e-11,4.79254e-12
Hessenberg basic,957,0,0,1,1e-12,2.04018,0,2.34933e-11,4.33552e-12
Hessenberg basic,957,0,1,1,1e-12,4.38714,0,2.61223e-11,4.73676e-12
Hessenberg basic,958,0,0,1,1e-12,2.32136,0,2.41016e-11,3.83056e-12
Hessenberg basic,958,0,1,1,1e-12,4.79084,3.10227e-14,2.52389e-11,4.71562e-12
Hessenberg basic,959,0,0,1,1e-12,1.80301,0,3.79714e-11,3.53548e-12
Hessenberg basic,959,0,1,1,1e-12,4.51059,4.27803e-14,2.48296e-11,4.68465e-12
Hessenberg basic,960,0,0,1,1e-12,1.7792,0,3.04681e-11,3.71147e-12
Hessenberg basic,960,0,1,1,1e-12,4.89326,1.42109e-14,3.03457e-11,4.79927e-12
Hessenberg basic,961,0,0,1,1e-12,2.22615,0,3.81988e-11,3.72781e-12
Hessenberg basic,961,0,1,1,1e-12,4.41926,3.17764e-14,2.57936e-11,4.51455e-12
Hessenberg basic,962,0,0,1,1e-12,2.11968,0,4.38831e-11,3.67159e-12
Hessenberg basic,962,0,1,1,1e-12,4.32595,4.76647e-14,2.26439e-11,4.66377e-12
Hessenberg basic,963,0,0,1,1e-12,2.32132,0,3.56977e-11,3.82774e-12
Hessenberg basic,963,0,1,1,1e-12,4.57594,0,2.70278e-11,4.88077e-12
Hessenberg basic,964,0,0,1,1e-12,2.22511,0,2.36469e-11,3.43674e-12
Hessenberg basic,964,0,1,1,1e-12,4.40763,5.41133e-14,2.17213e-11,4.57003e-12
Hessenberg basic,965,0,0,1,1e-12,2.07654,0,2.52385e-11,3.67797e-12
Hessenberg basic,965,0,1,1,1e-12,4.47337,2.58641e-14,2.30459e-11,4.79581e-12
Hessenberg basic,966,0,0,1,1e-12,1.85259,0,2.81943e-11,3.56103e-12
Hessenberg basic,966,0,1,1,1e-12,4.86824,7.32411e-14,3.7591e-11,4.79249e-12
Hessenberg basic,967,0,0,1,1e-12,2.15609,0,1.81388e-11,3.86165e-12
Hessenberg basic,967,0,1,1,1e-12,4.45213,0,2.91167e-11,4.90707e-12
Hessenberg basic,968,0,0,1,1e-12,2.18259,0,2.09184e-11,3.9693e-12
Hessenberg basic,968,0,1,1,1e-12,4.80952,6.35529e-14,2.40869e-11,4.56127e-12
Hessenberg basic,969,0,0,1,1e-12,2.40003,0,1.65581e-11,3.53132e-12
Hessenberg basic,969,0,1,1,1e-12,4.79583,1.46482e-14,2.54752e-11,4.90853e-12
Hessenberg basic,970,0,0,1,1e-12,1.90816,0,3.50155e-11,3.77171e-12
Hessenberg basic,970,0,1,1,1e-12,4.66716,7.10543e-14,2.39469e-11,4.77373e-12
Hessenberg basic,971,0,0,1,1e-12,1.9822,0,2.9786e-11,4.02626e-12
Hessenberg basic,971,0,1,1,1e-12,4.97442,4.27803e-14,2.26394e-11,4.71809e-12
Hessenberg basic,972,0,0,1,1e-12,2.22673,0,3.25144e-11,3.79856e-12
Hessenberg basic,972,0,1,1,1e-12,4.61631,1.58882e-14,3.31514e-11,4.87466e-12
Hessenberg basic,973,0,0,1,1e-12,2.43075,0,1.77351e-11,3.91109e-12
Hessenberg basic,973,0,1,1,1e-12,5.07709,7.10543e-15,2.9303e-11,5.15775e-12
Hessenberg basic,974,0,0,1,1e-12,2.49288,0,2.09184e-11,3.76897e-12
Hessenberg basic,974,0,1,1,1e-12,4.96714,3.55271e-15,2.0636e-11,4.6729e-12
Hessenberg basic,975,0,0,1,1e-12,1.96238,0,2.75122e-11,3.50818e-12
Hessenberg basic,975,0,1,1,1e-12,5.17403,4.27803e-14,2.82026e-11,4.81702e-12
Hessenberg basic,976,0,0,1,1e-12,2.41905,0,2.29647e-11,3.5761e-12
Hessenberg basic,976,0,1,1,1e-12,4.84621,2.84217e-14,2.42622e-11,4.7325e-12
Hessenberg basic,977,0,0,1,1e-12,2.07649,0,2.22826e-11,3.57891e-12
Hessenberg basic,977,0,1,1,1e-12,4.74908,3.05947e-14,2.84864e-11,4.85539e-12
Hessenberg basic,978,0,0,1,1e-12,2.31769,0,3.5925e-11,3.6658e-12
Hessenberg basic,978,0,1,1,1e-12,5.20819,1.19162e-14,2.77843e-11,4.9262e-12
Hessenberg basic,979,0,0,1,1e-12,2.35297,0,2.20552e-11,3.40694e-12
Hessenberg basic,979,0,1,1,1e-12,5.00061,1.86517e-14,2.5295e-11,4.45843e-12
Hessenberg basic,980,0,0,1,1e-12,2.0391,0,1.93268e-11,3.69692e-12
Hessenberg basic,980,0,1,1,1e-12,5.15941,5.54952e-14,2.31198e-11,4.91697e-12
Hessenberg basic,981,0,0,1,1e-12,2.52345,0,1.94458e-11,3.47057e-12
Hessenberg basic,981,0,1,1,1e-12,4.94403,3.17764e-14,2.56942e-11,4.65618e-12
Hessenberg basic,982,0,0,1,1e-12,2.41788,0,2.59206e-11,3.35317e-12
Hessenberg basic,982,0,1,1,1e-12,4.76611,2.30926e-14,2.82287e-11,4.76365e-12
Hessenberg basic,983,0,0,1,1e-12,2.59535,0,2.31921e-11,3.97266e-12
Hessenberg basic,983,0,1,1,1e-12,5.27344,4.01944e-14,2.51669e-11,4.6221e-12
Hessenberg basic,984,0,0,1,1e-12,2.61235,0,3.86535e-11,3.54117e-12
Hessenberg basic,984,0,1,1,1e-12,4.99918,4.32206e-14,2.56542e-11,4.54536e-12
Hessenberg basic,985,0,0,1,1e-12,2.19432,0,1.95541e-11,3.56978e-12
Hessenberg basic,985,0,1,1,1e-12,4.87923,4.26326e-14,2.3754e-11,4.86428e-12
Hessenberg basic,986,0,0,1,1e-12,2.11876,0,2.36469e-11,3.69173e-12
Hessenberg basic,986,0,1,1,1e-12,5.53911,2.00972e-14,3.25861e-11,4.79732e-12
Hessenberg basic,987,0,0,1,1e-12,2.46302,0,2.52385e-11,3.61952e-12
Hessenberg basic,987,0,1,1,1e-12,4.88942,5.85929e-14,2.2734e-11,4.60854e-12
Hessenberg basic,988,0,0,1,1e-12,2.59071,0,2.81943e-11,3.61883e-12
Hessenberg basic,988,0,1,1,1e-12,5.30027,4.26326e-14,3.33736e-11,4.73019e-12
Hessenberg basic,989,0,0,1,1e-12,2.71789,0,2.4329e-11,3.87882e-12
Hessenberg basic,989,0,1,1,1e-12,4.7497,1.58882e-14,2.49873e-11,4.79256e-12
Hessenberg basic,990,0,0,1,1e-12,2.27453,0,3.9563e-11,3.57975e-12
Hessenberg basic,990,0,1,1,1e-12,4.73066,4.49387e-14,2.87631e-11,4.83959e-12
Hessenberg basic,991,0,0,1,1e-12,1.94299,0,2.92002e-11,3.83331e-12
Hessenberg basic,991,0,1,1,1e-12,5.33694,3.55271e-14,2.80124e-11,4.94481e-12
Hessenberg basic,992,0,0,1,1e-12,2.14268,0,2.34195e-11,3.65873e-12
Hessenberg basic,992,0,1,1,1e-12,4.72303,4.01944e-14,2.54884e-11,4.93628e-12
Hessenberg basic,993,0,0,1,1e-12,2.05345,0,2.22826e-11,3.72698e-12
Hessenberg basic,993,0,1,1,1e-12,4.87058,5.68434e-14,2.0676e-11,4.56015e-12
Hessenberg basic,994,0,0,1,1e-12,2.67126,0,5.18412e-11,3.80752e-12
Hessenberg basic,994,0,1,1,1e-12,5.05639,4.32206e-14,2.87913e-11,5.04973e-12
Hessenberg basic,995,0,0,1,1e-12,2.17702,0,4.09273e-11,3.77012e-12
Hessenberg basic,995,0,1,1,1e-12,5.01513,3.70914e-14,2.73851e-11,4.89601e-12
Hessenberg basic,996,0,0,1,1e-12,1.94704,0,3.79714e-11,3.80421e-12
Hessenberg basic,996,0,1,1,1e-12,4.80452,3.27544e-14,2.42942e-11,4.9913e-12
Hessenberg basic,997,0,0,1,1e-12,2.2252,0,3.43334e-11,3.56657e-12
Hessenberg basic,997,0,1,1,1e-12,5.39086,3.26096e-14,3.06111e-11,5.05716e-12
Hessenberg basic,998,0,0,1,1e-12,2.94121,0,3.02407e-11,3.81034e-12
Hessenberg basic,998,0,1,1,1e-12,4.76688,6.83609e-14,2.56932e-11,4.90575e-12
Hessenberg basic,999,0,0,1,1e-12,2.20537,0,2.16005e-11,3.73859e-12
Hessenberg basic,999,0,1,1,1e-12,4.95358,1.58671e-14,2.40245e-11,4.66077e-12
Hessenberg basic,1000,0,0,1,1e-12,2.63997,0,3.79714e-11,3.90138e-12
Hessenberg basic,1000,0,1,1,1e-12,5.38562,3.17764e-14,2.85849e-11,4.94712e-12
