version, size, hermitian, complex, seed, tol, runtime in s,min_error, max_error, avg_error
Hessenberg basic,900,0,0,3,1e-12,1.07906,0,2.9786e-11,3.491e-12
Hessenberg basic,900,0,1,3,1e-12,2.35866,1.28095e-14,3.91882e-11,4.42445e-12
Hessenberg basic,901,0,0,3,1e-12,0.842281,0,2.3465e-11,3.46458e-12
Hessenberg basic,901,0,1,3,1e-12,2.57066,4.27803e-14,2.28537e-11,4.60682e-12
Hessenberg basic,902,0,0,3,1e-12,0.94216,0,2.29647e-11,3.62339e-12
Hessenberg basic,902,0,1,3,1e-12,2.41004,0,2.98276e-11,4.60893e-12
Hessenberg basic,903,0,0,3,1e-12,1.31489,0,2.22826e-11,3.07363e-12
Hessenberg basic,903,0,1,3,1e-12,2.22938,0,2.29455e-11,4.57014e-12
Hessenberg basic,904,0,0,3,1e-12,0.766199,0,1.97379e-11,3.28258e-12
Hessenberg basic,904,0,1,3,1e-12,2.47097,4.32206e-14,1.96599e-11,4.53924e-12
Hessenberg basic,905,0,0,3,1e-12,0.669918,0,2.04636e-11,3.17071e-12
Hessenberg basic,905,0,1,3,1e-12,2.2032,7.10543e-15,2.96014e-11,4.44605e-12
Hessenberg basic,906,0,0,3,1e-12,0.758288,0,2.38742e-11,3.33933e-12
Hessenberg basic,906,0,1,3,1e-12,2.57791,5.68434e-14,3.11095e-11,4.55608e-12
Hessenberg basic,907,0,0,3,1e-12,0.860964,0,3.22871e-11,3.42331e-12
Hessenberg basic,907,0,1,3,1e-12,3.58939,2.84217e-14,3.02728e-11,4.65306e-12
Hessenberg basic,908,0,0,3,1e-12,1.22032,0,3.20597e-11,3.27215e-12
Hessenberg basic,908,0,1,3,1e-12,2.70085,2.84217e-14,2.18373e-11,4.61883e-12
Hessenberg basic,909,0,0,3,1e-12,1.07248,0,2.02363e-11,3.49492e-12
Hessenberg basic,909,0,1,3,1e-12,2.26716,6.49052e-14,1.94388e-11,4.45865e-12
Hessenberg basic,910,0,0,3,1e-12,1.13973,0,2.56932e-11,3.41135e-12
Hessenberg basic,910,0,1,3,1e-12,2.12519,5.08671e-14,1.9974e-11,4.4658e-12
Hessenberg basic,911,0,0,3,1e-12,0.663863,0,1.86446e-11,3.27851e-12
Hessenberg basic,911,0,1,3,1e-12,2.29956,0,2.39175e-11,4.7392e-12
Hessenberg basic,912,0,0,3,1e-12,0.688592,0,2.47837e-11,3.2734e-12
Hessenberg basic,912,0,1,3,1e-12,3.73629,1.46482e-14,2.31542e-11,4.70484e-12
Hessenberg basic,913,0,0,3,1e-12,1.25959,0,2.41016e-11,3.37529e-12
Hessenberg basic,913,0,1,3,1e-12,3.72449,4.15834e-14,2.4921e-11,4.67117e-12
Hessenberg basic,914,0,0,3,1e-12,0.838686,0,2.18421e-11,3.58063e-12
Hessenberg basic,914,0,1,3,1e-12,2.61736,7.55317e-14,2.61453e-11,4.57114e-12
Hessenberg basic,915,0,0,3,1e-12,1.01923,0,2.93312e-11,3.24566e-12
Hessenberg basic,915,0,1,3,1e-12,1.93724,6.35529e-14,2.49179e-11,4.60913e-12
Hessenberg basic,916,0,0,3,1e-12,0.890684,0,1.72804e-11,3.52647e-12
Hessenberg basic,916,0,1,3,1e-12,2.65829,2.92964e-14,2.49814e-11,4.63083e-12
Hessenberg basic,917,0,0,3,1e-12,0.721724,0,1.95541e-11,3.48147e-12
Hessenberg basic,917,0,1,3,1e-12,3.47235,1.77636e-14,2.6438e-11,4.73051e-12
Hessenberg basic,918,0,0,3,1e-12,1.33593,0,2.00089e-11,3.56475e-12
Hessenberg basic,918,0,1,3,1e-12,2.7673,1.58882e-14,1.98809e-11,4.84492e-12
Hessenberg basic,919,0,0,3,1e-12,1.18215,0,2.251e-11,3.34619e-12
Hessenberg basic,919,0,1,3,1e-12,2.36428,1.25992e-14,2.37385e-11,4.61817e-12
Hessenberg basic,920,0,0,3,1e-12,0.762574,0,2.75122e-11,3.55743e-12
Hessenberg basic,920,0,1,3,1e-12,2.08455,0,2.49739e-11,4.69535e-12
Hessenberg basic,921,0,0,3,1e-12,0.678839,0,2.50111e-11,3.48129e-12
Hessenberg basic,921,0,1,3,1e-12,3.6222,2.86429e-14,2.38705e-11,4.71866e-12
Hessenberg basic,922,0,0,3,1e-12,1.03248,0,2.36469e-11,3.44601e-12
Hessenberg basic,922,0,1,3,1e-12,4.37262,2.24693e-14,2.31531e-11,4.71352e-12
Hessenberg basic,923,0,0,3,1e-12,0.880239,0,2.13731e-11,3.56207e-12
Hessenberg basic,923,0,1,3,1e-12,2.64418,3.35162e-14,2.86256e-11,4.68322e-12
Hessenberg basic,924,0,0,3,1e-12,1.16511,0,3.29692e-11,3.34833e-12
Hessenberg basic,924,0,1,3,1e-12,2.23319,2.92964e-14,2.07409e-11,4.55951e-12
Hessenberg basic,925,0,0,3,1e-12,0.982852,0,1.93268e-11,3.34015e-12
Hessenberg basic,925,0,1,3,1e-12,2.15208,2.84217e-14,2.57936e-11,4.64287e-12
Hessenberg basic,926,0,0,3,1e-12,0.838004,0,2.75122e-11,3.37642e-12
Hessenberg basic,926,0,1,3,1e-12,3.00141,5.54952e-14,2.38853e-11,4.76761e-12
Hessenberg basic,927,0,0,3,1e-12,1.26785,0,2.86491e-11,3.35484e-12
Hessenberg basic,927,0,1,3,1e-12,2.77884,6.35529e-14,1.97387e-11,4.50674e-12
Hessenberg basic,928,0,0,3,1e-12,1.32295,0,2.68301e-11,3.69486e-12
Hessenberg basic,928,0,1,3,1e-12,2.44629,0,2.39521e-11,4.63331e-12
Hessenberg basic,929,0,0,3,1e-12,0.742018,0,3.52429e-11,3.58344e-12
Hessenberg basic,929,0,1,3,1e-12,2.52588,3.82639e-14,2.61393e-11,4.58475e-12
Hessenberg basic,930,0,0,3,1e-12,0.692559,0,3.27418e-11,3.54174e-12
Hessenberg basic,930,0,1,3,1e-12,3.55645,3.17764e-14,2.4932e-11,4.74676e-12
Hessenberg basic,931,0,0,3,1e-12,1.14918,0,2.52385e-11,3.67925e-12
Hessenberg basic,931,0,1,3,1e-12,3.55662,1.77636e-14,2.3591e-11,4.72214e-12
Hessenberg basic,932,0,0,3,1e-12,0.643107,0,2.04636e-11,3.47959e-12
Hessenberg basic,932,0,1,3,1e-12,2.4537,4.01944e-14,1.99766e-11,4.66788e-12
Hessenberg basic,933,0,0,3,1e-12,0.893574,0,3.16049e-11,3.47686e-12
Hessenberg basic,933,0,1,3,1e-12,3.73128,5.68434e-14,2.50227e-11,4.69895e-12
Hessenberg basic,934,0,0,3,1e-12,1.50963,0,2.27374e-11,3.49076e-12
Hessenberg basic,934,0,1,3,1e-12,2.17116,2.61758e-14,2.76132e-11,4.77318e-12
Hessenberg basic,935,0,0,3,1e-12,1.91086,0,2.95586e-11,3.70526e-12
Hessenberg basic,935,0,1,3,1e-12,2.30078,2.24693e-14,2.0243e-11,4.58091e-12
Hessenberg basic,936,0,0,3,1e-12,0.828515,0,3.00133e-11,3.43339e-12
Hessenberg basic,936,0,1,3,1e-12,3.39523,4.26326e-14,2.61669e-11,4.57922e-12
Hessenberg basic,937,0,0,3,1e-12,1.42999,0,3.06954e-11,3.65443e-12
Hessenberg basic,937,0,1,3,1e-12,3.94357,2.5619e-14,2.83014e-11,4.67961e-12
Hessenberg basic,938,0,0,3,1e-12,0.668434,0,2.68301e-11,3.20465e-12
Hessenberg basic,938,0,1,3,1e-12,2.46948,6.67494e-14,2.50152e-11,4.65849e-12
Hessenberg basic,939,0,0,3,1e-12,0.857373,0,2.31921e-11,3.29938e-12
Hessenberg basic,939,0,1,3,1e-12,2.51222,1.42109e-14,2.86276e-11,4.70241e-12
Hessenberg basic,940,0,0,3,1e-12,1.0224,0,3.81988e-11,3.16253e-12
Hessenberg basic,940,0,1,3,1e-12,2.73888,5.85929e-14,2.88785e-11,4.78778e-12
Hessenberg basic,941,0,0,3,1e-12,1.80953,0,2.56932e-11,3.60351e-12
Hessenberg basic,941,0,1,3,1e-12,2.31393,5.68434e-14,2.10333e-11,4.53077e-12
Hessenberg basic,942,0,0,3,1e-12,1.70762,0,1.61435e-11,3.80801e-12
Hessenberg basic,942,0,1,3,1e-12,2.322,2.92964e-14,2.52295e-11,4.77505e-12
Hessenberg basic,943,0,0,3,1e-12,1.02284,0,1.75778e-11,3.73801e-12
Hessenberg basic,943,0,1,3,1e-12,3.97685,1.00486e-14,2.79459e-11,4.56746e-12
Hessenberg basic,944,0,0,3,1e-12,1.23593,0,2.00089e-11,3.51676e-12
Hessenberg basic,944,0,1,3,1e-12,4.93969,4.01944e-14,2.63998e-11,4.77019e-12
Hessenberg basic,945,0,0,3,1e-12,1.17955,0,3.50155e-11,3.2118e-12
Hessenberg basic,945,0,1,3,1e-12,3.5312,4.26326e-14,2.72054e-11,4.62672e-12
Hessenberg basic,946,0,0,3,1e-12,0.731082,0,2.86491e-11,3.57616e-12
Hessenberg basic,946,0,1,3,1e-12,2.49037,1.46482e-14,2.10625e-11,4.57846e-12
Hessenberg basic,947,0,0,3,1e-12,0.956129,0,2.81943e-11,3.22183e-12
Hessenberg basic,947,0,1,3,1e-12,3.58434,4.39446e-14,3.27426e-11,4.75252e-12
Hessenberg basic,948,0,0,3,1e-12,1.48986,0,1.84173e-11,3.73499e-12
Hessenberg basic,948,0,1,3,1e-12,3.48991,7.68569e-14,2.74193e-11,4.66136e-12
Hessenberg basic,949,0,0,3,1e-12,1.67513,0,2.0952e-11,3.81219e-12
Hessenberg basic,949,0,1,3,1e-12,2.64657,2.92964e-14,2.19754e-11,4.44539e-12
Hessenberg basic,950,0,0,3,1e-12,1.58908,0,3.00133e-11,3.47988e-12
Hessenberg basic,950,0,1,3,1e-12,2.34812,2.84217e-14,2.04206e-11,4.54699e-12
Hessenberg basic,951,0,0,3,1e-12,1.43289,0,3.9563e-11,3.45738e-12
Hessenberg basic,951,0,1,3,1e-12,2.91482,0,2.0198e-11,4.49972e-12
Hessenberg basic,952,0,0,3,1e-12,1.50446,0,3.68345e-11,3.25981e-12
Hessenberg basic,952,0,1,3,1e-12,4.83096,6.55088e-14,3.00376e-11,4.72488e-12
Hessenberg basic,953,0,0,3,1e-12,1.42708,0,2.45564e-11,3.60858e-12
Hessenberg basic,953,0,1,3,1e-12,3.49408,3.19744e-14,2.39084e-11,4.68835e-12
Hessenberg basic,954,0,0,3,1e-12,1.62345,0,2.50111e-11,3.39889e-12
Hessenberg basic,954,0,1,3,1e-12,3.15927,4.27803e-14,1.98809e-11,4.66441e-12
Hessenberg basic,955,0,0,3,1e-12,1.46315,0,2.4329e-11,3.35239e-12
Hessenberg basic,955,0,1,3,1e-12,2.55135,0,2.09628e-11,4.45433e-12
Hessenberg basic,956,0,0,3,1e-12,1.42211,0,2.70575e-11,3.58589e-12
Hessenberg basic,956,0,1,3,1e-12,2.57612,3.17764e-14,2.40396e-11,4.83362e-12
Hessenberg basic,957,0,0,3,1e-12,0.953537,0,2.81943e-11,3.64262e-12
Hessenberg basic,957,0,1,3,1e-12,3.38628,4.26326e-14,2.83901e-11,4.61949e-12
Hessenberg basic,958,0,0,3,1e-12,1.43596,0,2.95586e-11,3.33725e-12
Hessenberg basic,958,0,1,3,1e-12,3.59399,3.10227e-14,2.34212e-11,4.59684e-12
Hessenberg basic,959,0,0,3,1e-12,2.09531,0,4.41105e-11,3.28269e-12
Hessenberg basic,959,0,1,3,1e-12,3.43592,0,3.15001e-11,4.50198e-12
Hessenberg basic,960,0,0,3,1e-12,2.006,0,3.56977e-11,3.58017e-12
Hessenberg basic,960,0,1,3,1e-12,3.67462,5.17283e-14,2.31805e-11,4.71862e-12
Hessenberg basic,961,0,0,3,1e-12,2.03583,0,3.13776e-11,3.38306e-12
Hessenberg basic,961,0,1,3,1e-12,3.01416,1.42109e-14,2.40407e-11,4.47956e-12
Hessenberg basic,962,0,0,3,1e-12,1.56434,0,3.81988e-11,3.6011e-12
Hessenberg basic,962,0,1,3,1e-12,2.87724,2.38323e-14,2.27658e-11,4.60261e-12
Hessenberg basic,963,0,0,3,1e-12,0.849775,0,2.81943e-11,3.47973e-12
Hessenberg basic,963,0,1,3,1e-12,3.33951,3.01458e-14,3.31568e-11,4.70922e-12
Hessenberg basic,964,0,0,3,1e-12,1.47465,0,2.66027e-11,3.68628e-12
Hessenberg basic,964,0,1,3,1e-12,4.32795,6.11232e-14,2.2746e-11,4.45705e-12
Hessenberg basic,965,0,0,3,1e-12,0.927897,0,2.75122e-11,3.59052e-12
Hessenberg basic,965,0,1,3,1e-12,3.19694,3.17764e-14,2.09566e-11,4.80364e-12
Hessenberg basic,966,0,0,3,1e-12,0.920503,0,2.6148e-11,3.43064e-12
Hessenberg basic,966,0,1,3,1e-12,2.8077,3.55271e-15,2.09443e-11,4.56896e-12
Hessenberg basic,967,0,0,3,1e-12,1.55236,0,2.72848e-11,3.47088e-12
Hessenberg basic,967,0,1,3,1e-12,2.85713,5.1238e-14,2.38583e-11,4.55342e-12
Hessenberg basic,968,0,0,3,1e-12,1.80424,0,4.84306e-11,3.32816e-12
Hessenberg basic,968,0,1,3,1e-12,2.45276,4.15834e-14,2.24191e-11,4.82141e-12
Hessenberg basic,969,0,0,3,1e-12,0.885374,0,3.50155e-11,3.23054e-12
Hessenberg basic,969,0,1,3,1e-12,4.33334,1.77636e-14,2.00011e-11,4.45379e-12
Hessenberg basic,970,0,0,3,1e-12,2.15405,0,2.12822e-11,3.27074e-12
Hessenberg basic,970,0,1,3,1e-12,4.53796,3.77659e-14,2.62062e-11,4.58508e-12
Hessenberg basic,971,0,0,3,1e-12,0.839908,0,4.04725e-11,3.59161e-12
Hessenberg basic,971,0,1,3,1e-12,3.59238,2.84217e-14,3.44604e-11,4.69025e-12
Hessenberg basic,972,0,0,3,1e-12,0.837298,0,3.91083e-11,3.35032e-12
Hessenberg basic,972,0,1,3,1e-12,2.53646,3.55271e-14,3.34208e-11,4.46301e-12
Hessenberg basic,973,0,0,3,1e-12,1.09785,0,2.88765e-11,3.25889e-12
Hessenberg basic,973,0,1,3,1e-12,4.23325,2.92964e-14,2.70125e-11,4.49407e-12
Hessenberg basic,974,0,0,3,1e-12,2.08218,0,2.95586e-11,3.35977e-12
Hessenberg basic,974,0,1,3,1e-12,2.38561,4.14314e-14,2.018e-11,4.57168e-12
Hessenberg basic,975,0,0,3,1e-12,1.462,0,3.47882e-11,3.24657e-12
Hessenberg basic,975,0,1,3,1e-12,2.96149,4.00075e-14,2.00618e-11,4.39931e-12
Hessenberg basic,976,0,0,3,1e-12,1.76743,0,2.251e-11,3.10556e-12
Hessenberg basic,976,0,1,3,1e-12,5.83321,4.29643e-14,2.52067e-11,4.59384e-12
Hessenberg basic,977,0,0,3,1e-12,2.08396,0,3.22871e-11,3.37652e-12
Hessenberg basic,977,0,1,3,1e-12,4.60292,5.85929e-14,2.31263e-11,4.80459e-12
Hessenberg basic,978,0,0,3,1e-12,0.856845,0,2.29647e-11,3.16313e-12
Hessenberg basic,978,0,1,3,1e-12,2.60553,3.17764e-14,2.70231e-11,4.6764e-12
Hessenberg basic,979,0,0,3,1e-12,1.16364,0,2.95586e-11,3.36247e-12
Hessenberg basic,979,0,1,3,1e-12,4.35493,3.17764e-14,2.63675e-11,4.54078e-12
Hessenberg basic,980,0,0,3,1e-12,1.94674,0,2.72848e-11,3.45129e-12
Hessenberg basic,980,0,1,3,1e-12,2.53334,2.24693e-14,2.03322e-11,4.54312e-12
Hessenberg basic,981,0,0,3,1e-12,2.38612,0,2.13731e-11,3.10311e-12
Hessenberg basic,981,0,1,3,1e-12,2.57312,4.01944e-14,3.09731e-11,4.48602e-12
Hessenberg basic,982,0,0,3,1e-12,1.35733,0,2.27374e-11,3.13357e-12
Hessenberg basic,982,0,1,3,1e-12,3.2006,4.26326e-14,2.23706e-11,4.73446e-12
Hessenberg basic,983,0,0,3,1e-12,1.62066,0,3.81988e-11,3.4473e-12
Hessenberg basic,983,0,1,3,1e-12,4.96849,4.27803e-14,2.9706e-11,4.59242e-12
Hessenberg basic,984,0,0,3,1e-12,1.31148,0,3.04681e-11,3.46466e-12
Hessenberg basic,984,0,1,3,1e-12,4.17925,2.92964e-14,2.34441e-11,4.66843e-12
Hessenberg basic,985,0,0,3,1e-12,0.882514,0,2.16005e-11,3.72036e-12
Hessenberg basic,985,0,1,3,1e-12,3.42204,1.42109e-14,2.60703e-11,4.8663e-12
Hessenberg basic,986,0,0,3,1e-12,0.97453,0,2.75122e-11,3.30202e-12
Hessenberg basic,986,0,1,3,1e-12,3.64759,0,2.27842e-11,4.80755e-12
Hessenberg basic,987,0,0,3,1e-12,1.64438,0,2.04636e-11,3.39263e-12
Hessenberg basic,987,0,1,3,1e-12,4.99354,0,2.22245e-11,4.35377e-12
Hessenberg basic,988,0,0,3,1e-12,1.43497,0,3.25144e-11,3.23636e-12
Hessenberg basic,988,0,1,3,1e-12,4.21333,4.54969e-14,3.26358e-11,4.48859e-12
Hessenberg basic,989,0,0,3,1e-12,1.95014,0,2.08283e-11,3.33143e-12
Hessenberg basic,989,0,1,3,1e-12,3.2771,0,2.83819e-11,4.45551e-12
Hessenberg basic,990,0,0,3,1e-12,2.3077,0,1.86446e-11,3.39926e-12
Hessenberg basic,990,0,1,3,1e-12,3.13589,5.1238e-14,2.11106e-11,4.51075e-12
Hessenberg basic,991,0,0,3,1e-12,1.75401,0,1.69393e-11,3.11178e-12
Hessenberg basic,991,0,1,3,1e-12,3.23003,0,2.46638e-11,4.57777e-12
Hessenberg basic,992,0,0,3,1e-12,1.14141,0,3.20597e-11,3.21129e-12
Hessenberg basic,992,0,1,3,1e-12,3.1885,3.55271e-14,2.56028e-11,4.70349e-12
Hessenberg basic,993,0,0,3,1e-12,0.934977,0,2.11458e-11,3.36163e-12
Hessenberg basic,993,0,1,3,1e-12,4.08298,2.84356e-14,2.23478e-11,4.39249e-12
Hessenberg basic,994,0,0,3,1e-12,1.67452,0,3.20597e-11,3.38836e-12
Hessenberg basic,994,0,1,3,1e-12,6.02668,1.46482e-14,4.02753e-11,4.37499e-12
Hessenberg basic,995,0,0,3,1e-12,1.26481,0,1.8872e-11,3.26642e-12
Hessenberg basic,995,0,1,3,1e-12,4.02164,2.5619e-14,3.50222e-11,4.58101e-12
Hessenberg basic,996,0,0,3,1e-12,1.01839,0,2.4329e-11,3.14787e-12
Hessenberg basic,996,0,1,3,1e-12,2.90481,6.39488e-14,2.66221e-11,4.57584e-12
Hessenberg basic,997,0,0,3,1e-12,1.2761,0,2.18279e-11,3.39614e-12
Hessenberg basic,997,0,1,3,1e-12,4.20997,2.38323e-14,3.32009e-11,4.58334e-12
Hessenberg basic,998,0,0,3,1e-12,2.00845,0,2.17035e-11,3.21674e-12
Hessenberg basic,998,0,1,3,1e-12,2.56567,0,2.13435e-11,4.65026e-12
Hessenberg basic,999,0,0,3,1e-12,1.83243,0,2.38742e-11,3.23489e-12
Hessenberg basic,999,0,1,3,1e-12,3.00268,3.44302e-14,2.4313e-11,4.68077e-12
Hessenberg basic,1000,0,0,3,1e-12,1.35971,0,2.29647e-11,3.25353e-12
Hessenberg basic,1000,0,1,3,1e-12,4.98591,2.13163e-14,2.29233e-11,4.38222e-12
