version, size, hermitian, complex, seed, tol, runtime in s,min_error, max_error, avg_error
Hessenberg basic,900,0,0,4,1e-12,0.84201,0,2.0584e-11,3.57041e-12
Hessenberg basic,900,0,1,4,1e-12,2.36706,2.84217e-14,2.43035e-11,4.50312e-12
Hessenberg basic,901,0,0,4,1e-12,0.886167,0,2.00089e-11,3.95526e-12
Hessenberg basic,901,0,1,4,1e-12,2.24198,1.42109e-14,2.80048e-11,4.87975e-12
Hessenberg basic,902,0,0,4,1e-12,0.851647,0,2.09184e-11,3.95701e-12
Hessenberg basic,902,0,1,4,1e-12,2.53912,4.49387e-14,2.47772e-11,4.58523e-12
Hessenberg basic,903,0,0,4,1e-12,0.788137,0,2.24925e-11,3.59067e-12
Hessenberg basic,903,0,1,4,1e-12,2.3102,5.68434e-14,2.07661e-11,4.50181e-12
Hessenberg basic,904,0,0,4,1e-12,0.806225,0,1.95541e-11,3.53085e-12
Hessenberg basic,904,0,1,4,1e-12,2.82657,5.1238e-14,2.52867e-11,4.59876e-12
Hessenberg basic,905,0,0,4,1e-12,1.43703,0,2.07277e-11,3.94234e-12
Hessenberg basic,905,0,1,4,1e-12,2.45656,0,2.08783e-11,4.53592e-12
Hessenberg basic,906,0,0,4,1e-12,1.21347,0,1.72804e-11,3.50658e-12
Hessenberg basic,906,0,1,4,1e-12,3.04303,5.68434e-14,2.51669e-11,4.55983e-12
Hessenberg basic,907,0,0,4,1e-12,0.781555,0,1.79625e-11,3.7735e-12
Hessenberg basic,907,0,1,4,1e-12,3.08759,6.07088e-14,1.99636e-11,4.68901e-12
Hessenberg basic,908,0,0,4,1e-12,1.65719,0,1.90994e-11,3.59618e-12
Hessenberg basic,908,0,1,4,1e-12,2.40652,7.68569e-14,2.68465e-11,4.42064e-12
Hessenberg basic,909,0,0,4,1e-12,0.733618,0,2.22826e-11,3.62835e-12
Hessenberg basic,909,0,1,4,1e-12,3.67368,2.00972e-14,2.44234e-11,4.72967e-12
Hessenberg basic,910,0,0,4,1e-12,0.728675,0,2.72848e-11,3.32865e-12
Hessenberg basic,910,0,1,4,1e-12,2.61226,5.95543e-14,2.63302e-11,4.40475e-12
Hessenberg basic,911,0,0,4,1e-12,1.65991,0,1.9605e-11,3.89577e-12
Hessenberg basic,911,0,1,4,1e-12,2.27615,1.77636e-14,3.43605e-11,4.75458e-12
Hessenberg basic,912,0,0,4,1e-12,0.811014,0,2.09184e-11,3.55467e-12
Hessenberg basic,912,0,1,4,1e-12,3.19314,7.10543e-15,2.04611e-11,4.58907e-12
Hessenberg basic,913,0,0,4,1e-12,0.853111,0,2.47837e-11,3.43082e-12
Hessenberg basic,913,0,1,4,1e-12,2.36189,0,2.23102e-11,4.45989e-12
Hessenberg basic,914,0,0,4,1e-12,0.880062,0,3.13776e-11,3.72443e-12
Hessenberg basic,914,0,1,4,1e-12,2.9306,2.84217e-14,2.2879e-11,4.68432e-12
Hessenberg basic,915,0,0,4,1e-12,1.32633,0,2.64447e-11,3.72919e-12
Hessenberg basic,915,0,1,4,1e-12,2.79607,0,2.63842e-11,4.78473e-12
Hessenberg basic,916,0,0,4,1e-12,1.38644,0,1.91515e-11,3.87604e-12
Hessenberg basic,916,0,1,4,1e-12,2.40041,3.17764e-14,2.56691e-11,4.28976e-12
Hessenberg basic,917,0,0,4,1e-12,1.57613,0,3.5925e-11,4.03195e-12
Hessenberg basic,917,0,1,4,1e-12,2.26349,1.42109e-14,2.4262e-11,4.70122e-12
Hessenberg basic,918,0,0,4,1e-12,1.46389,0,3.11502e-11,4.06794e-12
Hessenberg basic,918,0,1,4,1e-12,2.15281,7.68569e-14,2.5312e-11,4.69167e-12
Hessenberg basic,919,0,0,4,1e-12,1.37877,0,2.02567e-11,3.59878e-12
Hessenberg basic,919,0,1,4,1e-12,2.16737,3.17764e-14,1.8877e-11,4.55772e-12
Hessenberg basic,920,0,0,4,1e-12,1.40535,0,1.90994e-11,3.61335e-12
Hessenberg basic,920,0,1,4,1e-12,2.19504,5.85929e-14,5.42223e-11,4.6971e-12
Hessenberg basic,921,0,0,4,1e-12,1.39191,0,3.13776e-11,3.83331e-12
Hessenberg basic,921,0,1,4,1e-12,2.20697,2.84217e-14,2.82221e-11,4.7184e-12
Hessenberg basic,922,0,0,4,1e-12,1.56655,0,2.31921e-11,3.92168e-12
Hessenberg basic,922,0,1,4,1e-12,2.20474,0,2.36475e-11,4.73857e-12
Hessenberg basic,923,0,0,4,1e-12,1.74475,0,2.18279e-11,3.88281e-12
Hessenberg basic,923,0,1,4,1e-12,2.31079,4.01944e-14,2.27794e-11,4.64111e-12
Hessenberg basic,924,0,0,4,1e-12,1.8369,0,2.13731e-11,3.83924e-12
Hessenberg basic,924,0,1,4,1e-12,2.80122,2.13163e-14,2.18291e-11,4.42072e-12
Hessenberg basic,925,0,0,4,1e-12,1.41914,0,2.13731e-11,3.70776e-12
Hessenberg basic,925,0,1,4,1e-12,2.92312,5.1238e-14,2.55755e-11,4.64078e-12
Hessenberg basic,926,0,0,4,1e-12,1.21316,0,4.02451e-11,3.88738e-12
Hessenberg basic,926,0,1,4,1e-12,3.13147,6.99803e-14,2.48379e-11,4.82298e-12
Hessenberg basic,927,0,0,4,1e-12,1.00128,0,2.11458e-11,3.81918e-12
Hessenberg basic,927,0,1,4,1e-12,3.11111,2.86429e-14,2.13698e-11,4.53937e-12
Hessenberg basic,928,0,0,4,1e-12,1.10837,0,2.18279e-11,4.05436e-12
Hessenberg basic,928,0,1,4,1e-12,2.50121,5.05014e-14,2.48379e-11,4.61413e-12
Hessenberg basic,929,0,0,4,1e-12,1.43093,0,2.02363e-11,3.70361e-12
Hessenberg basic,929,0,1,4,1e-12,2.30254,4.15834e-14,2.54669e-11,4.7619e-12
Hessenberg basic,930,0,0,4,1e-12,1.77426,0,3.29692e-11,3.88707e-12
Hessenberg basic,930,0,1,4,1e-12,2.95308,3.44906e-14,2.39607e-11,4.41908e-12
Hessenberg basic,931,0,0,4,1e-12,1.24717,0,2.92005e-11,3.84828e-12
Hessenberg basic,931,0,1,4,1e-12,3.12376,7.10543e-14,2.19707e-11,4.57186e-12
Hessenberg basic,932,0,0,4,1e-12,1.36113,0,1.97815e-11,3.63541e-12
Hessenberg basic,932,0,1,4,1e-12,2.49608,4.54969e-14,2.70661e-11,4.46008e-12
Hessenberg basic,933,0,0,4,1e-12,1.73613,0,2.16005e-11,4.14622e-12
Hessenberg basic,933,0,1,4,1e-12,2.62373,4.01944e-14,2.48244e-11,4.40207e-12
Hessenberg basic,934,0,0,4,1e-12,1.57569,0,2.77396e-11,4.14116e-12
Hessenberg basic,934,0,1,4,1e-12,2.77238,3.55271e-14,3.07594e-11,4.58382e-12
Hessenberg basic,935,0,0,4,1e-12,1.63562,0,3.81988e-11,4.13541e-12
Hessenberg basic,935,0,1,4,1e-12,2.50413,3.55271e-14,2.70319e-11,4.92839e-12
Hessenberg basic,936,0,0,4,1e-12,1.85809,0,2.38742e-11,3.81907e-12
Hessenberg basic,936,0,1,4,1e-12,3.03951,6.92779e-14,3.02512e-11,4.81479e-12
Hessenberg basic,937,0,0,4,1e-12,1.24065,0,2.52385e-11,3.91149e-12
Hessenberg basic,937,0,1,4,1e-12,2.59891,3.82639e-14,2.79744e-11,4.61166e-12
Hessenberg basic,938,0,0,4,1e-12,1.69178,0,2.34195e-11,4.13083e-12
Hessenberg basic,938,0,1,4,1e-12,2.96518,2.77476e-14,3.65777e-11,4.62361e-12
Hessenberg basic,939,0,0,4,1e-12,1.38265,0,2.09184e-11,3.87698e-12
Hessenberg basic,939,0,1,4,1e-12,2.74586,0,2.32021e-11,4.6052e-12
Hessenberg basic,940,0,0,4,1e-12,1.69112,0,3.36513e-11,3.76043e-12
Hessenberg basic,940,0,1,4,1e-12,3.02346,2.84217e-14,2.54262e-11,4.61115e-12
Hessenberg basic,941,0,0,4,1e-12,1.57375,0,3.88809e-11,3.86565e-12
Hessenberg basic,941,0,1,4,1e-12,2.83022,1.58882e-14,2.10219e-11,4.51948e-12
Hessenberg basic,942,0,0,4,1e-12,1.82068,0,3.47882e-11,3.99443e-12
Hessenberg basic,942,0,1,4,1e-12,3.09833,7.10543e-14,2.32217e-11,4.80314e-12
Hessenberg basic,943,0,0,4,1e-12,1.36751,0,2.95586e-11,3.41379e-12
Hessenberg basic,943,0,1,4,1e-12,2.62288,1.42109e-14,2.59478e-11,4.73637e-12
Hessenberg basic,944,0,0,4,1e-12,1.82219,0,2.0691e-11,3.66148e-12
Hessenberg basic,944,0,1,4,1e-12,3.14311,2.84217e-14,2.16674e-11,4.44314e-12
Hessenberg basic,945,0,0,4,1e-12,1.29898,0,2.9786e-11,4.21431e-12
Hessenberg basic,945,0,1,4,1e-12,2.69695,5.69543e-14,2.45754e-11,4.7938e-12
Hessenberg basic,946,0,0,4,1e-12,1.42507,0,2.54659e-11,3.71982e-12
Hessenberg basic,946,0,1,4,1e-12,2.98122,5.68434e-14,2.0571e-11,4.74304e-12
Hessenberg basic,947,0,0,4,1e-12,1.6211,0,2.36469e-11,3.86968e-12
Hessenberg basic,947,0,1,4,1e-12,2.99299,5.68434e-14,2.51299e-11,4.66076e-12
Hessenberg basic,948,0,0,4,1e-12,1.5055,0,2.54659e-11,3.78421e-12
Hessenberg basic,948,0,1,4,1e-12,2.6052,4.54969e-14,2.66738e-11,4.8381e-12
Hessenberg basic,949,0,0,4,1e-12,1.65637,0,3.00133e-11,3.6574e-12
Hessenberg basic,949,0,1,4,1e-12,3.07957,7.10543e-15,2.61e-11,4.91456e-12
Hessenberg basic,950,0,0,4,1e-12,1.83849,0,1.86446e-11,3.79452e-12
Hessenberg basic,950,0,1,4,1e-12,3.33251,3.17764e-14,2.79679e-11,4.68068e-12
Hessenberg basic,951,0,0,4,1e-12,1.63812,0,2.50111e-11,3.84271e-12
Hessenberg basic,951,0,1,4,1e-12,2.59562,5.17283e-14,3.08374e-11,4.76384e-12
Hessenberg basic,952,0,0,4,1e-12,1.80303,0,1.70875e-11,3.81568e-12
Hessenberg basic,952,0,1,4,1e-12,2.72629,3.17764e-14,2.27513e-11,4.56797e-12
Hessenberg basic,953,0,0,4,1e-12,2.02774,0,2.38742e-11,3.4011e-12
Hessenberg basic,953,0,1,4,1e-12,3.1533,0,2.3912e-11,4.88043e-12
Hessenberg basic,954,0,0,4,1e-12,1.80625,0,2.95586e-11,4.06229e-12
Hessenberg basic,954,0,1,4,1e-12,2.63925,1.58882e-14,2.59945e-11,4.74473e-12
Hessenberg basic,955,0,0,4,1e-12,1.70111,0,3.47882e-11,3.59209e-12
Hessenberg basic,955,0,1,4,1e-12,2.39014,7.10543e-15,2.47075e-11,4.80797e-12
Hessenberg basic,956,0,0,4,1e-12,1.67481,0,3.20597e-11,3.7445e-12
Hessenberg basic,956,0,1,4,1e-12,2.66605,4.93559e-14,2.90269e-11,4.83319e-12
Hessenberg basic,957,0,0,4,1e-12,1.73358,0,3.70619e-11,4.00274e-12
Hessenberg basic,957,0,1,4,1e-12,2.85458,0,2.30198e-11,4.76266e-12
Hessenberg basic,958,0,0,4,1e-12,2.19257,0,2.40019e-11,3.93605e-12
Hessenberg basic,958,0,1,4,1e-12,3.32675,2.84217e-14,2.64685e-11,4.71237e-12
Hessenberg basic,959,0,0,4,1e-12,1.73396,0,2.54659e-11,3.81936e-12
Hessenberg basic,959,0,1,4,1e-12,3.41729,3.17764e-14,2.4279e-11,4.60181e-12
Hessenberg basic,960,0,0,4,1e-12,1.70332,0,2.6148e-11,4.05789e-12
Hessenberg basic,960,0,1,4,1e-12,3.29431,6.99803e-14,2.1378e-11,4.49928e-12
Hessenberg basic,961,0,0,4,1e-12,1.76241,0,2.68301e-11,4.19854e-12
Hessenberg basic,961,0,1,4,1e-12,3.33945,6.03961e-14,2.18622e-11,4.56799e-12
Hessenberg basic,962,0,0,4,1e-12,1.73462,0,2.29647e-11,3.74115e-12
Hessenberg basic,962,0,1,4,1e-12,3.35681,1.42109e-14,3.55932e-11,4.34911e-12
Hessenberg basic,963,0,0,4,1e-12,1.8331,0,3.13776e-11,4.11009e-12
Hessenberg basic,963,0,1,4,1e-12,3.14681,3.17764e-14,2.41554e-11,4.40568e-12
Hessenberg basic,964,0,0,4,1e-12,1.4574,0,2.33933e-11,4.06827e-12
Hessenberg basic,964,0,1,4,1e-12,3.00138,1.51772e-14,3.18634e-11,4.68382e-12
Hessenberg basic,965,0,0,4,1e-12,1.44057,0,2.95586e-11,3.84727e-12
Hessenberg basic,965,0,1,4,1e-12,2.9114,2.84217e-14,2.69994e-11,4.58102e-12
Hessenberg basic,966,0,0,4,1e-12,1.55516,0,3.61524e-11,3.82833e-12
Hessenberg basic,966,0,1,4,1e-12,3.12034,6.02916e-14,3.22579e-11,4.44715e-12
Hessenberg basic,967,0,0,4,1e-12,1.80821,0,3.22871e-11,3.92002e-12
Hessenberg basic,967,0,1,4,1e-12,3.02695,3.14011e-14,2.49202e-11,4.43407e-12
Hessenberg basic,968,0,0,4,1e-12,2.0863,0,2.00089e-11,3.88021e-12
Hessenberg basic,968,0,1,4,1e-12,3.26914,5.42298e-14,2.17757e-11,4.47328e-12
Hessenberg basic,969,0,0,4,1e-12,2.17527,0,3.06954e-11,3.89168e-12
Hessenberg basic,969,0,1,4,1e-12,3.52619,0,2.56761e-11,4.57138e-12
Hessenberg basic,970,0,0,4,1e-12,2.04526,0,2.77396e-11,3.80798e-12
Hessenberg basic,970,0,1,4,1e-12,3.4961,0,2.35032e-11,4.83495e-12
Hessenberg basic,971,0,0,4,1e-12,1.99023,0,2.56932e-11,4.15825e-12
Hessenberg basic,971,0,1,4,1e-12,3.62112,3.17764e-14,3.12845e-11,4.58479e-12
Hessenberg basic,972,0,0,4,1e-12,1.95389,0,2.38742e-11,3.74862e-12
Hessenberg basic,972,0,1,4,1e-12,3.5929,0,2.83281e-11,5.01768e-12
Hessenberg basic,973,0,0,4,1e-12,2.12284,0,2.20552e-11,4.06409e-12
Hessenberg basic,973,0,1,4,1e-12,3.43624,3.82639e-14,2.53532e-11,4.83941e-12
Hessenberg basic,974,0,0,4,1e-12,2.2205,0,3.29692e-11,4.06199e-12
Hessenberg basic,974,0,1,4,1e-12,3.59162,1.42109e-14,2.2628e-11,4.56365e-12
Hessenberg basic,975,0,0,4,1e-12,2.06324,0,2.02238e-11,3.9217e-12
Hessenberg basic,975,0,1,4,1e-12,3.63964,5.1238e-14,2.45924e-11,4.6735e-12
Hessenberg basic,976,0,0,4,1e-12,2.19558,0,2.34195e-11,3.77338e-12
Hessenberg basic,976,0,1,4,1e-12,3.36676,7.5886e-14,2.86833e-11,4.6827e-12
Hessenberg basic,977,0,0,4,1e-12,2.32322,0,3.11502e-11,3.96508e-12
Hessenberg basic,977,0,1,4,1e-12,3.47821,6.82454e-14,2.64233e-11,4.49191e-12
Hessenberg basic,978,0,0,4,1e-12,2.34239,0,2.52385e-11,3.79435e-12
Hessenberg basic,978,0,1,4,1e-12,3.33148,2.86429e-14,2.4472e-11,4.54316e-12
Hessenberg basic,979,0,0,4,1e-12,2.241,0,2.63753e-11,3.82545e-12
Hessenberg basic,979,0,1,4,1e-12,2.94783,5.27252e-14,2.62378e-11,4.70784e-12
Hessenberg basic,980,0,0,4,1e-12,2.18349,0,3.16049e-11,3.82893e-12
Hessenberg basic,980,0,1,4,1e-12,3.21718,4.45154e-14,2.84622e-11,4.63996e-12
Hessenberg basic,981,0,0,4,1e-12,2.03029,0,3.13776e-11,3.91482e-12
Hessenberg basic,981,0,1,4,1e-12,3.29439,5.68434e-14,1.90085e-11,4.56854e-12
Hessenberg basic,982,0,0,4,1e-12,1.9063,0,2.13731e-11,3.70305e-12
Hessenberg basic,982,0,1,4,1e-12,2.98574,4.01944e-14,2.22493e-11,4.48785e-12
Hessenberg basic,983,0,0,4,1e-12,1.86418,0,2.251e-11,4.25613e-12
Hessenberg basic,983,0,1,4,1e-12,3.1476,0,2.7369e-11,4.73415e-12
Hessenberg basic,984,0,0,4,1e-12,1.68663,0,3.72893e-11,4.03089e-12
Hessenberg basic,984,0,1,4,1e-12,3.13136,6.55088e-14,2.74256e-11,4.67695e-12
Hessenberg basic,985,0,0,4,1e-12,1.77233,0,2.09184e-11,3.99675e-12
Hessenberg basic,985,0,1,4,1e-12,2.87814,3.69291e-14,2.41822e-11,4.55881e-12
Hessenberg basic,986,0,0,4,1e-12,1.82288,0,2.00089e-11,3.59808e-12
Hessenberg basic,986,0,1,4,1e-12,2.92082,1.42109e-14,2.09212e-11,4.8613e-12
Hessenberg basic,987,0,0,4,1e-12,1.79121,0,2.50111e-11,3.74564e-12
Hessenberg basic,987,0,1,4,1e-12,2.85574,3.55271e-14,2.14259e-11,4.7501e-12
Hessenberg basic,988,0,0,4,1e-12,2.10301,0,2.04636e-11,3.84027e-12
Hessenberg basic,988,0,1,4,1e-12,2.96175,4.54969e-14,2.69332e-11,4.68315e-12
Hessenberg basic,989,0,0,4,1e-12,1.96174,0,2.18279e-11,3.64527e-12
Hessenberg basic,989,0,1,4,1e-12,2.52751,2.84217e-14,2.20658e-11,4.46065e-12
Hessenberg basic,990,0,0,4,1e-12,1.91834,0,2.45564e-11,3.67266e-12
Hessenberg basic,990,0,1,4,1e-12,2.7462,3.55271e-14,2.22791e-11,4.70934e-12
Hessenberg basic,991,0,0,4,1e-12,1.86576,0,2.54659e-11,4.05416e-12
Hessenberg basic,991,0,1,4,1e-12,3.59877,5.37623e-14,2.38857e-11,4.54788e-12
Hessenberg basic,992,0,0,4,1e-12,2.27177,0,2.0691e-11,3.79261e-12
Hessenberg basic,992,0,1,4,1e-12,3.76652,1.42109e-14,2.60045e-11,4.67451e-12
Hessenberg basic,993,0,0,4,1e-12,2.61864,0,2.41016e-11,4.17926e-12
Hessenberg basic,993,0,1,4,1e-12,3.51321,0,3.20274e-11,4.5111e-12
Hessenberg basic,994,0,0,4,1e-12,2.2024,0,2.91038e-11,3.94565e-12
Hessenberg basic,994,0,1,4,1e-12,3.00722,4.49387e-14,2.63881e-11,4.46587e-12
Hessenberg basic,995,0,0,4,1e-12,2.06668,0,4.20641e-11,3.83509e-12
Hessenberg basic,995,0,1,4,1e-12,2.88232,3.55271e-14,2.29996e-11,4.62037e-12
Hessenberg basic,996,0,0,4,1e-12,2.26001,0,2.95586e-11,3.89392e-12
Hessenberg basic,996,0,1,4,1e-12,2.85081,3.55271e-14,2.57535e-11,4.80435e-12
Hessenberg basic,997,0,0,4,1e-12,2.22159,0,2.41016e-11,4.21865e-12
Hessenberg basic,997,0,1,4,1e-12,2.78355,3.61082e-14,2.41469e-11,4.55422e-12
Hessenberg basic,998,0,0,4,1e-12,1.89315,0,2.02363e-11,3.67812e-12
Hessenberg basic,998,0,1,4,1e-12,3.11122,2.92964e-14,3.0412e-11,4.63361e-12
Hessenberg basic,999,0,0,4,1e-12,2.02291,0,2.47837e-11,3.61704e-12
Hessenberg basic,999,0,1,4,1e-12,3.38765,2.84217e-14,2.37102e-11,4.73903e-12
Hessenberg basic,1000,0,0,4,1e-12,2.56543,0,2.59206e-11,3.76871e-12
Hessenberg basic,1000,0,1,4,1e-12,3.36238,6.35529e-14,3.03535e-11,4.49817e-12
