version, size, hermitian, complex, seed, tol, runtime in s,min_error, max_error, avg_error
Hessenberg basic,900,0,0,8,1e-12,1.43667,0,2.29647e-11,3.81017e-12
Hessenberg basic,900,0,1,8,1e-12,2.99366,4.14314e-14,1.9117e-11,4.63398e-12
Hessenberg basic,901,0,0,8,1e-12,0.703523,0,1.75917e-11,3.87402e-12
Hessenberg basic,901,0,1,8,1e-12,2.36428,3.17764e-14,2.38905e-11,4.41801e-12
Hessenberg basic,902,0,0,8,1e-12,0.931952,0,3.75167e-11,3.59811e-12
Hessenberg basic,902,0,1,8,1e-12,2.81995,2.5619e-14,2.4789e-11,4.65354e-12
Hessenberg basic,903,0,0,8,1e-12,1.54045,0,2.04636e-11,3.5394e-12
Hessenberg basic,903,0,1,8,1e-12,2.24416,6.70325e-14,2.53438e-11,4.51998e-12
Hessenberg basic,904,0,0,8,1e-12,0.873419,0,2.31388e-11,3.91079e-12
Hessenberg basic,904,0,1,8,1e-12,3.22333,2.84217e-14,4.0027e-11,4.50032e-12
Hessenberg basic,905,0,0,8,1e-12,0.74908,0,2.4329e-11,3.58399e-12
Hessenberg basic,905,0,1,8,1e-12,2.13048,0,2.18006e-11,4.54603e-12
Hessenberg basic,906,0,0,8,1e-12,0.803707,0,2.11458e-11,3.60526e-12
Hessenberg basic,906,0,1,8,1e-12,2.00876,2.39808e-14,3.23147e-11,4.61831e-12
Hessenberg basic,907,0,0,8,1e-12,1.30872,0,2.4329e-11,3.44129e-12
Hessenberg basic,907,0,1,8,1e-12,2.4545,3.17764e-14,2.87787e-11,4.5667e-12
Hessenberg basic,908,0,0,8,1e-12,1.09173,0,2.11458e-11,3.33543e-12
Hessenberg basic,908,0,1,8,1e-12,3.41418,6.43669e-14,1.91621e-11,4.57385e-12
Hessenberg basic,909,0,0,8,1e-12,0.732289,0,2.52385e-11,3.58471e-12
Hessenberg basic,909,0,1,8,1e-12,2.23096,2.84217e-14,2.36053e-11,4.36065e-12
Hessenberg basic,910,0,0,8,1e-12,0.850961,0,2.38626e-11,3.52307e-12
Hessenberg basic,910,0,1,8,1e-12,3.06881,4.01944e-14,2.41199e-11,4.50747e-12
Hessenberg basic,911,0,0,8,1e-12,1.61939,0,3.34239e-11,3.61546e-12
Hessenberg basic,911,0,1,8,1e-12,2.38047,8.28628e-14,2.9997e-11,4.55157e-12
Hessenberg basic,912,0,0,8,1e-12,0.842554,0,2.95586e-11,3.52616e-12
Hessenberg basic,912,0,1,8,1e-12,3.50608,1.58882e-14,2.22873e-11,4.48409e-12
Hessenberg basic,913,0,0,8,1e-12,1.42801,0,2.29109e-11,3.73141e-12
Hessenberg basic,913,0,1,8,1e-12,2.56835,0,2.18424e-11,4.5598e-12
Hessenberg basic,914,0,0,8,1e-12,0.783072,0,2.58919e-11,3.793e-12
Hessenberg basic,914,0,1,8,1e-12,3.17184,2.00972e-14,2.42044e-11,4.68089e-12
Hessenberg basic,915,0,0,8,1e-12,1.43908,0,2.45363e-11,3.76485e-12
Hessenberg basic,915,0,1,8,1e-12,2.1989,0,2.31131e-11,4.5342e-12
Hessenberg basic,916,0,0,8,1e-12,0.733672,0,1.87776e-11,3.65686e-12
Hessenberg basic,916,0,1,8,1e-12,3.01426,7.10543e-14,2.02391e-11,4.27169e-12
Hessenberg basic,917,0,0,8,1e-12,1.28935,0,3.20597e-11,3.20598e-12
Hessenberg basic,917,0,1,8,1e-12,3.75097,3.17764e-14,2.65677e-11,4.89636e-12
Hessenberg basic,918,0,0,8,1e-12,0.769057,0,2.41835e-11,3.77605e-12
Hessenberg basic,918,0,1,8,1e-12,2.33041,2.00972e-14,2.4737e-11,4.48558e-12
Hessenberg basic,919,0,0,8,1e-12,1.05306,0,2.09196e-11,3.84379e-12
Hessenberg basic,919,0,1,8,1e-12,2.2057,2.00972e-14,3.36033e-11,4.56197e-12
Hessenberg basic,920,0,0,8,1e-12,0.833662,0,2.00174e-11,3.88242e-12
Hessenberg basic,920,0,1,8,1e-12,2.56646,2.00972e-14,2.24493e-11,4.46641e-12
Hessenberg basic,921,0,0,8,1e-12,1.60277,0,2.50111e-11,3.88517e-12
Hessenberg basic,921,0,1,8,1e-12,3.24195,1.42109e-14,2.00322e-11,4.63922e-12
Hessenberg basic,922,0,0,8,1e-12,0.723221,0,2.45564e-11,3.80514e-12
Hessenberg basic,922,0,1,8,1e-12,2.86573,3.17764e-14,2.16972e-11,4.57422e-12
Hessenberg basic,923,0,0,8,1e-12,1.50606,0,2.91038e-11,3.72822e-12
Hessenberg basic,923,0,1,8,1e-12,2.48715,5.1238e-14,2.41672e-11,4.30362e-12
Hessenberg basic,924,0,0,8,1e-12,0.879124,0,1.98546e-11,3.71755e-12
Hessenberg basic,924,0,1,8,1e-12,2.41077,3.17764e-14,2.61156e-11,4.42085e-12
Hessenberg basic,925,0,0,8,1e-12,1.0336,0,2.41016e-11,3.58613e-12
Hessenberg basic,925,0,1,8,1e-12,3.97173,3.66205e-14,2.11983e-11,4.4813e-12
Hessenberg basic,926,0,0,8,1e-12,0.850249,0,3.75167e-11,3.40182e-12
Hessenberg basic,926,0,1,8,1e-12,2.63445,7.10543e-15,2.6908e-11,4.49055e-12
Hessenberg basic,927,0,0,8,1e-12,0.877164,0,2.83527e-11,3.44459e-12
Hessenberg basic,927,0,1,8,1e-12,2.69595,4.49387e-14,2.09998e-11,4.36494e-12
Hessenberg basic,928,0,0,8,1e-12,1.60614,0,3.54703e-11,3.72807e-12
Hessenberg basic,928,0,1,8,1e-12,2.40017,2.84217e-14,2.10133e-11,4.51878e-12
Hessenberg basic,929,0,0,8,1e-12,1.45765,0,2.75122e-11,3.74215e-12
Hessenberg basic,929,0,1,8,1e-12,3.86088,3.55271e-15,2.53295e-11,4.83499e-12
Hessenberg basic,930,0,0,8,1e-12,0.860067,0,2.75122e-11,3.93884e-12
Hessenberg basic,930,0,1,8,1e-12,2.67276,4.49387e-14,3.00357e-11,4.40474e-12
Hessenberg basic,931,0,0,8,1e-12,0.858677,0,2.86491e-11,3.74465e-12
Hessenberg basic,931,0,1,8,1e-12,3.75293,0,2.2969e-11,4.65035e-12
Hessenberg basic,932,0,0,8,1e-12,1.76974,0,2.32878e-11,3.80004e-12
Hessenberg basic,932,0,1,8,1e-12,2.58463,3.17764e-14,2.43714e-11,4.54375e-12
Hessenberg basic,933,0,0,8,1e-12,1.32913,0,2.72196e-11,3.34564e-12
Hessenberg basic,933,0,1,8,1e-12,2.47019,1.42109e-14,2.07857e-11,4.55371e-12
Hessenberg basic,934,0,0,8,1e-12,1.66704,0,3.93356e-11,3.58398e-12
Hessenberg basic,934,0,1,8,1e-12,4.09677,1.06581e-14,2.70489e-11,4.45477e-12
Hessenberg basic,935,0,0,8,1e-12,0.930857,0,2.20552e-11,3.12751e-12
Hessenberg basic,935,0,1,8,1e-12,2.60246,0,2.44519e-11,4.48365e-12
Hessenberg basic,936,0,0,8,1e-12,0.867913,0,2.28296e-11,3.84659e-12
Hessenberg basic,936,0,1,8,1e-12,3.86732,5.85929e-14,2.51248e-11,4.44772e-12
Hessenberg basic,937,0,0,8,1e-12,1.90738,0,2.75122e-11,3.91794e-12
Hessenberg basic,937,0,1,8,1e-12,2.6849,5.0243e-14,2.59853e-11,4.34982e-12
Hessenberg basic,938,0,0,8,1e-12,0.966087,0,2.41016e-11,3.60153e-12
Hessenberg basic,938,0,1,8,1e-12,3.16107,0,2.27431e-11,4.36717e-12
Hessenberg basic,939,0,0,8,1e-12,1.25344,0,2.36712e-11,3.75125e-12
Hessenberg basic,939,0,1,8,1e-12,2.73567,0,2.29377e-11,4.25253e-12
Hessenberg basic,940,0,0,8,1e-12,1.19925,0,2.59206e-11,3.83261e-12
Hessenberg basic,940,0,1,8,1e-12,2.25666,1.42109e-14,2.35222e-11,4.42197e-12
Hessenberg basic,941,0,0,8,1e-12,1.29576,0,3.22871e-11,3.58503e-12
Hessenberg basic,941,0,1,8,1e-12,2.53189,5.72858e-14,3.06111e-11,4.31691e-12
Hessenberg basic,942,0,0,8,1e-12,1.7535,0,3.13776e-11,4.00321e-12
Hessenberg basic,942,0,1,8,1e-12,2.687,0,2.62597e-11,4.30178e-12
Hessenberg basic,943,0,0,8,1e-12,0.900141,0,2.77396e-11,3.95302e-12
Hessenberg basic,943,0,1,8,1e-12,4.1333,2.00972e-14,2.45567e-11,4.376e-12
Hessenberg basic,944,0,0,8,1e-12,0.820597,0,4.79758e-11,3.61999e-12
Hessenberg basic,944,0,1,8,1e-12,2.75169,2.00972e-14,2.14203e-11,4.21791e-12
Hessenberg basic,945,0,0,8,1e-12,0.823933,0,2.88765e-11,3.49402e-12
Hessenberg basic,945,0,1,8,1e-12,3.58489,4.32206e-14,2.38298e-11,4.56836e-12
Hessenberg basic,946,0,0,8,1e-12,1.86913,0,2.09184e-11,3.24516e-12
Hessenberg basic,946,0,1,8,1e-12,3.12754,1.91319e-14,2.44596e-11,4.30478e-12
Hessenberg basic,947,0,0,8,1e-12,1.59065,0,2.23081e-11,3.97262e-12
Hessenberg basic,947,0,1,8,1e-12,2.58879,7.24614e-14,2.0335e-11,4.61364e-12
Hessenberg basic,948,0,0,8,1e-12,0.852154,0,2.31921e-11,3.65823e-12
Hessenberg basic,948,0,1,8,1e-12,3.33615,4.49387e-14,2.57746e-11,4.42329e-12
Hessenberg basic,949,0,0,8,1e-12,0.869996,0,2.66027e-11,3.41009e-12
Hessenberg basic,949,0,1,8,1e-12,3.28408,0,2.09011e-11,4.52127e-12
Hessenberg basic,950,0,0,8,1e-12,0.942872,0,2.31921e-11,3.41592e-12
Hessenberg basic,950,0,1,8,1e-12,3.28346,1.42109e-14,2.38832e-11,4.54851e-12
Hessenberg basic,951,0,0,8,1e-12,1.00133,0,3.00133e-11,3.59109e-12
Hessenberg basic,951,0,1,8,1e-12,3.17695,4.01944e-14,2.63992e-11,4.42883e-12
Hessenberg basic,952,0,0,8,1e-12,0.965079,0,3.03329e-11,3.632e-12
Hessenberg basic,952,0,1,8,1e-12,3.03009,3.17764e-14,1.9121e-11,4.43776e-12
Hessenberg basic,953,0,0,8,1e-12,1.36926,0,3.02407e-11,3.40585e-12
Hessenberg basic,953,0,1,8,1e-12,2.99222,1.58882e-14,2.42252e-11,4.32501e-12
Hessenberg basic,954,0,0,8,1e-12,1.14256,0,2.47837e-11,3.5733e-12
Hessenberg basic,954,0,1,8,1e-12,3.45699,3.17764e-14,2.70482e-11,4.67551e-12
Hessenberg basic,955,0,0,8,1e-12,0.996546,0,2.38742e-11,3.60444e-12
Hessenberg basic,955,0,1,8,1e-12,3.44019,2.92964e-14,2.18586e-11,4.37477e-12
Hessenberg basic,956,0,0,8,1e-12,0.978344,0,1.86446e-11,3.24127e-12
Hessenberg basic,956,0,1,8,1e-12,3.20324,5.68434e-14,3.11908e-11,4.69486e-12
Hessenberg basic,957,0,0,8,1e-12,0.988675,0,1.84173e-11,3.5033e-12
Hessenberg basic,957,0,1,8,1e-12,2.68335,3.17764e-14,2.06917e-11,4.53191e-12
Hessenberg basic,958,0,0,8,1e-12,1.05284,0,2.17491e-11,3.51731e-12
Hessenberg basic,958,0,1,8,1e-12,2.79446,7.8482e-14,2.7792e-11,4.53189e-12
Hessenberg basic,959,0,0,8,1e-12,1.04775,0,2.59206e-11,3.9325e-12
Hessenberg basic,959,0,1,8,1e-12,3.28693,4.01944e-14,2.22968e-11,4.41391e-12
Hessenberg basic,960,0,0,8,1e-12,2.02321,0,1.79197e-11,3.50465e-12
Hessenberg basic,960,0,1,8,1e-12,2.98906,0,2.67848e-11,4.54166e-12
Hessenberg basic,961,0,0,8,1e-12,1.84373,0,2.3895e-11,3.64056e-12
Hessenberg basic,961,0,1,8,1e-12,3.2034,3.17764e-14,2.09314e-11,4.43769e-12
Hessenberg basic,962,0,0,8,1e-12,1.42464,0,3.13776e-11,3.54242e-12
Hessenberg basic,962,0,1,8,1e-12,3.12526,4.01944e-14,2.57979e-11,4.39249e-12
Hessenberg basic,963,0,0,8,1e-12,1.31929,0,2.27374e-11,3.70893e-12
Hessenberg basic,963,0,1,8,1e-12,3.14863,1.42109e-14,2.28691e-11,4.56781e-12
Hessenberg basic,964,0,0,8,1e-12,1.24671,0,2.66027e-11,3.44573e-12
Hessenberg basic,964,0,1,8,1e-12,3.21847,7.10543e-14,2.95589e-11,4.52253e-12
Hessenberg basic,965,0,0,8,1e-12,1.08166,0,3.02407e-11,3.83275e-12
Hessenberg basic,965,0,1,8,1e-12,3.23455,2.84217e-14,2.31877e-11,4.55315e-12
Hessenberg basic,966,0,0,8,1e-12,1.10308,0,2.77396e-11,3.84526e-12
Hessenberg basic,966,0,1,8,1e-12,3.30699,1.42109e-14,2.76753e-11,4.61643e-12
Hessenberg basic,967,0,0,8,1e-12,1.22526,0,3.50155e-11,3.5294e-12
Hessenberg basic,967,0,1,8,1e-12,3.29174,1.42109e-14,2.26211e-11,4.51779e-12
Hessenberg basic,968,0,0,8,1e-12,1.14426,0,2.27374e-11,3.32429e-12
Hessenberg basic,968,0,1,8,1e-12,3.30686,4.01944e-14,2.37234e-11,4.42714e-12
Hessenberg basic,969,0,0,8,1e-12,1.16346,0,2.02363e-11,3.78239e-12
Hessenberg basic,969,0,1,8,1e-12,3.29264,1.42109e-14,2.10812e-11,4.56287e-12
Hessenberg basic,970,0,0,8,1e-12,1.1266,0,2.50111e-11,3.72853e-12
Hessenberg basic,970,0,1,8,1e-12,3.27975,3.17764e-14,2.08639e-11,4.44141e-12
Hessenberg basic,971,0,0,8,1e-12,1.19528,0,2.6148e-11,3.77975e-12
Hessenberg basic,971,0,1,8,1e-12,3.23249,3.17764e-14,3.16659e-11,4.41827e-12
Hessenberg basic,972,0,0,8,1e-12,1.11624,0,2.95586e-11,3.55095e-12
Hessenberg basic,972,0,1,8,1e-12,3.6224,2.00972e-14,2.47276e-11,4.29466e-12
Hessenberg basic,973,0,0,8,1e-12,1.07058,0,2.72848e-11,3.71664e-12
Hessenberg basic,973,0,1,8,1e-12,3.7171,6.39488e-14,3.51083e-11,4.36959e-12
Hessenberg basic,974,0,0,8,1e-12,1.30531,0,2.31921e-11,3.60992e-12
Hessenberg basic,974,0,1,8,1e-12,3.67543,4.01944e-14,2.23061e-11,4.32577e-12
Hessenberg basic,975,0,0,8,1e-12,1.43587,0,2.66027e-11,3.51907e-12
Hessenberg basic,975,0,1,8,1e-12,3.69551,8.28628e-14,2.45572e-11,4.4095e-12
Hessenberg basic,976,0,0,8,1e-12,1.45302,0,2.59206e-11,3.64878e-12
Hessenberg basic,976,0,1,8,1e-12,3.71238,3.17764e-14,2.39059e-11,4.64309e-12
Hessenberg basic,977,0,0,8,1e-12,1.35922,0,2.47837e-11,3.80834e-12
Hessenberg basic,977,0,1,8,1e-12,3.81757,2.00972e-14,2.60127e-11,4.516e-12
Hessenberg basic,978,0,0,8,1e-12,1.21267,0,1.8872e-11,3.60206e-12
Hessenberg basic,978,0,1,8,1e-12,3.75828,5.1238e-14,2.37551e-11,4.40494e-12
Hessenberg basic,979,0,0,8,1e-12,1.18482,0,2.00089e-11,3.61387e-12
Hessenberg basic,979,0,1,8,1e-12,3.72347,3.17764e-14,3.27429e-11,4.56962e-12
Hessenberg basic,980,0,0,8,1e-12,1.09796,0,2.59206e-11,4.0039e-12
Hessenberg basic,980,0,1,8,1e-12,3.57174,0,2.42519e-11,4.3339e-12
Hessenberg basic,981,0,0,8,1e-12,1.07752,0,2.02363e-11,3.76923e-12
Hessenberg basic,981,0,1,8,1e-12,3.34646,1.80095e-14,2.20588e-11,4.42068e-12
Hessenberg basic,982,0,0,8,1e-12,1.06666,0,3.04681e-11,3.5218e-12
Hessenberg basic,982,0,1,8,1e-12,3.58329,3.55271e-15,2.92423e-11,4.5372e-12
Hessenberg basic,983,0,0,8,1e-12,1.32614,0,2.0691e-11,3.47447e-12
Hessenberg basic,983,0,1,8,1e-12,4.56737,0,2.27406e-11,4.628e-12
Hessenberg basic,984,0,0,8,1e-12,1.78418,0,2.77396e-11,3.8113e-12
Hessenberg basic,984,0,1,8,1e-12,4.43213,1.42109e-14,2.86739e-11,4.64668e-12
Hessenberg basic,985,0,0,8,1e-12,1.55397,0,3.22639e-11,3.82515e-12
Hessenberg basic,985,0,1,8,1e-12,3.86548,8.52651e-14,2.59315e-11,4.56366e-12
Hessenberg basic,986,0,0,8,1e-12,2.39655,0,2.00089e-11,4.11284e-12
Hessenberg basic,986,0,1,8,1e-12,4.05387,7.10543e-15,2.68778e-11,4.49119e-12
Hessenberg basic,987,0,0,8,1e-12,1.4366,0,2.11458e-11,3.65466e-12
Hessenberg basic,987,0,1,8,1e-12,4.24732,2.13163e-14,3.07049e-11,4.62615e-12
Hessenberg basic,988,0,0,8,1e-12,1.29837,0,2.0691e-11,3.6248e-12
Hessenberg basic,988,0,1,8,1e-12,3.74891,5.72858e-14,2.50423e-11,4.72327e-12
Hessenberg basic,989,0,0,8,1e-12,1.38872,0,2.93312e-11,3.59154e-12
Hessenberg basic,989,0,1,8,1e-12,4.70664,0,2.32383e-11,4.37287e-12
Hessenberg basic,990,0,0,8,1e-12,1.48938,0,2.63753e-11,3.39939e-12
Hessenberg basic,990,0,1,8,1e-12,4.52268,4.32571e-14,2.54766e-11,4.75374e-12
Hessenberg basic,991,0,0,8,1e-12,1.72908,0,2.251e-11,3.54764e-12
Hessenberg basic,991,0,1,8,1e-12,4.63251,1.58882e-14,3.47638e-11,4.39769e-12
Hessenberg basic,992,0,0,8,1e-12,1.84532,0,2.13731e-11,3.62572e-12
Hessenberg basic,992,0,1,8,1e-12,4.56088,3.55271e-14,2.34881e-11,4.37263e-12
Hessenberg basic,993,0,0,8,1e-12,1.75965,0,2.52385e-11,3.69255e-12
Hessenberg basic,993,0,1,8,1e-12,4.0997,2.66203e-14,2.68455e-11,4.4764e-12
Hessenberg basic,994,0,0,8,1e-12,1.66173,0,2.237e-11,3.64867e-12
Hessenberg basic,994,0,1,8,1e-12,4.12042,5.54952e-14,5.32546e-11,4.46172e-12
Hessenberg basic,995,0,0,8,1e-12,1.75109,0,3.31966e-11,3.88137e-12
Hessenberg basic,995,0,1,8,1e-12,3.87149,3.17764e-14,2.929e-11,4.37117e-12
Hessenberg basic,996,0,0,8,1e-12,1.77255,0,3.66072e-11,3.64969e-12
Hessenberg basic,996,0,1,8,1e-12,4.55669,1.42109e-14,2.30893e-11,4.45419e-12
Hessenberg basic,997,0,0,8,1e-12,1.71978,0,2.18279e-11,4.09142e-12
Hessenberg basic,997,0,1,8,1e-12,4.47636,2.00972e-14,2.66049e-11,4.51777e-12
Hessenberg basic,998,0,0,8,1e-12,1.58128,0,2.59206e-11,3.74745e-12
Hessenberg basic,998,0,1,8,1e-12,4.68021,3.82639e-14,2.73009e-11,4.40655e-12
Hessenberg basic,999,0,0,8,1e-12,1.70599,0,2.22826e-11,3.91784e-12
Hessenberg basic,999,0,1,8,1e-12,4.39207,3.17764e-14,2.25898e-11,4.31087e-12
Hessenberg basic,1000,0,0,8,1e-12,1.45185,0,4.09273e-11,3.76995e-12
Hessenberg basic,1000,0,1,8,1e-12,4.74036,7.10543e-15,2.44585e-11,4.45075e-12
