version, size, hermitian, complex, seed, tol, runtime in s,min_error, max_error, avg_error
Hessenberg basic,900,0,0,6,1e-12,1.36645,0,2.24525e-11,3.67893e-12
Hessenberg basic,900,0,1,6,1e-12,2.85875,3.55271e-14,2.33025e-11,4.60213e-12
Hessenberg basic,901,0,0,6,1e-12,1.00891,0,2.47837e-11,3.33792e-12
Hessenberg basic,901,0,1,6,1e-12,2.80758,4.26326e-14,2.23339e-11,4.54622e-12
Hessenberg basic,902,0,0,6,1e-12,0.78945,0,2.27445e-11,3.64868e-12
Hessenberg basic,902,0,1,6,1e-12,2.06054,6.99803e-14,2.27919e-11,4.36718e-12
Hessenberg basic,903,0,0,6,1e-12,0.828597,0,2.14338e-11,3.75249e-12
Hessenberg basic,903,0,1,6,1e-12,2.88588,4.49387e-14,2.76285e-11,4.68967e-12
Hessenberg basic,904,0,0,6,1e-12,1.37361,0,1.90523e-11,3.6334e-12
Hessenberg basic,904,0,1,6,1e-12,2.71561,8.68964e-14,2.91218e-11,4.66091e-12
Hessenberg basic,905,0,0,6,1e-12,1.31341,0,1.97815e-11,3.55e-12
Hessenberg basic,905,0,1,6,1e-12,2.55985,6.20455e-14,2.64771e-11,4.65249e-12
Hessenberg basic,906,0,0,6,1e-12,2.01433,0,2.34195e-11,3.82208e-12
Hessenberg basic,906,0,1,6,1e-12,2.08813,1.42109e-14,1.98858e-11,4.52186e-12
Hessenberg basic,907,0,0,6,1e-12,0.904147,0,1.86446e-11,3.35428e-12
Hessenberg basic,907,0,1,6,1e-12,2.80826,2.66454e-14,2.54912e-11,4.75334e-12
Hessenberg basic,908,0,0,6,1e-12,0.795965,0,2.06938e-11,3.3493e-12
Hessenberg basic,908,0,1,6,1e-12,3.46442,0,3.01098e-11,4.60688e-12
Hessenberg basic,909,0,0,6,1e-12,0.717284,0,2.72848e-11,3.86949e-12
Hessenberg basic,909,0,1,6,1e-12,2.70202,3.17764e-14,2.12132e-11,4.6855e-12
Hessenberg basic,910,0,0,6,1e-12,1.32194,0,2.09184e-11,3.74221e-12
Hessenberg basic,910,0,1,6,1e-12,1.95693,5.68434e-14,3.11473e-11,4.41261e-12
Hessenberg basic,911,0,0,6,1e-12,0.876555,0,1.97815e-11,3.55e-12
Hessenberg basic,911,0,1,6,1e-12,3.31816,7.10543e-15,2.3162e-11,4.61297e-12
Hessenberg basic,912,0,0,6,1e-12,1.11037,0,2.88765e-11,3.6228e-12
Hessenberg basic,912,0,1,6,1e-12,2.25624,5.72858e-14,1.92063e-11,4.39448e-12
Hessenberg basic,913,0,0,6,1e-12,0.954318,0,2.5741e-11,3.7344e-12
Hessenberg basic,913,0,1,6,1e-12,2.77959,4.9738e-14,2.58897e-11,4.55683e-12
Hessenberg basic,914,0,0,6,1e-12,1.32076,0,2.46805e-11,3.7504e-12
Hessenberg basic,914,0,1,6,1e-12,2.45923,2.00972e-14,2.24741e-11,4.688e-12
Hessenberg basic,915,0,0,6,1e-12,0.9155,0,1.63709e-11,3.37437e-12
Hessenberg basic,915,0,1,6,1e-12,4.09877,4.68972e-14,2.08801e-11,4.66843e-12
Hessenberg basic,916,0,0,6,1e-12,0.699214,0,2.25232e-11,3.90547e-12
Hessenberg basic,916,0,1,6,1e-12,2.36456,3.59246e-14,2.36015e-11,4.85108e-12
Hessenberg basic,917,0,0,6,1e-12,0.805022,0,1.98794e-11,3.92533e-12
Hessenberg basic,917,0,1,6,1e-12,3.17174,5.0243e-14,2.57294e-11,4.60977e-12
Hessenberg basic,918,0,0,6,1e-12,1.46325,0,2.07042e-11,3.79829e-12
Hessenberg basic,918,0,1,6,1e-12,2.2452,0,2.14396e-11,4.66743e-12
Hessenberg basic,919,0,0,6,1e-12,1.20224,0,1.61707e-11,3.63362e-12
Hessenberg basic,919,0,1,6,1e-12,3.37875,1.06581e-14,2.45587e-11,4.64716e-12
Hessenberg basic,920,0,0,6,1e-12,0.703972,0,1.89457e-11,3.56105e-12
Hessenberg basic,920,0,1,6,1e-12,2.30145,1.33227e-14,2.53561e-11,4.80947e-12
Hessenberg basic,921,0,0,6,1e-12,0.834921,0,2.28802e-11,3.72887e-12
Hessenberg basic,921,0,1,6,1e-12,3.46553,2.87666e-14,2.29785e-11,4.70921e-12
Hessenberg basic,922,0,0,6,1e-12,1.68789,0,2.84217e-11,4.02607e-12
Hessenberg basic,922,0,1,6,1e-12,2.82416,0,2.27419e-11,4.59003e-12
Hessenberg basic,923,0,0,6,1e-12,0.734209,0,1.98393e-11,3.35861e-12
Hessenberg basic,923,0,1,6,1e-12,3.45038,2.92964e-14,2.20693e-11,4.81059e-12
Hessenberg basic,924,0,0,6,1e-12,0.78136,0,2.11213e-11,3.66507e-12
Hessenberg basic,924,0,1,6,1e-12,2.87456,4.9738e-14,2.52131e-11,4.75474e-12
Hessenberg basic,925,0,0,6,1e-12,0.889704,0,1.95541e-11,3.67979e-12
Hessenberg basic,925,0,1,6,1e-12,2.2909,0,2.51001e-11,4.47812e-12
Hessenberg basic,926,0,0,6,1e-12,1.90889,0,2.59206e-11,3.97071e-12
Hessenberg basic,926,0,1,6,1e-12,2.37913,3.55271e-14,2.27672e-11,4.78874e-12
Hessenberg basic,927,0,0,6,1e-12,1.17281,0,2.34195e-11,3.70213e-12
Hessenberg basic,927,0,1,6,1e-12,3.36214,3.55271e-14,2.64888e-11,4.8334e-12
Hessenberg basic,928,0,0,6,1e-12,0.796445,0,2.38742e-11,3.56058e-12
Hessenberg basic,928,0,1,6,1e-12,3.51833,0,2.42492e-11,4.67308e-12
Hessenberg basic,929,0,0,6,1e-12,0.748599,0,2.61557e-11,3.72023e-12
Hessenberg basic,929,0,1,6,1e-12,2.9369,2.84217e-14,3.06586e-11,4.62428e-12
Hessenberg basic,930,0,0,6,1e-12,0.771831,0,1.98903e-11,3.92879e-12
Hessenberg basic,930,0,1,6,1e-12,3.16563,7.98373e-14,2.54102e-11,4.80282e-12
Hessenberg basic,931,0,0,6,1e-12,1.35598,0,1.98692e-11,3.67137e-12
Hessenberg basic,931,0,1,6,1e-12,3.37004,4.01944e-14,2.75828e-11,4.68829e-12
Hessenberg basic,932,0,0,6,1e-12,1.43099,0,2.46892e-11,3.78244e-12
Hessenberg basic,932,0,1,6,1e-12,3.88678,2.84217e-14,2.97601e-11,4.85519e-12
Hessenberg basic,933,0,0,6,1e-12,1.38536,0,2.01521e-11,3.40927e-12
Hessenberg basic,933,0,1,6,1e-12,3.66729,3.62307e-14,2.12769e-11,4.71616e-12
Hessenberg basic,934,0,0,6,1e-12,1.91479,0,1.81899e-11,3.39171e-12
Hessenberg basic,934,0,1,6,1e-12,3.17234,6.11232e-14,2.22234e-11,4.8093e-12
Hessenberg basic,935,0,0,6,1e-12,2.02442,0,2.18279e-11,3.2933e-12
Hessenberg basic,935,0,1,6,1e-12,3.16611,9.03548e-15,3.14986e-11,4.72469e-12
Hessenberg basic,936,0,0,6,1e-12,1.41723,0,3.41061e-11,3.82377e-12
Hessenberg basic,936,0,1,6,1e-12,3.23056,5.69543e-14,2.63145e-11,4.77692e-12
Hessenberg basic,937,0,0,6,1e-12,1.29444,0,1.95541e-11,3.48849e-12
Hessenberg basic,937,0,1,6,1e-12,3.40717,4.76647e-14,2.87211e-11,4.79753e-12
Hessenberg basic,938,0,0,6,1e-12,1.50997,0,2.84217e-11,3.45194e-12
Hessenberg basic,938,0,1,6,1e-12,4.37747,4.27803e-14,3.17106e-11,4.6918e-12
Hessenberg basic,939,0,0,6,1e-12,1.63895,0,1.75078e-11,3.56539e-12
Hessenberg basic,939,0,1,6,1e-12,4.35776,2.84217e-14,2.46121e-11,4.8064e-12
Hessenberg basic,940,0,0,6,1e-12,1.29371,0,1.88024e-11,3.79438e-12
Hessenberg basic,940,0,1,6,1e-12,3.84967,2.84217e-14,2.6691e-11,4.55201e-12
Hessenberg basic,941,0,0,6,1e-12,1.21629,0,2.50111e-11,3.91239e-12
Hessenberg basic,941,0,1,6,1e-12,3.63359,4.26326e-14,2.22376e-11,4.50991e-12
Hessenberg basic,942,0,0,6,1e-12,1.1962,0,2.1395e-11,3.95781e-12
Hessenberg basic,942,0,1,6,1e-12,3.45593,1.42109e-14,2.88961e-11,4.63621e-12
Hessenberg basic,943,0,0,6,1e-12,1.27268,0,2.22826e-11,3.46267e-12
Hessenberg basic,943,0,1,6,1e-12,3.32097,3.17764e-14,3.05268e-11,4.88462e-12
Hessenberg basic,944,0,0,6,1e-12,1.36166,0,1.84173e-11,3.41843e-12
Hessenberg basic,944,0,1,6,1e-12,3.99785,2.4869e-14,2.42835e-11,4.72548e-12
Hessenberg basic,945,0,0,6,1e-12,1.54868,0,2.11458e-11,3.54339e-12
Hessenberg basic,945,0,1,6,1e-12,3.4963,1.42109e-14,1.97617e-11,4.76298e-12
Hessenberg basic,946,0,0,6,1e-12,1.97915,0,2.42923e-11,3.50394e-12
Hessenberg basic,946,0,1,6,1e-12,3.38715,3.17764e-14,2.9552e-11,4.44347e-12
Hessenberg basic,947,0,0,6,1e-12,1.85415,0,2.22826e-11,3.45257e-12
Hessenberg basic,947,0,1,6,1e-12,3.29662,3.55271e-15,2.99158e-11,4.72771e-12
Hessenberg basic,948,0,0,6,1e-12,1.41629,0,1.65941e-11,3.42954e-12
Hessenberg basic,948,0,1,6,1e-12,3.2602,4.49387e-14,2.47169e-11,4.68839e-12
Hessenberg basic,949,0,0,6,1e-12,1.28952,0,2.47837e-11,3.80166e-12
Hessenberg basic,949,0,1,6,1e-12,3.51883,7.10543e-15,2.50813e-11,4.74681e-12
Hessenberg basic,950,0,0,6,1e-12,1.67674,0,2.09184e-11,3.46083e-12
Hessenberg basic,950,0,1,6,1e-12,4.61113,2.84217e-14,2.88671e-11,4.75945e-12
Hessenberg basic,951,0,0,6,1e-12,1.52075,0,1.82172e-11,3.43254e-12
Hessenberg basic,951,0,1,6,1e-12,4.49345,2.13163e-14,2.5466e-11,4.62278e-12
Hessenberg basic,952,0,0,6,1e-12,1.28182,0,1.72804e-11,3.44641e-12
Hessenberg basic,952,0,1,6,1e-12,4.00577,0,2.35913e-11,4.75663e-12
Hessenberg basic,953,0,0,6,1e-12,1.32078,0,2.20552e-11,3.84933e-12
Hessenberg basic,953,0,1,6,1e-12,3.40809,5.68434e-14,2.25275e-11,4.9348e-12
Hessenberg basic,954,0,0,6,1e-12,1.31068,0,2.50111e-11,3.67567e-12
Hessenberg basic,954,0,1,6,1e-12,3.44008,2.71149e-14,2.28021e-11,4.89391e-12
Hessenberg basic,955,0,0,6,1e-12,1.28242,0,2.10775e-11,4.12514e-12
Hessenberg basic,955,0,1,6,1e-12,3.5081,4.26326e-14,2.77193e-11,4.57579e-12
Hessenberg basic,956,0,0,6,1e-12,1.41181,0,2.70575e-11,3.69659e-12
Hessenberg basic,956,0,1,6,1e-12,3.60933,2.84217e-14,2.69791e-11,4.69493e-12
Hessenberg basic,957,0,0,6,1e-12,1.43339,0,2.13731e-11,3.5871e-12
Hessenberg basic,957,0,1,6,1e-12,3.46336,4.41573e-14,2.34242e-11,4.70303e-12
Hessenberg basic,958,0,0,6,1e-12,1.50382,0,2.47837e-11,3.57863e-12
Hessenberg basic,958,0,1,6,1e-12,3.61838,4.9738e-14,2.79817e-11,4.89326e-12
Hessenberg basic,959,0,0,6,1e-12,1.38532,0,2.2418e-11,3.37587e-12
Hessenberg basic,959,0,1,6,1e-12,3.57413,4.01944e-14,2.929e-11,5.05659e-12
Hessenberg basic,960,0,0,6,1e-12,1.43358,0,2.91904e-11,3.70115e-12
Hessenberg basic,960,0,1,6,1e-12,3.67804,5.42298e-14,2.33546e-11,4.72142e-12
Hessenberg basic,961,0,0,6,1e-12,1.34857,0,2.6148e-11,3.5702e-12
Hessenberg basic,961,0,1,6,1e-12,3.64387,8.88178e-15,2.84286e-11,4.78626e-12
Hessenberg basic,962,0,0,6,1e-12,1.44028,0,2.27368e-11,3.67294e-12
Hessenberg basic,962,0,1,6,1e-12,3.54576,5.68434e-14,2.55229e-11,4.71898e-12
Hessenberg basic,963,0,0,6,1e-12,1.52091,0,2.19849e-11,3.70073e-12
Hessenberg basic,963,0,1,6,1e-12,3.67864,3.62307e-14,2.74902e-11,4.73809e-12
Hessenberg basic,964,0,0,6,1e-12,1.37343,0,2.179e-11,3.91007e-12
Hessenberg basic,964,0,1,6,1e-12,3.66807,0,1.93097e-11,4.62279e-12
Hessenberg basic,965,0,0,6,1e-12,1.4717,0,2.68301e-11,3.69343e-12
Hessenberg basic,965,0,1,6,1e-12,3.80859,3.7943e-14,2.3556e-11,4.65857e-12
Hessenberg basic,966,0,0,6,1e-12,1.46351,0,2.6148e-11,3.68619e-12
Hessenberg basic,966,0,1,6,1e-12,3.82896,7.24614e-14,2.42225e-11,4.75668e-12
Hessenberg basic,967,0,0,6,1e-12,1.43351,0,2.251e-11,3.57175e-12
Hessenberg basic,967,0,1,6,1e-12,3.69081,8.78893e-14,2.58287e-11,4.78626e-12
Hessenberg basic,968,0,0,6,1e-12,1.56929,0,2.69249e-11,3.63978e-12
Hessenberg basic,968,0,1,6,1e-12,3.86967,0,2.81007e-11,4.64667e-12
Hessenberg basic,969,0,0,6,1e-12,1.47989,0,1.95541e-11,3.62597e-12
Hessenberg basic,969,0,1,6,1e-12,3.77614,2.2327e-14,2.76537e-11,4.92364e-12
Hessenberg basic,970,0,0,6,1e-12,1.70865,0,2.31921e-11,3.77158e-12
Hessenberg basic,970,0,1,6,1e-12,3.89415,7.94411e-14,2.84695e-11,4.81677e-12
Hessenberg basic,971,0,0,6,1e-12,1.57033,0,1.97138e-11,3.42364e-12
Hessenberg basic,971,0,1,6,1e-12,3.86545,7.40604e-14,2.76307e-11,4.54548e-12
Hessenberg basic,972,0,0,6,1e-12,1.59382,0,1.95541e-11,3.58536e-12
Hessenberg basic,972,0,1,6,1e-12,3.81593,2.00972e-14,2.34098e-11,4.50911e-12
Hessenberg basic,973,0,0,6,1e-12,1.6415,0,2.20998e-11,3.63834e-12
Hessenberg basic,973,0,1,6,1e-12,3.8762,4.54969e-14,2.46176e-11,4.84e-12
Hessenberg basic,974,0,0,6,1e-12,1.46712,0,2.31921e-11,3.5541e-12
Hessenberg basic,974,0,1,6,1e-12,4.00892,2.84217e-14,2.51101e-11,4.73095e-12
Hessenberg basic,975,0,0,6,1e-12,1.71165,0,2.56932e-11,3.83929e-12
Hessenberg basic,975,0,1,6,1e-12,4.21478,5.44308e-14,2.82221e-11,4.82059e-12
Hessenberg basic,976,0,0,6,1e-12,1.74255,0,1.97554e-11,3.70208e-12
Hessenberg basic,976,0,1,6,1e-12,4.09136,3.55271e-15,2.45566e-11,4.61972e-12
Hessenberg basic,977,0,0,6,1e-12,1.81819,0,2.48166e-11,3.84185e-12
Hessenberg basic,977,0,1,6,1e-12,4.15787,2.84217e-14,2.72555e-11,4.76237e-12
Hessenberg basic,978,0,0,6,1e-12,1.70604,0,2.12886e-11,3.51985e-12
Hessenberg basic,978,0,1,6,1e-12,4.09093,5.54952e-14,2.42396e-11,4.72338e-12
Hessenberg basic,979,0,0,6,1e-12,1.46126,0,2.31755e-11,3.56631e-12
Hessenberg basic,979,0,1,6,1e-12,4.03269,8.59287e-14,2.01133e-11,4.52066e-12
Hessenberg basic,980,0,0,6,1e-12,1.78627,0,2.42011e-11,3.8454e-12
Hessenberg basic,980,0,1,6,1e-12,4.16464,5.32907e-14,2.95371e-11,4.68982e-12
Hessenberg basic,981,0,0,6,1e-12,1.73702,0,2.03131e-11,4.13643e-12
Hessenberg basic,981,0,1,6,1e-12,4.20956,0,2.45338e-11,4.70476e-12
Hessenberg basic,982,0,0,6,1e-12,1.5876,0,2.6304e-11,3.70474e-12
Hessenberg basic,982,0,1,6,1e-12,4.20873,4.26326e-14,2.92864e-11,4.75925e-12
Hessenberg basic,983,0,0,6,1e-12,1.65458,0,2.6448e-11,3.77e-12
Hessenberg basic,983,0,1,6,1e-12,4.30295,0,2.73955e-11,4.84773e-12
Hessenberg basic,984,0,0,6,1e-12,1.50853,0,2.27374e-11,3.80898e-12
Hessenberg basic,984,0,1,6,1e-12,4.20653,3.55271e-14,1.87277e-11,4.67921e-12
Hessenberg basic,985,0,0,6,1e-12,1.87707,0,2.62538e-11,3.66382e-12
Hessenberg basic,985,0,1,6,1e-12,4.24724,1.58882e-14,2.84898e-11,4.72339e-12
Hessenberg basic,986,0,0,6,1e-12,1.88704,0,2.26759e-11,3.79132e-12
Hessenberg basic,986,0,1,6,1e-12,4.21035,5.72858e-14,2.64683e-11,4.6702e-12
Hessenberg basic,987,0,0,6,1e-12,1.6857,0,2.81943e-11,4.10762e-12
Hessenberg basic,987,0,1,6,1e-12,4.25347,7.10543e-14,2.54415e-11,4.63461e-12
Hessenberg basic,988,0,0,6,1e-12,2.02716,0,2.86491e-11,3.8973e-12
Hessenberg basic,988,0,1,6,1e-12,4.33344,1.5099e-14,2.54262e-11,4.63633e-12
Hessenberg basic,989,0,0,6,1e-12,1.56515,0,3.56977e-11,3.95814e-12
Hessenberg basic,989,0,1,6,1e-12,4.42823,1.4179e-14,2.92873e-11,4.95346e-12
Hessenberg basic,990,0,0,6,1e-12,1.99169,0,2.6144e-11,3.83013e-12
Hessenberg basic,990,0,1,6,1e-12,4.42895,1.24345e-14,2.64732e-11,4.74142e-12
Hessenberg basic,991,0,0,6,1e-12,1.73923,0,2.41016e-11,3.77573e-12
Hessenberg basic,991,0,1,6,1e-12,4.36386,5.68434e-14,2.41188e-11,4.92836e-12
Hessenberg basic,992,0,0,6,1e-12,1.83924,0,2.29647e-11,4.02348e-12
Hessenberg basic,992,0,1,6,1e-12,4.56006,0,2.55452e-11,4.63989e-12
Hessenberg basic,993,0,0,6,1e-12,2.07546,0,2.16005e-11,3.77115e-12
Hessenberg basic,993,0,1,6,1e-12,4.47575,0,2.07887e-11,4.67186e-12
Hessenberg basic,994,0,0,6,1e-12,1.84724,0,1.85854e-11,3.75833e-12
Hessenberg basic,994,0,1,6,1e-12,4.49174,3.55271e-14,2.84581e-11,4.69401e-12
Hessenberg basic,995,0,0,6,1e-12,2.14271,0,2.31921e-11,3.79897e-12
Hessenberg basic,995,0,1,6,1e-12,4.57692,5.85929e-14,2.159e-11,4.75395e-12
Hessenberg basic,996,0,0,6,1e-12,1.9778,0,2.48606e-11,4.03448e-12
Hessenberg basic,996,0,1,6,1e-12,4.42671,2.83244e-14,2.15706e-11,4.86113e-12
Hessenberg basic,997,0,0,6,1e-12,1.97513,0,2.9786e-11,4.04804e-12
Hessenberg basic,997,0,1,6,1e-12,4.40472,4.63722e-14,2.14374e-11,4.86519e-12
Hessenberg basic,998,0,0,6,1e-12,1.88497,0,2.68301e-11,4.14153e-12
Hessenberg basic,998,0,1,6,1e-12,4.48493,3.17764e-14,3.08429e-11,5.1635e-12
Hessenberg basic,999,0,0,6,1e-12,1.6675,0,2.251e-11,4.05238e-12
Hessenberg basic,999,0,1,6,1e-12,4.50489,0,2.19436e-11,4.92469e-12
Hessenberg basic,1000,0,0,6,1e-12,1.9814,0,3.17282e-11,4.07329e-12
Hessenberg basic,1000,0,1,6,1e-12,4.64381,3.82639e-14,2.38583e-11,4.94005e-12
