version, size, hermitian, complex, seed, tol, runtime in s,min_error, max_error, avg_error
Hessenberg basic,900,0,0,1,1e-12,0.755154,0,2.20552e-11,3.77378e-12
Hessenberg basic,900,0,1,1,1e-12,2.07615,6.35529e-14,2.00553e-11,4.68834e-12
Hessenberg basic,901,0,0,1,1e-12,0.688739,0,2.0691e-11,3.77134e-12
Hessenberg basic,901,0,1,1,1e-12,2.34451,4.01944e-14,1.84229e-11,4.51525e-12
Hessenberg basic,902,0,0,1,1e-12,0.710304,0,2.81943e-11,3.45373e-12
Hessenberg basic,902,0,1,1,1e-12,1.99046,3.55271e-14,2.23533e-11,4.66567e-12
Hessenberg basic,903,0,0,1,1e-12,0.741213,0,2.66027e-11,3.56326e-12
Hessenberg basic,903,0,1,1,1e-12,2.03072,2.84772e-14,2.7304e-11,4.71777e-12
Hessenberg basic,904,0,0,1,1e-12,0.842554,0,2.18279e-11,4.14716e-12
Hessenberg basic,904,0,1,1,1e-12,2.52887,0,2.67587e-11,4.64651e-12
Hessenberg basic,905,0,0,1,1e-12,0.977261,0,2.72848e-11,3.68125e-12
Hessenberg basic,905,0,1,1,1e-12,2.09362,4.01944e-14,2.06667e-11,4.69392e-12
Hessenberg basic,906,0,0,1,1e-12,1.26191,0,2.54295e-11,3.95966e-12
Hessenberg basic,906,0,1,1,1e-12,2.00789,0,2.76584e-11,4.88307e-12
Hessenberg basic,907,0,0,1,1e-12,1.15778,0,2.36469e-11,3.65112e-12
Hessenberg basic,907,0,1,1,1e-12,2.05991,1.12347e-14,2.18353e-11,4.61353e-12
Hessenberg basic,908,0,0,1,1e-12,0.728987,0,2.52385e-11,3.87065e-12
Hessenberg basic,908,0,1,1,1e-12,2.16483,7.10543e-14,2.81586e-11,4.48698e-12
Hessenberg basic,909,0,0,1,1e-12,0.755498,0,2.04636e-11,3.52477e-12
Hessenberg basic,909,0,1,1,1e-12,2.48312,5.98468e-14,2.45748e-11,4.54887e-12
Hessenberg basic,910,0,0,1,1e-12,1.15522,0,2.251e-11,3.85892e-12
Hessenberg basic,910,0,1,1,1e-12,3.32899,2.13163e-14,2.51474e-11,4.6614e-12
Hessenberg basic,911,0,0,1,1e-12,1.10922,0,2.16005e-11,4.06638e-12
Hessenberg basic,911,0,1,1,1e-12,3.1393,3.55271e-14,2.34801e-11,4.5493e-12
Hessenberg basic,912,0,0,1,1e-12,0.772936,0,2.66027e-11,3.78555e-12
Hessenberg basic,912,0,1,1,1e-12,2.95255,1.98603e-14,2.29783e-11,4.50781e-12
Hessenberg basic,913,0,0,1,1e-12,0.852521,0,3.06954e-11,4.01925e-12
Hessenberg basic,913,0,1,1,1e-12,2.44144,0,2.94885e-11,4.66851e-12
Hessenberg basic,914,0,0,1,1e-12,0.856707,0,2.251e-11,3.82061e-12
Hessenberg basic,914,0,1,1,1e-12,2.07633,4.01944e-14,1.84789e-11,4.53928e-12
Hessenberg basic,915,0,0,1,1e-12,0.88027,0,2.29647e-11,3.93281e-12
Hessenberg basic,915,0,1,1,1e-12,2.25745,2.5619e-14,2.47986e-11,4.76404e-12
Hessenberg basic,916,0,0,1,1e-12,0.86191,0,2.91038e-11,3.71086e-12
Hessenberg basic,916,0,1,1,1e-12,2.28582,3.17764e-14,2.87392e-11,4.77937e-12
Hessenberg basic,917,0,0,1,1e-12,0.777618,0,2.32322e-11,4.17074e-12
Hessenberg basic,917,0,1,1,1e-12,2.75676,1.58882e-14,2.86189e-11,4.7519e-12
Hessenberg basic,918,0,0,1,1e-12,0.958627,0,3.11502e-11,3.37184e-12
Hessenberg basic,918,0,1,1,1e-12,2.62007,3.17764e-14,2.08146e-11,4.43969e-12
Hessenberg basic,919,0,0,1,1e-12,1.63032,0,1.97815e-11,3.72386e-12
Hessenberg basic,919,0,1,1,1e-12,2.42082,4.61853e-14,3.24412e-11,4.72502e-12
Hessenberg basic,920,0,0,1,1e-12,1.4463,0,4.41105e-11,3.7163e-12
Hessenberg basic,920,0,1,1,1e-12,2.22255,2.90938e-14,2.31877e-11,4.71779e-12
Hessenberg basic,921,0,0,1,1e-12,1.51054,0,3.04681e-11,3.85294e-12
Hessenberg basic,921,0,1,1,1e-12,2.11008,1.42109e-14,2.41702e-11,4.41846e-12
Hessenberg basic,922,0,0,1,1e-12,1.44059,0,3.54703e-11,4.09702e-12
Hessenberg basic,922,0,1,1,1e-12,2.31878,5.85929e-14,3.00183e-11,4.62716e-12
Hessenberg basic,923,0,0,1,1e-12,1.27185,0,3.45608e-11,3.70331e-12
Hessenberg basic,923,0,1,1,1e-12,2.25989,6.20455e-14,3.35374e-11,4.44672e-12
Hessenberg basic,924,0,0,1,1e-12,1.15327,0,2.11458e-11,3.71001e-12
Hessenberg basic,924,0,1,1,1e-12,2.34687,0,2.15656e-11,4.77961e-12
Hessenberg basic,925,0,0,1,1e-12,1.07765,0,3.7744e-11,3.72706e-12
Hessenberg basic,925,0,1,1,1e-12,2.42667,2.00972e-14,2.13768e-11,4.68688e-12
Hessenberg basic,926,0,0,1,1e-12,0.935727,0,4.29736e-11,3.91315e-12
Hessenberg basic,926,0,1,1,1e-12,2.52761,0,2.39546e-11,4.77462e-12
Hessenberg basic,927,0,0,1,1e-12,0.96647,0,2.68301e-11,4.31417e-12
Hessenberg basic,927,0,1,1,1e-12,3.54168,1.07834e-14,2.34471e-11,4.68913e-12
Hessenberg basic,928,0,0,1,1e-12,1.28815,0,2.36042e-11,4.04445e-12
Hessenberg basic,928,0,1,1,1e-12,3.40732,2.92964e-14,2.53621e-11,4.77439e-12
Hessenberg basic,929,0,0,1,1e-12,1.01642,0,3.52429e-11,4.28306e-12
Hessenberg basic,929,0,1,1,1e-12,3.21632,0,2.48244e-11,4.7789e-12
Hessenberg basic,930,0,0,1,1e-12,0.908274,0,3.34239e-11,3.80704e-12
Hessenberg basic,930,0,1,1,1e-12,3.01978,1.42109e-14,2.4295e-11,4.61384e-12
Hessenberg basic,931,0,0,1,1e-12,0.825405,0,2.7967e-11,3.84531e-12
Hessenberg basic,931,0,1,1,1e-12,2.81751,4.01944e-14,2.36643e-11,4.52151e-12
Hessenberg basic,932,0,0,1,1e-12,0.894886,0,3.36513e-11,3.75772e-12
Hessenberg basic,932,0,1,1,1e-12,2.53471,2.5619e-14,2.63057e-11,4.78393e-12
Hessenberg basic,933,0,0,1,1e-12,1.05306,0,3.06954e-11,4.22835e-12
Hessenberg basic,933,0,1,1,1e-12,2.60201,0,2.76857e-11,4.72513e-12
Hessenberg basic,934,0,0,1,1e-12,1.12508,0,3.29692e-11,3.88072e-12
Hessenberg basic,934,0,1,1,1e-12,2.54977,3.17764e-14,2.62663e-11,4.46083e-12
Hessenberg basic,935,0,0,1,1e-12,1.03728,0,3.43334e-11,3.80256e-12
Hessenberg basic,935,0,1,1,1e-12,2.68831,2.78044e-14,2.71871e-11,4.72444e-12
Hessenberg basic,936,0,0,1,1e-12,0.886298,0,3.11502e-11,4.06112e-12
Hessenberg basic,936,0,1,1,1e-12,2.66867,2.13902e-14,2.47085e-11,4.67782e-12
Hessenberg basic,937,0,0,1,1e-12,1.16394,0,2.00089e-11,3.57469e-12
Hessenberg basic,937,0,1,1,1e-12,2.42653,2.84217e-14,3.20345e-11,4.78126e-12
Hessenberg basic,938,0,0,1,1e-12,0.862792,0,3.04681e-11,3.78361e-12
Hessenberg basic,938,0,1,1,1e-12,2.5421,3.55271e-15,2.77405e-11,4.60155e-12
Hessenberg basic,939,0,0,1,1e-12,0.926014,3.55271e-15,2.0691e-11,3.57676e-12
Hessenberg basic,939,0,1,1,1e-12,2.63646,4.49387e-14,2.47931e-11,4.66029e-12
Hessenberg basic,940,0,0,1,1e-12,0.978226,0,2.68301e-11,3.70403e-12
Hessenberg basic,940,0,1,1,1e-12,2.54761,1.58882e-14,2.69831e-11,4.86902e-12
Hessenberg basic,941,0,0,1,1e-12,0.875796,0,2.34195e-11,3.76274e-12
Hessenberg basic,941,0,1,1,1e-12,3.17948,4.44089e-15,2.4107e-11,4.75843e-12
Hessenberg basic,942,0,0,1,1e-12,1.2451,0,3.45608e-11,3.95466e-12
Hessenberg basic,942,0,1,1,1e-12,2.84225,3.03544e-14,3.09738e-11,4.82172e-12
Hessenberg basic,943,0,0,1,1e-12,1.74661,0,2.39823e-11,3.99593e-12
Hessenberg basic,943,0,1,1,1e-12,2.37024,0,2.81285e-11,4.62618e-12
Hessenberg basic,944,0,0,1,1e-12,1.47434,0,2.35047e-11,3.8335e-12
Hessenberg basic,944,0,1,1,1e-12,2.47247,4.14314e-14,2.65677e-11,4.59564e-12
Hessenberg basic,945,0,0,1,1e-12,1.81782,0,2.66027e-11,3.80794e-12
Hessenberg basic,945,0,1,1,1e-12,2.56286,4.54969e-14,2.33933e-11,4.83153e-12
Hessenberg basic,946,0,0,1,1e-12,1.64228,0,2.01854e-11,3.77898e-12
Hessenberg basic,946,0,1,1,1e-12,2.43699,3.17764e-14,2.45942e-11,4.80722e-12
Hessenberg basic,947,0,0,1,1e-12,1.24923,0,4.04725e-11,3.48809e-12
Hessenberg basic,947,0,1,1,1e-12,2.66583,2.84217e-14,2.70813e-11,4.94755e-12
Hessenberg basic,948,0,0,1,1e-12,0.885122,0,2.11458e-11,3.44351e-12
Hessenberg basic,948,0,1,1,1e-12,2.7342,4.01944e-14,3.09228e-11,4.91853e-12
Hessenberg basic,949,0,0,1,1e-12,1.21961,0,1.92749e-11,3.7866e-12
Hessenberg basic,949,0,1,1,1e-12,2.91141,4.01944e-14,3.47162e-11,4.63858e-12
Hessenberg basic,950,0,0,1,1e-12,1.34811,0,2.02363e-11,3.72977e-12
Hessenberg basic,950,0,1,1,1e-12,4.00858,4.83221e-14,2.49628e-11,4.78018e-12
Hessenberg basic,951,0,0,1,1e-12,1.32636,0,2.4329e-11,3.70627e-12
Hessenberg basic,951,0,1,1,1e-12,3.70926,2.66454e-14,2.39243e-11,4.82292e-12
Hessenberg basic,952,0,0,1,1e-12,1.08976,0,2.70302e-11,3.92655e-12
Hessenberg basic,952,0,1,1,1e-12,3.5481,4.9738e-14,2.56771e-11,4.81334e-12
Hessenberg basic,953,0,0,1,1e-12,0.978174,0,2.88765e-11,3.68743e-12
Hessenberg basic,953,0,1,1,1e-12,3.48667,3.90799e-14,2.79827e-11,4.85273e-12
Hessenberg basic,954,0,0,1,1e-12,1.32519,0,2.27374e-11,3.962e-12
Hessenberg basic,954,0,1,1,1e-12,3.57147,5.1238e-14,2.69924e-11,4.70958e-12
Hessenberg basic,955,0,0,1,1e-12,1.33509,0,2.251e-11,3.5072e-12
Hessenberg basic,955,0,1,1,1e-12,3.81135,0,2.33966e-11,4.58949e-12
Hessenberg basic,956,0,0,1,1e-12,1.64039,0,3.70619e-11,3.71623e-12
Hessenberg basic,956,0,1,1,1e-12,3.9747,2.13163e-14,2.40157e-11,4.70565e-12
Hessenberg basic,957,0,0,1,1e-12,1.52631,0,2.85021e-11,4.19146e-12
Hessenberg basic,957,0,1,1,1e-12,4.02049,2.16103e-14,2.24447e-11,4.66328e-12
Hessenberg basic,958,0,0,1,1e-12,1.49297,0,2.50111e-11,3.6791e-12
Hessenberg basic,958,0,1,1,1e-12,3.81757,2.00972e-14,2.47117e-11,4.82601e-12
Hessenberg basic,959,0,0,1,1e-12,1.07684,0,3.20597e-11,3.59539e-12
Hessenberg basic,959,0,1,1,1e-12,3.74971,4.63217e-14,2.93446e-11,4.6473e-12
Hessenberg basic,960,0,0,1,1e-12,1.14543,0,2.02363e-11,3.61751e-12
Hessenberg basic,960,0,1,1,1e-12,3.97666,1.58882e-14,2.85254e-11,4.79813e-12
Hessenberg basic,961,0,0,1,1e-12,0.95149,0,2.00089e-11,3.95812e-12
Hessenberg basic,961,0,1,1,1e-12,3.4306,1.42109e-14,2.39984e-11,4.62345e-12
Hessenberg basic,962,0,0,1,1e-12,1.00665,0,2.70575e-11,3.73124e-12
Hessenberg basic,962,0,1,1,1e-12,2.88664,2.4869e-14,2.40995e-11,4.63618e-12
Hessenberg basic,963,0,0,1,1e-12,1.42487,0,2.77396e-11,3.62432e-12
Hessenberg basic,963,0,1,1,1e-12,3.58949,3.55271e-14,2.6438e-11,4.77875e-12
Hessenberg basic,964,0,0,1,1e-12,1.08487,0,3.02407e-11,4.04949e-12
Hessenberg basic,964,0,1,1,1e-12,3.4738,5.3409e-14,2.69907e-11,4.85627e-12
Hessenberg basic,965,0,0,1,1e-12,1.05991,0,2.04636e-11,3.71897e-12
Hessenberg basic,965,0,1,1,1e-12,2.66945,0,3.07049e-11,4.94011e-12
Hessenberg basic,966,0,0,1,1e-12,1.6248,0,2.95586e-11,3.69058e-12
Hessenberg basic,966,0,1,1,1e-12,3.62191,2.04281e-14,3.85014e-11,4.70632e-12
Hessenberg basic,967,0,0,1,1e-12,1.29247,0,3.45608e-11,3.66402e-12
Hessenberg basic,967,0,1,1,1e-12,3.063,4.39446e-14,4.1867e-11,4.90476e-12
Hessenberg basic,968,0,0,1,1e-12,1.26817,0,4.34284e-11,3.93132e-12
Hessenberg basic,968,0,1,1,1e-12,3.26179,5.72858e-14,2.91041e-11,4.91519e-12
Hessenberg basic,969,0,0,1,1e-12,1.2618,0,1.68257e-11,3.56161e-12
Hessenberg basic,969,0,1,1,1e-12,2.89402,0,2.89901e-11,4.84282e-12
Hessenberg basic,970,0,0,1,1e-12,1.3175,0,3.04681e-11,3.57905e-12
Hessenberg basic,970,0,1,1,1e-12,3.42437,3.05616e-14,2.37385e-11,4.85868e-12
Hessenberg basic,971,0,0,1,1e-12,1.21507,0,1.79625e-11,3.83605e-12
Hessenberg basic,971,0,1,1,1e-12,3.12092,4.14314e-14,2.93737e-11,4.59344e-12
Hessenberg basic,972,0,0,1,1e-12,1.4121,0,4.11546e-11,3.73052e-12
Hessenberg basic,972,0,1,1,1e-12,3.66299,4.26326e-14,2.91291e-11,4.79396e-12
Hessenberg basic,973,0,0,1,1e-12,1.33184,0,2.04636e-11,3.67587e-12
Hessenberg basic,973,0,1,1,1e-12,3.07183,4.9738e-14,2.80688e-11,4.55295e-12
Hessenberg basic,974,0,0,1,1e-12,1.5209,0,2.72848e-11,3.55747e-12
Hessenberg basic,974,0,1,1,1e-12,3.87082,4.01944e-14,3.10798e-11,5.03031e-12
Hessenberg basic,975,0,0,1,1e-12,1.13377,0,2.81943e-11,3.49539e-12
Hessenberg basic,975,0,1,1,1e-12,3.4409,2.27485e-14,2.50777e-11,4.63525e-12
Hessenberg basic,976,0,0,1,1e-12,1.57669,0,1.84173e-11,3.28338e-12
Hessenberg basic,976,0,1,1,1e-12,4.137,1.00486e-14,2.74911e-11,4.84376e-12
Hessenberg basic,977,0,0,1,1e-12,0.983344,0,3.00133e-11,3.67422e-12
Hessenberg basic,977,0,1,1,1e-12,3.44469,3.17764e-14,2.43531e-11,4.8405e-12
Hessenberg basic,978,0,0,1,1e-12,1.47073,0,3.00133e-11,3.69097e-12
Hessenberg basic,978,0,1,1,1e-12,4.14088,4.01944e-14,2.96217e-11,4.85831e-12
Hessenberg basic,979,0,0,1,1e-12,1.09001,0,3.41061e-11,4.1827e-12
Hessenberg basic,979,0,1,1,1e-12,3.89694,4.49387e-14,2.69791e-11,4.79209e-12
Hessenberg basic,980,0,0,1,1e-12,1.42638,0,2.13888e-11,3.80984e-12
Hessenberg basic,980,0,1,1,1e-12,4.50474,1.81154e-14,2.83153e-11,4.86761e-12
Hessenberg basic,981,0,0,1,1e-12,1.18607,0,2.41016e-11,3.80371e-12
Hessenberg basic,981,0,1,1,1e-12,4.19033,3.27544e-14,2.65366e-11,4.95231e-12
Hessenberg basic,982,0,0,1,1e-12,1.25771,0,2.68301e-11,4.18219e-12
Hessenberg basic,982,0,1,1,1e-12,3.93938,2.24693e-14,2.51412e-11,4.73573e-12
Hessenberg basic,983,0,0,1,1e-12,1.55076,0,2.52385e-11,3.97328e-12
Hessenberg basic,983,0,1,1,1e-12,4.30033,3.17764e-14,3.05293e-11,4.94079e-12
Hessenberg basic,984,0,0,1,1e-12,1.05433,0,1.90994e-11,3.83394e-12
Hessenberg basic,984,0,1,1,1e-12,3.74517,5.68434e-14,2.58627e-11,5.03169e-12
Hessenberg basic,985,0,0,1,1e-12,1.10063,0,2.41016e-11,3.58286e-12
Hessenberg basic,985,0,1,1,1e-12,3.61992,3.77659e-14,2.46176e-11,4.8818e-12
Hessenberg basic,986,0,0,1,1e-12,1.62631,0,1.93268e-11,3.55308e-12
Hessenberg basic,986,0,1,1,1e-12,4.05957,3.17764e-14,2.62094e-11,4.58166e-12
Hessenberg basic,987,0,0,1,1e-12,1.13478,0,4.04725e-11,3.77046e-12
Hessenberg basic,987,0,1,1,1e-12,3.78632,2.58641e-14,2.65521e-11,4.78106e-12
Hessenberg basic,988,0,0,1,1e-12,1.03205,0,2.11458e-11,3.42035e-12
Hessenberg basic,988,0,1,1,1e-12,2.89211,2.00972e-14,2.48213e-11,4.90339e-12
Hessenberg basic,989,0,0,1,1e-12,1.40218,0,2.66027e-11,3.69844e-12
Hessenberg basic,989,0,1,1,1e-12,3.21765,8.88178e-15,2.83409e-11,4.84699e-12
Hessenberg basic,990,0,0,1,1e-12,1.04784,0,3.20597e-11,3.67321e-12
Hessenberg basic,990,0,1,1,1e-12,3.46049,5.7834e-14,2.7486e-11,4.86375e-12
Hessenberg basic,991,0,0,1,1e-12,1.62233,0,2.93312e-11,3.65209e-12
Hessenberg basic,991,0,1,1,1e-12,4.08348,3.1427e-14,2.57986e-11,4.89442e-12
Hessenberg basic,992,0,0,1,1e-12,1.5236,0,1.93268e-11,3.63408e-12
Hessenberg basic,992,0,1,1,1e-12,4.28576,2.84217e-14,2.17757e-11,4.65249e-12
Hessenberg basic,993,0,0,1,1e-12,2.02513,0,4.16094e-11,3.73234e-12
Hessenberg basic,993,0,1,1,1e-12,3.96919,1.42109e-14,2.51554e-11,4.63959e-12
Hessenberg basic,994,0,0,1,1e-12,1.91374,0,2.16005e-11,3.54196e-12
Hessenberg basic,994,0,1,1,1e-12,3.74141,0,2.50251e-11,4.98578e-12
Hessenberg basic,995,0,0,1,1e-12,1.90556,0,3.13776e-11,3.64453e-12
Hessenberg basic,995,0,1,1,1e-12,3.37345,4.39446e-14,2.64698e-11,4.96236e-12
Hessenberg basic,996,0,0,1,1e-12,1.67037,0,3.75167e-11,3.68475e-12
Hessenberg basic,996,0,1,1,1e-12,3.04655,5.1238e-14,2.46454e-11,4.66389e-12
Hessenberg basic,997,0,0,1,1e-12,2.19054,0,2.36469e-11,3.64648e-12
Hessenberg basic,997,0,1,1,1e-12,3.21454,3.55271e-15,2.35507e-11,4.61375e-12
Hessenberg basic,998,0,0,1,1e-12,2.12129,0,2.84217e-11,3.72048e-12
Hessenberg basic,998,0,1,1,1e-12,3.69709,4.01944e-14,2.65543e-11,4.59497e-12
Hessenberg basic,999,0,0,1,1e-12,2.56508,0,2.0691e-11,3.70966e-12
Hessenberg basic,999,0,1,1,1e-12,3.74006,2.92964e-14,2.72517e-11,4.80503e-12
Hessenberg basic,1000,0,0,1,1e-12,2.30306,0,3.31966e-11,3.65166e-12
Hessenberg basic,1000,0,1,1,1e-12,3.85052,5.68434e-14,2.11495e-11,4.85135e-12
