version, size, hermitian, complex, seed, tol, runtime in s,min_error, max_error, avg_error
Hessenberg basic,900,0,0,2,1e-12,1.64061,0,2.29647e-11,3.09435e-12
Hessenberg basic,900,0,1,2,1e-12,2.50977,2.77476e-14,2.31946e-11,4.84227e-12
Hessenberg basic,901,0,0,2,1e-12,0.735282,0,4.00178e-11,3.47337e-12
Hessenberg basic,901,0,1,2,1e-12,3.45752,2.13163e-14,3.09648e-11,4.62092e-12
Hessenberg basic,902,0,0,2,1e-12,0.689623,0,2.25088e-11,3.0981e-12
Hessenberg basic,902,0,1,2,1e-12,2.86741,5.68434e-14,2.49956e-11,4.76553e-12
Hessenberg basic,903,0,0,2,1e-12,1.66804,0,2.09184e-11,3.35689e-12
Hessenberg basic,903,0,1,2,1e-12,2.36598,1.42109e-14,3.34148e-11,4.85806e-12
Hessenberg basic,904,0,0,2,1e-12,0.622178,0,1.95541e-11,3.29237e-12
Hessenberg basic,904,0,1,2,1e-12,4.05776,0,2.33368e-11,4.78736e-12
Hessenberg basic,905,0,0,2,1e-12,1.32231,0,2.81943e-11,3.17964e-12
Hessenberg basic,905,0,1,2,1e-12,2.40223,0,2.41702e-11,4.56656e-12
Hessenberg basic,906,0,0,2,1e-12,0.842374,0,1.65871e-11,3.4777e-12
Hessenberg basic,906,0,1,2,1e-12,2.63488,2.5619e-14,2.58407e-11,4.62571e-12
Hessenberg basic,907,0,0,2,1e-12,1.7794,0,4.22915e-11,3.37614e-12
Hessenberg basic,907,0,1,2,1e-12,2.55802,4.64773e-14,3.9635e-11,4.75579e-12
Hessenberg basic,908,0,0,2,1e-12,1.0792,0,2.44401e-11,3.28558e-12
Hessenberg basic,908,0,1,2,1e-12,2.96485,2.84217e-14,2.58617e-11,4.51487e-12
Hessenberg basic,909,0,0,2,1e-12,1.67151,0,2.45564e-11,3.31001e-12
Hessenberg basic,909,0,1,2,1e-12,2.84806,2.38323e-14,2.05607e-11,4.62749e-12
Hessenberg basic,910,0,0,2,1e-12,0.7728,0,2.31921e-11,3.50591e-12
Hessenberg basic,910,0,1,2,1e-12,3.17322,0,2.55591e-11,4.76078e-12
Hessenberg basic,911,0,0,2,1e-12,1.09835,0,2.34195e-11,3.41353e-12
Hessenberg basic,911,0,1,2,1e-12,2.96877,1.42109e-14,2.33368e-11,4.99759e-12
Hessenberg basic,912,0,0,2,1e-12,0.819535,0,2.52385e-11,3.58718e-12
Hessenberg basic,912,0,1,2,1e-12,3.19121,3.17764e-14,2.34592e-11,4.65725e-12
Hessenberg basic,913,0,0,2,1e-12,1.15618,0,2.7967e-11,3.37768e-12
Hessenberg basic,913,0,1,2,1e-12,2.14546,0,1.94348e-11,4.65379e-12
Hessenberg basic,914,0,0,2,1e-12,1.52351,0,2.54659e-11,3.39027e-12
Hessenberg basic,914,0,1,2,1e-12,2.33863,5.1238e-14,2.26748e-11,4.78305e-12
Hessenberg basic,915,0,0,2,1e-12,1.67539,0,2.11458e-11,3.21669e-12
Hessenberg basic,915,0,1,2,1e-12,2.25841,3.82639e-14,2.5308e-11,5.09922e-12
Hessenberg basic,916,0,0,2,1e-12,1.86582,0,2.66027e-11,3.13997e-12
Hessenberg basic,916,0,1,2,1e-12,2.60031,2.84217e-14,2.92423e-11,4.72426e-12
Hessenberg basic,917,0,0,2,1e-12,1.8419,0,3.45608e-11,3.11687e-12
Hessenberg basic,917,0,1,2,1e-12,2.51082,2.00972e-14,2.59744e-11,4.77497e-12
Hessenberg basic,918,0,0,2,1e-12,2.14511,0,2.77396e-11,3.03413e-12
Hessenberg basic,918,0,1,2,1e-12,2.87646,4.26326e-14,2.82523e-11,4.74859e-12
Hessenberg basic,919,0,0,2,1e-12,1.27765,0,2.57485e-11,3.4816e-12
Hessenberg basic,919,0,1,2,1e-12,3.05637,2.92964e-14,2.68272e-11,4.50755e-12
Hessenberg basic,920,0,0,2,1e-12,1.60297,0,2.52385e-11,3.15195e-12
Hessenberg basic,920,0,1,2,1e-12,3.03778,3.17764e-14,2.6185e-11,4.72108e-12
Hessenberg basic,921,0,0,2,1e-12,0.838731,0,2.91038e-11,3.44784e-12
Hessenberg basic,921,0,1,2,1e-12,3.36225,0,2.13815e-11,4.75286e-12
Hessenberg basic,922,0,0,2,1e-12,1.3903,0,2.88765e-11,3.51237e-12
Hessenberg basic,922,0,1,2,1e-12,2.35075,5.02744e-14,2.68465e-11,4.7547e-12
Hessenberg basic,923,0,0,2,1e-12,1.54408,0,2.68301e-11,3.28223e-12
Hessenberg basic,923,0,1,2,1e-12,2.46994,9.6371e-15,2.21016e-11,4.8866e-12
Hessenberg basic,924,0,0,2,1e-12,1.89461,0,2.86491e-11,3.43432e-12
Hessenberg basic,924,0,1,2,1e-12,2.68239,3.17764e-14,2.70804e-11,4.98249e-12
Hessenberg basic,925,0,0,2,1e-12,1.9233,0,3.52429e-11,3.30841e-12
Hessenberg basic,925,0,1,2,1e-12,3.01551,2.84217e-14,2.52252e-11,4.68691e-12
Hessenberg basic,926,0,0,2,1e-12,1.23206,0,2.33324e-11,3.96957e-12
Hessenberg basic,926,0,1,2,1e-12,3.18053,0,2.75723e-11,4.75353e-12
Hessenberg basic,927,0,0,2,1e-12,1.41581,0,4.22915e-11,3.89309e-12
Hessenberg basic,927,0,1,2,1e-12,3.13051,2.84217e-14,2.42896e-11,4.72098e-12
Hessenberg basic,928,0,0,2,1e-12,1.0845,0,3.00133e-11,3.3791e-12
Hessenberg basic,928,0,1,2,1e-12,3.54012,4.27803e-14,2.08453e-11,4.67249e-12
Hessenberg basic,929,0,0,2,1e-12,1.39917,0,2.88765e-11,3.76927e-12
Hessenberg basic,929,0,1,2,1e-12,2.47189,7.32411e-15,2.63776e-11,4.58797e-12
Hessenberg basic,930,0,0,2,1e-12,1.79314,0,1.81899e-11,3.30398e-12
Hessenberg basic,930,0,1,2,1e-12,2.77815,5.95543e-14,2.7827e-11,4.88398e-12
Hessenberg basic,931,0,0,2,1e-12,1.86056,0,2.72848e-11,3.69969e-12
Hessenberg basic,931,0,1,2,1e-12,3.01818,2.26648e-14,2.55347e-11,4.77614e-12
Hessenberg basic,932,0,0,2,1e-12,2.07012,0,2.29647e-11,3.51575e-12
Hessenberg basic,932,0,1,2,1e-12,3.1432,2.66454e-14,2.54354e-11,4.5463e-12
Hessenberg basic,933,0,0,2,1e-12,1.09063,0,1.97815e-11,3.55933e-12
Hessenberg basic,933,0,1,2,1e-12,3.44181,1.77636e-15,3.04273e-11,4.55471e-12
Hessenberg basic,934,0,0,2,1e-12,1.39258,0,3.84262e-11,3.69012e-12
Hessenberg basic,934,0,1,2,1e-12,2.43944,3.89585e-14,2.73343e-11,4.78449e-12
Hessenberg basic,935,0,0,2,1e-12,1.75825,0,3.45608e-11,3.5953e-12
Hessenberg basic,935,0,1,2,1e-12,2.60087,7.49446e-14,2.45419e-11,4.5121e-12
Hessenberg basic,936,0,0,2,1e-12,1.96277,0,3.29692e-11,3.49071e-12
Hessenberg basic,936,0,1,2,1e-12,3.00828,3.03544e-14,2.16073e-11,4.63186e-12
Hessenberg basic,937,0,0,2,1e-12,2.12116,0,2.29647e-11,3.42485e-12
Hessenberg basic,937,0,1,2,1e-12,3.17307,2.84217e-14,2.5064e-11,4.68157e-12
Hessenberg basic,938,0,0,2,1e-12,1.28779,0,2.11458e-11,3.58861e-12
Hessenberg basic,938,0,1,2,1e-12,3.5778,4.01944e-14,2.51011e-11,4.94554e-12
Hessenberg basic,939,0,0,2,1e-12,1.47888,0,2.59206e-11,3.47314e-12
Hessenberg basic,939,0,1,2,1e-12,2.44802,4.14695e-14,2.29951e-11,4.53402e-12
Hessenberg basic,940,0,0,2,1e-12,1.73523,0,3.54703e-11,3.27969e-12
Hessenberg basic,940,0,1,2,1e-12,2.88872,4.9738e-14,2.65503e-11,4.91595e-12
Hessenberg basic,941,0,0,2,1e-12,1.93107,0,2.62617e-11,3.52539e-12
Hessenberg basic,941,0,1,2,1e-12,3.11103,5.1777e-14,2.13763e-11,4.78285e-12
Hessenberg basic,942,0,0,2,1e-12,2.16385,0,3.50155e-11,3.65213e-12
Hessenberg basic,942,0,1,2,1e-12,3.28835,6.70325e-14,2.57078e-11,4.55102e-12
Hessenberg basic,943,0,0,2,1e-12,1.41923,0,3.09228e-11,3.39027e-12
Hessenberg basic,943,0,1,2,1e-12,3.61473,0,2.75256e-11,4.83941e-12
Hessenberg basic,944,0,0,2,1e-12,1.53423,0,2.91291e-11,3.47199e-12
Hessenberg basic,944,0,1,2,1e-12,2.57471,4.26326e-14,2.21187e-11,4.80484e-12
Hessenberg basic,945,0,0,2,1e-12,2.14308,0,3.20597e-11,3.53487e-12
Hessenberg basic,945,0,1,2,1e-12,3.14092,5.68712e-14,2.70779e-11,5.06784e-12
Hessenberg basic,946,0,0,2,1e-12,1.11201,0,4.11546e-11,3.3103e-12
Hessenberg basic,946,0,1,2,1e-12,3.66727,5.54952e-14,2.67461e-11,4.63243e-12
Hessenberg basic,947,0,0,2,1e-12,1.34309,0,2.45564e-11,3.56295e-12
Hessenberg basic,947,0,1,2,1e-12,2.84457,4.68972e-14,2.37801e-11,4.37712e-12
Hessenberg basic,948,0,0,2,1e-12,1.79223,0,2.49335e-11,3.25179e-12
Hessenberg basic,948,0,1,2,1e-12,2.67563,1.58882e-14,2.18681e-11,4.68004e-12
Hessenberg basic,949,0,0,2,1e-12,2.08194,0,2.22826e-11,3.44568e-12
Hessenberg basic,949,0,1,2,1e-12,3.06836,7.41828e-14,2.45976e-11,4.65995e-12
Hessenberg basic,950,0,0,2,1e-12,2.13661,0,2.07885e-11,3.60224e-12
Hessenberg basic,950,0,1,2,1e-12,3.27475,5.17283e-14,2.61294e-11,4.72046e-12
Hessenberg basic,951,0,0,2,1e-12,1.53856,0,2.75122e-11,3.33441e-12
Hessenberg basic,951,0,1,2,1e-12,3.33084,2.13163e-14,2.32058e-11,4.77813e-12
Hessenberg basic,952,0,0,2,1e-12,1.90221,0,3.09228e-11,3.72743e-12
Hessenberg basic,952,0,1,2,1e-12,2.99583,1.42109e-14,2.30259e-11,4.65312e-12
Hessenberg basic,953,0,0,2,1e-12,2.312,0,2.13731e-11,3.28082e-12
Hessenberg basic,953,0,1,2,1e-12,3.40141,3.17764e-14,2.66118e-11,4.75587e-12
Hessenberg basic,954,0,0,2,1e-12,1.45341,0,2.77396e-11,3.75356e-12
Hessenberg basic,954,0,1,2,1e-12,3.74539,7.10543e-15,2.99245e-11,4.50705e-12
Hessenberg basic,955,0,0,2,1e-12,1.7993,0,2.95586e-11,3.65767e-12
Hessenberg basic,955,0,1,2,1e-12,2.81813,2.92964e-14,2.66234e-11,4.90367e-12
Hessenberg basic,956,0,0,2,1e-12,2.31083,0,2.29647e-11,3.29815e-12
Hessenberg basic,956,0,1,2,1e-12,3.41081,6.35529e-14,3.13718e-11,4.58634e-12
Hessenberg basic,957,0,0,2,1e-12,1.37665,0,2.93312e-11,3.13006e-12
Hessenberg basic,957,0,1,2,1e-12,3.84461,2.13163e-14,2.23983e-11,4.60394e-12
Hessenberg basic,958,0,0,2,1e-12,1.76658,0,2.77845e-11,3.35723e-12
Hessenberg basic,958,0,1,2,1e-12,2.90826,0,2.82358e-11,4.56925e-12
Hessenberg basic,959,0,0,2,1e-12,2.33687,0,2.33233e-11,3.52531e-12
Hessenberg basic,959,0,1,2,1e-12,3.49485,1.42109e-14,2.21197e-11,4.7088e-12
Hessenberg basic,960,0,0,2,1e-12,1.24393,0,2.12445e-11,3.79808e-12
Hessenberg basic,960,0,1,2,1e-12,3.90052,5.72858e-14,2.50674e-11,4.68587e-12
Hessenberg basic,961,0,0,2,1e-12,1.69871,0,2.54659e-11,3.30422e-12
Hessenberg basic,961,0,1,2,1e-12,2.88409,2.84217e-14,2.53529e-11,4.66293e-12
Hessenberg basic,962,0,0,2,1e-12,2.28836,0,2.36469e-11,3.3706e-12
Hessenberg basic,962,0,1,2,1e-12,3.4402,8.88178e-14,2.96213e-11,4.4639e-12
Hessenberg basic,963,0,0,2,1e-12,1.25463,0,2.4329e-11,3.68889e-12
Hessenberg basic,963,0,1,2,1e-12,3.95366,4.49387e-14,2.30885e-11,4.59149e-12
Hessenberg basic,964,0,0,2,1e-12,1.4547,0,2.52018e-11,3.4695e-12
Hessenberg basic,964,0,1,2,1e-12,2.84359,7.10543e-15,2.23394e-11,4.64246e-12
Hessenberg basic,965,0,0,2,1e-12,2.13617,0,2.93312e-11,3.1239e-12
Hessenberg basic,965,0,1,2,1e-12,3.28594,5.17283e-14,2.4808e-11,4.69728e-12
Hessenberg basic,966,0,0,2,1e-12,1.3559,0,2.56932e-11,3.42582e-12
Hessenberg basic,966,0,1,2,1e-12,4.00908,0,2.93594e-11,4.59626e-12
Hessenberg basic,967,0,0,2,1e-12,1.52022,0,3.38787e-11,3.47022e-12
Hessenberg basic,967,0,1,2,1e-12,2.73922,2.92964e-14,2.49917e-11,4.96475e-12
Hessenberg basic,968,0,0,2,1e-12,2.36674,0,2.47837e-11,3.14212e-12
Hessenberg basic,968,0,1,2,1e-12,3.19402,3.17764e-14,2.60437e-11,4.75121e-12
Hessenberg basic,969,0,0,2,1e-12,1.50757,0,1.95541e-11,3.62211e-12
Hessenberg basic,969,0,1,2,1e-12,4.01458,2.92964e-14,3.29692e-11,4.72392e-12
Hessenberg basic,970,0,0,2,1e-12,1.72438,0,3.27418e-11,3.76207e-12
Hessenberg basic,970,0,1,2,1e-12,2.74393,2.13163e-14,2.71147e-11,4.7182e-12
Hessenberg basic,971,0,0,2,1e-12,2.36601,0,3.13776e-11,3.44032e-12
Hessenberg basic,971,0,1,2,1e-12,3.28854,5.41133e-14,3.25454e-11,4.75564e-12
Hessenberg basic,972,0,0,2,1e-12,1.50504,0,3.36513e-11,3.5099e-12
Hessenberg basic,972,0,1,2,1e-12,4.00086,0,2.58059e-11,4.55723e-12
Hessenberg basic,973,0,0,2,1e-12,1.69571,0,3.13776e-11,3.49825e-12
Hessenberg basic,973,0,1,2,1e-12,2.97091,0,2.93197e-11,4.54371e-12
Hessenberg basic,974,0,0,2,1e-12,2.43476,0,3.43334e-11,3.60869e-12
Hessenberg basic,974,0,1,2,1e-12,3.76789,3.55271e-14,2.82749e-11,4.80624e-12
Hessenberg basic,975,0,0,2,1e-12,1.40273,0,2.56932e-11,3.39061e-12
Hessenberg basic,975,0,1,2,1e-12,4.16507,2.13163e-14,2.70412e-11,4.70918e-12
Hessenberg basic,976,0,0,2,1e-12,2.02085,0,3.38787e-11,3.27687e-12
Hessenberg basic,976,0,1,2,1e-12,3.16319,1.58882e-14,2.93383e-11,4.9468e-12
Hessenberg basic,977,0,0,2,1e-12,2.3538,0,2.75122e-11,3.6714e-12
Hessenberg basic,977,0,1,2,1e-12,3.37555,7.10543e-15,2.68323e-11,4.6964e-12
Hessenberg basic,978,0,0,2,1e-12,1.94769,0,3.04681e-11,3.76763e-12
Hessenberg basic,978,0,1,2,1e-12,2.90328,2.92964e-14,2.92016e-11,4.77916e-12
Hessenberg basic,979,0,0,2,1e-12,2.33115,0,3.02407e-11,3.36062e-12
Hessenberg basic,979,0,1,2,1e-12,3.38601,0,2.78833e-11,4.76857e-12
Hessenberg basic,980,0,0,2,1e-12,1.99141,0,2.81943e-11,3.482e-12
Hessenberg basic,980,0,1,2,1e-12,3.18548,1.42109e-14,2.73589e-11,4.5958e-12
Hessenberg basic,981,0,0,2,1e-12,1.63638,0,4.36557e-11,3.488e-12
Hessenberg basic,981,0,1,2,1e-12,2.75764,1.58882e-14,3.62647e-11,4.706e-12
Hessenberg basic,982,0,0,2,1e-12,1.90907,0,3.84262e-11,3.51423e-12
Hessenberg basic,982,0,1,2,1e-12,3.15838,5.73281e-14,2.84698e-11,4.81191e-12
Hessenberg basic,983,0,0,2,1e-12,1.59048,0,2.27374e-11,3.15617e-12
Hessenberg basic,983,0,1,2,1e-12,2.63584,0,3.00815e-11,4.81132e-12
Hessenberg basic,984,0,0,2,1e-12,1.23947,0,2.36469e-11,3.63803e-12
Hessenberg basic,984,0,1,2,1e-12,2.98309,4.01944e-14,2.18858e-11,4.60551e-12
Hessenberg basic,985,0,0,2,1e-12,1.06268,0,3.04681e-11,3.37052e-12
Hessenberg basic,985,0,1,2,1e-12,3.61179,0,2.79596e-11,4.65593e-12
Hessenberg basic,986,0,0,2,1e-12,1.02295,0,2.52344e-11,3.9458e-12
Hessenberg basic,986,0,1,2,1e-12,3.93615,3.17764e-14,2.50236e-11,4.67925e-12
Hessenberg basic,987,0,0,2,1e-12,2.41989,0,2.93312e-11,3.49057e-12
Hessenberg basic,987,0,1,2,1e-12,4.56189,4.32206e-14,2.52817e-11,4.69283e-12
Hessenberg basic,988,0,0,2,1e-12,1.58506,0,2.72848e-11,3.57721e-12
Hessenberg basic,988,0,1,2,1e-12,5.11128,0,2.39995e-11,4.65372e-12
Hessenberg basic,989,0,0,2,1e-12,1.73864,0,3.47882e-11,3.60384e-12
Hessenberg basic,989,0,1,2,1e-12,4.08039,6.35529e-14,2.55452e-11,4.58303e-12
Hessenberg basic,990,0,0,2,1e-12,1.64934,0,1.57168e-11,3.22595e-12
Hessenberg basic,990,0,1,2,1e-12,4.276,4.35479e-14,2.75559e-11,4.85421e-12
Hessenberg basic,991,0,0,2,1e-12,1.13164,0,4.04725e-11,3.38095e-12
Hessenberg basic,991,0,1,2,1e-12,4.39738,1.58882e-14,2.16617e-11,4.54413e-12
Hessenberg basic,992,0,0,2,1e-12,1.8377,0,1.75078e-11,3.45081e-12
Hessenberg basic,992,0,1,2,1e-12,4.3437,3.17764e-14,2.73532e-11,4.66144e-12
Hessenberg basic,993,0,0,2,1e-12,1.87534,0,4.20641e-11,3.13908e-12
Hessenberg basic,993,0,1,2,1e-12,4.43472,1.58882e-14,2.47848e-11,4.87655e-12
Hessenberg basic,994,0,0,2,1e-12,1.31263,0,3.56977e-11,4.29697e-12
Hessenberg basic,994,0,1,2,1e-12,4.46553,2.92964e-14,2.59246e-11,4.63328e-12
Hessenberg basic,995,0,0,2,1e-12,1.70252,0,1.75022e-11,3.19516e-12
Hessenberg basic,995,0,1,2,1e-12,4.70241,1.42109e-14,2.49956e-11,4.82238e-12
Hessenberg basic,996,0,0,2,1e-12,1.82284,0,2.29647e-11,3.42199e-12
Hessenberg basic,996,0,1,2,1e-12,4.43162,2.13163e-14,2.30131e-11,4.5262e-12
Hessenberg basic,997,0,0,2,1e-12,1.12313,0,1.94923e-11,3.26516e-12
Hessenberg basic,997,0,1,2,1e-12,4.63251,3.36674e-14,2.5249e-11,4.48822e-12
Hessenberg basic,998,0,0,2,1e-12,1.99201,0,2.47837e-11,3.34071e-12
Hessenberg basic,998,0,1,2,1e-12,4.55116,8.90307e-14,2.85198e-11,4.76761e-12
Hessenberg basic,999,0,0,2,1e-12,1.71527,0,2.88765e-11,3.35882e-12
Hessenberg basic,999,0,1,2,1e-12,4.65817,4.26326e-14,2.42537e-11,4.63677e-12
Hessenberg basic,1000,0,0,2,1e-12,1.30013,0,1.77351e-11,3.14292e-12
Hessenberg basic,1000,0,1,2,1e-12,4.63886,4.9738e-14,2.43786e-11,4.59748e-12
