version, size, hermitian, complex, seed, tol, runtime in s,min_error, max_error, avg_error
Hessenberg basic,900,0,0,7,1e-12,1.3609,0,4.79675e-11,3.63598e-12
Hessenberg basic,900,0,1,7,1e-12,2.75141,2.19824e-14,2.00151e-11,4.55056e-12
Hessenberg basic,901,0,0,7,1e-12,0.890115,0,4.79754e-11,4.15111e-12
Hessenberg basic,901,0,1,7,1e-12,2.53419,5.66488e-14,2.27378e-11,4.6661e-12
Hessenberg basic,902,0,0,7,1e-12,1.22094,0,4.93206e-11,3.57389e-12
Hessenberg basic,902,0,1,7,1e-12,2.00447,2.84217e-14,2.39251e-11,4.60268e-12
Hessenberg basic,903,0,0,7,1e-12,0.813926,0,4.8408e-11,3.69191e-12
Hessenberg basic,903,0,1,7,1e-12,2.57154,4.60827e-14,2.44397e-11,4.39109e-12
Hessenberg basic,904,0,0,7,1e-12,1.26768,0,4.82745e-11,3.79334e-12
Hessenberg basic,904,0,1,7,1e-12,2.84308,0,2.32703e-11,4.4317e-12
Hessenberg basic,905,0,0,7,1e-12,0.940747,0,4.88226e-11,3.57805e-12
Hessenberg basic,905,0,1,7,1e-12,2.45518,1.78522e-14,2.2532e-11,4.64434e-12
Hessenberg basic,906,0,0,7,1e-12,1.17457,0,4.79325e-11,3.72443e-12
Hessenberg basic,906,0,1,7,1e-12,2.27639,5.41133e-14,2.74181e-11,4.5121e-12
Hessenberg basic,907,0,0,7,1e-12,0.774734,0,4.78747e-11,3.54336e-12
Hessenberg basic,907,0,1,7,1e-12,2.31068,2.00972e-14,2.32925e-11,4.52885e-12
Hessenberg basic,908,0,0,7,1e-12,1.67611,0,4.86015e-11,4.20025e-12
Hessenberg basic,908,0,1,7,1e-12,3.14576,0,1.97815e-11,4.41208e-12
Hessenberg basic,909,0,0,7,1e-12,0.7014,0,4.86787e-11,3.58445e-12
Hessenberg basic,909,0,1,7,1e-12,2.56648,4.77969e-14,2.18042e-11,4.52121e-12
Hessenberg basic,910,0,0,7,1e-12,1.578,0,4.83282e-11,3.66572e-12
Hessenberg basic,910,0,1,7,1e-12,2.41205,2.84217e-14,1.96139e-11,4.52524e-12
Hessenberg basic,911,0,0,7,1e-12,1.1724,0,4.81892e-11,3.73616e-12
Hessenberg basic,911,0,1,7,1e-12,2.24765,2.00972e-14,2.02363e-11,4.44618e-12
Hessenberg basic,912,0,0,7,1e-12,0.908119,0,4.8647e-11,3.49678e-12
Hessenberg basic,912,0,1,7,1e-12,3.19411,3.90799e-14,3.10284e-11,4.53832e-12
Hessenberg basic,913,0,0,7,1e-12,0.914534,0,4.8314e-11,3.70208e-12
Hessenberg basic,913,0,1,7,1e-12,2.47767,4.39446e-14,2.08125e-11,4.54126e-12
Hessenberg basic,914,0,0,7,1e-12,1.03806,0,4.84178e-11,3.81957e-12
Hessenberg basic,914,0,1,7,1e-12,2.41636,0,2.04329e-11,4.34202e-12
Hessenberg basic,915,0,0,7,1e-12,0.753103,0,4.83109e-11,3.38327e-12
Hessenberg basic,915,0,1,7,1e-12,2.27453,2.13163e-14,2.91899e-11,4.70836e-12
Hessenberg basic,916,0,0,7,1e-12,1.3692,0,4.83593e-11,3.66183e-12
Hessenberg basic,916,0,1,7,1e-12,3.014,1.00486e-14,2.62418e-11,4.66257e-12
Hessenberg basic,917,0,0,7,1e-12,0.907464,0,5.03489e-11,3.72048e-12
Hessenberg basic,917,0,1,7,1e-12,2.76328,1.58882e-14,2.41469e-11,4.33577e-12
Hessenberg basic,918,0,0,7,1e-12,1.61335,0,4.89681e-11,3.40923e-12
Hessenberg basic,918,0,1,7,1e-12,2.45445,1.06581e-14,2.00396e-11,4.55456e-12
Hessenberg basic,919,0,0,7,1e-12,0.874677,0,4.78025e-11,3.71499e-12
Hessenberg basic,919,0,1,7,1e-12,2.90055,1.78522e-14,3.1813e-11,4.66505e-12
Hessenberg basic,920,0,0,7,1e-12,1.21001,0,4.79442e-11,3.81917e-12
Hessenberg basic,920,0,1,7,1e-12,3.00349,1.58882e-14,1.89826e-11,4.48194e-12
Hessenberg basic,921,0,0,7,1e-12,0.72154,0,4.99868e-11,3.41256e-12
Hessenberg basic,921,0,1,7,1e-12,2.66747,3.75928e-14,2.06863e-11,4.68412e-12
Hessenberg basic,922,0,0,7,1e-12,1.66575,0,4.79992e-11,3.66241e-12
Hessenberg basic,922,0,1,7,1e-12,2.48167,2.92964e-14,2.09196e-11,4.48442e-12
Hessenberg basic,923,0,0,7,1e-12,1.66634,0,4.8452e-11,3.6705e-12
Hessenberg basic,923,0,1,7,1e-12,2.78087,0,2.84994e-11,4.57693e-12
Hessenberg basic,924,0,0,7,1e-12,1.08875,0,4.94307e-11,3.59884e-12
Hessenberg basic,924,0,1,7,1e-12,3.80086,2.92231e-14,2.30815e-11,4.46971e-12
Hessenberg basic,925,0,0,7,1e-12,0.76147,0,4.88879e-11,3.58805e-12
Hessenberg basic,925,0,1,7,1e-12,2.65637,4.67287e-14,2.17828e-11,4.55838e-12
Hessenberg basic,926,0,0,7,1e-12,1.2144,0,4.80868e-11,3.53762e-12
Hessenberg basic,926,0,1,7,1e-12,2.50992,2.51215e-14,2.43067e-11,4.34215e-12
Hessenberg basic,927,0,0,7,1e-12,0.900129,0,4.81113e-11,3.66384e-12
Hessenberg basic,927,0,1,7,1e-12,2.65989,2.07157e-14,2.35911e-11,4.33738e-12
Hessenberg basic,928,0,0,7,1e-12,1.56311,0,4.8141e-11,3.72598e-12
Hessenberg basic,928,0,1,7,1e-12,3.41559,0,2.4914e-11,4.6051e-12
Hessenberg basic,929,0,0,7,1e-12,0.806128,0,4.84426e-11,3.5169e-12
Hessenberg basic,929,0,1,7,1e-12,2.64396,4.32206e-14,2.45742e-11,4.54918e-12
Hessenberg basic,930,0,0,7,1e-12,1.33388,0,4.85022e-11,3.65571e-12
Hessenberg basic,930,0,1,7,1e-12,2.56815,5.68434e-14,2.22852e-11,4.43913e-12
Hessenberg basic,931,0,0,7,1e-12,1.26078,0,4.86224e-11,3.62474e-12
Hessenberg basic,931,0,1,7,1e-12,2.74162,1.46482e-14,1.97645e-11,4.62008e-12
Hessenberg basic,932,0,0,7,1e-12,1.24349,0,4.93786e-11,3.58557e-12
Hessenberg basic,932,0,1,7,1e-12,3.64359,3.55271e-14,3.47504e-11,4.72398e-12
Hessenberg basic,933,0,0,7,1e-12,0.814844,0,4.84205e-11,3.50515e-12
Hessenberg basic,933,0,1,7,1e-12,2.67016,2.38323e-14,2.37951e-11,4.68536e-12
Hessenberg basic,934,0,0,7,1e-12,1.21195,0,4.80372e-11,3.67473e-12
Hessenberg basic,934,0,1,7,1e-12,3.03889,6.35529e-14,2.29098e-11,4.71574e-12
Hessenberg basic,935,0,0,7,1e-12,2.11516,0,4.92684e-11,3.802e-12
Hessenberg basic,935,0,1,7,1e-12,2.79878,4.16616e-14,2.34096e-11,4.65003e-12
Hessenberg basic,936,0,0,7,1e-12,1.1292,0,4.91292e-11,3.65153e-12
Hessenberg basic,936,0,1,7,1e-12,4.20626,3.97205e-14,2.22097e-11,4.59587e-12
Hessenberg basic,937,0,0,7,1e-12,1.15419,0,4.82626e-11,3.69641e-12
Hessenberg basic,937,0,1,7,1e-12,3.67279,2.03318e-14,2.7516e-11,4.70199e-12
Hessenberg basic,938,0,0,7,1e-12,1.86471,0,4.82543e-11,3.88105e-12
Hessenberg basic,938,0,1,7,1e-12,3.94129,0,2.33875e-11,4.5093e-12
Hessenberg basic,939,0,0,7,1e-12,1.8882,0,4.83227e-11,3.8538e-12
Hessenberg basic,939,0,1,7,1e-12,3.8099,1.04361e-14,2.10674e-11,4.70977e-12
Hessenberg basic,940,0,0,7,1e-12,1.72146,0,4.81431e-11,3.62706e-12
Hessenberg basic,940,0,1,7,1e-12,3.82251,3.49902e-14,2.64575e-11,4.62848e-12
Hessenberg basic,941,0,0,7,1e-12,1.80393,0,4.84518e-11,3.37637e-12
Hessenberg basic,941,0,1,7,1e-12,3.78581,2.90938e-14,2.15825e-11,4.68331e-12
Hessenberg basic,942,0,0,7,1e-12,1.77893,0,4.81162e-11,3.63797e-12
Hessenberg basic,942,0,1,7,1e-12,3.88153,0,2.58617e-11,4.57852e-12
Hessenberg basic,943,0,0,7,1e-12,1.75921,0,4.91901e-11,3.60007e-12
Hessenberg basic,943,0,1,7,1e-12,3.7707,2.84217e-14,2.30356e-11,4.49356e-12
Hessenberg basic,944,0,0,7,1e-12,1.69512,0,4.84564e-11,3.83283e-12
Hessenberg basic,944,0,1,7,1e-12,3.75501,2.3542e-14,2.57055e-11,4.72868e-12
Hessenberg basic,945,0,0,7,1e-12,1.74812,0,4.90822e-11,3.71986e-12
Hessenberg basic,945,0,1,7,1e-12,3.82627,3.44906e-14,2.62781e-11,4.80499e-12
Hessenberg basic,946,0,0,7,1e-12,1.7051,0,4.82887e-11,3.61778e-12
Hessenberg basic,946,0,1,7,1e-12,3.88884,7.29402e-14,3.33069e-11,4.50352e-12
Hessenberg basic,947,0,0,7,1e-12,1.56723,0,4.79301e-11,3.9414e-12
Hessenberg basic,947,0,1,7,1e-12,3.79723,1.94793e-14,2.184e-11,4.60749e-12
Hessenberg basic,948,0,0,7,1e-12,1.64382,0,4.94754e-11,3.67885e-12
Hessenberg basic,948,0,1,7,1e-12,3.88351,3.17764e-14,2.6908e-11,4.59757e-12
Hessenberg basic,949,0,0,7,1e-12,1.68575,0,4.7678e-11,3.77331e-12
Hessenberg basic,949,0,1,7,1e-12,3.88771,3.01981e-14,2.46165e-11,4.56807e-12
Hessenberg basic,950,0,0,7,1e-12,1.58353,0,5.06402e-11,3.76671e-12
Hessenberg basic,950,0,1,7,1e-12,3.86422,4.12884e-14,2.46247e-11,4.5901e-12
Hessenberg basic,951,0,0,7,1e-12,1.5045,0,4.83772e-11,3.75793e-12
Hessenberg basic,951,0,1,7,1e-12,3.54808,2.30926e-14,3.1385e-11,4.72498e-12
Hessenberg basic,952,0,0,7,1e-12,1.46831,0,5.05453e-11,3.84655e-12
Hessenberg basic,952,0,1,7,1e-12,3.69402,1.00486e-14,2.1887e-11,4.62771e-12
Hessenberg basic,953,0,0,7,1e-12,1.50638,0,4.77543e-11,3.78257e-12
Hessenberg basic,953,0,1,7,1e-12,3.63352,5.50868e-14,3.41504e-11,4.75731e-12
Hessenberg basic,954,0,0,7,1e-12,1.35606,0,4.91102e-11,3.72795e-12
Hessenberg basic,954,0,1,7,1e-12,3.60362,5.01251e-14,2.16005e-11,4.47979e-12
Hessenberg basic,955,0,0,7,1e-12,1.31812,0,4.98863e-11,3.54811e-12
Hessenberg basic,955,0,1,7,1e-12,3.63312,2.13163e-14,2.40589e-11,4.54907e-12
Hessenberg basic,956,0,0,7,1e-12,1.46284,0,4.8513e-11,3.6611e-12
Hessenberg basic,956,0,1,7,1e-12,3.70291,6.40475e-15,2.62663e-11,4.78806e-12
Hessenberg basic,957,0,0,7,1e-12,1.64597,0,5.02194e-11,3.78692e-12
Hessenberg basic,957,0,1,7,1e-12,3.74947,1.38145e-14,3.50753e-11,4.67376e-12
Hessenberg basic,958,0,0,7,1e-12,1.4718,0,4.97526e-11,3.73777e-12
Hessenberg basic,958,0,1,7,1e-12,3.52173,2.5619e-14,2.48348e-11,4.82051e-12
Hessenberg basic,959,0,0,7,1e-12,1.32865,0,4.88974e-11,3.68823e-12
Hessenberg basic,959,0,1,7,1e-12,3.68415,1.48886e-14,2.36348e-11,4.84379e-12
Hessenberg basic,960,0,0,7,1e-12,1.59453,0,5.02512e-11,4.0421e-12
Hessenberg basic,960,0,1,7,1e-12,4.16721,1.83103e-14,2.8441e-11,4.92345e-12
Hessenberg basic,961,0,0,7,1e-12,1.83527,0,4.89626e-11,3.84502e-12
Hessenberg basic,961,0,1,7,1e-12,4.14828,2.66454e-15,1.96735e-11,4.64653e-12
Hessenberg basic,962,0,0,7,1e-12,1.82274,0,4.85586e-11,3.86794e-12
Hessenberg basic,962,0,1,7,1e-12,4.13409,1.73721e-14,2.24528e-11,4.55298e-12
Hessenberg basic,963,0,0,7,1e-12,1.41821,0,4.83535e-11,3.94687e-12
Hessenberg basic,963,0,1,7,1e-12,3.85368,5.24552e-14,2.50134e-11,4.65198e-12
Hessenberg basic,964,0,0,7,1e-12,1.44365,0,4.78778e-11,3.98788e-12
Hessenberg basic,964,0,1,7,1e-12,3.73968,2.5619e-14,2.55155e-11,4.73265e-12
Hessenberg basic,965,0,0,7,1e-12,1.45998,0,4.84247e-11,3.69505e-12
Hessenberg basic,965,0,1,7,1e-12,3.77007,5.69543e-14,2.22269e-11,4.49964e-12
Hessenberg basic,966,0,0,7,1e-12,1.18467,0,4.91358e-11,3.74949e-12
Hessenberg basic,966,0,1,7,1e-12,3.88444,3.05906e-14,3.46862e-11,4.66696e-12
Hessenberg basic,967,0,0,7,1e-12,1.48475,0,4.80502e-11,3.80713e-12
Hessenberg basic,967,0,1,7,1e-12,4.0382,0,2.69656e-11,4.97481e-12
Hessenberg basic,968,0,0,7,1e-12,1.84042,0,4.81857e-11,3.62032e-12
Hessenberg basic,968,0,1,7,1e-12,3.92647,5.1238e-14,2.13976e-11,4.84236e-12
Hessenberg basic,969,0,0,7,1e-12,1.50353,0,4.82923e-11,3.5111e-12
Hessenberg basic,969,0,1,7,1e-12,3.82117,3.03544e-14,2.28966e-11,4.78949e-12
Hessenberg basic,970,0,0,7,1e-12,1.5391,0,4.89433e-11,3.89721e-12
Hessenberg basic,970,0,1,7,1e-12,3.83015,4.32206e-14,2.9611e-11,4.77856e-12
Hessenberg basic,971,0,0,7,1e-12,1.30534,0,4.94849e-11,4.15472e-12
Hessenberg basic,971,0,1,7,1e-12,3.95379,3.55271e-14,2.82273e-11,4.76673e-12
Hessenberg basic,972,0,0,7,1e-12,1.63119,0,4.90037e-11,3.72513e-12
Hessenberg basic,972,0,1,7,1e-12,4.34887,0,2.57176e-11,4.65673e-12
Hessenberg basic,973,0,0,7,1e-12,1.97841,0,4.77698e-11,3.96891e-12
Hessenberg basic,973,0,1,7,1e-12,4.09503,2.13163e-14,2.76285e-11,4.70644e-12
Hessenberg basic,974,0,0,7,1e-12,1.47053,0,4.84018e-11,3.94908e-12
Hessenberg basic,974,0,1,7,1e-12,3.82799,5.1238e-14,2.24286e-11,4.82664e-12
Hessenberg basic,975,0,0,7,1e-12,1.61352,0,4.8378e-11,3.50841e-12
Hessenberg basic,975,0,1,7,1e-12,3.60595,1.79584e-14,2.1378e-11,4.71797e-12
Hessenberg basic,976,0,0,7,1e-12,1.53923,0,4.79445e-11,3.47834e-12
Hessenberg basic,976,0,1,7,1e-12,4.24825,4.73991e-14,2.47965e-11,4.57616e-12
Hessenberg basic,977,0,0,7,1e-12,1.81671,0,4.81716e-11,3.74314e-12
Hessenberg basic,977,0,1,7,1e-12,3.921,4.12387e-14,2.26154e-11,4.74319e-12
Hessenberg basic,978,0,0,7,1e-12,1.58502,0,4.80257e-11,3.49412e-12
Hessenberg basic,978,0,1,7,1e-12,3.94531,3.17764e-14,2.41188e-11,4.66343e-12
Hessenberg basic,979,0,0,7,1e-12,1.3333,0,4.78725e-11,3.97916e-12
Hessenberg basic,979,0,1,7,1e-12,4.24991,5.08671e-14,2.52835e-11,4.67908e-12
Hessenberg basic,980,0,0,7,1e-12,1.83257,0,4.77245e-11,3.56332e-12
Hessenberg basic,980,0,1,7,1e-12,4.48406,1.77636e-14,2.47767e-11,4.6472e-12
Hessenberg basic,981,0,0,7,1e-12,1.54937,0,4.79239e-11,3.62365e-12
Hessenberg basic,981,0,1,7,1e-12,4.00473,1.76312e-14,2.3187e-11,4.55972e-12
Hessenberg basic,982,0,0,7,1e-12,1.67971,0,4.9268e-11,3.85193e-12
Hessenberg basic,982,0,1,7,1e-12,3.87678,7.94411e-15,2.34911e-11,4.69097e-12
Hessenberg basic,983,0,0,7,1e-12,1.58789,0,4.8492e-11,3.87365e-12
Hessenberg basic,983,0,1,7,1e-12,4.38208,1.20805e-14,2.78929e-11,4.73298e-12
Hessenberg basic,984,0,0,7,1e-12,1.95809,0,4.8038e-11,3.85101e-12
Hessenberg basic,984,0,1,7,1e-12,3.8947,2.84217e-14,2.76137e-11,4.68417e-12
Hessenberg basic,985,0,0,7,1e-12,1.6754,0,4.80322e-11,3.58364e-12
Hessenberg basic,985,0,1,7,1e-12,4.00674,4.26326e-14,2.28869e-11,4.75544e-12
Hessenberg basic,986,0,0,7,1e-12,1.43998,0,4.82035e-11,3.67301e-12
Hessenberg basic,986,0,1,7,1e-12,4.46096,2.13163e-14,2.2879e-11,4.90965e-12
Hessenberg basic,987,0,0,7,1e-12,1.99487,0,4.86132e-11,3.63206e-12
Hessenberg basic,987,0,1,7,1e-12,4.19719,3.83566e-14,2.82907e-11,4.90483e-12
Hessenberg basic,988,0,0,7,1e-12,1.46015,0,4.79432e-11,4.05489e-12
Hessenberg basic,988,0,1,7,1e-12,4.05803,1.98603e-14,3.11894e-11,4.91949e-12
Hessenberg basic,989,0,0,7,1e-12,1.32725,0,4.81893e-11,3.74595e-12
Hessenberg basic,989,0,1,7,1e-12,4.35298,2.13163e-14,2.95234e-11,4.97786e-12
Hessenberg basic,990,0,0,7,1e-12,1.97641,0,4.89735e-11,3.90624e-12
Hessenberg basic,990,0,1,7,1e-12,4.2406,4.58445e-14,2.9896e-11,4.95912e-12
Hessenberg basic,991,0,0,7,1e-12,1.62834,0,4.84945e-11,3.37909e-12
Hessenberg basic,991,0,1,7,1e-12,4.09716,2.40342e-14,2.96128e-11,4.54796e-12
Hessenberg basic,992,0,0,7,1e-12,1.58122,0,4.7702e-11,3.97381e-12
Hessenberg basic,992,0,1,7,1e-12,4.69943,5.68434e-14,2.32069e-11,4.83924e-12
Hessenberg basic,993,0,0,7,1e-12,2.20042,0,4.8702e-11,3.74084e-12
Hessenberg basic,993,0,1,7,1e-12,4.03091,0,2.55755e-11,4.86418e-12
Hessenberg basic,994,0,0,7,1e-12,1.52663,0,4.82425e-11,3.74575e-12
Hessenberg basic,994,0,1,7,1e-12,3.90913,2.92964e-14,2.21756e-11,4.41136e-12
Hessenberg basic,995,0,0,7,1e-12,1.55032,0,4.77457e-11,3.67068e-12
Hessenberg basic,995,0,1,7,1e-12,4.72255,2.92964e-14,1.82126e-11,4.37229e-12
Hessenberg basic,996,0,0,7,1e-12,1.93228,0,4.78333e-11,3.91264e-12
Hessenberg basic,996,0,1,7,1e-12,4.4173,3.51701e-14,2.16999e-11,4.65388e-12
Hessenberg basic,997,0,0,7,1e-12,1.95281,0,4.81145e-11,3.94821e-12
Hessenberg basic,997,0,1,7,1e-12,4.14492,0,2.5411e-11,4.76642e-12
Hessenberg basic,998,0,0,7,1e-12,1.65577,0,4.86629e-11,3.88743e-12
Hessenberg basic,998,0,1,7,1e-12,4.86165,0,2.85849e-11,4.71471e-12
Hessenberg basic,999,0,0,7,1e-12,1.80117,0,4.79044e-11,3.88068e-12
Hessenberg basic,999,0,1,7,1e-12,4.41001,0,2.0911e-11,4.69431e-12
Hessenberg basic,1000,0,0,7,1e-12,1.89739,0,4.80737e-11,3.96035e-12
Hessenberg basic,1000,0,1,7,1e-12,4.4389,1.42109e-14,2.00634e-11,4.73442e-12
