version, size, hermitian, complex, seed, tol, runtime in s,min_error, max_error, avg_error
Hessenberg basic,900,0,0,10,1e-12,0.891532,0,2.22826e-11,3.82906e-12
Hessenberg basic,900,0,1,10,1e-12,1.95734,2.00972e-14,2.47056e-11,4.57108e-12
Hessenberg basic,901,0,0,10,1e-12,1.3523,0,2.59829e-11,4.06961e-12
Hessenberg basic,901,0,1,10,1e-12,2.25727,2.15956e-14,2.02605e-11,4.72351e-12
Hessenberg basic,902,0,0,10,1e-12,0.920853,0,1.93802e-11,3.89265e-12
Hessenberg basic,902,0,1,10,1e-12,2.81926,1.44585e-14,2.22516e-11,4.47703e-12
Hessenberg basic,903,0,0,10,1e-12,0.789947,0,2.24778e-11,3.67342e-12
Hessenberg basic,903,0,1,10,1e-12,2.85838,5.1238e-14,3.63037e-11,4.41723e-12
Hessenberg basic,904,0,0,10,1e-12,0.703577,0,2.36469e-11,3.82564e-12
Hessenberg basic,904,0,1,10,1e-12,2.22018,5.68434e-14,2.23359e-11,4.65679e-12
Hessenberg basic,905,0,0,10,1e-12,0.908886,0,2.68301e-11,3.90362e-12
Hessenberg basic,905,0,1,10,1e-12,2.52455,2.35519e-14,2.46795e-11,4.5529e-12
Hessenberg basic,906,0,0,10,1e-12,1.09252,0,2.31397e-11,3.91543e-12
Hessenberg basic,906,0,1,10,1e-12,2.25229,2.84217e-14,2.16435e-11,4.39665e-12
Hessenberg basic,907,0,0,10,1e-12,1.02238,0,2.11458e-11,3.83862e-12
Hessenberg basic,907,0,1,10,1e-12,2.6339,2.00972e-14,2.59853e-11,4.64506e-12
Hessenberg basic,908,0,0,10,1e-12,1.37358,0,1.96313e-11,4.03907e-12
Hessenberg basic,908,0,1,10,1e-12,2.94121,2.92964e-14,2.35317e-11,4.63159e-12
Hessenberg basic,909,0,0,10,1e-12,0.903901,0,2.38742e-11,3.52347e-12
Hessenberg basic,909,0,1,10,1e-12,2.36516,3.49902e-14,2.37115e-11,4.70058e-12
Hessenberg basic,910,0,0,10,1e-12,0.936139,0,2.08655e-11,3.6515e-12
Hessenberg basic,910,0,1,10,1e-12,2.89278,6.37759e-14,2.65677e-11,4.61873e-12
Hessenberg basic,911,0,0,10,1e-12,1.39462,0,2.08156e-11,3.7466e-12
Hessenberg basic,911,0,1,10,1e-12,2.26375,3.76403e-14,2.02391e-11,4.60344e-12
Hessenberg basic,912,0,0,10,1e-12,0.875096,0,2.39643e-11,3.76372e-12
Hessenberg basic,912,0,1,10,1e-12,2.42443,5.1238e-14,2.37918e-11,4.57003e-12
Hessenberg basic,913,0,0,10,1e-12,1.17823,0,3.00133e-11,4.1816e-12
Hessenberg basic,913,0,1,10,1e-12,3.47498,1.43214e-14,2.64208e-11,4.73266e-12
Hessenberg basic,914,0,0,10,1e-12,0.858759,0,2.51741e-11,3.8446e-12
Hessenberg basic,914,0,1,10,1e-12,2.44445,0,2.12531e-11,4.67153e-12
Hessenberg basic,915,0,0,10,1e-12,1.06785,0,1.99329e-11,3.86169e-12
Hessenberg basic,915,0,1,10,1e-12,2.25806,4.32206e-14,2.44688e-11,4.90006e-12
Hessenberg basic,916,0,0,10,1e-12,0.802166,0,2.4329e-11,3.83647e-12
Hessenberg basic,916,0,1,10,1e-12,2.24931,2.77476e-14,3.17681e-11,4.48382e-12
Hessenberg basic,917,0,0,10,1e-12,1.31444,0,2.66027e-11,3.77864e-12
Hessenberg basic,917,0,1,10,1e-12,2.1371,0,2.79658e-11,4.54596e-12
Hessenberg basic,918,0,0,10,1e-12,0.668931,0,2.34195e-11,3.58489e-12
Hessenberg basic,918,0,1,10,1e-12,2.80934,5.72858e-14,2.46121e-11,4.59175e-12
Hessenberg basic,919,0,0,10,1e-12,0.948009,0,3.25144e-11,4.15709e-12
Hessenberg basic,919,0,1,10,1e-12,2.39401,0,2.38785e-11,4.46277e-12
Hessenberg basic,920,0,0,10,1e-12,0.75544,0,3.27418e-11,3.99018e-12
Hessenberg basic,920,0,1,10,1e-12,2.13084,5.1238e-14,2.41766e-11,4.61524e-12
Hessenberg basic,921,0,0,10,1e-12,0.795803,0,2.65288e-11,3.71039e-12
Hessenberg basic,921,0,1,10,1e-12,2.2981,2.86429e-14,2.12129e-11,4.53608e-12
Hessenberg basic,922,0,0,10,1e-12,1.21705,0,2.57337e-11,3.71e-12
Hessenberg basic,922,0,1,10,1e-12,2.49529,1.58882e-14,3.47259e-11,4.46541e-12
Hessenberg basic,923,0,0,10,1e-12,0.83471,0,2.01277e-11,3.55897e-12
Hessenberg basic,923,0,1,10,1e-12,3.283,3.52425e-14,2.40202e-11,4.59705e-12
Hessenberg basic,924,0,0,10,1e-12,1.45628,0,2.85468e-11,4.27216e-12
Hessenberg basic,924,0,1,10,1e-12,3.07045,0,2.68323e-11,4.43484e-12
Hessenberg basic,925,0,0,10,1e-12,0.962403,0,2.45564e-11,3.88e-12
Hessenberg basic,925,0,1,10,1e-12,2.19564,5.66472e-14,2.67055e-11,4.59193e-12
Hessenberg basic,926,0,0,10,1e-12,0.830883,0,2.74523e-11,3.91877e-12
Hessenberg basic,926,0,1,10,1e-12,2.76931,1.58882e-14,2.52408e-11,4.6369e-12
Hessenberg basic,927,0,0,10,1e-12,1.04581,0,2.25845e-11,3.36961e-12
Hessenberg basic,927,0,1,10,1e-12,2.12588,7.32411e-15,3.1591e-11,4.74118e-12
Hessenberg basic,928,0,0,10,1e-12,1.25217,1.42109e-14,2.32867e-11,3.93838e-12
Hessenberg basic,928,0,1,10,1e-12,2.23544,7.94411e-14,2.81927e-11,4.76803e-12
Hessenberg basic,929,0,0,10,1e-12,0.817142,0,2.02363e-11,3.64996e-12
Hessenberg basic,929,0,1,10,1e-12,3.63283,7.32411e-15,2.40898e-11,4.79879e-12
Hessenberg basic,930,0,0,10,1e-12,0.857023,0,2.20552e-11,3.77551e-12
Hessenberg basic,930,0,1,10,1e-12,3.03249,5.72858e-14,2.18291e-11,4.54129e-12
Hessenberg basic,931,0,0,10,1e-12,1.18986,0,2.50041e-11,3.37348e-12
Hessenberg basic,931,0,1,10,1e-12,2.30914,3.61434e-14,2.31924e-11,4.76623e-12
Hessenberg basic,932,0,0,10,1e-12,0.868166,0,2.63753e-11,3.77653e-12
Hessenberg basic,932,0,1,10,1e-12,2.87409,5.1238e-14,2.8198e-11,4.82005e-12
Hessenberg basic,933,0,0,10,1e-12,1.17945,0,2.03703e-11,4.02797e-12
Hessenberg basic,933,0,1,10,1e-12,2.14963,3.91706e-14,2.68346e-11,4.5866e-12
Hessenberg basic,934,0,0,10,1e-12,1.17417,0,2.89087e-11,4.1e-12
Hessenberg basic,934,0,1,10,1e-12,2.29551,0,2.87123e-11,4.47982e-12
Hessenberg basic,935,0,0,10,1e-12,0.97963,0,2.84217e-11,3.98349e-12
Hessenberg basic,935,0,1,10,1e-12,3.81203,2.92964e-14,2.87897e-11,4.44825e-12
Hessenberg basic,936,0,0,10,1e-12,1.096,0,3.22871e-11,3.83984e-12
Hessenberg basic,936,0,1,10,1e-12,2.81821,7.10543e-15,2.59973e-11,4.48426e-12
Hessenberg basic,937,0,0,10,1e-12,0.871177,0,2.75498e-11,4.23974e-12
Hessenberg basic,937,0,1,10,1e-12,2.25374,2.27485e-14,2.96058e-11,4.7758e-12
Hessenberg basic,938,0,0,10,1e-12,1.0336,0,2.27374e-11,3.46327e-12
Hessenberg basic,938,0,1,10,1e-12,2.70104,5.72858e-14,2.32644e-11,4.65922e-12
Hessenberg basic,939,0,0,10,1e-12,1.32497,0,2.34372e-11,3.81987e-12
Hessenberg basic,939,0,1,10,1e-12,2.59264,4.01944e-14,2.24732e-11,4.73973e-12
Hessenberg basic,940,0,0,10,1e-12,1.23609,0,2.54659e-11,4.0983e-12
Hessenberg basic,940,0,1,10,1e-12,2.66264,7.24614e-14,1.86668e-11,4.56809e-12
Hessenberg basic,941,0,0,10,1e-12,0.875633,0,3.02407e-11,3.63971e-12
Hessenberg basic,941,0,1,10,1e-12,3.09123,5.65535e-14,2.51687e-11,4.74364e-12
Hessenberg basic,942,0,0,10,1e-12,1.18019,0,1.86675e-11,4.06959e-12
Hessenberg basic,942,0,1,10,1e-12,2.94351,2.84217e-14,2.1519e-11,4.67286e-12
Hessenberg basic,943,0,0,10,1e-12,0.972921,0,2.18054e-11,3.96302e-12
Hessenberg basic,943,0,1,10,1e-12,2.32853,6.39488e-14,2.57055e-11,4.72999e-12
Hessenberg basic,944,0,0,10,1e-12,0.938156,0,1.82721e-11,3.81645e-12
Hessenberg basic,944,0,1,10,1e-12,3.02327,4.27803e-14,3.23576e-11,4.84159e-12
Hessenberg basic,945,0,0,10,1e-12,1.69033,0,2.59206e-11,3.81575e-12
Hessenberg basic,945,0,1,10,1e-12,2.33839,2.27485e-14,2.68773e-11,4.4827e-12
Hessenberg basic,946,0,0,10,1e-12,0.935516,0,2.66027e-11,3.92781e-12
Hessenberg basic,946,0,1,10,1e-12,2.39295,2.38323e-14,2.37352e-11,4.38742e-12
Hessenberg basic,947,0,0,10,1e-12,1.11657,0,2.25962e-11,4.09773e-12
Hessenberg basic,947,0,1,10,1e-12,3.8694,1.58882e-14,2.50607e-11,4.60948e-12
Hessenberg basic,948,0,0,10,1e-12,1.23706,0,2.24992e-11,3.98964e-12
Hessenberg basic,948,0,1,10,1e-12,2.68197,3.55271e-14,2.24456e-11,4.77412e-12
Hessenberg basic,949,0,0,10,1e-12,0.891749,0,2.41533e-11,4.02843e-12
Hessenberg basic,949,0,1,10,1e-12,2.38278,1.46482e-14,2.43073e-11,4.68424e-12
Hessenberg basic,950,0,0,10,1e-12,0.945393,0,1.86072e-11,3.88886e-12
Hessenberg basic,950,0,1,10,1e-12,3.01447,0,3.26948e-11,4.62977e-12
Hessenberg basic,951,0,0,10,1e-12,1.88997,0,2.85879e-11,4.09267e-12
Hessenberg basic,951,0,1,10,1e-12,2.46771,4.49387e-14,2.35277e-11,4.51135e-12
Hessenberg basic,952,0,0,10,1e-12,0.918062,0,2.34165e-11,3.92125e-12
Hessenberg basic,952,0,1,10,1e-12,2.46071,2.16103e-14,2.64165e-11,4.67397e-12
Hessenberg basic,953,0,0,10,1e-12,1.07758,0,2.59206e-11,3.88407e-12
Hessenberg basic,953,0,1,10,1e-12,4.0657,2.84217e-14,2.14553e-11,4.34066e-12
Hessenberg basic,954,0,0,10,1e-12,1.32507,0,3.43571e-11,3.85723e-12
Hessenberg basic,954,0,1,10,1e-12,3.04885,5.1238e-14,2.75151e-11,4.75546e-12
Hessenberg basic,955,0,0,10,1e-12,0.900669,0,3.42318e-11,4.13754e-12
Hessenberg basic,955,0,1,10,1e-12,2.33912,2.84217e-14,2.36471e-11,4.76754e-12
Hessenberg basic,956,0,0,10,1e-12,0.969596,0,2.17687e-11,3.79652e-12
Hessenberg basic,956,0,1,10,1e-12,3.42704,2.84217e-14,2.31346e-11,4.72677e-12
Hessenberg basic,957,0,0,10,1e-12,1.94175,0,2.66183e-11,4.13262e-12
Hessenberg basic,957,0,1,10,1e-12,2.43852,3.62307e-14,2.48655e-11,4.75212e-12
Hessenberg basic,958,0,0,10,1e-12,1.24692,0,2.58159e-11,3.73485e-12
Hessenberg basic,958,0,1,10,1e-12,2.48072,3.82639e-14,2.29411e-11,4.88462e-12
Hessenberg basic,959,0,0,10,1e-12,1.04196,0,2.34195e-11,3.81381e-12
Hessenberg basic,959,0,1,10,1e-12,4.17305,2.84217e-14,2.77545e-11,5.00063e-12
Hessenberg basic,960,0,0,10,1e-12,1.28349,0,2.32098e-11,3.84924e-12
Hessenberg basic,960,0,1,10,1e-12,3.07131,1.42109e-14,2.21316e-11,4.63057e-12
Hessenberg basic,961,0,0,10,1e-12,1.01551,0,3.09111e-11,3.95765e-12
Hessenberg basic,961,0,1,10,1e-12,2.45415,3.17764e-14,2.12324e-11,4.57695e-12
Hessenberg basic,962,0,0,10,1e-12,1.04999,0,2.82026e-11,3.6847e-12
Hessenberg basic,962,0,1,10,1e-12,3.23834,2.41611e-14,2.16041e-11,4.33705e-12
Hessenberg basic,963,0,0,10,1e-12,1.55593,0,2.55763e-11,4.01084e-12
Hessenberg basic,963,0,1,10,1e-12,2.52163,3.35162e-14,2.02593e-11,4.46945e-12
Hessenberg basic,964,0,0,10,1e-12,0.996212,0,2.34021e-11,4.28154e-12
Hessenberg basic,964,0,1,10,1e-12,2.80087,4.49387e-14,2.69975e-11,4.42667e-12
Hessenberg basic,965,0,0,10,1e-12,1.51378,0,2.16057e-11,4.01095e-12
Hessenberg basic,965,0,1,10,1e-12,4.10829,5.1238e-14,2.26839e-11,4.65789e-12
Hessenberg basic,966,0,0,10,1e-12,0.954911,0,2.22001e-11,3.75521e-12
Hessenberg basic,966,0,1,10,1e-12,2.5321,2.00972e-14,2.86256e-11,4.7392e-12
Hessenberg basic,967,0,0,10,1e-12,0.941447,0,2.39515e-11,3.76249e-12
Hessenberg basic,967,0,1,10,1e-12,3.13947,1.43214e-14,2.56862e-11,4.50518e-12
Hessenberg basic,968,0,0,10,1e-12,1.25002,0,2.31921e-11,3.82952e-12
Hessenberg basic,968,0,1,10,1e-12,3.43058,3.89585e-14,2.41016e-11,4.7367e-12
Hessenberg basic,969,0,0,10,1e-12,1.33289,0,2.8781e-11,3.97613e-12
Hessenberg basic,969,0,1,10,1e-12,3.21097,2.86429e-14,2.11659e-11,4.69368e-12
Hessenberg basic,970,0,0,10,1e-12,1.04589,0,2.61954e-11,4.05638e-12
Hessenberg basic,970,0,1,10,1e-12,3.42336,3.10227e-14,2.31542e-11,4.62016e-12
Hessenberg basic,971,0,0,10,1e-12,0.986812,0,2.09184e-11,3.93138e-12
Hessenberg basic,971,0,1,10,1e-12,2.48809,0,2.9774e-11,4.69305e-12
Hessenberg basic,972,0,0,10,1e-12,0.992182,0,2.5479e-11,3.98995e-12
Hessenberg basic,972,0,1,10,1e-12,3.01388,1.42109e-14,2.78765e-11,4.5288e-12
Hessenberg basic,973,0,0,10,1e-12,0.877342,0,2.16005e-11,3.70727e-12
Hessenberg basic,973,0,1,10,1e-12,2.55252,0,2.52917e-11,4.60394e-12
Hessenberg basic,974,0,0,10,1e-12,0.942613,0,2.71033e-11,3.92413e-12
Hessenberg basic,974,0,1,10,1e-12,3.04851,5.41789e-14,2.81696e-11,4.34162e-12
Hessenberg basic,975,0,0,10,1e-12,1.44998,0,2.92288e-11,4.24025e-12
Hessenberg basic,975,0,1,10,1e-12,2.69268,4.61853e-14,2.33534e-11,4.44691e-12
Hessenberg basic,976,0,0,10,1e-12,0.883371,0,2.97314e-11,4.20681e-12
Hessenberg basic,976,0,1,10,1e-12,3.27006,2.5619e-14,2.1561e-11,4.64417e-12
Hessenberg basic,977,0,0,10,1e-12,1.15804,0,2.27374e-11,3.9462e-12
Hessenberg basic,977,0,1,10,1e-12,3.19952,4.01944e-14,2.36173e-11,4.62907e-12
Hessenberg basic,978,0,0,10,1e-12,0.989623,0,2.95586e-11,3.83962e-12
Hessenberg basic,978,0,1,10,1e-12,2.82904,6.35529e-14,2.44705e-11,4.63395e-12
Hessenberg basic,979,0,0,10,1e-12,1.10259,0,2.7335e-11,4.25872e-12
Hessenberg basic,979,0,1,10,1e-12,3.87816,4.26326e-14,2.46445e-11,4.76176e-12
Hessenberg basic,980,0,0,10,1e-12,1.33013,0,2.31921e-11,3.51002e-12
Hessenberg basic,980,0,1,10,1e-12,3.29849,7.10543e-15,3.08433e-11,4.81489e-12
Hessenberg basic,981,0,0,10,1e-12,1.13531,0,3.18883e-11,3.97649e-12
Hessenberg basic,981,0,1,10,1e-12,3.21367,1.42109e-14,2.54735e-11,4.43973e-12
Hessenberg basic,982,0,0,10,1e-12,1.06224,0,3.0811e-11,4.26963e-12
Hessenberg basic,982,0,1,10,1e-12,3.00882,4.26326e-14,2.03217e-11,4.57397e-12
Hessenberg basic,983,0,0,10,1e-12,1.16639,0,2.38742e-11,3.88101e-12
Hessenberg basic,983,0,1,10,1e-12,2.78266,0,2.83047e-11,4.61937e-12
Hessenberg basic,984,0,0,10,1e-12,1.66222,0,3.55098e-11,4.19954e-12
Hessenberg basic,984,0,1,10,1e-12,2.58645,4.32206e-14,2.10919e-11,4.57295e-12
Hessenberg basic,985,0,0,10,1e-12,1.64555,0,3.04681e-11,3.9212e-12
Hessenberg basic,985,0,1,10,1e-12,3.3705,3.17764e-14,2.07559e-11,4.53903e-12
Hessenberg basic,986,0,0,10,1e-12,1.16776,0,3.84262e-11,4.18101e-12
Hessenberg basic,986,0,1,10,1e-12,2.98213,1.58882e-14,2.50111e-11,4.76223e-12
Hessenberg basic,987,0,0,10,1e-12,1.11339,0,3.04681e-11,4.32153e-12
Hessenberg basic,987,0,1,10,1e-12,3.52098,3.17764e-14,1.98024e-11,4.66912e-12
Hessenberg basic,988,0,0,10,1e-12,1.05046,0,2.36469e-11,3.53718e-12
Hessenberg basic,988,0,1,10,1e-12,2.65487,3.84285e-14,2.24164e-11,4.63084e-12
Hessenberg basic,989,0,0,10,1e-12,0.903145,0,1.88734e-11,3.76695e-12
Hessenberg basic,989,0,1,10,1e-12,3.9664,3.55271e-14,2.48787e-11,4.72545e-12
Hessenberg basic,990,0,0,10,1e-12,1.39183,0,2.51564e-11,4.3091e-12
Hessenberg basic,990,0,1,10,1e-12,4.01607,3.55271e-15,2.70412e-11,4.71729e-12
Hessenberg basic,991,0,0,10,1e-12,1.10006,0,2.65629e-11,4.21091e-12
Hessenberg basic,991,0,1,10,1e-12,3.62802,2.84217e-14,2.62466e-11,4.56748e-12
Hessenberg basic,992,0,0,10,1e-12,1.71256,0,3.21485e-11,4.22309e-12
Hessenberg basic,992,0,1,10,1e-12,2.99891,1.58882e-14,2.80161e-11,4.70324e-12
Hessenberg basic,993,0,0,10,1e-12,1.29565,0,2.64832e-11,4.23041e-12
Hessenberg basic,993,0,1,10,1e-12,2.95426,3.55271e-14,2.54211e-11,4.46994e-12
Hessenberg basic,994,0,0,10,1e-12,2.20509,0,2.84217e-11,4.12694e-12
Hessenberg basic,994,0,1,10,1e-12,3.27549,1.42109e-14,2.63695e-11,4.58013e-12
Hessenberg basic,995,0,0,10,1e-12,1.37545,0,2.0691e-11,3.91376e-12
Hessenberg basic,995,0,1,10,1e-12,3.26778,1.42109e-14,2.34881e-11,4.46618e-12
Hessenberg basic,996,0,0,10,1e-12,1.67625,0,1.72598e-11,3.85447e-12
Hessenberg basic,996,0,1,10,1e-12,3.33542,5.68434e-14,2.48153e-11,4.57238e-12
Hessenberg basic,997,0,0,10,1e-12,1.46464,0,2.9118e-11,4.35475e-12
Hessenberg basic,997,0,1,10,1e-12,3.9033,5.77316e-14,2.29016e-11,4.5096e-12
Hessenberg basic,998,0,0,10,1e-12,1.77948,0,2.81943e-11,3.961e-12
Hessenberg basic,998,0,1,10,1e-12,3.78436,5.85929e-14,3.22903e-11,4.65709e-12
Hessenberg basic,999,0,0,10,1e-12,1.30301,0,2.9786e-11,4.06712e-12
Hessenberg basic,999,0,1,10,1e-12,3.19663,0,2.7287e-11,4.73985e-12
Hessenberg basic,1000,0,0,10,1e-12,1.77451,0,2.27374e-11,3.82642e-12
Hessenberg basic,1000,0,1,10,1e-12,2.93692,8.35879e-14,2.28861e-11,4.58058e-12
