version, size, hermitian, complex, seed, tol, runtime in s,min_error, max_error, avg_error
Hessenberg basic,900,0,0,3,1e-12,1.35186,0,2.0691e-11,3.09625e-12
Hessenberg basic,900,0,1,3,1e-12,3.48619,2.92964e-14,2.78192e-11,4.58955e-12
Hessenberg basic,901,0,0,3,1e-12,0.987906,0,2.31921e-11,3.27966e-12
Hessenberg basic,901,0,1,3,1e-12,3.41967,0,2.31877e-11,4.58337e-12
Hessenberg basic,902,0,0,3,1e-12,1.88727,0,1.84173e-11,3.35697e-12
Hessenberg basic,902,0,1,3,1e-12,2.7792,3.17764e-14,3.01002e-11,4.80113e-12
Hessenberg basic,903,0,0,3,1e-12,0.79982,0,2.09184e-11,3.39396e-12
Hessenberg basic,903,0,1,3,1e-12,3.54411,0,2.53815e-11,4.3876e-12
Hessenberg basic,904,0,0,3,1e-12,0.689263,0,2.36469e-11,3.58716e-12
Hessenberg basic,904,0,1,3,1e-12,2.67213,6.99803e-14,2.15706e-11,4.44941e-12
Hessenberg basic,905,0,0,3,1e-12,0.810407,0,3.31966e-11,3.52108e-12
Hessenberg basic,905,0,1,3,1e-12,3.08646,6.35529e-14,2.67348e-11,4.47202e-12
Hessenberg basic,906,0,0,3,1e-12,1.35212,7.10543e-15,3.16049e-11,3.70897e-12
Hessenberg basic,906,0,1,3,1e-12,2.68658,1.77636e-14,2.02988e-11,4.46403e-12
Hessenberg basic,907,0,0,3,1e-12,0.813187,0,2.72848e-11,3.31313e-12
Hessenberg basic,907,0,1,3,1e-12,3.51802,2.68535e-14,2.27158e-11,4.59131e-12
Hessenberg basic,908,0,0,3,1e-12,0.788209,0,3.16049e-11,3.3192e-12
Hessenberg basic,908,0,1,3,1e-12,2.73662,0,2.33391e-11,4.73567e-12
Hessenberg basic,909,0,0,3,1e-12,1.38783,0,2.251e-11,3.14081e-12
Hessenberg basic,909,0,1,3,1e-12,2.21721,6.35529e-14,2.3829e-11,4.57032e-12
Hessenberg basic,910,0,0,3,1e-12,0.765072,0,3.31966e-11,3.38748e-12
Hessenberg basic,910,0,1,3,1e-12,2.25365,1.77636e-14,2.66437e-11,4.68153e-12
Hessenberg basic,911,0,0,3,1e-12,0.850172,0,2.41016e-11,3.13046e-12
Hessenberg basic,911,0,1,3,1e-12,2.89755,0,2.48213e-11,4.59872e-12
Hessenberg basic,912,0,0,3,1e-12,1.02901,0,1.93268e-11,3.26149e-12
Hessenberg basic,912,0,1,3,1e-12,3.60392,3.17764e-14,2.64108e-11,4.83216e-12
Hessenberg basic,913,0,0,3,1e-12,1.71647,0,2.34195e-11,3.45582e-12
Hessenberg basic,913,0,1,3,1e-12,3.94919,0,2.59973e-11,4.52765e-12
Hessenberg basic,914,0,0,3,1e-12,1.53792,0,1.70583e-11,3.38617e-12
Hessenberg basic,914,0,1,3,1e-12,3.66776,4.54969e-14,2.59296e-11,4.51226e-12
Hessenberg basic,915,0,0,3,1e-12,1.40227,0,2.59206e-11,3.51859e-12
Hessenberg basic,915,0,1,3,1e-12,3.5447,3.26959e-14,2.83425e-11,4.64976e-12
Hessenberg basic,916,0,0,3,1e-12,1.48818,0,2.04636e-11,3.27203e-12
Hessenberg basic,916,0,1,3,1e-12,3.41622,6.35529e-14,2.23562e-11,4.65388e-12
Hessenberg basic,917,0,0,3,1e-12,1.70337,0,3.02407e-11,3.32326e-12
Hessenberg basic,917,0,1,3,1e-12,3.49802,3.55271e-14,2.21832e-11,4.48994e-12
Hessenberg basic,918,0,0,3,1e-12,1.76795,0,2.0691e-11,3.52203e-12
Hessenberg basic,918,0,1,3,1e-12,3.78737,1.42109e-14,2.25307e-11,4.62235e-12
Hessenberg basic,919,0,0,3,1e-12,1.68809,0,1.9566e-11,3.26076e-12
Hessenberg basic,919,0,1,3,1e-12,3.84117,2.92964e-14,2.90759e-11,4.62939e-12
Hessenberg basic,920,0,0,3,1e-12,1.52213,0,2.34195e-11,3.46053e-12
Hessenberg basic,920,0,1,3,1e-12,3.76321,3.17764e-14,2.16216e-11,4.56802e-12
Hessenberg basic,921,0,0,3,1e-12,1.64941,0,2.75122e-11,3.31442e-12
Hessenberg basic,921,0,1,3,1e-12,3.83538,8.98773e-14,2.36584e-11,4.67224e-12
Hessenberg basic,922,0,0,3,1e-12,1.68958,0,2.18279e-11,3.27523e-12
Hessenberg basic,922,0,1,3,1e-12,3.94837,4.32206e-14,2.60539e-11,4.76934e-12
Hessenberg basic,923,0,0,3,1e-12,1.64788,0,2.63753e-11,3.46701e-12
Hessenberg basic,923,0,1,3,1e-12,3.95164,3.17764e-14,2.55836e-11,4.4841e-12
Hessenberg basic,924,0,0,3,1e-12,1.56896,0,2.86491e-11,3.75715e-12
Hessenberg basic,924,0,1,3,1e-12,3.75407,0,3.07545e-11,4.85682e-12
Hessenberg basic,925,0,0,3,1e-12,1.73865,0,1.97815e-11,3.32193e-12
Hessenberg basic,925,0,1,3,1e-12,3.75148,1.58882e-14,2.29917e-11,4.57338e-12
Hessenberg basic,926,0,0,3,1e-12,1.78807,0,1.95541e-11,3.48151e-12
Hessenberg basic,926,0,1,3,1e-12,3.73621,2.84217e-14,2.50988e-11,4.65167e-12
Hessenberg basic,927,0,0,3,1e-12,1.74114,0,2.22826e-11,3.60515e-12
Hessenberg basic,927,0,1,3,1e-12,3.69168,2.00972e-14,2.25619e-11,4.57612e-12
Hessenberg basic,928,0,0,3,1e-12,1.63865,0,2.86491e-11,3.55266e-12
Hessenberg basic,928,0,1,3,1e-12,3.82427,4.41238e-14,2.4472e-11,4.5841e-12
Hessenberg basic,929,0,0,3,1e-12,1.87548,0,3.18323e-11,3.55234e-12
Hessenberg basic,929,0,1,3,1e-12,3.99901,0,2.38428e-11,4.49764e-12
Hessenberg basic,930,0,0,3,1e-12,1.8554,0,2.11115e-11,3.595e-12
Hessenberg basic,930,0,1,3,1e-12,4.00673,1.58882e-14,1.95343e-11,4.68867e-12
Hessenberg basic,931,0,0,3,1e-12,1.72981,0,2.52385e-11,3.55056e-12
Hessenberg basic,931,0,1,3,1e-12,3.90546,6.99803e-14,2.11143e-11,4.68005e-12
Hessenberg basic,932,0,0,3,1e-12,1.63614,0,2.50041e-11,3.63699e-12
Hessenberg basic,932,0,1,3,1e-12,3.675,0,2.31564e-11,4.45941e-12
Hessenberg basic,933,0,0,3,1e-12,1.73201,0,3.34239e-11,3.20977e-12
Hessenberg basic,933,0,1,3,1e-12,3.59912,2.20865e-14,2.34796e-11,4.66809e-12
Hessenberg basic,934,0,0,3,1e-12,1.95846,0,2.6148e-11,3.33738e-12
Hessenberg basic,934,0,1,3,1e-12,3.879,3.55271e-15,2.41413e-11,4.57956e-12
Hessenberg basic,935,0,0,3,1e-12,2.02134,0,2.91038e-11,3.35871e-12
Hessenberg basic,935,0,1,3,1e-12,3.98748,3.97205e-14,2.45416e-11,4.70588e-12
Hessenberg basic,936,0,0,3,1e-12,1.66067,0,1.95541e-11,3.72486e-12
Hessenberg basic,936,0,1,3,1e-12,3.97146,0,2.15718e-11,4.64554e-12
Hessenberg basic,937,0,0,3,1e-12,1.83163,0,3.02407e-11,3.4834e-12
Hessenberg basic,937,0,1,3,1e-12,4.06715,6.99803e-14,2.46928e-11,4.55509e-12
Hessenberg basic,938,0,0,3,1e-12,1.94047,0,4.6839e-11,3.27813e-12
Hessenberg basic,938,0,1,3,1e-12,4.09327,3.01458e-14,2.72745e-11,4.96042e-12
Hessenberg basic,939,0,0,3,1e-12,1.78542,0,2.87203e-11,3.65817e-12
Hessenberg basic,939,0,1,3,1e-12,4.08991,2.92964e-14,2.715e-11,4.78978e-12
Hessenberg basic,940,0,0,3,1e-12,1.80293,0,2.86491e-11,3.69665e-12
Hessenberg basic,940,0,1,3,1e-12,3.87208,0,2.44382e-11,4.47465e-12
Hessenberg basic,941,0,0,3,1e-12,1.78722,0,2.7967e-11,3.32948e-12
Hessenberg basic,941,0,1,3,1e-12,3.59486,2.92964e-14,2.1936e-11,4.79326e-12
Hessenberg basic,942,0,0,3,1e-12,1.97667,0,2.18279e-11,3.36778e-12
Hessenberg basic,942,0,1,3,1e-12,3.73433,2.84217e-14,3.51813e-11,4.58412e-12
Hessenberg basic,943,0,0,3,1e-12,2.094,0,1.92059e-11,3.25591e-12
Hessenberg basic,943,0,1,3,1e-12,3.79612,0,2.61999e-11,4.61529e-12
Hessenberg basic,944,0,0,3,1e-12,1.77945,0,2.95586e-11,3.39573e-12
Hessenberg basic,944,0,1,3,1e-12,3.65784,4.54969e-14,2.4549e-11,4.5096e-12
Hessenberg basic,945,0,0,3,1e-12,1.86615,0,2.27374e-11,3.68259e-12
Hessenberg basic,945,0,1,3,1e-12,3.87391,3.82639e-14,2.46834e-11,4.75519e-12
Hessenberg basic,946,0,0,3,1e-12,2.01678,0,1.72122e-11,3.40148e-12
Hessenberg basic,946,0,1,3,1e-12,4.15132,2.84217e-14,1.8053e-11,4.60944e-12
Hessenberg basic,947,0,0,3,1e-12,1.81774,0,2.4329e-11,3.37698e-12
Hessenberg basic,947,0,1,3,1e-12,4.11579,2.88645e-14,2.25516e-11,4.51647e-12
Hessenberg basic,948,0,0,3,1e-12,1.78698,0,2.66027e-11,3.35605e-12
Hessenberg basic,948,0,1,3,1e-12,4.11087,2.00972e-14,2.06926e-11,4.44307e-12
Hessenberg basic,949,0,0,3,1e-12,1.71924,0,2.66027e-11,3.49296e-12
Hessenberg basic,949,0,1,3,1e-12,3.76684,4.01944e-14,2.30715e-11,4.70346e-12
Hessenberg basic,950,0,0,3,1e-12,1.95912,0,2.0973e-11,3.32283e-12
Hessenberg basic,950,0,1,3,1e-12,4.03201,3.55271e-14,2.74002e-11,4.82153e-12
Hessenberg basic,951,0,0,3,1e-12,1.92063,0,2.29711e-11,3.78753e-12
Hessenberg basic,951,0,1,3,1e-12,4.1988,5.1238e-14,2.61361e-11,4.7739e-12
Hessenberg basic,952,0,0,3,1e-12,1.84169,0,2.77396e-11,3.40077e-12
Hessenberg basic,952,0,1,3,1e-12,4.15685,2.38323e-14,2.4262e-11,4.68544e-12
Hessenberg basic,953,0,0,3,1e-12,1.80316,0,1.98382e-11,3.35972e-12
Hessenberg basic,953,0,1,3,1e-12,4.17322,4.26326e-14,3.77255e-11,4.83532e-12
Hessenberg basic,954,0,0,3,1e-12,1.98156,0,2.59206e-11,3.58645e-12
Hessenberg basic,954,0,1,3,1e-12,4.25711,1.42109e-14,2.64167e-11,4.76472e-12
Hessenberg basic,955,0,0,3,1e-12,2.02233,0,2.31921e-11,3.25334e-12
Hessenberg basic,955,0,1,3,1e-12,4.2713,5.51529e-14,2.56935e-11,4.60583e-12
Hessenberg basic,956,0,0,3,1e-12,1.99342,0,3.9563e-11,3.80952e-12
Hessenberg basic,956,0,1,3,1e-12,4.20863,4.76647e-14,2.18282e-11,4.6352e-12
Hessenberg basic,957,0,0,3,1e-12,2.03626,0,2.18279e-11,3.32261e-12
Hessenberg basic,957,0,1,3,1e-12,4.34965,0,2.58438e-11,4.67057e-12
Hessenberg basic,958,0,0,3,1e-12,1.94175,0,1.97815e-11,3.43237e-12
Hessenberg basic,958,0,1,3,1e-12,4.27106,5.1238e-14,2.27528e-11,4.7583e-12
Hessenberg basic,959,0,0,3,1e-12,1.87474,0,2.54659e-11,3.36513e-12
Hessenberg basic,959,0,1,3,1e-12,4.01063,6.99803e-14,3.15386e-11,4.79795e-12
Hessenberg basic,960,0,0,3,1e-12,1.92578,0,3.18323e-11,3.52447e-12
Hessenberg basic,960,0,1,3,1e-12,3.97713,3.19744e-14,2.327e-11,4.54741e-12
Hessenberg basic,961,0,0,3,1e-12,2.14821,0,1.81899e-11,3.59133e-12
Hessenberg basic,961,0,1,3,1e-12,4.15377,2.86429e-14,2.03064e-11,4.7915e-12
Hessenberg basic,962,0,0,3,1e-12,2.09611,0,1.95541e-11,3.62241e-12
Hessenberg basic,962,0,1,3,1e-12,4.14797,1.77636e-14,2.25195e-11,4.49229e-12
Hessenberg basic,963,0,0,3,1e-12,1.98079,0,2.56932e-11,3.51768e-12
Hessenberg basic,963,0,1,3,1e-12,4.24893,2.52468e-14,2.21158e-11,4.58712e-12
Hessenberg basic,964,0,0,3,1e-12,1.93449,0,2.66027e-11,3.49454e-12
Hessenberg basic,964,0,1,3,1e-12,4.20085,0,2.30347e-11,4.66144e-12
Hessenberg basic,965,0,0,3,1e-12,2.10052,0,2.93312e-11,3.55294e-12
Hessenberg basic,965,0,1,3,1e-12,4.42519,0,2.43707e-11,4.66554e-12
Hessenberg basic,966,0,0,3,1e-12,2.00522,0,2.72848e-11,3.86208e-12
Hessenberg basic,966,0,1,3,1e-12,4.38171,4.54969e-14,2.1946e-11,4.5225e-12
Hessenberg basic,967,0,0,3,1e-12,2.1267,0,2.04636e-11,3.36567e-12
Hessenberg basic,967,0,1,3,1e-12,4.48701,1.75111e-14,3.19961e-11,4.64753e-12
Hessenberg basic,968,0,0,3,1e-12,1.89447,0,2.13731e-11,3.55278e-12
Hessenberg basic,968,0,1,3,1e-12,4.48814,1.42109e-14,2.5356e-11,4.52663e-12
Hessenberg basic,969,0,0,3,1e-12,1.80711,0,3.00133e-11,3.32366e-12
Hessenberg basic,969,0,1,3,1e-12,4.39192,3.37508e-14,2.28847e-11,4.48376e-12
Hessenberg basic,970,0,0,3,1e-12,1.74319,0,3.11502e-11,3.26785e-12
Hessenberg basic,970,0,1,3,1e-12,4.53145,4.54969e-14,3.07386e-11,4.57442e-12
Hessenberg basic,971,0,0,3,1e-12,1.87949,0,3.25144e-11,3.41032e-12
Hessenberg basic,971,0,1,3,1e-12,4.4547,3.88159e-14,2.3512e-11,4.65107e-12
Hessenberg basic,972,0,0,3,1e-12,1.95811,0,3.25144e-11,3.56283e-12
Hessenberg basic,972,0,1,3,1e-12,4.50232,0,2.60539e-11,4.39481e-12
Hessenberg basic,973,0,0,3,1e-12,1.91918,0,3.31966e-11,3.82787e-12
Hessenberg basic,973,0,1,3,1e-12,4.37601,2.1522e-14,2.51112e-11,4.38108e-12
Hessenberg basic,974,0,0,3,1e-12,2.03304,0,3.13776e-11,3.38883e-12
Hessenberg basic,974,0,1,3,1e-12,3.61,7.44853e-14,2.06705e-11,4.45131e-12
Hessenberg basic,975,0,0,3,1e-12,1.087,0,3.09228e-11,3.71767e-12
Hessenberg basic,975,0,1,3,1e-12,3.41352,2.00972e-14,2.16006e-11,4.33025e-12
Hessenberg basic,976,0,0,3,1e-12,1.01831,0,2.34195e-11,3.65297e-12
Hessenberg basic,976,0,1,3,1e-12,2.83833,3.35162e-14,2.26817e-11,4.73854e-12
Hessenberg basic,977,0,0,3,1e-12,1.0273,0,3.43334e-11,3.34794e-12
Hessenberg basic,977,0,1,3,1e-12,2.63494,3.01981e-14,2.81475e-11,4.48826e-12
Hessenberg basic,978,0,0,3,1e-12,1.08344,0,2.18279e-11,3.36534e-12
Hessenberg basic,978,0,1,3,1e-12,2.8109,2.87666e-14,2.10775e-11,4.55938e-12
Hessenberg basic,979,0,0,3,1e-12,1.08196,0,2.34195e-11,3.29597e-12
Hessenberg basic,979,0,1,3,1e-12,2.69192,5.68434e-14,2.48504e-11,4.51443e-12
Hessenberg basic,980,0,0,3,1e-12,1.09118,0,2.47837e-11,3.26246e-12
Hessenberg basic,980,0,1,3,1e-12,2.90029,4.01944e-14,2.57264e-11,4.75576e-12
Hessenberg basic,981,0,0,3,1e-12,0.957811,0,2.72848e-11,3.58129e-12
Hessenberg basic,981,0,1,3,1e-12,2.94987,2.00972e-14,2.14961e-11,4.51877e-12
Hessenberg basic,982,0,0,3,1e-12,1.24951,0,2.7967e-11,3.45047e-12
Hessenberg basic,982,0,1,3,1e-12,2.92086,0,2.46708e-11,4.6438e-12
Hessenberg basic,983,0,0,3,1e-12,1.19029,0,3.00133e-11,3.51196e-12
Hessenberg basic,983,0,1,3,1e-12,3.24441,2.4869e-14,3.11925e-11,4.87709e-12
Hessenberg basic,984,0,0,3,1e-12,0.981761,0,2.56932e-11,3.50735e-12
Hessenberg basic,984,0,1,3,1e-12,3.49145,3.66205e-14,2.3622e-11,4.39448e-12
Hessenberg basic,985,0,0,3,1e-12,1.21072,0,2.34195e-11,3.12621e-12
Hessenberg basic,985,0,1,3,1e-12,3.09992,3.57043e-14,2.44054e-11,4.80717e-12
Hessenberg basic,986,0,0,3,1e-12,1.08303,0,2.52385e-11,3.22886e-12
Hessenberg basic,986,0,1,3,1e-12,3.32576,1.42109e-14,3.74568e-11,4.6192e-12
Hessenberg basic,987,0,0,3,1e-12,1.01594,0,2.70575e-11,3.37345e-12
Hessenberg basic,987,0,1,3,1e-12,3.33961,6.99803e-14,2.04791e-11,4.4356e-12
Hessenberg basic,988,0,0,3,1e-12,1.14608,0,3.02407e-11,3.54245e-12
Hessenberg basic,988,0,1,3,1e-12,3.16331,3.33747e-14,2.35716e-11,4.74513e-12
Hessenberg basic,989,0,0,3,1e-12,1.20155,0,3.52429e-11,3.33076e-12
Hessenberg basic,989,0,1,3,1e-12,3.37338,5.72858e-14,2.26793e-11,4.37739e-12
Hessenberg basic,990,0,0,3,1e-12,0.976984,0,2.50671e-11,3.19522e-12
Hessenberg basic,990,0,1,3,1e-12,3.25415,3.55271e-14,2.12477e-11,4.7756e-12
Hessenberg basic,991,0,0,3,1e-12,1.00335,0,2.70575e-11,3.31709e-12
Hessenberg basic,991,0,1,3,1e-12,3.36835,2.00972e-14,2.04409e-11,4.46121e-12
Hessenberg basic,992,0,0,3,1e-12,1.26282,0,1.79237e-11,3.1689e-12
Hessenberg basic,992,0,1,3,1e-12,3.54873,0,2.1757e-11,4.46915e-12
Hessenberg basic,993,0,0,3,1e-12,1.03966,0,2.11754e-11,3.29039e-12
Hessenberg basic,993,0,1,3,1e-12,3.60452,2.00972e-14,2.61e-11,4.62231e-12
Hessenberg basic,994,0,0,3,1e-12,1.07724,0,2.47837e-11,3.28332e-12
Hessenberg basic,994,0,1,3,1e-12,3.5128,2.13163e-14,2.4914e-11,4.36713e-12
Hessenberg basic,995,0,0,3,1e-12,1.2112,0,4.27463e-11,3.47531e-12
Hessenberg basic,995,0,1,3,1e-12,3.40827,3.17764e-14,2.52467e-11,4.60121e-12
Hessenberg basic,996,0,0,3,1e-12,1.08606,0,2.93312e-11,3.23953e-12
Hessenberg basic,996,0,1,3,1e-12,3.35495,0,2.28327e-11,4.56902e-12
Hessenberg basic,997,0,0,3,1e-12,1.37879,0,2.29647e-11,3.28168e-12
Hessenberg basic,997,0,1,3,1e-12,3.6529,3.01458e-14,2.65677e-11,4.54308e-12
Hessenberg basic,998,0,0,3,1e-12,1.3076,0,2.16005e-11,3.19263e-12
Hessenberg basic,998,0,1,3,1e-12,3.36001,1.42109e-14,3.36213e-11,4.58913e-12
Hessenberg basic,999,0,0,3,1e-12,1.38199,0,3.38787e-11,3.27313e-12
Hessenberg basic,999,0,1,3,1e-12,3.49538,5.1238e-14,2.41982e-11,4.37649e-12
Hessenberg basic,1000,0,0,3,1e-12,1.20327,0,2.6148e-11,3.27939e-12
Hessenberg basic,1000,0,1,3,1e-12,3.71569,2.84217e-14,2.25421e-11,4.68757e-12
