version, size, hermitian, complex, seed, tol, runtime in s,min_error, max_error, avg_error
Hessenberg basic,900,0,0,5,1e-12,1.35348,0,8.11724e-11,3.77279e-12
Hessenberg basic,900,0,1,5,1e-12,2.05705,7.10543e-15,2.30291e-11,4.4371e-12
Hessenberg basic,901,0,0,5,1e-12,1.16925,0,7.9126e-11,4.12802e-12
Hessenberg basic,901,0,1,5,1e-12,3.37435,1.42109e-14,2.60013e-11,4.50646e-12
Hessenberg basic,902,0,0,5,1e-12,0.720925,0,7.93534e-11,3.92764e-12
Hessenberg basic,902,0,1,5,1e-12,3.00741,1.42109e-14,2.45285e-11,4.72346e-12
Hessenberg basic,903,0,0,5,1e-12,1.44267,0,7.32143e-11,3.93619e-12
Hessenberg basic,903,0,1,5,1e-12,1.95413,3.17764e-14,2.62223e-11,4.49546e-12
Hessenberg basic,904,0,0,5,1e-12,0.984783,0,8.10587e-11,3.65903e-12
Hessenberg basic,904,0,1,5,1e-12,3.31394,6.35529e-14,2.00247e-11,4.45341e-12
Hessenberg basic,905,0,0,5,1e-12,0.688678,0,7.88987e-11,3.76377e-12
Hessenberg basic,905,0,1,5,1e-12,2.54693,3.01981e-14,2.29301e-11,4.84208e-12
Hessenberg basic,906,0,0,5,1e-12,1.69246,0,8.36735e-11,3.8125e-12
Hessenberg basic,906,0,1,5,1e-12,2.25549,2.84217e-14,2.26438e-11,4.64959e-12
Hessenberg basic,907,0,0,5,1e-12,0.718726,0,7.63976e-11,3.84414e-12
Hessenberg basic,907,0,1,5,1e-12,3.41634,8.03887e-14,2.09035e-11,4.71885e-12
Hessenberg basic,908,0,0,5,1e-12,0.750354,0,9.02673e-11,3.88046e-12
Hessenberg basic,908,0,1,5,1e-12,2.38576,2.84217e-14,2.46742e-11,4.80331e-12
Hessenberg basic,909,0,0,5,1e-12,0.761754,0,7.42375e-11,3.69022e-12
Hessenberg basic,909,0,1,5,1e-12,2.24412,1.59872e-14,2.24456e-11,4.89878e-12
Hessenberg basic,910,0,0,5,1e-12,1.15688,0,8.00355e-11,3.60745e-12
Hessenberg basic,910,0,1,5,1e-12,2.37536,0,3.34666e-11,4.73745e-12
Hessenberg basic,911,0,0,5,1e-12,1.2613,0,8.20819e-11,3.80881e-12
Hessenberg basic,911,0,1,5,1e-12,2.73246,8.52651e-14,2.87734e-11,4.6784e-12
Hessenberg basic,912,0,0,5,1e-12,0.74698,0,7.90124e-11,3.91667e-12
Hessenberg basic,912,0,1,5,1e-12,2.93916,2.63626e-14,3.07753e-11,4.83225e-12
Hessenberg basic,913,0,0,5,1e-12,1.44469,0,8.02629e-11,4.01947e-12
Hessenberg basic,913,0,1,5,1e-12,2.52131,2.00972e-14,2.04042e-11,4.58631e-12
Hessenberg basic,914,0,0,5,1e-12,0.873007,0,8.58336e-11,3.83797e-12
Hessenberg basic,914,0,1,5,1e-12,3.31237,0,3.15689e-11,4.45092e-12
Hessenberg basic,915,0,0,5,1e-12,1.05532,0,7.7307e-11,3.75782e-12
Hessenberg basic,915,0,1,5,1e-12,2.37836,7.39325e-14,2.5466e-11,4.69783e-12
Hessenberg basic,916,0,0,5,1e-12,1.48414,0,8.16271e-11,3.99752e-12
Hessenberg basic,916,0,1,5,1e-12,2.13065,2.84217e-14,2.54884e-11,4.62776e-12
Hessenberg basic,917,0,0,5,1e-12,0.887938,0,7.75344e-11,3.66272e-12
Hessenberg basic,917,0,1,5,1e-12,3.31314,7.10543e-15,2.47499e-11,4.61543e-12
Hessenberg basic,918,0,0,5,1e-12,0.824037,0,7.70797e-11,3.9341e-12
Hessenberg basic,918,0,1,5,1e-12,2.29456,5.41425e-14,2.53529e-11,4.47602e-12
Hessenberg basic,919,0,0,5,1e-12,1.33767,0,7.74207e-11,3.70328e-12
Hessenberg basic,919,0,1,5,1e-12,3.17096,2.24693e-14,2.48328e-11,4.56577e-12
Hessenberg basic,920,0,0,5,1e-12,1.53225,0,7.58291e-11,3.63608e-12
Hessenberg basic,920,0,1,5,1e-12,2.23101,6.07088e-14,2.60303e-11,4.97062e-12
Hessenberg basic,921,0,0,5,1e-12,0.748161,0,7.46923e-11,3.6348e-12
Hessenberg basic,921,0,1,5,1e-12,3.25486,2.84217e-14,2.89087e-11,4.75846e-12
Hessenberg basic,922,0,0,5,1e-12,0.914343,0,7.24185e-11,4.18995e-12
Hessenberg basic,922,0,1,5,1e-12,3.29973,3.62307e-14,2.16761e-11,4.43355e-12
Hessenberg basic,923,0,0,5,1e-12,1.40109,0,7.86713e-11,4.29296e-12
Hessenberg basic,923,0,1,5,1e-12,3.56862,3.17764e-14,1.99429e-11,4.57607e-12
Hessenberg basic,924,0,0,5,1e-12,1.41217,0,7.92397e-11,3.53141e-12
Hessenberg basic,924,0,1,5,1e-12,3.82276,3.99187e-14,3.25099e-11,4.70503e-12
Hessenberg basic,925,0,0,5,1e-12,1.6382,0,7.62839e-11,3.64061e-12
Hessenberg basic,925,0,1,5,1e-12,3.80321,6.35529e-14,2.66174e-11,4.53632e-12
Hessenberg basic,926,0,0,5,1e-12,1.40456,0,7.99218e-11,3.91024e-12
Hessenberg basic,926,0,1,5,1e-12,3.70283,2.84217e-14,3.07291e-11,4.83774e-12
Hessenberg basic,927,0,0,5,1e-12,1.30426,0,7.42375e-11,3.96072e-12
Hessenberg basic,927,0,1,5,1e-12,3.63329,4.26326e-14,2.41241e-11,4.80204e-12
Hessenberg basic,928,0,0,5,1e-12,1.60783,0,8.56062e-11,4.11459e-12
Hessenberg basic,928,0,1,5,1e-12,4.07812,5.42298e-14,2.8575e-11,4.68618e-12
Hessenberg basic,929,0,0,5,1e-12,1.31617,0,8.60609e-11,3.71658e-12
Hessenberg basic,929,0,1,5,1e-12,3.77374,2.13163e-14,2.46488e-11,4.58903e-12
Hessenberg basic,930,0,0,5,1e-12,1.4646,0,8.36735e-11,3.96544e-12
Hessenberg basic,930,0,1,5,1e-12,3.64907,2.84217e-14,2.28363e-11,4.83747e-12
Hessenberg basic,931,0,0,5,1e-12,1.56623,0,7.68523e-11,3.78315e-12
Hessenberg basic,931,0,1,5,1e-12,4.15595,0,2.3181e-11,4.57265e-12
Hessenberg basic,932,0,0,5,1e-12,1.32108,0,7.65112e-11,3.48094e-12
Hessenberg basic,932,0,1,5,1e-12,3.55685,2.5619e-14,2.59186e-11,4.82627e-12
Hessenberg basic,933,0,0,5,1e-12,1.38104,0,7.62839e-11,3.51859e-12
Hessenberg basic,933,0,1,5,1e-12,3.964,1.06877e-13,2.47681e-11,4.71446e-12
Hessenberg basic,934,0,0,5,1e-12,1.41747,0,8.12861e-11,4.16521e-12
Hessenberg basic,934,0,1,5,1e-12,4.32499,0,2.8422e-11,4.84084e-12
Hessenberg basic,935,0,0,5,1e-12,1.50285,0,8.54925e-11,3.97028e-12
Hessenberg basic,935,0,1,5,1e-12,3.56007,2.58641e-14,2.84898e-11,4.56983e-12
Hessenberg basic,936,0,0,5,1e-12,1.48297,0,8.0604e-11,3.90593e-12
Hessenberg basic,936,0,1,5,1e-12,4.02151,5.1238e-14,2.94741e-11,4.81225e-12
Hessenberg basic,937,0,0,5,1e-12,1.48615,0,7.77618e-11,3.58415e-12
Hessenberg basic,937,0,1,5,1e-12,4.25965,0,3.26691e-11,4.64552e-12
Hessenberg basic,938,0,0,5,1e-12,1.50774,0,7.63976e-11,3.93031e-12
Hessenberg basic,938,0,1,5,1e-12,3.52527,4.54969e-14,2.9054e-11,4.89809e-12
Hessenberg basic,939,0,0,5,1e-12,1.55455,0,8.12861e-11,4.1728e-12
Hessenberg basic,939,0,1,5,1e-12,4.03342,1.42109e-14,2.29591e-11,4.68413e-12
Hessenberg basic,940,0,0,5,1e-12,1.45771,0,7.65112e-11,4.03225e-12
Hessenberg basic,940,0,1,5,1e-12,4.37687,1.5636e-13,2.63754e-11,4.77686e-12
Hessenberg basic,941,0,0,5,1e-12,1.47692,0,7.56017e-11,3.58398e-12
Hessenberg basic,941,0,1,5,1e-12,3.59774,6.15236e-14,2.10772e-11,4.65662e-12
Hessenberg basic,942,0,0,5,1e-12,1.59761,0,8.37872e-11,3.89328e-12
Hessenberg basic,942,0,1,5,1e-12,3.99358,0,2.35954e-11,4.90996e-12
Hessenberg basic,943,0,0,5,1e-12,1.50855,0,8.00355e-11,3.41863e-12
Hessenberg basic,943,0,1,5,1e-12,4.40785,6.35529e-14,2.26109e-11,4.69117e-12
Hessenberg basic,944,0,0,5,1e-12,1.41438,0,8.42419e-11,3.81373e-12
Hessenberg basic,944,0,1,5,1e-12,3.6632,0,2.72863e-11,4.69557e-12
Hessenberg basic,945,0,0,5,1e-12,1.78393,0,7.81029e-11,3.65907e-12
Hessenberg basic,945,0,1,5,1e-12,4.06934,5.68434e-14,2.4914e-11,4.5818e-12
Hessenberg basic,946,0,0,5,1e-12,1.49954,0,7.77618e-11,3.30629e-12
Hessenberg basic,946,0,1,5,1e-12,4.39677,2.84217e-14,3.44387e-11,4.74824e-12
Hessenberg basic,947,0,0,5,1e-12,1.54719,0,7.75344e-11,3.30803e-12
Hessenberg basic,947,0,1,5,1e-12,3.73927,0,2.46522e-11,4.75754e-12
Hessenberg basic,948,0,0,5,1e-12,1.77548,0,7.98082e-11,3.48173e-12
Hessenberg basic,948,0,1,5,1e-12,4.07954,2.94173e-14,2.793e-11,4.51414e-12
Hessenberg basic,949,0,0,5,1e-12,1.54388,0,7.5147e-11,3.37823e-12
Hessenberg basic,949,0,1,5,1e-12,3.82791,1.77636e-14,2.51482e-11,4.58508e-12
Hessenberg basic,950,0,0,5,1e-12,1.63616,0,7.71934e-11,3.45505e-12
Hessenberg basic,950,0,1,5,1e-12,4.56262,5.1238e-14,2.84728e-11,4.59432e-12
Hessenberg basic,951,0,0,5,1e-12,1.51976,0,7.76481e-11,3.58396e-12
Hessenberg basic,951,0,1,5,1e-12,3.64052,2.84217e-14,2.40081e-11,4.62838e-12
Hessenberg basic,952,0,0,5,1e-12,1.74361,0,7.90124e-11,3.35482e-12
Hessenberg basic,952,0,1,5,1e-12,4.12272,5.72858e-14,2.58369e-11,4.68561e-12
Hessenberg basic,953,0,0,5,1e-12,1.4092,0,7.6966e-11,3.26565e-12
Hessenberg basic,953,0,1,5,1e-12,4.51314,2.84217e-14,2.51248e-11,4.48497e-12
Hessenberg basic,954,0,0,5,1e-12,1.87768,0,7.48059e-11,3.30908e-12
Hessenberg basic,954,0,1,5,1e-12,4.07302,5.17283e-14,2.51235e-11,4.55344e-12
Hessenberg basic,955,0,0,5,1e-12,1.56087,0,7.95808e-11,3.66414e-12
Hessenberg basic,955,0,1,5,1e-12,4.00628,3.17764e-14,2.63459e-11,4.53845e-12
Hessenberg basic,956,0,0,5,1e-12,1.67459,0,7.8785e-11,3.34541e-12
Hessenberg basic,956,0,1,5,1e-12,4.16822,1.77636e-14,2.58147e-11,4.69832e-12
Hessenberg basic,957,0,0,5,1e-12,1.58038,0,8.10587e-11,3.4669e-12
Hessenberg basic,957,0,1,5,1e-12,4.73902,5.68434e-14,2.20834e-11,4.4953e-12
Hessenberg basic,958,0,0,5,1e-12,1.58712,0,7.5147e-11,3.46179e-12
Hessenberg basic,958,0,1,5,1e-12,3.74157,2.27485e-14,2.76165e-11,4.70583e-12
Hessenberg basic,959,0,0,5,1e-12,2.09844,0,8.29914e-11,3.28707e-12
Hessenberg basic,959,0,1,5,1e-12,4.23984,7.87809e-14,1.90997e-11,4.3459e-12
Hessenberg basic,960,0,0,5,1e-12,1.52365,0,7.62839e-11,3.36108e-12
Hessenberg basic,960,0,1,5,1e-12,4.67092,4.68719e-14,2.42225e-11,4.86767e-12
Hessenberg basic,961,0,0,5,1e-12,2.00633,0,7.7307e-11,3.08871e-12
Hessenberg basic,961,0,1,5,1e-12,4.21799,3.55271e-14,2.13577e-11,4.85738e-12
Hessenberg basic,962,0,0,5,1e-12,1.74122,0,7.94671e-11,3.62226e-12
Hessenberg basic,962,0,1,5,1e-12,4.07352,5.68434e-14,2.5008e-11,4.70086e-12
Hessenberg basic,963,0,0,5,1e-12,1.72724,0,7.79892e-11,3.59577e-12
Hessenberg basic,963,0,1,5,1e-12,4.37736,4.83221e-14,2.3422e-11,4.7811e-12
Hessenberg basic,964,0,0,5,1e-12,1.67241,0,7.59428e-11,3.4279e-12
Hessenberg basic,964,0,1,5,1e-12,4.64032,2.84217e-14,3.32969e-11,4.6197e-12
Hessenberg basic,965,0,0,5,1e-12,1.6901,0,7.60565e-11,3.16552e-12
Hessenberg basic,965,0,1,5,1e-12,3.74024,1.42109e-14,2.50988e-11,4.86314e-12
Hessenberg basic,966,0,0,5,1e-12,2.43211,0,8.19682e-11,3.4324e-12
Hessenberg basic,966,0,1,5,1e-12,4.373,4.01944e-14,2.43757e-11,4.78889e-12
Hessenberg basic,967,0,0,5,1e-12,1.70885,0,8.12861e-11,3.62242e-12
Hessenberg basic,967,0,1,5,1e-12,3.93215,1.43214e-14,2.37962e-11,4.83554e-12
Hessenberg basic,968,0,0,5,1e-12,1.6735,0,7.77618e-11,3.73296e-12
Hessenberg basic,968,0,1,5,1e-12,4.83999,4.76647e-14,2.30187e-11,4.91142e-12
Hessenberg basic,969,0,0,5,1e-12,1.52408,0,7.99218e-11,3.41463e-12
Hessenberg basic,969,0,1,5,1e-12,3.96271,3.17764e-14,2.60926e-11,5.05771e-12
Hessenberg basic,970,0,0,5,1e-12,2.31953,0,7.81029e-11,3.66667e-12
Hessenberg basic,970,0,1,5,1e-12,4.23702,6.13551e-14,2.12339e-11,4.56152e-12
Hessenberg basic,971,0,0,5,1e-12,1.70897,0,7.85576e-11,3.26133e-12
Hessenberg basic,971,0,1,5,1e-12,4.52235,2.00972e-14,2.45079e-11,4.54625e-12
Hessenberg basic,972,0,0,5,1e-12,2.20234,0,7.68523e-11,3.5169e-12
Hessenberg basic,972,0,1,5,1e-12,4.59358,0,2.56116e-11,4.7257e-12
Hessenberg basic,973,0,0,5,1e-12,1.80456,0,7.9126e-11,3.25452e-12
Hessenberg basic,973,0,1,5,1e-12,3.76584,4.32206e-14,2.20512e-11,4.64482e-12
Hessenberg basic,974,0,0,5,1e-12,1.92977,0,7.70797e-11,3.31588e-12
Hessenberg basic,974,0,1,5,1e-12,4.38192,0,2.91757e-11,4.66422e-12
Hessenberg basic,975,0,0,5,1e-12,1.5695,0,8.29914e-11,3.44036e-12
Hessenberg basic,975,0,1,5,1e-12,4.86634,5.68434e-14,2.13032e-11,4.64456e-12
Hessenberg basic,976,0,0,5,1e-12,2.05912,0,7.8785e-11,3.61196e-12
Hessenberg basic,976,0,1,5,1e-12,4.49814,6.07088e-14,2.57325e-11,4.84174e-12
Hessenberg basic,977,0,0,5,1e-12,1.72401,0,7.3328e-11,3.58161e-12
Hessenberg basic,977,0,1,5,1e-12,3.94342,5.42298e-14,2.47795e-11,4.64092e-12
Hessenberg basic,978,0,0,5,1e-12,1.88781,0,8.10587e-11,3.39287e-12
Hessenberg basic,978,0,1,5,1e-12,4.49722,6.19691e-14,2.20552e-11,4.80405e-12
Hessenberg basic,979,0,0,5,1e-12,1.62339,0,7.44649e-11,3.38899e-12
Hessenberg basic,979,0,1,5,1e-12,4.92667,6.99803e-14,2.56784e-11,4.91083e-12
Hessenberg basic,980,0,0,5,1e-12,1.96654,0,7.96945e-11,3.15886e-12
Hessenberg basic,980,0,1,5,1e-12,4.32359,6.20455e-14,2.62466e-11,4.59144e-12
Hessenberg basic,981,0,0,5,1e-12,1.80663,0,7.92397e-11,3.22094e-12
Hessenberg basic,981,0,1,5,1e-12,4.35205,5.82214e-14,2.86635e-11,4.76529e-12
Hessenberg basic,982,0,0,5,1e-12,1.87968,0,7.63976e-11,3.44423e-12
Hessenberg basic,982,0,1,5,1e-12,4.6388,3.17764e-14,3.09731e-11,4.80625e-12
Hessenberg basic,983,0,0,5,1e-12,1.55272,0,7.37828e-11,3.30862e-12
Hessenberg basic,983,0,1,5,1e-12,5.06441,4.32206e-14,2.31164e-11,4.48181e-12
Hessenberg basic,984,0,0,5,1e-12,1.76455,0,7.85576e-11,3.18216e-12
Hessenberg basic,984,0,1,5,1e-12,4.32133,1.42109e-14,2.27638e-11,4.6734e-12
Hessenberg basic,985,0,0,5,1e-12,1.7281,0,7.67386e-11,3.29429e-12
Hessenberg basic,985,0,1,5,1e-12,4.28846,0,2.48504e-11,4.6351e-12
Hessenberg basic,986,0,0,5,1e-12,1.791,0,7.96945e-11,3.13515e-12
Hessenberg basic,986,0,1,5,1e-12,4.72009,5.72858e-14,2.3393e-11,4.92346e-12
Hessenberg basic,987,0,0,5,1e-12,1.54347,0,7.78755e-11,3.41985e-12
Hessenberg basic,987,0,1,5,1e-12,5.14031,3.44906e-14,2.38905e-11,4.87297e-12
Hessenberg basic,988,0,0,5,1e-12,2.22846,0,8.16271e-11,3.27709e-12
Hessenberg basic,988,0,1,5,1e-12,4.77122,1.77636e-14,2.21009e-11,4.53927e-12
Hessenberg basic,989,0,0,5,1e-12,1.79904,0,7.77618e-11,3.43063e-12
Hessenberg basic,989,0,1,5,1e-12,4.05481,4.98093e-14,3.18293e-11,4.94596e-12
Hessenberg basic,990,0,0,5,1e-12,2.03718,0,8.11724e-11,3.459e-12
Hessenberg basic,990,0,1,5,1e-12,4.73723,5.68434e-14,2.48244e-11,4.67616e-12
Hessenberg basic,991,0,0,5,1e-12,1.63937,0,7.45786e-11,3.43042e-12
Hessenberg basic,991,0,1,5,1e-12,5.11015,1.42386e-14,2.60839e-11,4.55577e-12
Hessenberg basic,992,0,0,5,1e-12,2.37862,0,7.62839e-11,3.47966e-12
Hessenberg basic,992,0,1,5,1e-12,4.95828,1.42109e-14,2.38991e-11,4.80604e-12
Hessenberg basic,993,0,0,5,1e-12,1.88692,0,8.10587e-11,3.18303e-12
Hessenberg basic,993,0,1,5,1e-12,4.11408,1.58882e-14,2.76072e-11,4.6867e-12
Hessenberg basic,994,0,0,5,1e-12,2.20789,0,7.66249e-11,3.61145e-12
Hessenberg basic,994,0,1,5,1e-12,4.80555,5.68434e-14,2.45566e-11,4.54709e-12
Hessenberg basic,995,0,0,5,1e-12,1.68795,0,7.92397e-11,3.12753e-12
Hessenberg basic,995,0,1,5,1e-12,5.16166,1.42109e-14,2.10133e-11,4.58443e-12
Hessenberg basic,996,0,0,5,1e-12,2.45606,0,8.02629e-11,3.40425e-12
Hessenberg basic,996,0,1,5,1e-12,4.98375,8.31669e-14,2.49865e-11,4.65103e-12
Hessenberg basic,997,0,0,5,1e-12,1.8547,0,7.54881e-11,3.72955e-12
Hessenberg basic,997,0,1,5,1e-12,4.21314,0,2.21047e-11,4.62066e-12
Hessenberg basic,998,0,0,5,1e-12,2.47161,0,8.07177e-11,3.47164e-12
Hessenberg basic,998,0,1,5,1e-12,4.82689,0,2.53539e-11,4.56943e-12
Hessenberg basic,999,0,0,5,1e-12,1.71588,0,7.98082e-11,3.39405e-12
Hessenberg basic,999,0,1,5,1e-12,4.80746,3.66205e-14,2.4971e-11,4.62042e-12
Hessenberg basic,1000,0,0,5,1e-12,2.2165,0,7.79892e-11,3.46184e-12
Hessenberg basic,1000,0,1,5,1e-12,5.18799,3.82639e-14,2.72583e-11,4.83034e-12
