version, size, hermitian, complex, seed, tol, runtime in s,min_error, max_error, avg_error
Hessenberg basic,900,1,0,10,1e-12,0.334266,0,1.03455e-11,1.72165e-12
Hessenberg basic,900,1,1,10,1e-12,1.1395,0,1.31877e-11,1.83715e-12
Hessenberg basic,901,1,0,10,1e-12,0.34759,0,1.29603e-11,1.74275e-12
Hessenberg basic,901,1,1,10,1e-12,1.15559,0,1.19371e-11,1.85149e-12
Hessenberg basic,902,1,0,10,1e-12,0.345997,0,1.10276e-11,1.64022e-12
Hessenberg basic,902,1,1,10,1e-12,1.33005,0,1.23919e-11,1.89721e-12
Hessenberg basic,903,1,0,10,1e-12,0.395291,0,9.54969e-12,1.74352e-12
Hessenberg basic,903,1,1,10,1e-12,1.48285,0,1.53477e-11,1.83947e-12
Hessenberg basic,904,1,0,10,1e-12,0.468928,0,1.22782e-11,1.58257e-12
Hessenberg basic,904,1,1,10,1e-12,1.54415,0,1.02318e-11,1.84329e-12
Hessenberg basic,905,1,0,10,1e-12,0.468058,0,1.31877e-11,1.84046e-12
Hessenberg basic,905,1,1,10,1e-12,1.55345,0,1.25056e-11,1.91433e-12
Hessenberg basic,906,1,0,10,1e-12,0.433801,0,1.37561e-11,1.72924e-12
Hessenberg basic,906,1,1,10,1e-12,1.50063,0,1.33014e-11,1.82355e-12
Hessenberg basic,907,1,0,10,1e-12,0.412257,0,1.23919e-11,1.82677e-12
Hessenberg basic,907,1,1,10,1e-12,1.51573,0,1.37561e-11,1.72156e-12
Hessenberg basic,908,1,0,10,1e-12,0.40172,0,1.22782e-11,1.82997e-12
Hessenberg basic,908,1,1,10,1e-12,1.50454,0,1.1255e-11,1.82404e-12
Hessenberg basic,909,1,0,10,1e-12,0.499989,0,1.06866e-11,1.67348e-12
Hessenberg basic,909,1,1,10,1e-12,1.57524,0,1.3415e-11,1.89088e-12
Hessenberg basic,910,1,0,10,1e-12,0.450605,0,1.13687e-11,1.79899e-12
Hessenberg basic,910,1,1,10,1e-12,1.68526,0,1.1255e-11,1.90019e-12
Hessenberg basic,911,1,0,10,1e-12,0.502344,0,1.15961e-11,1.80583e-12
Hessenberg basic,911,1,1,10,1e-12,1.5704,0,1.7053e-11,1.92245e-12
Hessenberg basic,912,1,0,10,1e-12,0.447898,0,1.09139e-11,1.69186e-12
Hessenberg basic,912,1,1,10,1e-12,1.52903,0,1.01181e-11,1.89184e-12
Hessenberg basic,913,1,0,10,1e-12,0.43997,0,1.13687e-11,1.80497e-12
Hessenberg basic,913,1,1,10,1e-12,1.53335,0,1.13687e-11,1.88718e-12
Hessenberg basic,914,1,0,10,1e-12,0.46728,0,1.3415e-11,1.79493e-12
Hessenberg basic,914,1,1,10,1e-12,1.63423,0,1.61435e-11,1.9049e-12
Hessenberg basic,915,1,0,10,1e-12,0.466529,0,1.36424e-11,1.75406e-12
Hessenberg basic,915,1,1,10,1e-12,1.61311,0,1.10276e-11,1.88177e-12
Hessenberg basic,916,1,0,10,1e-12,0.496353,0,1.15961e-11,1.84205e-12
Hessenberg basic,916,1,1,10,1e-12,1.61287,0,1.55751e-11,1.82425e-12
Hessenberg basic,917,1,0,10,1e-12,0.49651,0,1.11413e-11,1.84221e-12
Hessenberg basic,917,1,1,10,1e-12,1.61091,0,1.11413e-11,1.87119e-12
Hessenberg basic,918,1,0,10,1e-12,0.514744,0,1.35287e-11,1.96677e-12
Hessenberg basic,918,1,1,10,1e-12,1.56003,0,1.15961e-11,1.97043e-12
Hessenberg basic,919,1,0,10,1e-12,0.437604,0,1.23919e-11,1.82101e-12
Hessenberg basic,919,1,1,10,1e-12,1.58651,0,1.39835e-11,1.91574e-12
Hessenberg basic,920,1,0,10,1e-12,0.464821,0,1.26192e-11,1.72452e-12
Hessenberg basic,920,1,1,10,1e-12,1.62448,0,1.40972e-11,1.88686e-12
Hessenberg basic,921,1,0,10,1e-12,0.435992,0,1.8872e-11,1.78673e-12
Hessenberg basic,921,1,1,10,1e-12,1.59512,0,1.31877e-11,2.00128e-12
Hessenberg basic,922,1,0,10,1e-12,0.4388,0,1.25056e-11,1.84437e-12
Hessenberg basic,922,1,1,10,1e-12,1.58485,0,1.06866e-11,1.96433e-12
Hessenberg basic,923,1,0,10,1e-12,0.434426,0,9.77707e-12,1.77813e-12
Hessenberg basic,923,1,1,10,1e-12,1.59601,0,1.36424e-11,1.86655e-12
Hessenberg basic,924,1,0,10,1e-12,0.429606,0,1.36424e-11,1.81466e-12
Hessenberg basic,924,1,1,10,1e-12,1.58253,0,1.29603e-11,1.9842e-12
Hessenberg basic,925,1,0,10,1e-12,0.498377,0,1.19371e-11,1.89708e-12
Hessenberg basic,925,1,1,10,1e-12,1.56489,0,1.22782e-11,1.76354e-12
Hessenberg basic,926,1,0,10,1e-12,0.428325,0,1.1255e-11,1.72603e-12
Hessenberg basic,926,1,1,10,1e-12,1.62964,0,1.3074e-11,1.90518e-12
Hessenberg basic,927,1,0,10,1e-12,0.471009,0,1.13687e-11,1.79022e-12
Hessenberg basic,927,1,1,10,1e-12,1.56936,0,1.65983e-11,1.93994e-12
Hessenberg basic,928,1,0,10,1e-12,0.429228,0,1.40972e-11,1.81935e-12
Hessenberg basic,928,1,1,10,1e-12,1.5733,0,1.03455e-11,1.81488e-12
Hessenberg basic,929,1,0,10,1e-12,0.432249,0,1.3415e-11,1.68331e-12
Hessenberg basic,929,1,1,10,1e-12,1.62122,0,1.63709e-11,2.03289e-12
Hessenberg basic,930,1,0,10,1e-12,0.448151,0,1.61435e-11,1.78144e-12
Hessenberg basic,930,1,1,10,1e-12,1.60639,0,1.22782e-11,1.7976e-12
Hessenberg basic,931,1,0,10,1e-12,0.463874,0,9.77707e-12,1.706e-12
Hessenberg basic,931,1,1,10,1e-12,1.62697,0,1.06866e-11,1.82868e-12
Hessenberg basic,932,1,0,10,1e-12,0.474467,0,1.23919e-11,1.84749e-12
Hessenberg basic,932,1,1,10,1e-12,1.78282,0,1.3415e-11,1.74287e-12
Hessenberg basic,933,1,0,10,1e-12,0.502966,0,9.32232e-12,1.71136e-12
Hessenberg basic,933,1,1,10,1e-12,1.6306,0,1.1255e-11,1.92237e-12
Hessenberg basic,934,1,0,10,1e-12,0.447318,0,1.26192e-11,1.69684e-12
Hessenberg basic,934,1,1,10,1e-12,1.6347,0,1.40972e-11,1.94851e-12
Hessenberg basic,935,1,0,10,1e-12,0.452334,0,1.03455e-11,1.69213e-12
Hessenberg basic,935,1,1,10,1e-12,1.68092,0,1.29603e-11,1.90535e-12
Hessenberg basic,936,1,0,10,1e-12,0.525222,0,1.3415e-11,1.70093e-12
Hessenberg basic,936,1,1,10,1e-12,1.62374,0,1.23919e-11,1.85481e-12
Hessenberg basic,937,1,0,10,1e-12,0.463275,0,1.22782e-11,1.91322e-12
Hessenberg basic,937,1,1,10,1e-12,1.64489,0,1.78488e-11,1.94435e-12
Hessenberg basic,938,1,0,10,1e-12,0.447973,0,1.17097e-11,1.71128e-12
Hessenberg basic,938,1,1,10,1e-12,1.63113,0,1.55751e-11,1.94481e-12
Hessenberg basic,939,1,0,10,1e-12,0.45405,0,1.22782e-11,1.76657e-12
Hessenberg basic,939,1,1,10,1e-12,1.82508,0,1.42109e-11,1.90654e-12
Hessenberg basic,940,1,0,10,1e-12,0.559896,0,1.19371e-11,1.76069e-12
Hessenberg basic,940,1,1,10,1e-12,1.83825,0,1.15961e-11,1.99071e-12
Hessenberg basic,941,1,0,10,1e-12,0.519688,0,1.1255e-11,1.70993e-12
Hessenberg basic,941,1,1,10,1e-12,1.69892,0,1.69393e-11,1.84135e-12
Hessenberg basic,942,1,0,10,1e-12,0.509188,0,1.15961e-11,1.71774e-12
Hessenberg basic,942,1,1,10,1e-12,1.68596,0,1.3415e-11,1.84569e-12
Hessenberg basic,943,1,0,10,1e-12,0.532779,0,1.31877e-11,1.81775e-12
Hessenberg basic,943,1,1,10,1e-12,1.7048,0,1.28466e-11,1.81185e-12
Hessenberg basic,944,1,0,10,1e-12,0.50523,0,1.51203e-11,1.81336e-12
Hessenberg basic,944,1,1,10,1e-12,1.86733,0,1.18234e-11,1.91498e-12
Hessenberg basic,945,1,0,10,1e-12,0.496931,0,9.54969e-12,1.75778e-12
Hessenberg basic,945,1,1,10,1e-12,1.69828,0,1.00044e-11,1.6955e-12
Hessenberg basic,946,1,0,10,1e-12,0.492319,0,1.80762e-11,1.7301e-12
Hessenberg basic,946,1,1,10,1e-12,1.7837,0,1.37561e-11,1.9277e-12
Hessenberg basic,947,1,0,10,1e-12,0.495147,0,1.37561e-11,1.82877e-12
Hessenberg basic,947,1,1,10,1e-12,1.75581,0,1.09139e-11,1.84013e-12
Hessenberg basic,948,1,0,10,1e-12,0.536751,0,9.66338e-12,1.69631e-12
Hessenberg basic,948,1,1,10,1e-12,1.88724,0,1.45519e-11,2.04504e-12
Hessenberg basic,949,1,0,10,1e-12,0.562443,0,9.77707e-12,1.77102e-12
Hessenberg basic,949,1,1,10,1e-12,1.80513,0,1.26192e-11,1.8126e-12
Hessenberg basic,950,1,0,10,1e-12,0.530093,0,1.1255e-11,1.75708e-12
Hessenberg basic,950,1,1,10,1e-12,1.74664,0,9.89075e-12,1.75462e-12
Hessenberg basic,951,1,0,10,1e-12,0.513835,0,1.22782e-11,1.85229e-12
Hessenberg basic,951,1,1,10,1e-12,1.80972,0,1.78488e-11,1.85604e-12
Hessenberg basic,952,1,0,10,1e-12,0.546141,0,1.05729e-11,1.61661e-12
Hessenberg basic,952,1,1,10,1e-12,1.85355,0,1.65983e-11,1.75429e-12
Hessenberg basic,953,1,0,10,1e-12,0.527772,0,1.04592e-11,1.83639e-12
Hessenberg basic,953,1,1,10,1e-12,1.7609,0,1.38698e-11,1.95412e-12
Hessenberg basic,954,1,0,10,1e-12,0.546692,0,1.09139e-11,1.75523e-12
Hessenberg basic,954,1,1,10,1e-12,1.80119,0,1.22782e-11,1.74728e-12
Hessenberg basic,955,1,0,10,1e-12,0.572659,0,1.23919e-11,1.73647e-12
Hessenberg basic,955,1,1,10,1e-12,1.79535,0,1.11413e-11,1.83255e-12
Hessenberg basic,956,1,0,10,1e-12,0.589405,0,1.22782e-11,1.74475e-12
Hessenberg basic,956,1,1,10,1e-12,1.89105,0,1.39835e-11,1.83575e-12
Hessenberg basic,957,1,0,10,1e-12,0.539928,0,1.28466e-11,1.77345e-12
Hessenberg basic,957,1,1,10,1e-12,1.88126,0,1.3074e-11,2.04688e-12
Hessenberg basic,958,1,0,10,1e-12,0.530324,0,9.54969e-12,1.79777e-12
Hessenberg basic,958,1,1,10,1e-12,1.77582,0,1.23919e-11,1.88715e-12
Hessenberg basic,959,1,0,10,1e-12,0.520938,0,1.23919e-11,1.80388e-12
Hessenberg basic,959,1,1,10,1e-12,1.88167,0,1.46656e-11,1.91874e-12
Hessenberg basic,960,1,0,10,1e-12,0.525351,0,1.15961e-11,1.72525e-12
Hessenberg basic,960,1,1,10,1e-12,1.78542,0,9.77707e-12,1.8787e-12
Hessenberg basic,961,1,0,10,1e-12,0.550778,0,1.1255e-11,1.73042e-12
Hessenberg basic,961,1,1,10,1e-12,1.82348,0,1.35287e-11,1.8867e-12
Hessenberg basic,962,1,0,10,1e-12,0.559628,0,1.04592e-11,1.74889e-12
Hessenberg basic,962,1,1,10,1e-12,1.89074,0,1.38698e-11,1.94541e-12
Hessenberg basic,963,1,0,10,1e-12,0.583288,0,1.23919e-11,1.6897e-12
Hessenberg basic,963,1,1,10,1e-12,1.85393,0,1.04592e-11,1.86644e-12
Hessenberg basic,964,1,0,10,1e-12,0.767797,0,1.3415e-11,1.76567e-12
Hessenberg basic,964,1,1,10,1e-12,1.90946,0,1.26192e-11,1.96507e-12
Hessenberg basic,965,1,0,10,1e-12,0.614759,0,1.55751e-11,1.85225e-12
Hessenberg basic,965,1,1,10,1e-12,2.18357,0,1.13687e-11,1.99235e-12
Hessenberg basic,966,1,0,10,1e-12,0.572923,0,1.02318e-11,1.81139e-12
Hessenberg basic,966,1,1,10,1e-12,1.90058,0,1.7053e-11,1.93922e-12
Hessenberg basic,967,1,0,10,1e-12,0.596715,0,1.3074e-11,1.76203e-12
Hessenberg basic,967,1,1,10,1e-12,1.87937,0,1.46656e-11,1.85917e-12
Hessenberg basic,968,1,0,10,1e-12,0.569623,0,1.44382e-11,1.78574e-12
Hessenberg basic,968,1,1,10,1e-12,1.85731,0,1.22782e-11,1.96733e-12
Hessenberg basic,969,1,0,10,1e-12,0.596857,0,1.17097e-11,1.86189e-12
Hessenberg basic,969,1,1,10,1e-12,1.87053,0,1.09139e-11,1.87516e-12
Hessenberg basic,970,1,0,10,1e-12,0.574135,0,1.35287e-11,1.71896e-12
Hessenberg basic,970,1,1,10,1e-12,1.89155,0,1.45519e-11,1.97316e-12
Hessenberg basic,971,1,0,10,1e-12,0.641646,0,1.78488e-11,1.68253e-12
Hessenberg basic,971,1,1,10,1e-12,1.91245,0,1.01181e-11,1.88939e-12
Hessenberg basic,972,1,0,10,1e-12,0.643922,0,1.33014e-11,1.74263e-12
Hessenberg basic,972,1,1,10,1e-12,1.95593,0,1.38698e-11,1.95722e-12
Hessenberg basic,973,1,0,10,1e-12,0.658239,0,1.20508e-11,1.75313e-12
Hessenberg basic,973,1,1,10,1e-12,1.97154,0,1.35287e-11,1.90155e-12
Hessenberg basic,974,1,0,10,1e-12,0.70859,0,1.39835e-11,1.82222e-12
Hessenberg basic,974,1,1,10,1e-12,1.92255,0,1.29603e-11,2.03502e-12
Hessenberg basic,975,1,0,10,1e-12,0.673987,0,1.02318e-11,1.78309e-12
Hessenberg basic,975,1,1,10,1e-12,1.94413,0,9.89075e-12,1.80154e-12
Hessenberg basic,976,1,0,10,1e-12,0.654056,0,1.00044e-11,1.77249e-12
Hessenberg basic,976,1,1,10,1e-12,1.94254,0,1.18234e-11,1.91188e-12
Hessenberg basic,977,1,0,10,1e-12,0.667242,0,1.42109e-11,1.81955e-12
Hessenberg basic,977,1,1,10,1e-12,1.94761,0,1.65983e-11,2.08855e-12
Hessenberg basic,978,1,0,10,1e-12,0.661162,0,1.22782e-11,1.73041e-12
Hessenberg basic,978,1,1,10,1e-12,1.97782,0,1.3074e-11,1.88317e-12
Hessenberg basic,979,1,0,10,1e-12,0.706422,0,1.10276e-11,1.78972e-12
Hessenberg basic,979,1,1,10,1e-12,2.06329,0,1.08002e-11,1.80185e-12
Hessenberg basic,980,1,0,10,1e-12,0.671851,0,1.06866e-11,1.72765e-12
Hessenberg basic,980,1,1,10,1e-12,2.43412,0,1.21645e-11,1.84052e-12
Hessenberg basic,981,1,0,10,1e-12,0.734758,0,1.36424e-11,1.84634e-12
Hessenberg basic,981,1,1,10,1e-12,2.23137,0,1.43245e-11,1.87703e-12
Hessenberg basic,982,1,0,10,1e-12,1.03198,0,1.14824e-11,1.81987e-12
Hessenberg basic,982,1,1,10,1e-12,2.05081,0,1.4893e-11,1.95194e-12
Hessenberg basic,983,1,0,10,1e-12,0.644023,0,1.25056e-11,1.81323e-12
Hessenberg basic,983,1,1,10,1e-12,2.00593,0,1.7053e-11,1.99356e-12
Hessenberg basic,984,1,0,10,1e-12,0.664076,0,1.64846e-11,1.81071e-12
Hessenberg basic,984,1,1,10,1e-12,2.00064,0,1.39835e-11,1.87975e-12
Hessenberg basic,985,1,0,10,1e-12,0.707343,0,1.61435e-11,1.93745e-12
Hessenberg basic,985,1,1,10,1e-12,1.97488,0,1.03455e-11,1.90407e-12
Hessenberg basic,986,1,0,10,1e-12,0.627934,0,1.08002e-11,1.8007e-12
Hessenberg basic,986,1,1,10,1e-12,2.16731,0,1.39835e-11,1.97599e-12
Hessenberg basic,987,1,0,10,1e-12,0.840136,0,1.10276e-11,1.87797e-12
Hessenberg basic,987,1,1,10,1e-12,2.72554,0,1.96678e-11,1.91586e-12
Hessenberg basic,988,1,0,10,1e-12,0.778107,0,1.01181e-11,1.81315e-12
Hessenberg basic,988,1,1,10,1e-12,2.15591,0,1.75078e-11,1.80019e-12
Hessenberg basic,989,1,0,10,1e-12,0.661168,0,1.17097e-11,1.71571e-12
Hessenberg basic,989,1,1,10,1e-12,2.07683,0,1.53477e-11,1.92653e-12
Hessenberg basic,990,1,0,10,1e-12,0.725239,0,9.89075e-12,1.71861e-12
Hessenberg basic,990,1,1,10,1e-12,2.04751,0,1.36424e-11,1.99862e-12
Hessenberg basic,991,1,0,10,1e-12,0.67055,0,1.38698e-11,1.85663e-12
Hessenberg basic,991,1,1,10,1e-12,2.04003,0,1.09139e-11,1.85509e-12
Hessenberg basic,992,1,0,10,1e-12,0.676412,0,1.18234e-11,1.8364e-12
Hessenberg basic,992,1,1,10,1e-12,2.06746,0,1.25056e-11,1.95318e-12
Hessenberg basic,993,1,0,10,1e-12,0.836546,0,9.89075e-12,1.78506e-12
Hessenberg basic,993,1,1,10,1e-12,2.06465,0,1.23919e-11,1.92219e-12
Hessenberg basic,994,1,0,10,1e-12,0.771258,0,1.65983e-11,1.82243e-12
Hessenberg basic,994,1,1,10,1e-12,2.15374,0,1.40972e-11,1.97118e-12
Hessenberg basic,995,1,0,10,1e-12,0.634459,0,1.13687e-11,1.88536e-12
Hessenberg basic,995,1,1,10,1e-12,2.19745,0,1.3074e-11,1.85097e-12
Hessenberg basic,996,1,0,10,1e-12,0.665693,0,1.38698e-11,1.85541e-12
Hessenberg basic,996,1,1,10,1e-12,2.21786,0,1.28466e-11,1.79184e-12
Hessenberg basic,997,1,0,10,1e-12,0.649736,0,1.31877e-11,2.01502e-12
Hessenberg basic,997,1,1,10,1e-12,2.03282,0,1.38698e-11,1.88417e-12
Hessenberg basic,998,1,0,10,1e-12,0.761839,0,1.22782e-11,1.89668e-12
Hessenberg basic,998,1,1,10,1e-12,2.14547,0,1.11413e-11,1.77118e-12
Hessenberg basic,999,1,0,10,1e-12,0.619141,0,1.28466e-11,1.89496e-12
Hessenberg basic,999,1,1,10,1e-12,2.04825,0,1.86446e-11,1.89045e-12
Hessenberg basic,1000,1,0,10,1e-12,0.677802,0,1.27329e-11,1.84719e-12
Hessenberg basic,1000,1,1,10,1e-12,2.03813,0,1.20508e-11,1.89162e-12
