version, size, hermitian, complex, seed, tol, runtime in s,min_error, max_error, avg_error
Hessenberg basic,900,1,0,9,1e-12,0.338226,0,1.43245e-11,1.70013e-12
Hessenberg basic,900,1,1,9,1e-12,1.1597,0,1.25056e-11,1.80653e-12
Hessenberg basic,901,1,0,9,1e-12,0.346772,0,1.22782e-11,1.83543e-12
Hessenberg basic,901,1,1,9,1e-12,1.16345,0,1.27329e-11,1.78425e-12
Hessenberg basic,902,1,0,9,1e-12,0.3505,0,1.38698e-11,1.74328e-12
Hessenberg basic,902,1,1,9,1e-12,1.30582,0,1.45519e-11,1.84421e-12
Hessenberg basic,903,1,0,9,1e-12,0.377231,0,1.09139e-11,1.75055e-12
Hessenberg basic,903,1,1,9,1e-12,1.45639,0,1.44382e-11,1.79703e-12
Hessenberg basic,904,1,0,9,1e-12,0.445912,0,1.26192e-11,1.78993e-12
Hessenberg basic,904,1,1,9,1e-12,1.52643,0,9.66338e-12,1.84742e-12
Hessenberg basic,905,1,0,9,1e-12,0.509714,0,1.13687e-11,1.84401e-12
Hessenberg basic,905,1,1,9,1e-12,1.57105,0,9.54969e-12,1.78372e-12
Hessenberg basic,906,1,0,9,1e-12,0.46975,0,1.18234e-11,1.69946e-12
Hessenberg basic,906,1,1,9,1e-12,1.52353,0,1.11413e-11,1.85172e-12
Hessenberg basic,907,1,0,9,1e-12,0.459433,0,1.31877e-11,1.83152e-12
Hessenberg basic,907,1,1,9,1e-12,1.54156,0,1.3074e-11,1.99931e-12
Hessenberg basic,908,1,0,9,1e-12,0.446082,0,1.06866e-11,1.80761e-12
Hessenberg basic,908,1,1,9,1e-12,1.52667,0,1.65983e-11,2.02537e-12
Hessenberg basic,909,1,0,9,1e-12,0.541764,0,1.19371e-11,1.81379e-12
Hessenberg basic,909,1,1,9,1e-12,1.60156,0,1.3074e-11,1.90383e-12
Hessenberg basic,910,1,0,9,1e-12,0.498691,0,8.75389e-12,1.7426e-12
Hessenberg basic,910,1,1,9,1e-12,1.68149,0,1.08002e-11,1.89384e-12
Hessenberg basic,911,1,0,9,1e-12,0.575447,0,1.00044e-11,1.76516e-12
Hessenberg basic,911,1,1,9,1e-12,1.60345,0,1.19371e-11,1.88763e-12
Hessenberg basic,912,1,0,9,1e-12,0.489513,0,1.35287e-11,1.7632e-12
Hessenberg basic,912,1,1,9,1e-12,1.55349,0,1.42109e-11,1.81677e-12
Hessenberg basic,913,1,0,9,1e-12,0.484776,0,1.38698e-11,1.80662e-12
Hessenberg basic,913,1,1,9,1e-12,1.56357,0,1.15961e-11,1.7004e-12
Hessenberg basic,914,1,0,9,1e-12,0.497963,0,1.13687e-11,1.73987e-12
Hessenberg basic,914,1,1,9,1e-12,1.70086,0,1.38698e-11,2.01843e-12
Hessenberg basic,915,1,0,9,1e-12,0.524816,0,1.89857e-11,1.70065e-12
Hessenberg basic,915,1,1,9,1e-12,1.65432,0,1.38698e-11,1.96142e-12
Hessenberg basic,916,1,0,9,1e-12,0.544431,0,9.89075e-12,1.68764e-12
Hessenberg basic,916,1,1,9,1e-12,1.65583,0,1.81899e-11,2.00899e-12
Hessenberg basic,917,1,0,9,1e-12,0.549921,0,1.25056e-11,1.86218e-12
Hessenberg basic,917,1,1,9,1e-12,1.65287,0,1.55751e-11,2.00859e-12
Hessenberg basic,918,1,0,9,1e-12,0.516964,0,1.33014e-11,1.73643e-12
Hessenberg basic,918,1,1,9,1e-12,1.58578,0,1.42109e-11,1.95215e-12
Hessenberg basic,919,1,0,9,1e-12,0.477046,0,1.28466e-11,1.85279e-12
Hessenberg basic,919,1,1,9,1e-12,1.60834,0,1.19371e-11,1.77631e-12
Hessenberg basic,920,1,0,9,1e-12,0.483739,0,1.64846e-11,1.65825e-12
Hessenberg basic,920,1,1,9,1e-12,1.69178,0,1.11413e-11,1.85208e-12
Hessenberg basic,921,1,0,9,1e-12,0.466851,0,1.28466e-11,1.69695e-12
Hessenberg basic,921,1,1,9,1e-12,1.62845,0,1.14824e-11,1.95417e-12
Hessenberg basic,922,1,0,9,1e-12,0.463368,0,1.18234e-11,1.67931e-12
Hessenberg basic,922,1,1,9,1e-12,1.61219,0,1.61435e-11,1.80124e-12
Hessenberg basic,923,1,0,9,1e-12,0.438243,0,1.50067e-11,1.59027e-12
Hessenberg basic,923,1,1,9,1e-12,1.60932,0,1.29603e-11,1.81214e-12
Hessenberg basic,924,1,0,9,1e-12,0.418244,0,1.3074e-11,1.89396e-12
Hessenberg basic,924,1,1,9,1e-12,1.59664,0,1.05729e-11,1.73552e-12
Hessenberg basic,925,1,0,9,1e-12,0.470701,0,1.97815e-11,1.69882e-12
Hessenberg basic,925,1,1,9,1e-12,1.59823,0,1.31877e-11,1.84555e-12
Hessenberg basic,926,1,0,9,1e-12,0.465403,0,1.18234e-11,1.78907e-12
Hessenberg basic,926,1,1,9,1e-12,1.66917,0,1.7053e-11,2.06043e-12
Hessenberg basic,927,1,0,9,1e-12,0.440013,0,1.26192e-11,1.66106e-12
Hessenberg basic,927,1,1,9,1e-12,1.5976,0,1.13687e-11,1.82495e-12
Hessenberg basic,928,1,0,9,1e-12,0.429697,0,1.19371e-11,1.78466e-12
Hessenberg basic,928,1,1,9,1e-12,1.64415,0,1.15961e-11,1.8156e-12
Hessenberg basic,929,1,0,9,1e-12,0.444302,0,1.14824e-11,1.6799e-12
Hessenberg basic,929,1,1,9,1e-12,1.65314,0,1.09139e-11,1.73089e-12
Hessenberg basic,930,1,0,9,1e-12,0.479783,0,1.3415e-11,1.6729e-12
Hessenberg basic,930,1,1,9,1e-12,1.63032,0,1.27329e-11,1.90629e-12
Hessenberg basic,931,1,0,9,1e-12,0.500326,0,1.10276e-11,1.67694e-12
Hessenberg basic,931,1,1,9,1e-12,1.66179,0,1.3074e-11,1.80987e-12
Hessenberg basic,932,1,0,9,1e-12,0.511728,0,1.1255e-11,1.64503e-12
Hessenberg basic,932,1,1,9,1e-12,1.73659,0,1.17097e-11,1.81936e-12
Hessenberg basic,933,1,0,9,1e-12,0.454165,0,1.43245e-11,1.95956e-12
Hessenberg basic,933,1,1,9,1e-12,1.65308,0,1.3415e-11,1.9373e-12
Hessenberg basic,934,1,0,9,1e-12,0.439984,0,1.1255e-11,1.80852e-12
Hessenberg basic,934,1,1,9,1e-12,1.64593,0,1.22782e-11,1.86314e-12
Hessenberg basic,935,1,0,9,1e-12,0.478108,0,1.33014e-11,1.85756e-12
Hessenberg basic,935,1,1,9,1e-12,1.671,0,1.45519e-11,1.80229e-12
Hessenberg basic,936,1,0,9,1e-12,0.58338,0,1.14824e-11,1.7546e-12
Hessenberg basic,936,1,1,9,1e-12,1.65732,0,1.09139e-11,1.83357e-12
Hessenberg basic,937,1,0,9,1e-12,0.47922,0,1.4893e-11,1.71316e-12
Hessenberg basic,937,1,1,9,1e-12,1.67481,0,9.09495e-12,1.74322e-12
Hessenberg basic,938,1,0,9,1e-12,0.45581,0,1.18234e-11,1.72519e-12
Hessenberg basic,938,1,1,9,1e-12,1.65659,0,1.08002e-11,1.75089e-12
Hessenberg basic,939,1,0,9,1e-12,0.474633,0,1.22782e-11,1.83619e-12
Hessenberg basic,939,1,1,9,1e-12,1.93589,0,1.19371e-11,1.8345e-12
Hessenberg basic,940,1,0,9,1e-12,0.633294,0,8.98126e-12,1.75613e-12
Hessenberg basic,940,1,1,9,1e-12,1.88548,0,1.44382e-11,1.87124e-12
Hessenberg basic,941,1,0,9,1e-12,0.560281,0,1.22782e-11,1.72954e-12
Hessenberg basic,941,1,1,9,1e-12,1.7213,0,1.60298e-11,1.85634e-12
Hessenberg basic,942,1,0,9,1e-12,0.550924,0,1.10276e-11,1.65099e-12
Hessenberg basic,942,1,1,9,1e-12,1.71239,0,1.09139e-11,1.95269e-12
Hessenberg basic,943,1,0,9,1e-12,0.574752,0,9.09495e-12,1.71128e-12
Hessenberg basic,943,1,1,9,1e-12,1.73617,0,1.15961e-11,2.01776e-12
Hessenberg basic,944,1,0,9,1e-12,0.553918,0,1.45519e-11,1.80224e-12
Hessenberg basic,944,1,1,9,1e-12,1.89107,0,1.8531e-11,1.95228e-12
Hessenberg basic,945,1,0,9,1e-12,0.533004,0,1.35287e-11,1.8074e-12
Hessenberg basic,945,1,1,9,1e-12,1.73529,0,1.61435e-11,1.78805e-12
Hessenberg basic,946,1,0,9,1e-12,0.502464,0,1.20508e-11,1.69583e-12
Hessenberg basic,946,1,1,9,1e-12,1.78494,0,1.63709e-11,1.78383e-12
Hessenberg basic,947,1,0,9,1e-12,0.539368,0,1.01181e-11,1.64125e-12
Hessenberg basic,947,1,1,9,1e-12,1.79732,0,1.22782e-11,1.87026e-12
Hessenberg basic,948,1,0,9,1e-12,0.591122,0,1.29603e-11,1.7192e-12
Hessenberg basic,948,1,1,9,1e-12,1.91876,0,1.13687e-11,2.02277e-12
Hessenberg basic,949,1,0,9,1e-12,0.602388,0,1.22782e-11,1.7488e-12
Hessenberg basic,949,1,1,9,1e-12,1.81565,0,1.60298e-11,1.88504e-12
Hessenberg basic,950,1,0,9,1e-12,0.570743,0,1.33014e-11,1.81975e-12
Hessenberg basic,950,1,1,9,1e-12,1.78976,0,1.31877e-11,1.8763e-12
Hessenberg basic,951,1,0,9,1e-12,0.547824,0,1.37561e-11,1.81607e-12
Hessenberg basic,951,1,1,9,1e-12,1.88857,0,1.42109e-11,1.92124e-12
Hessenberg basic,952,1,0,9,1e-12,0.562981,0,1.40972e-11,1.76827e-12
Hessenberg basic,952,1,1,9,1e-12,1.88437,0,1.54614e-11,1.88274e-12
Hessenberg basic,953,1,0,9,1e-12,0.557301,0,1.22782e-11,1.76614e-12
Hessenberg basic,953,1,1,9,1e-12,1.79528,0,1.3415e-11,2.04527e-12
Hessenberg basic,954,1,0,9,1e-12,0.569041,0,1.26192e-11,1.6923e-12
Hessenberg basic,954,1,1,9,1e-12,1.831,0,1.15961e-11,1.86126e-12
Hessenberg basic,955,1,0,9,1e-12,0.61764,0,1.62572e-11,1.80674e-12
Hessenberg basic,955,1,1,9,1e-12,1.83367,0,1.79625e-11,1.79246e-12
Hessenberg basic,956,1,0,9,1e-12,0.596818,0,1.3415e-11,1.79849e-12
Hessenberg basic,956,1,1,9,1e-12,1.94881,0,1.22782e-11,1.81428e-12
Hessenberg basic,957,1,0,9,1e-12,0.567342,0,1.6712e-11,1.86684e-12
Hessenberg basic,957,1,1,9,1e-12,1.85829,0,1.18234e-11,1.90279e-12
Hessenberg basic,958,1,0,9,1e-12,0.563915,0,1.33014e-11,1.80339e-12
Hessenberg basic,958,1,1,9,1e-12,1.80922,0,1.36424e-11,1.73561e-12
Hessenberg basic,959,1,0,9,1e-12,0.54707,0,1.02318e-11,1.84045e-12
Hessenberg basic,959,1,1,9,1e-12,1.91547,0,1.25056e-11,1.84498e-12
Hessenberg basic,960,1,0,9,1e-12,0.562521,0,1.01181e-11,1.70235e-12
Hessenberg basic,960,1,1,9,1e-12,1.83558,0,1.56888e-11,2.02988e-12
Hessenberg basic,961,1,0,9,1e-12,0.59641,0,1.27329e-11,1.83854e-12
Hessenberg basic,961,1,1,9,1e-12,1.86632,0,1.76215e-11,1.97755e-12
Hessenberg basic,962,1,0,9,1e-12,0.599426,0,1.5234e-11,1.77999e-12
Hessenberg basic,962,1,1,9,1e-12,1.93456,0,1.23919e-11,2.03839e-12
Hessenberg basic,963,1,0,9,1e-12,0.631928,0,1.61435e-11,1.77136e-12
Hessenberg basic,963,1,1,9,1e-12,1.86895,0,1.33014e-11,1.85293e-12
Hessenberg basic,964,1,0,9,1e-12,0.894779,0,1.8531e-11,1.79281e-12
Hessenberg basic,964,1,1,9,1e-12,1.91358,0,1.43245e-11,1.95426e-12
Hessenberg basic,965,1,0,9,1e-12,0.686032,0,1.1255e-11,1.93206e-12
Hessenberg basic,965,1,1,9,1e-12,2.24156,0,1.06866e-11,1.84895e-12
Hessenberg basic,966,1,0,9,1e-12,0.618807,0,9.54969e-12,1.80891e-12
Hessenberg basic,966,1,1,9,1e-12,1.9704,0,1.31877e-11,1.84173e-12
Hessenberg basic,967,1,0,9,1e-12,0.685231,0,1.46656e-11,1.67923e-12
Hessenberg basic,967,1,1,9,1e-12,1.91457,0,1.42109e-11,1.79103e-12
Hessenberg basic,968,1,0,9,1e-12,0.622539,0,1.27329e-11,1.8368e-12
Hessenberg basic,968,1,1,9,1e-12,1.91707,0,1.40972e-11,1.81209e-12
Hessenberg basic,969,1,0,9,1e-12,0.64724,0,1.01181e-11,1.84434e-12
Hessenberg basic,969,1,1,9,1e-12,1.92421,0,1.36424e-11,2.00424e-12
Hessenberg basic,970,1,0,9,1e-12,0.625997,0,1.5234e-11,1.83567e-12
Hessenberg basic,970,1,1,9,1e-12,1.93624,0,1.31877e-11,1.76375e-12
Hessenberg basic,971,1,0,9,1e-12,0.705014,0,1.36424e-11,1.78469e-12
Hessenberg basic,971,1,1,9,1e-12,1.95176,0,1.17097e-11,1.82253e-12
Hessenberg basic,972,1,0,9,1e-12,0.697907,0,1.45519e-11,1.87789e-12
Hessenberg basic,972,1,1,9,1e-12,1.98435,0,1.3074e-11,1.97214e-12
Hessenberg basic,973,1,0,9,1e-12,0.714082,0,1.13687e-11,1.78054e-12
Hessenberg basic,973,1,1,9,1e-12,2.0079,0,1.45519e-11,1.97848e-12
Hessenberg basic,974,1,0,9,1e-12,0.732481,0,1.4893e-11,1.71115e-12
Hessenberg basic,974,1,1,9,1e-12,1.96668,0,1.94404e-11,1.90804e-12
Hessenberg basic,975,1,0,9,1e-12,0.729728,0,1.06866e-11,1.75364e-12
Hessenberg basic,975,1,1,9,1e-12,1.98573,0,1.40972e-11,1.82158e-12
Hessenberg basic,976,1,0,9,1e-12,0.696321,0,1.54614e-11,1.87452e-12
Hessenberg basic,976,1,1,9,1e-12,1.98797,0,1.42109e-11,2.06964e-12
Hessenberg basic,977,1,0,9,1e-12,0.716554,0,1.23919e-11,1.83306e-12
Hessenberg basic,977,1,1,9,1e-12,1.98752,0,1.29603e-11,2.03406e-12
Hessenberg basic,978,1,0,9,1e-12,0.713806,0,1.31877e-11,1.84756e-12
Hessenberg basic,978,1,1,9,1e-12,2.01648,0,1.33014e-11,2.12986e-12
Hessenberg basic,979,1,0,9,1e-12,0.758552,0,1.44382e-11,1.73732e-12
Hessenberg basic,979,1,1,9,1e-12,2.12752,0,1.23919e-11,1.74899e-12
Hessenberg basic,980,1,0,9,1e-12,0.716045,0,1.80762e-11,1.81569e-12
Hessenberg basic,980,1,1,9,1e-12,2.38817,0,1.37561e-11,1.96543e-12
Hessenberg basic,981,1,0,9,1e-12,0.787659,0,1.11413e-11,1.71439e-12
Hessenberg basic,981,1,1,9,1e-12,2.21389,0,1.29603e-11,1.85945e-12
Hessenberg basic,982,1,0,9,1e-12,1.05091,0,1.15961e-11,1.76586e-12
Hessenberg basic,982,1,1,9,1e-12,2.10714,0,1.20508e-11,1.95863e-12
Hessenberg basic,983,1,0,9,1e-12,0.69699,0,1.04592e-11,1.87775e-12
Hessenberg basic,983,1,1,9,1e-12,2.02794,0,1.71667e-11,1.80694e-12
Hessenberg basic,984,1,0,9,1e-12,0.718207,0,1.10276e-11,1.78494e-12
Hessenberg basic,984,1,1,9,1e-12,2.03444,0,1.77351e-11,2.00441e-12
Hessenberg basic,985,1,0,9,1e-12,0.720652,0,1.08002e-11,1.78972e-12
Hessenberg basic,985,1,1,9,1e-12,1.99785,0,1.59162e-11,1.88991e-12
Hessenberg basic,986,1,0,9,1e-12,0.663264,0,1.29603e-11,1.75842e-12
Hessenberg basic,986,1,1,9,1e-12,2.22319,0,1.25056e-11,1.84626e-12
Hessenberg basic,987,1,0,9,1e-12,0.878914,0,1.09139e-11,1.76632e-12
Hessenberg basic,987,1,1,9,1e-12,2.66922,0,1.43245e-11,1.84443e-12
Hessenberg basic,988,1,0,9,1e-12,0.879008,0,1.09139e-11,1.80863e-12
Hessenberg basic,988,1,1,9,1e-12,2.1642,0,1.23919e-11,1.85363e-12
Hessenberg basic,989,1,0,9,1e-12,0.725542,0,1.42109e-11,1.81297e-12
Hessenberg basic,989,1,1,9,1e-12,2.11795,0,1.46656e-11,1.87418e-12
Hessenberg basic,990,1,0,9,1e-12,0.756739,0,1.09139e-11,1.57818e-12
Hessenberg basic,990,1,1,9,1e-12,2.06985,0,1.46656e-11,1.81191e-12
Hessenberg basic,991,1,0,9,1e-12,0.726124,0,1.17097e-11,1.72857e-12
Hessenberg basic,991,1,1,9,1e-12,2.06816,0,1.11413e-11,1.8747e-12
Hessenberg basic,992,1,0,9,1e-12,0.754981,0,1.31877e-11,1.75482e-12
Hessenberg basic,992,1,1,9,1e-12,2.11251,0,1.02318e-11,1.8051e-12
Hessenberg basic,993,1,0,9,1e-12,0.928171,0,1.22782e-11,1.72697e-12
Hessenberg basic,993,1,1,9,1e-12,2.10794,0,1.63709e-11,1.93161e-12
Hessenberg basic,994,1,0,9,1e-12,0.78911,0,1.23919e-11,1.63445e-12
Hessenberg basic,994,1,1,9,1e-12,2.1596,0,1.05729e-11,1.65203e-12
Hessenberg basic,995,1,0,9,1e-12,0.677263,0,1.60298e-11,1.93374e-12
Hessenberg basic,995,1,1,9,1e-12,2.25059,0,1.55751e-11,1.88793e-12
Hessenberg basic,996,1,0,9,1e-12,0.716826,0,1.33014e-11,1.7533e-12
Hessenberg basic,996,1,1,9,1e-12,2.24163,0,1.46656e-11,1.84432e-12
Hessenberg basic,997,1,0,9,1e-12,0.698354,0,1.27329e-11,1.64706e-12
Hessenberg basic,997,1,1,9,1e-12,2.07615,0,1.4893e-11,1.76889e-12
Hessenberg basic,998,1,0,9,1e-12,0.784635,0,1.72804e-11,1.73715e-12
Hessenberg basic,998,1,1,9,1e-12,2.23005,0,1.44382e-11,1.94156e-12
Hessenberg basic,999,1,0,9,1e-12,0.65822,0,1.5234e-11,1.72214e-12
Hessenberg basic,999,1,1,9,1e-12,2.08474,0,1.11413e-11,1.80533e-12
Hessenberg basic,1000,1,0,9,1e-12,0.648901,0,1.31877e-11,1.62938e-12
Hessenberg basic,1000,1,1,9,1e-12,2.06111,0,1.39835e-11,1.8674e-12
