version, size, hermitian, complex, seed, tol, runtime in s,min_error, max_error, avg_error
Hessenberg basic,900,1,0,6,1e-12,1.22443,0,1.01181e-11,1.73783e-12
Hessenberg basic,900,1,1,6,1e-12,2.74928,0,1.03455e-11,1.9802e-12
Hessenberg basic,901,1,0,6,1e-12,0.587695,0,1.19371e-11,1.85936e-12
Hessenberg basic,901,1,1,6,1e-12,2.44406,0,1.22782e-11,1.87785e-12
Hessenberg basic,902,1,0,6,1e-12,1.21226,0,1.36424e-11,1.72683e-12
Hessenberg basic,902,1,1,6,1e-12,2.44515,0,1.18234e-11,1.64823e-12
Hessenberg basic,903,1,0,6,1e-12,1.95501,0,1.22782e-11,1.84498e-12
Hessenberg basic,903,1,1,6,1e-12,1.65339,0,1.27329e-11,1.83957e-12
Hessenberg basic,904,1,0,6,1e-12,2.11091,0,1.64846e-11,1.6926e-12
Hessenberg basic,904,1,1,6,1e-12,1.55304,0,1.4893e-11,1.79349e-12
Hessenberg basic,905,1,0,6,1e-12,1.75517,0,1.45519e-11,1.86173e-12
Hessenberg basic,905,1,1,6,1e-12,1.76125,0,1.26192e-11,1.86428e-12
Hessenberg basic,906,1,0,6,1e-12,1.18121,0,1.19371e-11,1.65297e-12
Hessenberg basic,906,1,1,6,1e-12,1.62901,0,1.26192e-11,1.97354e-12
Hessenberg basic,907,1,0,6,1e-12,1.08124,0,1.11413e-11,1.70178e-12
Hessenberg basic,907,1,1,6,1e-12,2.66037,0,1.17097e-11,1.87026e-12
Hessenberg basic,908,1,0,6,1e-12,1.25222,0,1.01181e-11,1.79106e-12
Hessenberg basic,908,1,1,6,1e-12,3.11972,0,1.25056e-11,1.94574e-12
Hessenberg basic,909,1,0,6,1e-12,0.743479,0,1.43245e-11,1.68159e-12
Hessenberg basic,909,1,1,6,1e-12,3.74121,0,1.05729e-11,1.8508e-12
Hessenberg basic,910,1,0,6,1e-12,0.915607,0,1.28466e-11,1.72125e-12
Hessenberg basic,910,1,1,6,1e-12,3.44849,0,1.60298e-11,1.80204e-12
Hessenberg basic,911,1,0,6,1e-12,1.02492,0,1.20508e-11,1.74489e-12
Hessenberg basic,911,1,1,6,1e-12,3.42219,0,1.44382e-11,1.78356e-12
Hessenberg basic,912,1,0,6,1e-12,0.631788,0,1.18234e-11,1.86118e-12
Hessenberg basic,912,1,1,6,1e-12,3.23321,0,1.22782e-11,1.87678e-12
Hessenberg basic,913,1,0,6,1e-12,0.763058,0,1.3074e-11,1.71974e-12
Hessenberg basic,913,1,1,6,1e-12,2.74411,0,1.75078e-11,1.86748e-12
Hessenberg basic,914,1,0,6,1e-12,0.636077,0,1.18234e-11,1.80903e-12
Hessenberg basic,914,1,1,6,1e-12,2.33388,0,1.35287e-11,1.90771e-12
Hessenberg basic,915,1,0,6,1e-12,0.826666,0,1.11413e-11,1.57223e-12
Hessenberg basic,915,1,1,6,1e-12,2.61853,0,1.18234e-11,1.86018e-12
Hessenberg basic,916,1,0,6,1e-12,1.05499,0,1.27329e-11,1.75395e-12
Hessenberg basic,916,1,1,6,1e-12,2.4442,0,1.46656e-11,1.94474e-12
Hessenberg basic,917,1,0,6,1e-12,1.61076,0,1.26192e-11,1.69598e-12
Hessenberg basic,917,1,1,6,1e-12,2.33908,0,1.37561e-11,1.77537e-12
Hessenberg basic,918,1,0,6,1e-12,1.68143,0,1.08002e-11,1.75424e-12
Hessenberg basic,918,1,1,6,1e-12,2.11411,0,1.33014e-11,1.95512e-12
Hessenberg basic,919,1,0,6,1e-12,2.34951,0,9.66338e-12,1.67583e-12
Hessenberg basic,919,1,1,6,1e-12,1.62844,0,1.36424e-11,1.87524e-12
Hessenberg basic,920,1,0,6,1e-12,1.99373,0,1.20508e-11,1.72013e-12
Hessenberg basic,920,1,1,6,1e-12,1.81724,0,1.15961e-11,1.90338e-12
Hessenberg basic,921,1,0,6,1e-12,1.78316,0,9.43601e-12,1.7632e-12
Hessenberg basic,921,1,1,6,1e-12,2.10293,0,1.36424e-11,2.02195e-12
Hessenberg basic,922,1,0,6,1e-12,0.911439,0,1.29603e-11,1.74826e-12
Hessenberg basic,922,1,1,6,1e-12,2.42642,0,1.43245e-11,1.85692e-12
Hessenberg basic,923,1,0,6,1e-12,1.28403,0,1.10276e-11,1.70986e-12
Hessenberg basic,923,1,1,6,1e-12,3.22605,0,1.59162e-11,1.85602e-12
Hessenberg basic,924,1,0,6,1e-12,0.790322,0,1.6712e-11,1.77174e-12
Hessenberg basic,924,1,1,6,1e-12,3.18745,0,2.251e-11,1.95311e-12
Hessenberg basic,925,1,0,6,1e-12,1.05173,0,1.18234e-11,1.7494e-12
Hessenberg basic,925,1,1,6,1e-12,2.82917,0,1.10276e-11,1.88662e-12
Hessenberg basic,926,1,0,6,1e-12,1.09633,0,9.89075e-12,1.73046e-12
Hessenberg basic,926,1,1,6,1e-12,2.9788,0,1.45519e-11,1.85145e-12
Hessenberg basic,927,1,0,6,1e-12,0.94451,0,1.1255e-11,1.72288e-12
Hessenberg basic,927,1,1,6,1e-12,1.78218,0,1.51203e-11,2.01521e-12
Hessenberg basic,928,1,0,6,1e-12,1.0624,0,1.09139e-11,1.68701e-12
Hessenberg basic,928,1,1,6,1e-12,1.84696,0,1.54614e-11,1.79406e-12
Hessenberg basic,929,1,0,6,1e-12,1.23622,0,1.80762e-11,1.79302e-12
Hessenberg basic,929,1,1,6,1e-12,2.21586,0,1.22782e-11,1.91458e-12
Hessenberg basic,930,1,0,6,1e-12,1.10914,0,9.89075e-12,1.63694e-12
Hessenberg basic,930,1,1,6,1e-12,2.78148,0,1.14824e-11,1.92382e-12
Hessenberg basic,931,1,0,6,1e-12,1.48345,0,9.43601e-12,1.74344e-12
Hessenberg basic,931,1,1,6,1e-12,1.81106,0,1.10276e-11,1.9384e-12
Hessenberg basic,932,1,0,6,1e-12,1.53188,0,1.26192e-11,1.78962e-12
Hessenberg basic,932,1,1,6,1e-12,1.91676,0,9.32232e-12,1.80526e-12
Hessenberg basic,933,1,0,6,1e-12,1.47606,0,1.25056e-11,1.73198e-12
Hessenberg basic,933,1,1,6,1e-12,2.21996,0,1.44382e-11,1.88737e-12
Hessenberg basic,934,1,0,6,1e-12,1.30109,0,1.15961e-11,1.74808e-12
Hessenberg basic,934,1,1,6,1e-12,1.98429,0,1.17097e-11,2.03729e-12
Hessenberg basic,935,1,0,6,1e-12,1.15878,0,1.20508e-11,1.77342e-12
Hessenberg basic,935,1,1,6,1e-12,2.28958,0,1.26192e-11,1.80311e-12
Hessenberg basic,936,1,0,6,1e-12,1.15981,0,1.15961e-11,1.86682e-12
Hessenberg basic,936,1,1,6,1e-12,2.10591,0,1.18234e-11,1.92217e-12
Hessenberg basic,937,1,0,6,1e-12,0.98913,0,1.15961e-11,1.74892e-12
Hessenberg basic,937,1,1,6,1e-12,2.1808,0,1.42109e-11,1.98188e-12
Hessenberg basic,938,1,0,6,1e-12,1.11591,0,1.33014e-11,1.73169e-12
Hessenberg basic,938,1,1,6,1e-12,2.25682,0,1.83036e-11,1.83471e-12
Hessenberg basic,939,1,0,6,1e-12,1.61815,0,1.27329e-11,1.67028e-12
Hessenberg basic,939,1,1,6,1e-12,3.03982,0,1.20508e-11,1.75945e-12
Hessenberg basic,940,1,0,6,1e-12,1.07283,0,1.1255e-11,1.8592e-12
Hessenberg basic,940,1,1,6,1e-12,3.04011,0,1.3415e-11,1.86408e-12
Hessenberg basic,941,1,0,6,1e-12,0.959486,0,1.61435e-11,1.84885e-12
Hessenberg basic,941,1,1,6,1e-12,2.78943,0,1.51203e-11,1.90104e-12
Hessenberg basic,942,1,0,6,1e-12,1.22767,0,1.3074e-11,1.73131e-12
Hessenberg basic,942,1,1,6,1e-12,3.04217,0,1.29603e-11,2.00509e-12
Hessenberg basic,943,1,0,6,1e-12,1.72353,0,1.18234e-11,1.78887e-12
Hessenberg basic,943,1,1,6,1e-12,2.40075,0,1.09139e-11,2.00511e-12
Hessenberg basic,944,1,0,6,1e-12,2.17586,0,1.31877e-11,1.7598e-12
Hessenberg basic,944,1,1,6,1e-12,1.77564,0,1.05729e-11,1.83802e-12
Hessenberg basic,945,1,0,6,1e-12,2.32276,0,1.20508e-11,1.67696e-12
Hessenberg basic,945,1,1,6,1e-12,2.03249,0,1.4893e-11,1.93772e-12
Hessenberg basic,946,1,0,6,1e-12,2.25664,0,1.18234e-11,1.88096e-12
Hessenberg basic,946,1,1,6,1e-12,2.03155,0,1.26192e-11,1.97763e-12
Hessenberg basic,947,1,0,6,1e-12,1.29934,0,1.13687e-11,1.85446e-12
Hessenberg basic,947,1,1,6,1e-12,2.14999,0,1.40972e-11,1.95312e-12
Hessenberg basic,948,1,0,6,1e-12,1.3824,0,1.58025e-11,1.824e-12
Hessenberg basic,948,1,1,6,1e-12,2.89243,0,1.45519e-11,1.92721e-12
Hessenberg basic,949,1,0,6,1e-12,1.54374,0,1.56888e-11,1.79412e-12
Hessenberg basic,949,1,1,6,1e-12,4.03456,0,1.22782e-11,1.75889e-12
Hessenberg basic,950,1,0,6,1e-12,1.83773,0,1.60298e-11,1.94517e-12
Hessenberg basic,950,1,1,6,1e-12,4.26832,0,1.3074e-11,2.10624e-12
Hessenberg basic,951,1,0,6,1e-12,0.763695,0,1.21645e-11,1.87153e-12
Hessenberg basic,951,1,1,6,1e-12,2.98473,0,1.54614e-11,1.9817e-12
Hessenberg basic,952,1,0,6,1e-12,0.789823,0,1.61435e-11,1.73131e-12
Hessenberg basic,952,1,1,6,1e-12,2.13448,0,1.59162e-11,2.03835e-12
Hessenberg basic,953,1,0,6,1e-12,0.987638,0,1.25056e-11,1.77001e-12
Hessenberg basic,953,1,1,6,1e-12,3.59951,0,1.63709e-11,1.91393e-12
Hessenberg basic,954,1,0,6,1e-12,2.41057,0,1.54614e-11,1.83955e-12
Hessenberg basic,954,1,1,6,1e-12,1.95893,0,1.38698e-11,1.95384e-12
Hessenberg basic,955,1,0,6,1e-12,2.63811,0,1.79625e-11,1.8851e-12
Hessenberg basic,955,1,1,6,1e-12,1.96734,0,1.43245e-11,1.76268e-12
Hessenberg basic,956,1,0,6,1e-12,2.37177,0,1.3415e-11,1.81228e-12
Hessenberg basic,956,1,1,6,1e-12,1.86556,0,1.5234e-11,2.0721e-12
Hessenberg basic,957,1,0,6,1e-12,2.23942,0,1.56888e-11,1.94566e-12
Hessenberg basic,957,1,1,6,1e-12,2.04208,0,1.28466e-11,1.94065e-12
Hessenberg basic,958,1,0,6,1e-12,2.40919,0,1.28466e-11,1.84282e-12
Hessenberg basic,958,1,1,6,1e-12,1.91598,0,1.25056e-11,1.98904e-12
Hessenberg basic,959,1,0,6,1e-12,1.37946,0,1.15961e-11,1.85609e-12
Hessenberg basic,959,1,1,6,1e-12,2.1981,0,1.36424e-11,1.9918e-12
Hessenberg basic,960,1,0,6,1e-12,1.28047,0,2.14868e-11,1.8591e-12
Hessenberg basic,960,1,1,6,1e-12,2.56217,0,1.45519e-11,1.99272e-12
Hessenberg basic,961,1,0,6,1e-12,1.77234,0,1.38698e-11,1.92585e-12
Hessenberg basic,961,1,1,6,1e-12,3.14242,0,1.43245e-11,1.97111e-12
Hessenberg basic,962,1,0,6,1e-12,1.6438,0,1.42109e-11,1.8416e-12
Hessenberg basic,962,1,1,6,1e-12,2.93926,0,1.58025e-11,1.85476e-12
Hessenberg basic,963,1,0,6,1e-12,1.29005,0,1.20508e-11,1.93362e-12
Hessenberg basic,963,1,1,6,1e-12,4.04602,0,1.25056e-11,2.04754e-12
Hessenberg basic,964,1,0,6,1e-12,1.4101,0,1.40972e-11,1.84876e-12
Hessenberg basic,964,1,1,6,1e-12,3.3452,0,1.19371e-11,1.94367e-12
Hessenberg basic,965,1,0,6,1e-12,1.21807,0,1.31877e-11,1.8371e-12
Hessenberg basic,965,1,1,6,1e-12,3.9323,0,1.37561e-11,1.91203e-12
Hessenberg basic,966,1,0,6,1e-12,1.23179,0,1.36424e-11,1.73129e-12
Hessenberg basic,966,1,1,6,1e-12,2.27457,0,9.77707e-12,1.84013e-12
Hessenberg basic,967,1,0,6,1e-12,1.08627,0,1.19371e-11,1.68664e-12
Hessenberg basic,967,1,1,6,1e-12,2.07299,0,1.10276e-11,1.80128e-12
Hessenberg basic,968,1,0,6,1e-12,2.02802,0,1.17097e-11,1.78188e-12
Hessenberg basic,968,1,1,6,1e-12,2.86594,0,1.86446e-11,1.89691e-12
Hessenberg basic,969,1,0,6,1e-12,1.37087,0,1.05729e-11,1.81037e-12
Hessenberg basic,969,1,1,6,1e-12,2.30653,0,1.09139e-11,1.86463e-12
Hessenberg basic,970,1,0,6,1e-12,2.44984,0,1.3074e-11,1.85598e-12
Hessenberg basic,970,1,1,6,1e-12,2.42932,0,1.21645e-11,1.85331e-12
Hessenberg basic,971,1,0,6,1e-12,1.47745,0,1.15961e-11,1.81039e-12
Hessenberg basic,971,1,1,6,1e-12,2.10244,0,1.18234e-11,1.88366e-12
Hessenberg basic,972,1,0,6,1e-12,1.87888,0,8.86757e-12,1.59164e-12
Hessenberg basic,972,1,1,6,1e-12,3.35978,0,1.21645e-11,1.88282e-12
Hessenberg basic,973,1,0,6,1e-12,1.36296,0,1.23919e-11,1.87825e-12
Hessenberg basic,973,1,1,6,1e-12,2.78543,0,1.55751e-11,1.91629e-12
Hessenberg basic,974,1,0,6,1e-12,1.66798,0,1.02318e-11,1.75423e-12
Hessenberg basic,974,1,1,6,1e-12,2.53461,0,1.18234e-11,1.84997e-12
Hessenberg basic,975,1,0,6,1e-12,1.94838,0,1.38698e-11,1.70735e-12
Hessenberg basic,975,1,1,6,1e-12,2.47411,0,1.45519e-11,1.87561e-12
Hessenberg basic,976,1,0,6,1e-12,0.94597,0,1.20508e-11,1.95918e-12
Hessenberg basic,976,1,1,6,1e-12,3.98165,0,1.86446e-11,1.91146e-12
Hessenberg basic,977,1,0,6,1e-12,1.4583,0,1.00044e-11,1.84267e-12
Hessenberg basic,977,1,1,6,1e-12,2.24002,0,1.54614e-11,1.82368e-12
Hessenberg basic,978,1,0,6,1e-12,2.10007,0,1.1255e-11,1.89279e-12
Hessenberg basic,978,1,1,6,1e-12,3.45721,0,1.05729e-11,1.83123e-12
Hessenberg basic,979,1,0,6,1e-12,1.30852,0,1.22782e-11,1.79563e-12
Hessenberg basic,979,1,1,6,1e-12,2.98581,0,1.44382e-11,2.0377e-12
Hessenberg basic,980,1,0,6,1e-12,0.939735,0,1.39835e-11,1.75952e-12
Hessenberg basic,980,1,1,6,1e-12,3.47854,0,1.25056e-11,1.85451e-12
Hessenberg basic,981,1,0,6,1e-12,1.8203,0,1.46656e-11,1.736e-12
Hessenberg basic,981,1,1,6,1e-12,3.01856,0,1.19371e-11,1.79474e-12
Hessenberg basic,982,1,0,6,1e-12,1.49404,0,1.10276e-11,1.79969e-12
Hessenberg basic,982,1,1,6,1e-12,3.29713,0,1.58025e-11,1.84404e-12
Hessenberg basic,983,1,0,6,1e-12,1.36302,0,1.13687e-11,1.88e-12
Hessenberg basic,983,1,1,6,1e-12,3.13808,0,1.36424e-11,1.95672e-12
Hessenberg basic,984,1,0,6,1e-12,1.30703,0,1.5234e-11,1.74835e-12
Hessenberg basic,984,1,1,6,1e-12,2.95462,0,1.3415e-11,1.99149e-12
Hessenberg basic,985,1,0,6,1e-12,1.6628,0,1.26192e-11,1.92634e-12
Hessenberg basic,985,1,1,6,1e-12,2.77725,0,1.27329e-11,1.86262e-12
Hessenberg basic,986,1,0,6,1e-12,2.05113,0,1.21645e-11,1.83432e-12
Hessenberg basic,986,1,1,6,1e-12,3.1957,0,1.10276e-11,1.97667e-12
Hessenberg basic,987,1,0,6,1e-12,1.37277,0,1.36424e-11,1.91152e-12
Hessenberg basic,987,1,1,6,1e-12,2.37778,0,1.50067e-11,1.79507e-12
Hessenberg basic,988,1,0,6,1e-12,1.30598,0,1.08002e-11,1.72327e-12
Hessenberg basic,988,1,1,6,1e-12,2.40915,0,1.71667e-11,1.98157e-12
Hessenberg basic,989,1,0,6,1e-12,2.61976,0,1.28466e-11,1.79672e-12
Hessenberg basic,989,1,1,6,1e-12,3.49133,0,1.31877e-11,2.08481e-12
Hessenberg basic,990,1,0,6,1e-12,1.11679,0,1.3074e-11,1.9387e-12
Hessenberg basic,990,1,1,6,1e-12,2.33508,0,1.26192e-11,1.95727e-12
Hessenberg basic,991,1,0,6,1e-12,2.90456,0,1.18234e-11,1.85053e-12
Hessenberg basic,991,1,1,6,1e-12,3.53038,0,1.37561e-11,1.96085e-12
Hessenberg basic,992,1,0,6,1e-12,1.21213,0,1.27329e-11,1.72828e-12
Hessenberg basic,992,1,1,6,1e-12,3.34601,0,1.04592e-11,1.93396e-12
Hessenberg basic,993,1,0,6,1e-12,1.25655,0,1.43245e-11,1.85209e-12
Hessenberg basic,993,1,1,6,1e-12,3.9061,0,1.69393e-11,1.98288e-12
Hessenberg basic,994,1,0,6,1e-12,1.70679,0,1.39835e-11,1.67781e-12
Hessenberg basic,994,1,1,6,1e-12,2.75926,0,1.3415e-11,1.7295e-12
Hessenberg basic,995,1,0,6,1e-12,2.08022,0,1.01181e-11,1.72124e-12
Hessenberg basic,995,1,1,6,1e-12,2.8145,0,1.25056e-11,1.88216e-12
Hessenberg basic,996,1,0,6,1e-12,1.40401,0,1.13687e-11,1.80625e-12
Hessenberg basic,996,1,1,6,1e-12,3.88174,0,1.19371e-11,1.84534e-12
Hessenberg basic,997,1,0,6,1e-12,1.03249,0,1.15961e-11,1.85971e-12
Hessenberg basic,997,1,1,6,1e-12,2.72193,0,1.61435e-11,1.86423e-12
Hessenberg basic,998,1,0,6,1e-12,2.83339,0,1.13687e-11,1.66289e-12
Hessenberg basic,998,1,1,6,1e-12,3.59382,0,1.39835e-11,1.79609e-12
Hessenberg basic,999,1,0,6,1e-12,1.33182,0,1.18234e-11,1.78829e-12
Hessenberg basic,999,1,1,6,1e-12,2.82739,0,1.5234e-11,2.06431e-12
Hessenberg basic,1000,1,0,6,1e-12,1.79271,0,1.44382e-11,1.83983e-12
Hessenberg basic,1000,1,1,6,1e-12,3.63309,0,1.31877e-11,1.82997e-12
