version, size, hermitian, complex, seed, tol, runtime in s,min_error, max_error, avg_error
Hessenberg basic,900,1,0,7,1e-12,0.890526,0,1.00044e-11,1.73822e-12
Hessenberg basic,900,1,1,7,1e-12,1.60299,0,1.11413e-11,1.84361e-12
Hessenberg basic,901,1,0,7,1e-12,0.95462,0,9.20863e-12,1.84629e-12
Hessenberg basic,901,1,1,7,1e-12,2.83851,0,1.37561e-11,1.84768e-12
Hessenberg basic,902,1,0,7,1e-12,1.33822,0,1.17097e-11,1.70843e-12
Hessenberg basic,902,1,1,7,1e-12,2.65438,0,1.09708e-11,1.84872e-12
Hessenberg basic,903,1,0,7,1e-12,1.31267,0,1.18234e-11,1.76301e-12
Hessenberg basic,903,1,1,7,1e-12,2.5211,0,1.17097e-11,1.81514e-12
Hessenberg basic,904,1,0,7,1e-12,1.43313,0,1.06866e-11,1.63631e-12
Hessenberg basic,904,1,1,7,1e-12,3.31262,0,1.59162e-11,1.76617e-12
Hessenberg basic,905,1,0,7,1e-12,1.56019,0,1.64846e-11,1.93421e-12
Hessenberg basic,905,1,1,7,1e-12,2.99356,0,1.38698e-11,1.87562e-12
Hessenberg basic,906,1,0,7,1e-12,1.55903,0,9.77707e-12,1.79229e-12
Hessenberg basic,906,1,1,7,1e-12,2.96998,0,1.65983e-11,1.80154e-12
Hessenberg basic,907,1,0,7,1e-12,1.62571,0,1.21645e-11,1.78075e-12
Hessenberg basic,907,1,1,7,1e-12,3.50278,0,1.40972e-11,1.85988e-12
Hessenberg basic,908,1,0,7,1e-12,1.61425,0,1.26192e-11,1.74686e-12
Hessenberg basic,908,1,1,7,1e-12,3.18431,0,1.54614e-11,2.08592e-12
Hessenberg basic,909,1,0,7,1e-12,1.56229,0,1.31877e-11,1.78778e-12
Hessenberg basic,909,1,1,7,1e-12,3.11278,0,1.79625e-11,1.91502e-12
Hessenberg basic,910,1,0,7,1e-12,1.77135,0,1.81899e-11,1.81473e-12
Hessenberg basic,910,1,1,7,1e-12,3.66318,0,1.50067e-11,1.97972e-12
Hessenberg basic,911,1,0,7,1e-12,1.72675,0,1.3415e-11,1.78926e-12
Hessenberg basic,911,1,1,7,1e-12,3.39796,0,1.37561e-11,1.98381e-12
Hessenberg basic,912,1,0,7,1e-12,1.53821,0,1.45519e-11,1.81665e-12
Hessenberg basic,912,1,1,7,1e-12,3.09278,0,1.29603e-11,1.84708e-12
Hessenberg basic,913,1,0,7,1e-12,1.56674,0,1.27329e-11,1.81375e-12
Hessenberg basic,913,1,1,7,1e-12,3.30664,0,2.01226e-11,2.01165e-12
Hessenberg basic,914,1,0,7,1e-12,1.66518,0,1.20508e-11,1.85218e-12
Hessenberg basic,914,1,1,7,1e-12,3.11045,0,1.10276e-11,2.03881e-12
Hessenberg basic,915,1,0,7,1e-12,1.581,0,1.31877e-11,1.87026e-12
Hessenberg basic,915,1,1,7,1e-12,3.04838,0,1.55751e-11,1.95142e-12
Hessenberg basic,916,1,0,7,1e-12,1.84348,0,1.25056e-11,1.9939e-12
Hessenberg basic,916,1,1,7,1e-12,3.44445,0,1.47793e-11,2.12065e-12
Hessenberg basic,917,1,0,7,1e-12,1.68674,0,1.8531e-11,1.81383e-12
Hessenberg basic,917,1,1,7,1e-12,3.50782,0,1.28466e-11,2.00159e-12
Hessenberg basic,918,1,0,7,1e-12,1.45733,0,1.47793e-11,1.84091e-12
Hessenberg basic,918,1,1,7,1e-12,2.89123,0,1.40972e-11,1.99362e-12
Hessenberg basic,919,1,0,7,1e-12,1.39993,0,1.53477e-11,1.79186e-12
Hessenberg basic,919,1,1,7,1e-12,2.72045,0,1.20508e-11,1.94344e-12
Hessenberg basic,920,1,0,7,1e-12,1.34689,0,1.22782e-11,1.77591e-12
Hessenberg basic,920,1,1,7,1e-12,2.56643,0,1.13687e-11,2.00124e-12
Hessenberg basic,921,1,0,7,1e-12,1.02897,0,1.35287e-11,1.86716e-12
Hessenberg basic,921,1,1,7,1e-12,2.8885,0,1.45519e-11,2.03931e-12
Hessenberg basic,922,1,0,7,1e-12,1.07247,0,1.10276e-11,1.83065e-12
Hessenberg basic,922,1,1,7,1e-12,2.74466,0,1.42109e-11,1.96708e-12
Hessenberg basic,923,1,0,7,1e-12,1.22751,0,1.33014e-11,1.92883e-12
Hessenberg basic,923,1,1,7,1e-12,3.46407,0,1.73941e-11,1.89492e-12
Hessenberg basic,924,1,0,7,1e-12,1.31254,0,1.3074e-11,1.82028e-12
Hessenberg basic,924,1,1,7,1e-12,3.48396,0,1.65983e-11,1.97195e-12
Hessenberg basic,925,1,0,7,1e-12,1.7083,0,1.65983e-11,1.94104e-12
Hessenberg basic,925,1,1,7,1e-12,3.4275,0,1.31877e-11,2.02492e-12
Hessenberg basic,926,1,0,7,1e-12,1.46009,0,1.44382e-11,1.9007e-12
Hessenberg basic,926,1,1,7,1e-12,2.87232,0,1.65983e-11,1.86446e-12
Hessenberg basic,927,1,0,7,1e-12,1.43194,0,1.4893e-11,1.85982e-12
Hessenberg basic,927,1,1,7,1e-12,2.68757,0,1.8531e-11,1.9662e-12
Hessenberg basic,928,1,0,7,1e-12,1.41667,0,1.35287e-11,1.75506e-12
Hessenberg basic,928,1,1,7,1e-12,2.6825,0,1.06866e-11,1.84026e-12
Hessenberg basic,929,1,0,7,1e-12,1.06721,0,1.21645e-11,1.70824e-12
Hessenberg basic,929,1,1,7,1e-12,2.73885,0,1.59162e-11,1.85826e-12
Hessenberg basic,930,1,0,7,1e-12,1.15505,0,1.54614e-11,1.78805e-12
Hessenberg basic,930,1,1,7,1e-12,2.85868,0,1.23919e-11,1.94916e-12
Hessenberg basic,931,1,0,7,1e-12,1.15422,0,1.72804e-11,1.90986e-12
Hessenberg basic,931,1,1,7,1e-12,4.19172,0,1.35287e-11,1.92142e-12
Hessenberg basic,932,1,0,7,1e-12,1.61351,0,1.31877e-11,1.79475e-12
Hessenberg basic,932,1,1,7,1e-12,3.98837,0,1.59162e-11,1.81306e-12
Hessenberg basic,933,1,0,7,1e-12,1.4309,0,1.36424e-11,1.93283e-12
Hessenberg basic,933,1,1,7,1e-12,3.2405,0,1.5234e-11,2.03458e-12
Hessenberg basic,934,1,0,7,1e-12,1.46945,0,1.3415e-11,1.78548e-12
Hessenberg basic,934,1,1,7,1e-12,2.83391,0,1.43245e-11,2.05597e-12
Hessenberg basic,935,1,0,7,1e-12,1.44798,0,1.1255e-11,1.71065e-12
Hessenberg basic,935,1,1,7,1e-12,3.03954,0,1.5234e-11,1.95782e-12
Hessenberg basic,936,1,0,7,1e-12,1.49717,0,1.40972e-11,1.85063e-12
Hessenberg basic,936,1,1,7,1e-12,2.9953,0,1.44382e-11,2.01641e-12
Hessenberg basic,937,1,0,7,1e-12,1.26581,0,1.15961e-11,1.77783e-12
Hessenberg basic,937,1,1,7,1e-12,3.26869,0,1.14824e-11,1.93572e-12
Hessenberg basic,938,1,0,7,1e-12,1.16276,0,1.21645e-11,1.78532e-12
Hessenberg basic,938,1,1,7,1e-12,2.50165,0,1.75078e-11,2.15717e-12
Hessenberg basic,939,1,0,7,1e-12,1.18973,0,1.10276e-11,1.78762e-12
Hessenberg basic,939,1,1,7,1e-12,2.71198,0,1.60298e-11,1.82929e-12
Hessenberg basic,940,1,0,7,1e-12,1.08755,0,1.14824e-11,1.67186e-12
Hessenberg basic,940,1,1,7,1e-12,3.03015,0,1.56888e-11,1.93398e-12
Hessenberg basic,941,1,0,7,1e-12,0.811524,0,1.51203e-11,1.76571e-12
Hessenberg basic,941,1,1,7,1e-12,3.42639,0,1.54614e-11,2.0218e-12
Hessenberg basic,942,1,0,7,1e-12,0.680483,0,1.20508e-11,1.67691e-12
Hessenberg basic,942,1,1,7,1e-12,2.85325,0,1.20508e-11,2.00071e-12
Hessenberg basic,943,1,0,7,1e-12,0.636203,0,1.18234e-11,1.71928e-12
Hessenberg basic,943,1,1,7,1e-12,2.13331,0,1.26192e-11,1.83434e-12
Hessenberg basic,944,1,0,7,1e-12,0.797324,0,1.11413e-11,1.79786e-12
Hessenberg basic,944,1,1,7,1e-12,3.29384,0,1.7053e-11,1.90026e-12
Hessenberg basic,945,1,0,7,1e-12,1.65605,0,1.22782e-11,1.71709e-12
Hessenberg basic,945,1,1,7,1e-12,2.29524,0,1.10276e-11,1.86914e-12
Hessenberg basic,946,1,0,7,1e-12,1.91387,0,1.26192e-11,1.71495e-12
Hessenberg basic,946,1,1,7,1e-12,2.4519,0,1.96678e-11,1.82167e-12
Hessenberg basic,947,1,0,7,1e-12,1.76717,0,1.06866e-11,1.73128e-12
Hessenberg basic,947,1,1,7,1e-12,2.44277,0,1.26192e-11,1.80105e-12
Hessenberg basic,948,1,0,7,1e-12,0.75971,0,9.77707e-12,1.68451e-12
Hessenberg basic,948,1,1,7,1e-12,3.42272,0,1.38698e-11,1.92874e-12
Hessenberg basic,949,1,0,7,1e-12,1.37206,0,1.22782e-11,1.66305e-12
Hessenberg basic,949,1,1,7,1e-12,4.55461,0,1.37561e-11,1.92537e-12
Hessenberg basic,950,1,0,7,1e-12,0.834457,0,9.32232e-12,1.72991e-12
Hessenberg basic,950,1,1,7,1e-12,2.44196,0,1.27329e-11,1.86817e-12
Hessenberg basic,951,1,0,7,1e-12,0.78378,0,1.31877e-11,1.83261e-12
Hessenberg basic,951,1,1,7,1e-12,2.34731,0,1.29603e-11,1.84086e-12
Hessenberg basic,952,1,0,7,1e-12,0.916685,0,1.02318e-11,1.68898e-12
Hessenberg basic,952,1,1,7,1e-12,3.00889,0,1.40972e-11,1.77141e-12
Hessenberg basic,953,1,0,7,1e-12,0.917353,0,1.28466e-11,1.80818e-12
Hessenberg basic,953,1,1,7,1e-12,4.19632,0,9.89075e-12,1.77375e-12
Hessenberg basic,954,1,0,7,1e-12,1.91618,0,1.23919e-11,1.68332e-12
Hessenberg basic,954,1,1,7,1e-12,2.91063,0,1.65983e-11,1.78073e-12
Hessenberg basic,955,1,0,7,1e-12,2.36573,0,1.01181e-11,1.62891e-12
Hessenberg basic,955,1,1,7,1e-12,2.40072,0,1.13687e-11,1.80768e-12
Hessenberg basic,956,1,0,7,1e-12,1.7766,0,1.18234e-11,1.78982e-12
Hessenberg basic,956,1,1,7,1e-12,2.57303,0,1.63709e-11,1.95241e-12
Hessenberg basic,957,1,0,7,1e-12,1.424,0,9.09495e-12,1.65426e-12
Hessenberg basic,957,1,1,7,1e-12,2.53858,0,1.22213e-11,1.78688e-12
Hessenberg basic,958,1,0,7,1e-12,0.688348,0,1.11413e-11,1.70679e-12
Hessenberg basic,958,1,1,7,1e-12,3.84178,0,1.7053e-11,1.98354e-12
Hessenberg basic,959,1,0,7,1e-12,1.99591,0,1.47793e-11,1.80529e-12
Hessenberg basic,959,1,1,7,1e-12,3.63238,0,1.00044e-11,1.75207e-12
Hessenberg basic,960,1,0,7,1e-12,1.2672,0,1.05729e-11,1.73312e-12
Hessenberg basic,960,1,1,7,1e-12,2.54927,0,1.29603e-11,1.84533e-12
Hessenberg basic,961,1,0,7,1e-12,1.6327,0,1.10276e-11,1.69074e-12
Hessenberg basic,961,1,1,7,1e-12,3.73978,0,1.44382e-11,1.96134e-12
Hessenberg basic,962,1,0,7,1e-12,0.858982,0,1.50067e-11,1.69115e-12
Hessenberg basic,962,1,1,7,1e-12,3.00867,0,1.44382e-11,1.77175e-12
Hessenberg basic,963,1,0,7,1e-12,1.68258,0,1.68257e-11,1.78275e-12
Hessenberg basic,963,1,1,7,1e-12,4.09538,0,1.05729e-11,1.88327e-12
Hessenberg basic,964,1,0,7,1e-12,1.0236,0,1.3074e-11,1.82165e-12
Hessenberg basic,964,1,1,7,1e-12,3.16319,0,1.15961e-11,1.85791e-12
Hessenberg basic,965,1,0,7,1e-12,1.61704,0,1.51203e-11,1.73185e-12
Hessenberg basic,965,1,1,7,1e-12,3.90774,0,1.15961e-11,1.91581e-12
Hessenberg basic,966,1,0,7,1e-12,1.11753,0,1.28466e-11,1.66041e-12
Hessenberg basic,966,1,1,7,1e-12,2.51802,0,1.25056e-11,1.91952e-12
Hessenberg basic,967,1,0,7,1e-12,1.02888,0,1.39835e-11,1.80463e-12
Hessenberg basic,967,1,1,7,1e-12,3.9466,0,1.3074e-11,1.79461e-12
Hessenberg basic,968,1,0,7,1e-12,0.825313,0,2.02363e-11,1.70872e-12
Hessenberg basic,968,1,1,7,1e-12,3.52088,0,1.08002e-11,1.85545e-12
Hessenberg basic,969,1,0,7,1e-12,1.43103,0,1.42109e-11,1.74695e-12
Hessenberg basic,969,1,1,7,1e-12,2.71737,0,1.19371e-11,1.9558e-12
Hessenberg basic,970,1,0,7,1e-12,1.46755,0,1.43245e-11,1.86229e-12
Hessenberg basic,970,1,1,7,1e-12,3.16215,0,1.26192e-11,1.89327e-12
Hessenberg basic,971,1,0,7,1e-12,0.84718,0,9.66338e-12,1.69778e-12
Hessenberg basic,971,1,1,7,1e-12,4.35593,0,1.47793e-11,1.85085e-12
Hessenberg basic,972,1,0,7,1e-12,1.3695,0,1.05729e-11,1.66698e-12
Hessenberg basic,972,1,1,7,1e-12,3.61929,0,1.26192e-11,1.85252e-12
Hessenberg basic,973,1,0,7,1e-12,1.21689,0,1.26192e-11,1.67112e-12
Hessenberg basic,973,1,1,7,1e-12,2.62912,0,1.31877e-11,1.93523e-12
Hessenberg basic,974,1,0,7,1e-12,2.23121,0,1.18234e-11,1.81949e-12
Hessenberg basic,974,1,1,7,1e-12,3.87801,0,1.15961e-11,1.82629e-12
Hessenberg basic,975,1,0,7,1e-12,0.853592,0,9.20863e-12,1.59025e-12
Hessenberg basic,975,1,1,7,1e-12,3.20902,0,1.95541e-11,1.82982e-12
Hessenberg basic,976,1,0,7,1e-12,0.764512,0,1.03455e-11,1.79834e-12
Hessenberg basic,976,1,1,7,1e-12,3.89705,0,1.43245e-11,1.89386e-12
Hessenberg basic,977,1,0,7,1e-12,1.0913,0,8.86757e-12,1.57761e-12
Hessenberg basic,977,1,1,7,1e-12,3.86403,0,1.31877e-11,1.92883e-12
Hessenberg basic,978,1,0,7,1e-12,1.42623,0,1.42109e-11,1.91618e-12
Hessenberg basic,978,1,1,7,1e-12,2.51904,0,1.63709e-11,1.87032e-12
Hessenberg basic,979,1,0,7,1e-12,1.47559,0,1.56888e-11,1.84663e-12
Hessenberg basic,979,1,1,7,1e-12,3.10132,0,1.21645e-11,1.76703e-12
Hessenberg basic,980,1,0,7,1e-12,0.78127,0,1.10276e-11,1.76479e-12
Hessenberg basic,980,1,1,7,1e-12,3.811,0,1.11413e-11,1.86656e-12
Hessenberg basic,981,1,0,7,1e-12,1.15426,0,1.44382e-11,1.80114e-12
Hessenberg basic,981,1,1,7,1e-12,3.84512,0,1.23919e-11,1.84278e-12
Hessenberg basic,982,1,0,7,1e-12,1.56215,0,1.33014e-11,1.7455e-12
Hessenberg basic,982,1,1,7,1e-12,2.61028,0,1.44382e-11,1.94058e-12
Hessenberg basic,983,1,0,7,1e-12,1.58813,0,1.36424e-11,1.73042e-12
Hessenberg basic,983,1,1,7,1e-12,3.78965,0,1.62572e-11,1.81517e-12
Hessenberg basic,984,1,0,7,1e-12,0.927557,0,1.11413e-11,1.82533e-12
Hessenberg basic,984,1,1,7,1e-12,4.02533,0,1.62572e-11,1.9774e-12
Hessenberg basic,985,1,0,7,1e-12,1.39998,0,1.36424e-11,1.78349e-12
Hessenberg basic,985,1,1,7,1e-12,3.75949,0,1.61435e-11,1.79154e-12
Hessenberg basic,986,1,0,7,1e-12,1.87895,0,1.35287e-11,1.83044e-12
Hessenberg basic,986,1,1,7,1e-12,3.46103,0,1.19371e-11,2.03543e-12
Hessenberg basic,987,1,0,7,1e-12,1.47891,0,1.5234e-11,1.81589e-12
Hessenberg basic,987,1,1,7,1e-12,3.65013,0,1.22782e-11,1.92398e-12
Hessenberg basic,988,1,0,7,1e-12,0.95337,0,1.09139e-11,1.73673e-12
Hessenberg basic,988,1,1,7,1e-12,4.34315,0,1.68257e-11,1.91761e-12
Hessenberg basic,989,1,0,7,1e-12,1.28768,0,1.06866e-11,1.74149e-12
Hessenberg basic,989,1,1,7,1e-12,4.22004,0,1.42109e-11,1.85048e-12
Hessenberg basic,990,1,0,7,1e-12,1.278,0,1.23919e-11,1.84482e-12
Hessenberg basic,990,1,1,7,1e-12,2.75674,0,1.38698e-11,1.90121e-12
Hessenberg basic,991,1,0,7,1e-12,1.75784,0,1.42109e-11,1.80204e-12
Hessenberg basic,991,1,1,7,1e-12,3.36572,0,1.25056e-11,1.92005e-12
Hessenberg basic,992,1,0,7,1e-12,0.971422,0,1.10276e-11,1.82086e-12
Hessenberg basic,992,1,1,7,1e-12,3.48561,0,1.54614e-11,1.86302e-12
Hessenberg basic,993,1,0,7,1e-12,0.927565,0,1.37561e-11,1.87814e-12
Hessenberg basic,993,1,1,7,1e-12,4.66427,0,1.37561e-11,1.85626e-12
Hessenberg basic,994,1,0,7,1e-12,0.923164,0,1.45519e-11,1.95607e-12
Hessenberg basic,994,1,1,7,1e-12,3.96268,0,1.40972e-11,1.91184e-12
Hessenberg basic,995,1,0,7,1e-12,0.961981,0,1.80762e-11,1.81805e-12
Hessenberg basic,995,1,1,7,1e-12,2.45259,0,1.10276e-11,2.07537e-12
Hessenberg basic,996,1,0,7,1e-12,2.2571,0,1.27329e-11,1.75771e-12
Hessenberg basic,996,1,1,7,1e-12,3.36805,0,1.83036e-11,1.89608e-12
Hessenberg basic,997,1,0,7,1e-12,1.31456,0,1.11413e-11,1.75228e-12
Hessenberg basic,997,1,1,7,1e-12,4.18068,0,1.59162e-11,1.9505e-12
Hessenberg basic,998,1,0,7,1e-12,0.826081,0,1.20508e-11,1.83446e-12
Hessenberg basic,998,1,1,7,1e-12,2.7584,0,1.50067e-11,2.02175e-12
Hessenberg basic,999,1,0,7,1e-12,0.763566,0,1.3074e-11,1.69394e-12
Hessenberg basic,999,1,1,7,1e-12,4.23957,0,1.40972e-11,1.9207e-12
Hessenberg basic,1000,1,0,7,1e-12,1.15865,0,1.36424e-11,1.73575e-12
Hessenberg basic,1000,1,1,7,1e-12,4.51302,0,1.3074e-11,1.99592e-12
