version, size, hermitian, complex, seed, tol, runtime in s,min_error, max_error, avg_error
Hessenberg basic,900,1,0,5,1e-12,0.642133,0,1.05729e-11,1.72157e-12
Hessenberg basic,900,1,1,5,1e-12,3.0702,0,1.80762e-11,1.78878e-12
Hessenberg basic,901,1,0,5,1e-12,0.740858,0,1.95541e-11,1.72023e-12
Hessenberg basic,901,1,1,5,1e-12,2.81219,0,1.08002e-11,1.71246e-12
Hessenberg basic,902,1,0,5,1e-12,1.24061,0,1.59162e-11,1.76389e-12
Hessenberg basic,902,1,1,5,1e-12,3.05661,0,1.36424e-11,1.85573e-12
Hessenberg basic,903,1,0,5,1e-12,0.851574,0,1.14255e-11,1.68608e-12
Hessenberg basic,903,1,1,5,1e-12,3.90862,0,1.33014e-11,1.84905e-12
Hessenberg basic,904,1,0,5,1e-12,0.929448,0,9.54969e-12,1.71089e-12
Hessenberg basic,904,1,1,5,1e-12,3.25203,0,1.95541e-11,1.96843e-12
Hessenberg basic,905,1,0,5,1e-12,0.85656,0,9.66338e-12,1.63276e-12
Hessenberg basic,905,1,1,5,1e-12,3.1986,0,1.14824e-11,1.7147e-12
Hessenberg basic,906,1,0,5,1e-12,0.628406,0,1.5234e-11,1.77193e-12
Hessenberg basic,906,1,1,5,1e-12,2.52883,0,1.80762e-11,1.93295e-12
Hessenberg basic,907,1,0,5,1e-12,0.577694,0,1.29603e-11,1.6686e-12
Hessenberg basic,907,1,1,5,1e-12,1.89656,0,1.3074e-11,1.71057e-12
Hessenberg basic,908,1,0,5,1e-12,0.624043,0,1.29603e-11,1.78447e-12
Hessenberg basic,908,1,1,5,1e-12,1.71009,0,1.22782e-11,1.96548e-12
Hessenberg basic,909,1,0,5,1e-12,0.901787,0,1.26192e-11,1.67708e-12
Hessenberg basic,909,1,1,5,1e-12,2.45516,0,1.4893e-11,1.85016e-12
Hessenberg basic,910,1,0,5,1e-12,0.723804,0,1.84173e-11,1.6911e-12
Hessenberg basic,910,1,1,5,1e-12,2.89292,0,1.46656e-11,1.78392e-12
Hessenberg basic,911,1,0,5,1e-12,0.758649,0,1.03455e-11,1.65622e-12
Hessenberg basic,911,1,1,5,1e-12,2.81293,0,1.37561e-11,1.76129e-12
Hessenberg basic,912,1,0,5,1e-12,1.28187,0,1.10276e-11,1.68163e-12
Hessenberg basic,912,1,1,5,1e-12,3.52043,0,1.35287e-11,1.84071e-12
Hessenberg basic,913,1,0,5,1e-12,1.32041,0,1.51203e-11,1.6445e-12
Hessenberg basic,913,1,1,5,1e-12,3.74874,0,1.13687e-11,1.79715e-12
Hessenberg basic,914,1,0,5,1e-12,1.70078,0,1.36424e-11,1.75456e-12
Hessenberg basic,914,1,1,5,1e-12,3.28686,0,1.4893e-11,1.85523e-12
Hessenberg basic,915,1,0,5,1e-12,1.57326,0,1.23919e-11,1.72475e-12
Hessenberg basic,915,1,1,5,1e-12,3.33482,0,1.08002e-11,1.74809e-12
Hessenberg basic,916,1,0,5,1e-12,1.737,0,1.38698e-11,1.79505e-12
Hessenberg basic,916,1,1,5,1e-12,3.17733,0,1.22782e-11,1.73545e-12
Hessenberg basic,917,1,0,5,1e-12,1.46495,0,1.14824e-11,1.7664e-12
Hessenberg basic,917,1,1,5,1e-12,3.68897,0,1.21645e-11,1.68496e-12
Hessenberg basic,918,1,0,5,1e-12,1.59522,0,1.76215e-11,1.80567e-12
Hessenberg basic,918,1,1,5,1e-12,2.77995,0,1.54614e-11,1.92527e-12
Hessenberg basic,919,1,0,5,1e-12,1.38811,0,1.27329e-11,1.75425e-12
Hessenberg basic,919,1,1,5,1e-12,2.56816,0,1.5234e-11,1.78823e-12
Hessenberg basic,920,1,0,5,1e-12,1.26159,0,1.11413e-11,1.78838e-12
Hessenberg basic,920,1,1,5,1e-12,2.30234,0,1.33014e-11,1.75006e-12
Hessenberg basic,921,1,0,5,1e-12,1.28961,0,1.06866e-11,1.57751e-12
Hessenberg basic,921,1,1,5,1e-12,2.46652,0,1.79625e-11,1.75387e-12
Hessenberg basic,922,1,0,5,1e-12,1.50088,0,1.33014e-11,1.75934e-12
Hessenberg basic,922,1,1,5,1e-12,2.03256,0,1.13687e-11,1.80448e-12
Hessenberg basic,923,1,0,5,1e-12,1.80311,0,1.36424e-11,1.64031e-12
Hessenberg basic,923,1,1,5,1e-12,2.35054,0,1.05729e-11,1.73252e-12
Hessenberg basic,924,1,0,5,1e-12,1.66706,0,1.15961e-11,1.71486e-12
Hessenberg basic,924,1,1,5,1e-12,2.37205,0,1.58025e-11,1.83031e-12
Hessenberg basic,925,1,0,5,1e-12,1.25843,0,1.20508e-11,1.62746e-12
Hessenberg basic,925,1,1,5,1e-12,2.5523,0,1.03455e-11,1.8526e-12
Hessenberg basic,926,1,0,5,1e-12,1.42926,0,9.89075e-12,1.68253e-12
Hessenberg basic,926,1,1,5,1e-12,2.546,0,1.09139e-11,1.70544e-12
Hessenberg basic,927,1,0,5,1e-12,1.2503,0,1.48361e-11,1.68381e-12
Hessenberg basic,927,1,1,5,1e-12,2.51913,0,1.17097e-11,1.71476e-12
Hessenberg basic,928,1,0,5,1e-12,1.15359,0,1.40972e-11,1.76828e-12
Hessenberg basic,928,1,1,5,1e-12,2.46381,0,1.06866e-11,1.6851e-12
Hessenberg basic,929,1,0,5,1e-12,1.2334,0,8.86757e-12,1.59168e-12
Hessenberg basic,929,1,1,5,1e-12,2.21883,0,1.10276e-11,1.65784e-12
Hessenberg basic,930,1,0,5,1e-12,1.15208,0,8.86757e-12,1.75974e-12
Hessenberg basic,930,1,1,5,1e-12,2.62727,0,1.53477e-11,1.83052e-12
Hessenberg basic,931,1,0,5,1e-12,1.33638,0,1.14824e-11,1.56841e-12
Hessenberg basic,931,1,1,5,1e-12,2.53245,0,1.04592e-11,1.76908e-12
Hessenberg basic,932,1,0,5,1e-12,1.2148,0,8.6402e-12,1.61121e-12
Hessenberg basic,932,1,1,5,1e-12,2.75246,0,1.4893e-11,1.76776e-12
Hessenberg basic,933,1,0,5,1e-12,1.3707,0,1.26192e-11,1.60169e-12
Hessenberg basic,933,1,1,5,1e-12,2.41459,0,1.20508e-11,1.74786e-12
Hessenberg basic,934,1,0,5,1e-12,1.78402,0,1.39835e-11,1.66361e-12
Hessenberg basic,934,1,1,5,1e-12,3.12099,0,1.25056e-11,1.91743e-12
Hessenberg basic,935,1,0,5,1e-12,2.16704,0,1.33014e-11,1.69591e-12
Hessenberg basic,935,1,1,5,1e-12,3.63286,0,1.05729e-11,1.80862e-12
Hessenberg basic,936,1,0,5,1e-12,1.99945,0,1.08002e-11,1.72597e-12
Hessenberg basic,936,1,1,5,1e-12,5.37547,0,1.02318e-11,1.81366e-12
Hessenberg basic,937,1,0,5,1e-12,2.19306,0,1.36424e-11,1.65375e-12
Hessenberg basic,937,1,1,5,1e-12,3.58787,0,1.75078e-11,1.73214e-12
Hessenberg basic,938,1,0,5,1e-12,1.62585,0,1.22782e-11,1.55268e-12
Hessenberg basic,938,1,1,5,1e-12,3.44638,0,1.09139e-11,1.76063e-12
Hessenberg basic,939,1,0,5,1e-12,1.80002,0,1.11413e-11,1.69004e-12
Hessenberg basic,939,1,1,5,1e-12,3.2062,0,2.10321e-11,1.82671e-12
Hessenberg basic,940,1,0,5,1e-12,1.65613,0,1.20508e-11,1.63179e-12
Hessenberg basic,940,1,1,5,1e-12,2.99029,0,1.10276e-11,1.71938e-12
Hessenberg basic,941,1,0,5,1e-12,1.72927,0,1.25056e-11,1.63327e-12
Hessenberg basic,941,1,1,5,1e-12,2.45065,0,1.02318e-11,1.68175e-12
Hessenberg basic,942,1,0,5,1e-12,2.65994,0,1.21645e-11,1.64895e-12
Hessenberg basic,942,1,1,5,1e-12,2.92151,0,1.20508e-11,1.80589e-12
Hessenberg basic,943,1,0,5,1e-12,1.97301,0,7.7307e-12,1.58664e-12
Hessenberg basic,943,1,1,5,1e-12,2.64717,0,1.15961e-11,1.80017e-12
Hessenberg basic,944,1,0,5,1e-12,1.68425,0,1.05729e-11,1.653e-12
Hessenberg basic,944,1,1,5,1e-12,2.53009,0,1.17097e-11,1.79982e-12
Hessenberg basic,945,1,0,5,1e-12,1.61982,0,1.27329e-11,1.67718e-12
Hessenberg basic,945,1,1,5,1e-12,2.95345,0,1.08002e-11,1.79401e-12
Hessenberg basic,946,1,0,5,1e-12,1.74155,0,1.21645e-11,1.7432e-12
Hessenberg basic,946,1,1,5,1e-12,3.15072,0,1.01181e-11,1.82648e-12
Hessenberg basic,947,1,0,5,1e-12,1.45699,0,1.13687e-11,1.66006e-12
Hessenberg basic,947,1,1,5,1e-12,3.1451,0,1.4893e-11,1.72772e-12
Hessenberg basic,948,1,0,5,1e-12,1.76208,0,1.00044e-11,1.66697e-12
Hessenberg basic,948,1,1,5,1e-12,2.07459,0,1.17097e-11,1.71248e-12
Hessenberg basic,949,1,0,5,1e-12,1.59862,0,1.55751e-11,1.74734e-12
Hessenberg basic,949,1,1,5,1e-12,2.29159,0,1.37561e-11,1.67235e-12
Hessenberg basic,950,1,0,5,1e-12,1.59374,0,1.20508e-11,1.66388e-12
Hessenberg basic,950,1,1,5,1e-12,2.0477,0,1.20508e-11,1.70424e-12
Hessenberg basic,951,1,0,5,1e-12,1.63152,0,1.1255e-11,1.72101e-12
Hessenberg basic,951,1,1,5,1e-12,1.87154,0,1.38698e-11,1.74898e-12
Hessenberg basic,952,1,0,5,1e-12,1.51229,0,1.56888e-11,1.71794e-12
Hessenberg basic,952,1,1,5,1e-12,2.11782,0,1.54614e-11,1.80036e-12
Hessenberg basic,953,1,0,5,1e-12,0.947308,0,1.39835e-11,1.75208e-12
Hessenberg basic,953,1,1,5,1e-12,2.02792,0,1.13687e-11,1.75749e-12
Hessenberg basic,954,1,0,5,1e-12,0.957809,0,1.23919e-11,1.72517e-12
Hessenberg basic,954,1,1,5,1e-12,3.6372,0,1.22782e-11,1.98733e-12
Hessenberg basic,955,1,0,5,1e-12,1.60003,0,1.50067e-11,1.67261e-12
Hessenberg basic,955,1,1,5,1e-12,3.95094,0,1.72804e-11,1.80874e-12
Hessenberg basic,956,1,0,5,1e-12,1.83253,0,1.13687e-11,1.68473e-12
Hessenberg basic,956,1,1,5,1e-12,3.93777,0,1.39835e-11,1.82112e-12
Hessenberg basic,957,1,0,5,1e-12,1.63255,0,1.40972e-11,1.67066e-12
Hessenberg basic,957,1,1,5,1e-12,4.33471,0,1.42109e-11,1.8403e-12
Hessenberg basic,958,1,0,5,1e-12,2.00076,0,1.44382e-11,1.80621e-12
Hessenberg basic,958,1,1,5,1e-12,3.65547,0,1.31877e-11,1.9e-12
Hessenberg basic,959,1,0,5,1e-12,1.47745,0,1.54614e-11,1.71826e-12
Hessenberg basic,959,1,1,5,1e-12,3.29816,0,1.31877e-11,1.85319e-12
Hessenberg basic,960,1,0,5,1e-12,1.53067,0,1.28466e-11,1.82931e-12
Hessenberg basic,960,1,1,5,1e-12,3.12384,0,1.25056e-11,1.86034e-12
Hessenberg basic,961,1,0,5,1e-12,1.01282,0,1.14824e-11,1.79401e-12
Hessenberg basic,961,1,1,5,1e-12,3.28431,0,1.42109e-11,1.88731e-12
Hessenberg basic,962,1,0,5,1e-12,1.08002,0,1.03455e-11,1.72862e-12
Hessenberg basic,962,1,1,5,1e-12,2.65874,0,1.87583e-11,1.87581e-12
Hessenberg basic,963,1,0,5,1e-12,1.10887,0,1.15961e-11,1.74903e-12
Hessenberg basic,963,1,1,5,1e-12,2.89238,0,1.51203e-11,1.8096e-12
Hessenberg basic,964,1,0,5,1e-12,1.50212,0,1.00044e-11,1.68323e-12
Hessenberg basic,964,1,1,5,1e-12,3.91911,0,1.65983e-11,1.75478e-12
Hessenberg basic,965,1,0,5,1e-12,0.918156,0,1.31877e-11,1.75677e-12
Hessenberg basic,965,1,1,5,1e-12,3.6921,0,2.37605e-11,1.84783e-12
Hessenberg basic,966,1,0,5,1e-12,1.1253,0,1.51203e-11,1.6662e-12
Hessenberg basic,966,1,1,5,1e-12,4.18922,0,1.45519e-11,1.82232e-12
Hessenberg basic,967,1,0,5,1e-12,1.36239,0,9.20863e-12,1.72623e-12
Hessenberg basic,967,1,1,5,1e-12,4.03151,0,1.45519e-11,1.7953e-12
Hessenberg basic,968,1,0,5,1e-12,1.2137,0,1.19371e-11,1.74623e-12
Hessenberg basic,968,1,1,5,1e-12,4.40382,0,1.23919e-11,1.96157e-12
Hessenberg basic,969,1,0,5,1e-12,2.01695,0,1.15961e-11,1.77141e-12
Hessenberg basic,969,1,1,5,1e-12,4.96315,0,1.06866e-11,1.8114e-12
Hessenberg basic,970,1,0,5,1e-12,1.50617,0,1.05729e-11,1.69997e-12
Hessenberg basic,970,1,1,5,1e-12,4.4312,0,1.44382e-11,1.81707e-12
Hessenberg basic,971,1,0,5,1e-12,1.32877,0,1.54614e-11,1.80261e-12
Hessenberg basic,971,1,1,5,1e-12,4.17917,0,1.47793e-11,1.90925e-12
Hessenberg basic,972,1,0,5,1e-12,1.61451,0,1.13687e-11,1.60841e-12
Hessenberg basic,972,1,1,5,1e-12,3.43394,0,1.1255e-11,1.78584e-12
Hessenberg basic,973,1,0,5,1e-12,1.78865,0,1.23919e-11,1.79302e-12
Hessenberg basic,973,1,1,5,1e-12,4.19749,0,1.33014e-11,1.7463e-12
Hessenberg basic,974,1,0,5,1e-12,1.32252,0,1.15961e-11,1.66417e-12
Hessenberg basic,974,1,1,5,1e-12,2.93008,0,1.28466e-11,1.86627e-12
Hessenberg basic,975,1,0,5,1e-12,2.07392,0,1.56888e-11,1.68404e-12
Hessenberg basic,975,1,1,5,1e-12,4.40869,0,1.65983e-11,1.82381e-12
Hessenberg basic,976,1,0,5,1e-12,1.44735,0,1.18234e-11,1.65481e-12
Hessenberg basic,976,1,1,5,1e-12,3.07274,0,1.60298e-11,2.02006e-12
Hessenberg basic,977,1,0,5,1e-12,2.06015,0,1.55751e-11,1.70873e-12
Hessenberg basic,977,1,1,5,1e-12,4.31646,0,1.7053e-11,1.84165e-12
Hessenberg basic,978,1,0,5,1e-12,1.38738,0,2.08047e-11,1.85606e-12
Hessenberg basic,978,1,1,5,1e-12,4.14653,0,1.43245e-11,1.68489e-12
Hessenberg basic,979,1,0,5,1e-12,1.48135,0,1.13687e-11,1.85902e-12
Hessenberg basic,979,1,1,5,1e-12,3.59084,0,1.25056e-11,1.82189e-12
Hessenberg basic,980,1,0,5,1e-12,2.39192,0,1.69393e-11,1.74231e-12
Hessenberg basic,980,1,1,5,1e-12,3.91363,0,1.39835e-11,1.88133e-12
Hessenberg basic,981,1,0,5,1e-12,2.2934,0,1.43245e-11,1.64826e-12
Hessenberg basic,981,1,1,5,1e-12,3.58379,0,1.56888e-11,1.79841e-12
Hessenberg basic,982,1,0,5,1e-12,1.93233,0,1.26192e-11,1.65405e-12
Hessenberg basic,982,1,1,5,1e-12,3.92032,0,1.18234e-11,1.67766e-12
Hessenberg basic,983,1,0,5,1e-12,1.89885,0,1.29603e-11,1.67309e-12
Hessenberg basic,983,1,1,5,1e-12,4.49798,0,1.50635e-11,1.79064e-12
Hessenberg basic,984,1,0,5,1e-12,1.63618,0,1.03455e-11,1.68829e-12
Hessenberg basic,984,1,1,5,1e-12,3.33163,0,1.05729e-11,1.71147e-12
Hessenberg basic,985,1,0,5,1e-12,1.58227,0,1.10276e-11,1.60452e-12
Hessenberg basic,985,1,1,5,1e-12,3.645,0,1.22782e-11,1.86428e-12
Hessenberg basic,986,1,0,5,1e-12,2.13909,0,1.21645e-11,1.71206e-12
Hessenberg basic,986,1,1,5,1e-12,4.09225,0,1.50067e-11,1.78777e-12
Hessenberg basic,987,1,0,5,1e-12,2.47891,0,1.14824e-11,1.71465e-12
Hessenberg basic,987,1,1,5,1e-12,3.98488,0,1.8531e-11,1.94018e-12
Hessenberg basic,988,1,0,5,1e-12,1.47738,0,1.03455e-11,1.73366e-12
Hessenberg basic,988,1,1,5,1e-12,5.25821,0,1.17097e-11,1.8334e-12
Hessenberg basic,989,1,0,5,1e-12,1.67781,0,1.2335e-11,1.57983e-12
Hessenberg basic,989,1,1,5,1e-12,3.93754,0,1.14824e-11,1.75356e-12
Hessenberg basic,990,1,0,5,1e-12,1.44769,0,1.21645e-11,1.59311e-12
Hessenberg basic,990,1,1,5,1e-12,3.11267,0,1.29603e-11,1.76573e-12
Hessenberg basic,991,1,0,5,1e-12,1.8643,0,1.4893e-11,1.70663e-12
Hessenberg basic,991,1,1,5,1e-12,3.90857,0,1.50067e-11,1.86446e-12
Hessenberg basic,992,1,0,5,1e-12,2.78982,0,2.01226e-11,1.75396e-12
Hessenberg basic,992,1,1,5,1e-12,4.76172,0,1.54614e-11,1.81959e-12
Hessenberg basic,993,1,0,5,1e-12,1.80561,0,1.25056e-11,1.71401e-12
Hessenberg basic,993,1,1,5,1e-12,4.49937,0,1.33014e-11,1.92079e-12
Hessenberg basic,994,1,0,5,1e-12,1.44547,0,1.27329e-11,1.68338e-12
Hessenberg basic,994,1,1,5,1e-12,3.40505,0,1.58025e-11,1.89283e-12
Hessenberg basic,995,1,0,5,1e-12,1.6424,0,1.15961e-11,1.80759e-12
Hessenberg basic,995,1,1,5,1e-12,4.46053,0,1.28466e-11,1.82349e-12
Hessenberg basic,996,1,0,5,1e-12,1.72926,0,1.10276e-11,1.83172e-12
Hessenberg basic,996,1,1,5,1e-12,3.15213,0,1.54614e-11,1.77305e-12
Hessenberg basic,997,1,0,5,1e-12,3.16726,0,1.33014e-11,1.82187e-12
Hessenberg basic,997,1,1,5,1e-12,4.65304,0,1.21645e-11,1.79195e-12
Hessenberg basic,998,1,0,5,1e-12,1.48296,0,1.23919e-11,1.68579e-12
Hessenberg basic,998,1,1,5,1e-12,3.38373,0,1.45519e-11,1.82278e-12
Hessenberg basic,999,1,0,5,1e-12,2.0424,0,1.3415e-11,1.70147e-12
Hessenberg basic,999,1,1,5,1e-12,4.74386,0,1.19371e-11,1.84419e-12
Hessenberg basic,1000,1,0,5,1e-12,2.65838,0,1.13687e-11,1.74901e-12
Hessenberg basic,1000,1,1,5,1e-12,4.23423,0,1.17097e-11,1.75677e-12
