version, size, hermitian, complex, seed, tol, runtime in s,min_error, max_error, avg_error
Hessenberg basic,900,1,0,2,1e-12,1.19905,0,1.11413e-11,1.62208e-12
Hessenberg basic,900,1,1,2,1e-12,2.31517,0,1.18234e-11,1.69722e-12
Hessenberg basic,901,1,0,2,1e-12,1.56795,0,9.54969e-12,1.67837e-12
Hessenberg basic,901,1,1,2,1e-12,2.44582,0,9.20863e-12,1.63756e-12
Hessenberg basic,902,1,0,2,1e-12,1.49197,0,1.23919e-11,1.5674e-12
Hessenberg basic,902,1,1,2,1e-12,2.95573,0,1.47793e-11,1.77211e-12
Hessenberg basic,903,1,0,2,1e-12,1.69206,0,8.75389e-12,1.64037e-12
Hessenberg basic,903,1,1,2,1e-12,3.62954,0,1.28466e-11,1.82517e-12
Hessenberg basic,904,1,0,2,1e-12,0.970692,0,1.29603e-11,1.718e-12
Hessenberg basic,904,1,1,2,1e-12,3.33358,0,1.18234e-11,1.79029e-12
Hessenberg basic,905,1,0,2,1e-12,1.03923,0,1.27329e-11,1.76061e-12
Hessenberg basic,905,1,1,2,1e-12,3.10438,0,1.27329e-11,1.73055e-12
Hessenberg basic,906,1,0,2,1e-12,0.871969,0,1.09139e-11,1.58602e-12
Hessenberg basic,906,1,1,2,1e-12,2.86684,0,1.05729e-11,1.74304e-12
Hessenberg basic,907,1,0,2,1e-12,1.09396,0,1.08002e-11,1.80377e-12
Hessenberg basic,907,1,1,2,1e-12,2.76346,0,1.17097e-11,1.84121e-12
Hessenberg basic,908,1,0,2,1e-12,1.73045,0,8.52651e-12,1.59904e-12
Hessenberg basic,908,1,1,2,1e-12,3.44981,0,1.20508e-11,1.74701e-12
Hessenberg basic,909,1,0,2,1e-12,1.17869,0,8.98126e-12,1.69643e-12
Hessenberg basic,909,1,1,2,1e-12,2.97776,0,9.77707e-12,1.7506e-12
Hessenberg basic,910,1,0,2,1e-12,1.39767,0,1.15961e-11,1.69227e-12
Hessenberg basic,910,1,1,2,1e-12,3.17095,0,1.15961e-11,1.77713e-12
Hessenberg basic,911,1,0,2,1e-12,1.30852,0,1.33014e-11,1.61213e-12
Hessenberg basic,911,1,1,2,1e-12,3.15104,0,1.1255e-11,1.68113e-12
Hessenberg basic,912,1,0,2,1e-12,1.20999,0,1.05729e-11,1.8187e-12
Hessenberg basic,912,1,1,2,1e-12,2.93066,0,1.39835e-11,1.76743e-12
Hessenberg basic,913,1,0,2,1e-12,1.16569,0,8.98126e-12,1.70377e-12
Hessenberg basic,913,1,1,2,1e-12,3.31127,0,1.28466e-11,1.8722e-12
Hessenberg basic,914,1,0,2,1e-12,1.05217,0,1.83036e-11,1.689e-12
Hessenberg basic,914,1,1,2,1e-12,2.99329,0,1.19371e-11,1.73556e-12
Hessenberg basic,915,1,0,2,1e-12,1.40084,0,1.25056e-11,1.69126e-12
Hessenberg basic,915,1,1,2,1e-12,2.81764,0,1.3415e-11,1.81046e-12
Hessenberg basic,916,1,0,2,1e-12,1.57631,0,1.00044e-11,1.72395e-12
Hessenberg basic,916,1,1,2,1e-12,2.915,0,1.11413e-11,1.81391e-12
Hessenberg basic,917,1,0,2,1e-12,1.19292,0,1.59162e-11,1.75304e-12
Hessenberg basic,917,1,1,2,1e-12,2.60096,0,1.53477e-11,1.73652e-12
Hessenberg basic,918,1,0,2,1e-12,1.0643,0,1.22782e-11,1.86989e-12
Hessenberg basic,918,1,1,2,1e-12,3.03034,0,1.36424e-11,1.78688e-12
Hessenberg basic,919,1,0,2,1e-12,1.18994,0,1.17097e-11,1.65763e-12
Hessenberg basic,919,1,1,2,1e-12,2.88785,0,1.10276e-11,1.72896e-12
Hessenberg basic,920,1,0,2,1e-12,1.35262,0,1.3074e-11,1.71876e-12
Hessenberg basic,920,1,1,2,1e-12,2.8739,0,1.68257e-11,1.76266e-12
Hessenberg basic,921,1,0,2,1e-12,1.21896,0,1.37561e-11,1.7816e-12
Hessenberg basic,921,1,1,2,1e-12,3.24058,0,1.44382e-11,1.751e-12
Hessenberg basic,922,1,0,2,1e-12,1.12185,0,1.13687e-11,1.64736e-12
Hessenberg basic,922,1,1,2,1e-12,2.98982,0,1.36424e-11,1.69592e-12
Hessenberg basic,923,1,0,2,1e-12,1.29873,0,1.08002e-11,1.80763e-12
Hessenberg basic,923,1,1,2,1e-12,2.94006,0,1.33014e-11,1.80151e-12
Hessenberg basic,924,1,0,2,1e-12,1.18876,0,1.02318e-11,1.66788e-12
Hessenberg basic,924,1,1,2,1e-12,3.21857,0,1.08002e-11,1.74291e-12
Hessenberg basic,925,1,0,2,1e-12,1.17059,0,1.13687e-11,1.74874e-12
Hessenberg basic,925,1,1,2,1e-12,3.09462,0,1.15961e-11,1.79261e-12
Hessenberg basic,926,1,0,2,1e-12,1.34637,0,1.21645e-11,1.62559e-12
Hessenberg basic,926,1,1,2,1e-12,3.05635,0,1.23919e-11,1.76912e-12
Hessenberg basic,927,1,0,2,1e-12,1.20239,0,1.1255e-11,1.8543e-12
Hessenberg basic,927,1,1,2,1e-12,3.44725,0,1.18234e-11,1.97846e-12
Hessenberg basic,928,1,0,2,1e-12,1.05991,0,1.10276e-11,1.82542e-12
Hessenberg basic,928,1,1,2,1e-12,3.54444,0,1.08002e-11,1.76185e-12
Hessenberg basic,929,1,0,2,1e-12,1.34192,0,1.3074e-11,1.67501e-12
Hessenberg basic,929,1,1,2,1e-12,3.4514,0,1.27329e-11,1.8018e-12
Hessenberg basic,930,1,0,2,1e-12,1.88229,0,1.20508e-11,1.82523e-12
Hessenberg basic,930,1,1,2,1e-12,2.74034,0,1.21645e-11,1.86488e-12
Hessenberg basic,931,1,0,2,1e-12,1.69264,0,1.10276e-11,1.81078e-12
Hessenberg basic,931,1,1,2,1e-12,2.94313,0,1.33014e-11,1.81774e-12
Hessenberg basic,932,1,0,2,1e-12,1.65818,0,1.19371e-11,1.82587e-12
Hessenberg basic,932,1,1,2,1e-12,2.96734,0,1.01181e-11,1.78617e-12
Hessenberg basic,933,1,0,2,1e-12,2.16411,0,1.35287e-11,1.75377e-12
Hessenberg basic,933,1,1,2,1e-12,3.60428,0,1.22782e-11,1.93846e-12
Hessenberg basic,934,1,0,2,1e-12,1.14532,0,1.29603e-11,1.73454e-12
Hessenberg basic,934,1,1,2,1e-12,3.84717,0,1.25056e-11,1.85702e-12
Hessenberg basic,935,1,0,2,1e-12,1.05292,0,1.19371e-11,1.64274e-12
Hessenberg basic,935,1,1,2,1e-12,3.46441,0,9.32232e-12,1.77062e-12
Hessenberg basic,936,1,0,2,1e-12,1.0057,0,1.3074e-11,1.79038e-12
Hessenberg basic,936,1,1,2,1e-12,3.59233,0,1.05729e-11,1.91896e-12
Hessenberg basic,937,1,0,2,1e-12,1.18849,0,1.08002e-11,1.83389e-12
Hessenberg basic,937,1,1,2,1e-12,4.5341,0,1.00044e-11,1.86305e-12
Hessenberg basic,938,1,0,2,1e-12,1.27286,0,8.86757e-12,1.64579e-12
Hessenberg basic,938,1,1,2,1e-12,4.17581,0,1.08002e-11,1.87857e-12
Hessenberg basic,939,1,0,2,1e-12,1.43324,0,1.59162e-11,1.78465e-12
Hessenberg basic,939,1,1,2,1e-12,3.67813,0,1.21645e-11,1.89124e-12
Hessenberg basic,940,1,0,2,1e-12,1.28421,0,1.1255e-11,1.8424e-12
Hessenberg basic,940,1,1,2,1e-12,3.36994,0,1.29603e-11,1.92799e-12
Hessenberg basic,941,1,0,2,1e-12,1.32207,0,1.19371e-11,1.90264e-12
Hessenberg basic,941,1,1,2,1e-12,3.38835,0,1.64846e-11,1.91929e-12
Hessenberg basic,942,1,0,2,1e-12,1.28312,0,2.18279e-11,1.74128e-12
Hessenberg basic,942,1,1,2,1e-12,3.18335,0,9.89075e-12,1.84252e-12
Hessenberg basic,943,1,0,2,1e-12,1.66374,0,1.4893e-11,1.98635e-12
Hessenberg basic,943,1,1,2,1e-12,3.62093,0,1.68257e-11,1.86739e-12
Hessenberg basic,944,1,0,2,1e-12,1.49145,0,1.09139e-11,1.88244e-12
Hessenberg basic,944,1,1,2,1e-12,3.61479,0,1.27329e-11,1.88097e-12
Hessenberg basic,945,1,0,2,1e-12,1.47704,0,1.22782e-11,1.76461e-12
Hessenberg basic,945,1,1,2,1e-12,3.88134,0,1.47793e-11,1.96558e-12
Hessenberg basic,946,1,0,2,1e-12,1.17834,0,1.10276e-11,1.79648e-12
Hessenberg basic,946,1,1,2,1e-12,4.24495,0,1.28466e-11,1.88972e-12
Hessenberg basic,947,1,0,2,1e-12,1.18374,0,1.3415e-11,1.70248e-12
Hessenberg basic,947,1,1,2,1e-12,3.36943,0,1.5234e-11,1.90819e-12
Hessenberg basic,948,1,0,2,1e-12,1.21992,0,1.06866e-11,1.86492e-12
Hessenberg basic,948,1,1,2,1e-12,4.15033,0,1.26192e-11,1.78548e-12
Hessenberg basic,949,1,0,2,1e-12,1.57422,0,1.17097e-11,1.63538e-12
Hessenberg basic,949,1,1,2,1e-12,4.64164,0,1.20508e-11,1.78165e-12
Hessenberg basic,950,1,0,2,1e-12,1.34006,0,1.39835e-11,1.74565e-12
Hessenberg basic,950,1,1,2,1e-12,4.16976,0,1.60298e-11,1.85977e-12
Hessenberg basic,951,1,0,2,1e-12,1.26173,0,1.08002e-11,1.85225e-12
Hessenberg basic,951,1,1,2,1e-12,4.14423,0,1.11413e-11,1.77487e-12
Hessenberg basic,952,1,0,2,1e-12,1.25283,0,1.60298e-11,1.8378e-12
Hessenberg basic,952,1,1,2,1e-12,4.34176,0,1.21645e-11,1.91042e-12
Hessenberg basic,953,1,0,2,1e-12,1.5523,0,1.08002e-11,1.85585e-12
Hessenberg basic,953,1,1,2,1e-12,4.31843,0,1.31877e-11,1.936e-12
Hessenberg basic,954,1,0,2,1e-12,1.15734,0,1.31877e-11,1.74162e-12
Hessenberg basic,954,1,1,2,1e-12,3.74532,0,1.21645e-11,1.76826e-12
Hessenberg basic,955,1,0,2,1e-12,1.09079,0,1.37561e-11,1.68517e-12
Hessenberg basic,955,1,1,2,1e-12,3.52171,0,1.17097e-11,1.64764e-12
Hessenberg basic,956,1,0,2,1e-12,1.44517,0,1.08002e-11,1.67885e-12
Hessenberg basic,956,1,1,2,1e-12,3.96829,0,1.21645e-11,1.78317e-12
Hessenberg basic,957,1,0,2,1e-12,2.07548,0,1.18234e-11,1.79109e-12
Hessenberg basic,957,1,1,2,1e-12,4.57517,0,1.40972e-11,1.67849e-12
Hessenberg basic,958,1,0,2,1e-12,1.88216,0,9.43601e-12,1.70613e-12
Hessenberg basic,958,1,1,2,1e-12,4.0107,0,1.28466e-11,1.76758e-12
Hessenberg basic,959,1,0,2,1e-12,1.93234,0,1.36424e-11,1.69928e-12
Hessenberg basic,959,1,1,2,1e-12,3.88076,0,1.15961e-11,1.76897e-12
Hessenberg basic,960,1,0,2,1e-12,1.49942,0,1.21645e-11,1.70571e-12
Hessenberg basic,960,1,1,2,1e-12,3.61905,0,1.21645e-11,1.7163e-12
Hessenberg basic,961,1,0,2,1e-12,1.38704,0,1.69393e-11,1.7764e-12
Hessenberg basic,961,1,1,2,1e-12,4.54377,0,1.04592e-11,1.79401e-12
Hessenberg basic,962,1,0,2,1e-12,1.70541,0,1.18234e-11,1.69261e-12
Hessenberg basic,962,1,1,2,1e-12,4.9726,0,1.00044e-11,1.6888e-12
Hessenberg basic,963,1,0,2,1e-12,1.32586,0,1.29603e-11,1.68078e-12
Hessenberg basic,963,1,1,2,1e-12,4.76115,0,1.4893e-11,1.80489e-12
Hessenberg basic,964,1,0,2,1e-12,1.5906,0,1.3415e-11,1.63631e-12
Hessenberg basic,964,1,1,2,1e-12,4.60343,0,9.77707e-12,1.70655e-12
Hessenberg basic,965,1,0,2,1e-12,1.22344,0,1.21645e-11,1.72413e-12
Hessenberg basic,965,1,1,2,1e-12,4.197,0,1.40972e-11,1.79473e-12
Hessenberg basic,966,1,0,2,1e-12,1.23039,0,1.15961e-11,1.75981e-12
Hessenberg basic,966,1,1,2,1e-12,3.57286,0,1.5234e-11,1.93348e-12
Hessenberg basic,967,1,0,2,1e-12,1.32283,0,1.00044e-11,1.68353e-12
Hessenberg basic,967,1,1,2,1e-12,3.84451,0,1.27329e-11,1.75617e-12
Hessenberg basic,968,1,0,2,1e-12,2.11661,0,1.09139e-11,1.72211e-12
Hessenberg basic,968,1,1,2,1e-12,4.40345,0,1.08002e-11,1.76825e-12
Hessenberg basic,969,1,0,2,1e-12,2.34735,0,1.15961e-11,1.65615e-12
Hessenberg basic,969,1,1,2,1e-12,4.02607,0,1.38698e-11,1.8867e-12
Hessenberg basic,970,1,0,2,1e-12,2.21252,0,1.19371e-11,1.61966e-12
Hessenberg basic,970,1,1,2,1e-12,4.05968,0,1.11413e-11,1.7375e-12
Hessenberg basic,971,1,0,2,1e-12,1.87985,0,1.23919e-11,1.72887e-12
Hessenberg basic,971,1,1,2,1e-12,3.99232,0,1.40972e-11,1.66816e-12
Hessenberg basic,972,1,0,2,1e-12,1.44611,0,9.32232e-12,1.6485e-12
Hessenberg basic,972,1,1,2,1e-12,3.67684,0,1.13687e-11,1.66896e-12
Hessenberg basic,973,1,0,2,1e-12,1.1632,0,1.36424e-11,1.76476e-12
Hessenberg basic,973,1,1,2,1e-12,4.68526,0,1.02318e-11,1.69587e-12
Hessenberg basic,974,1,0,2,1e-12,1.65466,0,1.03455e-11,1.62249e-12
Hessenberg basic,974,1,1,2,1e-12,5.21776,0,8.6402e-12,1.72647e-12
Hessenberg basic,975,1,0,2,1e-12,1.75132,0,1.00044e-11,1.65141e-12
Hessenberg basic,975,1,1,2,1e-12,5.0146,0,1.20508e-11,1.78173e-12
Hessenberg basic,976,1,0,2,1e-12,1.51969,0,1.17097e-11,1.76963e-12
Hessenberg basic,976,1,1,2,1e-12,4.68648,0,8.75389e-12,1.75313e-12
Hessenberg basic,977,1,0,2,1e-12,1.18621,0,1.43245e-11,1.64575e-12
Hessenberg basic,977,1,1,2,1e-12,4.01496,0,1.06866e-11,1.7108e-12
Hessenberg basic,978,1,0,2,1e-12,1.32194,0,1.00044e-11,1.76164e-12
Hessenberg basic,978,1,1,2,1e-12,3.80878,0,1.46656e-11,1.75379e-12
Hessenberg basic,979,1,0,2,1e-12,1.33659,0,1.13687e-11,1.59955e-12
Hessenberg basic,979,1,1,2,1e-12,3.55423,0,1.61435e-11,1.82677e-12
Hessenberg basic,980,1,0,2,1e-12,1.89871,0,9.54969e-12,1.69675e-12
Hessenberg basic,980,1,1,2,1e-12,3.16278,0,1.54614e-11,1.77399e-12
Hessenberg basic,981,1,0,2,1e-12,2.2883,0,1.65983e-11,1.65896e-12
Hessenberg basic,981,1,1,2,1e-12,3.52973,0,1.28466e-11,1.8001e-12
Hessenberg basic,982,1,0,2,1e-12,2.34903,0,1.27329e-11,1.68516e-12
Hessenberg basic,982,1,1,2,1e-12,3.45676,0,1.1255e-11,1.80745e-12
Hessenberg basic,983,1,0,2,1e-12,2.25593,0,1.40972e-11,1.73783e-12
Hessenberg basic,983,1,1,2,1e-12,3.40718,0,1.54614e-11,1.84962e-12
Hessenberg basic,984,1,0,2,1e-12,2.15004,0,1.51203e-11,1.76432e-12
Hessenberg basic,984,1,1,2,1e-12,4.07621,0,1.36424e-11,1.72861e-12
Hessenberg basic,985,1,0,2,1e-12,2.41044,0,1.11413e-11,1.70061e-12
Hessenberg basic,985,1,1,2,1e-12,4.35019,0,1.15961e-11,1.70074e-12
Hessenberg basic,986,1,0,2,1e-12,1.77015,0,1.27329e-11,1.65628e-12
Hessenberg basic,986,1,1,2,1e-12,4.62381,0,1.25056e-11,1.80745e-12
Hessenberg basic,987,1,0,2,1e-12,1.70543,0,1.23919e-11,1.73332e-12
Hessenberg basic,987,1,1,2,1e-12,4.2039,0,1.69393e-11,1.92344e-12
Hessenberg basic,988,1,0,2,1e-12,1.67923,0,1.18234e-11,1.62328e-12
Hessenberg basic,988,1,1,2,1e-12,4.09273,0,1.09139e-11,1.74436e-12
Hessenberg basic,989,1,0,2,1e-12,1.70936,0,1.04592e-11,1.6427e-12
Hessenberg basic,989,1,1,2,1e-12,4.40643,0,1.40972e-11,1.80527e-12
Hessenberg basic,990,1,0,2,1e-12,2.05441,0,1.31877e-11,1.78343e-12
Hessenberg basic,990,1,1,2,1e-12,3.8419,0,1.42109e-11,1.87541e-12
Hessenberg basic,991,1,0,2,1e-12,2.09481,0,1.19371e-11,1.74389e-12
Hessenberg basic,991,1,1,2,1e-12,3.85894,0,1.10276e-11,1.86245e-12
Hessenberg basic,992,1,0,2,1e-12,1.98373,0,1.02318e-11,1.64585e-12
Hessenberg basic,992,1,1,2,1e-12,3.72607,0,1.27329e-11,1.72358e-12
Hessenberg basic,993,1,0,2,1e-12,2.14162,0,1.64846e-11,1.64689e-12
Hessenberg basic,993,1,1,2,1e-12,4.14956,0,1.21645e-11,1.90282e-12
Hessenberg basic,994,1,0,2,1e-12,2.14821,0,1.3415e-11,1.61521e-12
Hessenberg basic,994,1,1,2,1e-12,3.88237,0,1.17097e-11,1.92838e-12
Hessenberg basic,995,1,0,2,1e-12,2.71333,0,1.33014e-11,1.67017e-12
Hessenberg basic,995,1,1,2,1e-12,3.98339,0,1.56888e-11,1.82139e-12
Hessenberg basic,996,1,0,2,1e-12,1.34508,0,1.17097e-11,1.76704e-12
Hessenberg basic,996,1,1,2,1e-12,4.07332,0,1.15961e-11,1.85772e-12
Hessenberg basic,997,1,0,2,1e-12,1.45029,0,1.10276e-11,1.64166e-12
Hessenberg basic,997,1,1,2,1e-12,3.22619,0,1.05729e-11,1.77328e-12
Hessenberg basic,998,1,0,2,1e-12,1.82309,0,1.09139e-11,1.62949e-12
Hessenberg basic,998,1,1,2,1e-12,3.66407,0,1.01181e-11,1.84021e-12
Hessenberg basic,999,1,0,2,1e-12,0.901826,0,1.17097e-11,1.69602e-12
Hessenberg basic,999,1,1,2,1e-12,2.90585,0,1.22782e-11,1.92996e-12
Hessenberg basic,1000,1,0,2,1e-12,1.6704,0,1.31877e-11,1.67102e-12
Hessenberg basic,1000,1,1,2,1e-12,2.54075,0,1.09139e-11,1.87747e-12
