version, size, hermitian, complex, seed, tol, runtime in s,min_error, max_error, avg_error
Hessenberg basic,900,1,0,4,1e-12,1.55443,0,1.05729e-11,1.61416e-12
Hessenberg basic,900,1,1,4,1e-12,1.62213,0,1.1255e-11,1.73105e-12
Hessenberg basic,901,1,0,4,1e-12,1.35238,0,1.29603e-11,1.69111e-12
Hessenberg basic,901,1,1,4,1e-12,1.69204,0,1.11413e-11,1.81251e-12
Hessenberg basic,902,1,0,4,1e-12,1.47183,0,1.18234e-11,1.67005e-12
Hessenberg basic,902,1,1,4,1e-12,1.72968,0,1.05729e-11,1.80282e-12
Hessenberg basic,903,1,0,4,1e-12,1.53266,0,1.03455e-11,1.80461e-12
Hessenberg basic,903,1,1,4,1e-12,1.60897,0,1.17097e-11,1.86379e-12
Hessenberg basic,904,1,0,4,1e-12,0.72063,0,1.19371e-11,1.6494e-12
Hessenberg basic,904,1,1,4,1e-12,2.23519,0,1.40972e-11,1.77935e-12
Hessenberg basic,905,1,0,4,1e-12,1.20518,0,1.54614e-11,1.70559e-12
Hessenberg basic,905,1,1,4,1e-12,4.22041,0,1.39835e-11,1.7594e-12
Hessenberg basic,906,1,0,4,1e-12,1.20923,0,1.09139e-11,1.6403e-12
Hessenberg basic,906,1,1,4,1e-12,3.60291,0,8.86757e-12,1.84749e-12
Hessenberg basic,907,1,0,4,1e-12,1.20255,0,1.60298e-11,1.67941e-12
Hessenberg basic,907,1,1,4,1e-12,3.24495,0,1.08002e-11,1.88233e-12
Hessenberg basic,908,1,0,4,1e-12,1.60979,0,1.04592e-11,1.70731e-12
Hessenberg basic,908,1,1,4,1e-12,3.33165,0,1.05729e-11,1.75026e-12
Hessenberg basic,909,1,0,4,1e-12,1.64386,0,1.10276e-11,1.74623e-12
Hessenberg basic,909,1,1,4,1e-12,3.77273,0,1.60298e-11,1.8828e-12
Hessenberg basic,910,1,0,4,1e-12,1.40608,0,1.31877e-11,1.64249e-12
Hessenberg basic,910,1,1,4,1e-12,4.27804,0,1.28466e-11,1.817e-12
Hessenberg basic,911,1,0,4,1e-12,1.23938,0,1.42109e-11,1.7038e-12
Hessenberg basic,911,1,1,4,1e-12,3.09827,0,1.46656e-11,1.57375e-12
Hessenberg basic,912,1,0,4,1e-12,1.02299,0,1.1255e-11,1.62799e-12
Hessenberg basic,912,1,1,4,1e-12,3.70394,0,1.3074e-11,1.74214e-12
Hessenberg basic,913,1,0,4,1e-12,1.20476,0,9.89075e-12,1.73946e-12
Hessenberg basic,913,1,1,4,1e-12,3.68475,0,1.19371e-11,1.71621e-12
Hessenberg basic,914,1,0,4,1e-12,1.29459,0,1.38698e-11,1.80149e-12
Hessenberg basic,914,1,1,4,1e-12,3.45148,0,1.31877e-11,1.86358e-12
Hessenberg basic,915,1,0,4,1e-12,1.17774,0,1.6712e-11,1.7881e-12
Hessenberg basic,915,1,1,4,1e-12,2.99215,0,1.18234e-11,1.74943e-12
Hessenberg basic,916,1,0,4,1e-12,1.40252,0,1.06866e-11,1.7784e-12
Hessenberg basic,916,1,1,4,1e-12,2.82421,0,1.51203e-11,1.69699e-12
Hessenberg basic,917,1,0,4,1e-12,0.850448,0,1.4893e-11,1.71368e-12
Hessenberg basic,917,1,1,4,1e-12,3.4028,0,1.04592e-11,1.84055e-12
Hessenberg basic,918,1,0,4,1e-12,1.10995,0,1.28466e-11,1.71e-12
Hessenberg basic,918,1,1,4,1e-12,4.32558,0,1.36424e-11,1.72182e-12
Hessenberg basic,919,1,0,4,1e-12,1.67735,0,1.11413e-11,1.66275e-12
Hessenberg basic,919,1,1,4,1e-12,4.4883,0,1.78488e-11,1.78231e-12
Hessenberg basic,920,1,0,4,1e-12,1.16206,0,1.37561e-11,1.68833e-12
Hessenberg basic,920,1,1,4,1e-12,3.54648,0,1.13687e-11,1.68424e-12
Hessenberg basic,921,1,0,4,1e-12,1.51815,0,1.36424e-11,1.7729e-12
Hessenberg basic,921,1,1,4,1e-12,3.43934,0,9.89075e-12,1.71531e-12
Hessenberg basic,922,1,0,4,1e-12,1.88199,0,9.77707e-12,1.68765e-12
Hessenberg basic,922,1,1,4,1e-12,3.38697,0,1.80762e-11,1.92055e-12
Hessenberg basic,923,1,0,4,1e-12,1.86816,0,1.27329e-11,1.72634e-12
Hessenberg basic,923,1,1,4,1e-12,3.89213,0,1.14824e-11,1.83839e-12
Hessenberg basic,924,1,0,4,1e-12,1.4511,0,1.08002e-11,1.66132e-12
Hessenberg basic,924,1,1,4,1e-12,3.91516,0,1.26192e-11,1.86027e-12
Hessenberg basic,925,1,0,4,1e-12,1.49567,0,1.22782e-11,1.78378e-12
Hessenberg basic,925,1,1,4,1e-12,4.15332,0,1.35287e-11,1.76113e-12
Hessenberg basic,926,1,0,4,1e-12,2.04748,0,1.25056e-11,1.83342e-12
Hessenberg basic,926,1,1,4,1e-12,4.44789,0,1.09139e-11,1.86848e-12
Hessenberg basic,927,1,0,4,1e-12,1.58033,0,9.77707e-12,1.76284e-12
Hessenberg basic,927,1,1,4,1e-12,4.59617,0,1.14824e-11,1.87534e-12
Hessenberg basic,928,1,0,4,1e-12,1.45443,0,9.66338e-12,1.73596e-12
Hessenberg basic,928,1,1,4,1e-12,3.40158,0,1.44382e-11,1.83135e-12
Hessenberg basic,929,1,0,4,1e-12,1.59426,0,1.14824e-11,1.6763e-12
Hessenberg basic,929,1,1,4,1e-12,3.84459,0,1.8531e-11,1.86515e-12
Hessenberg basic,930,1,0,4,1e-12,2.00535,0,1.00044e-11,1.76784e-12
Hessenberg basic,930,1,1,4,1e-12,4.02148,0,1.17097e-11,1.87614e-12
Hessenberg basic,931,1,0,4,1e-12,1.47089,0,8.75389e-12,1.67947e-12
Hessenberg basic,931,1,1,4,1e-12,4.33653,0,1.59162e-11,1.75551e-12
Hessenberg basic,932,1,0,4,1e-12,2.13661,0,1.15961e-11,1.77167e-12
Hessenberg basic,932,1,1,4,1e-12,5.29342,0,1.31877e-11,1.80431e-12
Hessenberg basic,933,1,0,4,1e-12,1.79147,0,1.20508e-11,1.78482e-12
Hessenberg basic,933,1,1,4,1e-12,4.86785,0,1.35287e-11,1.90119e-12
Hessenberg basic,934,1,0,4,1e-12,1.67438,0,1.15961e-11,1.7152e-12
Hessenberg basic,934,1,1,4,1e-12,4.03568,0,1.11413e-11,1.82884e-12
Hessenberg basic,935,1,0,4,1e-12,2.18867,0,1.21645e-11,1.68473e-12
Hessenberg basic,935,1,1,4,1e-12,3.82962,0,1.38698e-11,1.92141e-12
Hessenberg basic,936,1,0,4,1e-12,2.07716,0,1.33014e-11,1.76379e-12
Hessenberg basic,936,1,1,4,1e-12,4.28281,0,1.29603e-11,1.9609e-12
Hessenberg basic,937,1,0,4,1e-12,1.77348,0,1.19371e-11,1.7815e-12
Hessenberg basic,937,1,1,4,1e-12,4.89492,0,1.27329e-11,1.97175e-12
Hessenberg basic,938,1,0,4,1e-12,1.7316,0,1.09139e-11,1.77451e-12
Hessenberg basic,938,1,1,4,1e-12,4.62725,0,1.31877e-11,1.85453e-12
Hessenberg basic,939,1,0,4,1e-12,1.8755,0,1.23919e-11,1.74906e-12
Hessenberg basic,939,1,1,4,1e-12,5.26528,0,1.5234e-11,2.00283e-12
Hessenberg basic,940,1,0,4,1e-12,2.14695,0,1.72804e-11,1.82545e-12
Hessenberg basic,940,1,1,4,1e-12,4.97364,0,1.25056e-11,1.89895e-12
Hessenberg basic,941,1,0,4,1e-12,1.83243,0,1.23919e-11,1.71634e-12
Hessenberg basic,941,1,1,4,1e-12,3.96732,0,1.21645e-11,1.80227e-12
Hessenberg basic,942,1,0,4,1e-12,2.24384,0,1.36424e-11,1.78113e-12
Hessenberg basic,942,1,1,4,1e-12,4.5534,0,1.20508e-11,1.95049e-12
Hessenberg basic,943,1,0,4,1e-12,1.85576,0,1.76215e-11,1.83673e-12
Hessenberg basic,943,1,1,4,1e-12,4.52014,0,1.62572e-11,1.87657e-12
Hessenberg basic,944,1,0,4,1e-12,1.8153,0,1.17097e-11,1.68663e-12
Hessenberg basic,944,1,1,4,1e-12,4.46037,0,1.22782e-11,1.93425e-12
Hessenberg basic,945,1,0,4,1e-12,1.97754,0,1.23919e-11,1.75986e-12
Hessenberg basic,945,1,1,4,1e-12,5.19222,0,1.22782e-11,1.83529e-12
Hessenberg basic,946,1,0,4,1e-12,2.35377,0,1.1255e-11,1.74882e-12
Hessenberg basic,946,1,1,4,1e-12,4.80245,0,1.23919e-11,1.89565e-12
Hessenberg basic,947,1,0,4,1e-12,1.77824,0,1.22782e-11,1.80316e-12
Hessenberg basic,947,1,1,4,1e-12,4.90295,0,9.89075e-12,1.81816e-12
Hessenberg basic,948,1,0,4,1e-12,1.98673,0,1.93268e-11,1.79148e-12
Hessenberg basic,948,1,1,4,1e-12,3.96974,0,1.71667e-11,1.85379e-12
Hessenberg basic,949,1,0,4,1e-12,2.35043,0,1.23919e-11,1.79572e-12
Hessenberg basic,949,1,1,4,1e-12,4.90834,0,1.75078e-11,1.83888e-12
Hessenberg basic,950,1,0,4,1e-12,2.04879,0,1.14824e-11,1.78673e-12
Hessenberg basic,950,1,1,4,1e-12,4.32311,0,1.29603e-11,1.94324e-12
Hessenberg basic,951,1,0,4,1e-12,1.90718,0,1.37561e-11,1.71365e-12
Hessenberg basic,951,1,1,4,1e-12,4.0826,0,1.50067e-11,1.78771e-12
Hessenberg basic,952,1,0,4,1e-12,2.17145,0,1.46656e-11,1.7659e-12
Hessenberg basic,952,1,1,4,1e-12,5.69057,0,1.3074e-11,1.67188e-12
Hessenberg basic,953,1,0,4,1e-12,2.24046,0,1.36424e-11,1.70469e-12
Hessenberg basic,953,1,1,4,1e-12,5.00807,0,1.18234e-11,1.92093e-12
Hessenberg basic,954,1,0,4,1e-12,1.78884,0,1.46656e-11,1.77136e-12
Hessenberg basic,954,1,1,4,1e-12,4.19294,0,1.7053e-11,2.0029e-12
Hessenberg basic,955,1,0,4,1e-12,1.98806,0,1.22782e-11,1.84513e-12
Hessenberg basic,955,1,1,4,1e-12,3.78855,0,1.1255e-11,1.76266e-12
Hessenberg basic,956,1,0,4,1e-12,2.64348,0,1.76215e-11,1.75206e-12
Hessenberg basic,956,1,1,4,1e-12,4.30657,0,1.98952e-11,1.88499e-12
Hessenberg basic,957,1,0,4,1e-12,2.07899,0,1.47793e-11,1.80947e-12
Hessenberg basic,957,1,1,4,1e-12,5.1746,0,1.17097e-11,1.92747e-12
Hessenberg basic,958,1,0,4,1e-12,1.75181,0,1.4893e-11,1.90733e-12
Hessenberg basic,958,1,1,4,1e-12,4.40933,0,1.44382e-11,1.83119e-12
Hessenberg basic,959,1,0,4,1e-12,1.72259,0,1.1255e-11,1.74362e-12
Hessenberg basic,959,1,1,4,1e-12,5.04556,0,1.36424e-11,1.8106e-12
Hessenberg basic,960,1,0,4,1e-12,2.50476,0,1.20508e-11,1.76429e-12
Hessenberg basic,960,1,1,4,1e-12,5.38359,0,1.51203e-11,1.83653e-12
Hessenberg basic,961,1,0,4,1e-12,2.11974,0,1.06866e-11,1.6092e-12
Hessenberg basic,961,1,1,4,1e-12,4.69835,0,1.89857e-11,1.71546e-12
Hessenberg basic,962,1,0,4,1e-12,1.94956,0,1.05729e-11,1.73318e-12
Hessenberg basic,962,1,1,4,1e-12,4.86287,0,1.25056e-11,1.78681e-12
Hessenberg basic,963,1,0,4,1e-12,1.88088,0,1.28466e-11,1.76433e-12
Hessenberg basic,963,1,1,4,1e-12,3.92202,0,1.18234e-11,1.8816e-12
Hessenberg basic,964,1,0,4,1e-12,2.45537,0,1.14824e-11,1.77862e-12
Hessenberg basic,964,1,1,4,1e-12,4.95618,0,1.11413e-11,1.75842e-12
Hessenberg basic,965,1,0,4,1e-12,2.06916,0,1.33014e-11,1.70291e-12
Hessenberg basic,965,1,1,4,1e-12,4.36186,0,1.47793e-11,1.87361e-12
Hessenberg basic,966,1,0,4,1e-12,1.9654,0,1.37561e-11,1.86677e-12
Hessenberg basic,966,1,1,4,1e-12,4.26683,0,1.4893e-11,1.81268e-12
Hessenberg basic,967,1,0,4,1e-12,1.95412,0,1.37561e-11,1.83186e-12
Hessenberg basic,967,1,1,4,1e-12,5.70867,0,1.38698e-11,1.88325e-12
Hessenberg basic,968,1,0,4,1e-12,2.57339,0,1.09139e-11,1.85196e-12
Hessenberg basic,968,1,1,4,1e-12,5.7347,0,1.3415e-11,1.92656e-12
Hessenberg basic,969,1,0,4,1e-12,2.18429,0,1.01181e-11,1.74749e-12
Hessenberg basic,969,1,1,4,1e-12,5.09243,0,1.37561e-11,1.79891e-12
Hessenberg basic,970,1,0,4,1e-12,2.02356,0,1.56888e-11,1.68491e-12
Hessenberg basic,970,1,1,4,1e-12,4.55635,0,9.20863e-12,1.80116e-12
Hessenberg basic,971,1,0,4,1e-12,1.92862,0,9.43601e-12,1.64674e-12
Hessenberg basic,971,1,1,4,1e-12,4.16971,0,1.72804e-11,1.78152e-12
Hessenberg basic,972,1,0,4,1e-12,2.62827,0,1.22782e-11,1.81928e-12
Hessenberg basic,972,1,1,4,1e-12,4.2122,0,1.28466e-11,1.83471e-12
Hessenberg basic,973,1,0,4,1e-12,2.28864,0,1.7053e-11,1.80272e-12
Hessenberg basic,973,1,1,4,1e-12,4.68563,0,1.3074e-11,1.81272e-12
Hessenberg basic,974,1,0,4,1e-12,2.07819,0,1.11413e-11,1.72025e-12
Hessenberg basic,974,1,1,4,1e-12,4.92625,0,1.19371e-11,1.74858e-12
Hessenberg basic,975,1,0,4,1e-12,1.95229,0,1.46656e-11,1.76158e-12
Hessenberg basic,975,1,1,4,1e-12,4.51966,0,1.59162e-11,1.86239e-12
Hessenberg basic,976,1,0,4,1e-12,1.68382,0,1.01181e-11,1.80416e-12
Hessenberg basic,976,1,1,4,1e-12,4.92897,0,1.45519e-11,1.86271e-12
Hessenberg basic,977,1,0,4,1e-12,2.06581,0,1.02318e-11,1.66908e-12
Hessenberg basic,977,1,1,4,1e-12,5.81054,0,1.25056e-11,1.86447e-12
Hessenberg basic,978,1,0,4,1e-12,2.11269,0,1.61435e-11,1.77336e-12
Hessenberg basic,978,1,1,4,1e-12,4.21321,0,1.3074e-11,1.89051e-12
Hessenberg basic,979,1,0,4,1e-12,1.73866,0,1.05729e-11,1.75726e-12
Hessenberg basic,979,1,1,4,1e-12,3.61017,0,1.19371e-11,1.80656e-12
Hessenberg basic,980,1,0,4,1e-12,1.38137,0,1.20508e-11,1.72801e-12
Hessenberg basic,980,1,1,4,1e-12,3.6106,0,1.79625e-11,1.85413e-12
Hessenberg basic,981,1,0,4,1e-12,1.29516,0,1.06866e-11,1.73907e-12
Hessenberg basic,981,1,1,4,1e-12,5.19474,0,1.4893e-11,1.83893e-12
Hessenberg basic,982,1,0,4,1e-12,1.5098,0,1.23919e-11,1.79241e-12
Hessenberg basic,982,1,1,4,1e-12,3.15268,0,1.14824e-11,1.74127e-12
Hessenberg basic,983,1,0,4,1e-12,2.24697,0,1.17097e-11,1.7004e-12
Hessenberg basic,983,1,1,4,1e-12,4.42357,0,1.18234e-11,1.88486e-12
Hessenberg basic,984,1,0,4,1e-12,1.42462,0,1.3415e-11,1.731e-12
Hessenberg basic,984,1,1,4,1e-12,4.26656,0,1.31308e-11,1.72682e-12
Hessenberg basic,985,1,0,4,1e-12,1.78078,0,1.10276e-11,1.72041e-12
Hessenberg basic,985,1,1,4,1e-12,3.91851,0,1.28466e-11,1.81268e-12
Hessenberg basic,986,1,0,4,1e-12,2.49413,0,1.06866e-11,1.60037e-12
Hessenberg basic,986,1,1,4,1e-12,3.99114,0,1.28466e-11,1.8026e-12
Hessenberg basic,987,1,0,4,1e-12,2.11323,0,1.73941e-11,1.67704e-12
Hessenberg basic,987,1,1,4,1e-12,4.67125,0,1.19371e-11,1.76496e-12
Hessenberg basic,988,1,0,4,1e-12,2.56335,0,1.25056e-11,1.72142e-12
Hessenberg basic,988,1,1,4,1e-12,4.22079,0,1.55751e-11,1.86583e-12
Hessenberg basic,989,1,0,4,1e-12,2.25942,0,9.54969e-12,1.78511e-12
Hessenberg basic,989,1,1,4,1e-12,4.88005,0,9.54969e-12,1.83722e-12
Hessenberg basic,990,1,0,4,1e-12,2.80031,0,1.09139e-11,1.65871e-12
Hessenberg basic,990,1,1,4,1e-12,4.1994,0,1.45519e-11,1.76235e-12
Hessenberg basic,991,1,0,4,1e-12,2.04197,0,1.14824e-11,1.75489e-12
Hessenberg basic,991,1,1,4,1e-12,5.32014,0,1.20508e-11,1.81771e-12
Hessenberg basic,992,1,0,4,1e-12,2.10399,0,1.11413e-11,1.74714e-12
Hessenberg basic,992,1,1,4,1e-12,4.06638,0,1.31877e-11,1.90864e-12
Hessenberg basic,993,1,0,4,1e-12,1.34996,0,1.43245e-11,1.74222e-12
Hessenberg basic,993,1,1,4,1e-12,4.23585,0,1.42109e-11,1.83525e-12
Hessenberg basic,994,1,0,4,1e-12,1.74344,0,1.37561e-11,1.72285e-12
Hessenberg basic,994,1,1,4,1e-12,3.78424,0,1.3415e-11,1.76036e-12
Hessenberg basic,995,1,0,4,1e-12,2.57559,0,1.29603e-11,1.75275e-12
Hessenberg basic,995,1,1,4,1e-12,4.56863,0,1.3415e-11,1.90017e-12
Hessenberg basic,996,1,0,4,1e-12,1.01822,0,9.77707e-12,1.80202e-12
Hessenberg basic,996,1,1,4,1e-12,4.7757,0,1.28466e-11,1.68458e-12
Hessenberg basic,997,1,0,4,1e-12,1.07233,0,1.09139e-11,1.75516e-12
Hessenberg basic,997,1,1,4,1e-12,3.04305,0,1.03455e-11,1.75278e-12
Hessenberg basic,998,1,0,4,1e-12,2.18163,0,1.31877e-11,1.7739e-12
Hessenberg basic,998,1,1,4,1e-12,3.6662,0,1.51203e-11,1.8807e-12
Hessenberg basic,999,1,0,4,1e-12,0.827125,0,1.26192e-11,1.67076e-12
Hessenberg basic,999,1,1,4,1e-12,2.65337,0,1.27329e-11,1.97293e-12
Hessenberg basic,1000,1,0,4,1e-12,1.25787,0,1.46656e-11,1.83649e-12
Hessenberg basic,1000,1,1,4,1e-12,4.21406,0,1.35287e-11,1.90773e-12
