version, size, hermitian, complex, seed, tol, runtime in s,min_error, max_error, avg_error
Hessenberg basic,900,1,0,10,1e-12,0.720713,0,1.53477e-11,1.73778e-12
Hessenberg basic,900,1,1,10,1e-12,1.97599,0,1.27329e-11,1.92149e-12
Hessenberg basic,901,1,0,10,1e-12,0.815859,0,1.01181e-11,1.75792e-12
Hessenberg basic,901,1,1,10,1e-12,2.32808,0,1.39835e-11,1.88467e-12
Hessenberg basic,902,1,0,10,1e-12,1.701,0,1.08002e-11,1.58343e-12
Hessenberg basic,902,1,1,10,1e-12,1.65903,0,1.60298e-11,1.68041e-12
Hessenberg basic,903,1,0,10,1e-12,0.650184,0,8.52651e-12,1.70126e-12
Hessenberg basic,903,1,1,10,1e-12,2.74181,0,1.20508e-11,1.77719e-12
Hessenberg basic,904,1,0,10,1e-12,0.732067,0,1.04592e-11,1.86696e-12
Hessenberg basic,904,1,1,10,1e-12,3.48578,0,9.89075e-12,1.84796e-12
Hessenberg basic,905,1,0,10,1e-12,1.26057,0,1.19371e-11,1.73634e-12
Hessenberg basic,905,1,1,10,1e-12,3.62023,0,1.37561e-11,1.82676e-12
Hessenberg basic,906,1,0,10,1e-12,0.711977,0,1.20508e-11,1.72656e-12
Hessenberg basic,906,1,1,10,1e-12,1.72095,0,1.35287e-11,1.82871e-12
Hessenberg basic,907,1,0,10,1e-12,0.693011,0,1.61435e-11,1.86722e-12
Hessenberg basic,907,1,1,10,1e-12,2.77371,0,1.47793e-11,1.79833e-12
Hessenberg basic,908,1,0,10,1e-12,1.14088,0,1.17097e-11,1.79035e-12
Hessenberg basic,908,1,1,10,1e-12,2.13863,0,1.20508e-11,1.68316e-12
Hessenberg basic,909,1,0,10,1e-12,2.18786,0,1.08002e-11,1.74109e-12
Hessenberg basic,909,1,1,10,1e-12,2.48946,0,1.14824e-11,1.89762e-12
Hessenberg basic,910,1,0,10,1e-12,1.87399,0,1.08002e-11,1.65397e-12
Hessenberg basic,910,1,1,10,1e-12,2.1267,0,1.35287e-11,1.84614e-12
Hessenberg basic,911,1,0,10,1e-12,1.67821,0,1.10276e-11,1.77853e-12
Hessenberg basic,911,1,1,10,1e-12,1.99941,0,1.54614e-11,1.81736e-12
Hessenberg basic,912,1,0,10,1e-12,0.676018,0,1.27329e-11,1.79761e-12
Hessenberg basic,912,1,1,10,1e-12,2.36221,0,9.77707e-12,1.76899e-12
Hessenberg basic,913,1,0,10,1e-12,1.41957,0,1.09139e-11,1.79711e-12
Hessenberg basic,913,1,1,10,1e-12,3.94042,0,1.22782e-11,1.84104e-12
Hessenberg basic,914,1,0,10,1e-12,0.62276,0,1.28466e-11,1.74219e-12
Hessenberg basic,914,1,1,10,1e-12,1.77423,0,1.1255e-11,1.84681e-12
Hessenberg basic,915,1,0,10,1e-12,0.671036,0,1.19371e-11,1.67611e-12
Hessenberg basic,915,1,1,10,1e-12,1.66492,0,1.09139e-11,1.82631e-12
Hessenberg basic,916,1,0,10,1e-12,0.689179,0,1.06866e-11,1.70104e-12
Hessenberg basic,916,1,1,10,1e-12,2.07516,0,1.1255e-11,1.94413e-12
Hessenberg basic,917,1,0,10,1e-12,1.74161,0,1.20508e-11,1.7765e-12
Hessenberg basic,917,1,1,10,1e-12,1.73198,0,1.20508e-11,1.81431e-12
Hessenberg basic,918,1,0,10,1e-12,1.52192,0,1.28466e-11,1.79112e-12
Hessenberg basic,918,1,1,10,1e-12,1.97807,0,1.15961e-11,1.97278e-12
Hessenberg basic,919,1,0,10,1e-12,0.819215,0,1.22782e-11,1.80706e-12
Hessenberg basic,919,1,1,10,1e-12,3.53552,0,1.19371e-11,2.04858e-12
Hessenberg basic,920,1,0,10,1e-12,1.41517,0,1.08002e-11,1.86154e-12
Hessenberg basic,920,1,1,10,1e-12,3.31744,0,1.28466e-11,1.81212e-12
Hessenberg basic,921,1,0,10,1e-12,0.786745,0,1.10276e-11,1.68858e-12
Hessenberg basic,921,1,1,10,1e-12,2.3956,0,1.10276e-11,1.94321e-12
Hessenberg basic,922,1,0,10,1e-12,0.676952,0,1.33014e-11,2.00011e-12
Hessenberg basic,922,1,1,10,1e-12,2.31547,0,1.94404e-11,1.84521e-12
Hessenberg basic,923,1,0,10,1e-12,0.826737,0,1.78488e-11,1.8685e-12
Hessenberg basic,923,1,1,10,1e-12,2.98065,0,1.36424e-11,1.83241e-12
Hessenberg basic,924,1,0,10,1e-12,1.61147,0,1.06866e-11,1.8421e-12
Hessenberg basic,924,1,1,10,1e-12,1.96866,0,1.31877e-11,1.79861e-12
Hessenberg basic,925,1,0,10,1e-12,1.75877,0,1.06866e-11,1.80811e-12
Hessenberg basic,925,1,1,10,1e-12,2.0443,0,1.06866e-11,1.75529e-12
Hessenberg basic,926,1,0,10,1e-12,1.43873,0,1.43245e-11,1.86897e-12
Hessenberg basic,926,1,1,10,1e-12,2.23813,0,1.28466e-11,2.0281e-12
Hessenberg basic,927,1,0,10,1e-12,0.793329,0,1.00044e-11,1.72581e-12
Hessenberg basic,927,1,1,10,1e-12,1.84054,0,1.51203e-11,2.00533e-12
Hessenberg basic,928,1,0,10,1e-12,0.707172,0,1.33014e-11,1.88773e-12
Hessenberg basic,928,1,1,10,1e-12,3.7191,0,1.25056e-11,1.89754e-12
Hessenberg basic,929,1,0,10,1e-12,1.47947,0,1.11413e-11,1.73074e-12
Hessenberg basic,929,1,1,10,1e-12,4.24355,0,1.04592e-11,1.90833e-12
Hessenberg basic,930,1,0,10,1e-12,1.20226,0,1.51203e-11,1.83269e-12
Hessenberg basic,930,1,1,10,1e-12,3.75065,0,1.65983e-11,1.79978e-12
Hessenberg basic,931,1,0,10,1e-12,0.855416,0,1.09139e-11,1.75628e-12
Hessenberg basic,931,1,1,10,1e-12,3.74902,0,1.59162e-11,1.80166e-12
Hessenberg basic,932,1,0,10,1e-12,0.698243,0,1.13687e-11,1.76983e-12
Hessenberg basic,932,1,1,10,1e-12,2.31642,0,1.43245e-11,1.79917e-12
Hessenberg basic,933,1,0,10,1e-12,0.731284,0,1.1255e-11,1.77033e-12
Hessenberg basic,933,1,1,10,1e-12,2.53592,0,1.6712e-11,1.79841e-12
Hessenberg basic,934,1,0,10,1e-12,1.40738,0,1.25056e-11,1.67855e-12
Hessenberg basic,934,1,1,10,1e-12,3.10492,0,1.18234e-11,1.7327e-12
Hessenberg basic,935,1,0,10,1e-12,1.73052,0,1.29603e-11,1.75878e-12
Hessenberg basic,935,1,1,10,1e-12,2.2446,0,1.50067e-11,1.81761e-12
Hessenberg basic,936,1,0,10,1e-12,1.75896,0,8.75389e-12,1.71436e-12
Hessenberg basic,936,1,1,10,1e-12,2.02032,0,1.25056e-11,1.87894e-12
Hessenberg basic,937,1,0,10,1e-12,0.745178,0,1.46656e-11,1.82907e-12
Hessenberg basic,937,1,1,10,1e-12,3.03663,0,1.15961e-11,1.72252e-12
Hessenberg basic,938,1,0,10,1e-12,1.39015,0,1.03455e-11,1.67635e-12
Hessenberg basic,938,1,1,10,1e-12,4.0041,0,1.1255e-11,1.80493e-12
Hessenberg basic,939,1,0,10,1e-12,0.902037,0,1.46656e-11,1.67459e-12
Hessenberg basic,939,1,1,10,1e-12,2.83632,0,1.20508e-11,1.82047e-12
Hessenberg basic,940,1,0,10,1e-12,0.784842,0,1.47793e-11,1.69047e-12
Hessenberg basic,940,1,1,10,1e-12,2.08729,0,1.02318e-11,1.84978e-12
Hessenberg basic,941,1,0,10,1e-12,1.01135,0,1.13687e-11,1.77894e-12
Hessenberg basic,941,1,1,10,1e-12,1.87347,0,1.26192e-11,1.93755e-12
Hessenberg basic,942,1,0,10,1e-12,1.21205,0,1.37561e-11,1.81661e-12
Hessenberg basic,942,1,1,10,1e-12,3.37278,0,1.77351e-11,1.94823e-12
Hessenberg basic,943,1,0,10,1e-12,2.02439,0,1.25056e-11,1.72004e-12
Hessenberg basic,943,1,1,10,1e-12,1.77687,0,1.18234e-11,1.77646e-12
Hessenberg basic,944,1,0,10,1e-12,2.04248,0,1.76215e-11,1.76753e-12
Hessenberg basic,944,1,1,10,1e-12,2.29939,0,1.1255e-11,1.80431e-12
Hessenberg basic,945,1,0,10,1e-12,1.69576,0,1.61435e-11,1.81492e-12
Hessenberg basic,945,1,1,10,1e-12,2.1722,0,1.01181e-11,1.79543e-12
Hessenberg basic,946,1,0,10,1e-12,0.806314,0,1.1255e-11,1.8553e-12
Hessenberg basic,946,1,1,10,1e-12,3.56251,0,1.09139e-11,1.8213e-12
Hessenberg basic,947,1,0,10,1e-12,1.26101,0,1.06866e-11,1.81241e-12
Hessenberg basic,947,1,1,10,1e-12,4.20987,0,1.1255e-11,1.78236e-12
Hessenberg basic,948,1,0,10,1e-12,1.2645,0,1.03455e-11,1.7611e-12
Hessenberg basic,948,1,1,10,1e-12,4.19375,0,1.65983e-11,1.89866e-12
Hessenberg basic,949,1,0,10,1e-12,0.677505,0,1.51203e-11,1.91529e-12
Hessenberg basic,949,1,1,10,1e-12,2.55159,0,1.03455e-11,1.74854e-12
Hessenberg basic,950,1,0,10,1e-12,0.814417,0,1.27329e-11,1.74849e-12
Hessenberg basic,950,1,1,10,1e-12,2.79922,0,1.06866e-11,1.82066e-12
Hessenberg basic,951,1,0,10,1e-12,0.910727,0,1.03455e-11,1.64462e-12
Hessenberg basic,951,1,1,10,1e-12,2.99495,0,1.3074e-11,1.86512e-12
Hessenberg basic,952,1,0,10,1e-12,0.64712,0,1.22782e-11,1.79699e-12
Hessenberg basic,952,1,1,10,1e-12,2.8655,0,1.63709e-11,1.95415e-12
Hessenberg basic,953,1,0,10,1e-12,0.622044,0,1.46656e-11,1.80209e-12
Hessenberg basic,953,1,1,10,1e-12,2.07488,0,1.54614e-11,1.93178e-12
Hessenberg basic,954,1,0,10,1e-12,0.666543,0,1.3415e-11,1.64417e-12
Hessenberg basic,954,1,1,10,1e-12,2.1103,0,1.10276e-11,1.75581e-12
Hessenberg basic,955,1,0,10,1e-12,0.772836,0,1.31877e-11,1.77193e-12
Hessenberg basic,955,1,1,10,1e-12,2.06438,0,1.5234e-11,1.90768e-12
Hessenberg basic,956,1,0,10,1e-12,0.743831,0,1.11413e-11,1.69874e-12
Hessenberg basic,956,1,1,10,1e-12,2.20272,0,1.17097e-11,1.83688e-12
Hessenberg basic,957,1,0,10,1e-12,0.59117,0,1.28466e-11,1.81585e-12
Hessenberg basic,957,1,1,10,1e-12,1.85558,0,1.23919e-11,1.80063e-12
Hessenberg basic,958,1,0,10,1e-12,0.657469,0,1.35287e-11,1.78448e-12
Hessenberg basic,958,1,1,10,1e-12,2.02816,0,1.3415e-11,1.96214e-12
Hessenberg basic,959,1,0,10,1e-12,0.704116,0,1.14824e-11,1.81177e-12
Hessenberg basic,959,1,1,10,1e-12,1.74867,0,1.27329e-11,1.81126e-12
Hessenberg basic,960,1,0,10,1e-12,0.661567,0,1.56888e-11,1.9245e-12
Hessenberg basic,960,1,1,10,1e-12,1.97752,0,1.25056e-11,1.73721e-12
Hessenberg basic,961,1,0,10,1e-12,0.803164,0,1.11413e-11,1.79781e-12
Hessenberg basic,961,1,1,10,1e-12,1.88718,0,1.72804e-11,1.94304e-12
Hessenberg basic,962,1,0,10,1e-12,0.890041,0,1.04592e-11,1.64892e-12
Hessenberg basic,962,1,1,10,1e-12,1.75339,0,9.77707e-12,1.74981e-12
Hessenberg basic,963,1,0,10,1e-12,0.955853,0,1.13687e-11,1.94068e-12
Hessenberg basic,963,1,1,10,1e-12,1.89282,0,1.29603e-11,1.90475e-12
Hessenberg basic,964,1,0,10,1e-12,0.78903,0,1.51203e-11,1.87806e-12
Hessenberg basic,964,1,1,10,1e-12,1.90947,0,1.3415e-11,1.86798e-12
Hessenberg basic,965,1,0,10,1e-12,0.799764,0,1.22782e-11,1.73956e-12
Hessenberg basic,965,1,1,10,1e-12,2.07829,0,1.62572e-11,1.98704e-12
Hessenberg basic,966,1,0,10,1e-12,0.653186,0,1.43245e-11,1.77214e-12
Hessenberg basic,966,1,1,10,1e-12,2.18914,0,1.06866e-11,1.79521e-12
Hessenberg basic,967,1,0,10,1e-12,0.901179,0,1.86446e-11,1.80721e-12
Hessenberg basic,967,1,1,10,1e-12,2.23552,0,1.47793e-11,1.91086e-12
Hessenberg basic,968,1,0,10,1e-12,0.634705,0,1.18234e-11,1.9313e-12
Hessenberg basic,968,1,1,10,1e-12,1.76444,0,1.02318e-11,1.97837e-12
Hessenberg basic,969,1,0,10,1e-12,0.715507,0,1.04592e-11,1.77696e-12
Hessenberg basic,969,1,1,10,1e-12,2.01572,0,1.14824e-11,1.91179e-12
Hessenberg basic,970,1,0,10,1e-12,0.768638,0,1.18234e-11,1.73339e-12
Hessenberg basic,970,1,1,10,1e-12,1.95369,0,1.26192e-11,1.81082e-12
Hessenberg basic,971,1,0,10,1e-12,0.76957,0,1.18234e-11,1.72145e-12
Hessenberg basic,971,1,1,10,1e-12,2.43624,0,1.36424e-11,1.91941e-12
Hessenberg basic,972,1,0,10,1e-12,0.97131,0,1.43245e-11,1.82195e-12
Hessenberg basic,972,1,1,10,1e-12,2.74043,0,1.10276e-11,1.84824e-12
Hessenberg basic,973,1,0,10,1e-12,0.963653,0,1.06866e-11,1.91265e-12
Hessenberg basic,973,1,1,10,1e-12,2.37812,0,1.59162e-11,1.90082e-12
Hessenberg basic,974,1,0,10,1e-12,0.68039,0,1.23919e-11,1.8161e-12
Hessenberg basic,974,1,1,10,1e-12,2.14997,0,1.4893e-11,1.89998e-12
Hessenberg basic,975,1,0,10,1e-12,0.708612,0,1.39835e-11,1.8583e-12
Hessenberg basic,975,1,1,10,1e-12,2.23887,0,1.20508e-11,1.81109e-12
Hessenberg basic,976,1,0,10,1e-12,0.748528,0,1.27329e-11,1.75691e-12
Hessenberg basic,976,1,1,10,1e-12,1.91244,0,1.31877e-11,1.81333e-12
Hessenberg basic,977,1,0,10,1e-12,0.705021,0,1.18234e-11,1.76785e-12
Hessenberg basic,977,1,1,10,1e-12,2.14873,0,1.3074e-11,1.91096e-12
Hessenberg basic,978,1,0,10,1e-12,0.816591,0,1.86446e-11,1.87958e-12
Hessenberg basic,978,1,1,10,1e-12,2.05224,0,1.05729e-11,1.81156e-12
Hessenberg basic,979,1,0,10,1e-12,0.704013,0,1.3415e-11,1.85458e-12
Hessenberg basic,979,1,1,10,1e-12,1.86713,0,1.42109e-11,1.90222e-12
Hessenberg basic,980,1,0,10,1e-12,0.751696,0,1.3415e-11,1.73779e-12
Hessenberg basic,980,1,1,10,1e-12,2.10815,0,1.25056e-11,1.97759e-12
Hessenberg basic,981,1,0,10,1e-12,1.07926,0,1.05729e-11,1.70096e-12
Hessenberg basic,981,1,1,10,1e-12,1.81135,0,1.56888e-11,1.95595e-12
Hessenberg basic,982,1,0,10,1e-12,1.03881,0,1.65983e-11,1.78598e-12
Hessenberg basic,982,1,1,10,1e-12,1.83983,0,1.27329e-11,1.88343e-12
Hessenberg basic,983,1,0,10,1e-12,1.04452,0,1.21645e-11,1.78382e-12
Hessenberg basic,983,1,1,10,1e-12,2.10912,0,1.46656e-11,2.01451e-12
Hessenberg basic,984,1,0,10,1e-12,0.701097,0,1.53477e-11,1.7019e-12
Hessenberg basic,984,1,1,10,1e-12,2.23528,0,1.22782e-11,1.82072e-12
Hessenberg basic,985,1,0,10,1e-12,0.730226,0,1.11413e-11,1.80321e-12
Hessenberg basic,985,1,1,10,1e-12,2.34646,0,9.32232e-12,1.83134e-12
Hessenberg basic,986,1,0,10,1e-12,0.831789,0,9.77707e-12,1.90858e-12
Hessenberg basic,986,1,1,10,1e-12,2.10414,0,1.15961e-11,1.93579e-12
Hessenberg basic,987,1,0,10,1e-12,0.943035,0,1.27329e-11,1.94151e-12
Hessenberg basic,987,1,1,10,1e-12,1.98739,0,1.38698e-11,1.98201e-12
Hessenberg basic,988,1,0,10,1e-12,0.687603,0,1.55751e-11,1.66818e-12
Hessenberg basic,988,1,1,10,1e-12,2.13044,0,1.47793e-11,1.99168e-12
Hessenberg basic,989,1,0,10,1e-12,0.763071,0,1.15961e-11,1.85049e-12
Hessenberg basic,989,1,1,10,1e-12,2.04263,0,1.38698e-11,1.92425e-12
Hessenberg basic,990,1,0,10,1e-12,0.709653,0,1.26192e-11,1.79975e-12
Hessenberg basic,990,1,1,10,1e-12,1.94247,0,1.50067e-11,1.89226e-12
Hessenberg basic,991,1,0,10,1e-12,0.744838,0,1.08002e-11,1.7251e-12
Hessenberg basic,991,1,1,10,1e-12,3.17036,0,1.08002e-11,1.74643e-12
Hessenberg basic,992,1,0,10,1e-12,1.1484,0,9.32232e-12,1.66357e-12
Hessenberg basic,992,1,1,10,1e-12,2.64492,0,1.10276e-11,1.9551e-12
Hessenberg basic,993,1,0,10,1e-12,0.999746,0,1.21645e-11,1.75626e-12
Hessenberg basic,993,1,1,10,1e-12,2.37168,0,1.59162e-11,1.96482e-12
Hessenberg basic,994,1,0,10,1e-12,0.852065,0,1.69393e-11,1.63737e-12
Hessenberg basic,994,1,1,10,1e-12,2.59693,0,1.18234e-11,1.85821e-12
Hessenberg basic,995,1,0,10,1e-12,0.948492,0,1.35287e-11,1.77744e-12
Hessenberg basic,995,1,1,10,1e-12,2.41117,0,1.3074e-11,1.88382e-12
Hessenberg basic,996,1,0,10,1e-12,0.72246,0,1.26192e-11,1.88309e-12
Hessenberg basic,996,1,1,10,1e-12,2.10914,0,1.43245e-11,1.94446e-12
Hessenberg basic,997,1,0,10,1e-12,0.764966,0,1.05729e-11,1.82968e-12
Hessenberg basic,997,1,1,10,1e-12,2.0503,0,1.22782e-11,1.83259e-12
Hessenberg basic,998,1,0,10,1e-12,0.724359,0,1.18234e-11,1.7114e-12
Hessenberg basic,998,1,1,10,1e-12,2.14055,0,1.65983e-11,1.89677e-12
Hessenberg basic,999,1,0,10,1e-12,0.990173,0,1.02318e-11,1.75407e-12
Hessenberg basic,999,1,1,10,1e-12,2.23673,0,1.01181e-11,1.88238e-12
Hessenberg basic,1000,1,0,10,1e-12,0.734777,0,1.42109e-11,1.80561e-12
Hessenberg basic,1000,1,1,10,1e-12,2.117,0,1.20508e-11,1.83483e-12
