version, size, hermitian, complex, seed, tol, runtime in s,min_error, max_error, avg_error
Hessenberg basic,900,1,0,1,1e-12,1.07081,0,1.21645e-11,1.66409e-12
Hessenberg basic,900,1,1,1,1e-12,2.00221,0,1.1255e-11,1.69214e-12
Hessenberg basic,901,1,0,1,1e-12,0.781444,0,1.1255e-11,1.75224e-12
Hessenberg basic,901,1,1,1,1e-12,3.0671,0,1.09139e-11,1.95461e-12
Hessenberg basic,902,1,0,1,1e-12,0.733868,0,1.13687e-11,1.64563e-12
Hessenberg basic,902,1,1,1,1e-12,3.16944,0,1.09139e-11,1.82107e-12
Hessenberg basic,903,1,0,1,1e-12,1.05236,0,1.44382e-11,1.84097e-12
Hessenberg basic,903,1,1,1,1e-12,3.17488,0,1.3415e-11,1.76472e-12
Hessenberg basic,904,1,0,1,1e-12,1.03115,0,1.17097e-11,1.81298e-12
Hessenberg basic,904,1,1,1,1e-12,3.47701,0,1.28466e-11,1.81617e-12
Hessenberg basic,905,1,0,1,1e-12,0.930442,0,1.09139e-11,1.67256e-12
Hessenberg basic,905,1,1,1,1e-12,3.44444,0,1.47793e-11,1.83204e-12
Hessenberg basic,906,1,0,1,1e-12,0.624467,0,1.01181e-11,1.69702e-12
Hessenberg basic,906,1,1,1,1e-12,3.33724,0,1.18234e-11,1.78212e-12
Hessenberg basic,907,1,0,1,1e-12,0.776525,0,1.09139e-11,1.60291e-12
Hessenberg basic,907,1,1,1,1e-12,2.93439,0,1.15961e-11,1.86994e-12
Hessenberg basic,908,1,0,1,1e-12,0.905723,0,1.02318e-11,1.76919e-12
Hessenberg basic,908,1,1,1,1e-12,2.21306,0,1.01181e-11,1.9268e-12
Hessenberg basic,909,1,0,1,1e-12,0.583018,0,1.55751e-11,1.76404e-12
Hessenberg basic,909,1,1,1,1e-12,1.9792,0,1.29603e-11,1.80833e-12
Hessenberg basic,910,1,0,1,1e-12,0.61629,0,1.18234e-11,1.79755e-12
Hessenberg basic,910,1,1,1,1e-12,2.29122,0,1.19371e-11,1.90707e-12
Hessenberg basic,911,1,0,1,1e-12,0.651779,0,1.46656e-11,1.87304e-12
Hessenberg basic,911,1,1,1,1e-12,2.38669,0,1.29603e-11,1.82421e-12
Hessenberg basic,912,1,0,1,1e-12,1.06341,0,2.05773e-11,1.76538e-12
Hessenberg basic,912,1,1,1,1e-12,2.5598,0,1.4893e-11,1.79408e-12
Hessenberg basic,913,1,0,1,1e-12,1.23735,0,1.15961e-11,1.64929e-12
Hessenberg basic,913,1,1,1,1e-12,2.67612,0,1.76215e-11,2.03341e-12
Hessenberg basic,914,1,0,1,1e-12,1.51123,0,1.14824e-11,1.7272e-12
Hessenberg basic,914,1,1,1,1e-12,2.23949,0,1.35287e-11,1.96839e-12
Hessenberg basic,915,1,0,1,1e-12,1.61988,0,1.13687e-11,1.79267e-12
Hessenberg basic,915,1,1,1,1e-12,2.31678,0,1.43245e-11,1.84069e-12
Hessenberg basic,916,1,0,1,1e-12,1.62036,0,1.15961e-11,1.80677e-12
Hessenberg basic,916,1,1,1,1e-12,2.74757,0,1.09139e-11,1.78882e-12
Hessenberg basic,917,1,0,1,1e-12,1.40829,0,9.54969e-12,1.69682e-12
Hessenberg basic,917,1,1,1,1e-12,2.64386,0,1.21645e-11,1.83414e-12
Hessenberg basic,918,1,0,1,1e-12,1.64137,0,1.20508e-11,1.74317e-12
Hessenberg basic,918,1,1,1,1e-12,2.45529,0,1.58025e-11,1.85492e-12
Hessenberg basic,919,1,0,1,1e-12,1.59031,0,1.39835e-11,1.73447e-12
Hessenberg basic,919,1,1,1,1e-12,2.31494,0,1.3074e-11,1.81793e-12
Hessenberg basic,920,1,0,1,1e-12,1.47946,0,1.93268e-11,1.86102e-12
Hessenberg basic,920,1,1,1,1e-12,2.50994,0,1.40972e-11,1.99234e-12
Hessenberg basic,921,1,0,1,1e-12,1.52006,0,1.14824e-11,1.6798e-12
Hessenberg basic,921,1,1,1,1e-12,2.6662,0,1.05729e-11,1.81845e-12
Hessenberg basic,922,1,0,1,1e-12,1.44105,0,9.54969e-12,1.7252e-12
Hessenberg basic,922,1,1,1,1e-12,2.9287,0,1.19371e-11,1.93013e-12
Hessenberg basic,923,1,0,1,1e-12,1.76015,0,1.1255e-11,1.72082e-12
Hessenberg basic,923,1,1,1,1e-12,2.4901,0,1.29603e-11,1.82019e-12
Hessenberg basic,924,1,0,1,1e-12,1.6375,0,1.17097e-11,1.72922e-12
Hessenberg basic,924,1,1,1,1e-12,2.49886,0,1.05729e-11,1.99917e-12
Hessenberg basic,925,1,0,1,1e-12,1.57098,0,1.08002e-11,1.75691e-12
Hessenberg basic,925,1,1,1,1e-12,2.91565,0,1.26192e-11,1.75651e-12
Hessenberg basic,926,1,0,1,1e-12,1.4649,0,9.66338e-12,1.60415e-12
Hessenberg basic,926,1,1,1,1e-12,2.85956,0,1.43245e-11,1.95456e-12
Hessenberg basic,927,1,0,1,1e-12,1.68048,0,1.09139e-11,1.69305e-12
Hessenberg basic,927,1,1,1,1e-12,2.66912,0,1.10276e-11,1.78866e-12
Hessenberg basic,928,1,0,1,1e-12,1.71687,0,1.03455e-11,1.70267e-12
Hessenberg basic,928,1,1,1,1e-12,2.56541,0,1.27329e-11,1.81393e-12
Hessenberg basic,929,1,0,1,1e-12,1.66445,0,1.33014e-11,1.79194e-12
Hessenberg basic,929,1,1,1,1e-12,3.0528,0,1.27329e-11,1.91353e-12
Hessenberg basic,930,1,0,1,1e-12,1.5548,0,1.38698e-11,1.81499e-12
Hessenberg basic,930,1,1,1,1e-12,2.59025,0,1.20508e-11,1.75918e-12
Hessenberg basic,931,1,0,1,1e-12,1.53244,0,1.1255e-11,1.70082e-12
Hessenberg basic,931,1,1,1,1e-12,3.1932,0,1.09139e-11,1.92381e-12
Hessenberg basic,932,1,0,1,1e-12,1.71622,0,9.54969e-12,1.65037e-12
Hessenberg basic,932,1,1,1,1e-12,2.48702,0,1.35287e-11,1.83615e-12
Hessenberg basic,933,1,0,1,1e-12,1.68996,0,1.10276e-11,1.62237e-12
Hessenberg basic,933,1,1,1,1e-12,2.58505,0,1.19371e-11,1.74938e-12
Hessenberg basic,934,1,0,1,1e-12,1.80071,0,9.43601e-12,1.81994e-12
Hessenberg basic,934,1,1,1,1e-12,3.29624,0,1.06866e-11,1.83026e-12
Hessenberg basic,935,1,0,1,1e-12,1.54502,0,1.3415e-11,1.78707e-12
Hessenberg basic,935,1,1,1,1e-12,2.78223,0,1.4893e-11,1.92432e-12
Hessenberg basic,936,1,0,1,1e-12,1.70445,0,1.43245e-11,1.7793e-12
Hessenberg basic,936,1,1,1,1e-12,3.39875,0,1.17097e-11,1.79884e-12
Hessenberg basic,937,1,0,1,1e-12,1.8094,0,1.54614e-11,1.79965e-12
Hessenberg basic,937,1,1,1,1e-12,2.65631,0,1.38698e-11,1.70622e-12
Hessenberg basic,938,1,0,1,1e-12,1.60112,0,1.26192e-11,1.84724e-12
Hessenberg basic,938,1,1,1,1e-12,2.97008,0,1.55751e-11,1.75267e-12
Hessenberg basic,939,1,0,1,1e-12,1.69322,0,1.68257e-11,1.75905e-12
Hessenberg basic,939,1,1,1,1e-12,3.15692,0,1.5234e-11,1.8946e-12
Hessenberg basic,940,1,0,1,1e-12,1.5376,0,1.01181e-11,1.69803e-12
Hessenberg basic,940,1,1,1,1e-12,2.40605,0,1.4893e-11,1.86552e-12
Hessenberg basic,941,1,0,1,1e-12,1.778,0,1.51203e-11,1.79914e-12
Hessenberg basic,941,1,1,1,1e-12,3.40893,0,1.19371e-11,1.84126e-12
Hessenberg basic,942,1,0,1,1e-12,1.81895,0,1.23919e-11,1.75203e-12
Hessenberg basic,942,1,1,1,1e-12,2.77602,0,1.7053e-11,1.78306e-12
Hessenberg basic,943,1,0,1,1e-12,1.65181,0,1.29603e-11,1.75281e-12
Hessenberg basic,943,1,1,1,1e-12,3.08306,0,1.44382e-11,1.80045e-12
Hessenberg basic,944,1,0,1,1e-12,1.75047,0,1.06866e-11,1.7462e-12
Hessenberg basic,944,1,1,1,1e-12,3.46491,0,1.15961e-11,1.75626e-12
Hessenberg basic,945,1,0,1,1e-12,1.56494,0,1.33014e-11,1.78412e-12
Hessenberg basic,945,1,1,1,1e-12,2.85744,0,1.29603e-11,1.85003e-12
Hessenberg basic,946,1,0,1,1e-12,1.59267,0,1.44382e-11,1.78404e-12
Hessenberg basic,946,1,1,1,1e-12,3.6025,0,1.14824e-11,1.84214e-12
Hessenberg basic,947,1,0,1,1e-12,1.82647,0,1.11413e-11,1.63779e-12
Hessenberg basic,947,1,1,1,1e-12,2.7672,0,1.51203e-11,1.84975e-12
Hessenberg basic,948,1,0,1,1e-12,1.6406,0,1.19371e-11,1.75434e-12
Hessenberg basic,948,1,1,1,1e-12,3.09434,0,1.10276e-11,1.87938e-12
Hessenberg basic,949,1,0,1,1e-12,1.83491,0,1.03455e-11,1.66548e-12
Hessenberg basic,949,1,1,1,1e-12,3.74013,0,1.26192e-11,1.87083e-12
Hessenberg basic,950,1,0,1,1e-12,1.62648,0,1.64846e-11,1.7947e-12
Hessenberg basic,950,1,1,1,1e-12,3.15946,0,1.62572e-11,1.78387e-12
Hessenberg basic,951,1,0,1,1e-12,1.58603,0,1.35287e-11,1.8757e-12
Hessenberg basic,951,1,1,1,1e-12,3.9573,0,1.28466e-11,1.77233e-12
Hessenberg basic,952,1,0,1,1e-12,1.86089,0,1.08002e-11,1.66254e-12
Hessenberg basic,952,1,1,1,1e-12,2.82859,0,1.02318e-11,1.78412e-12
Hessenberg basic,953,1,0,1,1e-12,2.06069,0,1.29603e-11,1.67799e-12
Hessenberg basic,953,1,1,1,1e-12,3.03283,0,1.45519e-11,1.82849e-12
Hessenberg basic,954,1,0,1,1e-12,1.87551,0,9.89075e-12,1.66388e-12
Hessenberg basic,954,1,1,1,1e-12,3.63681,0,1.25056e-11,1.90661e-12
Hessenberg basic,955,1,0,1,1e-12,1.95423,0,1.05729e-11,1.70182e-12
Hessenberg basic,955,1,1,1,1e-12,3.4042,0,1.15961e-11,1.83907e-12
Hessenberg basic,956,1,0,1,1e-12,1.71023,0,1.55751e-11,1.82964e-12
Hessenberg basic,956,1,1,1,1e-12,3.62718,0,1.29603e-11,1.72833e-12
Hessenberg basic,957,1,0,1,1e-12,2.09603,0,1.3813e-11,1.69264e-12
Hessenberg basic,957,1,1,1,1e-12,2.87622,0,1.51203e-11,1.76049e-12
Hessenberg basic,958,1,0,1,1e-12,2.07857,0,1.20508e-11,1.71965e-12
Hessenberg basic,958,1,1,1,1e-12,3.03574,0,1.40972e-11,1.78541e-12
Hessenberg basic,959,1,0,1,1e-12,1.83527,0,1.35287e-11,1.73024e-12
Hessenberg basic,959,1,1,1,1e-12,3.67248,0,1.39835e-11,1.80621e-12
Hessenberg basic,960,1,0,1,1e-12,1.97068,0,1.02318e-11,1.75725e-12
Hessenberg basic,960,1,1,1,1e-12,3.40706,0,1.27329e-11,1.78522e-12
Hessenberg basic,961,1,0,1,1e-12,1.80423,0,1.13687e-11,1.70959e-12
Hessenberg basic,961,1,1,1,1e-12,3.57877,0,1.3074e-11,1.8074e-12
Hessenberg basic,962,1,0,1,1e-12,2.10728,0,1.44382e-11,1.75287e-12
Hessenberg basic,962,1,1,1,1e-12,3.11682,0,1.3415e-11,1.85584e-12
Hessenberg basic,963,1,0,1,1e-12,2.11957,0,1.31877e-11,1.79213e-12
Hessenberg basic,963,1,1,1,1e-12,3.22787,0,1.7053e-11,1.84672e-12
Hessenberg basic,964,1,0,1,1e-12,1.87558,0,1.08002e-11,1.63364e-12
Hessenberg basic,964,1,1,1,1e-12,3.13655,0,1.26192e-11,1.7136e-12
Hessenberg basic,965,1,0,1,1e-12,2.13305,0,1.1255e-11,1.63525e-12
Hessenberg basic,965,1,1,1,1e-12,3.58164,0,1.09139e-11,1.89276e-12
Hessenberg basic,966,1,0,1,1e-12,1.77379,0,1.36424e-11,1.80257e-12
Hessenberg basic,966,1,1,1,1e-12,3.50313,0,2.16005e-11,1.72472e-12
Hessenberg basic,967,1,0,1,1e-12,2.20207,0,1.50067e-11,1.78682e-12
Hessenberg basic,967,1,1,1,1e-12,3.59301,0,1.20508e-11,1.77275e-12
Hessenberg basic,968,1,0,1,1e-12,2.14543,0,1.38698e-11,1.75698e-12
Hessenberg basic,968,1,1,1,1e-12,3.17748,0,1.19371e-11,1.9532e-12
Hessenberg basic,969,1,0,1,1e-12,1.93031,0,1.15961e-11,1.79441e-12
Hessenberg basic,969,1,1,1,1e-12,3.44586,0,1.13687e-11,1.77764e-12
Hessenberg basic,970,1,0,1,1e-12,2.15167,0,1.03455e-11,1.662e-12
Hessenberg basic,970,1,1,1,1e-12,3.77411,0,1.58025e-11,1.98856e-12
Hessenberg basic,971,1,0,1,1e-12,1.86081,0,1.05729e-11,1.7638e-12
Hessenberg basic,971,1,1,1,1e-12,3.84958,0,1.20508e-11,1.91403e-12
Hessenberg basic,972,1,0,1,1e-12,2.18564,0,1.26192e-11,1.80369e-12
Hessenberg basic,972,1,1,1,1e-12,3.72914,0,1.3074e-11,1.71536e-12
Hessenberg basic,973,1,0,1,1e-12,2.32741,0,1.6712e-11,1.80813e-12
Hessenberg basic,973,1,1,1,1e-12,3.22901,0,1.25056e-11,1.95532e-12
Hessenberg basic,974,1,0,1,1e-12,1.88054,0,1.71667e-11,1.73798e-12
Hessenberg basic,974,1,1,1,1e-12,4.06328,0,1.09139e-11,1.84222e-12
Hessenberg basic,975,1,0,1,1e-12,2.06439,0,1.10276e-11,1.81301e-12
Hessenberg basic,975,1,1,1,1e-12,3.52996,0,1.01181e-11,1.72142e-12
Hessenberg basic,976,1,0,1,1e-12,1.78107,0,1.4893e-11,1.68125e-12
Hessenberg basic,976,1,1,1,1e-12,3.79434,0,1.4893e-11,1.7918e-12
Hessenberg basic,977,1,0,1,1e-12,2.21738,0,1.46656e-11,1.82094e-12
Hessenberg basic,977,1,1,1,1e-12,3.51894,0,1.04592e-11,1.77486e-12
Hessenberg basic,978,1,0,1,1e-12,2.26514,0,1.20508e-11,1.75367e-12
Hessenberg basic,978,1,1,1,1e-12,3.36527,0,1.25056e-11,1.68181e-12
Hessenberg basic,979,1,0,1,1e-12,1.97064,0,1.20508e-11,1.70732e-12
Hessenberg basic,979,1,1,1,1e-12,4.20934,0,1.25056e-11,1.84389e-12
Hessenberg basic,980,1,0,1,1e-12,2.18314,0,1.13687e-11,1.67117e-12
Hessenberg basic,980,1,1,1,1e-12,3.94404,0,1.65983e-11,1.90368e-12
Hessenberg basic,981,1,0,1,1e-12,1.95672,0,1.22782e-11,1.77558e-12
Hessenberg basic,981,1,1,1,1e-12,4.15804,0,1.23919e-11,1.90258e-12
Hessenberg basic,982,1,0,1,1e-12,2.26072,0,1.1255e-11,1.71528e-12
Hessenberg basic,982,1,1,1,1e-12,3.9634,0,1.69393e-11,1.72623e-12
Hessenberg basic,983,1,0,1,1e-12,2.37112,0,1.4893e-11,1.71884e-12
Hessenberg basic,983,1,1,1,1e-12,3.43574,0,1.10276e-11,1.76751e-12
Hessenberg basic,984,1,0,1,1e-12,2.02709,0,1.29603e-11,1.62955e-12
Hessenberg basic,984,1,1,1,1e-12,3.67261,0,1.37561e-11,1.98294e-12
Hessenberg basic,985,1,0,1,1e-12,2.35212,0,1.04592e-11,1.66424e-12
Hessenberg basic,985,1,1,1,1e-12,4.23657,0,1.46656e-11,1.75628e-12
Hessenberg basic,986,1,0,1,1e-12,1.97711,0,1.14824e-11,1.85828e-12
Hessenberg basic,986,1,1,1,1e-12,4.00195,0,1.92131e-11,1.94918e-12
Hessenberg basic,987,1,0,1,1e-12,2.36888,0,1.44382e-11,1.78885e-12
Hessenberg basic,987,1,1,1,1e-12,4.11703,0,1.42109e-11,1.80535e-12
Hessenberg basic,988,1,0,1,1e-12,2.28482,0,1.14824e-11,1.68439e-12
Hessenberg basic,988,1,1,1,1e-12,3.52716,0,1.25056e-11,1.82957e-12
Hessenberg basic,989,1,0,1,1e-12,2.11186,0,1.33014e-11,1.78207e-12
Hessenberg basic,989,1,1,1,1e-12,3.07023,0,1.23919e-11,1.65429e-12
Hessenberg basic,990,1,0,1,1e-12,2.24299,0,1.1255e-11,1.68411e-12
Hessenberg basic,990,1,1,1,1e-12,3.52067,0,1.38698e-11,1.88909e-12
Hessenberg basic,991,1,0,1,1e-12,2.00972,0,1.09139e-11,1.66678e-12
Hessenberg basic,991,1,1,1,1e-12,3.18576,0,1.81899e-11,1.83115e-12
Hessenberg basic,992,1,0,1,1e-12,2.00236,0,1.28466e-11,1.6561e-12
Hessenberg basic,992,1,1,1,1e-12,4.03519,0,1.33014e-11,1.68916e-12
Hessenberg basic,993,1,0,1,1e-12,2.46671,0,1.10276e-11,1.65562e-12
Hessenberg basic,993,1,1,1,1e-12,3.47137,0,1.10276e-11,1.80398e-12
Hessenberg basic,994,1,0,1,1e-12,2.24446,0,1.36424e-11,1.76019e-12
Hessenberg basic,994,1,1,1,1e-12,3.17188,0,1.51203e-11,1.80752e-12
Hessenberg basic,995,1,0,1,1e-12,2.03796,0,1.77351e-11,1.67848e-12
Hessenberg basic,995,1,1,1,1e-12,3.95607,0,1.08002e-11,1.82837e-12
Hessenberg basic,996,1,0,1,1e-12,2.17892,0,1.22782e-11,1.67558e-12
Hessenberg basic,996,1,1,1,1e-12,4.56758,0,1.11413e-11,1.77507e-12
Hessenberg basic,997,1,0,1,1e-12,2.10677,0,1.20508e-11,1.6451e-12
Hessenberg basic,997,1,1,1,1e-12,3.19585,0,1.56888e-11,1.83138e-12
Hessenberg basic,998,1,0,1,1e-12,2.19697,0,1.25056e-11,1.66624e-12
Hessenberg basic,998,1,1,1,1e-12,3.88487,0,1.43245e-11,1.82971e-12
Hessenberg basic,999,1,0,1,1e-12,2.64177,0,1.17097e-11,1.70735e-12
Hessenberg basic,999,1,1,1,1e-12,3.47118,0,1.44382e-11,1.95484e-12
Hessenberg basic,1000,1,0,1,1e-12,1.60538,0,8.86757e-12,1.68004e-12
Hessenberg basic,1000,1,1,1,1e-12,2.75856,0,1.13687e-11,1.7162e-12
