version, size, hermitian, complex, seed, tol, runtime in s,min_error, max_error, avg_error
Hessenberg basic,900,1,0,9,1e-12,0.915214,0,9.54969e-12,1.66616e-12
Hessenberg basic,900,1,1,9,1e-12,2.9937,0,1.29603e-11,1.74673e-12
Hessenberg basic,901,1,0,9,1e-12,0.814658,0,1.02318e-11,1.84619e-12
Hessenberg basic,901,1,1,9,1e-12,3.08685,0,1.22782e-11,1.81747e-12
Hessenberg basic,902,1,0,9,1e-12,0.610927,0,1.42109e-11,1.65146e-12
Hessenberg basic,902,1,1,9,1e-12,1.67751,0,1.13687e-11,1.82756e-12
Hessenberg basic,903,1,0,9,1e-12,0.690883,0,1.3074e-11,1.83392e-12
Hessenberg basic,903,1,1,9,1e-12,3.17706,0,1.29603e-11,1.86906e-12
Hessenberg basic,904,1,0,9,1e-12,1.4709,0,1.01181e-11,1.74434e-12
Hessenberg basic,904,1,1,9,1e-12,1.54634,0,1.20508e-11,1.70291e-12
Hessenberg basic,905,1,0,9,1e-12,0.817439,0,1.15961e-11,1.71392e-12
Hessenberg basic,905,1,1,9,1e-12,1.71406,0,1.37561e-11,1.83365e-12
Hessenberg basic,906,1,0,9,1e-12,1.03015,0,1.06866e-11,1.62344e-12
Hessenberg basic,906,1,1,9,1e-12,3.42179,0,1.27329e-11,1.82462e-12
Hessenberg basic,907,1,0,9,1e-12,1.13663,0,1.39835e-11,1.70887e-12
Hessenberg basic,907,1,1,9,1e-12,2.52435,0,1.10276e-11,1.86373e-12
Hessenberg basic,908,1,0,9,1e-12,0.586677,0,9.60654e-12,1.77378e-12
Hessenberg basic,908,1,1,9,1e-12,1.50754,0,1.7053e-11,1.91593e-12
Hessenberg basic,909,1,0,9,1e-12,1.00045,0,1.25056e-11,1.73553e-12
Hessenberg basic,909,1,1,9,1e-12,2.12846,0,2.08047e-11,1.8051e-12
Hessenberg basic,910,1,0,9,1e-12,1.72554,0,1.3074e-11,1.77185e-12
Hessenberg basic,910,1,1,9,1e-12,1.60428,0,1.0516e-11,1.90181e-12
Hessenberg basic,911,1,0,9,1e-12,0.978032,0,1.14824e-11,1.77249e-12
Hessenberg basic,911,1,1,9,1e-12,1.75203,0,1.22782e-11,1.9998e-12
Hessenberg basic,912,1,0,9,1e-12,1.05982,0,9.72022e-12,1.81612e-12
Hessenberg basic,912,1,1,9,1e-12,3.77143,0,1.56888e-11,1.93777e-12
Hessenberg basic,913,1,0,9,1e-12,0.828264,0,1.1255e-11,1.76728e-12
Hessenberg basic,913,1,1,9,1e-12,2.03708,0,1.15961e-11,1.81091e-12
Hessenberg basic,914,1,0,9,1e-12,0.745208,0,1.55751e-11,1.73294e-12
Hessenberg basic,914,1,1,9,1e-12,1.63805,0,1.35287e-11,1.93499e-12
Hessenberg basic,915,1,0,9,1e-12,1.03115,0,1.35287e-11,1.88302e-12
Hessenberg basic,915,1,1,9,1e-12,2.45475,0,1.31877e-11,1.95535e-12
Hessenberg basic,916,1,0,9,1e-12,1.65953,0,1.4893e-11,1.83593e-12
Hessenberg basic,916,1,1,9,1e-12,1.63125,0,1.21645e-11,1.69915e-12
Hessenberg basic,917,1,0,9,1e-12,0.814557,0,1.21645e-11,1.86827e-12
Hessenberg basic,917,1,1,9,1e-12,2.10909,0,1.64846e-11,1.98479e-12
Hessenberg basic,918,1,0,9,1e-12,1.33601,0,1.4893e-11,1.84719e-12
Hessenberg basic,918,1,1,9,1e-12,3.29325,0,1.27329e-11,1.94066e-12
Hessenberg basic,919,1,0,9,1e-12,0.574496,0,1.3415e-11,1.7305e-12
Hessenberg basic,919,1,1,9,1e-12,2.02245,0,1.29603e-11,1.9179e-12
Hessenberg basic,920,1,0,9,1e-12,0.633176,0,1.17097e-11,1.79097e-12
Hessenberg basic,920,1,1,9,1e-12,2.03361,0,1.29603e-11,1.76194e-12
Hessenberg basic,921,1,0,9,1e-12,1.13049,0,1.50067e-11,1.7643e-12
Hessenberg basic,921,1,1,9,1e-12,2.22249,0,1.38698e-11,1.76492e-12
Hessenberg basic,922,1,0,9,1e-12,1.5031,0,1.14824e-11,1.76792e-12
Hessenberg basic,922,1,1,9,1e-12,2.25375,0,1.59162e-11,1.79992e-12
Hessenberg basic,923,1,0,9,1e-12,1.15556,0,1.20508e-11,1.67807e-12
Hessenberg basic,923,1,1,9,1e-12,2.20628,0,1.63709e-11,1.91332e-12
Hessenberg basic,924,1,0,9,1e-12,0.606108,0,1.25056e-11,1.6606e-12
Hessenberg basic,924,1,1,9,1e-12,3.99843,0,1.17097e-11,1.82651e-12
Hessenberg basic,925,1,0,9,1e-12,1.49802,0,1.09139e-11,1.77992e-12
Hessenberg basic,925,1,1,9,1e-12,3.97929,0,1.06866e-11,1.82828e-12
Hessenberg basic,926,1,0,9,1e-12,0.839741,0,1.36424e-11,1.61928e-12
Hessenberg basic,926,1,1,9,1e-12,3.03117,0,1.35287e-11,1.94382e-12
Hessenberg basic,927,1,0,9,1e-12,0.788734,0,1.08002e-11,1.71373e-12
Hessenberg basic,927,1,1,9,1e-12,2.66508,0,1.04592e-11,1.79537e-12
Hessenberg basic,928,1,0,9,1e-12,0.674402,0,1.31877e-11,1.69702e-12
Hessenberg basic,928,1,1,9,1e-12,2.30395,0,1.14824e-11,1.9433e-12
Hessenberg basic,929,1,0,9,1e-12,0.826239,0,1.4893e-11,1.87336e-12
Hessenberg basic,929,1,1,9,1e-12,2.95313,0,1.64846e-11,1.84966e-12
Hessenberg basic,930,1,0,9,1e-12,1.92204,0,1.26192e-11,1.73786e-12
Hessenberg basic,930,1,1,9,1e-12,2.15881,0,1.15961e-11,1.73137e-12
Hessenberg basic,931,1,0,9,1e-12,1.77832,0,1.11413e-11,1.71978e-12
Hessenberg basic,931,1,1,9,1e-12,2.34587,0,1.13687e-11,1.78467e-12
Hessenberg basic,932,1,0,9,1e-12,1.04366,0,1.17097e-11,1.82167e-12
Hessenberg basic,932,1,1,9,1e-12,2.57987,0,1.65983e-11,1.9541e-12
Hessenberg basic,933,1,0,9,1e-12,0.772925,0,1.11413e-11,1.6727e-12
Hessenberg basic,933,1,1,9,1e-12,3.66857,0,1.08002e-11,1.76823e-12
Hessenberg basic,934,1,0,9,1e-12,1.5531,0,1.11413e-11,1.65027e-12
Hessenberg basic,934,1,1,9,1e-12,4.22846,0,1.38698e-11,1.78423e-12
Hessenberg basic,935,1,0,9,1e-12,0.924432,0,1.02318e-11,1.77629e-12
Hessenberg basic,935,1,1,9,1e-12,3.693,0,1.69393e-11,1.75795e-12
Hessenberg basic,936,1,0,9,1e-12,0.735949,0,1.59162e-11,1.73427e-12
Hessenberg basic,936,1,1,9,1e-12,2.12323,0,1.36424e-11,1.89155e-12
Hessenberg basic,937,1,0,9,1e-12,0.644978,0,1.47793e-11,1.8052e-12
Hessenberg basic,937,1,1,9,1e-12,2.54464,0,1.09139e-11,1.77574e-12
Hessenberg basic,938,1,0,9,1e-12,0.710052,0,1.23919e-11,1.74402e-12
Hessenberg basic,938,1,1,9,1e-12,2.37275,0,1.36424e-11,1.82539e-12
Hessenberg basic,939,1,0,9,1e-12,1.74628,0,1.18234e-11,1.74236e-12
Hessenberg basic,939,1,1,9,1e-12,2.05588,0,1.05729e-11,1.70859e-12
Hessenberg basic,940,1,0,9,1e-12,0.857942,0,1.26192e-11,1.6843e-12
Hessenberg basic,940,1,1,9,1e-12,2.20855,0,1.53477e-11,1.89664e-12
Hessenberg basic,941,1,0,9,1e-12,0.755044,0,1.46656e-11,1.83232e-12
Hessenberg basic,941,1,1,9,1e-12,4.22472,0,1.46656e-11,1.8573e-12
Hessenberg basic,942,1,0,9,1e-12,0.935123,0,1.3074e-11,1.79534e-12
Hessenberg basic,942,1,1,9,1e-12,2.56492,0,1.53477e-11,1.84195e-12
Hessenberg basic,943,1,0,9,1e-12,0.625378,0,1.27329e-11,1.8117e-12
Hessenberg basic,943,1,1,9,1e-12,1.98235,0,3.14913e-11,1.83428e-12
Hessenberg basic,944,1,0,9,1e-12,0.717337,0,1.3415e-11,1.74694e-12
Hessenberg basic,944,1,1,9,1e-12,3.31969,0,1.7053e-11,1.98489e-12
Hessenberg basic,945,1,0,9,1e-12,1.81731,0,1.31877e-11,1.78922e-12
Hessenberg basic,945,1,1,9,1e-12,2.09349,0,9.32232e-12,1.81149e-12
Hessenberg basic,946,1,0,9,1e-12,1.86763,0,1.1255e-11,1.70346e-12
Hessenberg basic,946,1,1,9,1e-12,2.49465,0,1.37561e-11,1.77443e-12
Hessenberg basic,947,1,0,9,1e-12,0.705454,0,1.20508e-11,1.75905e-12
Hessenberg basic,947,1,1,9,1e-12,2.5194,0,2.70575e-11,1.85991e-12
Hessenberg basic,948,1,0,9,1e-12,1.07282,0,1.33014e-11,1.70343e-12
Hessenberg basic,948,1,1,9,1e-12,4.23789,0,1.68257e-11,2.00504e-12
Hessenberg basic,949,1,0,9,1e-12,1.27899,0,1.42109e-11,1.78961e-12
Hessenberg basic,949,1,1,9,1e-12,3.13777,0,1.37561e-11,1.91685e-12
Hessenberg basic,950,1,0,9,1e-12,0.668063,0,1.05729e-11,1.62925e-12
Hessenberg basic,950,1,1,9,1e-12,2.49554,0,1.18234e-11,1.84143e-12
Hessenberg basic,951,1,0,9,1e-12,0.685425,0,1.23919e-11,1.77145e-12
Hessenberg basic,951,1,1,9,1e-12,2.48797,0,1.19371e-11,1.78516e-12
Hessenberg basic,952,1,0,9,1e-12,0.805008,0,1.20508e-11,1.80734e-12
Hessenberg basic,952,1,1,9,1e-12,2.66694,0,1.18234e-11,1.93661e-12
Hessenberg basic,953,1,0,9,1e-12,1.01262,0,1.46656e-11,1.85908e-12
Hessenberg basic,953,1,1,9,1e-12,2.85608,0,1.71667e-11,1.94302e-12
Hessenberg basic,954,1,0,9,1e-12,1.57246,0,1.01181e-11,1.73825e-12
Hessenberg basic,954,1,1,9,1e-12,2.98621,0,1.25056e-11,1.81744e-12
Hessenberg basic,955,1,0,9,1e-12,0.814549,0,1.80762e-11,1.81302e-12
Hessenberg basic,955,1,1,9,1e-12,2.06251,0,1.71667e-11,2.07036e-12
Hessenberg basic,956,1,0,9,1e-12,1.48787,0,1.09708e-11,1.67441e-12
Hessenberg basic,956,1,1,9,1e-12,3.06574,0,1.51203e-11,1.82472e-12
Hessenberg basic,957,1,0,9,1e-12,1.00782,0,1.06866e-11,1.82552e-12
Hessenberg basic,957,1,1,9,1e-12,2.88486,0,1.10276e-11,1.85182e-12
Hessenberg basic,958,1,0,9,1e-12,0.662942,0,1.40972e-11,1.74337e-12
Hessenberg basic,958,1,1,9,1e-12,3.95171,0,1.84173e-11,1.97675e-12
Hessenberg basic,959,1,0,9,1e-12,1.12104,0,1.14824e-11,1.7629e-12
Hessenberg basic,959,1,1,9,1e-12,3.14598,0,1.43245e-11,1.96618e-12
Hessenberg basic,960,1,0,9,1e-12,1.58856,0,1.65983e-11,1.72189e-12
Hessenberg basic,960,1,1,9,1e-12,2.72931,0,1.87583e-11,1.9171e-12
Hessenberg basic,961,1,0,9,1e-12,1.09905,0,1.13687e-11,1.79296e-12
Hessenberg basic,961,1,1,9,1e-12,3.67112,0,1.20508e-11,1.84049e-12
Hessenberg basic,962,1,0,9,1e-12,0.949598,0,1.22782e-11,1.70845e-12
Hessenberg basic,962,1,1,9,1e-12,2.55559,0,2.04636e-11,1.90339e-12
Hessenberg basic,963,1,0,9,1e-12,1.32856,0,1.38698e-11,1.81175e-12
Hessenberg basic,963,1,1,9,1e-12,4.78287,0,1.35287e-11,1.88537e-12
Hessenberg basic,964,1,0,9,1e-12,1.25802,0,1.1255e-11,1.86511e-12
Hessenberg basic,964,1,1,9,1e-12,2.93458,0,1.64846e-11,1.87547e-12
Hessenberg basic,965,1,0,9,1e-12,1.9664,0,1.25056e-11,1.87175e-12
Hessenberg basic,965,1,1,9,1e-12,3.99032,0,1.26192e-11,1.95296e-12
Hessenberg basic,966,1,0,9,1e-12,1.22856,0,1.56888e-11,1.94258e-12
Hessenberg basic,966,1,1,9,1e-12,3.20103,0,1.29603e-11,1.81027e-12
Hessenberg basic,967,1,0,9,1e-12,0.856752,0,1.19371e-11,1.70387e-12
Hessenberg basic,967,1,1,9,1e-12,4.67032,0,1.87583e-11,1.88109e-12
Hessenberg basic,968,1,0,9,1e-12,1.00923,0,1.40972e-11,1.80382e-12
Hessenberg basic,968,1,1,9,1e-12,3.52398,0,1.3415e-11,1.98813e-12
Hessenberg basic,969,1,0,9,1e-12,0.961927,0,1.95541e-11,1.79347e-12
Hessenberg basic,969,1,1,9,1e-12,2.46627,0,1.09139e-11,1.8295e-12
Hessenberg basic,970,1,0,9,1e-12,1.83518,0,1.19371e-11,1.71978e-12
Hessenberg basic,970,1,1,9,1e-12,3.04545,0,1.53477e-11,1.91533e-12
Hessenberg basic,971,1,0,9,1e-12,1.05044,0,1.60298e-11,1.81208e-12
Hessenberg basic,971,1,1,9,1e-12,3.40897,0,1.27329e-11,1.86644e-12
Hessenberg basic,972,1,0,9,1e-12,0.771581,0,1.05729e-11,1.72893e-12
Hessenberg basic,972,1,1,9,1e-12,3.49083,0,1.60298e-11,1.88933e-12
Hessenberg basic,973,1,0,9,1e-12,1.81295,0,1.1255e-11,1.77845e-12
Hessenberg basic,973,1,1,9,1e-12,4.04545,0,1.35287e-11,2.00672e-12
Hessenberg basic,974,1,0,9,1e-12,1.06891,0,1.45519e-11,1.76741e-12
Hessenberg basic,974,1,1,9,1e-12,3.30753,0,1.31877e-11,1.76033e-12
Hessenberg basic,975,1,0,9,1e-12,1.87801,0,1.37561e-11,1.8454e-12
Hessenberg basic,975,1,1,9,1e-12,2.94624,0,2.28511e-11,1.78236e-12
Hessenberg basic,976,1,0,9,1e-12,1.24769,0,1.40972e-11,1.78742e-12
Hessenberg basic,976,1,1,9,1e-12,3.76857,0,2.19416e-11,1.95337e-12
Hessenberg basic,977,1,0,9,1e-12,0.933367,0,1.45519e-11,1.7444e-12
Hessenberg basic,977,1,1,9,1e-12,3.28414,0,1.02318e-11,1.80786e-12
Hessenberg basic,978,1,0,9,1e-12,1.67152,0,1.31877e-11,1.89607e-12
Hessenberg basic,978,1,1,9,1e-12,4.65883,0,1.44382e-11,1.87481e-12
Hessenberg basic,979,1,0,9,1e-12,1.12538,0,1.3415e-11,2.03391e-12
Hessenberg basic,979,1,1,9,1e-12,2.99488,0,2.94449e-11,1.96173e-12
Hessenberg basic,980,1,0,9,1e-12,1.97917,0,1.19371e-11,1.78531e-12
Hessenberg basic,980,1,1,9,1e-12,3.15791,0,1.19371e-11,1.84584e-12
Hessenberg basic,981,1,0,9,1e-12,1.71469,0,1.3074e-11,1.7227e-12
Hessenberg basic,981,1,1,9,1e-12,3.84873,0,2.03499e-11,1.97479e-12
Hessenberg basic,982,1,0,9,1e-12,1.01102,0,1.13687e-11,1.64045e-12
Hessenberg basic,982,1,1,9,1e-12,3.2034,0,1.39835e-11,1.79549e-12
Hessenberg basic,983,1,0,9,1e-12,0.855949,0,2.21689e-11,1.9592e-12
Hessenberg basic,983,1,1,9,1e-12,3.65136,0,1.38698e-11,1.98121e-12
Hessenberg basic,984,1,0,9,1e-12,1.83771,0,1.17097e-11,1.72993e-12
Hessenberg basic,984,1,1,9,1e-12,4.65231,0,1.43245e-11,1.9495e-12
Hessenberg basic,985,1,0,9,1e-12,1.00566,0,1.27329e-11,1.83305e-12
Hessenberg basic,985,1,1,9,1e-12,3.48694,0,1.10276e-11,1.89894e-12
Hessenberg basic,986,1,0,9,1e-12,1.66254,0,1.45519e-11,1.81652e-12
Hessenberg basic,986,1,1,9,1e-12,2.74885,0,1.15961e-11,1.81054e-12
Hessenberg basic,987,1,0,9,1e-12,2.01219,0,1.13687e-11,1.62287e-12
Hessenberg basic,987,1,1,9,1e-12,3.80089,0,1.5234e-11,1.7478e-12
Hessenberg basic,988,1,0,9,1e-12,1.15453,0,1.05729e-11,1.72682e-12
Hessenberg basic,988,1,1,9,1e-12,3.5031,0,1.23919e-11,1.84247e-12
Hessenberg basic,989,1,0,9,1e-12,0.976607,0,1.43245e-11,1.80845e-12
Hessenberg basic,989,1,1,9,1e-12,3.5314,0,1.50067e-11,1.85053e-12
Hessenberg basic,990,1,0,9,1e-12,1.76707,0,1.37561e-11,1.70231e-12
Hessenberg basic,990,1,1,9,1e-12,4.83575,0,1.4893e-11,1.81501e-12
Hessenberg basic,991,1,0,9,1e-12,1.21535,0,1.39835e-11,1.80228e-12
Hessenberg basic,991,1,1,9,1e-12,3.33441,0,1.28466e-11,1.8305e-12
Hessenberg basic,992,1,0,9,1e-12,1.89071,0,1.29603e-11,1.79421e-12
Hessenberg basic,992,1,1,9,1e-12,2.94253,0,1.25056e-11,1.93571e-12
Hessenberg basic,993,1,0,9,1e-12,2.10771,0,1.13687e-11,1.6414e-12
Hessenberg basic,993,1,1,9,1e-12,4.17244,0,1.55751e-11,1.91e-12
Hessenberg basic,994,1,0,9,1e-12,1.36228,0,1.00044e-11,1.7446e-12
Hessenberg basic,994,1,1,9,1e-12,3.59465,0,1.3415e-11,1.88144e-12
Hessenberg basic,995,1,0,9,1e-12,1.09856,0,1.1255e-11,1.74368e-12
Hessenberg basic,995,1,1,9,1e-12,4.70003,0,1.19371e-11,1.85606e-12
Hessenberg basic,996,1,0,9,1e-12,1.88074,0,1.17097e-11,1.72264e-12
Hessenberg basic,996,1,1,9,1e-12,4.61292,0,1.06866e-11,1.72959e-12
Hessenberg basic,997,1,0,9,1e-12,1.22175,0,1.27329e-11,1.73802e-12
Hessenberg basic,997,1,1,9,1e-12,3.43964,0,1.58025e-11,2.03539e-12
Hessenberg basic,998,1,0,9,1e-12,2.18977,0,1.5234e-11,1.81199e-12
Hessenberg basic,998,1,1,9,1e-12,3.67069,0,1.68257e-11,1.96696e-12
Hessenberg basic,999,1,0,9,1e-12,1.96989,0,1.11413e-11,1.6945e-12
Hessenberg basic,999,1,1,9,1e-12,4.11377,0,1.3074e-11,1.99075e-12
Hessenberg basic,1000,1,0,9,1e-12,1.04575,0,1.8531e-11,1.93213e-12
Hessenberg basic,1000,1,1,9,1e-12,3.63095,0,1.37561e-11,1.94012e-12
