version, size, hermitian, complex, seed, tol, runtime in s,min_error, max_error, avg_error
Hessenberg basic,900,1,0,3,1e-12,1.68345,0,1.25056e-11,1.75698e-12
Hessenberg basic,900,1,1,3,1e-12,1.707,0,1.17097e-11,1.79272e-12
Hessenberg basic,901,1,0,3,1e-12,0.964579,0,1.02318e-11,1.7902e-12
Hessenberg basic,901,1,1,3,1e-12,2.65392,0,1.44382e-11,1.8441e-12
Hessenberg basic,902,1,0,3,1e-12,0.740424,0,1.05729e-11,1.75173e-12
Hessenberg basic,902,1,1,3,1e-12,2.05596,0,1.46656e-11,1.72027e-12
Hessenberg basic,903,1,0,3,1e-12,1.15752,0,1.19371e-11,1.79101e-12
Hessenberg basic,903,1,1,3,1e-12,1.89644,0,1.84173e-11,1.88656e-12
Hessenberg basic,904,1,0,3,1e-12,1.91512,0,1.08002e-11,1.88883e-12
Hessenberg basic,904,1,1,3,1e-12,2.6472,0,1.40972e-11,1.78001e-12
Hessenberg basic,905,1,0,3,1e-12,1.56501,0,9.77707e-12,1.79079e-12
Hessenberg basic,905,1,1,3,1e-12,3.12784,0,1.05729e-11,1.73289e-12
Hessenberg basic,906,1,0,3,1e-12,1.45596,0,1.00044e-11,1.79784e-12
Hessenberg basic,906,1,1,3,1e-12,3.1216,0,1.45519e-11,1.84153e-12
Hessenberg basic,907,1,0,3,1e-12,1.1191,0,9.89075e-12,1.75799e-12
Hessenberg basic,907,1,1,3,1e-12,3.07558,0,1.08002e-11,2.01932e-12
Hessenberg basic,908,1,0,3,1e-12,1.0208,0,1.51203e-11,1.71212e-12
Hessenberg basic,908,1,1,3,1e-12,3.80086,0,1.09139e-11,1.8132e-12
Hessenberg basic,909,1,0,3,1e-12,1.59484,0,1.14824e-11,1.77008e-12
Hessenberg basic,909,1,1,3,1e-12,3.71548,0,1.20508e-11,1.88744e-12
Hessenberg basic,910,1,0,3,1e-12,1.15408,0,1.5234e-11,1.81528e-12
Hessenberg basic,910,1,1,3,1e-12,3.48551,0,1.18234e-11,1.82531e-12
Hessenberg basic,911,1,0,3,1e-12,0.972747,0,1.40972e-11,1.81949e-12
Hessenberg basic,911,1,1,3,1e-12,3.26704,0,1.14824e-11,1.84954e-12
Hessenberg basic,912,1,0,3,1e-12,1.37781,0,1.3415e-11,1.7446e-12
Hessenberg basic,912,1,1,3,1e-12,2.8974,0,1.00044e-11,1.83391e-12
Hessenberg basic,913,1,0,3,1e-12,1.66053,0,1.05729e-11,1.73524e-12
Hessenberg basic,913,1,1,3,1e-12,3.47311,0,1.51203e-11,1.92384e-12
Hessenberg basic,914,1,0,3,1e-12,1.27054,0,1.56888e-11,1.80167e-12
Hessenberg basic,914,1,1,3,1e-12,3.4496,0,1.09139e-11,1.91932e-12
Hessenberg basic,915,1,0,3,1e-12,1.22351,0,1.11413e-11,1.71456e-12
Hessenberg basic,915,1,1,3,1e-12,3.04813,0,1.23919e-11,1.93345e-12
Hessenberg basic,916,1,0,3,1e-12,1.07106,0,1.13687e-11,1.75659e-12
Hessenberg basic,916,1,1,3,1e-12,4.24763,0,1.45519e-11,1.96825e-12
Hessenberg basic,917,1,0,3,1e-12,1.29646,0,1.03455e-11,1.909e-12
Hessenberg basic,917,1,1,3,1e-12,4.11682,0,1.11413e-11,1.92103e-12
Hessenberg basic,918,1,0,3,1e-12,1.32813,0,1.31877e-11,1.78214e-12
Hessenberg basic,918,1,1,3,1e-12,3.24213,0,1.29603e-11,1.79062e-12
Hessenberg basic,919,1,0,3,1e-12,1.1021,0,1.23919e-11,1.80481e-12
Hessenberg basic,919,1,1,3,1e-12,3.27507,0,9.66338e-12,1.80967e-12
Hessenberg basic,920,1,0,3,1e-12,1.1767,0,1.27329e-11,1.76012e-12
Hessenberg basic,920,1,1,3,1e-12,2.88154,0,1.36424e-11,1.81529e-12
Hessenberg basic,921,1,0,3,1e-12,1.65575,0,1.02318e-11,1.8997e-12
Hessenberg basic,921,1,1,3,1e-12,3.1828,0,1.63709e-11,1.79795e-12
Hessenberg basic,922,1,0,3,1e-12,1.17326,0,1.03455e-11,1.85028e-12
Hessenberg basic,922,1,1,3,1e-12,3.62878,0,1.39835e-11,1.74348e-12
Hessenberg basic,923,1,0,3,1e-12,1.34286,0,1.21645e-11,1.78016e-12
Hessenberg basic,923,1,1,3,1e-12,3.53902,0,1.06866e-11,1.91593e-12
Hessenberg basic,924,1,0,3,1e-12,1.04517,0,1.26192e-11,1.80272e-12
Hessenberg basic,924,1,1,3,1e-12,3.66044,0,1.3074e-11,1.91378e-12
Hessenberg basic,925,1,0,3,1e-12,1.35128,0,1.17097e-11,1.80298e-12
Hessenberg basic,925,1,1,3,1e-12,3.77822,0,1.09139e-11,1.91869e-12
Hessenberg basic,926,1,0,3,1e-12,1.46847,0,1.22782e-11,1.81906e-12
Hessenberg basic,926,1,1,3,1e-12,3.82289,0,1.3074e-11,1.87055e-12
Hessenberg basic,927,1,0,3,1e-12,2.29651,0,1.19371e-11,1.79441e-12
Hessenberg basic,927,1,1,3,1e-12,4.0859,0,1.04592e-11,1.81249e-12
Hessenberg basic,928,1,0,3,1e-12,1.40492,0,1.31877e-11,1.75547e-12
Hessenberg basic,928,1,1,3,1e-12,4.45125,0,1.20508e-11,1.85079e-12
Hessenberg basic,929,1,0,3,1e-12,1.55763,0,1.39835e-11,1.89221e-12
Hessenberg basic,929,1,1,3,1e-12,3.95879,0,1.08002e-11,1.79462e-12
Hessenberg basic,930,1,0,3,1e-12,1.88581,0,1.37561e-11,1.80081e-12
Hessenberg basic,930,1,1,3,1e-12,4.70403,0,1.42109e-11,1.95471e-12
Hessenberg basic,931,1,0,3,1e-12,1.53943,0,1.04592e-11,1.88798e-12
Hessenberg basic,931,1,1,3,1e-12,3.86469,0,1.31877e-11,1.94902e-12
Hessenberg basic,932,1,0,3,1e-12,1.53992,0,1.19371e-11,1.89192e-12
Hessenberg basic,932,1,1,3,1e-12,3.65344,0,1.63709e-11,2.05861e-12
Hessenberg basic,933,1,0,3,1e-12,1.6929,0,1.03455e-11,1.78742e-12
Hessenberg basic,933,1,1,3,1e-12,3.95901,0,1.23919e-11,1.9129e-12
Hessenberg basic,934,1,0,3,1e-12,1.39457,0,1.13687e-11,1.82532e-12
Hessenberg basic,934,1,1,3,1e-12,4.11159,0,1.20508e-11,1.91543e-12
Hessenberg basic,935,1,0,3,1e-12,1.47466,0,1.44382e-11,1.82457e-12
Hessenberg basic,935,1,1,3,1e-12,4.74524,0,1.63709e-11,1.91553e-12
Hessenberg basic,936,1,0,3,1e-12,1.46513,0,1.3415e-11,1.9952e-12
Hessenberg basic,936,1,1,3,1e-12,4.76572,0,1.4893e-11,1.98503e-12
Hessenberg basic,937,1,0,3,1e-12,1.55262,0,1.26192e-11,1.87041e-12
Hessenberg basic,937,1,1,3,1e-12,3.92723,0,9.89075e-12,2.05708e-12
Hessenberg basic,938,1,0,3,1e-12,1.28739,0,1.40972e-11,1.93627e-12
Hessenberg basic,938,1,1,3,1e-12,3.83441,0,1.45519e-11,1.96185e-12
Hessenberg basic,939,1,0,3,1e-12,1.74269,0,1.3074e-11,1.83531e-12
Hessenberg basic,939,1,1,3,1e-12,3.59639,0,1.27329e-11,1.98142e-12
Hessenberg basic,940,1,0,3,1e-12,1.53654,0,1.22782e-11,2.02619e-12
Hessenberg basic,940,1,1,3,1e-12,4.02397,0,1.65983e-11,2.10831e-12
Hessenberg basic,941,1,0,3,1e-12,1.27926,0,1.77351e-11,1.83269e-12
Hessenberg basic,941,1,1,3,1e-12,3.68834,0,1.58025e-11,2.13599e-12
Hessenberg basic,942,1,0,3,1e-12,1.24682,0,1.29603e-11,1.78872e-12
Hessenberg basic,942,1,1,3,1e-12,3.08747,0,1.38698e-11,2.0622e-12
Hessenberg basic,943,1,0,3,1e-12,1.5738,0,1.17097e-11,1.78457e-12
Hessenberg basic,943,1,1,3,1e-12,5.07189,0,1.28466e-11,1.85909e-12
Hessenberg basic,944,1,0,3,1e-12,1.76864,0,1.17097e-11,1.90329e-12
Hessenberg basic,944,1,1,3,1e-12,4.40075,0,1.3415e-11,1.93359e-12
Hessenberg basic,945,1,0,3,1e-12,1.69424,0,1.38698e-11,1.77624e-12
Hessenberg basic,945,1,1,3,1e-12,4.48443,0,1.26192e-11,1.95464e-12
Hessenberg basic,946,1,0,3,1e-12,1.09227,0,1.20508e-11,1.84571e-12
Hessenberg basic,946,1,1,3,1e-12,3.863,0,1.46656e-11,1.94473e-12
Hessenberg basic,947,1,0,3,1e-12,1.32932,0,2.05773e-11,1.88332e-12
Hessenberg basic,947,1,1,3,1e-12,3.6322,0,1.04592e-11,1.8356e-12
Hessenberg basic,948,1,0,3,1e-12,1.70306,0,1.06866e-11,1.81139e-12
Hessenberg basic,948,1,1,3,1e-12,3.97682,0,1.51203e-11,1.86211e-12
Hessenberg basic,949,1,0,3,1e-12,1.54083,0,1.00044e-11,1.76223e-12
Hessenberg basic,949,1,1,3,1e-12,4.45592,0,1.18234e-11,1.82919e-12
Hessenberg basic,950,1,0,3,1e-12,1.64194,0,1.22782e-11,1.88956e-12
Hessenberg basic,950,1,1,3,1e-12,4.20043,0,1.62572e-11,1.95863e-12
Hessenberg basic,951,1,0,3,1e-12,1.88979,0,1.42109e-11,1.93784e-12
Hessenberg basic,951,1,1,3,1e-12,4.68736,0,1.01181e-11,1.89703e-12
Hessenberg basic,952,1,0,3,1e-12,1.24535,0,1.60298e-11,2.03075e-12
Hessenberg basic,952,1,1,3,1e-12,4.049,0,1.59162e-11,2.03947e-12
Hessenberg basic,953,1,0,3,1e-12,1.21619,0,1.40972e-11,1.97287e-12
Hessenberg basic,953,1,1,3,1e-12,4.27677,0,1.31877e-11,2.07604e-12
Hessenberg basic,954,1,0,3,1e-12,1.51047,0,9.32232e-12,1.80647e-12
Hessenberg basic,954,1,1,3,1e-12,4.35735,0,1.3415e-11,1.82334e-12
Hessenberg basic,955,1,0,3,1e-12,1.24829,0,1.05729e-11,1.71248e-12
Hessenberg basic,955,1,1,3,1e-12,4.45777,0,1.27329e-11,1.98351e-12
Hessenberg basic,956,1,0,3,1e-12,2.04554,0,1.31877e-11,1.87234e-12
Hessenberg basic,956,1,1,3,1e-12,4.48358,0,1.09139e-11,1.90425e-12
Hessenberg basic,957,1,0,3,1e-12,2.18746,0,2.35332e-11,1.9457e-12
Hessenberg basic,957,1,1,3,1e-12,4.75169,0,1.39835e-11,2.02042e-12
Hessenberg basic,958,1,0,3,1e-12,1.74684,0,1.4893e-11,1.8326e-12
Hessenberg basic,958,1,1,3,1e-12,5.39081,0,1.43245e-11,1.85816e-12
Hessenberg basic,959,1,0,3,1e-12,2.42287,0,1.05729e-11,1.78856e-12
Hessenberg basic,959,1,1,3,1e-12,5.34347,0,1.11413e-11,1.91724e-12
Hessenberg basic,960,1,0,3,1e-12,1.92699,0,1.39835e-11,1.78562e-12
Hessenberg basic,960,1,1,3,1e-12,4.72053,0,1.5234e-11,1.93864e-12
Hessenberg basic,961,1,0,3,1e-12,1.77329,0,1.26192e-11,1.74378e-12
Hessenberg basic,961,1,1,3,1e-12,3.99276,0,1.29603e-11,1.96015e-12
Hessenberg basic,962,1,0,3,1e-12,2.5201,0,1.20508e-11,1.86831e-12
Hessenberg basic,962,1,1,3,1e-12,5.32698,0,1.09139e-11,2.00824e-12
Hessenberg basic,963,1,0,3,1e-12,1.87645,0,1.00044e-11,1.69709e-12
Hessenberg basic,963,1,1,3,1e-12,4.83405,0,1.26192e-11,2.04192e-12
Hessenberg basic,964,1,0,3,1e-12,1.75336,0,1.02318e-11,1.78833e-12
Hessenberg basic,964,1,1,3,1e-12,6.16699,0,1.37561e-11,1.91349e-12
Hessenberg basic,965,1,0,3,1e-12,2.26968,0,1.39835e-11,1.77944e-12
Hessenberg basic,965,1,1,3,1e-12,5.73365,0,1.13687e-11,1.9829e-12
Hessenberg basic,966,1,0,3,1e-12,1.86049,0,1.21645e-11,1.85873e-12
Hessenberg basic,966,1,1,3,1e-12,4.67862,0,1.1255e-11,1.87942e-12
Hessenberg basic,967,1,0,3,1e-12,2.54203,0,1.26192e-11,1.80869e-12
Hessenberg basic,967,1,1,3,1e-12,4.8531,0,1.36424e-11,1.94062e-12
Hessenberg basic,968,1,0,3,1e-12,1.45208,0,1.20508e-11,1.84217e-12
Hessenberg basic,968,1,1,3,1e-12,5.15982,0,1.19371e-11,1.9104e-12
Hessenberg basic,969,1,0,3,1e-12,1.60136,0,1.1255e-11,1.87754e-12
Hessenberg basic,969,1,1,3,1e-12,4.63969,0,1.6712e-11,1.90961e-12
Hessenberg basic,970,1,0,3,1e-12,1.60676,0,1.68257e-11,1.87747e-12
Hessenberg basic,970,1,1,3,1e-12,5.45753,0,1.96678e-11,1.99446e-12
Hessenberg basic,971,1,0,3,1e-12,1.5986,0,1.21645e-11,1.78574e-12
Hessenberg basic,971,1,1,3,1e-12,4.3148,0,1.00044e-11,1.91608e-12
Hessenberg basic,972,1,0,3,1e-12,1.53072,0,1.05729e-11,1.81775e-12
Hessenberg basic,972,1,1,3,1e-12,3.70986,0,1.33014e-11,1.86304e-12
Hessenberg basic,973,1,0,3,1e-12,1.76163,0,1.38698e-11,1.92145e-12
Hessenberg basic,973,1,1,3,1e-12,3.27761,0,1.18234e-11,2.01888e-12
Hessenberg basic,974,1,0,3,1e-12,2.71673,0,1.19371e-11,1.78682e-12
Hessenberg basic,974,1,1,3,1e-12,3.30005,0,1.28466e-11,1.94451e-12
Hessenberg basic,975,1,0,3,1e-12,2.70869,0,1.1255e-11,1.94142e-12
Hessenberg basic,975,1,1,3,1e-12,4.42438,0,1.20508e-11,1.83386e-12
Hessenberg basic,976,1,0,3,1e-12,1.7365,0,1.02318e-11,1.69963e-12
Hessenberg basic,976,1,1,3,1e-12,4.97715,0,1.46656e-11,1.95861e-12
Hessenberg basic,977,1,0,3,1e-12,1.684,0,1.76215e-11,1.84777e-12
Hessenberg basic,977,1,1,3,1e-12,4.53981,0,1.27329e-11,2.01453e-12
Hessenberg basic,978,1,0,3,1e-12,1.30915,0,1.43245e-11,1.7222e-12
Hessenberg basic,978,1,1,3,1e-12,3.98501,0,1.28466e-11,2.01228e-12
Hessenberg basic,979,1,0,3,1e-12,1.22138,0,1.26192e-11,1.79347e-12
Hessenberg basic,979,1,1,3,1e-12,4.43114,0,9.89075e-12,1.84829e-12
Hessenberg basic,980,1,0,3,1e-12,1.74053,0,1.37561e-11,1.89458e-12
Hessenberg basic,980,1,1,3,1e-12,5.46526,0,1.39835e-11,1.97402e-12
Hessenberg basic,981,1,0,3,1e-12,1.97164,0,1.50067e-11,1.82927e-12
Hessenberg basic,981,1,1,3,1e-12,5.22501,0,9.89075e-12,1.89511e-12
Hessenberg basic,982,1,0,3,1e-12,2.11953,0,1.15961e-11,1.69848e-12
Hessenberg basic,982,1,1,3,1e-12,4.47182,0,1.4893e-11,2.02671e-12
Hessenberg basic,983,1,0,3,1e-12,2.74604,0,1.37561e-11,2.0422e-12
Hessenberg basic,983,1,1,3,1e-12,5.05441,0,1.23919e-11,2.04009e-12
Hessenberg basic,984,1,0,3,1e-12,1.85453,0,1.42109e-11,1.94608e-12
Hessenberg basic,984,1,1,3,1e-12,5.00347,0,1.21645e-11,1.96218e-12
Hessenberg basic,985,1,0,3,1e-12,1.96556,0,1.04592e-11,1.90034e-12
Hessenberg basic,985,1,1,3,1e-12,5.91685,0,2.21689e-11,1.94364e-12
Hessenberg basic,986,1,0,3,1e-12,2.01843,0,1.13687e-11,1.69349e-12
Hessenberg basic,986,1,1,3,1e-12,4.8607,0,1.14824e-11,1.92696e-12
Hessenberg basic,987,1,0,3,1e-12,1.85729,0,1.10276e-11,1.84256e-12
Hessenberg basic,987,1,1,3,1e-12,5.44006,0,1.23919e-11,1.95523e-12
Hessenberg basic,988,1,0,3,1e-12,2.69227,0,1.18234e-11,1.80292e-12
Hessenberg basic,988,1,1,3,1e-12,4.92672,0,1.42109e-11,1.83825e-12
Hessenberg basic,989,1,0,3,1e-12,2.06842,0,1.40972e-11,1.786e-12
Hessenberg basic,989,1,1,3,1e-12,4.57573,0,1.04592e-11,1.84993e-12
Hessenberg basic,990,1,0,3,1e-12,1.83019,0,1.42109e-11,1.82327e-12
Hessenberg basic,990,1,1,3,1e-12,5.52201,0,1.28466e-11,1.87678e-12
Hessenberg basic,991,1,0,3,1e-12,1.77309,0,1.45519e-11,1.75363e-12
Hessenberg basic,991,1,1,3,1e-12,3.64829,0,1.97815e-11,1.9012e-12
Hessenberg basic,992,1,0,3,1e-12,1.38145,0,1.90994e-11,1.84051e-12
Hessenberg basic,992,1,1,3,1e-12,5.15543,0,1.55751e-11,1.94289e-12
Hessenberg basic,993,1,0,3,1e-12,1.6614,0,1.13687e-11,1.72451e-12
Hessenberg basic,993,1,1,3,1e-12,3.99738,0,1.00044e-11,1.88364e-12
Hessenberg basic,994,1,0,3,1e-12,1.13166,0,1.3415e-11,1.8474e-12
Hessenberg basic,994,1,1,3,1e-12,4.73367,0,1.6712e-11,1.84649e-12
Hessenberg basic,995,1,0,3,1e-12,1.54181,0,1.17097e-11,1.90687e-12
Hessenberg basic,995,1,1,3,1e-12,3.38125,0,1.97815e-11,2.01778e-12
Hessenberg basic,996,1,0,3,1e-12,1.26,0,1.69393e-11,1.8089e-12
Hessenberg basic,996,1,1,3,1e-12,4.55952,0,1.28466e-11,1.86966e-12
Hessenberg basic,997,1,0,3,1e-12,2.13465,0,1.17097e-11,1.88009e-12
Hessenberg basic,997,1,1,3,1e-12,3.81285,0,1.37561e-11,1.83848e-12
Hessenberg basic,998,1,0,3,1e-12,1.44322,0,1.15961e-11,1.86544e-12
Hessenberg basic,998,1,1,3,1e-12,4.77421,0,1.17097e-11,1.86434e-12
Hessenberg basic,999,1,0,3,1e-12,2.00688,0,1.29603e-11,1.74866e-12
Hessenberg basic,999,1,1,3,1e-12,4.00071,0,1.81899e-11,1.95447e-12
Hessenberg basic,1000,1,0,3,1e-12,1.42215,0,1.05729e-11,1.73335e-12
Hessenberg basic,1000,1,1,3,1e-12,4.95505,0,1.29603e-11,1.93547e-12
