version, size, hermitian, complex, seed, tol, runtime in s,min_error, max_error, avg_error
Hessenberg basic,900,1,0,3,1e-12,0.858358,0,1.08002e-11,1.6152e-12
Hessenberg basic,900,1,1,3,1e-12,2.60524,0,1.13687e-11,1.73327e-12
Hessenberg basic,901,1,0,3,1e-12,0.790897,0,1.1255e-11,1.63602e-12
Hessenberg basic,901,1,1,3,1e-12,2.75796,0,9.77707e-12,1.7495e-12
Hessenberg basic,902,1,0,3,1e-12,0.813359,0,1.17097e-11,1.7024e-12
Hessenberg basic,902,1,1,3,1e-12,3.52004,0,9.54969e-12,2.01888e-12
Hessenberg basic,903,1,0,3,1e-12,1.64025,0,1.27329e-11,1.70842e-12
Hessenberg basic,903,1,1,3,1e-12,3.77958,0,1.7053e-11,1.99492e-12
Hessenberg basic,904,1,0,3,1e-12,1.19612,0,1.28466e-11,1.8259e-12
Hessenberg basic,904,1,1,3,1e-12,3.56292,0,1.18234e-11,1.84712e-12
Hessenberg basic,905,1,0,3,1e-12,1.08784,0,9.43601e-12,1.7711e-12
Hessenberg basic,905,1,1,3,1e-12,3.4561,0,1.59162e-11,1.81748e-12
Hessenberg basic,906,1,0,3,1e-12,1.19388,0,1.13687e-11,1.67633e-12
Hessenberg basic,906,1,1,3,1e-12,3.42192,0,1.28466e-11,1.91579e-12
Hessenberg basic,907,1,0,3,1e-12,1.28371,0,1.11413e-11,1.75226e-12
Hessenberg basic,907,1,1,3,1e-12,3.54047,0,1.08002e-11,1.7862e-12
Hessenberg basic,908,1,0,3,1e-12,1.30987,0,1.06866e-11,1.78133e-12
Hessenberg basic,908,1,1,3,1e-12,3.638,0,1.15961e-11,1.76864e-12
Hessenberg basic,909,1,0,3,1e-12,1.27826,0,1.19371e-11,1.80905e-12
Hessenberg basic,909,1,1,3,1e-12,3.64475,0,1.17097e-11,1.80797e-12
Hessenberg basic,910,1,0,3,1e-12,1.245,0,1.45519e-11,1.78799e-12
Hessenberg basic,910,1,1,3,1e-12,3.69524,0,1.15961e-11,2.02497e-12
Hessenberg basic,911,1,0,3,1e-12,1.1917,0,1.08002e-11,1.72294e-12
Hessenberg basic,911,1,1,3,1e-12,3.75146,0,1.03455e-11,1.87735e-12
Hessenberg basic,912,1,0,3,1e-12,1.18802,0,1.37561e-11,1.81803e-12
Hessenberg basic,912,1,1,3,1e-12,3.79845,0,1.06866e-11,1.81502e-12
Hessenberg basic,913,1,0,3,1e-12,1.20486,0,1.5234e-11,1.80725e-12
Hessenberg basic,913,1,1,3,1e-12,3.80694,0,1.3074e-11,1.84656e-12
Hessenberg basic,914,1,0,3,1e-12,1.22635,0,9.89075e-12,1.79404e-12
Hessenberg basic,914,1,1,3,1e-12,3.59234,0,1.43245e-11,1.87471e-12
Hessenberg basic,915,1,0,3,1e-12,1.37561,0,1.25056e-11,1.72676e-12
Hessenberg basic,915,1,1,3,1e-12,3.59368,0,1.08002e-11,1.92258e-12
Hessenberg basic,916,1,0,3,1e-12,1.40726,0,1.15961e-11,1.74761e-12
Hessenberg basic,916,1,1,3,1e-12,3.64807,0,1.39835e-11,1.82362e-12
Hessenberg basic,917,1,0,3,1e-12,1.3425,0,1.08002e-11,1.77485e-12
Hessenberg basic,917,1,1,3,1e-12,3.65721,0,1.51203e-11,1.86638e-12
Hessenberg basic,918,1,0,3,1e-12,1.3321,0,1.62572e-11,1.66711e-12
Hessenberg basic,918,1,1,3,1e-12,3.75745,0,1.11413e-11,1.92549e-12
Hessenberg basic,919,1,0,3,1e-12,1.47141,0,1.06866e-11,1.76605e-12
Hessenberg basic,919,1,1,3,1e-12,3.8298,0,1.19371e-11,1.82082e-12
Hessenberg basic,920,1,0,3,1e-12,1.40836,0,1.1255e-11,1.89697e-12
Hessenberg basic,920,1,1,3,1e-12,3.85754,0,1.13687e-11,1.76526e-12
Hessenberg basic,921,1,0,3,1e-12,1.29898,0,1.21645e-11,1.83146e-12
Hessenberg basic,921,1,1,3,1e-12,3.75844,0,1.3415e-11,1.90519e-12
Hessenberg basic,922,1,0,3,1e-12,1.2605,0,1.38698e-11,1.81591e-12
Hessenberg basic,922,1,1,3,1e-12,3.62181,0,1.26192e-11,1.98259e-12
Hessenberg basic,923,1,0,3,1e-12,1.34479,0,1.1255e-11,1.71548e-12
Hessenberg basic,923,1,1,3,1e-12,3.66959,0,1.79625e-11,1.86938e-12
Hessenberg basic,924,1,0,3,1e-12,1.48023,0,1.3074e-11,1.80245e-12
Hessenberg basic,924,1,1,3,1e-12,3.79312,0,1.15961e-11,1.96678e-12
Hessenberg basic,925,1,0,3,1e-12,1.51843,0,1.3074e-11,1.853e-12
Hessenberg basic,925,1,1,3,1e-12,3.86142,0,1.00044e-11,1.7723e-12
Hessenberg basic,926,1,0,3,1e-12,1.28784,0,1.21645e-11,1.71527e-12
Hessenberg basic,926,1,1,3,1e-12,3.85098,0,1.25056e-11,1.85039e-12
Hessenberg basic,927,1,0,3,1e-12,1.44734,0,1.29603e-11,1.75752e-12
Hessenberg basic,927,1,1,3,1e-12,3.93284,0,1.17097e-11,1.89987e-12
Hessenberg basic,928,1,0,3,1e-12,1.45241,0,1.23919e-11,1.9305e-12
Hessenberg basic,928,1,1,3,1e-12,3.99924,0,1.28466e-11,1.76936e-12
Hessenberg basic,929,1,0,3,1e-12,1.37023,0,1.10276e-11,1.7425e-12
Hessenberg basic,929,1,1,3,1e-12,3.90155,0,1.3074e-11,1.86772e-12
Hessenberg basic,930,1,0,3,1e-12,1.44685,0,1.65983e-11,1.76113e-12
Hessenberg basic,930,1,1,3,1e-12,3.68292,0,1.31877e-11,1.93123e-12
Hessenberg basic,931,1,0,3,1e-12,1.39874,0,1.09139e-11,1.92274e-12
Hessenberg basic,931,1,1,3,1e-12,3.60599,0,1.11413e-11,1.99715e-12
Hessenberg basic,932,1,0,3,1e-12,1.52301,0,1.10276e-11,1.85861e-12
Hessenberg basic,932,1,1,3,1e-12,3.73827,0,1.15961e-11,1.9616e-12
Hessenberg basic,933,1,0,3,1e-12,1.57127,0,1.26192e-11,1.85718e-12
Hessenberg basic,933,1,1,3,1e-12,3.85121,0,1.44382e-11,1.95977e-12
Hessenberg basic,934,1,0,3,1e-12,1.36838,0,1.43245e-11,1.7748e-12
Hessenberg basic,934,1,1,3,1e-12,3.80594,0,1.20508e-11,1.87434e-12
Hessenberg basic,935,1,0,3,1e-12,1.45408,0,1.39835e-11,1.82285e-12
Hessenberg basic,935,1,1,3,1e-12,3.91847,0,1.39835e-11,1.92633e-12
Hessenberg basic,936,1,0,3,1e-12,1.44173,0,1.19371e-11,1.9829e-12
Hessenberg basic,936,1,1,3,1e-12,4.0673,0,1.55751e-11,2.00186e-12
Hessenberg basic,937,1,0,3,1e-12,1.28347,0,1.20508e-11,1.78505e-12
Hessenberg basic,937,1,1,3,1e-12,4.0199,0,1.20508e-11,1.99337e-12
Hessenberg basic,938,1,0,3,1e-12,1.31055,0,1.25056e-11,1.85824e-12
Hessenberg basic,938,1,1,3,1e-12,3.98993,0,1.90994e-11,2.06284e-12
Hessenberg basic,939,1,0,3,1e-12,1.33317,0,1.42109e-11,1.81255e-12
Hessenberg basic,939,1,1,3,1e-12,3.81345,0,1.15961e-11,1.77344e-12
Hessenberg basic,940,1,0,3,1e-12,1.49674,0,1.3074e-11,1.88166e-12
Hessenberg basic,940,1,1,3,1e-12,4.03421,0,1.55751e-11,1.97102e-12
Hessenberg basic,941,1,0,3,1e-12,1.47684,0,1.03455e-11,1.73568e-12
Hessenberg basic,941,1,1,3,1e-12,4.04714,0,1.25056e-11,1.91704e-12
Hessenberg basic,942,1,0,3,1e-12,1.39535,0,1.46656e-11,1.92277e-12
Hessenberg basic,942,1,1,3,1e-12,4.0013,0,1.3074e-11,1.84465e-12
Hessenberg basic,943,1,0,3,1e-12,1.38372,0,1.35287e-11,1.8472e-12
Hessenberg basic,943,1,1,3,1e-12,4.0699,0,1.4893e-11,1.76475e-12
Hessenberg basic,944,1,0,3,1e-12,1.57158,0,1.08002e-11,1.98745e-12
Hessenberg basic,944,1,1,3,1e-12,4.19132,0,1.11413e-11,1.97202e-12
Hessenberg basic,945,1,0,3,1e-12,1.54221,0,1.40972e-11,1.85334e-12
Hessenberg basic,945,1,1,3,1e-12,4.17957,0,1.33014e-11,1.96267e-12
Hessenberg basic,946,1,0,3,1e-12,1.43441,0,1.43245e-11,2.00149e-12
Hessenberg basic,946,1,1,3,1e-12,4.14267,0,1.90994e-11,1.83332e-12
Hessenberg basic,947,1,0,3,1e-12,1.47991,0,1.50067e-11,1.89853e-12
Hessenberg basic,947,1,1,3,1e-12,4.19229,0,1.25056e-11,1.95537e-12
Hessenberg basic,948,1,0,3,1e-12,1.45337,0,1.42109e-11,1.74274e-12
Hessenberg basic,948,1,1,3,1e-12,4.15957,0,1.20508e-11,2.08063e-12
Hessenberg basic,949,1,0,3,1e-12,1.35766,0,1.02318e-11,1.71302e-12
Hessenberg basic,949,1,1,3,1e-12,3.97352,0,1.04592e-11,1.86194e-12
Hessenberg basic,950,1,0,3,1e-12,1.54437,0,1.35287e-11,1.80996e-12
Hessenberg basic,950,1,1,3,1e-12,4.07815,0,1.40972e-11,1.9747e-12
Hessenberg basic,951,1,0,3,1e-12,1.64568,0,1.39835e-11,1.917e-12
Hessenberg basic,951,1,1,3,1e-12,4.10616,0,1.69393e-11,2.08287e-12
Hessenberg basic,952,1,0,3,1e-12,1.58664,0,1.14824e-11,1.8608e-12
Hessenberg basic,952,1,1,3,1e-12,4.03417,0,1.7053e-11,2.06413e-12
Hessenberg basic,953,1,0,3,1e-12,1.48826,0,1.17097e-11,1.72798e-12
Hessenberg basic,953,1,1,3,1e-12,3.94995,0,1.28466e-11,2.10196e-12
Hessenberg basic,954,1,0,3,1e-12,1.50355,0,1.3415e-11,1.85638e-12
Hessenberg basic,954,1,1,3,1e-12,4.00529,0,1.09139e-11,1.96241e-12
Hessenberg basic,955,1,0,3,1e-12,1.63348,0,2.21689e-11,1.74006e-12
Hessenberg basic,955,1,1,3,1e-12,4.12741,0,2.16005e-11,1.96315e-12
Hessenberg basic,956,1,0,3,1e-12,1.59255,0,1.51203e-11,1.81327e-12
Hessenberg basic,956,1,1,3,1e-12,4.16254,0,1.35287e-11,2.16971e-12
Hessenberg basic,957,1,0,3,1e-12,1.61525,0,1.23919e-11,1.92895e-12
Hessenberg basic,957,1,1,3,1e-12,4.27262,0,1.40972e-11,1.95895e-12
Hessenberg basic,958,1,0,3,1e-12,1.5134,0,1.21645e-11,1.79948e-12
Hessenberg basic,958,1,1,3,1e-12,4.22434,0,1.54614e-11,2.01544e-12
Hessenberg basic,959,1,0,3,1e-12,1.45335,0,1.01181e-11,1.77752e-12
Hessenberg basic,959,1,1,3,1e-12,4.16231,0,1.27329e-11,1.88435e-12
Hessenberg basic,960,1,0,3,1e-12,1.36449,0,1.01181e-11,1.83381e-12
Hessenberg basic,960,1,1,3,1e-12,4.20705,0,1.03455e-11,1.94477e-12
Hessenberg basic,961,1,0,3,1e-12,1.51157,0,1.28466e-11,1.87857e-12
Hessenberg basic,961,1,1,3,1e-12,4.2038,0,1.10276e-11,1.88678e-12
Hessenberg basic,962,1,0,3,1e-12,1.52089,0,1.3074e-11,1.85768e-12
Hessenberg basic,962,1,1,3,1e-12,4.28283,0,9.09495e-12,1.76485e-12
Hessenberg basic,963,1,0,3,1e-12,1.552,0,1.08002e-11,1.79118e-12
Hessenberg basic,963,1,1,3,1e-12,4.25617,0,1.37561e-11,2.00033e-12
Hessenberg basic,964,1,0,3,1e-12,1.57723,0,1.02318e-11,1.7379e-12
Hessenberg basic,964,1,1,3,1e-12,3.64746,0,1.27329e-11,1.97798e-12
Hessenberg basic,965,1,0,3,1e-12,1.08579,0,1.42109e-11,1.85822e-12
Hessenberg basic,965,1,1,3,1e-12,3.42628,0,1.35287e-11,1.90782e-12
Hessenberg basic,966,1,0,3,1e-12,1.11302,0,1.29603e-11,1.88132e-12
Hessenberg basic,966,1,1,3,1e-12,3.05911,0,1.71667e-11,1.90656e-12
Hessenberg basic,967,1,0,3,1e-12,0.978228,0,1.15961e-11,1.7733e-12
Hessenberg basic,967,1,1,3,1e-12,2.73695,0,1.93268e-11,1.78478e-12
Hessenberg basic,968,1,0,3,1e-12,1.0265,0,1.20508e-11,1.757e-12
Hessenberg basic,968,1,1,3,1e-12,2.56794,0,1.18234e-11,1.80223e-12
Hessenberg basic,969,1,0,3,1e-12,1.06283,0,1.43245e-11,1.77784e-12
Hessenberg basic,969,1,1,3,1e-12,2.5923,0,1.06866e-11,1.78692e-12
Hessenberg basic,970,1,0,3,1e-12,0.995424,0,1.40972e-11,1.85404e-12
Hessenberg basic,970,1,1,3,1e-12,2.73314,0,1.26192e-11,1.98033e-12
Hessenberg basic,971,1,0,3,1e-12,0.99473,0,1.18234e-11,1.74764e-12
Hessenberg basic,971,1,1,3,1e-12,2.81642,0,1.54614e-11,1.84925e-12
Hessenberg basic,972,1,0,3,1e-12,1.14644,0,1.38698e-11,1.87918e-12
Hessenberg basic,972,1,1,3,1e-12,2.93259,0,1.61435e-11,1.91185e-12
Hessenberg basic,973,1,0,3,1e-12,1.02173,0,1.13687e-11,1.90249e-12
Hessenberg basic,973,1,1,3,1e-12,3.12059,0,1.18234e-11,1.8448e-12
Hessenberg basic,974,1,0,3,1e-12,0.9965,0,1.93268e-11,1.77712e-12
Hessenberg basic,974,1,1,3,1e-12,3.24352,0,1.13687e-11,1.84998e-12
Hessenberg basic,975,1,0,3,1e-12,1.13635,0,1.59162e-11,1.89896e-12
Hessenberg basic,975,1,1,3,1e-12,3.15475,0,1.38698e-11,1.90268e-12
Hessenberg basic,976,1,0,3,1e-12,1.02979,0,1.17097e-11,1.78687e-12
Hessenberg basic,976,1,1,3,1e-12,3.20271,0,1.46656e-11,1.78287e-12
Hessenberg basic,977,1,0,3,1e-12,1.10392,0,1.56888e-11,1.87497e-12
Hessenberg basic,977,1,1,3,1e-12,3.18725,0,1.20508e-11,1.83702e-12
Hessenberg basic,978,1,0,3,1e-12,1.11793,0,2.20552e-11,1.80037e-12
Hessenberg basic,978,1,1,3,1e-12,3.10787,0,1.72804e-11,1.87025e-12
Hessenberg basic,979,1,0,3,1e-12,1.10402,0,1.75078e-11,1.86576e-12
Hessenberg basic,979,1,1,3,1e-12,3.20245,0,1.17097e-11,1.90356e-12
Hessenberg basic,980,1,0,3,1e-12,1.22519,0,1.51203e-11,1.86238e-12
Hessenberg basic,980,1,1,3,1e-12,3.16258,0,1.56888e-11,1.97252e-12
Hessenberg basic,981,1,0,3,1e-12,1.11639,0,1.18234e-11,1.71115e-12
Hessenberg basic,981,1,1,3,1e-12,3.02993,0,1.42109e-11,1.90153e-12
Hessenberg basic,982,1,0,3,1e-12,1.02118,0,1.38698e-11,1.75846e-12
Hessenberg basic,982,1,1,3,1e-12,3.32262,0,1.15961e-11,1.94058e-12
Hessenberg basic,983,1,0,3,1e-12,1.16472,0,1.11413e-11,1.75356e-12
Hessenberg basic,983,1,1,3,1e-12,3.40681,0,1.44382e-11,1.93156e-12
Hessenberg basic,984,1,0,3,1e-12,1.14855,0,1.31877e-11,1.78455e-12
Hessenberg basic,984,1,1,3,1e-12,3.31126,0,1.21645e-11,1.86734e-12
Hessenberg basic,985,1,0,3,1e-12,1.26131,0,1.22782e-11,1.78487e-12
Hessenberg basic,985,1,1,3,1e-12,3.34631,0,2.01226e-11,1.87551e-12
Hessenberg basic,986,1,0,3,1e-12,1.07573,0,1.26192e-11,1.65226e-12
Hessenberg basic,986,1,1,3,1e-12,3.29249,0,1.18234e-11,1.92211e-12
Hessenberg basic,987,1,0,3,1e-12,1.07763,0,1.14824e-11,1.74522e-12
Hessenberg basic,987,1,1,3,1e-12,3.36473,0,1.89857e-11,1.96401e-12
Hessenberg basic,988,1,0,3,1e-12,1.17762,0,1.10276e-11,1.75308e-12
Hessenberg basic,988,1,1,3,1e-12,3.38007,0,1.65983e-11,1.99939e-12
Hessenberg basic,989,1,0,3,1e-12,1.05935,0,1.58025e-11,1.80695e-12
Hessenberg basic,989,1,1,3,1e-12,3.31107,0,1.39835e-11,1.91805e-12
Hessenberg basic,990,1,0,3,1e-12,1.11086,0,1.25056e-11,1.82269e-12
Hessenberg basic,990,1,1,3,1e-12,3.58637,0,2.14868e-11,1.94318e-12
Hessenberg basic,991,1,0,3,1e-12,1.27363,0,1.29603e-11,1.77506e-12
Hessenberg basic,991,1,1,3,1e-12,3.12557,0,1.38698e-11,1.87233e-12
Hessenberg basic,992,1,0,3,1e-12,1.20705,0,1.15961e-11,1.8192e-12
Hessenberg basic,992,1,1,3,1e-12,3.44624,0,1.3074e-11,2.06295e-12
Hessenberg basic,993,1,0,3,1e-12,1.18226,0,1.31877e-11,1.85438e-12
Hessenberg basic,993,1,1,3,1e-12,2.93696,0,1.35287e-11,1.90412e-12
Hessenberg basic,994,1,0,3,1e-12,1.66711,0,1.14824e-11,1.84783e-12
Hessenberg basic,994,1,1,3,1e-12,3.4681,0,1.08002e-11,1.94463e-12
Hessenberg basic,995,1,0,3,1e-12,1.84886,0,1.19371e-11,1.72184e-12
Hessenberg basic,995,1,1,3,1e-12,3.67783,0,1.45519e-11,2.07082e-12
Hessenberg basic,996,1,0,3,1e-12,2.24031,0,1.47793e-11,1.86845e-12
Hessenberg basic,996,1,1,3,1e-12,3.63292,0,2.17142e-11,1.96785e-12
Hessenberg basic,997,1,0,3,1e-12,1.17603,0,1.25056e-11,1.76686e-12
Hessenberg basic,997,1,1,3,1e-12,4.47004,0,1.61435e-11,1.99244e-12
Hessenberg basic,998,1,0,3,1e-12,1.46123,0,1.20508e-11,1.84563e-12
Hessenberg basic,998,1,1,3,1e-12,3.60538,0,1.59162e-11,1.92603e-12
Hessenberg basic,999,1,0,3,1e-12,1.17731,0,1.35287e-11,1.82858e-12
Hessenberg basic,999,1,1,3,1e-12,3.94478,0,1.29603e-11,1.91957e-12
Hessenberg basic,1000,1,0,3,1e-12,1.04297,0,1.10276e-11,1.81144e-12
Hessenberg basic,1000,1,1,3,1e-12,3.10897,0,1.56888e-11,1.91212e-12
