version, size, hermitian, complex, seed, tol, runtime in s,min_error, max_error, avg_error
Hessenberg basic,900,1,0,6,1e-12,0.900715,0,1.18234e-11,1.86851e-12
Hessenberg basic,900,1,1,6,1e-12,2.41206,0,1.7053e-11,1.93191e-12
Hessenberg basic,901,1,0,6,1e-12,1.19209,0,1.20508e-11,1.87358e-12
Hessenberg basic,901,1,1,6,1e-12,3.43577,0,1.4893e-11,1.81865e-12
Hessenberg basic,902,1,0,6,1e-12,0.820275,0,9.66338e-12,1.60004e-12
Hessenberg basic,902,1,1,6,1e-12,2.88124,0,1.01181e-11,1.87272e-12
Hessenberg basic,903,1,0,6,1e-12,1.16946,0,1.1255e-11,1.7983e-12
Hessenberg basic,903,1,1,6,1e-12,3.23256,0,1.28466e-11,1.89607e-12
Hessenberg basic,904,1,0,6,1e-12,1.40338,0,1.31877e-11,1.7741e-12
Hessenberg basic,904,1,1,6,1e-12,3.8329,0,1.38698e-11,1.77911e-12
Hessenberg basic,905,1,0,6,1e-12,1.39142,0,1.38698e-11,1.80877e-12
Hessenberg basic,905,1,1,6,1e-12,3.45564,0,1.33014e-11,1.8321e-12
Hessenberg basic,906,1,0,6,1e-12,1.9058,0,1.06866e-11,1.75691e-12
Hessenberg basic,906,1,1,6,1e-12,3.02808,0,1.36424e-11,1.92636e-12
Hessenberg basic,907,1,0,6,1e-12,1.84064,0,1.96678e-11,1.67693e-12
Hessenberg basic,907,1,1,6,1e-12,3.07766,0,1.3415e-11,1.80387e-12
Hessenberg basic,908,1,0,6,1e-12,1.32698,0,9.0381e-12,1.78329e-12
Hessenberg basic,908,1,1,6,1e-12,3.07795,0,1.78488e-11,1.97884e-12
Hessenberg basic,909,1,0,6,1e-12,1.32825,0,1.09139e-11,1.86927e-12
Hessenberg basic,909,1,1,6,1e-12,3.29249,0,1.27329e-11,1.94453e-12
Hessenberg basic,910,1,0,6,1e-12,1.59061,0,1.1255e-11,1.78582e-12
Hessenberg basic,910,1,1,6,1e-12,4.27453,0,1.68257e-11,1.7922e-12
Hessenberg basic,911,1,0,6,1e-12,1.59161,0,1.19371e-11,1.76108e-12
Hessenberg basic,911,1,1,6,1e-12,4.08737,0,1.08002e-11,1.86064e-12
Hessenberg basic,912,1,0,6,1e-12,1.28627,0,1.56888e-11,1.7496e-12
Hessenberg basic,912,1,1,6,1e-12,3.36865,0,1.4893e-11,2.06301e-12
Hessenberg basic,913,1,0,6,1e-12,1.26468,0,1.23919e-11,1.62892e-12
Hessenberg basic,913,1,1,6,1e-12,3.22914,0,1.06866e-11,1.73465e-12
Hessenberg basic,914,1,0,6,1e-12,1.28206,0,1.40972e-11,1.81628e-12
Hessenberg basic,914,1,1,6,1e-12,3.36505,0,1.03455e-11,2.02224e-12
Hessenberg basic,915,1,0,6,1e-12,1.35609,0,9.20863e-12,1.7643e-12
Hessenberg basic,915,1,1,6,1e-12,3.19682,0,1.33014e-11,1.87247e-12
Hessenberg basic,916,1,0,6,1e-12,1.47305,0,9.32232e-12,1.55311e-12
Hessenberg basic,916,1,1,6,1e-12,3.8191,0,1.25056e-11,1.97014e-12
Hessenberg basic,917,1,0,6,1e-12,1.7053,0,9.54969e-12,1.73583e-12
Hessenberg basic,917,1,1,6,1e-12,3.15293,0,1.40972e-11,1.86994e-12
Hessenberg basic,918,1,0,6,1e-12,1.96728,0,1.08002e-11,1.66223e-12
Hessenberg basic,918,1,1,6,1e-12,3.22487,0,1.27329e-11,1.85295e-12
Hessenberg basic,919,1,0,6,1e-12,1.73755,0,1.21645e-11,1.70653e-12
Hessenberg basic,919,1,1,6,1e-12,3.20338,0,1.3415e-11,1.78069e-12
Hessenberg basic,920,1,0,6,1e-12,1.2832,0,1.26192e-11,1.713e-12
Hessenberg basic,920,1,1,6,1e-12,3.07493,0,1.59162e-11,1.96108e-12
Hessenberg basic,921,1,0,6,1e-12,1.28505,0,1.15961e-11,1.72597e-12
Hessenberg basic,921,1,1,6,1e-12,3.45643,0,1.28466e-11,1.79588e-12
Hessenberg basic,922,1,0,6,1e-12,1.82408,0,1.15961e-11,1.65096e-12
Hessenberg basic,922,1,1,6,1e-12,4.45056,0,1.44382e-11,1.89195e-12
Hessenberg basic,923,1,0,6,1e-12,1.43672,0,1.26192e-11,1.84634e-12
Hessenberg basic,923,1,1,6,1e-12,4.18188,0,1.65983e-11,1.97815e-12
Hessenberg basic,924,1,0,6,1e-12,1.3754,0,1.37561e-11,1.75128e-12
Hessenberg basic,924,1,1,6,1e-12,3.64388,0,1.43245e-11,1.9786e-12
Hessenberg basic,925,1,0,6,1e-12,1.38172,0,1.17097e-11,1.74455e-12
Hessenberg basic,925,1,1,6,1e-12,3.27821,0,1.38698e-11,1.97207e-12
Hessenberg basic,926,1,0,6,1e-12,1.39796,0,1.14824e-11,1.77226e-12
Hessenberg basic,926,1,1,6,1e-12,3.30941,0,1.58025e-11,1.905e-12
Hessenberg basic,927,1,0,6,1e-12,1.33743,0,1.28466e-11,1.9092e-12
Hessenberg basic,927,1,1,6,1e-12,3.38243,0,1.28466e-11,1.89152e-12
Hessenberg basic,928,1,0,6,1e-12,1.44374,0,1.35287e-11,1.70828e-12
Hessenberg basic,928,1,1,6,1e-12,3.52922,0,1.42109e-11,1.85551e-12
Hessenberg basic,929,1,0,6,1e-12,1.4738,0,1.27329e-11,1.89966e-12
Hessenberg basic,929,1,1,6,1e-12,3.33016,0,1.23919e-11,1.92436e-12
Hessenberg basic,930,1,0,6,1e-12,1.53115,0,8.29914e-12,1.69986e-12
Hessenberg basic,930,1,1,6,1e-12,3.48842,0,1.20508e-11,1.79362e-12
Hessenberg basic,931,1,0,6,1e-12,1.43726,0,1.1255e-11,1.68926e-12
Hessenberg basic,931,1,1,6,1e-12,3.39985,0,9.66338e-12,1.73649e-12
Hessenberg basic,932,1,0,6,1e-12,1.48202,0,1.10276e-11,1.74486e-12
Hessenberg basic,932,1,1,6,1e-12,3.51157,0,1.03455e-11,1.73049e-12
Hessenberg basic,933,1,0,6,1e-12,1.45468,0,1.39835e-11,1.80805e-12
Hessenberg basic,933,1,1,6,1e-12,3.51232,0,1.20508e-11,1.82841e-12
Hessenberg basic,934,1,0,6,1e-12,1.47806,0,1.46656e-11,1.83447e-12
Hessenberg basic,934,1,1,6,1e-12,3.32702,0,1.3415e-11,1.73369e-12
Hessenberg basic,935,1,0,6,1e-12,1.5794,0,1.3074e-11,1.8057e-12
Hessenberg basic,935,1,1,6,1e-12,3.49786,0,1.10276e-11,1.88083e-12
Hessenberg basic,936,1,0,6,1e-12,1.38451,0,1.11413e-11,1.72035e-12
Hessenberg basic,936,1,1,6,1e-12,3.51602,0,1.13687e-11,1.91957e-12
Hessenberg basic,937,1,0,6,1e-12,1.49767,0,1.33014e-11,1.75365e-12
Hessenberg basic,937,1,1,6,1e-12,3.64857,0,1.79625e-11,1.97927e-12
Hessenberg basic,938,1,0,6,1e-12,1.53326,0,1.14824e-11,1.8186e-12
Hessenberg basic,938,1,1,6,1e-12,3.59378,0,1.14824e-11,1.81161e-12
Hessenberg basic,939,1,0,6,1e-12,1.51481,0,1.11413e-11,1.80027e-12
Hessenberg basic,939,1,1,6,1e-12,3.46779,0,1.29603e-11,1.96601e-12
Hessenberg basic,940,1,0,6,1e-12,1.67104,0,1.23919e-11,1.70163e-12
Hessenberg basic,940,1,1,6,1e-12,3.7725,0,1.22782e-11,1.91441e-12
Hessenberg basic,941,1,0,6,1e-12,1.5317,0,9.77707e-12,1.65926e-12
Hessenberg basic,941,1,1,6,1e-12,3.69442,0,1.29603e-11,1.9125e-12
Hessenberg basic,942,1,0,6,1e-12,1.69833,0,1.14824e-11,1.67642e-12
Hessenberg basic,942,1,1,6,1e-12,3.73548,0,1.27329e-11,1.96489e-12
Hessenberg basic,943,1,0,6,1e-12,1.63552,0,1.3415e-11,1.78826e-12
Hessenberg basic,943,1,1,6,1e-12,3.71664,0,1.5234e-11,1.99545e-12
Hessenberg basic,944,1,0,6,1e-12,1.62123,0,1.33014e-11,1.71713e-12
Hessenberg basic,944,1,1,6,1e-12,3.58088,0,1.54614e-11,1.97054e-12
Hessenberg basic,945,1,0,6,1e-12,1.69718,0,1.36424e-11,1.7712e-12
Hessenberg basic,945,1,1,6,1e-12,3.77696,0,1.53477e-11,2.01851e-12
Hessenberg basic,946,1,0,6,1e-12,1.50932,0,1.7053e-11,1.9056e-12
Hessenberg basic,946,1,1,6,1e-12,3.78943,0,1.35287e-11,1.90063e-12
Hessenberg basic,947,1,0,6,1e-12,1.72903,0,1.5234e-11,1.84777e-12
Hessenberg basic,947,1,1,6,1e-12,4.05208,0,1.46656e-11,1.97418e-12
Hessenberg basic,948,1,0,6,1e-12,1.71631,0,1.08002e-11,1.84613e-12
Hessenberg basic,948,1,1,6,1e-12,4.03409,0,1.5234e-11,2.02161e-12
Hessenberg basic,949,1,0,6,1e-12,1.78378,0,1.46656e-11,1.72466e-12
Hessenberg basic,949,1,1,6,1e-12,3.98562,0,1.65983e-11,2.07397e-12
Hessenberg basic,950,1,0,6,1e-12,1.61427,0,1.31877e-11,1.86851e-12
Hessenberg basic,950,1,1,6,1e-12,3.89447,0,1.18234e-11,1.98621e-12
Hessenberg basic,951,1,0,6,1e-12,1.51572,0,1.10276e-11,1.88723e-12
Hessenberg basic,951,1,1,6,1e-12,3.89851,0,1.4893e-11,1.95341e-12
Hessenberg basic,952,1,0,6,1e-12,1.75959,0,1.20508e-11,1.76971e-12
Hessenberg basic,952,1,1,6,1e-12,4.02594,0,1.55751e-11,1.82079e-12
Hessenberg basic,953,1,0,6,1e-12,1.75846,0,1.31308e-11,1.68546e-12
Hessenberg basic,953,1,1,6,1e-12,3.98595,0,1.43245e-11,2.02199e-12
Hessenberg basic,954,1,0,6,1e-12,1.62563,0,1.22782e-11,1.79437e-12
Hessenberg basic,954,1,1,6,1e-12,3.9985,0,1.44382e-11,2.08778e-12
Hessenberg basic,955,1,0,6,1e-12,1.69252,0,1.25056e-11,1.86782e-12
Hessenberg basic,955,1,1,6,1e-12,4.1378,0,1.43245e-11,1.95934e-12
Hessenberg basic,956,1,0,6,1e-12,1.62774,0,1.53477e-11,1.81885e-12
Hessenberg basic,956,1,1,6,1e-12,3.89981,0,1.33014e-11,1.94552e-12
Hessenberg basic,957,1,0,6,1e-12,1.89811,0,1.45519e-11,1.76125e-12
Hessenberg basic,957,1,1,6,1e-12,4.07751,0,1.37561e-11,2.10926e-12
Hessenberg basic,958,1,0,6,1e-12,1.87501,0,1.31877e-11,1.81271e-12
Hessenberg basic,958,1,1,6,1e-12,4.05169,0,1.69393e-11,1.94289e-12
Hessenberg basic,959,1,0,6,1e-12,1.69449,0,1.71667e-11,1.83518e-12
Hessenberg basic,959,1,1,6,1e-12,4.10105,0,1.76215e-11,2.13016e-12
Hessenberg basic,960,1,0,6,1e-12,1.95964,0,1.10276e-11,1.79584e-12
Hessenberg basic,960,1,1,6,1e-12,4.10418,0,1.55751e-11,2.0957e-12
Hessenberg basic,961,1,0,6,1e-12,1.60002,0,1.83036e-11,1.9258e-12
Hessenberg basic,961,1,1,6,1e-12,4.09567,0,1.17097e-11,1.98839e-12
Hessenberg basic,962,1,0,6,1e-12,2.00826,0,1.6712e-11,1.87947e-12
Hessenberg basic,962,1,1,6,1e-12,4.27289,0,1.23919e-11,1.89551e-12
Hessenberg basic,963,1,0,6,1e-12,1.74974,0,1.23919e-11,1.82372e-12
Hessenberg basic,963,1,1,6,1e-12,4.2498,0,2.08047e-11,2.00855e-12
Hessenberg basic,964,1,0,6,1e-12,1.77357,0,2.05773e-11,2.00961e-12
Hessenberg basic,964,1,1,6,1e-12,4.27584,0,1.37561e-11,2.14583e-12
Hessenberg basic,965,1,0,6,1e-12,2.03918,0,1.21645e-11,1.83902e-12
Hessenberg basic,965,1,1,6,1e-12,4.30853,0,1.44382e-11,1.99615e-12
Hessenberg basic,966,1,0,6,1e-12,1.87187,0,1.14824e-11,1.86432e-12
Hessenberg basic,966,1,1,6,1e-12,4.30786,0,1.42109e-11,1.90623e-12
Hessenberg basic,967,1,0,6,1e-12,2.12088,0,1.44382e-11,1.81658e-12
Hessenberg basic,967,1,1,6,1e-12,4.39234,0,1.36424e-11,1.8169e-12
Hessenberg basic,968,1,0,6,1e-12,1.90041,0,1.44382e-11,1.73686e-12
Hessenberg basic,968,1,1,6,1e-12,4.20831,0,1.21645e-11,1.84041e-12
Hessenberg basic,969,1,0,6,1e-12,1.95791,0,1.18803e-11,1.70573e-12
Hessenberg basic,969,1,1,6,1e-12,4.02837,0,1.58025e-11,1.79471e-12
Hessenberg basic,970,1,0,6,1e-12,1.84604,0,1.27329e-11,1.72408e-12
Hessenberg basic,970,1,1,6,1e-12,4.32996,0,1.06866e-11,1.89784e-12
Hessenberg basic,971,1,0,6,1e-12,1.70715,0,1.03455e-11,1.84819e-12
Hessenberg basic,971,1,1,6,1e-12,4.37592,0,1.28466e-11,1.83889e-12
Hessenberg basic,972,1,0,6,1e-12,1.92182,0,1.73941e-11,1.82936e-12
Hessenberg basic,972,1,1,6,1e-12,4.39427,0,1.59162e-11,1.78324e-12
Hessenberg basic,973,1,0,6,1e-12,1.60679,0,1.65414e-11,1.76595e-12
Hessenberg basic,973,1,1,6,1e-12,3.57728,0,1.22782e-11,1.90971e-12
Hessenberg basic,974,1,0,6,1e-12,1.36797,0,1.33014e-11,1.79509e-12
Hessenberg basic,974,1,1,6,1e-12,3.24653,0,1.3074e-11,1.94781e-12
Hessenberg basic,975,1,0,6,1e-12,1.43766,0,9.77707e-12,1.70751e-12
Hessenberg basic,975,1,1,6,1e-12,2.75259,0,1.44382e-11,1.73082e-12
Hessenberg basic,976,1,0,6,1e-12,1.50919,0,1.46656e-11,1.94712e-12
Hessenberg basic,976,1,1,6,1e-12,3.54117,0,1.13687e-11,1.91174e-12
Hessenberg basic,977,1,0,6,1e-12,1.08698,0,1.29603e-11,1.7875e-12
Hessenberg basic,977,1,1,6,1e-12,3.37491,0,1.27329e-11,1.86884e-12
Hessenberg basic,978,1,0,6,1e-12,1.06699,0,1.58025e-11,1.86009e-12
Hessenberg basic,978,1,1,6,1e-12,3.22812,0,1.13687e-11,1.81495e-12
Hessenberg basic,979,1,0,6,1e-12,1.91433,0,1.31877e-11,1.75986e-12
Hessenberg basic,979,1,1,6,1e-12,3.83414,0,1.56888e-11,2.00063e-12
Hessenberg basic,980,1,0,6,1e-12,1.59296,0,1.00044e-11,1.80679e-12
Hessenberg basic,980,1,1,6,1e-12,3.48617,0,1.10276e-11,1.78195e-12
Hessenberg basic,981,1,0,6,1e-12,1.11291,0,1.23919e-11,1.73113e-12
Hessenberg basic,981,1,1,6,1e-12,2.97536,0,1.13687e-11,1.85704e-12
Hessenberg basic,982,1,0,6,1e-12,1.27685,0,1.06866e-11,1.72114e-12
Hessenberg basic,982,1,1,6,1e-12,4.15155,0,1.42109e-11,1.90356e-12
Hessenberg basic,983,1,0,6,1e-12,1.15558,0,1.13687e-11,1.74044e-12
Hessenberg basic,983,1,1,6,1e-12,3.36771,0,1.26192e-11,1.97741e-12
Hessenberg basic,984,1,0,6,1e-12,1.18273,0,1.18234e-11,1.77679e-12
Hessenberg basic,984,1,1,6,1e-12,3.21223,0,1.17097e-11,1.74967e-12
Hessenberg basic,985,1,0,6,1e-12,1.54611,0,1.51203e-11,1.97572e-12
Hessenberg basic,985,1,1,6,1e-12,3.93804,0,1.21645e-11,1.92536e-12
Hessenberg basic,986,1,0,6,1e-12,1.66561,0,1.11413e-11,1.75652e-12
Hessenberg basic,986,1,1,6,1e-12,3.74,0,1.3415e-11,1.81404e-12
Hessenberg basic,987,1,0,6,1e-12,1.27805,0,1.26192e-11,1.85365e-12
Hessenberg basic,987,1,1,6,1e-12,3.55775,0,1.55751e-11,1.91737e-12
Hessenberg basic,988,1,0,6,1e-12,1.37873,0,1.23919e-11,1.82732e-12
Hessenberg basic,988,1,1,6,1e-12,3.67937,0,1.46656e-11,1.92557e-12
Hessenberg basic,989,1,0,6,1e-12,1.56401,0,1.39835e-11,1.70156e-12
Hessenberg basic,989,1,1,6,1e-12,3.58076,0,1.37561e-11,1.98287e-12
Hessenberg basic,990,1,0,6,1e-12,1.22099,0,1.23919e-11,1.7148e-12
Hessenberg basic,990,1,1,6,1e-12,3.30627,0,1.51203e-11,2.00915e-12
Hessenberg basic,991,1,0,6,1e-12,1.80063,0,1.38698e-11,1.73788e-12
Hessenberg basic,991,1,1,6,1e-12,4.30678,0,1.10276e-11,1.82958e-12
Hessenberg basic,992,1,0,6,1e-12,1.16049,0,1.18234e-11,1.78271e-12
Hessenberg basic,992,1,1,6,1e-12,3.68476,0,1.55751e-11,1.82079e-12
Hessenberg basic,993,1,0,6,1e-12,1.14794,0,1.22782e-11,1.89633e-12
Hessenberg basic,993,1,1,6,1e-12,3.15794,0,1.79625e-11,1.80442e-12
Hessenberg basic,994,1,0,6,1e-12,2.01108,0,1.46656e-11,1.86154e-12
Hessenberg basic,994,1,1,6,1e-12,3.9776,0,1.69393e-11,1.9219e-12
Hessenberg basic,995,1,0,6,1e-12,1.1735,0,1.08002e-11,1.79645e-12
Hessenberg basic,995,1,1,6,1e-12,3.80536,0,1.42109e-11,1.84335e-12
Hessenberg basic,996,1,0,6,1e-12,1.18777,0,1.11413e-11,1.83771e-12
Hessenberg basic,996,1,1,6,1e-12,3.21223,0,1.22782e-11,1.91659e-12
Hessenberg basic,997,1,0,6,1e-12,1.95829,0,1.00044e-11,1.73605e-12
Hessenberg basic,997,1,1,6,1e-12,4.21427,0,1.58025e-11,1.93537e-12
Hessenberg basic,998,1,0,6,1e-12,1.28962,0,1.1255e-11,1.79231e-12
Hessenberg basic,998,1,1,6,1e-12,2.97571,0,1.11413e-11,1.90827e-12
Hessenberg basic,999,1,0,6,1e-12,1.50689,0,1.51203e-11,1.8823e-12
Hessenberg basic,999,1,1,6,1e-12,3.959,0,1.4893e-11,1.802e-12
Hessenberg basic,1000,1,0,6,1e-12,1.2202,0,1.20508e-11,1.71363e-12
Hessenberg basic,1000,1,1,6,1e-12,4.84106,0,1.22782e-11,1.69031e-12
