version, size, hermitian, complex, seed, tol, runtime in s,min_error, max_error, avg_error
Hessenberg basic,900,1,0,5,1e-12,0.68999,0,1.29603e-11,1.82736e-12
Hessenberg basic,900,1,1,5,1e-12,2.9365,0,1.19371e-11,1.74102e-12
Hessenberg basic,901,1,0,5,1e-12,0.982229,0,1.08002e-11,1.68312e-12
Hessenberg basic,901,1,1,5,1e-12,3.40917,0,1.5234e-11,1.71614e-12
Hessenberg basic,902,1,0,5,1e-12,1.3841,0,1.40972e-11,1.66383e-12
Hessenberg basic,902,1,1,5,1e-12,3.50391,0,1.33014e-11,1.82006e-12
Hessenberg basic,903,1,0,5,1e-12,1.32077,0,1.96678e-11,1.7157e-12
Hessenberg basic,903,1,1,5,1e-12,3.68745,0,1.3415e-11,1.85039e-12
Hessenberg basic,904,1,0,5,1e-12,1.36223,0,1.54614e-11,1.75892e-12
Hessenberg basic,904,1,1,5,1e-12,3.69325,0,1.23919e-11,1.76723e-12
Hessenberg basic,905,1,0,5,1e-12,1.26477,0,1.47793e-11,1.56642e-12
Hessenberg basic,905,1,1,5,1e-12,3.58989,0,2.01226e-11,1.92654e-12
Hessenberg basic,906,1,0,5,1e-12,1.12254,0,1.19371e-11,1.55355e-12
Hessenberg basic,906,1,1,5,1e-12,3.46799,0,1.14824e-11,1.76584e-12
Hessenberg basic,907,1,0,5,1e-12,1.46201,0,1.64846e-11,1.72129e-12
Hessenberg basic,907,1,1,5,1e-12,3.934,0,1.07434e-11,1.89328e-12
Hessenberg basic,908,1,0,5,1e-12,1.14571,0,1.06866e-11,1.75014e-12
Hessenberg basic,908,1,1,5,1e-12,3.60237,0,1.26192e-11,1.70949e-12
Hessenberg basic,909,1,0,5,1e-12,1.31494,0,1.60298e-11,1.75917e-12
Hessenberg basic,909,1,1,5,1e-12,3.54475,0,1.81899e-11,1.86543e-12
Hessenberg basic,910,1,0,5,1e-12,1.45939,0,1.19371e-11,1.68186e-12
Hessenberg basic,910,1,1,5,1e-12,3.98138,0,1.93268e-11,1.79032e-12
Hessenberg basic,911,1,0,5,1e-12,1.14548,0,1.00044e-11,1.57282e-12
Hessenberg basic,911,1,1,5,1e-12,3.363,0,1.18234e-11,1.75205e-12
Hessenberg basic,912,1,0,5,1e-12,1.14184,0,1.19371e-11,1.7662e-12
Hessenberg basic,912,1,1,5,1e-12,3.84117,0,1.31877e-11,1.79075e-12
Hessenberg basic,913,1,0,5,1e-12,1.26574,0,1.04592e-11,1.66721e-12
Hessenberg basic,913,1,1,5,1e-12,4.21972,0,1.40972e-11,1.85371e-12
Hessenberg basic,914,1,0,5,1e-12,1.34005,0,1.20508e-11,1.64938e-12
Hessenberg basic,914,1,1,5,1e-12,3.46652,0,1.81899e-11,1.90137e-12
Hessenberg basic,915,1,0,5,1e-12,1.33756,0,1.69393e-11,1.66712e-12
Hessenberg basic,915,1,1,5,1e-12,3.94027,0,2.34195e-11,1.90579e-12
Hessenberg basic,916,1,0,5,1e-12,1.32903,0,1.11413e-11,1.72139e-12
Hessenberg basic,916,1,1,5,1e-12,4.21146,0,1.09139e-11,1.77968e-12
Hessenberg basic,917,1,0,5,1e-12,1.31114,0,1.06866e-11,1.75654e-12
Hessenberg basic,917,1,1,5,1e-12,3.44696,0,9.43601e-12,1.78425e-12
Hessenberg basic,918,1,0,5,1e-12,1.34977,0,1.26192e-11,1.75548e-12
Hessenberg basic,918,1,1,5,1e-12,3.91765,0,1.6712e-11,1.87773e-12
Hessenberg basic,919,1,0,5,1e-12,1.22964,0,1.21645e-11,1.75536e-12
Hessenberg basic,919,1,1,5,1e-12,4.26442,0,1.40972e-11,1.75647e-12
Hessenberg basic,920,1,0,5,1e-12,1.27063,0,1.39835e-11,1.61613e-12
Hessenberg basic,920,1,1,5,1e-12,3.54181,0,1.97815e-11,1.7579e-12
Hessenberg basic,921,1,0,5,1e-12,1.38602,0,1.06866e-11,1.80659e-12
Hessenberg basic,921,1,1,5,1e-12,3.91011,0,1.20508e-11,1.68747e-12
Hessenberg basic,922,1,0,5,1e-12,1.36396,0,1.20508e-11,1.71103e-12
Hessenberg basic,922,1,1,5,1e-12,4.36018,0,1.42109e-11,1.79804e-12
Hessenberg basic,923,1,0,5,1e-12,1.27423,0,1.20508e-11,1.69672e-12
Hessenberg basic,923,1,1,5,1e-12,3.52476,0,1.11413e-11,1.77707e-12
Hessenberg basic,924,1,0,5,1e-12,1.51054,0,1.1255e-11,1.62786e-12
Hessenberg basic,924,1,1,5,1e-12,4.01282,0,1.40972e-11,1.67405e-12
Hessenberg basic,925,1,0,5,1e-12,1.34361,0,1.11413e-11,1.60782e-12
Hessenberg basic,925,1,1,5,1e-12,4.32793,0,1.21645e-11,1.71928e-12
Hessenberg basic,926,1,0,5,1e-12,1.34678,0,1.11413e-11,1.60268e-12
Hessenberg basic,926,1,1,5,1e-12,3.73247,0,1.13687e-11,1.71137e-12
Hessenberg basic,927,1,0,5,1e-12,1.61843,0,9.32232e-12,1.60993e-12
Hessenberg basic,927,1,1,5,1e-12,4.00078,0,1.36424e-11,1.86319e-12
Hessenberg basic,928,1,0,5,1e-12,1.31383,0,1.01181e-11,1.66046e-12
Hessenberg basic,928,1,1,5,1e-12,3.74446,0,1.11413e-11,1.62716e-12
Hessenberg basic,929,1,0,5,1e-12,1.48583,0,8.6402e-12,1.5823e-12
Hessenberg basic,929,1,1,5,1e-12,4.47014,0,1.11413e-11,1.69819e-12
Hessenberg basic,930,1,0,5,1e-12,1.34787,0,1.11413e-11,1.70099e-12
Hessenberg basic,930,1,1,5,1e-12,3.57381,0,1.22782e-11,1.77562e-12
Hessenberg basic,931,1,0,5,1e-12,1.60375,0,9.54969e-12,1.76808e-12
Hessenberg basic,931,1,1,5,1e-12,4.0146,0,1.44382e-11,1.73679e-12
Hessenberg basic,932,1,0,5,1e-12,1.22514,0,1.04592e-11,1.69246e-12
Hessenberg basic,932,1,1,5,1e-12,4.42469,0,1.10276e-11,1.74132e-12
Hessenberg basic,933,1,0,5,1e-12,1.6151,0,1.04592e-11,1.66496e-12
Hessenberg basic,933,1,1,5,1e-12,3.93832,0,8.98126e-12,1.65586e-12
Hessenberg basic,934,1,0,5,1e-12,1.45514,0,2.20552e-11,1.64112e-12
Hessenberg basic,934,1,1,5,1e-12,3.86634,0,1.62572e-11,1.75832e-12
Hessenberg basic,935,1,0,5,1e-12,1.51342,0,1.04592e-11,1.58516e-12
Hessenberg basic,935,1,1,5,1e-12,4.03697,0,1.1255e-11,1.77729e-12
Hessenberg basic,936,1,0,5,1e-12,1.4059,0,1.02318e-11,1.67808e-12
Hessenberg basic,936,1,1,5,1e-12,4.62024,0,9.66338e-12,1.68512e-12
Hessenberg basic,937,1,0,5,1e-12,1.39052,0,1.11413e-11,1.68337e-12
Hessenberg basic,937,1,1,5,1e-12,3.58397,0,1.29603e-11,1.60731e-12
Hessenberg basic,938,1,0,5,1e-12,1.90115,0,1.17097e-11,1.68909e-12
Hessenberg basic,938,1,1,5,1e-12,4.15826,0,2.09184e-11,1.75896e-12
Hessenberg basic,939,1,0,5,1e-12,1.40791,0,8.98126e-12,1.57115e-12
Hessenberg basic,939,1,1,5,1e-12,4.57435,0,1.28466e-11,1.82236e-12
Hessenberg basic,940,1,0,5,1e-12,1.71746,0,1.13687e-11,1.56223e-12
Hessenberg basic,940,1,1,5,1e-12,4.13305,0,1.05729e-11,1.70018e-12
Hessenberg basic,941,1,0,5,1e-12,1.58543,0,1.1255e-11,1.66405e-12
Hessenberg basic,941,1,1,5,1e-12,3.95397,0,1.86446e-11,1.82445e-12
Hessenberg basic,942,1,0,5,1e-12,1.57561,0,1.28466e-11,1.64938e-12
Hessenberg basic,942,1,1,5,1e-12,4.2782,0,1.13687e-11,1.74041e-12
Hessenberg basic,943,1,0,5,1e-12,1.55032,0,1.18234e-11,1.69342e-12
Hessenberg basic,943,1,1,5,1e-12,4.51445,0,1.09139e-11,1.71697e-12
Hessenberg basic,944,1,0,5,1e-12,1.61632,0,1.17097e-11,1.73367e-12
Hessenberg basic,944,1,1,5,1e-12,3.70782,0,1.58025e-11,1.81343e-12
Hessenberg basic,945,1,0,5,1e-12,2.41225,0,9.89075e-12,1.66446e-12
Hessenberg basic,945,1,1,5,1e-12,4.22901,0,1.17097e-11,1.72913e-12
Hessenberg basic,946,1,0,5,1e-12,1.59456,0,1.1255e-11,1.68337e-12
Hessenberg basic,946,1,1,5,1e-12,3.84582,0,1.19371e-11,1.7716e-12
Hessenberg basic,947,1,0,5,1e-12,1.63406,0,1.19371e-11,1.54889e-12
Hessenberg basic,947,1,1,5,1e-12,4.66754,0,1.26192e-11,1.7028e-12
Hessenberg basic,948,1,0,5,1e-12,1.38793,0,9.43601e-12,1.5193e-12
Hessenberg basic,948,1,1,5,1e-12,3.87481,0,1.17097e-11,1.83984e-12
Hessenberg basic,949,1,0,5,1e-12,2.1465,0,8.86757e-12,1.56584e-12
Hessenberg basic,949,1,1,5,1e-12,4.12811,0,1.04592e-11,1.84786e-12
Hessenberg basic,950,1,0,5,1e-12,1.59036,0,1.47793e-11,1.63816e-12
Hessenberg basic,950,1,1,5,1e-12,4.46187,0,1.21645e-11,1.72983e-12
Hessenberg basic,951,1,0,5,1e-12,2.10418,0,1.75078e-11,1.74089e-12
Hessenberg basic,951,1,1,5,1e-12,4.51761,0,1.25056e-11,1.7063e-12
Hessenberg basic,952,1,0,5,1e-12,1.62859,0,1.39835e-11,1.68861e-12
Hessenberg basic,952,1,1,5,1e-12,3.74665,0,1.43245e-11,1.90226e-12
Hessenberg basic,953,1,0,5,1e-12,1.76519,0,1.36424e-11,1.78123e-12
Hessenberg basic,953,1,1,5,1e-12,4.30776,0,1.3415e-11,1.86559e-12
Hessenberg basic,954,1,0,5,1e-12,1.38895,0,1.14824e-11,1.73362e-12
Hessenberg basic,954,1,1,5,1e-12,4.7655,0,2.08047e-11,1.90896e-12
Hessenberg basic,955,1,0,5,1e-12,1.83004,0,1.19371e-11,1.7123e-12
Hessenberg basic,955,1,1,5,1e-12,4.37497,0,1.26192e-11,1.7273e-12
Hessenberg basic,956,1,0,5,1e-12,1.52633,0,8.86757e-12,1.66488e-12
Hessenberg basic,956,1,1,5,1e-12,3.82356,0,1.08002e-11,1.81297e-12
Hessenberg basic,957,1,0,5,1e-12,1.70779,0,1.4893e-11,1.75605e-12
Hessenberg basic,957,1,1,5,1e-12,4.36487,0,1.3074e-11,2.03462e-12
Hessenberg basic,958,1,0,5,1e-12,1.49849,0,1.6712e-11,1.73052e-12
Hessenberg basic,958,1,1,5,1e-12,4.84676,0,1.26192e-11,1.77903e-12
Hessenberg basic,959,1,0,5,1e-12,1.82964,0,1.36424e-11,1.76128e-12
Hessenberg basic,959,1,1,5,1e-12,4.19508,0,1.96678e-11,1.78741e-12
Hessenberg basic,960,1,0,5,1e-12,1.63997,0,1.23919e-11,1.73486e-12
Hessenberg basic,960,1,1,5,1e-12,4.22365,0,1.36424e-11,1.91415e-12
Hessenberg basic,961,1,0,5,1e-12,1.69106,0,1.47793e-11,1.72972e-12
Hessenberg basic,961,1,1,5,1e-12,4.53825,0,1.72804e-11,1.94639e-12
Hessenberg basic,962,1,0,5,1e-12,1.36928,0,1.15961e-11,1.8353e-12
Hessenberg basic,962,1,1,5,1e-12,4.87732,0,1.73941e-11,2.06228e-12
Hessenberg basic,963,1,0,5,1e-12,1.52611,0,1.54614e-11,1.84255e-12
Hessenberg basic,963,1,1,5,1e-12,4.08718,0,1.61435e-11,1.8246e-12
Hessenberg basic,964,1,0,5,1e-12,1.67673,0,1.23919e-11,1.82962e-12
Hessenberg basic,964,1,1,5,1e-12,4.05272,0,1.3415e-11,1.90882e-12
Hessenberg basic,965,1,0,5,1e-12,1.58037,0,1.83036e-11,1.81898e-12
Hessenberg basic,965,1,1,5,1e-12,4.53225,0,2.0691e-11,1.80888e-12
Hessenberg basic,966,1,0,5,1e-12,1.35693,0,1.39835e-11,1.89025e-12
Hessenberg basic,966,1,1,5,1e-12,4.90794,0,1.44382e-11,1.91485e-12
Hessenberg basic,967,1,0,5,1e-12,1.92487,0,1.37561e-11,1.83626e-12
Hessenberg basic,967,1,1,5,1e-12,4.60846,0,1.29603e-11,1.93535e-12
Hessenberg basic,968,1,0,5,1e-12,1.55127,0,2.31921e-11,1.75214e-12
Hessenberg basic,968,1,1,5,1e-12,3.93559,0,1.35287e-11,1.94885e-12
Hessenberg basic,969,1,0,5,1e-12,1.79758,0,1.00044e-11,1.64959e-12
Hessenberg basic,969,1,1,5,1e-12,4.63299,0,1.21645e-11,1.77212e-12
Hessenberg basic,970,1,0,5,1e-12,1.45758,0,1.3415e-11,1.54922e-12
Hessenberg basic,970,1,1,5,1e-12,5.02261,0,1.22782e-11,1.69929e-12
Hessenberg basic,971,1,0,5,1e-12,2.1892,0,1.38698e-11,1.79041e-12
Hessenberg basic,971,1,1,5,1e-12,4.82486,0,1.39835e-11,1.82806e-12
Hessenberg basic,972,1,0,5,1e-12,1.69816,0,1.3415e-11,1.64543e-12
Hessenberg basic,972,1,1,5,1e-12,4.01088,0,1.76215e-11,1.67525e-12
Hessenberg basic,973,1,0,5,1e-12,2.01866,0,1.86446e-11,1.73941e-12
Hessenberg basic,973,1,1,5,1e-12,4.70121,0,1.33014e-11,1.78393e-12
Hessenberg basic,974,1,0,5,1e-12,1.54285,0,1.33014e-11,1.67763e-12
Hessenberg basic,974,1,1,5,1e-12,4.96276,0,1.46656e-11,1.88481e-12
Hessenberg basic,975,1,0,5,1e-12,2.35104,0,1.10276e-11,1.62094e-12
Hessenberg basic,975,1,1,5,1e-12,4.89416,0,1.31877e-11,1.77602e-12
Hessenberg basic,976,1,0,5,1e-12,1.66462,0,1.25056e-11,1.65639e-12
Hessenberg basic,976,1,1,5,1e-12,4.02227,0,1.26192e-11,1.90645e-12
Hessenberg basic,977,1,0,5,1e-12,2.32785,0,1.6712e-11,1.71829e-12
Hessenberg basic,977,1,1,5,1e-12,4.73077,0,1.00044e-11,1.83042e-12
Hessenberg basic,978,1,0,5,1e-12,1.54752,0,1.25056e-11,1.56667e-12
Hessenberg basic,978,1,1,5,1e-12,4.68685,0,1.33014e-11,1.70524e-12
Hessenberg basic,979,1,0,5,1e-12,2.05128,0,1.18234e-11,1.80393e-12
Hessenberg basic,979,1,1,5,1e-12,5.02162,0,2.04636e-11,1.7205e-12
Hessenberg basic,980,1,0,5,1e-12,1.64159,0,1.21645e-11,1.68824e-12
Hessenberg basic,980,1,1,5,1e-12,3.41776,0,1.38698e-11,1.90408e-12
Hessenberg basic,981,1,0,5,1e-12,1.22145,0,1.35287e-11,1.86056e-12
Hessenberg basic,981,1,1,5,1e-12,2.78594,0,1.19371e-11,1.70159e-12
Hessenberg basic,982,1,0,5,1e-12,1.71796,0,1.08002e-11,1.76951e-12
Hessenberg basic,982,1,1,5,1e-12,3.06833,0,1.03455e-11,1.69572e-12
Hessenberg basic,983,1,0,5,1e-12,1.52256,0,1.84173e-11,1.72144e-12
Hessenberg basic,983,1,1,5,1e-12,3.73371,0,1.45519e-11,1.80028e-12
Hessenberg basic,984,1,0,5,1e-12,1.67196,0,1.14824e-11,1.71455e-12
Hessenberg basic,984,1,1,5,1e-12,3.85451,0,1.3415e-11,1.89389e-12
Hessenberg basic,985,1,0,5,1e-12,1.7128,0,1.05729e-11,1.68815e-12
Hessenberg basic,985,1,1,5,1e-12,3.98332,0,1.23919e-11,1.94458e-12
Hessenberg basic,986,1,0,5,1e-12,1.07603,0,1.3074e-11,1.66884e-12
Hessenberg basic,986,1,1,5,1e-12,3.54618,0,1.31877e-11,1.83798e-12
Hessenberg basic,987,1,0,5,1e-12,1.49479,0,1.00044e-11,1.64882e-12
Hessenberg basic,987,1,1,5,1e-12,3.23545,0,1.3415e-11,1.73077e-12
Hessenberg basic,988,1,0,5,1e-12,1.68813,0,1.72804e-11,1.73698e-12
Hessenberg basic,988,1,1,5,1e-12,4.05303,0,1.79625e-11,1.86109e-12
Hessenberg basic,989,1,0,5,1e-12,1.22279,0,1.04592e-11,1.68031e-12
Hessenberg basic,989,1,1,5,1e-12,3.43668,0,1.84173e-11,1.77056e-12
Hessenberg basic,990,1,0,5,1e-12,1.96466,0,1.00044e-11,1.50359e-12
Hessenberg basic,990,1,1,5,1e-12,3.22961,0,9.66338e-12,1.67869e-12
Hessenberg basic,991,1,0,5,1e-12,1.05062,0,1.5234e-11,1.722e-12
Hessenberg basic,991,1,1,5,1e-12,4.57083,0,2.42153e-11,1.84657e-12
Hessenberg basic,992,1,0,5,1e-12,1.4806,0,1.09139e-11,1.73745e-12
Hessenberg basic,992,1,1,5,1e-12,3.62881,0,1.36424e-11,1.82975e-12
Hessenberg basic,993,1,0,5,1e-12,1.92408,0,1.23919e-11,1.81708e-12
Hessenberg basic,993,1,1,5,1e-12,3.43822,0,1.51203e-11,1.66564e-12
Hessenberg basic,994,1,0,5,1e-12,1.13347,0,1.44382e-11,1.76606e-12
Hessenberg basic,994,1,1,5,1e-12,3.93073,0,1.61435e-11,1.78018e-12
Hessenberg basic,995,1,0,5,1e-12,1.53258,0,1.06866e-11,1.76548e-12
Hessenberg basic,995,1,1,5,1e-12,3.15812,0,1.59162e-11,1.90122e-12
Hessenberg basic,996,1,0,5,1e-12,1.56331,0,1.3074e-11,1.68008e-12
Hessenberg basic,996,1,1,5,1e-12,3.7372,0,2.09184e-11,1.79433e-12
Hessenberg basic,997,1,0,5,1e-12,1.08927,0,8.6402e-12,1.6595e-12
Hessenberg basic,997,1,1,5,1e-12,4.0348,0,1.63709e-11,1.924e-12
Hessenberg basic,998,1,0,5,1e-12,1.16024,0,1.27329e-11,1.78124e-12
Hessenberg basic,998,1,1,5,1e-12,3.45038,0,1.04592e-11,1.69701e-12
Hessenberg basic,999,1,0,5,1e-12,1.67651,0,1.22782e-11,1.71905e-12
Hessenberg basic,999,1,1,5,1e-12,4.16596,0,1.53477e-11,1.84e-12
Hessenberg basic,1000,1,0,5,1e-12,1.53892,0,1.15961e-11,1.71222e-12
Hessenberg basic,1000,1,1,5,1e-12,3.94571,0,1.79625e-11,1.78993e-12
