version, size, hermitian, complex, seed, tol, runtime in s,min_error, max_error, avg_error
Hessenberg basic,900,1,0,4,1e-12,1.37049,0,1.19371e-11,1.54429e-12
Hessenberg basic,900,1,1,4,1e-12,2.51058,0,1.28466e-11,1.70619e-12
Hessenberg basic,901,1,0,4,1e-12,1.27272,0,1.20508e-11,1.68973e-12
Hessenberg basic,901,1,1,4,1e-12,2.72424,0,1.56888e-11,1.81972e-12
Hessenberg basic,902,1,0,4,1e-12,0.995835,0,1.03455e-11,1.71893e-12
Hessenberg basic,902,1,1,4,1e-12,2.85084,0,1.20508e-11,1.82561e-12
Hessenberg basic,903,1,0,4,1e-12,0.850727,0,1.05729e-11,1.73435e-12
Hessenberg basic,903,1,1,4,1e-12,2.75977,0,1.23919e-11,1.7114e-12
Hessenberg basic,904,1,0,4,1e-12,0.926136,0,1.22782e-11,1.7258e-12
Hessenberg basic,904,1,1,4,1e-12,2.78094,0,1.06866e-11,1.79916e-12
Hessenberg basic,905,1,0,4,1e-12,0.907841,0,1.10276e-11,1.72216e-12
Hessenberg basic,905,1,1,4,1e-12,2.70692,0,1.3074e-11,1.92919e-12
Hessenberg basic,906,1,0,4,1e-12,0.948147,0,1.06866e-11,1.58109e-12
Hessenberg basic,906,1,1,4,1e-12,2.74081,0,1.33014e-11,1.76705e-12
Hessenberg basic,907,1,0,4,1e-12,0.96228,0,1.31877e-11,1.64325e-12
Hessenberg basic,907,1,1,4,1e-12,2.85599,0,1.60298e-11,1.87443e-12
Hessenberg basic,908,1,0,4,1e-12,0.860219,0,1.64846e-11,1.66287e-12
Hessenberg basic,908,1,1,4,1e-12,2.97295,0,1.42109e-11,1.883e-12
Hessenberg basic,909,1,0,4,1e-12,0.885008,0,1.23919e-11,1.75732e-12
Hessenberg basic,909,1,1,4,1e-12,2.9813,0,1.55751e-11,1.76597e-12
Hessenberg basic,910,1,0,4,1e-12,1.16082,0,1.18234e-11,1.64885e-12
Hessenberg basic,910,1,1,4,1e-12,2.61928,0,1.18234e-11,1.75143e-12
Hessenberg basic,911,1,0,4,1e-12,1.18585,0,8.86757e-12,1.67975e-12
Hessenberg basic,911,1,1,4,1e-12,2.30853,0,1.73941e-11,1.7411e-12
Hessenberg basic,912,1,0,4,1e-12,1.39986,0,1.68257e-11,1.69254e-12
Hessenberg basic,912,1,1,4,1e-12,2.30114,0,1.13687e-11,1.8396e-12
Hessenberg basic,913,1,0,4,1e-12,1.3997,0,9.43601e-12,1.66567e-12
Hessenberg basic,913,1,1,4,1e-12,2.48126,0,1.35287e-11,1.85305e-12
Hessenberg basic,914,1,0,4,1e-12,1.24724,0,2.01226e-11,1.71439e-12
Hessenberg basic,914,1,1,4,1e-12,2.79882,0,1.15961e-11,1.83316e-12
Hessenberg basic,915,1,0,4,1e-12,0.821844,0,1.36424e-11,1.74112e-12
Hessenberg basic,915,1,1,4,1e-12,2.96235,0,1.31877e-11,1.79011e-12
Hessenberg basic,916,1,0,4,1e-12,1.09902,0,9.77707e-12,1.67105e-12
Hessenberg basic,916,1,1,4,1e-12,2.56936,0,1.3074e-11,1.91587e-12
Hessenberg basic,917,1,0,4,1e-12,1.40494,0,1.3415e-11,1.7356e-12
Hessenberg basic,917,1,1,4,1e-12,2.78046,0,9.77707e-12,1.73945e-12
Hessenberg basic,918,1,0,4,1e-12,1.12048,0,1.01181e-11,1.61172e-12
Hessenberg basic,918,1,1,4,1e-12,3.03742,0,1.56888e-11,1.83018e-12
Hessenberg basic,919,1,0,4,1e-12,1.12678,0,1.18234e-11,1.74807e-12
Hessenberg basic,919,1,1,4,1e-12,2.78344,0,1.53477e-11,1.75281e-12
Hessenberg basic,920,1,0,4,1e-12,1.12324,0,1.23919e-11,1.73804e-12
Hessenberg basic,920,1,1,4,1e-12,3.01866,0,1.44382e-11,1.80928e-12
Hessenberg basic,921,1,0,4,1e-12,0.969503,0,1.01181e-11,1.74885e-12
Hessenberg basic,921,1,1,4,1e-12,3.09553,0,1.11413e-11,1.75572e-12
Hessenberg basic,922,1,0,4,1e-12,1.21764,0,1.27329e-11,1.78699e-12
Hessenberg basic,922,1,1,4,1e-12,2.53598,0,1.37561e-11,1.89113e-12
Hessenberg basic,923,1,0,4,1e-12,1.29742,0,1.20508e-11,1.67706e-12
Hessenberg basic,923,1,1,4,1e-12,3.04247,0,1.62572e-11,1.97268e-12
Hessenberg basic,924,1,0,4,1e-12,1.04395,0,1.18234e-11,1.64127e-12
Hessenberg basic,924,1,1,4,1e-12,2.66914,0,1.6712e-11,1.83075e-12
Hessenberg basic,925,1,0,4,1e-12,1.43283,0,1.10276e-11,1.70601e-12
Hessenberg basic,925,1,1,4,1e-12,3.0673,0,1.36424e-11,1.92907e-12
Hessenberg basic,926,1,0,4,1e-12,1.12312,0,1.44382e-11,1.71705e-12
Hessenberg basic,926,1,1,4,1e-12,2.81839,0,1.02318e-11,1.8917e-12
Hessenberg basic,927,1,0,4,1e-12,1.42263,0,1.77351e-11,1.71871e-12
Hessenberg basic,927,1,1,4,1e-12,3.17653,0,1.39835e-11,1.85641e-12
Hessenberg basic,928,1,0,4,1e-12,1.18512,0,9.66338e-12,1.62551e-12
Hessenberg basic,928,1,1,4,1e-12,2.64885,0,1.25056e-11,1.82136e-12
Hessenberg basic,929,1,0,4,1e-12,1.12072,0,1.29603e-11,1.6891e-12
Hessenberg basic,929,1,1,4,1e-12,3.05497,0,1.84173e-11,1.84298e-12
Hessenberg basic,930,1,0,4,1e-12,1.2649,0,1.37561e-11,1.73342e-12
Hessenberg basic,930,1,1,4,1e-12,2.66581,0,1.23919e-11,1.97299e-12
Hessenberg basic,931,1,0,4,1e-12,1.14443,0,1.13687e-11,1.73426e-12
Hessenberg basic,931,1,1,4,1e-12,2.75338,0,1.54614e-11,1.80604e-12
Hessenberg basic,932,1,0,4,1e-12,1.23436,0,1.38698e-11,1.76691e-12
Hessenberg basic,932,1,1,4,1e-12,3.08172,0,1.56888e-11,2.01555e-12
Hessenberg basic,933,1,0,4,1e-12,1.09555,0,1.20508e-11,1.63521e-12
Hessenberg basic,933,1,1,4,1e-12,2.77765,0,1.04592e-11,1.75685e-12
Hessenberg basic,934,1,0,4,1e-12,0.968018,0,1.38698e-11,1.85524e-12
Hessenberg basic,934,1,1,4,1e-12,3.02118,0,1.4893e-11,1.84886e-12
Hessenberg basic,935,1,0,4,1e-12,1.44385,0,1.33014e-11,1.81712e-12
Hessenberg basic,935,1,1,4,1e-12,3.27164,0,1.18234e-11,1.90612e-12
Hessenberg basic,936,1,0,4,1e-12,1.39851,0,1.38698e-11,1.81762e-12
Hessenberg basic,936,1,1,4,1e-12,3.18434,0,1.37561e-11,1.70815e-12
Hessenberg basic,937,1,0,4,1e-12,1.10351,0,1.27329e-11,1.70238e-12
Hessenberg basic,937,1,1,4,1e-12,3.12755,0,1.11413e-11,1.86852e-12
Hessenberg basic,938,1,0,4,1e-12,1.26356,0,1.3074e-11,1.91112e-12
Hessenberg basic,938,1,1,4,1e-12,3.31377,0,1.40972e-11,1.91848e-12
Hessenberg basic,939,1,0,4,1e-12,1.24679,0,1.4893e-11,1.86705e-12
Hessenberg basic,939,1,1,4,1e-12,3.34035,0,1.23919e-11,1.94843e-12
Hessenberg basic,940,1,0,4,1e-12,1.03396,0,1.38698e-11,1.78447e-12
Hessenberg basic,940,1,1,4,1e-12,3.04029,0,1.25056e-11,1.86807e-12
Hessenberg basic,941,1,0,4,1e-12,1.00556,0,1.3415e-11,1.74993e-12
Hessenberg basic,941,1,1,4,1e-12,2.94524,0,1.09139e-11,1.70028e-12
Hessenberg basic,942,1,0,4,1e-12,0.969825,0,1.96678e-11,1.76271e-12
Hessenberg basic,942,1,1,4,1e-12,3.4266,0,1.64846e-11,1.87142e-12
Hessenberg basic,943,1,0,4,1e-12,1.21079,0,1.13687e-11,1.7772e-12
Hessenberg basic,943,1,1,4,1e-12,3.48308,0,1.51203e-11,1.73501e-12
Hessenberg basic,944,1,0,4,1e-12,1.22209,0,1.28466e-11,1.83087e-12
Hessenberg basic,944,1,1,4,1e-12,3.42366,0,1.71667e-11,1.77701e-12
Hessenberg basic,945,1,0,4,1e-12,1.4256,0,1.19371e-11,1.77314e-12
Hessenberg basic,945,1,1,4,1e-12,3.42008,0,1.43245e-11,2.0608e-12
Hessenberg basic,946,1,0,4,1e-12,1.23994,0,1.42109e-11,1.81808e-12
Hessenberg basic,946,1,1,4,1e-12,3.47114,0,1.26192e-11,1.81737e-12
Hessenberg basic,947,1,0,4,1e-12,1.25954,0,1.36424e-11,1.71103e-12
Hessenberg basic,947,1,1,4,1e-12,3.32394,0,1.05729e-11,1.83564e-12
Hessenberg basic,948,1,0,4,1e-12,1.30421,0,1.04592e-11,1.74903e-12
Hessenberg basic,948,1,1,4,1e-12,3.34627,0,1.40972e-11,1.79222e-12
Hessenberg basic,949,1,0,4,1e-12,1.22618,0,1.02318e-11,1.82155e-12
Hessenberg basic,949,1,1,4,1e-12,2.89693,0,1.1255e-11,1.71875e-12
Hessenberg basic,950,1,0,4,1e-12,1.50363,0,1.87583e-11,1.767e-12
Hessenberg basic,950,1,1,4,1e-12,2.947,0,1.96678e-11,1.9214e-12
Hessenberg basic,951,1,0,4,1e-12,1.19219,0,1.14824e-11,1.73478e-12
Hessenberg basic,951,1,1,4,1e-12,2.93699,0,1.25056e-11,1.97897e-12
Hessenberg basic,952,1,0,4,1e-12,1.27999,0,1.10276e-11,1.74581e-12
Hessenberg basic,952,1,1,4,1e-12,3.41041,0,1.31877e-11,1.89543e-12
Hessenberg basic,953,1,0,4,1e-12,1.58117,0,1.38698e-11,1.80347e-12
Hessenberg basic,953,1,1,4,1e-12,3.47701,0,1.40972e-11,2.03029e-12
Hessenberg basic,954,1,0,4,1e-12,1.36559,0,1.21645e-11,1.73548e-12
Hessenberg basic,954,1,1,4,1e-12,3.49829,0,1.38698e-11,1.8415e-12
Hessenberg basic,955,1,0,4,1e-12,1.49509,0,1.18234e-11,1.84549e-12
Hessenberg basic,955,1,1,4,1e-12,3.53611,0,1.28466e-11,1.8862e-12
Hessenberg basic,956,1,0,4,1e-12,1.52333,0,1.19371e-11,1.79103e-12
Hessenberg basic,956,1,1,4,1e-12,3.57776,0,1.23919e-11,1.90702e-12
Hessenberg basic,957,1,0,4,1e-12,1.65008,0,1.86446e-11,1.87116e-12
Hessenberg basic,957,1,1,4,1e-12,3.4464,0,1.3415e-11,1.70632e-12
Hessenberg basic,958,1,0,4,1e-12,1.73695,0,1.17097e-11,1.79687e-12
Hessenberg basic,958,1,1,4,1e-12,3.56438,0,1.26192e-11,1.80511e-12
Hessenberg basic,959,1,0,4,1e-12,1.61163,0,1.22782e-11,1.76001e-12
Hessenberg basic,959,1,1,4,1e-12,3.64037,0,1.23919e-11,1.83536e-12
Hessenberg basic,960,1,0,4,1e-12,1.6644,0,1.20508e-11,1.72128e-12
Hessenberg basic,960,1,1,4,1e-12,3.46962,0,9.77707e-12,1.77634e-12
Hessenberg basic,961,1,0,4,1e-12,1.73595,0,1.19371e-11,1.65147e-12
Hessenberg basic,961,1,1,4,1e-12,3.64729,0,1.42109e-11,1.88466e-12
Hessenberg basic,962,1,0,4,1e-12,1.6378,0,1.38698e-11,1.7793e-12
Hessenberg basic,962,1,1,4,1e-12,3.73628,0,1.19371e-11,1.81547e-12
Hessenberg basic,963,1,0,4,1e-12,1.69306,0,1.3415e-11,1.76076e-12
Hessenberg basic,963,1,1,4,1e-12,3.66705,0,1.3074e-11,1.8758e-12
Hessenberg basic,964,1,0,4,1e-12,1.7582,0,1.11413e-11,1.81949e-12
Hessenberg basic,964,1,1,4,1e-12,3.68602,0,1.15961e-11,1.84883e-12
Hessenberg basic,965,1,0,4,1e-12,1.60804,0,1.20508e-11,1.87387e-12
Hessenberg basic,965,1,1,4,1e-12,3.76011,0,1.25056e-11,1.74207e-12
Hessenberg basic,966,1,0,4,1e-12,1.72396,0,1.31877e-11,1.85039e-12
Hessenberg basic,966,1,1,4,1e-12,3.60294,0,1.40972e-11,1.81906e-12
Hessenberg basic,967,1,0,4,1e-12,1.83175,0,1.3415e-11,1.74833e-12
Hessenberg basic,967,1,1,4,1e-12,3.54187,0,1.44382e-11,1.87645e-12
Hessenberg basic,968,1,0,4,1e-12,1.54425,0,1.53477e-11,1.66863e-12
Hessenberg basic,968,1,1,4,1e-12,3.54283,0,1.02318e-11,1.89596e-12
Hessenberg basic,969,1,0,4,1e-12,1.54775,0,1.05729e-11,1.73904e-12
Hessenberg basic,969,1,1,4,1e-12,3.3776,0,1.19371e-11,1.71653e-12
Hessenberg basic,970,1,0,4,1e-12,1.52563,0,1.26192e-11,1.65898e-12
Hessenberg basic,970,1,1,4,1e-12,3.55875,0,1.13687e-11,1.79446e-12
Hessenberg basic,971,1,0,4,1e-12,1.23418,0,1.02318e-11,1.69987e-12
Hessenberg basic,971,1,1,4,1e-12,3.47138,0,1.50067e-11,1.88067e-12
Hessenberg basic,972,1,0,4,1e-12,1.10889,0,1.06866e-11,1.75069e-12
Hessenberg basic,972,1,1,4,1e-12,3.33249,0,1.55751e-11,1.81554e-12
Hessenberg basic,973,1,0,4,1e-12,1.17614,0,1.28466e-11,1.82912e-12
Hessenberg basic,973,1,1,4,1e-12,3.39118,0,1.76215e-11,1.87878e-12
Hessenberg basic,974,1,0,4,1e-12,1.10008,0,1.18234e-11,1.67692e-12
Hessenberg basic,974,1,1,4,1e-12,3.33892,0,1.29603e-11,1.80491e-12
Hessenberg basic,975,1,0,4,1e-12,1.39579,0,1.4893e-11,1.73782e-12
Hessenberg basic,975,1,1,4,1e-12,3.54043,0,1.50067e-11,1.89695e-12
Hessenberg basic,976,1,0,4,1e-12,1.12638,0,1.04592e-11,1.68614e-12
Hessenberg basic,976,1,1,4,1e-12,3.26734,0,1.03455e-11,1.83305e-12
Hessenberg basic,977,1,0,4,1e-12,1.35175,0,1.08002e-11,1.72482e-12
Hessenberg basic,977,1,1,4,1e-12,3.98656,0,1.39835e-11,1.89372e-12
Hessenberg basic,978,1,0,4,1e-12,1.55826,0,1.02318e-11,1.76637e-12
Hessenberg basic,978,1,1,4,1e-12,4.17127,0,1.11413e-11,1.84139e-12
Hessenberg basic,979,1,0,4,1e-12,1.90076,0,9.20863e-12,1.68781e-12
Hessenberg basic,979,1,1,4,1e-12,3.98555,0,1.14824e-11,1.8983e-12
Hessenberg basic,980,1,0,4,1e-12,1.60245,0,1.63709e-11,1.64495e-12
Hessenberg basic,980,1,1,4,1e-12,4.03699,0,1.2335e-11,1.81959e-12
Hessenberg basic,981,1,0,4,1e-12,1.10183,0,1.51203e-11,1.66354e-12
Hessenberg basic,981,1,1,4,1e-12,3.89331,0,1.28466e-11,1.74798e-12
Hessenberg basic,982,1,0,4,1e-12,1.04249,0,1.36424e-11,1.74635e-12
Hessenberg basic,982,1,1,4,1e-12,3.82161,0,1.29603e-11,1.82798e-12
Hessenberg basic,983,1,0,4,1e-12,1.31377,0,1.72804e-11,1.8341e-12
Hessenberg basic,983,1,1,4,1e-12,3.76645,0,1.50067e-11,1.93686e-12
Hessenberg basic,984,1,0,4,1e-12,1.07354,0,1.19371e-11,1.7734e-12
Hessenberg basic,984,1,1,4,1e-12,3.7597,0,1.26192e-11,1.98589e-12
Hessenberg basic,985,1,0,4,1e-12,1.15576,0,1.35287e-11,1.70628e-12
Hessenberg basic,985,1,1,4,1e-12,4.20943,0,1.28466e-11,1.75465e-12
Hessenberg basic,986,1,0,4,1e-12,1.8415,0,1.19371e-11,1.78569e-12
Hessenberg basic,986,1,1,4,1e-12,3.68826,0,1.47793e-11,1.83088e-12
Hessenberg basic,987,1,0,4,1e-12,1.33313,0,1.13687e-11,1.69918e-12
Hessenberg basic,987,1,1,4,1e-12,4.11839,0,1.23919e-11,1.82379e-12
Hessenberg basic,988,1,0,4,1e-12,1.45338,0,1.29603e-11,1.65446e-12
Hessenberg basic,988,1,1,4,1e-12,3.70815,0,1.28466e-11,1.92226e-12
Hessenberg basic,989,1,0,4,1e-12,1.01315,0,1.53477e-11,1.65357e-12
Hessenberg basic,989,1,1,4,1e-12,4.018,0,1.01181e-11,1.8377e-12
Hessenberg basic,990,1,0,4,1e-12,1.52795,0,1.27329e-11,1.70586e-12
Hessenberg basic,990,1,1,4,1e-12,3.70922,0,1.29603e-11,1.7772e-12
Hessenberg basic,991,1,0,4,1e-12,1.25779,0,1.05729e-11,1.80005e-12
Hessenberg basic,991,1,1,4,1e-12,4.14548,0,1.45519e-11,1.85126e-12
Hessenberg basic,992,1,0,4,1e-12,1.123,0,1.13687e-11,1.85017e-12
Hessenberg basic,992,1,1,4,1e-12,3.30954,0,1.3074e-11,1.84697e-12
Hessenberg basic,993,1,0,4,1e-12,1.31621,0,1.06866e-11,1.72434e-12
Hessenberg basic,993,1,1,4,1e-12,3.48762,0,1.53477e-11,1.91091e-12
Hessenberg basic,994,1,0,4,1e-12,1.71926,0,9.20863e-12,1.664e-12
Hessenberg basic,994,1,1,4,1e-12,3.73533,0,1.28466e-11,1.82638e-12
Hessenberg basic,995,1,0,4,1e-12,1.91642,0,1.55751e-11,1.788e-12
Hessenberg basic,995,1,1,4,1e-12,3.52424,0,1.54614e-11,1.93354e-12
Hessenberg basic,996,1,0,4,1e-12,1.3519,0,1.3074e-11,1.81757e-12
Hessenberg basic,996,1,1,4,1e-12,3.98047,0,1.72804e-11,1.77775e-12
Hessenberg basic,997,1,0,4,1e-12,1.15092,0,1.3074e-11,1.87683e-12
Hessenberg basic,997,1,1,4,1e-12,4.17294,0,1.40972e-11,1.82074e-12
Hessenberg basic,998,1,0,4,1e-12,1.61136,0,1.31877e-11,1.87447e-12
Hessenberg basic,998,1,1,4,1e-12,3.9034,0,1.42109e-11,1.82542e-12
Hessenberg basic,999,1,0,4,1e-12,1.22086,0,1.6712e-11,1.79485e-12
Hessenberg basic,999,1,1,4,1e-12,3.19982,0,1.10276e-11,1.8101e-12
Hessenberg basic,1000,1,0,4,1e-12,2.31792,0,1.53477e-11,1.71054e-12
Hessenberg basic,1000,1,1,4,1e-12,3.57649,0,1.17097e-11,1.73492e-12
