version, size, hermitian, complex, seed, tol, runtime in s,min_error, max_error, avg_error
Hessenberg basic,900,1,0,2,1e-12,0.88077,0,1.10276e-11,1.64177e-12
Hessenberg basic,900,1,1,2,1e-12,3.0496,0,1.19371e-11,1.72778e-12
Hessenberg basic,901,1,0,2,1e-12,0.917149,0,1.04592e-11,1.6709e-12
Hessenberg basic,901,1,1,2,1e-12,2.23624,0,1.29603e-11,1.71681e-12
Hessenberg basic,902,1,0,2,1e-12,1.18862,0,1.00044e-11,1.69122e-12
Hessenberg basic,902,1,1,2,1e-12,2.42455,0,1.02318e-11,1.84402e-12
Hessenberg basic,903,1,0,2,1e-12,1.17291,0,1.68257e-11,1.67099e-12
Hessenberg basic,903,1,1,2,1e-12,2.01432,0,9.89075e-12,1.70498e-12
Hessenberg basic,904,1,0,2,1e-12,1.16816,0,1.15961e-11,1.68969e-12
Hessenberg basic,904,1,1,2,1e-12,2.14046,0,1.17097e-11,1.60495e-12
Hessenberg basic,905,1,0,2,1e-12,1.37346,0,1.04592e-11,1.766e-12
Hessenberg basic,905,1,1,2,1e-12,2.19521,0,1.47793e-11,1.77533e-12
Hessenberg basic,906,1,0,2,1e-12,1.37982,0,1.35287e-11,1.65161e-12
Hessenberg basic,906,1,1,2,1e-12,2.59345,0,1.47793e-11,1.84922e-12
Hessenberg basic,907,1,0,2,1e-12,1.0762,0,1.10276e-11,1.65247e-12
Hessenberg basic,907,1,1,2,1e-12,2.57842,0,1.63709e-11,1.92453e-12
Hessenberg basic,908,1,0,2,1e-12,1.28134,0,9.09495e-12,1.68425e-12
Hessenberg basic,908,1,1,2,1e-12,2.84367,0,1.05729e-11,1.72126e-12
Hessenberg basic,909,1,0,2,1e-12,0.818971,0,1.14824e-11,1.76594e-12
Hessenberg basic,909,1,1,2,1e-12,3.25566,0,1.02318e-11,1.76217e-12
Hessenberg basic,910,1,0,2,1e-12,0.972447,0,1.37561e-11,1.74407e-12
Hessenberg basic,910,1,1,2,1e-12,2.90608,0,1.05729e-11,1.74197e-12
Hessenberg basic,911,1,0,2,1e-12,0.969125,0,1.54614e-11,1.6782e-12
Hessenberg basic,911,1,1,2,1e-12,3.20911,0,1.01181e-11,1.7762e-12
Hessenberg basic,912,1,0,2,1e-12,1.10638,0,1.3415e-11,1.83285e-12
Hessenberg basic,912,1,1,2,1e-12,2.09595,0,1.31877e-11,1.8058e-12
Hessenberg basic,913,1,0,2,1e-12,1.28003,0,1.22782e-11,1.76076e-12
Hessenberg basic,913,1,1,2,1e-12,2.20754,0,1.26192e-11,1.75417e-12
Hessenberg basic,914,1,0,2,1e-12,1.32761,0,1.36424e-11,1.72529e-12
Hessenberg basic,914,1,1,2,1e-12,2.14365,0,1.53477e-11,1.76014e-12
Hessenberg basic,915,1,0,2,1e-12,1.49734,0,9.89075e-12,1.67603e-12
Hessenberg basic,915,1,1,2,1e-12,2.67034,0,1.10276e-11,1.77523e-12
Hessenberg basic,916,1,0,2,1e-12,0.951867,0,1.61435e-11,1.67625e-12
Hessenberg basic,916,1,1,2,1e-12,2.88918,0,1.20508e-11,1.77972e-12
Hessenberg basic,917,1,0,2,1e-12,1.12408,0,1.29603e-11,1.61992e-12
Hessenberg basic,917,1,1,2,1e-12,2.86053,0,1.50067e-11,1.76029e-12
Hessenberg basic,918,1,0,2,1e-12,1.09538,0,1.08002e-11,1.72959e-12
Hessenberg basic,918,1,1,2,1e-12,3.12103,0,1.03455e-11,1.7607e-12
Hessenberg basic,919,1,0,2,1e-12,1.25382,0,1.13687e-11,1.65008e-12
Hessenberg basic,919,1,1,2,1e-12,2.10491,0,1.46656e-11,1.85506e-12
Hessenberg basic,920,1,0,2,1e-12,1.25765,0,1.10276e-11,1.6505e-12
Hessenberg basic,920,1,1,2,1e-12,2.20674,0,1.19371e-11,1.82949e-12
Hessenberg basic,921,1,0,2,1e-12,1.52192,0,1.17097e-11,1.68455e-12
Hessenberg basic,921,1,1,2,1e-12,2.37057,0,1.21645e-11,1.87625e-12
Hessenberg basic,922,1,0,2,1e-12,1.69059,0,9.32232e-12,1.65259e-12
Hessenberg basic,922,1,1,2,1e-12,2.80736,0,9.20863e-12,1.79927e-12
Hessenberg basic,923,1,0,2,1e-12,0.984954,0,9.32232e-12,1.69287e-12
Hessenberg basic,923,1,1,2,1e-12,3.37888,0,1.20508e-11,1.82844e-12
Hessenberg basic,924,1,0,2,1e-12,1.03114,0,1.00044e-11,1.74043e-12
Hessenberg basic,924,1,1,2,1e-12,2.89336,0,1.06866e-11,1.84006e-12
Hessenberg basic,925,1,0,2,1e-12,1.29059,0,1.20508e-11,1.72194e-12
Hessenberg basic,925,1,1,2,1e-12,2.85165,0,1.19371e-11,1.89952e-12
Hessenberg basic,926,1,0,2,1e-12,1.33443,0,1.63709e-11,1.78026e-12
Hessenberg basic,926,1,1,2,1e-12,2.26325,0,1.3074e-11,1.69743e-12
Hessenberg basic,927,1,0,2,1e-12,1.54212,0,1.7053e-11,1.8153e-12
Hessenberg basic,927,1,1,2,1e-12,2.67337,0,1.1255e-11,1.76767e-12
Hessenberg basic,928,1,0,2,1e-12,0.976589,0,1.3415e-11,1.64987e-12
Hessenberg basic,928,1,1,2,1e-12,3.15229,0,1.25056e-11,1.9372e-12
Hessenberg basic,929,1,0,2,1e-12,1.00273,0,1.28466e-11,1.90492e-12
Hessenberg basic,929,1,1,2,1e-12,3.08361,0,1.10276e-11,1.79329e-12
Hessenberg basic,930,1,0,2,1e-12,1.21158,0,1.03455e-11,1.7096e-12
Hessenberg basic,930,1,1,2,1e-12,3.13216,0,1.96678e-11,1.87551e-12
Hessenberg basic,931,1,0,2,1e-12,1.3409,0,9.20863e-12,1.68119e-12
Hessenberg basic,931,1,1,2,1e-12,2.52348,0,1.04592e-11,1.78685e-12
Hessenberg basic,932,1,0,2,1e-12,1.56998,0,1.11413e-11,1.65142e-12
Hessenberg basic,932,1,1,2,1e-12,2.86683,0,1.03455e-11,1.86802e-12
Hessenberg basic,933,1,0,2,1e-12,0.99151,0,1.20508e-11,1.63072e-12
Hessenberg basic,933,1,1,2,1e-12,3.26801,0,1.51203e-11,1.87254e-12
Hessenberg basic,934,1,0,2,1e-12,1.12418,0,1.05729e-11,1.7348e-12
Hessenberg basic,934,1,1,2,1e-12,3.03322,0,1.35287e-11,1.85184e-12
Hessenberg basic,935,1,0,2,1e-12,1.36249,0,9.09495e-12,1.71513e-12
Hessenberg basic,935,1,1,2,1e-12,3.05702,0,1.21645e-11,1.88056e-12
Hessenberg basic,936,1,0,2,1e-12,1.41231,0,1.25056e-11,1.6887e-12
Hessenberg basic,936,1,1,2,1e-12,2.76008,0,1.14824e-11,1.84045e-12
Hessenberg basic,937,1,0,2,1e-12,1.72828,0,9.77707e-12,1.73274e-12
Hessenberg basic,937,1,1,2,1e-12,3.03099,0,1.39835e-11,1.88752e-12
Hessenberg basic,938,1,0,2,1e-12,1.05608,0,1.31877e-11,1.71959e-12
Hessenberg basic,938,1,1,2,1e-12,3.47236,0,1.64846e-11,1.85766e-12
Hessenberg basic,939,1,0,2,1e-12,1.29498,0,1.38698e-11,1.82629e-12
Hessenberg basic,939,1,1,2,1e-12,2.34277,0,1.64846e-11,1.84721e-12
Hessenberg basic,940,1,0,2,1e-12,1.43416,0,1.03455e-11,1.76067e-12
Hessenberg basic,940,1,1,2,1e-12,2.78903,0,1.17097e-11,1.99538e-12
Hessenberg basic,941,1,0,2,1e-12,1.51268,0,1.04592e-11,1.75401e-12
Hessenberg basic,941,1,1,2,1e-12,3.14387,0,1.3074e-11,1.7947e-12
Hessenberg basic,942,1,0,2,1e-12,1.21401,0,2.00089e-11,1.86006e-12
Hessenberg basic,942,1,1,2,1e-12,3.18538,0,1.21645e-11,1.94561e-12
Hessenberg basic,943,1,0,2,1e-12,1.28458,0,1.31877e-11,1.76522e-12
Hessenberg basic,943,1,1,2,1e-12,3.11391,0,1.35287e-11,1.74868e-12
Hessenberg basic,944,1,0,2,1e-12,1.40696,0,1.54614e-11,1.8269e-12
Hessenberg basic,944,1,1,2,1e-12,2.84104,0,1.14824e-11,1.98093e-12
Hessenberg basic,945,1,0,2,1e-12,1.85305,0,1.31877e-11,1.78416e-12
Hessenberg basic,945,1,1,2,1e-12,3.1371,0,1.36424e-11,1.95859e-12
Hessenberg basic,946,1,0,2,1e-12,1.27744,0,1.3074e-11,1.69821e-12
Hessenberg basic,946,1,1,2,1e-12,3.16856,0,1.5234e-11,1.90069e-12
Hessenberg basic,947,1,0,2,1e-12,1.4953,0,1.23919e-11,1.79148e-12
Hessenberg basic,947,1,1,2,1e-12,2.72761,0,1.58025e-11,1.91394e-12
Hessenberg basic,948,1,0,2,1e-12,1.84471,0,1.42109e-11,1.70587e-12
Hessenberg basic,948,1,1,2,1e-12,3.25264,0,1.20508e-11,1.82053e-12
Hessenberg basic,949,1,0,2,1e-12,1.16087,0,9.54969e-12,1.62984e-12
Hessenberg basic,949,1,1,2,1e-12,3.36439,0,1.08002e-11,1.71294e-12
Hessenberg basic,950,1,0,2,1e-12,1.45055,0,1.43245e-11,1.73947e-12
Hessenberg basic,950,1,1,2,1e-12,2.74858,0,1.14824e-11,1.88216e-12
Hessenberg basic,951,1,0,2,1e-12,1.84615,0,1.02318e-11,1.76005e-12
Hessenberg basic,951,1,1,2,1e-12,3.23206,0,1.78488e-11,1.89451e-12
Hessenberg basic,952,1,0,2,1e-12,1.16502,0,1.40972e-11,1.60417e-12
Hessenberg basic,952,1,1,2,1e-12,3.50277,0,1.02318e-11,1.78391e-12
Hessenberg basic,953,1,0,2,1e-12,1.4983,0,1.11413e-11,1.68617e-12
Hessenberg basic,953,1,1,2,1e-12,2.68125,0,1.09139e-11,1.74361e-12
Hessenberg basic,954,1,0,2,1e-12,1.84354,0,1.31877e-11,1.80333e-12
Hessenberg basic,954,1,1,2,1e-12,3.24449,0,1.17097e-11,1.96513e-12
Hessenberg basic,955,1,0,2,1e-12,1.18558,0,1.3415e-11,1.67241e-12
Hessenberg basic,955,1,1,2,1e-12,3.71473,0,1.25056e-11,1.76323e-12
Hessenberg basic,956,1,0,2,1e-12,1.44365,0,1.42109e-11,1.69384e-12
Hessenberg basic,956,1,1,2,1e-12,2.63327,0,1.28466e-11,1.67738e-12
Hessenberg basic,957,1,0,2,1e-12,1.7161,0,1.51203e-11,1.8406e-12
Hessenberg basic,957,1,1,2,1e-12,3.12125,0,1.18234e-11,1.87799e-12
Hessenberg basic,958,1,0,2,1e-12,1.17431,0,1.00613e-11,1.63713e-12
Hessenberg basic,958,1,1,2,1e-12,3.80861,0,1.33014e-11,1.70152e-12
Hessenberg basic,959,1,0,2,1e-12,1.29101,0,1.1255e-11,1.59074e-12
Hessenberg basic,959,1,1,2,1e-12,2.86629,0,1.37561e-11,1.7927e-12
Hessenberg basic,960,1,0,2,1e-12,1.58858,0,1.3074e-11,1.64411e-12
Hessenberg basic,960,1,1,2,1e-12,3.22907,0,1.13687e-11,1.73703e-12
Hessenberg basic,961,1,0,2,1e-12,1.15713,0,1.20508e-11,1.73401e-12
Hessenberg basic,961,1,1,2,1e-12,4.02516,0,1.37561e-11,1.73814e-12
Hessenberg basic,962,1,0,2,1e-12,1.23873,0,1.00044e-11,1.56518e-12
Hessenberg basic,962,1,1,2,1e-12,3.0397,0,1.20508e-11,1.6327e-12
Hessenberg basic,963,1,0,2,1e-12,1.70924,0,1.28466e-11,1.67042e-12
Hessenberg basic,963,1,1,2,1e-12,3.37412,0,1.29603e-11,1.82786e-12
Hessenberg basic,964,1,0,2,1e-12,1.09801,0,9.20863e-12,1.61262e-12
Hessenberg basic,964,1,1,2,1e-12,3.94233,0,1.03455e-11,1.68265e-12
Hessenberg basic,965,1,0,2,1e-12,1.27043,0,1.13687e-11,1.69423e-12
Hessenberg basic,965,1,1,2,1e-12,3.0864,0,1.36424e-11,1.92047e-12
Hessenberg basic,966,1,0,2,1e-12,1.66095,0,1.37561e-11,1.6109e-12
Hessenberg basic,966,1,1,2,1e-12,3.41447,0,1.1255e-11,1.72471e-12
Hessenberg basic,967,1,0,2,1e-12,1.14821,0,1.21645e-11,1.65247e-12
Hessenberg basic,967,1,1,2,1e-12,3.87795,0,9.77707e-12,1.82809e-12
Hessenberg basic,968,1,0,2,1e-12,1.52443,0,1.03455e-11,1.63222e-12
Hessenberg basic,968,1,1,2,1e-12,2.97271,0,1.17097e-11,1.82026e-12
Hessenberg basic,969,1,0,2,1e-12,2.04184,0,1.09139e-11,1.66184e-12
Hessenberg basic,969,1,1,2,1e-12,3.57279,0,1.3074e-11,1.83918e-12
Hessenberg basic,970,1,0,2,1e-12,1.28311,0,1.11413e-11,1.6583e-12
Hessenberg basic,970,1,1,2,1e-12,3.66966,0,1.02318e-11,1.73349e-12
Hessenberg basic,971,1,0,2,1e-12,1.51484,0,1.26192e-11,1.69627e-12
Hessenberg basic,971,1,1,2,1e-12,3.2715,0,1.5234e-11,1.73314e-12
Hessenberg basic,972,1,0,2,1e-12,1.57845,0,1.05729e-11,1.60981e-12
Hessenberg basic,972,1,1,2,1e-12,3.69824,0,1.43245e-11,1.72381e-12
Hessenberg basic,973,1,0,2,1e-12,1.42134,0,1.59162e-11,1.66828e-12
Hessenberg basic,973,1,1,2,1e-12,3.59546,0,1.33014e-11,1.75905e-12
Hessenberg basic,974,1,0,2,1e-12,1.5576,0,1.19371e-11,1.51026e-12
Hessenberg basic,974,1,1,2,1e-12,3.34567,0,1.1255e-11,1.74632e-12
Hessenberg basic,975,1,0,2,1e-12,1.64818,0,1.15961e-11,1.60137e-12
Hessenberg basic,975,1,1,2,1e-12,3.80242,0,1.18234e-11,1.70768e-12
Hessenberg basic,976,1,0,2,1e-12,1.10247,0,1.28466e-11,1.80921e-12
Hessenberg basic,976,1,1,2,1e-12,3.9519,0,1.14824e-11,1.68603e-12
Hessenberg basic,977,1,0,2,1e-12,1.13375,0,1.3074e-11,1.76108e-12
Hessenberg basic,977,1,1,2,1e-12,2.96802,0,1.10276e-11,1.75709e-12
Hessenberg basic,978,1,0,2,1e-12,1.21728,0,1.13687e-11,1.7756e-12
Hessenberg basic,978,1,1,2,1e-12,3.04378,0,1.71667e-11,1.87191e-12
Hessenberg basic,979,1,0,2,1e-12,1.15717,0,1.02318e-11,1.70803e-12
Hessenberg basic,979,1,1,2,1e-12,4.47285,0,1.15961e-11,1.80767e-12
Hessenberg basic,980,1,0,2,1e-12,2.40422,0,1.06866e-11,1.76262e-12
Hessenberg basic,980,1,1,2,1e-12,4.4922,0,1.29603e-11,1.83036e-12
Hessenberg basic,981,1,0,2,1e-12,1.39481,0,8.41283e-12,1.64008e-12
Hessenberg basic,981,1,1,2,1e-12,4.9335,0,1.17097e-11,1.79245e-12
Hessenberg basic,982,1,0,2,1e-12,1.45547,0,1.15961e-11,1.77164e-12
Hessenberg basic,982,1,1,2,1e-12,3.92577,0,1.78488e-11,1.72423e-12
Hessenberg basic,983,1,0,2,1e-12,1.95397,0,1.05729e-11,1.66923e-12
Hessenberg basic,983,1,1,2,1e-12,4.08979,0,9.43601e-12,1.5921e-12
Hessenberg basic,984,1,0,2,1e-12,1.26494,0,1.04592e-11,1.64807e-12
Hessenberg basic,984,1,1,2,1e-12,4.5774,0,1.19371e-11,1.71216e-12
Hessenberg basic,985,1,0,2,1e-12,1.31447,0,1.15961e-11,1.72827e-12
Hessenberg basic,985,1,1,2,1e-12,3.91631,0,1.13687e-11,1.71757e-12
Hessenberg basic,986,1,0,2,1e-12,2.27819,0,1.17097e-11,1.66758e-12
Hessenberg basic,986,1,1,2,1e-12,4.35532,0,1.43245e-11,1.85069e-12
Hessenberg basic,987,1,0,2,1e-12,1.22284,0,1.14824e-11,1.71754e-12
Hessenberg basic,987,1,1,2,1e-12,4.69323,0,1.47793e-11,1.82625e-12
Hessenberg basic,988,1,0,2,1e-12,1.34677,0,1.06866e-11,1.72107e-12
Hessenberg basic,988,1,1,2,1e-12,4.26665,0,1.22782e-11,1.7528e-12
Hessenberg basic,989,1,0,2,1e-12,2.30707,0,1.06866e-11,1.66199e-12
Hessenberg basic,989,1,1,2,1e-12,4.38121,0,1.17097e-11,1.87549e-12
Hessenberg basic,990,1,0,2,1e-12,1.2592,0,1.14824e-11,1.66435e-12
Hessenberg basic,990,1,1,2,1e-12,4.75441,0,1.03455e-11,1.83775e-12
Hessenberg basic,991,1,0,2,1e-12,1.40403,0,1.04592e-11,1.79106e-12
Hessenberg basic,991,1,1,2,1e-12,4.12674,0,1.19371e-11,1.75184e-12
Hessenberg basic,992,1,0,2,1e-12,2.20615,0,1.19371e-11,1.66047e-12
Hessenberg basic,992,1,1,2,1e-12,4.47203,0,1.28466e-11,1.82211e-12
Hessenberg basic,993,1,0,2,1e-12,1.29552,0,1.15961e-11,1.67461e-12
Hessenberg basic,993,1,1,2,1e-12,4.8766,0,1.10276e-11,1.79525e-12
Hessenberg basic,994,1,0,2,1e-12,1.28655,0,1.38698e-11,1.7512e-12
Hessenberg basic,994,1,1,2,1e-12,3.415,0,1.13687e-11,1.82521e-12
Hessenberg basic,995,1,0,2,1e-12,2.28562,0,1.21645e-11,1.74282e-12
Hessenberg basic,995,1,1,2,1e-12,3.915,0,1.22782e-11,1.85324e-12
Hessenberg basic,996,1,0,2,1e-12,1.20635,0,1.23919e-11,1.68152e-12
Hessenberg basic,996,1,1,2,1e-12,3.58249,0,1.43245e-11,1.89214e-12
Hessenberg basic,997,1,0,2,1e-12,1.51677,0,1.01181e-11,1.68268e-12
Hessenberg basic,997,1,1,2,1e-12,3.31678,0,1.45519e-11,1.86009e-12
Hessenberg basic,998,1,0,2,1e-12,2.31205,0,1.25056e-11,1.62825e-12
Hessenberg basic,998,1,1,2,1e-12,3.68131,0,1.01181e-11,1.84399e-12
Hessenberg basic,999,1,0,2,1e-12,1.10109,0,1.27329e-11,1.69663e-12
Hessenberg basic,999,1,1,2,1e-12,4.75877,0,1.26192e-11,1.78606e-12
Hessenberg basic,1000,1,0,2,1e-12,1.80635,0,1.14824e-11,1.81796e-12
Hessenberg basic,1000,1,1,2,1e-12,3.27919,0,1.43245e-11,1.80774e-12
