version, size, hermitian, complex, seed, tol, runtime in s,min_error, max_error, avg_error
Hessenberg basic,900,1,0,10,1e-12,1.09753,0,1.43245e-11,1.80215e-12
Hessenberg basic,900,1,1,10,1e-12,2.32985,0,1.26192e-11,1.90382e-12
Hessenberg basic,901,1,0,10,1e-12,0.718922,0,1.20508e-11,1.63649e-12
Hessenberg basic,901,1,1,10,1e-12,3.00821,0,9.66338e-12,1.71385e-12
Hessenberg basic,902,1,0,10,1e-12,0.987482,0,1.20508e-11,1.73199e-12
Hessenberg basic,902,1,1,10,1e-12,2.659,0,1.09139e-11,1.72501e-12
Hessenberg basic,903,1,0,10,1e-12,0.661918,0,1.29603e-11,1.70936e-12
Hessenberg basic,903,1,1,10,1e-12,2.57726,0,9.54969e-12,1.91659e-12
Hessenberg basic,904,1,0,10,1e-12,0.967368,0,1.14824e-11,1.82977e-12
Hessenberg basic,904,1,1,10,1e-12,2.18013,0,1.54614e-11,1.85297e-12
Hessenberg basic,905,1,0,10,1e-12,1.15258,0,9.66338e-12,1.6814e-12
Hessenberg basic,905,1,1,10,1e-12,2.22903,0,1.1255e-11,1.79011e-12
Hessenberg basic,906,1,0,10,1e-12,0.631026,0,1.00044e-11,1.74626e-12
Hessenberg basic,906,1,1,10,1e-12,2.5551,0,1.33014e-11,1.85614e-12
Hessenberg basic,907,1,0,10,1e-12,0.932878,0,1.17097e-11,1.79375e-12
Hessenberg basic,907,1,1,10,1e-12,2.32464,0,1.25056e-11,1.88614e-12
Hessenberg basic,908,1,0,10,1e-12,0.712542,0,1.14824e-11,1.77874e-12
Hessenberg basic,908,1,1,10,1e-12,3.05026,0,1.13687e-11,1.81372e-12
Hessenberg basic,909,1,0,10,1e-12,0.747073,0,1.44382e-11,1.7275e-12
Hessenberg basic,909,1,1,10,1e-12,1.91048,0,1.27329e-11,1.87129e-12
Hessenberg basic,910,1,0,10,1e-12,1.21215,0,1.04592e-11,1.82086e-12
Hessenberg basic,910,1,1,10,1e-12,2.21176,0,1.29603e-11,1.85918e-12
Hessenberg basic,911,1,0,10,1e-12,1.54436,0,9.54969e-12,1.7466e-12
Hessenberg basic,911,1,1,10,1e-12,2.37003,0,1.22782e-11,1.85143e-12
Hessenberg basic,912,1,0,10,1e-12,0.859753,0,9.66338e-12,1.629e-12
Hessenberg basic,912,1,1,10,1e-12,2.06395,0,1.14824e-11,1.84833e-12
Hessenberg basic,913,1,0,10,1e-12,0.826739,0,1.19371e-11,1.83487e-12
Hessenberg basic,913,1,1,10,1e-12,3.05949,0,1.19371e-11,1.94087e-12
Hessenberg basic,914,1,0,10,1e-12,1.20677,0,1.40972e-11,1.78122e-12
Hessenberg basic,914,1,1,10,1e-12,2.774,0,1.13687e-11,1.86826e-12
Hessenberg basic,915,1,0,10,1e-12,1.07003,0,1.15961e-11,1.80921e-12
Hessenberg basic,915,1,1,10,1e-12,2.82289,0,1.09139e-11,1.86369e-12
Hessenberg basic,916,1,0,10,1e-12,0.629606,0,1.1255e-11,1.71063e-12
Hessenberg basic,916,1,1,10,1e-12,2.94491,0,1.68257e-11,1.91758e-12
Hessenberg basic,917,1,0,10,1e-12,0.725053,0,1.35287e-11,1.73363e-12
Hessenberg basic,917,1,1,10,1e-12,1.98757,0,1.22782e-11,1.92596e-12
Hessenberg basic,918,1,0,10,1e-12,0.816101,0,1.26192e-11,1.71984e-12
Hessenberg basic,918,1,1,10,1e-12,2.55713,0,1.06866e-11,1.8636e-12
Hessenberg basic,919,1,0,10,1e-12,1.21097,0,1.1255e-11,1.82002e-12
Hessenberg basic,919,1,1,10,1e-12,2.90066,0,1.33014e-11,1.82717e-12
Hessenberg basic,920,1,0,10,1e-12,1.51208,0,1.27329e-11,1.7884e-12
Hessenberg basic,920,1,1,10,1e-12,2.31674,0,1.02318e-11,1.75064e-12
Hessenberg basic,921,1,0,10,1e-12,1.0486,0,1.3074e-11,1.70071e-12
Hessenberg basic,921,1,1,10,1e-12,2.67963,0,1.65983e-11,1.92743e-12
Hessenberg basic,922,1,0,10,1e-12,1.15104,0,1.3074e-11,1.88761e-12
Hessenberg basic,922,1,1,10,1e-12,2.12854,0,1.51203e-11,1.97889e-12
Hessenberg basic,923,1,0,10,1e-12,0.791096,0,9.66338e-12,1.68606e-12
Hessenberg basic,923,1,1,10,1e-12,2.41429,0,1.35287e-11,1.89104e-12
Hessenberg basic,924,1,0,10,1e-12,0.67299,0,1.17097e-11,1.9423e-12
Hessenberg basic,924,1,1,10,1e-12,3.37735,0,1.09139e-11,2.08073e-12
Hessenberg basic,925,1,0,10,1e-12,1.2434,0,1.3415e-11,1.77532e-12
Hessenberg basic,925,1,1,10,1e-12,3.50097,0,1.59162e-11,1.85258e-12
Hessenberg basic,926,1,0,10,1e-12,0.685218,0,1.3074e-11,1.88107e-12
Hessenberg basic,926,1,1,10,1e-12,3.33785,0,1.17097e-11,1.85919e-12
Hessenberg basic,927,1,0,10,1e-12,0.746243,0,9.66338e-12,1.72546e-12
Hessenberg basic,927,1,1,10,1e-12,2.15196,0,1.50067e-11,1.68061e-12
Hessenberg basic,928,1,0,10,1e-12,0.919407,0,1.38698e-11,1.87182e-12
Hessenberg basic,928,1,1,10,1e-12,2.68154,0,1.31877e-11,1.8337e-12
Hessenberg basic,929,1,0,10,1e-12,0.778839,0,1.06866e-11,1.7829e-12
Hessenberg basic,929,1,1,10,1e-12,3.35438,0,1.45519e-11,1.87056e-12
Hessenberg basic,930,1,0,10,1e-12,1.12427,0,1.37561e-11,1.92656e-12
Hessenberg basic,930,1,1,10,1e-12,2.0866,0,1.10276e-11,1.72641e-12
Hessenberg basic,931,1,0,10,1e-12,1.42552,0,1.36424e-11,1.87699e-12
Hessenberg basic,931,1,1,10,1e-12,2.50933,0,1.14824e-11,1.80443e-12
Hessenberg basic,932,1,0,10,1e-12,0.807885,0,9.77707e-12,1.69951e-12
Hessenberg basic,932,1,1,10,1e-12,3.07352,0,1.79625e-11,1.75431e-12
Hessenberg basic,933,1,0,10,1e-12,1.02665,0,1.06866e-11,1.65863e-12
Hessenberg basic,933,1,1,10,1e-12,3.3629,0,1.13687e-11,1.93967e-12
Hessenberg basic,934,1,0,10,1e-12,1.75125,0,1.3074e-11,1.66323e-12
Hessenberg basic,934,1,1,10,1e-12,3.21285,0,1.44382e-11,1.83204e-12
Hessenberg basic,935,1,0,10,1e-12,0.746878,0,1.13687e-11,1.72458e-12
Hessenberg basic,935,1,1,10,1e-12,3.07552,0,1.19371e-11,1.79475e-12
Hessenberg basic,936,1,0,10,1e-12,0.713289,0,1.20508e-11,1.75351e-12
Hessenberg basic,936,1,1,10,1e-12,2.27032,0,1.20508e-11,1.86063e-12
Hessenberg basic,937,1,0,10,1e-12,1.43029,0,1.28466e-11,1.70327e-12
Hessenberg basic,937,1,1,10,1e-12,2.41047,0,1.20508e-11,1.83375e-12
Hessenberg basic,938,1,0,10,1e-12,0.738326,0,1.11413e-11,1.78806e-12
Hessenberg basic,938,1,1,10,1e-12,2.5446,0,1.46656e-11,1.80124e-12
Hessenberg basic,939,1,0,10,1e-12,0.837675,0,1.21645e-11,1.67119e-12
Hessenberg basic,939,1,1,10,1e-12,2.13478,0,1.33014e-11,1.82221e-12
Hessenberg basic,940,1,0,10,1e-12,1.04517,0,1.65983e-11,1.7353e-12
Hessenberg basic,940,1,1,10,1e-12,2.40806,0,1.29603e-11,1.85509e-12
Hessenberg basic,941,1,0,10,1e-12,0.81022,0,1.42109e-11,1.72102e-12
Hessenberg basic,941,1,1,10,1e-12,2.1089,0,1.19371e-11,1.86821e-12
Hessenberg basic,942,1,0,10,1e-12,1.23184,0,9.43601e-12,1.65683e-12
Hessenberg basic,942,1,1,10,1e-12,2.46732,0,1.61435e-11,1.8516e-12
Hessenberg basic,943,1,0,10,1e-12,0.862198,0,1.04592e-11,1.64307e-12
Hessenberg basic,943,1,1,10,1e-12,2.07401,0,1.13687e-11,1.87377e-12
Hessenberg basic,944,1,0,10,1e-12,0.82314,0,9.20863e-12,1.68722e-12
Hessenberg basic,944,1,1,10,1e-12,2.37064,0,1.46656e-11,1.84977e-12
Hessenberg basic,945,1,0,10,1e-12,0.752819,0,1.09139e-11,1.70354e-12
Hessenberg basic,945,1,1,10,1e-12,2.82654,0,1.3074e-11,1.75704e-12
Hessenberg basic,946,1,0,10,1e-12,0.813177,0,1.33014e-11,1.71897e-12
Hessenberg basic,946,1,1,10,1e-12,2.19004,0,1.11413e-11,1.95005e-12
Hessenberg basic,947,1,0,10,1e-12,1.00107,0,1.14824e-11,1.73928e-12
Hessenberg basic,947,1,1,10,1e-12,2.53257,0,1.17097e-11,1.99366e-12
Hessenberg basic,948,1,0,10,1e-12,0.776308,0,1.55751e-11,1.76329e-12
Hessenberg basic,948,1,1,10,1e-12,2.88499,0,1.27329e-11,1.99002e-12
Hessenberg basic,949,1,0,10,1e-12,0.828556,0,1.15961e-11,1.83605e-12
Hessenberg basic,949,1,1,10,1e-12,2.29994,0,1.03455e-11,1.8828e-12
Hessenberg basic,950,1,0,10,1e-12,1.06334,0,9.77707e-12,1.72158e-12
Hessenberg basic,950,1,1,10,1e-12,2.59098,0,9.32232e-12,1.7539e-12
Hessenberg basic,951,1,0,10,1e-12,0.82056,0,1.14824e-11,1.7108e-12
Hessenberg basic,951,1,1,10,1e-12,2.29397,0,1.13687e-11,1.90735e-12
Hessenberg basic,952,1,0,10,1e-12,1.11211,0,1.50067e-11,1.77293e-12
Hessenberg basic,952,1,1,10,1e-12,2.68801,0,1.33014e-11,1.91584e-12
Hessenberg basic,953,1,0,10,1e-12,0.877105,0,1.01181e-11,1.72474e-12
Hessenberg basic,953,1,1,10,1e-12,2.18993,0,1.8872e-11,1.89139e-12
Hessenberg basic,954,1,0,10,1e-12,0.832517,0,1.08002e-11,1.82136e-12
Hessenberg basic,954,1,1,10,1e-12,2.52028,0,1.22782e-11,1.89325e-12
Hessenberg basic,955,1,0,10,1e-12,0.753913,0,1.21645e-11,1.7092e-12
Hessenberg basic,955,1,1,10,1e-12,2.72017,0,1.28466e-11,1.88931e-12
Hessenberg basic,956,1,0,10,1e-12,0.885034,0,1.23919e-11,1.74157e-12
Hessenberg basic,956,1,1,10,1e-12,2.39661,0,1.02318e-11,1.8778e-12
Hessenberg basic,957,1,0,10,1e-12,0.899038,0,9.89075e-12,1.78613e-12
Hessenberg basic,957,1,1,10,1e-12,2.16072,0,1.11413e-11,1.94618e-12
Hessenberg basic,958,1,0,10,1e-12,0.900569,0,1.76215e-11,1.75518e-12
Hessenberg basic,958,1,1,10,1e-12,2.59995,0,1.47793e-11,1.76118e-12
Hessenberg basic,959,1,0,10,1e-12,0.816997,0,1.26192e-11,1.74402e-12
Hessenberg basic,959,1,1,10,1e-12,2.63756,0,1.60298e-11,1.85294e-12
Hessenberg basic,960,1,0,10,1e-12,0.698041,0,1.37561e-11,1.81102e-12
Hessenberg basic,960,1,1,10,1e-12,2.04329,0,1.51203e-11,1.88387e-12
Hessenberg basic,961,1,0,10,1e-12,1.03073,0,1.06866e-11,1.80537e-12
Hessenberg basic,961,1,1,10,1e-12,2.19194,0,1.35287e-11,2.04815e-12
Hessenberg basic,962,1,0,10,1e-12,0.749865,0,9.54969e-12,1.7693e-12
Hessenberg basic,962,1,1,10,1e-12,2.06596,0,1.21645e-11,1.86916e-12
Hessenberg basic,963,1,0,10,1e-12,0.781025,0,1.22782e-11,1.73112e-12
Hessenberg basic,963,1,1,10,1e-12,2.49053,0,1.25056e-11,1.80493e-12
Hessenberg basic,964,1,0,10,1e-12,0.766452,0,1.25056e-11,1.88166e-12
Hessenberg basic,964,1,1,10,1e-12,2.05279,0,1.25056e-11,1.89703e-12
Hessenberg basic,965,1,0,10,1e-12,0.773813,0,1.6712e-11,1.82124e-12
Hessenberg basic,965,1,1,10,1e-12,2.26888,0,1.47793e-11,1.89163e-12
Hessenberg basic,966,1,0,10,1e-12,0.730038,0,1.46656e-11,1.86295e-12
Hessenberg basic,966,1,1,10,1e-12,2.37916,0,1.53477e-11,1.93872e-12
Hessenberg basic,967,1,0,10,1e-12,0.790723,0,1.53477e-11,1.79473e-12
Hessenberg basic,967,1,1,10,1e-12,2.20794,0,1.19371e-11,1.80785e-12
Hessenberg basic,968,1,0,10,1e-12,0.756197,0,1.01181e-11,1.71531e-12
Hessenberg basic,968,1,1,10,1e-12,2.02336,0,1.8872e-11,2.00713e-12
Hessenberg basic,969,1,0,10,1e-12,0.778711,0,1.1255e-11,1.77041e-12
Hessenberg basic,969,1,1,10,1e-12,2.29029,0,1.31877e-11,1.81006e-12
Hessenberg basic,970,1,0,10,1e-12,0.73985,0,2.11458e-11,1.87384e-12
Hessenberg basic,970,1,1,10,1e-12,2.67895,0,1.35287e-11,1.9549e-12
Hessenberg basic,971,1,0,10,1e-12,0.747787,0,1.46656e-11,1.81528e-12
Hessenberg basic,971,1,1,10,1e-12,2.13821,0,1.61435e-11,1.8899e-12
Hessenberg basic,972,1,0,10,1e-12,1.04496,0,1.06866e-11,1.71072e-12
Hessenberg basic,972,1,1,10,1e-12,2.25982,0,1.4893e-11,1.9348e-12
Hessenberg basic,973,1,0,10,1e-12,0.787537,0,1.20508e-11,1.82755e-12
Hessenberg basic,973,1,1,10,1e-12,2.1273,0,1.47793e-11,1.90558e-12
Hessenberg basic,974,1,0,10,1e-12,0.753162,0,1.04592e-11,1.75734e-12
Hessenberg basic,974,1,1,10,1e-12,2.70783,0,1.47793e-11,1.90577e-12
Hessenberg basic,975,1,0,10,1e-12,0.770285,0,1.37561e-11,1.79816e-12
Hessenberg basic,975,1,1,10,1e-12,2.13338,0,1.22782e-11,1.92721e-12
Hessenberg basic,976,1,0,10,1e-12,1.0785,0,1.53477e-11,1.89192e-12
Hessenberg basic,976,1,1,10,1e-12,2.33269,0,1.39835e-11,1.96448e-12
Hessenberg basic,977,1,0,10,1e-12,0.766713,0,1.11413e-11,1.7564e-12
Hessenberg basic,977,1,1,10,1e-12,2.16039,0,1.10276e-11,1.91152e-12
Hessenberg basic,978,1,0,10,1e-12,1.0367,0,1.15961e-11,1.83758e-12
Hessenberg basic,978,1,1,10,1e-12,2.47806,0,1.37561e-11,1.89716e-12
Hessenberg basic,979,1,0,10,1e-12,0.811479,0,1.6712e-11,1.83728e-12
Hessenberg basic,979,1,1,10,1e-12,2.14418,0,1.43245e-11,2.02062e-12
Hessenberg basic,980,1,0,10,1e-12,0.904099,0,1.22782e-11,1.71257e-12
Hessenberg basic,980,1,1,10,1e-12,2.43116,0,1.14824e-11,1.7271e-12
Hessenberg basic,981,1,0,10,1e-12,0.779049,0,1.00044e-11,1.77301e-12
Hessenberg basic,981,1,1,10,1e-12,2.36935,0,1.05729e-11,1.93612e-12
Hessenberg basic,982,1,0,10,1e-12,1.02297,0,1.14824e-11,1.72773e-12
Hessenberg basic,982,1,1,10,1e-12,2.49454,0,1.14824e-11,1.98613e-12
Hessenberg basic,983,1,0,10,1e-12,0.837535,0,1.26192e-11,1.82359e-12
Hessenberg basic,983,1,1,10,1e-12,2.19549,0,1.60298e-11,1.80228e-12
Hessenberg basic,984,1,0,10,1e-12,0.88712,0,1.60298e-11,1.81539e-12
Hessenberg basic,984,1,1,10,1e-12,2.48185,0,1.03455e-11,1.92993e-12
Hessenberg basic,985,1,0,10,1e-12,0.793944,0,1.25056e-11,1.70226e-12
Hessenberg basic,985,1,1,10,1e-12,2.38858,0,1.23919e-11,1.93692e-12
Hessenberg basic,986,1,0,10,1e-12,1.05925,0,1.50067e-11,1.94693e-12
Hessenberg basic,986,1,1,10,1e-12,2.52295,0,1.18234e-11,1.85605e-12
Hessenberg basic,987,1,0,10,1e-12,0.844924,0,1.26192e-11,1.90477e-12
Hessenberg basic,987,1,1,10,1e-12,2.22914,0,1.20508e-11,2.0544e-12
Hessenberg basic,988,1,0,10,1e-12,0.971738,0,1.09139e-11,1.76109e-12
Hessenberg basic,988,1,1,10,1e-12,2.52086,0,1.40972e-11,2.01484e-12
Hessenberg basic,989,1,0,10,1e-12,0.80823,0,1.15961e-11,1.91805e-12
Hessenberg basic,989,1,1,10,1e-12,2.41458,0,1.38698e-11,1.99006e-12
Hessenberg basic,990,1,0,10,1e-12,1.08373,0,1.17097e-11,1.88362e-12
Hessenberg basic,990,1,1,10,1e-12,2.56822,0,1.39835e-11,2.04742e-12
Hessenberg basic,991,1,0,10,1e-12,0.862926,0,1.06866e-11,1.70923e-12
Hessenberg basic,991,1,1,10,1e-12,2.23739,0,1.18234e-11,1.82279e-12
Hessenberg basic,992,1,0,10,1e-12,0.962603,0,1.19371e-11,1.90008e-12
Hessenberg basic,992,1,1,10,1e-12,2.55044,0,1.42109e-11,1.84575e-12
Hessenberg basic,993,1,0,10,1e-12,0.84047,0,1.43245e-11,1.74511e-12
Hessenberg basic,993,1,1,10,1e-12,2.38204,0,1.72804e-11,1.99804e-12
Hessenberg basic,994,1,0,10,1e-12,1.10547,0,1.5234e-11,1.89258e-12
Hessenberg basic,994,1,1,10,1e-12,2.63247,0,1.26192e-11,1.87384e-12
Hessenberg basic,995,1,0,10,1e-12,0.850463,0,1.40972e-11,1.69251e-12
Hessenberg basic,995,1,1,10,1e-12,2.28573,0,1.21645e-11,1.95266e-12
Hessenberg basic,996,1,0,10,1e-12,1.15319,0,1.10276e-11,1.70178e-12
Hessenberg basic,996,1,1,10,1e-12,2.57289,0,1.40972e-11,1.8832e-12
Hessenberg basic,997,1,0,10,1e-12,0.843077,0,1.1255e-11,1.73769e-12
Hessenberg basic,997,1,1,10,1e-12,2.32289,0,1.53477e-11,1.78326e-12
Hessenberg basic,998,1,0,10,1e-12,0.858563,0,9.26548e-12,1.67634e-12
Hessenberg basic,998,1,1,10,1e-12,2.95157,0,1.78488e-11,1.85686e-12
Hessenberg basic,999,1,0,10,1e-12,0.853887,0,1.28466e-11,1.90407e-12
Hessenberg basic,999,1,1,10,1e-12,2.30443,0,1.15961e-11,1.92924e-12
Hessenberg basic,1000,1,0,10,1e-12,1.34269,0,1.6712e-11,1.83129e-12
Hessenberg basic,1000,1,1,10,1e-12,2.57177,0,1.76215e-11,1.9293e-12
