version, size, hermitian, complex, seed, tol, runtime in s,min_error, max_error, avg_error
Hessenberg basic,900,1,0,7,1e-12,0.845332,0,1.21645e-11,1.76917e-12
Hessenberg basic,900,1,1,7,1e-12,3.30556,0,1.1255e-11,1.87015e-12
Hessenberg basic,901,1,0,7,1e-12,1.51973,0,1.17097e-11,1.72872e-12
Hessenberg basic,901,1,1,7,1e-12,3.7729,0,1.06866e-11,1.88416e-12
Hessenberg basic,902,1,0,7,1e-12,1.82299,0,1.13687e-11,1.7083e-12
Hessenberg basic,902,1,1,7,1e-12,3.65293,0,1.19371e-11,1.96546e-12
Hessenberg basic,903,1,0,7,1e-12,1.69953,0,9.32232e-12,1.71574e-12
Hessenberg basic,903,1,1,7,1e-12,3.6339,0,1.11413e-11,1.96749e-12
Hessenberg basic,904,1,0,7,1e-12,1.75571,0,1.21645e-11,1.69272e-12
Hessenberg basic,904,1,1,7,1e-12,3.63768,0,1.36424e-11,1.85755e-12
Hessenberg basic,905,1,0,7,1e-12,1.72476,0,1.38698e-11,1.672e-12
Hessenberg basic,905,1,1,7,1e-12,3.57691,0,1.92131e-11,2.16209e-12
Hessenberg basic,906,1,0,7,1e-12,1.66288,0,1.47793e-11,1.76933e-12
Hessenberg basic,906,1,1,7,1e-12,3.44829,0,1.38698e-11,1.97256e-12
Hessenberg basic,907,1,0,7,1e-12,1.64567,0,1.40972e-11,1.8402e-12
Hessenberg basic,907,1,1,7,1e-12,3.23594,0,1.6712e-11,1.9134e-12
Hessenberg basic,908,1,0,7,1e-12,1.60653,0,1.64846e-11,1.82244e-12
Hessenberg basic,908,1,1,7,1e-12,3.30637,0,1.45519e-11,2.0808e-12
Hessenberg basic,909,1,0,7,1e-12,1.47585,0,1.39835e-11,1.91499e-12
Hessenberg basic,909,1,1,7,1e-12,3.28903,0,1.84173e-11,1.90832e-12
Hessenberg basic,910,1,0,7,1e-12,1.44119,0,1.21645e-11,1.7882e-12
Hessenberg basic,910,1,1,7,1e-12,3.3498,0,1.29603e-11,1.97214e-12
Hessenberg basic,911,1,0,7,1e-12,1.54709,0,1.60298e-11,1.74263e-12
Hessenberg basic,911,1,1,7,1e-12,3.41392,0,1.33014e-11,1.87277e-12
Hessenberg basic,912,1,0,7,1e-12,1.49313,0,1.55751e-11,1.89341e-12
Hessenberg basic,912,1,1,7,1e-12,3.39219,0,1.43245e-11,1.9991e-12
Hessenberg basic,913,1,0,7,1e-12,1.39606,0,1.31877e-11,1.80905e-12
Hessenberg basic,913,1,1,7,1e-12,3.41111,0,1.21645e-11,1.85184e-12
Hessenberg basic,914,1,0,7,1e-12,1.32394,0,1.20508e-11,1.88875e-12
Hessenberg basic,914,1,1,7,1e-12,3.31516,0,1.15961e-11,1.84079e-12
Hessenberg basic,915,1,0,7,1e-12,1.42668,0,1.31877e-11,1.93788e-12
Hessenberg basic,915,1,1,7,1e-12,3.26623,0,1.7053e-11,1.9989e-12
Hessenberg basic,916,1,0,7,1e-12,1.415,0,1.29603e-11,1.69395e-12
Hessenberg basic,916,1,1,7,1e-12,3.42046,0,1.55751e-11,1.92913e-12
Hessenberg basic,917,1,0,7,1e-12,1.40329,0,1.29603e-11,1.94676e-12
Hessenberg basic,917,1,1,7,1e-12,3.39558,0,1.27329e-11,2.12868e-12
Hessenberg basic,918,1,0,7,1e-12,1.34743,0,1.54614e-11,1.78578e-12
Hessenberg basic,918,1,1,7,1e-12,3.40562,0,1.15961e-11,2.0108e-12
Hessenberg basic,919,1,0,7,1e-12,1.45167,0,1.28466e-11,1.78719e-12
Hessenberg basic,919,1,1,7,1e-12,3.48048,0,1.33014e-11,2.00833e-12
Hessenberg basic,920,1,0,7,1e-12,1.68135,0,1.27329e-11,1.85077e-12
Hessenberg basic,920,1,1,7,1e-12,3.55203,0,1.75078e-11,2.05603e-12
Hessenberg basic,921,1,0,7,1e-12,1.2442,0,1.40972e-11,1.82869e-12
Hessenberg basic,921,1,1,7,1e-12,3.34644,0,1.17097e-11,1.99805e-12
Hessenberg basic,922,1,0,7,1e-12,1.39248,0,1.21645e-11,1.91346e-12
Hessenberg basic,922,1,1,7,1e-12,3.58711,0,1.63709e-11,2.04957e-12
Hessenberg basic,923,1,0,7,1e-12,1.59181,0,1.56888e-11,1.87647e-12
Hessenberg basic,923,1,1,7,1e-12,3.97665,0,1.75078e-11,2.00935e-12
Hessenberg basic,924,1,0,7,1e-12,1.8602,0,1.45519e-11,1.85848e-12
Hessenberg basic,924,1,1,7,1e-12,3.94841,0,1.08002e-11,1.81993e-12
Hessenberg basic,925,1,0,7,1e-12,1.66399,0,1.33014e-11,1.95329e-12
Hessenberg basic,925,1,1,7,1e-12,3.59362,0,1.38698e-11,1.96101e-12
Hessenberg basic,926,1,0,7,1e-12,1.35841,0,1.76215e-11,1.77113e-12
Hessenberg basic,926,1,1,7,1e-12,3.54186,0,1.42109e-11,1.89808e-12
Hessenberg basic,927,1,0,7,1e-12,1.4161,0,1.22782e-11,1.93602e-12
Hessenberg basic,927,1,1,7,1e-12,3.41317,0,1.62572e-11,1.97186e-12
Hessenberg basic,928,1,0,7,1e-12,1.50434,0,1.09139e-11,1.79115e-12
Hessenberg basic,928,1,1,7,1e-12,3.37939,0,1.1255e-11,1.94418e-12
Hessenberg basic,929,1,0,7,1e-12,1.16295,0,1.31877e-11,1.92485e-12
Hessenberg basic,929,1,1,7,1e-12,3.86914,0,1.76215e-11,1.87941e-12
Hessenberg basic,930,1,0,7,1e-12,1.54165,0,1.59162e-11,1.86423e-12
Hessenberg basic,930,1,1,7,1e-12,3.81036,0,2.41016e-11,2.0847e-12
Hessenberg basic,931,1,0,7,1e-12,1.74344,0,1.72804e-11,1.74615e-12
Hessenberg basic,931,1,1,7,1e-12,3.60093,0,1.22782e-11,1.89106e-12
Hessenberg basic,932,1,0,7,1e-12,1.53956,0,1.09139e-11,1.7928e-12
Hessenberg basic,932,1,1,7,1e-12,3.66311,0,1.31877e-11,1.84386e-12
Hessenberg basic,933,1,0,7,1e-12,1.54804,0,1.33014e-11,1.85052e-12
Hessenberg basic,933,1,1,7,1e-12,3.35692,0,1.69393e-11,2.00107e-12
Hessenberg basic,934,1,0,7,1e-12,1.26962,0,1.60298e-11,1.85126e-12
Hessenberg basic,934,1,1,7,1e-12,3.918,0,1.58025e-11,1.91582e-12
Hessenberg basic,935,1,0,7,1e-12,1.68568,0,1.44382e-11,1.80082e-12
Hessenberg basic,935,1,1,7,1e-12,4.09415,0,1.29603e-11,1.8618e-12
Hessenberg basic,936,1,0,7,1e-12,1.82322,0,1.31877e-11,1.84537e-12
Hessenberg basic,936,1,1,7,1e-12,3.84567,0,1.35287e-11,2.0174e-12
Hessenberg basic,937,1,0,7,1e-12,1.45824,0,1.38698e-11,1.76661e-12
Hessenberg basic,937,1,1,7,1e-12,3.6418,0,1.8531e-11,1.77428e-12
Hessenberg basic,938,1,0,7,1e-12,1.47656,0,1.22782e-11,1.72984e-12
Hessenberg basic,938,1,1,7,1e-12,3.53395,0,1.20508e-11,1.88493e-12
Hessenberg basic,939,1,0,7,1e-12,1.53133,0,1.03455e-11,1.83663e-12
Hessenberg basic,939,1,1,7,1e-12,3.90224,0,1.43245e-11,1.8529e-12
Hessenberg basic,940,1,0,7,1e-12,1.55192,0,1.22782e-11,1.65329e-12
Hessenberg basic,940,1,1,7,1e-12,3.6553,0,1.39835e-11,1.90937e-12
Hessenberg basic,941,1,0,7,1e-12,1.77436,0,1.31877e-11,1.71459e-12
Hessenberg basic,941,1,1,7,1e-12,3.42654,0,1.20508e-11,1.94571e-12
Hessenberg basic,942,1,0,7,1e-12,1.39965,0,1.13687e-11,1.72372e-12
Hessenberg basic,942,1,1,7,1e-12,4.19636,0,1.13687e-11,1.99797e-12
Hessenberg basic,943,1,0,7,1e-12,1.9462,0,1.05729e-11,1.74054e-12
Hessenberg basic,943,1,1,7,1e-12,3.97904,0,1.15961e-11,1.90528e-12
Hessenberg basic,944,1,0,7,1e-12,1.53741,0,1.33014e-11,1.79108e-12
Hessenberg basic,944,1,1,7,1e-12,3.82337,0,1.33014e-11,1.91792e-12
Hessenberg basic,945,1,0,7,1e-12,1.63463,0,1.05729e-11,1.66609e-12
Hessenberg basic,945,1,1,7,1e-12,3.69586,0,1.10276e-11,1.69319e-12
Hessenberg basic,946,1,0,7,1e-12,1.62687,0,1.53477e-11,1.77642e-12
Hessenberg basic,946,1,1,7,1e-12,4.18554,0,1.10276e-11,1.73552e-12
Hessenberg basic,947,1,0,7,1e-12,1.68214,0,1.26192e-11,1.81809e-12
Hessenberg basic,947,1,1,7,1e-12,3.54448,0,1.73941e-11,2.03294e-12
Hessenberg basic,948,1,0,7,1e-12,1.85678,0,1.39835e-11,1.6574e-12
Hessenberg basic,948,1,1,7,1e-12,3.52415,0,1.11413e-11,1.87287e-12
Hessenberg basic,949,1,0,7,1e-12,1.46323,0,9.32232e-12,1.71651e-12
Hessenberg basic,949,1,1,7,1e-12,4.2335,0,1.00044e-11,1.85317e-12
Hessenberg basic,950,1,0,7,1e-12,2.07498,0,1.51203e-11,1.70253e-12
Hessenberg basic,950,1,1,7,1e-12,3.93975,0,1.21645e-11,1.88722e-12
Hessenberg basic,951,1,0,7,1e-12,1.54829,0,1.59162e-11,1.76034e-12
Hessenberg basic,951,1,1,7,1e-12,3.54917,0,1.20508e-11,1.82257e-12
Hessenberg basic,952,1,0,7,1e-12,1.3366,0,1.23919e-11,1.65121e-12
Hessenberg basic,952,1,1,7,1e-12,4.2277,0,1.40972e-11,1.8712e-12
Hessenberg basic,953,1,0,7,1e-12,2.03864,0,9.89075e-12,1.69635e-12
Hessenberg basic,953,1,1,7,1e-12,3.90625,0,1.28466e-11,1.79653e-12
Hessenberg basic,954,1,0,7,1e-12,1.83912,0,1.03455e-11,1.70396e-12
Hessenberg basic,954,1,1,7,1e-12,3.65637,0,1.23919e-11,1.71381e-12
Hessenberg basic,955,1,0,7,1e-12,1.59847,0,1.19371e-11,1.7751e-12
Hessenberg basic,955,1,1,7,1e-12,4.39573,0,1.03455e-11,1.9104e-12
Hessenberg basic,956,1,0,7,1e-12,1.99394,0,1.5234e-11,1.75155e-12
Hessenberg basic,956,1,1,7,1e-12,3.72809,0,1.17097e-11,1.77263e-12
Hessenberg basic,957,1,0,7,1e-12,1.66857,0,1.3415e-11,1.68576e-12
Hessenberg basic,957,1,1,7,1e-12,3.67912,0,1.1255e-11,1.8707e-12
Hessenberg basic,958,1,0,7,1e-12,1.64702,0,1.1255e-11,1.73061e-12
Hessenberg basic,958,1,1,7,1e-12,4.55533,0,1.45519e-11,1.99083e-12
Hessenberg basic,959,1,0,7,1e-12,1.73051,0,1.08002e-11,1.67727e-12
Hessenberg basic,959,1,1,7,1e-12,4.19447,0,1.14824e-11,1.83877e-12
Hessenberg basic,960,1,0,7,1e-12,1.88823,0,1.10276e-11,1.70737e-12
Hessenberg basic,960,1,1,7,1e-12,3.99539,0,1.22782e-11,1.71314e-12
Hessenberg basic,961,1,0,7,1e-12,1.64052,0,1.29603e-11,1.68066e-12
Hessenberg basic,961,1,1,7,1e-12,4.69808,0,1.36424e-11,1.85396e-12
Hessenberg basic,962,1,0,7,1e-12,1.73432,0,1.01181e-11,1.66737e-12
Hessenberg basic,962,1,1,7,1e-12,4.26111,0,1.00044e-11,1.76356e-12
Hessenberg basic,963,1,0,7,1e-12,1.81182,0,1.33014e-11,1.681e-12
Hessenberg basic,963,1,1,7,1e-12,4.37106,0,9.32232e-12,1.76652e-12
Hessenberg basic,964,1,0,7,1e-12,1.75404,0,1.47793e-11,1.74611e-12
Hessenberg basic,964,1,1,7,1e-12,3.56419,0,1.27329e-11,1.82748e-12
Hessenberg basic,965,1,0,7,1e-12,1.29479,0,1.69393e-11,1.71648e-12
Hessenberg basic,965,1,1,7,1e-12,2.80052,0,1.22782e-11,1.71838e-12
Hessenberg basic,966,1,0,7,1e-12,1.13675,0,1.19371e-11,1.66392e-12
Hessenberg basic,966,1,1,7,1e-12,3.19806,0,1.43245e-11,1.75426e-12
Hessenberg basic,967,1,0,7,1e-12,1.44179,0,1.05729e-11,1.6711e-12
Hessenberg basic,967,1,1,7,1e-12,3.65446,0,1.06866e-11,1.75713e-12
Hessenberg basic,968,1,0,7,1e-12,1.13296,0,1.44382e-11,1.77422e-12
Hessenberg basic,968,1,1,7,1e-12,3.03187,0,1.15961e-11,1.77731e-12
Hessenberg basic,969,1,0,7,1e-12,1.30538,0,1.09139e-11,1.70927e-12
Hessenberg basic,969,1,1,7,1e-12,3.09609,0,1.21645e-11,1.93191e-12
Hessenberg basic,970,1,0,7,1e-12,1.53994,0,1.23919e-11,1.78996e-12
Hessenberg basic,970,1,1,7,1e-12,4.02222,0,1.15961e-11,1.74752e-12
Hessenberg basic,971,1,0,7,1e-12,1.29033,0,1.18234e-11,1.86591e-12
Hessenberg basic,971,1,1,7,1e-12,2.56014,0,1.1255e-11,1.76183e-12
Hessenberg basic,972,1,0,7,1e-12,1.392,0,1.19371e-11,1.7955e-12
Hessenberg basic,972,1,1,7,1e-12,3.51252,0,1.71667e-11,1.94434e-12
Hessenberg basic,973,1,0,7,1e-12,1.19175,0,1.02318e-11,1.72974e-12
Hessenberg basic,973,1,1,7,1e-12,3.99235,0,1.28466e-11,1.79311e-12
Hessenberg basic,974,1,0,7,1e-12,1.26746,0,1.36424e-11,1.68108e-12
Hessenberg basic,974,1,1,7,1e-12,3.19323,0,1.35287e-11,1.84302e-12
Hessenberg basic,975,1,0,7,1e-12,2.16281,0,1.51203e-11,1.61572e-12
Hessenberg basic,975,1,1,7,1e-12,3.1947,0,1.37561e-11,1.95259e-12
Hessenberg basic,976,1,0,7,1e-12,1.17325,0,1.28466e-11,1.8094e-12
Hessenberg basic,976,1,1,7,1e-12,3.01841,0,1.38698e-11,2.00493e-12
Hessenberg basic,977,1,0,7,1e-12,1.71964,0,1.83036e-11,1.69628e-12
Hessenberg basic,977,1,1,7,1e-12,3.92676,0,1.39835e-11,1.88129e-12
Hessenberg basic,978,1,0,7,1e-12,1.72261,0,1.4893e-11,1.86198e-12
Hessenberg basic,978,1,1,7,1e-12,3.1999,0,1.21645e-11,1.84273e-12
Hessenberg basic,979,1,0,7,1e-12,1.07735,0,1.53477e-11,1.81508e-12
Hessenberg basic,979,1,1,7,1e-12,3.78874,0,1.47793e-11,1.93629e-12
Hessenberg basic,980,1,0,7,1e-12,1.97691,0,1.11413e-11,1.6504e-12
Hessenberg basic,980,1,1,7,1e-12,3.74422,0,1.36424e-11,1.9919e-12
Hessenberg basic,981,1,0,7,1e-12,1.42397,0,1.56888e-11,1.73656e-12
Hessenberg basic,981,1,1,7,1e-12,3.74093,0,1.38698e-11,1.84544e-12
Hessenberg basic,982,1,0,7,1e-12,1.10859,0,1.29603e-11,1.78924e-12
Hessenberg basic,982,1,1,7,1e-12,3.16113,0,1.19371e-11,1.7556e-12
Hessenberg basic,983,1,0,7,1e-12,1.41357,0,1.3415e-11,1.89859e-12
Hessenberg basic,983,1,1,7,1e-12,4.42678,0,1.25056e-11,1.98748e-12
Hessenberg basic,984,1,0,7,1e-12,1.20743,0,1.5234e-11,1.7847e-12
Hessenberg basic,984,1,1,7,1e-12,2.92617,0,1.55751e-11,1.8416e-12
Hessenberg basic,985,1,0,7,1e-12,1.37285,0,1.14824e-11,1.86438e-12
Hessenberg basic,985,1,1,7,1e-12,3.92154,0,1.61435e-11,1.87073e-12
Hessenberg basic,986,1,0,7,1e-12,1.18641,0,1.38698e-11,1.84659e-12
Hessenberg basic,986,1,1,7,1e-12,4.36225,0,1.18234e-11,1.84468e-12
Hessenberg basic,987,1,0,7,1e-12,1.05929,0,1.44382e-11,1.78196e-12
Hessenberg basic,987,1,1,7,1e-12,3.77429,0,1.18234e-11,1.81436e-12
Hessenberg basic,988,1,0,7,1e-12,2.22694,0,1.1255e-11,1.73037e-12
Hessenberg basic,988,1,1,7,1e-12,3.65588,0,1.46656e-11,2.05702e-12
Hessenberg basic,989,1,0,7,1e-12,1.22038,0,1.10276e-11,1.84877e-12
Hessenberg basic,989,1,1,7,1e-12,3.8811,0,1.50067e-11,1.9867e-12
Hessenberg basic,990,1,0,7,1e-12,1.22453,0,1.55751e-11,1.77392e-12
Hessenberg basic,990,1,1,7,1e-12,4.5504,0,1.29603e-11,1.88472e-12
Hessenberg basic,991,1,0,7,1e-12,1.44752,0,1.6712e-11,1.7638e-12
Hessenberg basic,991,1,1,7,1e-12,2.97785,0,1.3415e-11,1.95113e-12
Hessenberg basic,992,1,0,7,1e-12,2.6962,0,1.37561e-11,1.83846e-12
Hessenberg basic,992,1,1,7,1e-12,3.86723,0,2.33058e-11,1.80782e-12
Hessenberg basic,993,1,0,7,1e-12,1.15422,0,1.14824e-11,1.84873e-12
Hessenberg basic,993,1,1,7,1e-12,4.36294,0,1.46656e-11,2.02526e-12
Hessenberg basic,994,1,0,7,1e-12,1.43178,0,1.1255e-11,1.71437e-12
Hessenberg basic,994,1,1,7,1e-12,3.54921,0,1.4893e-11,2.00901e-12
Hessenberg basic,995,1,0,7,1e-12,1.20501,0,1.38698e-11,1.88865e-12
Hessenberg basic,995,1,1,7,1e-12,2.90152,0,1.4893e-11,2.0913e-12
Hessenberg basic,996,1,0,7,1e-12,1.62843,0,1.20508e-11,1.86278e-12
Hessenberg basic,996,1,1,7,1e-12,3.65526,0,1.11413e-11,1.89467e-12
Hessenberg basic,997,1,0,7,1e-12,1.43274,0,1.47793e-11,1.76491e-12
Hessenberg basic,997,1,1,7,1e-12,4.5835,0,1.20508e-11,1.77162e-12
Hessenberg basic,998,1,0,7,1e-12,1.1093,0,1.27329e-11,1.83447e-12
Hessenberg basic,998,1,1,7,1e-12,3.84775,0,1.71667e-11,1.90087e-12
Hessenberg basic,999,1,0,7,1e-12,1.99294,0,1.23919e-11,1.77915e-12
Hessenberg basic,999,1,1,7,1e-12,3.61311,0,1.6712e-11,2.06449e-12
Hessenberg basic,1000,1,0,7,1e-12,1.29454,0,1.38698e-11,1.92537e-12
Hessenberg basic,1000,1,1,7,1e-12,3.46635,0,1.37561e-11,1.96377e-12
