version, size, hermitian, complex, seed, tol, runtime in s,min_error, max_error, avg_error
Hessenberg basic,900,1,0,9,1e-12,1.22548,0,1.09139e-11,1.69789e-12
Hessenberg basic,900,1,1,9,1e-12,3.37898,0,1.35287e-11,1.83689e-12
Hessenberg basic,901,1,0,9,1e-12,1.32498,0,1.08002e-11,1.73395e-12
Hessenberg basic,901,1,1,9,1e-12,3.16325,0,1.15961e-11,1.84299e-12
Hessenberg basic,902,1,0,9,1e-12,0.735835,0,1.21645e-11,1.79133e-12
Hessenberg basic,902,1,1,9,1e-12,2.84729,0,1.46656e-11,1.74008e-12
Hessenberg basic,903,1,0,9,1e-12,0.739372,0,1.28466e-11,1.70364e-12
Hessenberg basic,903,1,1,9,1e-12,2.54647,0,1.58025e-11,1.9349e-12
Hessenberg basic,904,1,0,9,1e-12,0.827497,0,1.26192e-11,1.49732e-12
Hessenberg basic,904,1,1,9,1e-12,2.28276,0,1.90994e-11,1.83525e-12
Hessenberg basic,905,1,0,9,1e-12,0.779523,0,1.51203e-11,1.93489e-12
Hessenberg basic,905,1,1,9,1e-12,2.32258,0,1.43245e-11,1.88584e-12
Hessenberg basic,906,1,0,9,1e-12,0.816814,0,1.09139e-11,1.79258e-12
Hessenberg basic,906,1,1,9,1e-12,2.7761,0,1.1255e-11,1.88387e-12
Hessenberg basic,907,1,0,9,1e-12,0.835792,0,1.28466e-11,1.8431e-12
Hessenberg basic,907,1,1,9,1e-12,2.41495,0,1.36424e-11,2.01654e-12
Hessenberg basic,908,1,0,9,1e-12,1.51177,0,1.77351e-11,1.83446e-12
Hessenberg basic,908,1,1,9,1e-12,2.21183,0,1.18234e-11,1.82624e-12
Hessenberg basic,909,1,0,9,1e-12,1.58547,0,1.08002e-11,1.72476e-12
Hessenberg basic,909,1,1,9,1e-12,2.09366,0,1.17097e-11,1.82484e-12
Hessenberg basic,910,1,0,9,1e-12,1.43665,0,1.31877e-11,1.61855e-12
Hessenberg basic,910,1,1,9,1e-12,2.17146,0,1.06866e-11,1.76768e-12
Hessenberg basic,911,1,0,9,1e-12,1.475,0,1.3074e-11,1.7296e-12
Hessenberg basic,911,1,1,9,1e-12,2.23605,0,1.21645e-11,1.93068e-12
Hessenberg basic,912,1,0,9,1e-12,1.33432,0,1.39835e-11,1.8358e-12
Hessenberg basic,912,1,1,9,1e-12,2.37485,0,1.36424e-11,1.92364e-12
Hessenberg basic,913,1,0,9,1e-12,0.74965,0,1.80762e-11,1.841e-12
Hessenberg basic,913,1,1,9,1e-12,3.07478,0,1.5234e-11,2.02573e-12
Hessenberg basic,914,1,0,9,1e-12,1.03861,0,1.09139e-11,1.65367e-12
Hessenberg basic,914,1,1,9,1e-12,3.29695,0,1.60298e-11,1.855e-12
Hessenberg basic,915,1,0,9,1e-12,1.14238,0,1.08002e-11,1.80864e-12
Hessenberg basic,915,1,1,9,1e-12,2.53096,0,1.27329e-11,1.9519e-12
Hessenberg basic,916,1,0,9,1e-12,0.746121,0,1.25056e-11,1.91961e-12
Hessenberg basic,916,1,1,9,1e-12,2.36027,0,1.13687e-11,1.8969e-12
Hessenberg basic,917,1,0,9,1e-12,0.704386,0,1.54614e-11,1.84059e-12
Hessenberg basic,917,1,1,9,1e-12,2.0915,0,1.22782e-11,1.83991e-12
Hessenberg basic,918,1,0,9,1e-12,0.732589,0,1.08002e-11,1.72136e-12
Hessenberg basic,918,1,1,9,1e-12,2.31782,0,1.19371e-11,2.00514e-12
Hessenberg basic,919,1,0,9,1e-12,0.897952,0,1.37561e-11,1.70885e-12
Hessenberg basic,919,1,1,9,1e-12,2.50178,0,1.21645e-11,1.97829e-12
Hessenberg basic,920,1,0,9,1e-12,1.13098,0,1.27329e-11,1.71997e-12
Hessenberg basic,920,1,1,9,1e-12,2.30835,0,1.20508e-11,1.82526e-12
Hessenberg basic,921,1,0,9,1e-12,1.42188,0,1.3415e-11,1.7717e-12
Hessenberg basic,921,1,1,9,1e-12,2.07228,0,1.42109e-11,1.95755e-12
Hessenberg basic,922,1,0,9,1e-12,1.2689,0,1.25056e-11,1.88616e-12
Hessenberg basic,922,1,1,9,1e-12,2.4149,0,1.28466e-11,1.95115e-12
Hessenberg basic,923,1,0,9,1e-12,0.771299,0,1.28466e-11,1.77298e-12
Hessenberg basic,923,1,1,9,1e-12,2.39602,0,1.00044e-11,1.84258e-12
Hessenberg basic,924,1,0,9,1e-12,0.95924,0,1.28466e-11,1.83659e-12
Hessenberg basic,924,1,1,9,1e-12,2.67773,0,2.44427e-11,1.89777e-12
Hessenberg basic,925,1,0,9,1e-12,0.865445,0,1.33014e-11,1.7817e-12
Hessenberg basic,925,1,1,9,1e-12,3.39421,0,1.20508e-11,1.89091e-12
Hessenberg basic,926,1,0,9,1e-12,1.0106,0,1.26192e-11,1.73472e-12
Hessenberg basic,926,1,1,9,1e-12,3.09521,0,1.05729e-11,1.80989e-12
Hessenberg basic,927,1,0,9,1e-12,0.996245,0,1.15961e-11,1.80004e-12
Hessenberg basic,927,1,1,9,1e-12,2.76877,0,1.35287e-11,1.85305e-12
Hessenberg basic,928,1,0,9,1e-12,0.731039,0,1.27329e-11,1.72879e-12
Hessenberg basic,928,1,1,9,1e-12,2.27638,0,1.27329e-11,1.82677e-12
Hessenberg basic,929,1,0,9,1e-12,0.740145,0,1.15961e-11,1.62866e-12
Hessenberg basic,929,1,1,9,1e-12,2.22325,0,1.42109e-11,1.87299e-12
Hessenberg basic,930,1,0,9,1e-12,0.779657,0,1.36993e-11,1.70086e-12
Hessenberg basic,930,1,1,9,1e-12,2.841,0,1.64846e-11,1.69249e-12
Hessenberg basic,931,1,0,9,1e-12,0.849787,0,1.29603e-11,1.77012e-12
Hessenberg basic,931,1,1,9,1e-12,2.28303,0,1.23919e-11,1.91422e-12
Hessenberg basic,932,1,0,9,1e-12,1.24628,0,1.08002e-11,1.88313e-12
Hessenberg basic,932,1,1,9,1e-12,2.45194,0,1.10276e-11,1.833e-12
Hessenberg basic,933,1,0,9,1e-12,1.32079,0,1.29603e-11,1.75238e-12
Hessenberg basic,933,1,1,9,1e-12,2.51263,0,1.47793e-11,1.99511e-12
Hessenberg basic,934,1,0,9,1e-12,1.10825,0,1.51203e-11,1.83316e-12
Hessenberg basic,934,1,1,9,1e-12,2.65887,0,1.56888e-11,1.96106e-12
Hessenberg basic,935,1,0,9,1e-12,1.03126,0,1.7053e-11,1.70924e-12
Hessenberg basic,935,1,1,9,1e-12,2.51698,0,1.38698e-11,1.80895e-12
Hessenberg basic,936,1,0,9,1e-12,0.857456,0,1.37561e-11,1.73693e-12
Hessenberg basic,936,1,1,9,1e-12,3.3107,0,1.09139e-11,1.83555e-12
Hessenberg basic,937,1,0,9,1e-12,0.994754,0,9.77707e-12,1.68782e-12
Hessenberg basic,937,1,1,9,1e-12,2.98112,0,1.14824e-11,1.9368e-12
Hessenberg basic,938,1,0,9,1e-12,0.744345,0,1.29603e-11,1.53843e-12
Hessenberg basic,938,1,1,9,1e-12,2.5017,0,1.10276e-11,1.82603e-12
Hessenberg basic,939,1,0,9,1e-12,0.909811,0,1.18234e-11,1.7052e-12
Hessenberg basic,939,1,1,9,1e-12,2.44759,0,1.37561e-11,1.82442e-12
Hessenberg basic,940,1,0,9,1e-12,1.18929,0,1.14824e-11,1.70303e-12
Hessenberg basic,940,1,1,9,1e-12,2.61447,0,1.3074e-11,1.9603e-12
Hessenberg basic,941,1,0,9,1e-12,0.840549,0,1.14824e-11,1.68111e-12
Hessenberg basic,941,1,1,9,1e-12,2.71907,0,1.23919e-11,1.92639e-12
Hessenberg basic,942,1,0,9,1e-12,0.840534,0,1.17097e-11,1.67307e-12
Hessenberg basic,942,1,1,9,1e-12,2.35218,0,1.44382e-11,1.87688e-12
Hessenberg basic,943,1,0,9,1e-12,0.804644,0,1.27329e-11,1.78344e-12
Hessenberg basic,943,1,1,9,1e-12,2.22479,0,2.14868e-11,1.83599e-12
Hessenberg basic,944,1,0,9,1e-12,0.947128,0,1.79625e-11,1.71251e-12
Hessenberg basic,944,1,1,9,1e-12,3.25321,0,1.19371e-11,1.78268e-12
Hessenberg basic,945,1,0,9,1e-12,1.48394,0,1.40972e-11,1.76371e-12
Hessenberg basic,945,1,1,9,1e-12,2.41011,0,1.05729e-11,1.80369e-12
Hessenberg basic,946,1,0,9,1e-12,0.972199,0,1.31877e-11,1.70243e-12
Hessenberg basic,946,1,1,9,1e-12,2.96693,0,1.19371e-11,1.93645e-12
Hessenberg basic,947,1,0,9,1e-12,0.794079,0,8.98126e-12,1.67722e-12
Hessenberg basic,947,1,1,9,1e-12,2.95241,0,1.37561e-11,1.83017e-12
Hessenberg basic,948,1,0,9,1e-12,0.99211,0,1.39835e-11,1.72342e-12
Hessenberg basic,948,1,1,9,1e-12,3.06313,0,1.27329e-11,1.79357e-12
Hessenberg basic,949,1,0,9,1e-12,1.06257,0,1.1255e-11,1.76261e-12
Hessenberg basic,949,1,1,9,1e-12,2.42572,0,1.71667e-11,1.9296e-12
Hessenberg basic,950,1,0,9,1e-12,1.31746,0,1.15961e-11,1.86029e-12
Hessenberg basic,950,1,1,9,1e-12,2.95667,0,1.59162e-11,1.81561e-12
Hessenberg basic,951,1,0,9,1e-12,1.06575,0,1.14824e-11,1.72667e-12
Hessenberg basic,951,1,1,9,1e-12,2.58788,0,1.14824e-11,1.88324e-12
Hessenberg basic,952,1,0,9,1e-12,1.46494,0,1.08002e-11,1.78513e-12
Hessenberg basic,952,1,1,9,1e-12,3.28955,0,1.77351e-11,1.89036e-12
Hessenberg basic,953,1,0,9,1e-12,0.822495,0,1.36424e-11,1.77944e-12
Hessenberg basic,953,1,1,9,1e-12,2.54603,0,1.27329e-11,2.00242e-12
Hessenberg basic,954,1,0,9,1e-12,1.91574,0,1.27329e-11,1.75535e-12
Hessenberg basic,954,1,1,9,1e-12,3.17073,0,1.43245e-11,1.94561e-12
Hessenberg basic,955,1,0,9,1e-12,0.872474,0,1.3415e-11,1.971e-12
Hessenberg basic,955,1,1,9,1e-12,2.41079,0,1.53477e-11,1.75009e-12
Hessenberg basic,956,1,0,9,1e-12,0.957411,0,1.63709e-11,1.68399e-12
Hessenberg basic,956,1,1,9,1e-12,3.79775,0,1.14824e-11,1.85699e-12
Hessenberg basic,957,1,0,9,1e-12,0.791792,0,1.17097e-11,1.77856e-12
Hessenberg basic,957,1,1,9,1e-12,2.6266,0,1.22782e-11,1.85363e-12
Hessenberg basic,958,1,0,9,1e-12,1.10056,0,1.83036e-11,1.77415e-12
Hessenberg basic,958,1,1,9,1e-12,2.46378,0,1.46656e-11,1.98043e-12
Hessenberg basic,959,1,0,9,1e-12,1.60407,0,1.39835e-11,1.83694e-12
Hessenberg basic,959,1,1,9,1e-12,3.18588,0,1.29603e-11,1.81719e-12
Hessenberg basic,960,1,0,9,1e-12,0.85734,0,1.31877e-11,1.73888e-12
Hessenberg basic,960,1,1,9,1e-12,2.98745,0,1.3415e-11,2.03701e-12
Hessenberg basic,961,1,0,9,1e-12,1.13636,0,1.27329e-11,1.99549e-12
Hessenberg basic,961,1,1,9,1e-12,3.1962,0,1.4893e-11,2.0132e-12
Hessenberg basic,962,1,0,9,1e-12,1.01182,0,1.28466e-11,1.9178e-12
Hessenberg basic,962,1,1,9,1e-12,2.64931,0,1.33014e-11,1.86773e-12
Hessenberg basic,963,1,0,9,1e-12,1.01445,0,1.36424e-11,1.83051e-12
Hessenberg basic,963,1,1,9,1e-12,2.98434,0,1.06866e-11,1.85616e-12
Hessenberg basic,964,1,0,9,1e-12,0.940781,0,9.89075e-12,1.66009e-12
Hessenberg basic,964,1,1,9,1e-12,3.65258,0,1.8531e-11,1.65694e-12
Hessenberg basic,965,1,0,9,1e-12,1.31097,0,1.46656e-11,1.79349e-12
Hessenberg basic,965,1,1,9,1e-12,3.44413,0,1.3415e-11,1.81323e-12
Hessenberg basic,966,1,0,9,1e-12,0.892651,0,1.98952e-11,1.81219e-12
Hessenberg basic,966,1,1,9,1e-12,2.69436,0,1.31877e-11,1.85137e-12
Hessenberg basic,967,1,0,9,1e-12,1.6192,0,1.25056e-11,1.73931e-12
Hessenberg basic,967,1,1,9,1e-12,2.70066,0,1.50067e-11,1.85017e-12
Hessenberg basic,968,1,0,9,1e-12,1.01386,0,1.19371e-11,1.7475e-12
Hessenberg basic,968,1,1,9,1e-12,3.1109,0,1.27329e-11,1.94993e-12
Hessenberg basic,969,1,0,9,1e-12,0.913509,0,1.1255e-11,1.78099e-12
Hessenberg basic,969,1,1,9,1e-12,4.02848,0,1.28466e-11,1.80348e-12
Hessenberg basic,970,1,0,9,1e-12,0.973851,0,1.37561e-11,1.71387e-12
Hessenberg basic,970,1,1,9,1e-12,3.1819,0,1.28466e-11,2.01431e-12
Hessenberg basic,971,1,0,9,1e-12,0.914948,0,1.21645e-11,1.75308e-12
Hessenberg basic,971,1,1,9,1e-12,2.53415,0,1.3074e-11,2.00758e-12
Hessenberg basic,972,1,0,9,1e-12,1.70345,0,1.19371e-11,1.7524e-12
Hessenberg basic,972,1,1,9,1e-12,2.84907,0,1.35287e-11,1.9625e-12
Hessenberg basic,973,1,0,9,1e-12,1.03632,0,1.90994e-11,1.8128e-12
Hessenberg basic,973,1,1,9,1e-12,2.89097,0,2.22826e-11,1.9602e-12
Hessenberg basic,974,1,0,9,1e-12,1.09095,0,1.60298e-11,1.79176e-12
Hessenberg basic,974,1,1,9,1e-12,4.10392,0,1.06866e-11,1.83547e-12
Hessenberg basic,975,1,0,9,1e-12,1.06787,0,1.40972e-11,1.82994e-12
Hessenberg basic,975,1,1,9,1e-12,3.35077,0,1.58025e-11,1.92172e-12
Hessenberg basic,976,1,0,9,1e-12,0.95706,0,1.51203e-11,1.83422e-12
Hessenberg basic,976,1,1,9,1e-12,2.8362,0,2.00089e-11,2.02459e-12
Hessenberg basic,977,1,0,9,1e-12,1.39529,0,1.38698e-11,1.74912e-12
Hessenberg basic,977,1,1,9,1e-12,2.89122,0,1.36424e-11,1.79117e-12
Hessenberg basic,978,1,0,9,1e-12,0.963628,0,1.09139e-11,1.86823e-12
Hessenberg basic,978,1,1,9,1e-12,2.82457,0,1.61435e-11,1.92692e-12
Hessenberg basic,979,1,0,9,1e-12,1.15401,0,1.10276e-11,1.66105e-12
Hessenberg basic,979,1,1,9,1e-12,3.41721,0,1.3415e-11,1.91024e-12
Hessenberg basic,980,1,0,9,1e-12,1.26686,0,1.8531e-11,1.79847e-12
Hessenberg basic,980,1,1,9,1e-12,3.31722,0,1.76215e-11,1.89082e-12
Hessenberg basic,981,1,0,9,1e-12,1.58677,0,1.43245e-11,1.91006e-12
Hessenberg basic,981,1,1,9,1e-12,3.02846,0,1.75078e-11,2.0848e-12
Hessenberg basic,982,1,0,9,1e-12,1.56176,0,9.66338e-12,1.77827e-12
Hessenberg basic,982,1,1,9,1e-12,3.60776,0,9.54969e-12,1.73529e-12
Hessenberg basic,983,1,0,9,1e-12,1.13515,0,1.98952e-11,1.80156e-12
Hessenberg basic,983,1,1,9,1e-12,3.12331,0,1.00044e-11,1.7489e-12
Hessenberg basic,984,1,0,9,1e-12,1.25781,0,1.20508e-11,1.78226e-12
Hessenberg basic,984,1,1,9,1e-12,4.2129,0,1.51203e-11,1.92019e-12
Hessenberg basic,985,1,0,9,1e-12,1.04578,0,1.15961e-11,1.75052e-12
Hessenberg basic,985,1,1,9,1e-12,3.40479,0,1.56888e-11,1.78935e-12
Hessenberg basic,986,1,0,9,1e-12,1.13246,0,1.36424e-11,1.72578e-12
Hessenberg basic,986,1,1,9,1e-12,3.02829,0,1.22782e-11,1.8293e-12
Hessenberg basic,987,1,0,9,1e-12,1.36587,0,1.14824e-11,1.69729e-12
Hessenberg basic,987,1,1,9,1e-12,3.71628,0,1.75078e-11,1.91213e-12
Hessenberg basic,988,1,0,9,1e-12,1.13159,0,1.26192e-11,1.74208e-12
Hessenberg basic,988,1,1,9,1e-12,3.19417,0,1.25056e-11,1.879e-12
Hessenberg basic,989,1,0,9,1e-12,1.17158,0,1.72804e-11,1.85018e-12
Hessenberg basic,989,1,1,9,1e-12,4.30873,0,1.8872e-11,1.72457e-12
Hessenberg basic,990,1,0,9,1e-12,1.12199,0,1.06866e-11,1.6287e-12
Hessenberg basic,990,1,1,9,1e-12,3.64802,0,1.26192e-11,1.94422e-12
Hessenberg basic,991,1,0,9,1e-12,1.1845,0,1.10276e-11,1.70485e-12
Hessenberg basic,991,1,1,9,1e-12,3.14157,0,1.17097e-11,1.78589e-12
Hessenberg basic,992,1,0,9,1e-12,1.82078,0,1.14824e-11,1.78114e-12
Hessenberg basic,992,1,1,9,1e-12,3.73919,0,1.90994e-11,1.74669e-12
Hessenberg basic,993,1,0,9,1e-12,1.43444,0,1.45519e-11,1.855e-12
Hessenberg basic,993,1,1,9,1e-12,3.44933,0,1.17097e-11,1.80782e-12
Hessenberg basic,994,1,0,9,1e-12,1.17402,0,1.33014e-11,1.71923e-12
Hessenberg basic,994,1,1,9,1e-12,4.42232,0,1.58025e-11,1.91783e-12
Hessenberg basic,995,1,0,9,1e-12,1.38312,0,1.50067e-11,1.83317e-12
Hessenberg basic,995,1,1,9,1e-12,3.7849,0,1.8872e-11,1.92689e-12
Hessenberg basic,996,1,0,9,1e-12,1.58642,0,1.40972e-11,1.80025e-12
Hessenberg basic,996,1,1,9,1e-12,2.99843,0,1.14824e-11,1.87446e-12
Hessenberg basic,997,1,0,9,1e-12,2.145,0,9.43601e-12,1.57852e-12
Hessenberg basic,997,1,1,9,1e-12,3.73823,0,1.23919e-11,1.89581e-12
Hessenberg basic,998,1,0,9,1e-12,1.76543,0,1.61435e-11,1.77394e-12
Hessenberg basic,998,1,1,9,1e-12,3.0507,0,2.10321e-11,1.93153e-12
Hessenberg basic,999,1,0,9,1e-12,1.82048,0,1.31877e-11,1.73707e-12
Hessenberg basic,999,1,1,9,1e-12,4.48724,0,1.29603e-11,1.80141e-12
Hessenberg basic,1000,1,0,9,1e-12,1.62496,0,1.25056e-11,1.76919e-12
Hessenberg basic,1000,1,1,9,1e-12,3.11154,0,1.44382e-11,1.79206e-12
