version, size, hermitian, complex, seed, tol, runtime in s,min_error, max_error, avg_error
Hessenberg basic,900,1,0,8,1e-12,0.912781,0,1.27329e-11,1.63065e-12
Hessenberg basic,900,1,1,8,1e-12,3.59601,0,1.09139e-11,1.75997e-12
Hessenberg basic,901,1,0,8,1e-12,0.64933,0,1.39835e-11,1.69481e-12
Hessenberg basic,901,1,1,8,1e-12,3.30325,0,1.14824e-11,1.63733e-12
Hessenberg basic,902,1,0,8,1e-12,0.600198,0,1.3074e-11,1.7297e-12
Hessenberg basic,902,1,1,8,1e-12,3.14902,0,1.29603e-11,1.86204e-12
Hessenberg basic,903,1,0,8,1e-12,0.626844,0,1.15961e-11,1.65278e-12
Hessenberg basic,903,1,1,8,1e-12,2.91301,0,1.3074e-11,1.7424e-12
Hessenberg basic,904,1,0,8,1e-12,0.660244,0,1.6712e-11,1.67912e-12
Hessenberg basic,904,1,1,8,1e-12,2.77391,0,1.50067e-11,1.82612e-12
Hessenberg basic,905,1,0,8,1e-12,0.6962,0,1.1255e-11,1.7332e-12
Hessenberg basic,905,1,1,8,1e-12,2.49929,0,1.4893e-11,1.84388e-12
Hessenberg basic,906,1,0,8,1e-12,1.00952,0,1.10276e-11,1.64377e-12
Hessenberg basic,906,1,1,8,1e-12,2.76716,0,1.05729e-11,1.77984e-12
Hessenberg basic,907,1,0,8,1e-12,0.795862,0,1.04592e-11,1.71221e-12
Hessenberg basic,907,1,1,8,1e-12,2.91971,0,1.11413e-11,1.82106e-12
Hessenberg basic,908,1,0,8,1e-12,0.69418,0,1.65983e-11,1.79372e-12
Hessenberg basic,908,1,1,8,1e-12,2.59684,0,1.17097e-11,1.82093e-12
Hessenberg basic,909,1,0,8,1e-12,0.721026,0,1.02318e-11,1.67131e-12
Hessenberg basic,909,1,1,8,1e-12,2.51644,0,1.46656e-11,1.82681e-12
Hessenberg basic,910,1,0,8,1e-12,0.720391,0,1.69393e-11,1.68137e-12
Hessenberg basic,910,1,1,8,1e-12,2.64308,0,1.26192e-11,1.72501e-12
Hessenberg basic,911,1,0,8,1e-12,0.775879,0,1.14824e-11,1.69551e-12
Hessenberg basic,911,1,1,8,1e-12,2.48965,0,1.27329e-11,1.88603e-12
Hessenberg basic,912,1,0,8,1e-12,0.76783,0,1.20508e-11,1.70558e-12
Hessenberg basic,912,1,1,8,1e-12,3.14703,0,1.75078e-11,1.79881e-12
Hessenberg basic,913,1,0,8,1e-12,0.957216,0,1.08002e-11,1.73858e-12
Hessenberg basic,913,1,1,8,1e-12,3.30415,0,1.23919e-11,1.70816e-12
Hessenberg basic,914,1,0,8,1e-12,1.52813,0,1.55751e-11,1.75601e-12
Hessenberg basic,914,1,1,8,1e-12,3.02814,0,1.10276e-11,1.75847e-12
Hessenberg basic,915,1,0,8,1e-12,1.44955,0,1.13687e-11,1.79028e-12
Hessenberg basic,915,1,1,8,1e-12,3.03462,0,1.18234e-11,1.84888e-12
Hessenberg basic,916,1,0,8,1e-12,1.49217,0,1.06866e-11,1.7271e-12
Hessenberg basic,916,1,1,8,1e-12,2.89914,0,9.89075e-12,1.77048e-12
Hessenberg basic,917,1,0,8,1e-12,1.52191,0,9.43601e-12,1.58682e-12
Hessenberg basic,917,1,1,8,1e-12,2.59998,0,1.23919e-11,1.79559e-12
Hessenberg basic,918,1,0,8,1e-12,1.59011,0,1.08002e-11,1.71586e-12
Hessenberg basic,918,1,1,8,1e-12,2.64088,0,1.09139e-11,1.81853e-12
Hessenberg basic,919,1,0,8,1e-12,1.5939,0,1.17097e-11,1.6561e-12
Hessenberg basic,919,1,1,8,1e-12,2.83985,0,1.29603e-11,1.7687e-12
Hessenberg basic,920,1,0,8,1e-12,1.57521,0,1.08002e-11,1.76595e-12
Hessenberg basic,920,1,1,8,1e-12,2.62401,0,1.11413e-11,1.75051e-12
Hessenberg basic,921,1,0,8,1e-12,1.62329,0,1.13687e-11,1.76927e-12
Hessenberg basic,921,1,1,8,1e-12,2.40498,0,1.33014e-11,1.79207e-12
Hessenberg basic,922,1,0,8,1e-12,1.63289,0,1.37561e-11,1.637e-12
Hessenberg basic,922,1,1,8,1e-12,2.28349,0,1.3074e-11,1.66782e-12
Hessenberg basic,923,1,0,8,1e-12,1.58468,0,9.89075e-12,1.60477e-12
Hessenberg basic,923,1,1,8,1e-12,2.13525,0,1.18234e-11,1.82151e-12
Hessenberg basic,924,1,0,8,1e-12,1.48407,0,1.84173e-11,1.55299e-12
Hessenberg basic,924,1,1,8,1e-12,2.40693,0,1.39835e-11,1.91105e-12
Hessenberg basic,925,1,0,8,1e-12,1.60365,0,1.26192e-11,1.77877e-12
Hessenberg basic,925,1,1,8,1e-12,2.87583,0,1.47793e-11,1.72565e-12
Hessenberg basic,926,1,0,8,1e-12,1.99373,0,2.50111e-11,1.72507e-12
Hessenberg basic,926,1,1,8,1e-12,3.30762,0,9.66338e-12,1.70487e-12
Hessenberg basic,927,1,0,8,1e-12,1.89286,0,1.28466e-11,1.69683e-12
Hessenberg basic,927,1,1,8,1e-12,3.33781,0,1.19371e-11,1.7041e-12
Hessenberg basic,928,1,0,8,1e-12,1.76828,0,1.15961e-11,1.57851e-12
Hessenberg basic,928,1,1,8,1e-12,3.22907,0,1.3415e-11,1.71549e-12
Hessenberg basic,929,1,0,8,1e-12,1.75713,0,1.03455e-11,1.64527e-12
Hessenberg basic,929,1,1,8,1e-12,3.02024,0,1.43245e-11,1.78042e-12
Hessenberg basic,930,1,0,8,1e-12,1.85353,0,1.04592e-11,1.60893e-12
Hessenberg basic,930,1,1,8,1e-12,2.76525,0,1.50067e-11,1.71546e-12
Hessenberg basic,931,1,0,8,1e-12,1.79371,0,1.10276e-11,1.61962e-12
Hessenberg basic,931,1,1,8,1e-12,2.67001,0,9.43601e-12,1.66511e-12
Hessenberg basic,932,1,0,8,1e-12,1.77349,0,1.01181e-11,1.61532e-12
Hessenberg basic,932,1,1,8,1e-12,2.64555,0,1.95541e-11,1.69659e-12
Hessenberg basic,933,1,0,8,1e-12,1.67402,0,9.89075e-12,1.65278e-12
Hessenberg basic,933,1,1,8,1e-12,2.51061,0,1.39835e-11,1.76367e-12
Hessenberg basic,934,1,0,8,1e-12,1.56965,0,1.43245e-11,1.64443e-12
Hessenberg basic,934,1,1,8,1e-12,2.43449,0,1.20508e-11,1.82736e-12
Hessenberg basic,935,1,0,8,1e-12,0.9953,0,1.01181e-11,1.59722e-12
Hessenberg basic,935,1,1,8,1e-12,2.45519,0,1.27329e-11,1.8321e-12
Hessenberg basic,936,1,0,8,1e-12,0.840352,0,1.26192e-11,1.66514e-12
Hessenberg basic,936,1,1,8,1e-12,3.64396,0,1.39835e-11,1.71725e-12
Hessenberg basic,937,1,0,8,1e-12,1.41419,0,1.21645e-11,1.68226e-12
Hessenberg basic,937,1,1,8,1e-12,4.16812,0,1.09139e-11,1.73966e-12
Hessenberg basic,938,1,0,8,1e-12,1.52741,0,1.01181e-11,1.7331e-12
Hessenberg basic,938,1,1,8,1e-12,3.63678,0,1.09139e-11,1.83626e-12
Hessenberg basic,939,1,0,8,1e-12,2.07187,0,1.06866e-11,1.69167e-12
Hessenberg basic,939,1,1,8,1e-12,3.67285,0,1.19371e-11,1.78387e-12
Hessenberg basic,940,1,0,8,1e-12,1.40452,0,1.19371e-11,1.67584e-12
Hessenberg basic,940,1,1,8,1e-12,3.9761,0,1.47793e-11,1.76913e-12
Hessenberg basic,941,1,0,8,1e-12,0.991719,0,1.59162e-11,1.72893e-12
Hessenberg basic,941,1,1,8,1e-12,3.46037,0,1.29603e-11,1.74329e-12
Hessenberg basic,942,1,0,8,1e-12,1.34941,0,9.89075e-12,1.57809e-12
Hessenberg basic,942,1,1,8,1e-12,4.38609,0,1.05729e-11,1.74886e-12
Hessenberg basic,943,1,0,8,1e-12,1.74214,0,1.04592e-11,1.78197e-12
Hessenberg basic,943,1,1,8,1e-12,4.62165,0,9.77707e-12,1.72315e-12
Hessenberg basic,944,1,0,8,1e-12,1.73808,0,8.98126e-12,1.64517e-12
Hessenberg basic,944,1,1,8,1e-12,4.72061,0,1.19371e-11,1.72489e-12
Hessenberg basic,945,1,0,8,1e-12,1.78361,0,1.06866e-11,1.60337e-12
Hessenberg basic,945,1,1,8,1e-12,4.54826,0,1.19371e-11,1.79658e-12
Hessenberg basic,946,1,0,8,1e-12,1.64566,0,1.03455e-11,1.59733e-12
Hessenberg basic,946,1,1,8,1e-12,4.12683,0,1.09139e-11,1.68934e-12
Hessenberg basic,947,1,0,8,1e-12,1.55539,0,1.19371e-11,1.61585e-12
Hessenberg basic,947,1,1,8,1e-12,3.88868,0,1.72804e-11,1.83693e-12
Hessenberg basic,948,1,0,8,1e-12,1.57459,0,1.42109e-11,1.62488e-12
Hessenberg basic,948,1,1,8,1e-12,3.55701,0,1.22782e-11,1.7694e-12
Hessenberg basic,949,1,0,8,1e-12,2.01877,0,1.65983e-11,1.7268e-12
Hessenberg basic,949,1,1,8,1e-12,4.36926,0,1.17097e-11,1.71222e-12
Hessenberg basic,950,1,0,8,1e-12,1.71377,0,1.03455e-11,1.69701e-12
Hessenberg basic,950,1,1,8,1e-12,4.52507,0,1.04592e-11,1.63998e-12
Hessenberg basic,951,1,0,8,1e-12,1.589,0,1.15961e-11,1.64763e-12
Hessenberg basic,951,1,1,8,1e-12,4.56901,0,1.13687e-11,1.82372e-12
Hessenberg basic,952,1,0,8,1e-12,1.65556,0,1.09139e-11,1.55732e-12
Hessenberg basic,952,1,1,8,1e-12,4.36843,0,1.22782e-11,1.81043e-12
Hessenberg basic,953,1,0,8,1e-12,1.40304,0,1.03455e-11,1.7079e-12
Hessenberg basic,953,1,1,8,1e-12,4.24427,0,1.04592e-11,1.74369e-12
Hessenberg basic,954,1,0,8,1e-12,1.79545,0,1.09139e-11,1.69347e-12
Hessenberg basic,954,1,1,8,1e-12,4.01542,0,1.09139e-11,1.72145e-12
Hessenberg basic,955,1,0,8,1e-12,2.03497,0,9.77707e-12,1.66094e-12
Hessenberg basic,955,1,1,8,1e-12,3.90026,0,1.26192e-11,1.7737e-12
Hessenberg basic,956,1,0,8,1e-12,0.991028,0,1.27329e-11,1.71466e-12
Hessenberg basic,956,1,1,8,1e-12,4.36498,0,1.17097e-11,1.77975e-12
Hessenberg basic,957,1,0,8,1e-12,1.03742,0,1.38698e-11,1.71722e-12
Hessenberg basic,957,1,1,8,1e-12,3.64712,0,1.09139e-11,1.69586e-12
Hessenberg basic,958,1,0,8,1e-12,1.96151,0,1.33014e-11,1.74832e-12
Hessenberg basic,958,1,1,8,1e-12,3.79093,0,1.00044e-11,1.63731e-12
Hessenberg basic,959,1,0,8,1e-12,1.15204,0,9.77707e-12,1.6888e-12
Hessenberg basic,959,1,1,8,1e-12,3.17821,0,1.02318e-11,1.74103e-12
Hessenberg basic,960,1,0,8,1e-12,1.50298,0,1.06866e-11,1.62909e-12
Hessenberg basic,960,1,1,8,1e-12,4.3609,0,1.21645e-11,1.80789e-12
Hessenberg basic,961,1,0,8,1e-12,1.22974,0,1.21645e-11,1.60311e-12
Hessenberg basic,961,1,1,8,1e-12,3.26034,0,1.19371e-11,1.83969e-12
Hessenberg basic,962,1,0,8,1e-12,2.13656,0,1.06866e-11,1.68094e-12
Hessenberg basic,962,1,1,8,1e-12,3.86192,0,1.06866e-11,1.80028e-12
Hessenberg basic,963,1,0,8,1e-12,1.11577,0,1.05729e-11,1.73207e-12
Hessenberg basic,963,1,1,8,1e-12,3.32412,0,1.55751e-11,1.83724e-12
Hessenberg basic,964,1,0,8,1e-12,1.89263,0,1.09139e-11,1.71701e-12
Hessenberg basic,964,1,1,8,1e-12,4.10185,0,1.5234e-11,1.84744e-12
Hessenberg basic,965,1,0,8,1e-12,1.24791,0,1.06866e-11,1.6595e-12
Hessenberg basic,965,1,1,8,1e-12,3.21177,0,1.01181e-11,1.84098e-12
Hessenberg basic,966,1,0,8,1e-12,2.03316,0,1.47793e-11,1.68809e-12
Hessenberg basic,966,1,1,8,1e-12,3.76048,0,1.13687e-11,1.83892e-12
Hessenberg basic,967,1,0,8,1e-12,1.27945,0,1.61435e-11,1.67812e-12
Hessenberg basic,967,1,1,8,1e-12,3.62032,0,9.72022e-12,1.81678e-12
Hessenberg basic,968,1,0,8,1e-12,1.81684,0,1.18234e-11,1.61399e-12
Hessenberg basic,968,1,1,8,1e-12,4.27361,0,1.4893e-11,1.72264e-12
Hessenberg basic,969,1,0,8,1e-12,1.39798,0,1.06866e-11,1.71123e-12
Hessenberg basic,969,1,1,8,1e-12,3.21241,0,1.17097e-11,1.69567e-12
Hessenberg basic,970,1,0,8,1e-12,2.22885,0,9.54969e-12,1.63286e-12
Hessenberg basic,970,1,1,8,1e-12,4.07716,0,1.33014e-11,1.75431e-12
Hessenberg basic,971,1,0,8,1e-12,1.31098,0,1.14824e-11,1.60698e-12
Hessenberg basic,971,1,1,8,1e-12,3.75436,0,1.4893e-11,1.76081e-12
Hessenberg basic,972,1,0,8,1e-12,1.85494,0,1.33014e-11,1.60938e-12
Hessenberg basic,972,1,1,8,1e-12,4.38396,0,1.13687e-11,1.69169e-12
Hessenberg basic,973,1,0,8,1e-12,1.35828,0,1.02318e-11,1.70525e-12
Hessenberg basic,973,1,1,8,1e-12,3.43011,0,1.15961e-11,1.75376e-12
Hessenberg basic,974,1,0,8,1e-12,2.24777,0,1.28466e-11,1.66181e-12
Hessenberg basic,974,1,1,8,1e-12,4.05235,0,1.00044e-11,1.7112e-12
Hessenberg basic,975,1,0,8,1e-12,1.28662,0,1.17097e-11,1.63032e-12
Hessenberg basic,975,1,1,8,1e-12,3.40824,0,1.13687e-11,1.69189e-12
Hessenberg basic,976,1,0,8,1e-12,1.95535,0,1.09139e-11,1.78141e-12
Hessenberg basic,976,1,1,8,1e-12,4.59668,0,1.39835e-11,1.76119e-12
Hessenberg basic,977,1,0,8,1e-12,1.40891,0,9.89075e-12,1.61952e-12
Hessenberg basic,977,1,1,8,1e-12,3.3727,0,1.20508e-11,1.82501e-12
Hessenberg basic,978,1,0,8,1e-12,2.10948,0,1.06866e-11,1.74578e-12
Hessenberg basic,978,1,1,8,1e-12,4.00097,0,1.26192e-11,1.81794e-12
Hessenberg basic,979,1,0,8,1e-12,1.3595,0,1.05729e-11,1.72487e-12
Hessenberg basic,979,1,1,8,1e-12,3.63866,0,1.43245e-11,1.81731e-12
Hessenberg basic,980,1,0,8,1e-12,1.91907,0,9.77707e-12,1.72723e-12
Hessenberg basic,980,1,1,8,1e-12,4.43541,0,1.00044e-11,1.78779e-12
Hessenberg basic,981,1,0,8,1e-12,1.07905,0,1.43245e-11,1.69063e-12
Hessenberg basic,981,1,1,8,1e-12,2.7275,0,1.42109e-11,1.71864e-12
Hessenberg basic,982,1,0,8,1e-12,2.06166,0,9.09495e-12,1.65822e-12
Hessenberg basic,982,1,1,8,1e-12,3.24931,0,1.1255e-11,1.76055e-12
Hessenberg basic,983,1,0,8,1e-12,1.26819,0,9.54969e-12,1.71728e-12
Hessenberg basic,983,1,1,8,1e-12,2.76807,0,9.32232e-12,1.70317e-12
Hessenberg basic,984,1,0,8,1e-12,1.3184,0,1.37561e-11,1.65934e-12
Hessenberg basic,984,1,1,8,1e-12,3.91608,0,9.66338e-12,1.84555e-12
Hessenberg basic,985,1,0,8,1e-12,1.07542,0,1.36424e-11,1.66808e-12
Hessenberg basic,985,1,1,8,1e-12,2.87101,0,1.4893e-11,1.772e-12
Hessenberg basic,986,1,0,8,1e-12,2.18049,0,1.08002e-11,1.64331e-12
Hessenberg basic,986,1,1,8,1e-12,3.40396,0,1.3074e-11,1.7817e-12
Hessenberg basic,987,1,0,8,1e-12,1.35101,0,1.40972e-11,1.73534e-12
Hessenberg basic,987,1,1,8,1e-12,2.99176,0,1.11413e-11,1.86945e-12
Hessenberg basic,988,1,0,8,1e-12,1.17954,0,1.27329e-11,1.74114e-12
Hessenberg basic,988,1,1,8,1e-12,4.37181,0,1.02318e-11,1.77333e-12
Hessenberg basic,989,1,0,8,1e-12,1.18246,0,1.10276e-11,1.70882e-12
Hessenberg basic,989,1,1,8,1e-12,3.10881,0,1.01181e-11,1.76743e-12
Hessenberg basic,990,1,0,8,1e-12,1.64059,0,1.13687e-11,1.74291e-12
Hessenberg basic,990,1,1,8,1e-12,3.141,0,1.09139e-11,1.80396e-12
Hessenberg basic,991,1,0,8,1e-12,1.39963,0,1.19371e-11,1.66001e-12
Hessenberg basic,991,1,1,8,1e-12,3.44583,0,1.36424e-11,1.7847e-12
Hessenberg basic,992,1,0,8,1e-12,1.24217,0,1.10276e-11,1.68633e-12
Hessenberg basic,992,1,1,8,1e-12,4.08692,0,1.61435e-11,1.82778e-12
Hessenberg basic,993,1,0,8,1e-12,1.51122,0,1.35287e-11,1.72638e-12
Hessenberg basic,993,1,1,8,1e-12,3.45582,0,1.27329e-11,1.74904e-12
Hessenberg basic,994,1,0,8,1e-12,1.45515,0,1.02318e-11,1.75881e-12
Hessenberg basic,994,1,1,8,1e-12,3.26441,0,1.42109e-11,1.888e-12
Hessenberg basic,995,1,0,8,1e-12,1.33362,0,1.09139e-11,1.84317e-12
Hessenberg basic,995,1,1,8,1e-12,3.69735,0,1.00044e-11,1.83544e-12
Hessenberg basic,996,1,0,8,1e-12,1.2148,0,1.1255e-11,1.66561e-12
Hessenberg basic,996,1,1,8,1e-12,4.09284,0,1.44382e-11,1.89814e-12
Hessenberg basic,997,1,0,8,1e-12,1.456,0,1.44382e-11,1.76111e-12
Hessenberg basic,997,1,1,8,1e-12,3.5745,0,1.09139e-11,1.82871e-12
Hessenberg basic,998,1,0,8,1e-12,1.49599,0,1.23919e-11,1.69019e-12
Hessenberg basic,998,1,1,8,1e-12,3.32954,0,1.20508e-11,1.81299e-12
Hessenberg basic,999,1,0,8,1e-12,1.15923,0,1.64846e-11,1.83843e-12
Hessenberg basic,999,1,1,8,1e-12,3.76983,0,1.00044e-11,1.75896e-12
Hessenberg basic,1000,1,0,8,1e-12,1.11117,0,1.42109e-11,1.66297e-12
Hessenberg basic,1000,1,1,8,1e-12,3.88029,0,1.21645e-11,1.88158e-12
