version, size, hermitian, complex, seed, tol, runtime in s,min_error, max_error, avg_error
Hessenberg basic,900,1,0,1,1e-12,0.764805,0,1.21645e-11,1.79475e-12
Hessenberg basic,900,1,1,1,1e-12,2.32855,0,1.36424e-11,1.81598e-12
Hessenberg basic,901,1,0,1,1e-12,0.864748,0,9.66338e-12,1.69125e-12
Hessenberg basic,901,1,1,1,1e-12,2.14299,0,1.23919e-11,1.72994e-12
Hessenberg basic,902,1,0,1,1e-12,0.875539,0,1.13687e-11,1.73491e-12
Hessenberg basic,902,1,1,1,1e-12,2.26267,0,1.3074e-11,1.90655e-12
Hessenberg basic,903,1,0,1,1e-12,1.23824,0,1.14824e-11,1.74938e-12
Hessenberg basic,903,1,1,1,1e-12,2.35155,0,1.38698e-11,1.77366e-12
Hessenberg basic,904,1,0,1,1e-12,0.784461,0,1.21645e-11,1.76316e-12
Hessenberg basic,904,1,1,1,1e-12,2.6954,0,1.22782e-11,1.76381e-12
Hessenberg basic,905,1,0,1,1e-12,0.890988,0,1.23919e-11,1.74442e-12
Hessenberg basic,905,1,1,1,1e-12,2.75587,0,1.17097e-11,1.71774e-12
Hessenberg basic,906,1,0,1,1e-12,0.850006,0,9.09495e-12,1.64163e-12
Hessenberg basic,906,1,1,1,1e-12,2.32392,0,1.20508e-11,1.87495e-12
Hessenberg basic,907,1,0,1,1e-12,0.841913,0,1.51203e-11,1.87033e-12
Hessenberg basic,907,1,1,1,1e-12,2.56169,0,1.20508e-11,1.892e-12
Hessenberg basic,908,1,0,1,1e-12,1.25488,0,1.36424e-11,1.74493e-12
Hessenberg basic,908,1,1,1,1e-12,3.38258,0,1.27329e-11,1.80322e-12
Hessenberg basic,909,1,0,1,1e-12,1.05926,0,1.26192e-11,1.79561e-12
Hessenberg basic,909,1,1,1,1e-12,3.14097,0,1.22782e-11,1.79639e-12
Hessenberg basic,910,1,0,1,1e-12,0.880337,0,1.73941e-11,1.75572e-12
Hessenberg basic,910,1,1,1,1e-12,2.86029,0,1.27329e-11,1.76241e-12
Hessenberg basic,911,1,0,1,1e-12,0.859591,0,1.08002e-11,1.66903e-12
Hessenberg basic,911,1,1,1,1e-12,2.47233,0,1.37561e-11,1.90287e-12
Hessenberg basic,912,1,0,1,1e-12,0.927857,0,1.17097e-11,1.85781e-12
Hessenberg basic,912,1,1,1,1e-12,2.32052,0,1.15961e-11,1.77002e-12
Hessenberg basic,913,1,0,1,1e-12,0.900118,0,1.53477e-11,1.89201e-12
Hessenberg basic,913,1,1,1,1e-12,2.24917,0,1.39835e-11,1.94547e-12
Hessenberg basic,914,1,0,1,1e-12,0.901846,0,1.10276e-11,1.78103e-12
Hessenberg basic,914,1,1,1,1e-12,2.31756,0,1.38698e-11,1.8897e-12
Hessenberg basic,915,1,0,1,1e-12,1.53701,0,1.05729e-11,1.64289e-12
Hessenberg basic,915,1,1,1,1e-12,2.23391,0,1.15961e-11,1.86934e-12
Hessenberg basic,916,1,0,1,1e-12,1.23583,0,1.04592e-11,1.78315e-12
Hessenberg basic,916,1,1,1,1e-12,2.82449,0,1.23919e-11,1.77201e-12
Hessenberg basic,917,1,0,1,1e-12,1.05603,0,1.3415e-11,1.78171e-12
Hessenberg basic,917,1,1,1,1e-12,2.80336,0,1.27329e-11,1.83851e-12
Hessenberg basic,918,1,0,1,1e-12,0.902739,0,1.01181e-11,1.66632e-12
Hessenberg basic,918,1,1,1,1e-12,2.94131,0,1.37561e-11,1.74376e-12
Hessenberg basic,919,1,0,1,1e-12,1.05978,0,1.23919e-11,1.61636e-12
Hessenberg basic,919,1,1,1,1e-12,2.79946,0,1.20508e-11,1.84122e-12
Hessenberg basic,920,1,0,1,1e-12,0.957128,0,1.03455e-11,1.80447e-12
Hessenberg basic,920,1,1,1,1e-12,2.61744,0,1.17097e-11,1.89636e-12
Hessenberg basic,921,1,0,1,1e-12,0.992308,0,1.38698e-11,1.79148e-12
Hessenberg basic,921,1,1,1,1e-12,2.56084,0,1.15961e-11,1.86124e-12
Hessenberg basic,922,1,0,1,1e-12,0.889947,0,1.23919e-11,1.63774e-12
Hessenberg basic,922,1,1,1,1e-12,2.41802,0,1.15961e-11,1.83019e-12
Hessenberg basic,923,1,0,1,1e-12,0.82641,0,1.00044e-11,1.76368e-12
Hessenberg basic,923,1,1,1,1e-12,2.45337,0,1.35287e-11,1.91016e-12
Hessenberg basic,924,1,0,1,1e-12,1.17029,0,1.6712e-11,1.76491e-12
Hessenberg basic,924,1,1,1,1e-12,3.66841,0,1.20508e-11,1.95547e-12
Hessenberg basic,925,1,0,1,1e-12,1.19932,0,1.15961e-11,1.74239e-12
Hessenberg basic,925,1,1,1,1e-12,3.30818,0,1.28466e-11,1.89153e-12
Hessenberg basic,926,1,0,1,1e-12,0.990343,0,1.25056e-11,1.76818e-12
Hessenberg basic,926,1,1,1,1e-12,3.25915,0,2.16005e-11,1.88613e-12
Hessenberg basic,927,1,0,1,1e-12,0.916073,0,1.1255e-11,1.70393e-12
Hessenberg basic,927,1,1,1,1e-12,3.03456,0,1.31877e-11,1.72939e-12
Hessenberg basic,928,1,0,1,1e-12,1.04986,0,1.20508e-11,1.7388e-12
Hessenberg basic,928,1,1,1,1e-12,2.98061,0,1.3074e-11,1.81781e-12
Hessenberg basic,929,1,0,1,1e-12,0.809599,0,1.33014e-11,1.84341e-12
Hessenberg basic,929,1,1,1,1e-12,2.63056,0,1.21645e-11,1.87065e-12
Hessenberg basic,930,1,0,1,1e-12,0.839451,0,1.40972e-11,1.71428e-12
Hessenberg basic,930,1,1,1,1e-12,2.55415,0,1.23919e-11,1.78062e-12
Hessenberg basic,931,1,0,1,1e-12,0.866559,0,1.13687e-11,1.7998e-12
Hessenberg basic,931,1,1,1,1e-12,2.45698,0,1.23919e-11,1.77198e-12
Hessenberg basic,932,1,0,1,1e-12,0.909382,0,1.17097e-11,1.72887e-12
Hessenberg basic,932,1,1,1,1e-12,2.38796,0,1.15961e-11,1.73974e-12
Hessenberg basic,933,1,0,1,1e-12,1.12899,0,1.19371e-11,1.72741e-12
Hessenberg basic,933,1,1,1,1e-12,2.36982,0,1.10276e-11,1.76217e-12
Hessenberg basic,934,1,0,1,1e-12,0.882565,0,1.06866e-11,1.60343e-12
Hessenberg basic,934,1,1,1,1e-12,2.63157,0,1.56888e-11,1.87418e-12
Hessenberg basic,935,1,0,1,1e-12,0.996909,0,1.33014e-11,1.78639e-12
Hessenberg basic,935,1,1,1,1e-12,2.57701,0,1.10276e-11,1.68955e-12
Hessenberg basic,936,1,0,1,1e-12,0.976496,0,1.19371e-11,1.67141e-12
Hessenberg basic,936,1,1,1,1e-12,2.70563,0,1.19371e-11,1.7416e-12
Hessenberg basic,937,1,0,1,1e-12,1.47515,0,1.3074e-11,1.68649e-12
Hessenberg basic,937,1,1,1,1e-12,2.51267,0,1.01181e-11,1.8096e-12
Hessenberg basic,938,1,0,1,1e-12,1.75723,0,1.17097e-11,1.77819e-12
Hessenberg basic,938,1,1,1,1e-12,2.76688,0,1.56888e-11,1.92281e-12
Hessenberg basic,939,1,0,1,1e-12,1.21999,0,1.10276e-11,1.78392e-12
Hessenberg basic,939,1,1,1,1e-12,3.03658,0,1.09139e-11,1.84609e-12
Hessenberg basic,940,1,0,1,1e-12,1.16285,0,1.35287e-11,1.66579e-12
Hessenberg basic,940,1,1,1,1e-12,2.91546,0,9.43601e-12,1.76597e-12
Hessenberg basic,941,1,0,1,1e-12,1.06732,0,1.36424e-11,1.75208e-12
Hessenberg basic,941,1,1,1,1e-12,3.22982,0,1.14824e-11,1.81188e-12
Hessenberg basic,942,1,0,1,1e-12,0.952883,0,1.77351e-11,1.76287e-12
Hessenberg basic,942,1,1,1,1e-12,3.1532,0,1.72804e-11,1.97812e-12
Hessenberg basic,943,1,0,1,1e-12,1.12109,0,1.05729e-11,1.6589e-12
Hessenberg basic,943,1,1,1,1e-12,2.70108,0,1.62572e-11,1.87521e-12
Hessenberg basic,944,1,0,1,1e-12,1.10103,0,1.35287e-11,1.72436e-12
Hessenberg basic,944,1,1,1,1e-12,2.83969,0,1.54614e-11,1.81477e-12
Hessenberg basic,945,1,0,1,1e-12,0.907737,0,1.38698e-11,1.79299e-12
Hessenberg basic,945,1,1,1,1e-12,3.05953,0,1.46656e-11,1.8046e-12
Hessenberg basic,946,1,0,1,1e-12,1.66049,0,1.45519e-11,1.85152e-12
Hessenberg basic,946,1,1,1,1e-12,4.08155,0,1.27329e-11,1.90246e-12
Hessenberg basic,947,1,0,1,1e-12,1.51396,0,1.29603e-11,1.78793e-12
Hessenberg basic,947,1,1,1,1e-12,3.51491,0,1.46656e-11,1.97846e-12
Hessenberg basic,948,1,0,1,1e-12,1.11159,0,1.23919e-11,1.74868e-12
Hessenberg basic,948,1,1,1,1e-12,3.58912,0,1.27329e-11,1.893e-12
Hessenberg basic,949,1,0,1,1e-12,1.20297,0,1.56888e-11,1.84914e-12
Hessenberg basic,949,1,1,1,1e-12,3.32381,0,1.3415e-11,1.92309e-12
Hessenberg basic,950,1,0,1,1e-12,0.988905,0,1.4893e-11,1.71065e-12
Hessenberg basic,950,1,1,1,1e-12,3.43073,0,1.06866e-11,1.9743e-12
Hessenberg basic,951,1,0,1,1e-12,1.05368,0,1.21645e-11,1.75248e-12
Hessenberg basic,951,1,1,1,1e-12,3.56692,0,1.13687e-11,1.8247e-12
Hessenberg basic,952,1,0,1,1e-12,1.20199,0,1.05729e-11,1.74257e-12
Hessenberg basic,952,1,1,1,1e-12,3.8003,0,1.10276e-11,1.57435e-12
Hessenberg basic,953,1,0,1,1e-12,1.19548,0,1.42109e-11,1.73103e-12
Hessenberg basic,953,1,1,1,1e-12,3.80341,0,1.46656e-11,1.9095e-12
Hessenberg basic,954,1,0,1,1e-12,1.35869,0,1.06866e-11,1.75823e-12
Hessenberg basic,954,1,1,1,1e-12,3.61324,0,1.09139e-11,1.79519e-12
Hessenberg basic,955,1,0,1,1e-12,1.37951,0,1.44382e-11,1.62885e-12
Hessenberg basic,955,1,1,1,1e-12,3.64017,0,1.23919e-11,1.91041e-12
Hessenberg basic,956,1,0,1,1e-12,1.35715,0,1.3415e-11,1.77899e-12
Hessenberg basic,956,1,1,1,1e-12,3.65549,0,1.78488e-11,1.78757e-12
Hessenberg basic,957,1,0,1,1e-12,0.988671,0,1.80762e-11,1.77e-12
Hessenberg basic,957,1,1,1,1e-12,3.56743,0,1.42109e-11,2.07549e-12
Hessenberg basic,958,1,0,1,1e-12,0.961787,0,1.77351e-11,1.71938e-12
Hessenberg basic,958,1,1,1,1e-12,3.04334,0,1.10276e-11,1.83129e-12
Hessenberg basic,959,1,0,1,1e-12,0.927658,0,1.7053e-11,1.70307e-12
Hessenberg basic,959,1,1,1,1e-12,3.28563,0,1.15961e-11,1.79462e-12
Hessenberg basic,960,1,0,1,1e-12,1.39663,0,1.31877e-11,1.7768e-12
Hessenberg basic,960,1,1,1,1e-12,3.45458,0,1.3074e-11,1.9079e-12
Hessenberg basic,961,1,0,1,1e-12,1.02799,0,1.19371e-11,1.72226e-12
Hessenberg basic,961,1,1,1,1e-12,3.27125,0,1.33014e-11,1.84169e-12
Hessenberg basic,962,1,0,1,1e-12,0.949999,0,1.04592e-11,1.63001e-12
Hessenberg basic,962,1,1,1,1e-12,3.23,0,1.26192e-11,1.88278e-12
Hessenberg basic,963,1,0,1,1e-12,1.21089,0,1.37561e-11,1.75706e-12
Hessenberg basic,963,1,1,1,1e-12,3.34974,0,1.59162e-11,1.84358e-12
Hessenberg basic,964,1,0,1,1e-12,0.994374,0,1.28466e-11,1.77291e-12
Hessenberg basic,964,1,1,1,1e-12,3.06842,0,1.22782e-11,1.7876e-12
Hessenberg basic,965,1,0,1,1e-12,1.41406,0,1.29603e-11,1.74039e-12
Hessenberg basic,965,1,1,1,1e-12,3.2318,0,1.10276e-11,1.89587e-12
Hessenberg basic,966,1,0,1,1e-12,1.09257,0,1.11413e-11,1.71756e-12
Hessenberg basic,966,1,1,1,1e-12,3.07758,0,1.62572e-11,1.97597e-12
Hessenberg basic,967,1,0,1,1e-12,1.36408,0,1.06866e-11,1.71138e-12
Hessenberg basic,967,1,1,1,1e-12,3.18743,0,1.65983e-11,1.84952e-12
Hessenberg basic,968,1,0,1,1e-12,0.976447,0,1.27329e-11,1.683e-12
Hessenberg basic,968,1,1,1,1e-12,2.9666,0,1.58025e-11,1.91695e-12
Hessenberg basic,969,1,0,1,1e-12,1.30405,0,1.26192e-11,1.71063e-12
Hessenberg basic,969,1,1,1,1e-12,3.13935,0,1.40972e-11,1.76333e-12
Hessenberg basic,970,1,0,1,1e-12,1.05452,0,1.01181e-11,1.71925e-12
Hessenberg basic,970,1,1,1,1e-12,3.24217,0,1.63709e-11,1.86639e-12
Hessenberg basic,971,1,0,1,1e-12,1.08682,0,9.66338e-12,1.67357e-12
Hessenberg basic,971,1,1,1,1e-12,3.52318,0,1.26192e-11,1.88692e-12
Hessenberg basic,972,1,0,1,1e-12,1.03272,0,9.54969e-12,1.64645e-12
Hessenberg basic,972,1,1,1,1e-12,3.54527,0,1.10276e-11,1.76242e-12
Hessenberg basic,973,1,0,1,1e-12,0.99912,0,1.21645e-11,1.75115e-12
Hessenberg basic,973,1,1,1,1e-12,3.69079,0,1.39835e-11,1.79955e-12
Hessenberg basic,974,1,0,1,1e-12,1.08967,0,1.09139e-11,1.74227e-12
Hessenberg basic,974,1,1,1,1e-12,3.64145,0,1.31877e-11,1.85542e-12
Hessenberg basic,975,1,0,1,1e-12,1.18475,0,1.01181e-11,1.75028e-12
Hessenberg basic,975,1,1,1,1e-12,3.73588,0,1.04592e-11,1.76624e-12
Hessenberg basic,976,1,0,1,1e-12,1.29246,0,9.89075e-12,1.69136e-12
Hessenberg basic,976,1,1,1,1e-12,4.20395,0,1.58025e-11,1.88808e-12
Hessenberg basic,977,1,0,1,1e-12,1.04251,0,1.44382e-11,1.69497e-12
Hessenberg basic,977,1,1,1,1e-12,3.98286,0,1.15961e-11,1.75728e-12
Hessenberg basic,978,1,0,1,1e-12,1.17753,0,1.13687e-11,1.70747e-12
Hessenberg basic,978,1,1,1,1e-12,4.12975,0,1.54614e-11,1.75527e-12
Hessenberg basic,979,1,0,1,1e-12,1.15816,0,2.11458e-11,1.86362e-12
Hessenberg basic,979,1,1,1,1e-12,4.16097,0,1.18234e-11,1.79189e-12
Hessenberg basic,980,1,0,1,1e-12,1.32678,0,1.56888e-11,1.79825e-12
Hessenberg basic,980,1,1,1,1e-12,3.82737,0,1.01181e-11,1.7651e-12
Hessenberg basic,981,1,0,1,1e-12,1.40836,0,1.20508e-11,1.69434e-12
Hessenberg basic,981,1,1,1,1e-12,3.87196,0,1.13118e-11,1.66858e-12
Hessenberg basic,982,1,0,1,1e-12,1.03404,0,1.13687e-11,1.59071e-12
Hessenberg basic,982,1,1,1,1e-12,3.82178,0,1.21645e-11,1.76264e-12
Hessenberg basic,983,1,0,1,1e-12,1.16736,0,1.42109e-11,1.66798e-12
Hessenberg basic,983,1,1,1,1e-12,3.58248,0,1.27329e-11,1.71092e-12
Hessenberg basic,984,1,0,1,1e-12,1.13736,0,1.11413e-11,1.60804e-12
Hessenberg basic,984,1,1,1,1e-12,3.50596,0,1.18234e-11,1.86841e-12
Hessenberg basic,985,1,0,1,1e-12,1.16673,0,1.27329e-11,1.66641e-12
Hessenberg basic,985,1,1,1,1e-12,3.53153,0,1.45519e-11,1.85135e-12
Hessenberg basic,986,1,0,1,1e-12,1.36255,0,1.01181e-11,1.79194e-12
Hessenberg basic,986,1,1,1,1e-12,2.93915,0,1.26192e-11,1.89787e-12
Hessenberg basic,987,1,0,1,1e-12,1.67986,0,1.28466e-11,1.63298e-12
Hessenberg basic,987,1,1,1,1e-12,3.16189,0,1.36424e-11,2.02747e-12
Hessenberg basic,988,1,0,1,1e-12,2.12945,0,1.3074e-11,1.65753e-12
Hessenberg basic,988,1,1,1,1e-12,4.1629,0,1.21645e-11,1.86155e-12
Hessenberg basic,989,1,0,1,1e-12,1.60408,0,1.13687e-11,1.72068e-12
Hessenberg basic,989,1,1,1,1e-12,4.09674,0,1.18234e-11,1.79868e-12
Hessenberg basic,990,1,0,1,1e-12,1.32366,0,1.19371e-11,1.85152e-12
Hessenberg basic,990,1,1,1,1e-12,3.77091,0,1.18234e-11,1.81137e-12
Hessenberg basic,991,1,0,1,1e-12,1.16936,0,1.05729e-11,1.4953e-12
Hessenberg basic,991,1,1,1,1e-12,3.66092,0,1.13687e-11,1.98733e-12
Hessenberg basic,992,1,0,1,1e-12,1.23292,0,1.01181e-11,1.69755e-12
Hessenberg basic,992,1,1,1,1e-12,3.97747,0,1.23919e-11,1.63696e-12
Hessenberg basic,993,1,0,1,1e-12,1.58645,0,1.33014e-11,1.71718e-12
Hessenberg basic,993,1,1,1,1e-12,4.25831,0,1.39835e-11,1.80267e-12
Hessenberg basic,994,1,0,1,1e-12,1.26376,0,1.03455e-11,1.59419e-12
Hessenberg basic,994,1,1,1,1e-12,4.27317,0,1.08002e-11,1.74136e-12
Hessenberg basic,995,1,0,1,1e-12,1.38263,0,1.61435e-11,1.71491e-12
Hessenberg basic,995,1,1,1,1e-12,4.18365,0,1.4893e-11,1.85314e-12
Hessenberg basic,996,1,0,1,1e-12,1.33993,0,1.76215e-11,1.77526e-12
Hessenberg basic,996,1,1,1,1e-12,4.15316,0,1.1255e-11,1.76192e-12
Hessenberg basic,997,1,0,1,1e-12,1.13916,0,9.77707e-12,1.66891e-12
Hessenberg basic,997,1,1,1,1e-12,4.26575,0,1.18234e-11,1.84256e-12
Hessenberg basic,998,1,0,1,1e-12,2.33702,0,1.03455e-11,1.77271e-12
Hessenberg basic,998,1,1,1,1e-12,3.97859,0,1.25056e-11,1.762e-12
Hessenberg basic,999,1,0,1,1e-12,1.27942,0,1.47793e-11,1.81721e-12
Hessenberg basic,999,1,1,1,1e-12,4.79625,0,1.26192e-11,1.93227e-12
Hessenberg basic,1000,1,0,1,1e-12,1.21045,0,1.01181e-11,1.77373e-12
Hessenberg basic,1000,1,1,1,1e-12,3.52453,0,1.14824e-11,1.72955e-12
