version, size, hermitian, complex, seed, tol, runtime in s,min_error, max_error, avg_error
Hessenberg basic,900,0,0,9,1e-12,1.23583,0,2.16005e-11,3.86348e-12
Hessenberg basic,900,0,1,9,1e-12,2.76884,6.02916e-14,2.6603e-11,4.83835e-12
Hessenberg basic,901,0,0,9,1e-12,0.760928,0,2.34195e-11,3.53817e-12
Hessenberg basic,901,0,1,9,1e-12,2.77174,0,2.54415e-11,4.88306e-12
Hessenberg basic,902,0,0,9,1e-12,1.4165,0,2.251e-11,3.59265e-12
Hessenberg basic,902,0,1,9,1e-12,2.00853,7.10543e-15,2.95699e-11,4.82889e-12
Hessenberg basic,903,0,0,9,1e-12,0.875055,0,2.34195e-11,3.71053e-12
Hessenberg basic,903,0,1,9,1e-12,3.04994,2.13163e-14,2.42492e-11,4.84817e-12
Hessenberg basic,904,0,0,9,1e-12,0.902163,0,2.54659e-11,3.49359e-12
Hessenberg basic,904,0,1,9,1e-12,2.48398,3.17764e-14,2.9022e-11,4.89292e-12
Hessenberg basic,905,0,0,9,1e-12,0.780405,0,2.95586e-11,3.68243e-12
Hessenberg basic,905,0,1,9,1e-12,3.02029,0,2.52835e-11,4.86809e-12
Hessenberg basic,906,0,0,9,1e-12,1.66347,0,2.29647e-11,3.96343e-12
Hessenberg basic,906,0,1,9,1e-12,2.11247,6.15412e-14,3.23928e-11,4.57697e-12
Hessenberg basic,907,0,0,9,1e-12,1.13299,0,2.20552e-11,3.95067e-12
Hessenberg basic,907,0,1,9,1e-12,2.31203,7.8883e-14,2.06913e-11,4.68178e-12
Hessenberg basic,908,0,0,9,1e-12,1.17067,0,2.4744e-11,3.95741e-12
Hessenberg basic,908,0,1,9,1e-12,4.16079,2.00972e-14,2.3647e-11,4.94227e-12
Hessenberg basic,909,0,0,9,1e-12,0.722197,0,2.14673e-11,4.17075e-12
Hessenberg basic,909,0,1,9,1e-12,2.31264,0,2.9126e-11,4.73357e-12
Hessenberg basic,910,0,0,9,1e-12,0.919042,0,3.54703e-11,3.96809e-12
Hessenberg basic,910,0,1,9,1e-12,3.29659,2.84217e-14,2.30893e-11,4.87064e-12
Hessenberg basic,911,0,0,9,1e-12,1.70768,0,1.97815e-11,3.88618e-12
Hessenberg basic,911,0,1,9,1e-12,2.13809,7.10543e-15,2.14853e-11,4.82004e-12
Hessenberg basic,912,0,0,9,1e-12,1.28009,0,3.56977e-11,3.76287e-12
Hessenberg basic,912,0,1,9,1e-12,2.32992,1.42109e-14,2.22097e-11,4.46584e-12
Hessenberg basic,913,0,0,9,1e-12,1.58263,0,2.12521e-11,3.69163e-12
Hessenberg basic,913,0,1,9,1e-12,3.93958,7.10543e-14,2.49335e-11,4.98018e-12
Hessenberg basic,914,0,0,9,1e-12,0.703198,0,2.27374e-11,3.90491e-12
Hessenberg basic,914,0,1,9,1e-12,2.31159,2.24693e-14,3.12721e-11,4.92052e-12
Hessenberg basic,915,0,0,9,1e-12,0.891239,0,3.27418e-11,3.74027e-12
Hessenberg basic,915,0,1,9,1e-12,3.30543,5.72858e-14,2.51955e-11,4.74312e-12
Hessenberg basic,916,0,0,9,1e-12,1.74666,0,1.84173e-11,3.59139e-12
Hessenberg basic,916,0,1,9,1e-12,2.14493,1.42109e-14,2.58867e-11,4.95382e-12
Hessenberg basic,917,0,0,9,1e-12,0.892414,0,2.54659e-11,4.11765e-12
Hessenberg basic,917,0,1,9,1e-12,2.69027,2.84217e-14,2.87545e-11,4.77357e-12
Hessenberg basic,918,0,0,9,1e-12,1.59427,0,2.03496e-11,3.70623e-12
Hessenberg basic,918,0,1,9,1e-12,4.16473,5.68434e-14,2.62193e-11,4.63852e-12
Hessenberg basic,919,0,0,9,1e-12,0.817039,0,2.9786e-11,4.13759e-12
Hessenberg basic,919,0,1,9,1e-12,2.31321,3.17764e-14,2.39077e-11,4.65308e-12
Hessenberg basic,920,0,0,9,1e-12,0.916837,0,2.7967e-11,3.90131e-12
Hessenberg basic,920,0,1,9,1e-12,3.53675,7.10543e-14,2.36231e-11,4.85767e-12
Hessenberg basic,921,0,0,9,1e-12,2.09833,0,2.66027e-11,4.09848e-12
Hessenberg basic,921,0,1,9,1e-12,2.08202,4.26326e-14,2.49335e-11,4.62079e-12
Hessenberg basic,922,0,0,9,1e-12,1.04264,0,2.95586e-11,3.53946e-12
Hessenberg basic,922,0,1,9,1e-12,2.61193,2.84217e-14,2.1378e-11,4.73231e-12
Hessenberg basic,923,0,0,9,1e-12,1.69827,0,2.78521e-11,3.96651e-12
Hessenberg basic,923,0,1,9,1e-12,4.1818,3.55271e-14,2.32703e-11,4.82881e-12
Hessenberg basic,924,0,0,9,1e-12,0.84064,0,2.251e-11,4.02432e-12
Hessenberg basic,924,0,1,9,1e-12,2.41449,5.85929e-14,2.48026e-11,4.97609e-12
Hessenberg basic,925,0,0,9,1e-12,0.996865,0,3.20597e-11,3.83047e-12
Hessenberg basic,925,0,1,9,1e-12,3.49694,2.72175e-14,3.32123e-11,4.82157e-12
Hessenberg basic,926,0,0,9,1e-12,2.07365,0,2.63753e-11,3.65285e-12
Hessenberg basic,926,0,1,9,1e-12,2.25382,2.84217e-14,2.61485e-11,5.03515e-12
Hessenberg basic,927,0,0,9,1e-12,1.28603,0,2.84217e-11,3.67674e-12
Hessenberg basic,927,0,1,9,1e-12,2.5365,2.00972e-14,2.61472e-11,4.84104e-12
Hessenberg basic,928,0,0,9,1e-12,1.48927,0,2.54783e-11,4.37823e-12
Hessenberg basic,928,0,1,9,1e-12,4.59048,4.01944e-14,2.11372e-11,4.6953e-12
Hessenberg basic,929,0,0,9,1e-12,0.765469,0,2.27374e-11,3.7945e-12
Hessenberg basic,929,0,1,9,1e-12,2.46792,0,3.65138e-11,4.77174e-12
Hessenberg basic,930,0,0,9,1e-12,0.891693,0,2.04636e-11,3.81888e-12
Hessenberg basic,930,0,1,9,1e-12,3.18493,5.68434e-14,2.40049e-11,4.582e-12
Hessenberg basic,931,0,0,9,1e-12,1.8017,0,2.86279e-11,3.93922e-12
Hessenberg basic,931,0,1,9,1e-12,2.08172,2.84217e-14,2.82001e-11,4.68594e-12
Hessenberg basic,932,0,0,9,1e-12,1.48272,0,2.07022e-11,3.79955e-12
Hessenberg basic,932,0,1,9,1e-12,2.40925,7.0263e-14,2.00089e-11,4.70398e-12
Hessenberg basic,933,0,0,9,1e-12,1.37413,0,1.86446e-11,3.33694e-12
Hessenberg basic,933,0,1,9,1e-12,4.24058,6.11232e-14,2.64233e-11,5.11685e-12
Hessenberg basic,934,0,0,9,1e-12,0.800624,0,3.61524e-11,3.83091e-12
Hessenberg basic,934,0,1,9,1e-12,2.41008,2.95244e-14,2.05509e-11,4.63324e-12
Hessenberg basic,935,0,0,9,1e-12,0.927353,0,2.25493e-11,3.86041e-12
Hessenberg basic,935,0,1,9,1e-12,3.07439,4.54969e-14,3.06822e-11,5.00662e-12
Hessenberg basic,936,0,0,9,1e-12,1.50335,0,2.16005e-11,3.89219e-12
Hessenberg basic,936,0,1,9,1e-12,2.36107,4.49387e-14,3.00357e-11,5.04175e-12
Hessenberg basic,937,0,0,9,1e-12,0.901975,0,2.6148e-11,3.62547e-12
Hessenberg basic,937,0,1,9,1e-12,2.42482,8.55607e-14,2.98789e-11,4.55313e-12
Hessenberg basic,938,0,0,9,1e-12,1.08154,0,2.70575e-11,3.77878e-12
Hessenberg basic,938,0,1,9,1e-12,3.53635,2.13163e-14,2.07509e-11,4.54589e-12
Hessenberg basic,939,0,0,9,1e-12,0.886228,0,2.45564e-11,3.79024e-12
Hessenberg basic,939,0,1,9,1e-12,2.40375,0,2.76846e-11,4.87644e-12
Hessenberg basic,940,0,0,9,1e-12,0.965438,0,2.97736e-11,3.70138e-12
Hessenberg basic,940,0,1,9,1e-12,3.2751,1.58882e-14,2.68272e-11,5.17301e-12
Hessenberg basic,941,0,0,9,1e-12,1.70723,0,2.41252e-11,3.78868e-12
Hessenberg basic,941,0,1,9,1e-12,2.36125,3.17764e-14,1.97436e-11,4.47931e-12
Hessenberg basic,942,0,0,9,1e-12,0.978449,0,2.25313e-11,3.86298e-12
Hessenberg basic,942,0,1,9,1e-12,2.7137,1.02476e-13,2.70536e-11,4.56591e-12
Hessenberg basic,943,0,0,9,1e-12,1.16279,0,2.27502e-11,3.50279e-12
Hessenberg basic,943,0,1,9,1e-12,3.98634,3.17764e-14,2.338e-11,5.06828e-12
Hessenberg basic,944,0,0,9,1e-12,1.01613,0,2.16005e-11,3.61462e-12
Hessenberg basic,944,0,1,9,1e-12,2.81173,2.86429e-14,2.4017e-11,4.89409e-12
Hessenberg basic,945,0,0,9,1e-12,1.04643,0,2.45564e-11,3.82819e-12
Hessenberg basic,945,0,1,9,1e-12,2.87327,3.55271e-14,2.16292e-11,4.92409e-12
Hessenberg basic,946,0,0,9,1e-12,1.11149,0,1.64956e-11,3.51671e-12
Hessenberg basic,946,0,1,9,1e-12,2.59812,0,2.58867e-11,4.81581e-12
Hessenberg basic,947,0,0,9,1e-12,1.72625,0,1.81899e-11,3.58465e-12
Hessenberg basic,947,0,1,9,1e-12,2.50839,5.1238e-14,2.46638e-11,5.13286e-12
Hessenberg basic,948,0,0,9,1e-12,0.964007,0,2.3451e-11,3.73771e-12
Hessenberg basic,948,0,1,9,1e-12,3.49526,8.03887e-14,2.44187e-11,4.67224e-12
Hessenberg basic,949,0,0,9,1e-12,1.16844,0,2.09184e-11,3.49765e-12
Hessenberg basic,949,0,1,9,1e-12,3.03005,5.57504e-14,3.1385e-11,5.0726e-12
Hessenberg basic,950,0,0,9,1e-12,0.979922,0,2.6148e-11,3.9292e-12
Hessenberg basic,950,0,1,9,1e-12,2.6604,3.73035e-14,2.33399e-11,4.86921e-12
Hessenberg basic,951,0,0,9,1e-12,1.13257,0,2.13731e-11,3.72955e-12
Hessenberg basic,951,0,1,9,1e-12,2.68187,3.17764e-14,2.76808e-11,4.5878e-12
Hessenberg basic,952,0,0,9,1e-12,1.8543,0,2.91038e-11,4.16766e-12
Hessenberg basic,952,0,1,9,1e-12,2.65375,8.23328e-14,2.62824e-11,4.7071e-12
Hessenberg basic,953,0,0,9,1e-12,0.89122,0,2.07285e-11,3.9654e-12
Hessenberg basic,953,0,1,9,1e-12,3.51924,2.13163e-14,2.33399e-11,4.69851e-12
Hessenberg basic,954,0,0,9,1e-12,1.47942,0,1.96376e-11,3.77619e-12
Hessenberg basic,954,0,1,9,1e-12,3.25862,1.58882e-14,2.51955e-11,4.8688e-12
Hessenberg basic,955,0,0,9,1e-12,0.919734,0,1.95541e-11,3.61166e-12
Hessenberg basic,955,0,1,9,1e-12,2.60208,5.68434e-14,2.37579e-11,4.72341e-12
Hessenberg basic,956,0,0,9,1e-12,1.10004,0,2.36163e-11,3.75278e-12
Hessenberg basic,956,0,1,9,1e-12,2.63519,4.76647e-14,2.38385e-11,4.67192e-12
Hessenberg basic,957,0,0,9,1e-12,1.82613,0,3.39132e-11,4.01995e-12
Hessenberg basic,957,0,1,9,1e-12,2.63936,7.32411e-14,2.83819e-11,4.69979e-12
Hessenberg basic,958,0,0,9,1e-12,1.19675,0,2.58475e-11,3.77507e-12
Hessenberg basic,958,0,1,9,1e-12,3.20185,6.35529e-14,2.29752e-11,4.64645e-12
Hessenberg basic,959,0,0,9,1e-12,1.26265,0,2.29917e-11,4.19853e-12
Hessenberg basic,959,0,1,9,1e-12,3.61037,6.03961e-14,2.4784e-11,4.8454e-12
Hessenberg basic,960,0,0,9,1e-12,1.20222,0,1.84173e-11,3.48349e-12
Hessenberg basic,960,0,1,9,1e-12,3.50696,4.26326e-14,2.0582e-11,4.69352e-12
Hessenberg basic,961,0,0,9,1e-12,1.30579,0,1.56888e-11,3.47598e-12
Hessenberg basic,961,0,1,9,1e-12,3.06587,3.17764e-14,3.35731e-11,4.57869e-12
Hessenberg basic,962,0,0,9,1e-12,1.18451,0,2.4329e-11,3.88529e-12
Hessenberg basic,962,0,1,9,1e-12,2.88776,9.53293e-14,2.65288e-11,4.56108e-12
Hessenberg basic,963,0,0,9,1e-12,1.22634,0,2.38742e-11,3.93848e-12
Hessenberg basic,963,0,1,9,1e-12,2.79594,1.42109e-14,2.44543e-11,4.49693e-12
Hessenberg basic,964,0,0,9,1e-12,1.03804,0,1.90994e-11,3.88072e-12
Hessenberg basic,964,0,1,9,1e-12,2.77602,7.10543e-15,2.22838e-11,4.73241e-12
Hessenberg basic,965,0,0,9,1e-12,1.56985,0,2.74972e-11,3.89272e-12
Hessenberg basic,965,0,1,9,1e-12,2.74505,2.5619e-14,3.4684e-11,4.86713e-12
Hessenberg basic,966,0,0,9,1e-12,1.2237,0,2.52385e-11,3.85755e-12
Hessenberg basic,966,0,1,9,1e-12,3.21349,0,2.51412e-11,4.72784e-12
Hessenberg basic,967,0,0,9,1e-12,0.997845,0,2.00188e-11,3.99739e-12
Hessenberg basic,967,0,1,9,1e-12,3.18143,2.13163e-14,2.43035e-11,4.76235e-12
Hessenberg basic,968,0,0,9,1e-12,0.974465,0,2.0691e-11,3.65424e-12
Hessenberg basic,968,0,1,9,1e-12,3.27402,2.84217e-14,2.6749e-11,4.68917e-12
Hessenberg basic,969,0,0,9,1e-12,1.28276,0,2.84028e-11,3.63802e-12
Hessenberg basic,969,0,1,9,1e-12,3.30581,2.84217e-14,2.00914e-11,4.61233e-12
Hessenberg basic,970,0,0,9,1e-12,0.902242,0,2.59206e-11,3.81719e-12
Hessenberg basic,970,0,1,9,1e-12,3.08687,5.83838e-14,2.53502e-11,4.6338e-12
Hessenberg basic,971,0,0,9,1e-12,1.04902,0,2.14082e-11,3.9257e-12
Hessenberg basic,971,0,1,9,1e-12,3.34899,0,2.06247e-11,4.43061e-12
Hessenberg basic,972,0,0,9,1e-12,1.12384,0,2.34195e-11,3.56258e-12
Hessenberg basic,972,0,1,9,1e-12,3.7255,4.49387e-14,2.00593e-11,4.54149e-12
Hessenberg basic,973,0,0,9,1e-12,1.36659,0,1.95541e-11,3.6161e-12
Hessenberg basic,973,0,1,9,1e-12,3.24063,7.24614e-14,3.28324e-11,4.61683e-12
Hessenberg basic,974,0,0,9,1e-12,1.14365,0,2.81943e-11,3.85035e-12
Hessenberg basic,974,0,1,9,1e-12,2.81983,3.35162e-14,2.41702e-11,4.66114e-12
Hessenberg basic,975,0,0,9,1e-12,1.16444,0,2.52385e-11,3.7551e-12
Hessenberg basic,975,0,1,9,1e-12,2.56755,3.55271e-15,2.67461e-11,4.75852e-12
Hessenberg basic,976,0,0,9,1e-12,0.936739,0,2.159e-11,3.80313e-12
Hessenberg basic,976,0,1,9,1e-12,2.60111,4.54969e-14,3.04961e-11,4.61274e-12
Hessenberg basic,977,0,0,9,1e-12,1.33485,0,2.00089e-11,3.54384e-12
Hessenberg basic,977,0,1,9,1e-12,3.03307,2.04281e-14,3.23161e-11,4.5739e-12
Hessenberg basic,978,0,0,9,1e-12,0.930362,0,2.31921e-11,3.84413e-12
Hessenberg basic,978,0,1,9,1e-12,3.18005,0,2.96705e-11,4.75735e-12
Hessenberg basic,979,0,0,9,1e-12,1.0672,0,2.4329e-11,3.5647e-12
Hessenberg basic,979,0,1,9,1e-12,3.13947,5.29541e-14,2.36702e-11,4.8702e-12
Hessenberg basic,980,0,0,9,1e-12,0.918742,0,2.97686e-11,3.87858e-12
Hessenberg basic,980,0,1,9,1e-12,2.74599,0,2.34042e-11,4.65784e-12
Hessenberg basic,981,0,0,9,1e-12,0.873839,0,1.89561e-11,3.85232e-12
Hessenberg basic,981,0,1,9,1e-12,3.17266,2.84217e-14,2.65124e-11,4.67538e-12
Hessenberg basic,982,0,0,9,1e-12,1.19139,0,1.95224e-11,3.9405e-12
Hessenberg basic,982,0,1,9,1e-12,3.92144,5.74027e-14,2.25516e-11,4.6836e-12
Hessenberg basic,983,0,0,9,1e-12,1.21735,0,2.77396e-11,3.68281e-12
Hessenberg basic,983,0,1,9,1e-12,3.46161,7.10543e-15,2.30198e-11,4.45083e-12
Hessenberg basic,984,0,0,9,1e-12,1.06826,0,2.50111e-11,3.90974e-12
Hessenberg basic,984,0,1,9,1e-12,3.35891,6.55088e-14,3.09395e-11,4.86537e-12
Hessenberg basic,985,0,0,9,1e-12,1.01009,0,2.31659e-11,3.6398e-12
Hessenberg basic,985,0,1,9,1e-12,2.88823,4.76647e-14,2.72894e-11,4.74283e-12
Hessenberg basic,986,0,0,9,1e-12,1.31361,0,2.56932e-11,3.84161e-12
Hessenberg basic,986,0,1,9,1e-12,2.64489,1.42109e-14,2.90772e-11,4.75198e-12
Hessenberg basic,987,0,0,9,1e-12,1.57563,0,2.16453e-11,3.70463e-12
Hessenberg basic,987,0,1,9,1e-12,2.8961,2.92964e-14,3.68431e-11,4.69715e-12
Hessenberg basic,988,0,0,9,1e-12,1.48228,0,3.31966e-11,4.04399e-12
Hessenberg basic,988,0,1,9,1e-12,3.11992,3.17764e-14,2.34096e-11,4.7091e-12
Hessenberg basic,989,0,0,9,1e-12,0.944111,0,2.52385e-11,3.77286e-12
Hessenberg basic,989,0,1,9,1e-12,3.33858,2.84217e-14,2.31187e-11,4.689e-12
Hessenberg basic,990,0,0,9,1e-12,0.99821,0,2.34096e-11,4.13046e-12
Hessenberg basic,990,0,1,9,1e-12,3.14183,4.17444e-14,2.15045e-11,4.54284e-12
Hessenberg basic,991,0,0,9,1e-12,0.941085,0,2.43802e-11,3.90632e-12
Hessenberg basic,991,0,1,9,1e-12,3.08037,3.55271e-14,2.45742e-11,5.07537e-12
Hessenberg basic,992,0,0,9,1e-12,1.08539,0,2.34195e-11,3.68491e-12
Hessenberg basic,992,0,1,9,1e-12,3.85368,3.77659e-14,1.96293e-11,4.61504e-12
Hessenberg basic,993,0,0,9,1e-12,1.27526,0,2.04636e-11,3.66584e-12
Hessenberg basic,993,0,1,9,1e-12,3.75118,2.84217e-14,2.47096e-11,4.63787e-12
Hessenberg basic,994,0,0,9,1e-12,1.07256,0,1.98513e-11,3.83909e-12
Hessenberg basic,994,0,1,9,1e-12,3.25872,5.68434e-14,3.64373e-11,4.78315e-12
Hessenberg basic,995,0,0,9,1e-12,1.07336,0,1.93118e-11,3.70362e-12
Hessenberg basic,995,0,1,9,1e-12,3.07805,3.17764e-14,2.21111e-11,4.556e-12
Hessenberg basic,996,0,0,9,1e-12,0.935475,0,2.25783e-11,4.23212e-12
Hessenberg basic,996,0,1,9,1e-12,2.8997,2.84217e-14,2.09853e-11,4.72375e-12
Hessenberg basic,997,0,0,9,1e-12,0.95259,0,2.16626e-11,3.58234e-12
Hessenberg basic,997,0,1,9,1e-12,2.87756,1.42109e-14,2.36042e-11,4.60411e-12
Hessenberg basic,998,0,0,9,1e-12,1.14432,0,2.0691e-11,3.56399e-12
Hessenberg basic,998,0,1,9,1e-12,2.88465,5.95543e-14,2.22965e-11,4.45034e-12
Hessenberg basic,999,0,0,9,1e-12,1.36652,0,2.01748e-11,3.63291e-12
Hessenberg basic,999,0,1,9,1e-12,3.00646,0,2.15539e-11,4.56238e-12
Hessenberg basic,1000,0,0,9,1e-12,1.97487,0,2.36469e-11,3.87073e-12
Hessenberg basic,1000,0,1,9,1e-12,3.56108,4.26326e-14,2.1856e-11,4.75838e-12
