version, size, hermitian, complex, seed, tol, runtime in s,min_error, max_error, avg_error
Hessenberg basic,900,0,0,10,1e-12,0.826825,2.72945e-05,0.283229,0.0329842
Hessenberg basic,900,0,1,10,1e-12,2.72823,0.000717299,0.267231,0.0353015
Hessenberg basic,901,0,0,10,1e-12,1.16583,3.67384e-05,0.259938,0.0327062
Hessenberg basic,901,0,1,10,1e-12,2.68839,0.000589021,0.321138,0.0342055
Hessenberg basic,902,0,0,10,1e-12,0.851375,1.19036e-05,0.227094,0.0319346
Hessenberg basic,902,0,1,10,1e-12,3.33727,0.00105095,0.215067,0.033884
Hessenberg basic,903,0,0,10,1e-12,1.37598,1.26606e-07,0.330874,0.030111
Hessenberg basic,903,0,1,10,1e-12,3.44663,0.00146191,0.350815,0.0350665
Hessenberg basic,904,0,0,10,1e-12,1.17615,3.19982e-05,0.363291,0.0321389
Hessenberg basic,904,0,1,10,1e-12,2.84843,0.000335203,0.299231,0.0361945
Hessenberg basic,905,0,0,10,1e-12,0.922008,7.86899e-05,0.201864,0.031663
Hessenberg basic,905,0,1,10,1e-12,3.02664,0.00176473,0.286745,0.0358284
Hessenberg basic,906,0,0,10,1e-12,1.00361,7.99091e-06,0.230215,0.0301548
Hessenberg basic,906,0,1,10,1e-12,2.69408,0.000256135,0.297198,0.0353912
Hessenberg basic,907,0,0,10,1e-12,1.27181,8.94305e-06,0.232371,0.0310336
Hessenberg basic,907,0,1,10,1e-12,2.66269,0.000319165,0.227039,0.0337511
Hessenberg basic,908,0,0,10,1e-12,0.821033,2.96931e-05,0.211801,0.0314884
Hessenberg basic,908,0,1,10,1e-12,3.46021,0.000560845,0.237023,0.0336308
Hessenberg basic,909,0,0,10,1e-12,1.00075,0.000399159,0.214912,0.0318361
Hessenberg basic,909,0,1,10,1e-12,3.44372,0.00106268,0.24715,0.0349501
Hessenberg basic,910,0,0,10,1e-12,1.23196,9.16394e-05,0.36439,0.0307402
Hessenberg basic,910,0,1,10,1e-12,3.02172,0.000732614,0.216303,0.0329604
Hessenberg basic,911,0,0,10,1e-12,1.0207,6.44612e-05,0.204484,0.0304302
Hessenberg basic,911,0,1,10,1e-12,3.06996,0.000619257,0.210495,0.0342063
Hessenberg basic,912,0,0,10,1e-12,1.09163,6.49472e-07,0.272478,0.0299668
Hessenberg basic,912,0,1,10,1e-12,2.6821,0.00123453,0.230929,0.0346092
Hessenberg basic,913,0,0,10,1e-12,1.30081,2.37351e-06,0.35211,0.0312084
Hessenberg basic,913,0,1,10,1e-12,2.68253,0.000344077,0.2938,0.0353672
Hessenberg basic,914,0,0,10,1e-12,0.938412,0.000184358,0.320843,0.0308011
Hessenberg basic,914,0,1,10,1e-12,3.84014,0.000867254,0.265826,0.0355593
Hessenberg basic,915,0,0,10,1e-12,1.26278,4.29425e-05,0.315926,0.0323003
Hessenberg basic,915,0,1,10,1e-12,3.39603,0.000224152,0.225354,0.0341337
Hessenberg basic,916,0,0,10,1e-12,1.02828,4.07688e-06,0.251285,0.0312272
Hessenberg basic,916,0,1,10,1e-12,2.82409,0.000628752,0.24461,0.034159
Hessenberg basic,917,0,0,10,1e-12,1.06474,0.000115467,0.185436,0.029965
Hessenberg basic,917,0,1,10,1e-12,3.1426,0.000374704,0.303702,0.0353152
Hessenberg basic,918,0,0,10,1e-12,1.25928,2.88618e-05,0.250599,0.0304762
Hessenberg basic,918,0,1,10,1e-12,2.96632,0.001416,0.327704,0.0340107
Hessenberg basic,919,0,0,10,1e-12,1.31149,0.000122661,0.198996,0.0318957
Hessenberg basic,919,0,1,10,1e-12,3.03815,0.000628652,0.225185,0.0346926
Hessenberg basic,920,0,0,10,1e-12,1.09057,6.8708e-05,0.257758,0.0320983
Hessenberg basic,920,0,1,10,1e-12,3.33892,0.0009215,0.26475,0.034778
Hessenberg basic,921,0,0,10,1e-12,1.31663,0.000192179,0.187408,0.0302487
Hessenberg basic,921,0,1,10,1e-12,3.422,0.000794167,0.260334,0.0343822
Hessenberg basic,922,0,0,10,1e-12,1.08005,0.000106749,0.284785,0.0306334
Hessenberg basic,922,0,1,10,1e-12,2.8738,0.000430502,0.329177,0.0339509
Hessenberg basic,923,0,0,10,1e-12,0.972715,8.9332e-06,0.301996,0.0315529
Hessenberg basic,923,0,1,10,1e-12,3.41387,0.000656277,0.270282,0.0341963
Hessenberg basic,924,0,0,10,1e-12,1.56909,3.98964e-05,0.249656,0.0317984
Hessenberg basic,924,0,1,10,1e-12,2.92297,0.00068712,0.352354,0.0341644
Hessenberg basic,925,0,0,10,1e-12,1.09966,1.97291e-05,0.415421,0.0306849
Hessenberg basic,925,0,1,10,1e-12,2.86812,0.00121876,0.204143,0.0325756
Hessenberg basic,926,0,0,10,1e-12,1.00311,6.20159e-05,0.300441,0.031033
Hessenberg basic,926,0,1,10,1e-12,3.95879,0.00123127,0.339711,0.0349347
Hessenberg basic,927,0,0,10,1e-12,1.38761,5.40485e-05,0.300197,0.0310303
Hessenberg basic,927,0,1,10,1e-12,3.41646,0.00133818,0.274488,0.0337266
Hessenberg basic,928,0,0,10,1e-12,1.01474,0.000171081,0.252415,0.0318513
Hessenberg basic,928,0,1,10,1e-12,2.91427,0.000950758,0.349829,0.0353084
Hessenberg basic,929,0,0,10,1e-12,0.905075,1.2359e-05,0.214858,0.0307045
Hessenberg basic,929,0,1,10,1e-12,3.41163,0.000946705,0.350363,0.0354568
Hessenberg basic,930,0,0,10,1e-12,1.57262,0.000346837,0.169292,0.0309523
Hessenberg basic,930,0,1,10,1e-12,3.05903,0.00107461,0.315471,0.034101
Hessenberg basic,931,0,0,10,1e-12,1.14771,3.5263e-06,0.185692,0.0296738
Hessenberg basic,931,0,1,10,1e-12,2.91705,0.000798067,0.237364,0.0343092
Hessenberg basic,932,0,0,10,1e-12,1.00593,4.90443e-05,0.241701,0.0320826
Hessenberg basic,932,0,1,10,1e-12,4.11962,0.000635921,0.23017,0.0334963
Hessenberg basic,933,0,0,10,1e-12,1.48752,6.71619e-05,0.230789,0.0317956
Hessenberg basic,933,0,1,10,1e-12,3.63385,0.000847999,0.287981,0.0347104
Hessenberg basic,934,0,0,10,1e-12,1.12967,0.000175335,0.225409,0.0294641
Hessenberg basic,934,0,1,10,1e-12,3.05318,0.00161789,0.256312,0.0341252
Hessenberg basic,935,0,0,10,1e-12,0.999949,4.143e-05,0.340421,0.0295756
Hessenberg basic,935,0,1,10,1e-12,3.63,0.00121888,0.229726,0.0330231
Hessenberg basic,936,0,0,10,1e-12,1.7716,1.96949e-05,0.25139,0.0305806
Hessenberg basic,936,0,1,10,1e-12,3.07208,0.00114695,0.308337,0.0351419
Hessenberg basic,937,0,0,10,1e-12,1.33901,3.80359e-05,0.229016,0.0309207
Hessenberg basic,937,0,1,10,1e-12,2.94944,0.000230365,0.196202,0.0326666
Hessenberg basic,938,0,0,10,1e-12,1.03389,5.958e-05,0.244516,0.0303034
Hessenberg basic,938,0,1,10,1e-12,4.18578,0.000836914,0.308083,0.0344093
Hessenberg basic,939,0,0,10,1e-12,1.50572,7.72512e-05,0.278209,0.0306459
Hessenberg basic,939,0,1,10,1e-12,3.65424,0.000945867,0.350109,0.0339246
Hessenberg basic,940,0,0,10,1e-12,1.16407,9.19136e-06,0.229246,0.0313058
Hessenberg basic,940,0,1,10,1e-12,3.06269,0.000897812,0.251182,0.0349652
Hessenberg basic,941,0,0,10,1e-12,1.07447,0.000107668,0.51722,0.0315391
Hessenberg basic,941,0,1,10,1e-12,3.75942,0.00134477,0.231288,0.0357686
Hessenberg basic,942,0,0,10,1e-12,1.48457,0.000130169,0.231531,0.0313261
Hessenberg basic,942,0,1,10,1e-12,3.07656,0.00113954,0.256554,0.0355794
Hessenberg basic,943,0,0,10,1e-12,1.17433,0.000117021,0.182182,0.0310788
Hessenberg basic,943,0,1,10,1e-12,3.10023,0.000377251,0.197144,0.033081
Hessenberg basic,944,0,0,10,1e-12,1.29261,5.88924e-05,0.224883,0.029368
Hessenberg basic,944,0,1,10,1e-12,4.26962,0.000996426,0.267088,0.0331466
Hessenberg basic,945,0,0,10,1e-12,1.21996,9.96766e-05,0.235655,0.0298791
Hessenberg basic,945,0,1,10,1e-12,3.33981,0.000668422,0.269346,0.0347354
Hessenberg basic,946,0,0,10,1e-12,0.969621,0.000141039,0.237751,0.0299401
Hessenberg basic,946,0,1,10,1e-12,3.2868,0.000748442,0.250118,0.0328988
Hessenberg basic,947,0,0,10,1e-12,1.15154,8.84253e-05,0.234383,0.0294854
Hessenberg basic,947,0,1,10,1e-12,3.99851,0.000998483,0.23151,0.0326155
Hessenberg basic,948,0,0,10,1e-12,1.25634,0.000172017,0.250787,0.0301602
Hessenberg basic,948,0,1,10,1e-12,3.55871,0.000537425,0.219942,0.0329774
Hessenberg basic,949,0,0,10,1e-12,1.14827,0.000129179,0.33239,0.0306776
Hessenberg basic,949,0,1,10,1e-12,3.67091,0.00108224,0.220462,0.0350173
Hessenberg basic,950,0,0,10,1e-12,1.13207,2.4336e-05,0.272128,0.0311209
Hessenberg basic,950,0,1,10,1e-12,3.08537,0.000871455,0.304281,0.0348185
Hessenberg basic,951,0,0,10,1e-12,0.953781,6.64132e-06,0.298647,0.0303577
Hessenberg basic,951,0,1,10,1e-12,3.22092,0.00136008,0.279191,0.0339259
Hessenberg basic,952,0,0,10,1e-12,1.16412,1.41599e-05,0.270458,0.0302243
Hessenberg basic,952,0,1,10,1e-12,2.75333,0.00113177,0.249225,0.0341078
Hessenberg basic,953,0,0,10,1e-12,1.17151,4.15461e-05,0.374456,0.0311293
Hessenberg basic,953,0,1,10,1e-12,2.81819,0.000886709,0.408943,0.0337411
Hessenberg basic,954,0,0,10,1e-12,1.48579,8.00303e-05,0.251834,0.0307782
Hessenberg basic,954,0,1,10,1e-12,3.1716,0.000551528,0.241063,0.0353405
Hessenberg basic,955,0,0,10,1e-12,1.03832,8.20096e-05,0.274007,0.0308911
Hessenberg basic,955,0,1,10,1e-12,3.16086,0.000958484,0.374273,0.0333794
Hessenberg basic,956,0,0,10,1e-12,1.04186,3.81613e-05,0.324361,0.0302185
Hessenberg basic,956,0,1,10,1e-12,3.30144,0.00148679,0.369665,0.0338017
Hessenberg basic,957,0,0,10,1e-12,1.04719,0.000642762,0.19264,0.0301883
Hessenberg basic,957,0,1,10,1e-12,3.38497,0.000665063,0.240157,0.0328741
Hessenberg basic,958,0,0,10,1e-12,1.20762,0.000112239,0.228656,0.0317201
Hessenberg basic,958,0,1,10,1e-12,4.12587,0.000125382,0.277265,0.0327494
Hessenberg basic,959,0,0,10,1e-12,1.36873,0.000168353,0.234234,0.0312947
Hessenberg basic,959,0,1,10,1e-12,3.64987,0.000363819,0.265708,0.0342133
Hessenberg basic,960,0,0,10,1e-12,1.21562,5.19839e-05,0.172194,0.0298073
Hessenberg basic,960,0,1,10,1e-12,3.72202,0.00142397,0.22917,0.0324873
Hessenberg basic,961,0,0,10,1e-12,1.2014,9.97587e-05,0.286324,0.0307837
Hessenberg basic,961,0,1,10,1e-12,3.35877,0.000278495,0.273446,0.0336168
Hessenberg basic,962,0,0,10,1e-12,1.19006,0.000339701,0.230737,0.0293241
Hessenberg basic,962,0,1,10,1e-12,3.41281,0.000663035,0.207478,0.032921
Hessenberg basic,963,0,0,10,1e-12,1.60896,0.000103361,0.329114,0.030198
Hessenberg basic,963,0,1,10,1e-12,3.35199,0.00117646,0.199203,0.0341622
Hessenberg basic,964,0,0,10,1e-12,1.57715,2.68537e-05,0.254952,0.0301893
Hessenberg basic,964,0,1,10,1e-12,3.90954,0.000682459,0.234057,0.0335412
Hessenberg basic,965,0,0,10,1e-12,1.15807,0.000247191,0.187526,0.0301171
Hessenberg basic,965,0,1,10,1e-12,3.51754,0.00131075,0.279717,0.0352542
Hessenberg basic,966,0,0,10,1e-12,1.02167,0.000365159,0.369581,0.0307698
Hessenberg basic,966,0,1,10,1e-12,3.71685,0.000273336,0.333206,0.0340557
Hessenberg basic,967,0,0,10,1e-12,1.05115,0.000113228,0.242615,0.0293407
Hessenberg basic,967,0,1,10,1e-12,3.63935,0.000220144,0.480625,0.0341796
Hessenberg basic,968,0,0,10,1e-12,0.978088,5.65093e-05,0.300723,0.0292688
Hessenberg basic,968,0,1,10,1e-12,4.02291,0.00170312,0.245406,0.0333143
Hessenberg basic,969,0,0,10,1e-12,1.4793,3.28141e-05,0.233528,0.0286613
Hessenberg basic,969,0,1,10,1e-12,4.05714,0.00114591,0.268417,0.0331977
Hessenberg basic,970,0,0,10,1e-12,1.29807,9.09169e-06,0.266282,0.0306458
Hessenberg basic,970,0,1,10,1e-12,3.85765,0.0015759,0.264841,0.033537
Hessenberg basic,971,0,0,10,1e-12,1.57449,0.000212994,0.177794,0.0308076
Hessenberg basic,971,0,1,10,1e-12,3.4475,0.000360789,0.277479,0.0335498
Hessenberg basic,972,0,0,10,1e-12,1.61113,5.82878e-05,0.251176,0.0299324
Hessenberg basic,972,0,1,10,1e-12,3.44248,0.000225619,0.239238,0.0339165
Hessenberg basic,973,0,0,10,1e-12,1.92476,7.03233e-05,0.313002,0.0303496
Hessenberg basic,973,0,1,10,1e-12,3.79225,0.000606633,0.211697,0.0322728
Hessenberg basic,974,0,0,10,1e-12,1.40454,4.36412e-05,0.278415,0.0311105
Hessenberg basic,974,0,1,10,1e-12,3.66535,0.000314762,0.34841,0.0352009
Hessenberg basic,975,0,0,10,1e-12,1.46068,0.000117821,0.251281,0.0302769
Hessenberg basic,975,0,1,10,1e-12,4.0065,0.000302113,0.233676,0.0334278
Hessenberg basic,976,0,0,10,1e-12,1.56648,0.000169244,0.205436,0.0307007
Hessenberg basic,976,0,1,10,1e-12,4.17545,0.000501762,0.378369,0.0327325
Hessenberg basic,977,0,0,10,1e-12,1.79594,1.96254e-05,0.157854,0.0283764
Hessenberg basic,977,0,1,10,1e-12,4.17498,0.000506464,0.259929,0.0343145
Hessenberg basic,978,0,0,10,1e-12,1.51474,0.000262043,0.24186,0.0293333
Hessenberg basic,978,0,1,10,1e-12,3.7254,0.000848939,0.241061,0.0320659
Hessenberg basic,979,0,0,10,1e-12,1.64949,7.25413e-05,0.266061,0.0290637
Hessenberg basic,979,0,1,10,1e-12,3.52938,0.0014606,0.300634,0.0329101
Hessenberg basic,980,0,0,10,1e-12,1.26371,3.53642e-05,0.234713,0.0304269
Hessenberg basic,980,0,1,10,1e-12,2.57106,0.00114473,0.311058,0.0342925
Hessenberg basic,981,0,0,10,1e-12,1.4117,1.49913e-05,0.21299,0.0284686
Hessenberg basic,981,0,1,10,1e-12,2.65326,0.00100734,0.232122,0.0331979
Hessenberg basic,982,0,0,10,1e-12,1.01643,5.7888e-05,0.435456,0.0319179
Hessenberg basic,982,0,1,10,1e-12,2.83882,0.000387665,0.236656,0.0336208
Hessenberg basic,983,0,0,10,1e-12,1.0275,0.000247942,0.357729,0.0311806
Hessenberg basic,983,0,1,10,1e-12,2.65484,0.000252169,0.274315,0.0342171
Hessenberg basic,984,0,0,10,1e-12,1.23367,9.12497e-05,0.320927,0.0297948
Hessenberg basic,984,0,1,10,1e-12,2.86375,0.00119524,0.368028,0.0327508
Hessenberg basic,985,0,0,10,1e-12,0.926818,7.01606e-05,0.414743,0.0301681
Hessenberg basic,985,0,1,10,1e-12,2.97648,0.000357587,0.396679,0.0339125
Hessenberg basic,986,0,0,10,1e-12,0.93566,2.06148e-05,0.267141,0.0302378
Hessenberg basic,986,0,1,10,1e-12,2.41734,0.000988062,0.262463,0.0335806
Hessenberg basic,987,0,0,10,1e-12,0.938062,5.36639e-05,0.293506,0.0292957
Hessenberg basic,987,0,1,10,1e-12,2.48688,0.000491532,0.232246,0.0338538
Hessenberg basic,988,0,0,10,1e-12,0.958674,0.000215593,0.270069,0.0295749
Hessenberg basic,988,0,1,10,1e-12,2.8293,0.000759019,0.208451,0.032722
Hessenberg basic,989,0,0,10,1e-12,1.02025,2.90388e-05,0.471494,0.0316763
Hessenberg basic,989,0,1,10,1e-12,3.05469,0.000458452,0.313824,0.0340338
Hessenberg basic,990,0,0,10,1e-12,1.03897,0.000117697,0.290955,0.030258
Hessenberg basic,990,0,1,10,1e-12,3.50526,0.000719497,0.278569,0.0320629
Hessenberg basic,991,0,0,10,1e-12,1.08342,0.000196826,0.413173,0.0290474
Hessenberg basic,991,0,1,10,1e-12,2.93336,0.00121416,0.226183,0.0321299
Hessenberg basic,992,0,0,10,1e-12,1.22275,0.000135111,0.323465,0.0307296
Hessenberg basic,992,0,1,10,1e-12,3.04555,0.00141122,0.269188,0.0331841
Hessenberg basic,993,0,0,10,1e-12,0.981945,0.000159207,0.180522,0.0288064
Hessenberg basic,993,0,1,10,1e-12,2.99538,0.00121388,0.236796,0.0316726
Hessenberg basic,994,0,0,10,1e-12,0.944806,0.000164374,0.373375,0.0293741
Hessenberg basic,994,0,1,10,1e-12,2.68057,0.000287596,0.260991,0.0336631
Hessenberg basic,995,0,0,10,1e-12,1.18041,5.44657e-05,0.341125,0.0287733
Hessenberg basic,995,0,1,10,1e-12,2.66892,0.000564546,0.240929,0.0319757
Hessenberg basic,996,0,0,10,1e-12,0.963442,6.30047e-06,0.23618,0.0298803
Hessenberg basic,996,0,1,10,1e-12,2.72491,0.000144737,0.213826,0.0332363
Hessenberg basic,997,0,0,10,1e-12,1.00058,9.91863e-05,0.260002,0.0307801
Hessenberg basic,997,0,1,10,1e-12,2.51669,0.00126982,0.308981,0.0328768
Hessenberg basic,998,0,0,10,1e-12,1.15256,0.000135687,0.282531,0.0311338
Hessenberg basic,998,0,1,10,1e-12,2.54299,0.000773158,0.338192,0.0334348
Hessenberg basic,999,0,0,10,1e-12,0.981817,0.000162297,0.25225,0.0289399
Hessenberg basic,999,0,1,10,1e-12,2.64976,8.38953e-05,0.273107,0.0329388
Hessenberg basic,1000,0,0,10,1e-12,1.40736,9.30641e-05,0.316091,0.0311691
Hessenberg basic,1000,0,1,10,1e-12,2.54223,0.0010389,0.180021,0.0326567
