version, size, hermitian, complex, seed, tol, runtime in s,min_error, max_error, avg_error
Hessenberg basic,900,0,0,3,1e-12,0.77207,0.000226304,0.225105,0.0323287
Hessenberg basic,900,0,1,3,1e-12,2.45544,0.000265336,0.322492,0.0352411
Hessenberg basic,901,0,0,3,1e-12,1.02017,1.37059e-05,0.292239,0.0312156
Hessenberg basic,901,0,1,3,1e-12,2.606,0.00107358,0.226548,0.0353234
Hessenberg basic,902,0,0,3,1e-12,0.908484,4.48979e-05,0.211758,0.0298258
Hessenberg basic,902,0,1,3,1e-12,3.29999,0.00088268,0.263707,0.0360737
Hessenberg basic,903,0,0,3,1e-12,1.28137,1.34071e-05,0.377747,0.0313647
Hessenberg basic,903,0,1,3,1e-12,2.31674,0.00106103,0.262389,0.0357415
Hessenberg basic,904,0,0,3,1e-12,1.36311,0.000120471,0.390383,0.0329822
Hessenberg basic,904,0,1,3,1e-12,2.14382,0.000917805,0.286532,0.0343537
Hessenberg basic,905,0,0,3,1e-12,1.25864,2.08736e-06,0.309395,0.031141
Hessenberg basic,905,0,1,3,1e-12,2.40614,0.000836933,0.275684,0.0355003
Hessenberg basic,906,0,0,3,1e-12,1.13036,3.20344e-05,0.213512,0.0318034
Hessenberg basic,906,0,1,3,1e-12,2.20861,0.000214143,0.240124,0.0369909
Hessenberg basic,907,0,0,3,1e-12,0.83986,7.2856e-05,0.19818,0.0321974
Hessenberg basic,907,0,1,3,1e-12,2.25558,0.000905681,0.31481,0.0358729
Hessenberg basic,908,0,0,3,1e-12,0.8661,7.13688e-05,0.475414,0.0316335
Hessenberg basic,908,0,1,3,1e-12,2.86545,0.000548654,0.232709,0.0340353
Hessenberg basic,909,0,0,3,1e-12,0.922568,0.000129741,0.350602,0.0314271
Hessenberg basic,909,0,1,3,1e-12,2.7839,0.000570812,0.273819,0.03558
Hessenberg basic,910,0,0,3,1e-12,1.11771,0.000141321,0.365707,0.0321075
Hessenberg basic,910,0,1,3,1e-12,3.00576,0.00183803,0.2349,0.0334647
Hessenberg basic,911,0,0,3,1e-12,1.50135,3.56076e-05,0.294965,0.0305863
Hessenberg basic,911,0,1,3,1e-12,2.83495,0.000469159,0.359633,0.0338844
Hessenberg basic,912,0,0,3,1e-12,1.43466,3.86836e-05,0.232176,0.0311327
Hessenberg basic,912,0,1,3,1e-12,2.60932,0.00168402,0.241955,0.0346974
Hessenberg basic,913,0,0,3,1e-12,1.34568,0.000190751,0.296677,0.0308351
Hessenberg basic,913,0,1,3,1e-12,2.34752,0.000879783,0.326401,0.035084
Hessenberg basic,914,0,0,3,1e-12,1.31897,5.10384e-05,0.260486,0.0308173
Hessenberg basic,914,0,1,3,1e-12,2.21654,0.000896216,0.271926,0.0339283
Hessenberg basic,915,0,0,3,1e-12,0.951035,2.02807e-05,0.250351,0.0323049
Hessenberg basic,915,0,1,3,1e-12,2.22439,0.000260749,0.219852,0.034185
Hessenberg basic,916,0,0,3,1e-12,0.875882,6.42733e-05,0.247458,0.0315812
Hessenberg basic,916,0,1,3,1e-12,2.87586,0.000708146,0.27958,0.0346807
Hessenberg basic,917,0,0,3,1e-12,1.04481,0.00020812,0.454426,0.0313553
Hessenberg basic,917,0,1,3,1e-12,3.48385,0.00232309,0.256543,0.0356487
Hessenberg basic,918,0,0,3,1e-12,1.31427,0.000183188,0.299696,0.032588
Hessenberg basic,918,0,1,3,1e-12,3.61546,0.00127477,0.236044,0.0352608
Hessenberg basic,919,0,0,3,1e-12,1.41805,3.6209e-05,0.459774,0.0317678
Hessenberg basic,919,0,1,3,1e-12,3.41018,0.000820758,0.217301,0.0328332
Hessenberg basic,920,0,0,3,1e-12,1.33113,0.000327648,0.283251,0.0308698
Hessenberg basic,920,0,1,3,1e-12,3.17236,0.000489451,0.284709,0.0333803
Hessenberg basic,921,0,0,3,1e-12,1.15857,0.000121986,0.372048,0.0299972
Hessenberg basic,921,0,1,3,1e-12,3.04786,0.00145232,0.222947,0.0346971
Hessenberg basic,922,0,0,3,1e-12,1.22452,0.00010011,0.299999,0.0305376
Hessenberg basic,922,0,1,3,1e-12,2.9594,0.000949383,0.279481,0.0343791
Hessenberg basic,923,0,0,3,1e-12,1.25551,0.000246814,0.2975,0.032999
Hessenberg basic,923,0,1,3,1e-12,2.94504,0.000444229,0.200588,0.0335662
Hessenberg basic,924,0,0,3,1e-12,1.20457,0.000176067,0.27736,0.0306034
Hessenberg basic,924,0,1,3,1e-12,2.68526,0.000575488,0.295513,0.0337954
Hessenberg basic,925,0,0,3,1e-12,0.922291,5.82141e-05,0.18999,0.0307986
Hessenberg basic,925,0,1,3,1e-12,2.46578,0.00168374,0.24208,0.0363052
Hessenberg basic,926,0,0,3,1e-12,0.899025,0.000214876,0.198605,0.0293296
Hessenberg basic,926,0,1,3,1e-12,2.40144,0.000960533,0.301653,0.034038
Hessenberg basic,927,0,0,3,1e-12,0.927263,0.000277213,0.33028,0.0308121
Hessenberg basic,927,0,1,3,1e-12,3.06529,0.00122471,0.251075,0.0343314
Hessenberg basic,928,0,0,3,1e-12,1.38242,2.84307e-05,0.374402,0.0310619
Hessenberg basic,928,0,1,3,1e-12,3.33287,0.00208467,0.267885,0.0337118
Hessenberg basic,929,0,0,3,1e-12,1.46732,6.01859e-05,0.262014,0.0322792
Hessenberg basic,929,0,1,3,1e-12,2.78796,0.00029597,0.260392,0.0345476
Hessenberg basic,930,0,0,3,1e-12,1.40294,0.000117237,0.380132,0.0315935
Hessenberg basic,930,0,1,3,1e-12,2.45433,0.000560715,0.275063,0.0341548
Hessenberg basic,931,0,0,3,1e-12,1.42182,8.85395e-06,0.170995,0.0294579
Hessenberg basic,931,0,1,3,1e-12,2.34194,0.00126985,0.232624,0.0341034
Hessenberg basic,932,0,0,3,1e-12,1.29892,7.00362e-05,0.249028,0.0318049
Hessenberg basic,932,0,1,3,1e-12,2.356,0.00089349,0.227756,0.033488
Hessenberg basic,933,0,0,3,1e-12,0.959263,3.56009e-05,0.199464,0.029658
Hessenberg basic,933,0,1,3,1e-12,2.75029,0.00121006,0.260933,0.0335772
Hessenberg basic,934,0,0,3,1e-12,0.951288,2.31402e-05,0.327276,0.0306027
Hessenberg basic,934,0,1,3,1e-12,3.41531,0.000462733,0.237911,0.0335237
Hessenberg basic,935,0,0,3,1e-12,1.33791,0.000101077,0.234156,0.0308076
Hessenberg basic,935,0,1,3,1e-12,3.81791,0.000520911,0.226085,0.0336325
Hessenberg basic,936,0,0,3,1e-12,1.57815,3.99023e-05,0.340492,0.0301831
Hessenberg basic,936,0,1,3,1e-12,3.81118,0.00055892,0.314886,0.0342254
Hessenberg basic,937,0,0,3,1e-12,1.54595,0.0001591,0.24757,0.03
Hessenberg basic,937,0,1,3,1e-12,3.45484,0.000778616,0.250961,0.0338969
Hessenberg basic,938,0,0,3,1e-12,1.31047,1.59237e-06,0.319956,0.0299517
Hessenberg basic,938,0,1,3,1e-12,3.17075,0.000777536,0.334139,0.0333863
Hessenberg basic,939,0,0,3,1e-12,1.19919,2.1879e-05,0.24032,0.0310827
Hessenberg basic,939,0,1,3,1e-12,3.14085,0.000982112,0.272216,0.0343998
Hessenberg basic,940,0,0,3,1e-12,1.23033,6.00803e-06,0.212508,0.0290713
Hessenberg basic,940,0,1,3,1e-12,2.9862,0.000826964,0.283257,0.0345516
Hessenberg basic,941,0,0,3,1e-12,1.0958,0.000324707,0.255533,0.0314515
Hessenberg basic,941,0,1,3,1e-12,2.73264,0.00116502,0.268464,0.0337345
Hessenberg basic,942,0,0,3,1e-12,0.963446,0.00013501,0.242318,0.0305969
Hessenberg basic,942,0,1,3,1e-12,2.54613,0.000267056,0.198185,0.0329561
Hessenberg basic,943,0,0,3,1e-12,0.952215,2.00834e-05,0.181885,0.0306589
Hessenberg basic,943,0,1,3,1e-12,2.85949,0.000358629,0.279501,0.0339445
Hessenberg basic,944,0,0,3,1e-12,0.949316,2.27412e-06,0.244068,0.0295459
Hessenberg basic,944,0,1,3,1e-12,3.55256,0.00133879,0.229846,0.0342015
Hessenberg basic,945,0,0,3,1e-12,1.54128,0.000118889,0.306905,0.0301972
Hessenberg basic,945,0,1,3,1e-12,3.68859,0.000790012,0.240041,0.0348769
Hessenberg basic,946,0,0,3,1e-12,1.4572,7.29624e-06,0.22507,0.0304748
Hessenberg basic,946,0,1,3,1e-12,3.05646,0.00110264,0.218742,0.033712
Hessenberg basic,947,0,0,3,1e-12,1.48363,3.50728e-06,0.27534,0.0319069
Hessenberg basic,947,0,1,3,1e-12,2.66133,0.000478568,0.225876,0.034087
Hessenberg basic,948,0,0,3,1e-12,1.49084,6.53622e-05,0.361025,0.0305984
Hessenberg basic,948,0,1,3,1e-12,2.4696,0.00158868,0.254383,0.0348713
Hessenberg basic,949,0,0,3,1e-12,1.42523,5.29713e-06,0.333923,0.031796
Hessenberg basic,949,0,1,3,1e-12,2.47009,0.00104505,0.183958,0.034951
Hessenberg basic,950,0,0,3,1e-12,1.10024,3.35063e-05,0.317555,0.0290939
Hessenberg basic,950,0,1,3,1e-12,2.57572,0.000886645,0.32126,0.0359318
Hessenberg basic,951,0,0,3,1e-12,0.993107,3.66201e-05,0.282748,0.0304035
Hessenberg basic,951,0,1,3,1e-12,3.32106,0.000846633,0.278441,0.0349189
Hessenberg basic,952,0,0,3,1e-12,1.21655,3.06662e-05,0.418596,0.0313047
Hessenberg basic,952,0,1,3,1e-12,3.89876,0.00158873,0.248527,0.0339929
Hessenberg basic,953,0,0,3,1e-12,1.52867,1.84459e-05,0.298672,0.0309999
Hessenberg basic,953,0,1,3,1e-12,4.11421,0.000868541,0.26955,0.0329792
Hessenberg basic,954,0,0,3,1e-12,1.56297,2.64609e-05,0.361701,0.0323762
Hessenberg basic,954,0,1,3,1e-12,3.88297,0.00147303,0.253974,0.0343784
Hessenberg basic,955,0,0,3,1e-12,1.58897,0.000232307,0.328452,0.03074
Hessenberg basic,955,0,1,3,1e-12,3.69292,0.000499685,0.202153,0.0326467
Hessenberg basic,956,0,0,3,1e-12,1.39834,0.000306381,0.314046,0.0306678
Hessenberg basic,956,0,1,3,1e-12,3.61405,0.00180389,0.360053,0.0339864
Hessenberg basic,957,0,0,3,1e-12,1.40132,1.55307e-05,0.224703,0.030782
Hessenberg basic,957,0,1,3,1e-12,3.55103,0.00122733,0.254385,0.0358496
Hessenberg basic,958,0,0,3,1e-12,1.44473,3.32393e-05,0.479351,0.0311335
Hessenberg basic,958,0,1,3,1e-12,3.47911,0.000705148,0.279313,0.0343863
Hessenberg basic,959,0,0,3,1e-12,1.49828,3.97289e-06,0.291404,0.0292065
Hessenberg basic,959,0,1,3,1e-12,3.38797,0.00136561,0.239439,0.0325199
Hessenberg basic,960,0,0,3,1e-12,1.48842,2.15832e-05,0.23734,0.0294633
Hessenberg basic,960,0,1,3,1e-12,3.34748,0.000748557,0.296449,0.0338453
Hessenberg basic,961,0,0,3,1e-12,1.3969,0.000221999,0.293532,0.0305448
Hessenberg basic,961,0,1,3,1e-12,3.22739,0.00106217,0.275428,0.0333637
Hessenberg basic,962,0,0,3,1e-12,1.20004,6.11493e-05,0.280017,0.0310909
Hessenberg basic,962,0,1,3,1e-12,3.01733,0.000477235,0.22087,0.0331767
Hessenberg basic,963,0,0,3,1e-12,1.09019,9.91284e-05,0.44605,0.0311264
Hessenberg basic,963,0,1,3,1e-12,2.76851,0.000971522,0.25035,0.0337602
Hessenberg basic,964,0,0,3,1e-12,1.05096,9.58104e-05,0.352916,0.0312833
Hessenberg basic,964,0,1,3,1e-12,2.688,0.000356571,0.256586,0.0343153
Hessenberg basic,965,0,0,3,1e-12,1.04312,1.95642e-05,0.339215,0.0306335
Hessenberg basic,965,0,1,3,1e-12,2.82354,0.00124142,0.268457,0.0335789
Hessenberg basic,966,0,0,3,1e-12,1.02609,0.000173382,0.233176,0.0296346
Hessenberg basic,966,0,1,3,1e-12,3.473,0.00113919,0.24281,0.0333398
Hessenberg basic,967,0,0,3,1e-12,1.58109,2.67417e-05,0.217695,0.029674
Hessenberg basic,967,0,1,3,1e-12,3.92755,0.000545817,0.263664,0.0336598
Hessenberg basic,968,0,0,3,1e-12,1.98204,1.14679e-05,0.209171,0.0298398
Hessenberg basic,968,0,1,3,1e-12,3.93,0.000668695,0.247336,0.0345009
Hessenberg basic,969,0,0,3,1e-12,2.05142,0.000100682,0.340955,0.0305689
Hessenberg basic,969,0,1,3,1e-12,3.73532,0.00116368,0.25158,0.0331371
Hessenberg basic,970,0,0,3,1e-12,1.98503,0.000188309,0.391068,0.0299411
Hessenberg basic,970,0,1,3,1e-12,3.54858,0.00105144,0.193208,0.0336915
Hessenberg basic,971,0,0,3,1e-12,1.96042,0.000210473,0.291922,0.0301599
Hessenberg basic,971,0,1,3,1e-12,3.18833,0.000639911,0.327611,0.0334368
Hessenberg basic,972,0,0,3,1e-12,1.90061,0.000216305,0.214891,0.0317307
Hessenberg basic,972,0,1,3,1e-12,3.19731,0.000596498,0.353706,0.0337428
Hessenberg basic,973,0,0,3,1e-12,1.96195,6.07171e-05,0.283698,0.0304888
Hessenberg basic,973,0,1,3,1e-12,3.2751,0.00101984,0.267776,0.0332996
Hessenberg basic,974,0,0,3,1e-12,1.92989,1.09018e-05,0.236728,0.0303314
Hessenberg basic,974,0,1,3,1e-12,3.26867,0.000534033,0.215366,0.0340894
Hessenberg basic,975,0,0,3,1e-12,1.9326,1.97221e-05,0.380041,0.0322
Hessenberg basic,975,0,1,3,1e-12,3.39337,0.00118889,0.2937,0.0329523
Hessenberg basic,976,0,0,3,1e-12,1.91303,1.35017e-05,0.280491,0.0312478
Hessenberg basic,976,0,1,3,1e-12,3.13294,0.000754918,0.200257,0.0327827
Hessenberg basic,977,0,0,3,1e-12,1.9402,3.38714e-05,0.497587,0.0307391
Hessenberg basic,977,0,1,3,1e-12,3.17619,0.0011343,0.327046,0.0339336
Hessenberg basic,978,0,0,3,1e-12,2.00089,8.65694e-05,0.305088,0.0305385
Hessenberg basic,978,0,1,3,1e-12,2.75213,0.00110429,0.188402,0.0330476
Hessenberg basic,979,0,0,3,1e-12,1.94579,0.00016762,0.249006,0.0292282
Hessenberg basic,979,0,1,3,1e-12,3.01974,0.000770148,0.335192,0.0326753
Hessenberg basic,980,0,0,3,1e-12,1.67909,2.70132e-05,0.272353,0.0295068
Hessenberg basic,980,0,1,3,1e-12,3.13614,0.000959269,0.303063,0.0328198
Hessenberg basic,981,0,0,3,1e-12,1.45925,5.21629e-05,0.328815,0.0305373
Hessenberg basic,981,0,1,3,1e-12,3.26471,0.00102563,0.239328,0.0322947
Hessenberg basic,982,0,0,3,1e-12,1.0733,0.000171126,0.267595,0.0297699
Hessenberg basic,982,0,1,3,1e-12,3.15411,0.00130324,0.275095,0.0326058
Hessenberg basic,983,0,0,3,1e-12,1.09793,1.57722e-05,0.194778,0.0306167
Hessenberg basic,983,0,1,3,1e-12,3.14762,0.000547605,0.307021,0.0325113
Hessenberg basic,984,0,0,3,1e-12,1.04376,1.78692e-05,0.38237,0.0300078
Hessenberg basic,984,0,1,3,1e-12,3.37322,0.00048795,0.214025,0.0317563
Hessenberg basic,985,0,0,3,1e-12,1.10158,0.000663143,0.255926,0.029254
Hessenberg basic,985,0,1,3,1e-12,3.86823,0.000824584,0.209022,0.033908
Hessenberg basic,986,0,0,3,1e-12,1.22036,2.50419e-05,0.217869,0.0305606
Hessenberg basic,986,0,1,3,1e-12,4.25676,0.000393715,0.302495,0.0325438
Hessenberg basic,987,0,0,3,1e-12,1.51768,8.60685e-05,0.310226,0.0308504
Hessenberg basic,987,0,1,3,1e-12,4.03975,0.00017101,0.193585,0.0323811
Hessenberg basic,988,0,0,3,1e-12,1.4095,0.000154682,0.223041,0.0284997
Hessenberg basic,988,0,1,3,1e-12,3.9126,0.00124434,0.293569,0.0332935
Hessenberg basic,989,0,0,3,1e-12,1.295,1.2881e-05,0.29078,0.0287056
Hessenberg basic,989,0,1,3,1e-12,3.80787,0.00139573,0.30945,0.0330089
Hessenberg basic,990,0,0,3,1e-12,1.2535,3.55914e-05,0.297459,0.0293353
Hessenberg basic,990,0,1,3,1e-12,3.79651,0.000162471,0.311526,0.033201
Hessenberg basic,991,0,0,3,1e-12,1.36277,9.43422e-05,0.328205,0.030547
Hessenberg basic,991,0,1,3,1e-12,3.78346,0.000378129,0.186303,0.0327464
Hessenberg basic,992,0,0,3,1e-12,1.25878,7.79897e-05,0.290866,0.0299823
Hessenberg basic,992,0,1,3,1e-12,3.89727,0.00141901,0.233485,0.0336716
Hessenberg basic,993,0,0,3,1e-12,1.43139,0.00022443,0.274933,0.030245
Hessenberg basic,993,0,1,3,1e-12,3.62881,0.000646916,0.255855,0.031679
Hessenberg basic,994,0,0,3,1e-12,1.17356,4.34305e-05,0.341879,0.0301424
Hessenberg basic,994,0,1,3,1e-12,3.4915,0.000666844,0.222404,0.033038
Hessenberg basic,995,0,0,3,1e-12,1.13095,4.22345e-05,0.360125,0.029037
Hessenberg basic,995,0,1,3,1e-12,3.56625,0.00100817,0.19675,0.032184
Hessenberg basic,996,0,0,3,1e-12,1.19865,3.88356e-05,0.243075,0.0300557
Hessenberg basic,996,0,1,3,1e-12,3.88742,0.00107398,0.314413,0.0336949
Hessenberg basic,997,0,0,3,1e-12,1.27876,0.00019626,0.284156,0.0302679
Hessenberg basic,997,0,1,3,1e-12,3.9303,0.000464746,0.266216,0.0322806
Hessenberg basic,998,0,0,3,1e-12,1.35459,0.000240551,0.23231,0.0296586
Hessenberg basic,998,0,1,3,1e-12,3.93751,0.00170138,0.364129,0.0335326
Hessenberg basic,999,0,0,3,1e-12,1.33812,9.30526e-05,0.456895,0.0322664
Hessenberg basic,999,0,1,3,1e-12,3.90992,0.000344688,0.313109,0.0331328
Hessenberg basic,1000,0,0,3,1e-12,1.37583,3.81059e-05,0.230831,0.0296327
Hessenberg basic,1000,0,1,3,1e-12,4.01311,0.00139026,0.252365,0.0325266
