version, size, hermitian, complex, seed, tol, runtime in s,min_error, max_error, avg_error
Hessenberg basic,900,1,0,10,1e-12,0.44921,0,1.03455e-11,1.72165e-12
Hessenberg basic,900,1,1,10,1e-12,1.83581,0,1.31877e-11,1.83715e-12
Hessenberg basic,901,1,0,10,1e-12,0.608621,0,1.29603e-11,1.74275e-12
Hessenberg basic,901,1,1,10,1e-12,2.00436,0,1.19371e-11,1.85149e-12
Hessenberg basic,902,1,0,10,1e-12,0.55674,0,1.10276e-11,1.64022e-12
Hessenberg basic,902,1,1,10,1e-12,1.94773,0,1.23919e-11,1.89721e-12
Hessenberg basic,903,1,0,10,1e-12,0.658727,0,9.54969e-12,1.74352e-12
Hessenberg basic,903,1,1,10,1e-12,1.99708,0,1.53477e-11,1.83947e-12
Hessenberg basic,904,1,0,10,1e-12,0.730796,0,1.22782e-11,1.58257e-12
Hessenberg basic,904,1,1,10,1e-12,2.04469,0,1.02318e-11,1.84329e-12
Hessenberg basic,905,1,0,10,1e-12,0.695284,0,1.31877e-11,1.84046e-12
Hessenberg basic,905,1,1,10,1e-12,1.81302,0,1.25056e-11,1.91433e-12
Hessenberg basic,906,1,0,10,1e-12,0.685701,0,1.37561e-11,1.72924e-12
Hessenberg basic,906,1,1,10,1e-12,1.76357,0,1.33014e-11,1.82355e-12
Hessenberg basic,907,1,0,10,1e-12,0.740015,0,1.23919e-11,1.82677e-12
Hessenberg basic,907,1,1,10,1e-12,2.29217,0,1.37561e-11,1.72156e-12
Hessenberg basic,908,1,0,10,1e-12,0.977874,0,1.22782e-11,1.82997e-12
Hessenberg basic,908,1,1,10,1e-12,2.56466,0,1.1255e-11,1.82404e-12
Hessenberg basic,909,1,0,10,1e-12,0.752841,0,1.06866e-11,1.67348e-12
Hessenberg basic,909,1,1,10,1e-12,2.2905,0,1.3415e-11,1.89088e-12
Hessenberg basic,910,1,0,10,1e-12,0.788989,0,1.13687e-11,1.79899e-12
Hessenberg basic,910,1,1,10,1e-12,2.05763,0,1.1255e-11,1.90019e-12
Hessenberg basic,911,1,0,10,1e-12,0.597983,0,1.15961e-11,1.80583e-12
Hessenberg basic,911,1,1,10,1e-12,1.84795,0,1.7053e-11,1.92245e-12
Hessenberg basic,912,1,0,10,1e-12,0.625465,0,1.09139e-11,1.69186e-12
Hessenberg basic,912,1,1,10,1e-12,1.83897,0,1.01181e-11,1.89184e-12
Hessenberg basic,913,1,0,10,1e-12,0.741487,0,1.13687e-11,1.80497e-12
Hessenberg basic,913,1,1,10,1e-12,1.86232,0,1.13687e-11,1.88718e-12
Hessenberg basic,914,1,0,10,1e-12,0.703087,0,1.3415e-11,1.79493e-12
Hessenberg basic,914,1,1,10,1e-12,1.8378,0,1.61435e-11,1.9049e-12
Hessenberg basic,915,1,0,10,1e-12,0.693843,0,1.36424e-11,1.75406e-12
Hessenberg basic,915,1,1,10,1e-12,1.83193,0,1.10276e-11,1.88177e-12
Hessenberg basic,916,1,0,10,1e-12,0.732357,0,1.15961e-11,1.84205e-12
Hessenberg basic,916,1,1,10,1e-12,1.80463,0,1.55751e-11,1.82425e-12
Hessenberg basic,917,1,0,10,1e-12,1.09392,0,1.11413e-11,1.84221e-12
Hessenberg basic,917,1,1,10,1e-12,1.78233,0,1.11413e-11,1.87119e-12
Hessenberg basic,918,1,0,10,1e-12,0.715769,0,1.35287e-11,1.96677e-12
Hessenberg basic,918,1,1,10,1e-12,2.07663,0,1.15961e-11,1.97043e-12
Hessenberg basic,919,1,0,10,1e-12,0.696576,0,1.23919e-11,1.82101e-12
Hessenberg basic,919,1,1,10,1e-12,2.10611,0,1.39835e-11,1.91574e-12
Hessenberg basic,920,1,0,10,1e-12,0.750699,0,1.26192e-11,1.72452e-12
Hessenberg basic,920,1,1,10,1e-12,2.15694,0,1.40972e-11,1.88686e-12
Hessenberg basic,921,1,0,10,1e-12,0.722355,0,1.8872e-11,1.78673e-12
Hessenberg basic,921,1,1,10,1e-12,2.143,0,1.31877e-11,2.00128e-12
Hessenberg basic,922,1,0,10,1e-12,0.675566,0,1.25056e-11,1.84437e-12
Hessenberg basic,922,1,1,10,1e-12,1.80787,0,1.06866e-11,1.96433e-12
Hessenberg basic,923,1,0,10,1e-12,0.644772,0,9.77707e-12,1.77813e-12
Hessenberg basic,923,1,1,10,1e-12,1.81329,0,1.36424e-11,1.86655e-12
Hessenberg basic,924,1,0,10,1e-12,0.678665,0,1.36424e-11,1.81466e-12
Hessenberg basic,924,1,1,10,1e-12,2.66065,0,1.29603e-11,1.9842e-12
Hessenberg basic,925,1,0,10,1e-12,0.832454,0,1.19371e-11,1.89708e-12
Hessenberg basic,925,1,1,10,1e-12,2.53209,0,1.22782e-11,1.76354e-12
Hessenberg basic,926,1,0,10,1e-12,0.721817,0,1.1255e-11,1.72603e-12
Hessenberg basic,926,1,1,10,1e-12,2.23783,0,1.3074e-11,1.90518e-12
Hessenberg basic,927,1,0,10,1e-12,0.705553,0,1.13687e-11,1.79022e-12
Hessenberg basic,927,1,1,10,1e-12,2.02777,0,1.65983e-11,1.93994e-12
Hessenberg basic,928,1,0,10,1e-12,0.688261,0,1.40972e-11,1.81935e-12
Hessenberg basic,928,1,1,10,1e-12,1.92154,0,1.03455e-11,1.81488e-12
Hessenberg basic,929,1,0,10,1e-12,0.699061,0,1.3415e-11,1.68331e-12
Hessenberg basic,929,1,1,10,1e-12,1.92968,0,1.63709e-11,2.03289e-12
Hessenberg basic,930,1,0,10,1e-12,0.695643,0,1.61435e-11,1.78144e-12
Hessenberg basic,930,1,1,10,1e-12,1.9142,0,1.22782e-11,1.7976e-12
Hessenberg basic,931,1,0,10,1e-12,0.744856,0,9.77707e-12,1.706e-12
Hessenberg basic,931,1,1,10,1e-12,1.89871,0,1.06866e-11,1.82868e-12
Hessenberg basic,932,1,0,10,1e-12,0.807478,0,1.23919e-11,1.84749e-12
Hessenberg basic,932,1,1,10,1e-12,1.85828,0,1.3415e-11,1.74287e-12
Hessenberg basic,933,1,0,10,1e-12,1.26195,0,9.32232e-12,1.71136e-12
Hessenberg basic,933,1,1,10,1e-12,1.91345,0,1.1255e-11,1.92237e-12
Hessenberg basic,934,1,0,10,1e-12,0.804565,0,1.26192e-11,1.69684e-12
Hessenberg basic,934,1,1,10,1e-12,2.22861,0,1.40972e-11,1.94851e-12
Hessenberg basic,935,1,0,10,1e-12,0.747409,0,1.03455e-11,1.69213e-12
Hessenberg basic,935,1,1,10,1e-12,2.23628,0,1.29603e-11,1.90535e-12
Hessenberg basic,936,1,0,10,1e-12,0.75888,0,1.3415e-11,1.70093e-12
Hessenberg basic,936,1,1,10,1e-12,2.2503,0,1.23919e-11,1.85481e-12
Hessenberg basic,937,1,0,10,1e-12,0.724178,0,1.22782e-11,1.91322e-12
Hessenberg basic,937,1,1,10,1e-12,2.23706,0,1.78488e-11,1.94435e-12
Hessenberg basic,938,1,0,10,1e-12,0.732204,0,1.17097e-11,1.71128e-12
Hessenberg basic,938,1,1,10,1e-12,2.26177,0,1.55751e-11,1.94481e-12
Hessenberg basic,939,1,0,10,1e-12,0.760958,0,1.22782e-11,1.76657e-12
Hessenberg basic,939,1,1,10,1e-12,2.24242,0,1.42109e-11,1.90654e-12
Hessenberg basic,940,1,0,10,1e-12,0.752226,0,1.19371e-11,1.76069e-12
Hessenberg basic,940,1,1,10,1e-12,2.15732,0,1.15961e-11,1.99071e-12
Hessenberg basic,941,1,0,10,1e-12,0.756137,0,1.1255e-11,1.70993e-12
Hessenberg basic,941,1,1,10,1e-12,1.93817,0,1.69393e-11,1.84135e-12
Hessenberg basic,942,1,0,10,1e-12,0.745401,0,1.15961e-11,1.71774e-12
Hessenberg basic,942,1,1,10,1e-12,1.95464,0,1.3415e-11,1.84569e-12
Hessenberg basic,943,1,0,10,1e-12,0.740553,0,1.31877e-11,1.81775e-12
Hessenberg basic,943,1,1,10,1e-12,2.84065,0,1.28466e-11,1.81185e-12
Hessenberg basic,944,1,0,10,1e-12,1.09517,0,1.51203e-11,1.81336e-12
Hessenberg basic,944,1,1,10,1e-12,2.7372,0,1.18234e-11,1.91498e-12
Hessenberg basic,945,1,0,10,1e-12,0.854841,0,9.54969e-12,1.75778e-12
Hessenberg basic,945,1,1,10,1e-12,2.58884,0,1.00044e-11,1.6955e-12
Hessenberg basic,946,1,0,10,1e-12,0.803944,0,1.80762e-11,1.7301e-12
Hessenberg basic,946,1,1,10,1e-12,2.38631,0,1.37561e-11,1.9277e-12
Hessenberg basic,947,1,0,10,1e-12,0.766828,0,1.37561e-11,1.82877e-12
Hessenberg basic,947,1,1,10,1e-12,2.167,0,1.09139e-11,1.84013e-12
Hessenberg basic,948,1,0,10,1e-12,0.758944,0,9.66338e-12,1.69631e-12
Hessenberg basic,948,1,1,10,1e-12,2.0716,0,1.45519e-11,2.04504e-12
Hessenberg basic,949,1,0,10,1e-12,0.796051,0,9.77707e-12,1.77102e-12
Hessenberg basic,949,1,1,10,1e-12,2.07962,0,1.26192e-11,1.8126e-12
Hessenberg basic,950,1,0,10,1e-12,0.784236,0,1.1255e-11,1.75708e-12
Hessenberg basic,950,1,1,10,1e-12,2.03708,0,9.89075e-12,1.75462e-12
Hessenberg basic,951,1,0,10,1e-12,0.788254,0,1.22782e-11,1.85229e-12
Hessenberg basic,951,1,1,10,1e-12,2.0593,0,1.78488e-11,1.85604e-12
Hessenberg basic,952,1,0,10,1e-12,0.813124,0,1.05729e-11,1.61661e-12
Hessenberg basic,952,1,1,10,1e-12,2.04527,0,1.65983e-11,1.75429e-12
Hessenberg basic,953,1,0,10,1e-12,0.787276,0,1.04592e-11,1.83639e-12
Hessenberg basic,953,1,1,10,1e-12,1.98301,0,1.38698e-11,1.95412e-12
Hessenberg basic,954,1,0,10,1e-12,1.23198,0,1.09139e-11,1.75523e-12
Hessenberg basic,954,1,1,10,1e-12,2.132,0,1.22782e-11,1.74728e-12
Hessenberg basic,955,1,0,10,1e-12,0.848734,0,1.23919e-11,1.73647e-12
Hessenberg basic,955,1,1,10,1e-12,2.37988,0,1.11413e-11,1.83255e-12
Hessenberg basic,956,1,0,10,1e-12,0.904579,0,1.22782e-11,1.74475e-12
Hessenberg basic,956,1,1,10,1e-12,2.45358,0,1.39835e-11,1.83575e-12
Hessenberg basic,957,1,0,10,1e-12,0.856136,0,1.28466e-11,1.77345e-12
Hessenberg basic,957,1,1,10,1e-12,2.45646,0,1.3074e-11,2.04688e-12
Hessenberg basic,958,1,0,10,1e-12,0.848749,0,9.54969e-12,1.79777e-12
Hessenberg basic,958,1,1,10,1e-12,2.45901,0,1.23919e-11,1.88715e-12
Hessenberg basic,959,1,0,10,1e-12,0.863171,0,1.23919e-11,1.80388e-12
Hessenberg basic,959,1,1,10,1e-12,2.47766,0,1.46656e-11,1.91874e-12
Hessenberg basic,960,1,0,10,1e-12,0.883174,0,1.15961e-11,1.72525e-12
Hessenberg basic,960,1,1,10,1e-12,2.33375,0,9.77707e-12,1.8787e-12
Hessenberg basic,961,1,0,10,1e-12,0.832782,0,1.1255e-11,1.73042e-12
Hessenberg basic,961,1,1,10,1e-12,2.07591,0,1.35287e-11,1.8867e-12
Hessenberg basic,962,1,0,10,1e-12,0.855655,0,1.04592e-11,1.74889e-12
Hessenberg basic,962,1,1,10,1e-12,2.77876,0,1.38698e-11,1.94541e-12
Hessenberg basic,963,1,0,10,1e-12,1.14895,0,1.23919e-11,1.6897e-12
Hessenberg basic,963,1,1,10,1e-12,3.1446,0,1.04592e-11,1.86644e-12
Hessenberg basic,964,1,0,10,1e-12,0.85596,0,1.3415e-11,1.76567e-12
Hessenberg basic,964,1,1,10,1e-12,2.76099,0,1.26192e-11,1.96507e-12
Hessenberg basic,965,1,0,10,1e-12,0.820318,0,1.55751e-11,1.85225e-12
Hessenberg basic,965,1,1,10,1e-12,2.6527,0,1.13687e-11,1.99235e-12
Hessenberg basic,966,1,0,10,1e-12,0.805818,0,1.02318e-11,1.81139e-12
Hessenberg basic,966,1,1,10,1e-12,2.60714,0,1.7053e-11,1.93922e-12
Hessenberg basic,967,1,0,10,1e-12,0.847464,0,1.3074e-11,1.76203e-12
Hessenberg basic,967,1,1,10,1e-12,2.52633,0,1.46656e-11,1.85917e-12
Hessenberg basic,968,1,0,10,1e-12,0.822867,0,1.44382e-11,1.78574e-12
Hessenberg basic,968,1,1,10,1e-12,2.39703,0,1.22782e-11,1.96733e-12
Hessenberg basic,969,1,0,10,1e-12,0.8675,0,1.17097e-11,1.86189e-12
Hessenberg basic,969,1,1,10,1e-12,2.23543,0,1.09139e-11,1.87516e-12
Hessenberg basic,970,1,0,10,1e-12,0.818661,0,1.35287e-11,1.71896e-12
Hessenberg basic,970,1,1,10,1e-12,2.22093,0,1.45519e-11,1.97316e-12
Hessenberg basic,971,1,0,10,1e-12,0.869269,0,1.78488e-11,1.68253e-12
Hessenberg basic,971,1,1,10,1e-12,2.24373,0,1.01181e-11,1.88939e-12
Hessenberg basic,972,1,0,10,1e-12,0.915902,0,1.33014e-11,1.74263e-12
Hessenberg basic,972,1,1,10,1e-12,2.2477,0,1.38698e-11,1.95722e-12
Hessenberg basic,973,1,0,10,1e-12,0.935332,0,1.20508e-11,1.75313e-12
Hessenberg basic,973,1,1,10,1e-12,2.22176,0,1.35287e-11,1.90155e-12
Hessenberg basic,974,1,0,10,1e-12,0.906983,0,1.39835e-11,1.82222e-12
Hessenberg basic,974,1,1,10,1e-12,2.14633,0,1.29603e-11,2.03502e-12
Hessenberg basic,975,1,0,10,1e-12,1.50241,0,1.02318e-11,1.78309e-12
Hessenberg basic,975,1,1,10,1e-12,2.2771,0,9.89075e-12,1.80154e-12
Hessenberg basic,976,1,0,10,1e-12,1.02016,0,1.00044e-11,1.77249e-12
Hessenberg basic,976,1,1,10,1e-12,2.59641,0,1.18234e-11,1.91188e-12
Hessenberg basic,977,1,0,10,1e-12,1.02195,0,1.42109e-11,1.81955e-12
Hessenberg basic,977,1,1,10,1e-12,2.64619,0,1.65983e-11,2.08855e-12
Hessenberg basic,978,1,0,10,1e-12,0.915913,0,1.22782e-11,1.73041e-12
Hessenberg basic,978,1,1,10,1e-12,2.61413,0,1.3074e-11,1.88317e-12
Hessenberg basic,979,1,0,10,1e-12,0.927497,0,1.10276e-11,1.78972e-12
Hessenberg basic,979,1,1,10,1e-12,2.64956,0,1.08002e-11,1.80185e-12
Hessenberg basic,980,1,0,10,1e-12,0.915635,0,1.06866e-11,1.72765e-12
Hessenberg basic,980,1,1,10,1e-12,2.66793,0,1.21645e-11,1.84052e-12
Hessenberg basic,981,1,0,10,1e-12,0.927353,0,1.36424e-11,1.84634e-12
Hessenberg basic,981,1,1,10,1e-12,2.708,0,1.43245e-11,1.87703e-12
Hessenberg basic,982,1,0,10,1e-12,0.912676,0,1.14824e-11,1.81987e-12
Hessenberg basic,982,1,1,10,1e-12,2.6716,0,1.4893e-11,1.95194e-12
Hessenberg basic,983,1,0,10,1e-12,0.944474,0,1.25056e-11,1.81323e-12
Hessenberg basic,983,1,1,10,1e-12,2.65703,0,1.7053e-11,1.99356e-12
Hessenberg basic,984,1,0,10,1e-12,0.992195,0,1.64846e-11,1.81071e-12
Hessenberg basic,984,1,1,10,1e-12,2.76966,0,1.39835e-11,1.87975e-12
Hessenberg basic,985,1,0,10,1e-12,0.98077,0,1.61435e-11,1.93745e-12
Hessenberg basic,985,1,1,10,1e-12,2.81607,0,1.03455e-11,1.90407e-12
Hessenberg basic,986,1,0,10,1e-12,0.950391,0,1.08002e-11,1.8007e-12
Hessenberg basic,986,1,1,10,1e-12,2.78086,0,1.39835e-11,1.97599e-12
Hessenberg basic,987,1,0,10,1e-12,1.09091,0,1.10276e-11,1.87797e-12
Hessenberg basic,987,1,1,10,1e-12,2.86188,0,1.96678e-11,1.91586e-12
Hessenberg basic,988,1,0,10,1e-12,0.896086,0,1.01181e-11,1.81315e-12
Hessenberg basic,988,1,1,10,1e-12,2.60674,0,1.75078e-11,1.80019e-12
Hessenberg basic,989,1,0,10,1e-12,0.822727,0,1.17097e-11,1.71571e-12
Hessenberg basic,989,1,1,10,1e-12,2.688,0,1.53477e-11,1.92653e-12
Hessenberg basic,990,1,0,10,1e-12,1.09231,0,9.89075e-12,1.71861e-12
Hessenberg basic,990,1,1,10,1e-12,2.94051,0,1.36424e-11,1.99862e-12
Hessenberg basic,991,1,0,10,1e-12,0.884327,0,1.38698e-11,1.85663e-12
Hessenberg basic,991,1,1,10,1e-12,3.11623,0,1.09139e-11,1.85509e-12
Hessenberg basic,992,1,0,10,1e-12,1.03663,0,1.18234e-11,1.8364e-12
Hessenberg basic,992,1,1,10,1e-12,2.11366,0,1.25056e-11,1.95318e-12
Hessenberg basic,993,1,0,10,1e-12,0.707241,0,9.89075e-12,1.78506e-12
Hessenberg basic,993,1,1,10,1e-12,1.97137,0,1.23919e-11,1.92219e-12
Hessenberg basic,994,1,0,10,1e-12,0.640712,0,1.65983e-11,1.82243e-12
Hessenberg basic,994,1,1,10,1e-12,2.01954,0,1.40972e-11,1.97118e-12
Hessenberg basic,995,1,0,10,1e-12,0.649216,0,1.13687e-11,1.88536e-12
Hessenberg basic,995,1,1,10,1e-12,2.12253,0,1.3074e-11,1.85097e-12
Hessenberg basic,996,1,0,10,1e-12,0.6731,0,1.38698e-11,1.85541e-12
Hessenberg basic,996,1,1,10,1e-12,2.1689,0,1.28466e-11,1.79184e-12
Hessenberg basic,997,1,0,10,1e-12,0.657187,0,1.31877e-11,2.01502e-12
Hessenberg basic,997,1,1,10,1e-12,2.10307,0,1.38698e-11,1.88417e-12
Hessenberg basic,998,1,0,10,1e-12,0.950338,0,1.22782e-11,1.89668e-12
Hessenberg basic,998,1,1,10,1e-12,2.23501,0,1.11413e-11,1.77118e-12
Hessenberg basic,999,1,0,10,1e-12,0.57271,0,1.28466e-11,1.89496e-12
Hessenberg basic,999,1,1,10,1e-12,1.56516,0,1.86446e-11,1.89045e-12
Hessenberg basic,1000,1,0,10,1e-12,0.554397,0,1.27329e-11,1.84719e-12
Hessenberg basic,1000,1,1,10,1e-12,1.64405,0,1.20508e-11,1.89162e-12
