version, size, hermitian, complex, seed, tol, runtime in s,min_error, max_error, avg_error
Hessenberg basic,900,1,0,9,1e-12,0.33061,0,1.43245e-11,1.70013e-12
Hessenberg basic,900,1,1,9,1e-12,1.11186,0,1.25056e-11,1.80653e-12
Hessenberg basic,901,1,0,9,1e-12,0.351339,0,1.22782e-11,1.83543e-12
Hessenberg basic,901,1,1,9,1e-12,1.11047,0,1.27329e-11,1.78425e-12
Hessenberg basic,902,1,0,9,1e-12,0.362265,0,1.38698e-11,1.74328e-12
Hessenberg basic,902,1,1,9,1e-12,1.58646,0,1.45519e-11,1.84421e-12
Hessenberg basic,903,1,0,9,1e-12,0.52623,0,1.09139e-11,1.75055e-12
Hessenberg basic,903,1,1,9,1e-12,1.81847,0,1.44382e-11,1.79703e-12
Hessenberg basic,904,1,0,9,1e-12,0.642804,0,1.26192e-11,1.78993e-12
Hessenberg basic,904,1,1,9,1e-12,1.99291,0,9.66338e-12,1.84742e-12
Hessenberg basic,905,1,0,9,1e-12,0.74066,0,1.13687e-11,1.84401e-12
Hessenberg basic,905,1,1,9,1e-12,2.03714,0,9.54969e-12,1.78372e-12
Hessenberg basic,906,1,0,9,1e-12,0.771173,0,1.18234e-11,1.69946e-12
Hessenberg basic,906,1,1,9,1e-12,2.06463,0,1.11413e-11,1.85172e-12
Hessenberg basic,907,1,0,9,1e-12,0.742846,0,1.31877e-11,1.83152e-12
Hessenberg basic,907,1,1,9,1e-12,1.84141,0,1.3074e-11,1.99931e-12
Hessenberg basic,908,1,0,9,1e-12,0.726235,0,1.06866e-11,1.80761e-12
Hessenberg basic,908,1,1,9,1e-12,1.77017,0,1.65983e-11,2.02537e-12
Hessenberg basic,909,1,0,9,1e-12,0.746136,0,1.19371e-11,1.81379e-12
Hessenberg basic,909,1,1,9,1e-12,2.32864,0,1.3074e-11,1.90383e-12
Hessenberg basic,910,1,0,9,1e-12,0.973874,0,8.75389e-12,1.7426e-12
Hessenberg basic,910,1,1,9,1e-12,2.57578,0,1.08002e-11,1.89384e-12
Hessenberg basic,911,1,0,9,1e-12,0.687996,0,1.00044e-11,1.76516e-12
Hessenberg basic,911,1,1,9,1e-12,2.29205,0,1.19371e-11,1.88763e-12
Hessenberg basic,912,1,0,9,1e-12,0.759421,0,1.35287e-11,1.7632e-12
Hessenberg basic,912,1,1,9,1e-12,2.082,0,1.42109e-11,1.81677e-12
Hessenberg basic,913,1,0,9,1e-12,0.696571,0,1.38698e-11,1.80662e-12
Hessenberg basic,913,1,1,9,1e-12,1.88759,0,1.15961e-11,1.7004e-12
Hessenberg basic,914,1,0,9,1e-12,0.70346,0,1.13687e-11,1.73987e-12
Hessenberg basic,914,1,1,9,1e-12,1.86688,0,1.38698e-11,2.01843e-12
Hessenberg basic,915,1,0,9,1e-12,0.748861,0,1.89857e-11,1.70065e-12
Hessenberg basic,915,1,1,9,1e-12,1.88141,0,1.38698e-11,1.96142e-12
Hessenberg basic,916,1,0,9,1e-12,0.73829,0,9.89075e-12,1.68764e-12
Hessenberg basic,916,1,1,9,1e-12,1.86615,0,1.81899e-11,2.00899e-12
Hessenberg basic,917,1,0,9,1e-12,0.751105,0,1.25056e-11,1.86218e-12
Hessenberg basic,917,1,1,9,1e-12,1.85151,0,1.55751e-11,2.00859e-12
Hessenberg basic,918,1,0,9,1e-12,0.774598,0,1.33014e-11,1.73643e-12
Hessenberg basic,918,1,1,9,1e-12,1.82714,0,1.42109e-11,1.95215e-12
Hessenberg basic,919,1,0,9,1e-12,1.13516,0,1.28466e-11,1.85279e-12
Hessenberg basic,919,1,1,9,1e-12,1.81161,0,1.19371e-11,1.77631e-12
Hessenberg basic,920,1,0,9,1e-12,0.806078,0,1.64846e-11,1.65825e-12
Hessenberg basic,920,1,1,9,1e-12,2.10438,0,1.11413e-11,1.85208e-12
Hessenberg basic,921,1,0,9,1e-12,0.783351,0,1.28466e-11,1.69695e-12
Hessenberg basic,921,1,1,9,1e-12,2.15185,0,1.14824e-11,1.95417e-12
Hessenberg basic,922,1,0,9,1e-12,0.80891,0,1.18234e-11,1.67931e-12
Hessenberg basic,922,1,1,9,1e-12,2.18128,0,1.61435e-11,1.80124e-12
Hessenberg basic,923,1,0,9,1e-12,0.80191,0,1.50067e-11,1.59027e-12
Hessenberg basic,923,1,1,9,1e-12,2.17786,0,1.29603e-11,1.81214e-12
Hessenberg basic,924,1,0,9,1e-12,0.753642,0,1.3074e-11,1.89396e-12
Hessenberg basic,924,1,1,9,1e-12,1.86169,0,1.05729e-11,1.73552e-12
Hessenberg basic,925,1,0,9,1e-12,0.730988,0,1.97815e-11,1.69882e-12
Hessenberg basic,925,1,1,9,1e-12,1.87008,0,1.31877e-11,1.84555e-12
Hessenberg basic,926,1,0,9,1e-12,0.748026,0,1.18234e-11,1.78907e-12
Hessenberg basic,926,1,1,9,1e-12,2.70019,0,1.7053e-11,2.06043e-12
Hessenberg basic,927,1,0,9,1e-12,0.997023,0,1.26192e-11,1.66106e-12
Hessenberg basic,927,1,1,9,1e-12,2.57292,0,1.13687e-11,1.82495e-12
Hessenberg basic,928,1,0,9,1e-12,0.799381,0,1.19371e-11,1.78466e-12
Hessenberg basic,928,1,1,9,1e-12,2.3081,0,1.15961e-11,1.8156e-12
Hessenberg basic,929,1,0,9,1e-12,0.786677,0,1.14824e-11,1.6799e-12
Hessenberg basic,929,1,1,9,1e-12,2.10157,0,1.09139e-11,1.73089e-12
Hessenberg basic,930,1,0,9,1e-12,0.762234,0,1.3415e-11,1.6729e-12
Hessenberg basic,930,1,1,9,1e-12,1.96471,0,1.27329e-11,1.90629e-12
Hessenberg basic,931,1,0,9,1e-12,0.76811,0,1.10276e-11,1.67694e-12
Hessenberg basic,931,1,1,9,1e-12,1.97059,0,1.3074e-11,1.80987e-12
Hessenberg basic,932,1,0,9,1e-12,0.776229,0,1.1255e-11,1.64503e-12
Hessenberg basic,932,1,1,9,1e-12,1.97023,0,1.17097e-11,1.81936e-12
Hessenberg basic,933,1,0,9,1e-12,0.812112,0,1.43245e-11,1.95956e-12
Hessenberg basic,933,1,1,9,1e-12,1.94334,0,1.3415e-11,1.9373e-12
Hessenberg basic,934,1,0,9,1e-12,0.848236,0,1.1255e-11,1.80852e-12
Hessenberg basic,934,1,1,9,1e-12,1.89858,0,1.22782e-11,1.86314e-12
Hessenberg basic,935,1,0,9,1e-12,1.30593,0,1.33014e-11,1.85756e-12
Hessenberg basic,935,1,1,9,1e-12,1.93055,0,1.45519e-11,1.80229e-12
Hessenberg basic,936,1,0,9,1e-12,0.872633,0,1.14824e-11,1.7546e-12
Hessenberg basic,936,1,1,9,1e-12,2.24697,0,1.09139e-11,1.83357e-12
Hessenberg basic,937,1,0,9,1e-12,0.840361,0,1.4893e-11,1.71316e-12
Hessenberg basic,937,1,1,9,1e-12,2.28397,0,9.09495e-12,1.74322e-12
Hessenberg basic,938,1,0,9,1e-12,0.841563,0,1.18234e-11,1.72519e-12
Hessenberg basic,938,1,1,9,1e-12,2.31015,0,1.08002e-11,1.75089e-12
Hessenberg basic,939,1,0,9,1e-12,0.819901,0,1.22782e-11,1.83619e-12
Hessenberg basic,939,1,1,9,1e-12,2.29741,0,1.19371e-11,1.8345e-12
Hessenberg basic,940,1,0,9,1e-12,0.826635,0,8.98126e-12,1.75613e-12
Hessenberg basic,940,1,1,9,1e-12,2.32954,0,1.44382e-11,1.87124e-12
Hessenberg basic,941,1,0,9,1e-12,0.846587,0,1.22782e-11,1.72954e-12
Hessenberg basic,941,1,1,9,1e-12,2.30278,0,1.60298e-11,1.85634e-12
Hessenberg basic,942,1,0,9,1e-12,0.838574,0,1.10276e-11,1.65099e-12
Hessenberg basic,942,1,1,9,1e-12,2.22832,0,1.09139e-11,1.95269e-12
Hessenberg basic,943,1,0,9,1e-12,0.828263,0,9.09495e-12,1.71128e-12
Hessenberg basic,943,1,1,9,1e-12,1.9741,0,1.15961e-11,2.01776e-12
Hessenberg basic,944,1,0,9,1e-12,0.810471,0,1.45519e-11,1.80224e-12
Hessenberg basic,944,1,1,9,1e-12,1.98908,0,1.8531e-11,1.95228e-12
Hessenberg basic,945,1,0,9,1e-12,0.811324,0,1.35287e-11,1.8074e-12
Hessenberg basic,945,1,1,9,1e-12,2.88522,0,1.61435e-11,1.78805e-12
Hessenberg basic,946,1,0,9,1e-12,1.19283,0,1.20508e-11,1.69583e-12
Hessenberg basic,946,1,1,9,1e-12,2.7809,0,1.63709e-11,1.78383e-12
Hessenberg basic,947,1,0,9,1e-12,0.907007,0,1.01181e-11,1.64125e-12
Hessenberg basic,947,1,1,9,1e-12,2.64042,0,1.22782e-11,1.87026e-12
Hessenberg basic,948,1,0,9,1e-12,0.870481,0,1.29603e-11,1.7192e-12
Hessenberg basic,948,1,1,9,1e-12,2.4307,0,1.13687e-11,2.02277e-12
Hessenberg basic,949,1,0,9,1e-12,0.849875,0,1.22782e-11,1.7488e-12
Hessenberg basic,949,1,1,9,1e-12,2.24044,0,1.60298e-11,1.88504e-12
Hessenberg basic,950,1,0,9,1e-12,0.835336,0,1.33014e-11,1.81975e-12
Hessenberg basic,950,1,1,9,1e-12,2.10348,0,1.31877e-11,1.8763e-12
Hessenberg basic,951,1,0,9,1e-12,0.840654,0,1.37561e-11,1.81607e-12
Hessenberg basic,951,1,1,9,1e-12,2.11563,0,1.42109e-11,1.92124e-12
Hessenberg basic,952,1,0,9,1e-12,0.841406,0,1.40972e-11,1.76827e-12
Hessenberg basic,952,1,1,9,1e-12,2.09493,0,1.54614e-11,1.88274e-12
Hessenberg basic,953,1,0,9,1e-12,0.857177,0,1.22782e-11,1.76614e-12
Hessenberg basic,953,1,1,9,1e-12,2.09839,0,1.3415e-11,2.04527e-12
Hessenberg basic,954,1,0,9,1e-12,0.894328,0,1.26192e-11,1.6923e-12
Hessenberg basic,954,1,1,9,1e-12,2.07726,0,1.15961e-11,1.86126e-12
Hessenberg basic,955,1,0,9,1e-12,0.869049,0,1.62572e-11,1.80674e-12
Hessenberg basic,955,1,1,9,1e-12,2.02324,0,1.79625e-11,1.79246e-12
Hessenberg basic,956,1,0,9,1e-12,1.32021,0,1.3415e-11,1.79849e-12
Hessenberg basic,956,1,1,9,1e-12,2.1508,0,1.22782e-11,1.81428e-12
Hessenberg basic,957,1,0,9,1e-12,0.923895,0,1.6712e-11,1.86684e-12
Hessenberg basic,957,1,1,9,1e-12,2.41496,0,1.18234e-11,1.90279e-12
Hessenberg basic,958,1,0,9,1e-12,0.944871,0,1.33014e-11,1.80339e-12
Hessenberg basic,958,1,1,9,1e-12,2.47711,0,1.36424e-11,1.73561e-12
Hessenberg basic,959,1,0,9,1e-12,0.926933,0,1.02318e-11,1.84045e-12
Hessenberg basic,959,1,1,9,1e-12,2.48492,0,1.25056e-11,1.84498e-12
Hessenberg basic,960,1,0,9,1e-12,0.918184,0,1.01181e-11,1.70235e-12
Hessenberg basic,960,1,1,9,1e-12,2.49634,0,1.56888e-11,2.02988e-12
Hessenberg basic,961,1,0,9,1e-12,0.930402,0,1.27329e-11,1.83854e-12
Hessenberg basic,961,1,1,9,1e-12,2.50475,0,1.76215e-11,1.97755e-12
Hessenberg basic,962,1,0,9,1e-12,0.931792,0,1.5234e-11,1.77999e-12
Hessenberg basic,962,1,1,9,1e-12,2.39528,0,1.23919e-11,2.03839e-12
Hessenberg basic,963,1,0,9,1e-12,0.89015,0,1.61435e-11,1.77136e-12
Hessenberg basic,963,1,1,9,1e-12,2.14362,0,1.33014e-11,1.85293e-12
Hessenberg basic,964,1,0,9,1e-12,0.898415,0,1.8531e-11,1.79281e-12
Hessenberg basic,964,1,1,9,1e-12,2.82338,0,1.43245e-11,1.95426e-12
Hessenberg basic,965,1,0,9,1e-12,1.18806,0,1.1255e-11,1.93206e-12
Hessenberg basic,965,1,1,9,1e-12,3.15531,0,1.06866e-11,1.84895e-12
Hessenberg basic,966,1,0,9,1e-12,0.964957,0,9.54969e-12,1.80891e-12
Hessenberg basic,966,1,1,9,1e-12,2.77546,0,1.31877e-11,1.84173e-12
Hessenberg basic,967,1,0,9,1e-12,0.925254,0,1.46656e-11,1.67923e-12
Hessenberg basic,967,1,1,9,1e-12,2.71634,0,1.42109e-11,1.79103e-12
Hessenberg basic,968,1,0,9,1e-12,0.912704,0,1.27329e-11,1.8368e-12
Hessenberg basic,968,1,1,9,1e-12,2.68482,0,1.40972e-11,1.81209e-12
Hessenberg basic,969,1,0,9,1e-12,0.932191,0,1.01181e-11,1.84434e-12
Hessenberg basic,969,1,1,9,1e-12,2.59167,0,1.36424e-11,2.00424e-12
Hessenberg basic,970,1,0,9,1e-12,0.914794,0,1.5234e-11,1.83567e-12
Hessenberg basic,970,1,1,9,1e-12,2.45438,0,1.31877e-11,1.76375e-12
Hessenberg basic,971,1,0,9,1e-12,0.910614,0,1.36424e-11,1.78469e-12
Hessenberg basic,971,1,1,9,1e-12,2.25628,0,1.17097e-11,1.82253e-12
Hessenberg basic,972,1,0,9,1e-12,0.880663,0,1.45519e-11,1.87789e-12
Hessenberg basic,972,1,1,9,1e-12,2.24967,0,1.3074e-11,1.97214e-12
Hessenberg basic,973,1,0,9,1e-12,0.910732,0,1.13687e-11,1.78054e-12
Hessenberg basic,973,1,1,9,1e-12,2.26907,0,1.45519e-11,1.97848e-12
Hessenberg basic,974,1,0,9,1e-12,0.947298,0,1.4893e-11,1.71115e-12
Hessenberg basic,974,1,1,9,1e-12,2.27405,0,1.94404e-11,1.90804e-12
Hessenberg basic,975,1,0,9,1e-12,0.979732,0,1.06866e-11,1.75364e-12
Hessenberg basic,975,1,1,9,1e-12,2.24465,0,1.40972e-11,1.82158e-12
Hessenberg basic,976,1,0,9,1e-12,0.950594,0,1.54614e-11,1.87452e-12
Hessenberg basic,976,1,1,9,1e-12,2.12548,0,1.42109e-11,2.06964e-12
Hessenberg basic,977,1,0,9,1e-12,1.49985,0,1.23919e-11,1.83306e-12
Hessenberg basic,977,1,1,9,1e-12,2.31405,0,1.29603e-11,2.03406e-12
Hessenberg basic,978,1,0,9,1e-12,1.03405,0,1.31877e-11,1.84756e-12
Hessenberg basic,978,1,1,9,1e-12,2.60635,0,1.33014e-11,2.12986e-12
Hessenberg basic,979,1,0,9,1e-12,1.02808,0,1.44382e-11,1.73732e-12
Hessenberg basic,979,1,1,9,1e-12,2.66482,0,1.23919e-11,1.74899e-12
Hessenberg basic,980,1,0,9,1e-12,0.977674,0,1.80762e-11,1.81569e-12
Hessenberg basic,980,1,1,9,1e-12,2.67371,0,1.37561e-11,1.96543e-12
Hessenberg basic,981,1,0,9,1e-12,0.996733,0,1.11413e-11,1.71439e-12
Hessenberg basic,981,1,1,9,1e-12,2.68103,0,1.29603e-11,1.85945e-12
Hessenberg basic,982,1,0,9,1e-12,0.997714,0,1.15961e-11,1.76586e-12
Hessenberg basic,982,1,1,9,1e-12,2.70636,0,1.20508e-11,1.95863e-12
Hessenberg basic,983,1,0,9,1e-12,1.00393,0,1.04592e-11,1.87775e-12
Hessenberg basic,983,1,1,9,1e-12,2.74221,0,1.71667e-11,1.80694e-12
Hessenberg basic,984,1,0,9,1e-12,0.986634,0,1.10276e-11,1.78494e-12
Hessenberg basic,984,1,1,9,1e-12,2.7057,0,1.77351e-11,2.00441e-12
Hessenberg basic,985,1,0,9,1e-12,0.997634,0,1.08002e-11,1.78972e-12
Hessenberg basic,985,1,1,9,1e-12,2.70691,0,1.59162e-11,1.88991e-12
Hessenberg basic,986,1,0,9,1e-12,1.02732,0,1.29603e-11,1.75842e-12
Hessenberg basic,986,1,1,9,1e-12,2.7927,0,1.25056e-11,1.84626e-12
Hessenberg basic,987,1,0,9,1e-12,1.03177,0,1.09139e-11,1.76632e-12
Hessenberg basic,987,1,1,9,1e-12,2.85104,0,1.43245e-11,1.84443e-12
Hessenberg basic,988,1,0,9,1e-12,1.02829,0,1.09139e-11,1.80863e-12
Hessenberg basic,988,1,1,9,1e-12,2.81426,0,1.23919e-11,1.85363e-12
Hessenberg basic,989,1,0,9,1e-12,1.14399,0,1.42109e-11,1.81297e-12
Hessenberg basic,989,1,1,9,1e-12,2.89347,0,1.46656e-11,1.87418e-12
Hessenberg basic,990,1,0,9,1e-12,1.00115,0,1.09139e-11,1.57818e-12
Hessenberg basic,990,1,1,9,1e-12,2.87226,0,1.46656e-11,1.81191e-12
Hessenberg basic,991,1,0,9,1e-12,0.928784,0,1.17097e-11,1.72857e-12
Hessenberg basic,991,1,1,9,1e-12,2.67379,0,1.11413e-11,1.8747e-12
Hessenberg basic,992,1,0,9,1e-12,1.10888,0,1.31877e-11,1.75482e-12
Hessenberg basic,992,1,1,9,1e-12,2.9567,0,1.02318e-11,1.8051e-12
Hessenberg basic,993,1,0,9,1e-12,0.985681,0,1.22782e-11,1.72697e-12
Hessenberg basic,993,1,1,9,1e-12,3.24343,0,1.63709e-11,1.93161e-12
Hessenberg basic,994,1,0,9,1e-12,0.975554,0,1.23919e-11,1.63445e-12
Hessenberg basic,994,1,1,9,1e-12,2.10811,0,1.05729e-11,1.65203e-12
Hessenberg basic,995,1,0,9,1e-12,0.72811,0,1.60298e-11,1.93374e-12
Hessenberg basic,995,1,1,9,1e-12,2.04302,0,1.55751e-11,1.88793e-12
Hessenberg basic,996,1,0,9,1e-12,0.68025,0,1.33014e-11,1.7533e-12
Hessenberg basic,996,1,1,9,1e-12,2.05906,0,1.46656e-11,1.84432e-12
Hessenberg basic,997,1,0,9,1e-12,0.706291,0,1.27329e-11,1.64706e-12
Hessenberg basic,997,1,1,9,1e-12,2.17559,0,1.4893e-11,1.76889e-12
Hessenberg basic,998,1,0,9,1e-12,0.749966,0,1.72804e-11,1.73715e-12
Hessenberg basic,998,1,1,9,1e-12,2.16946,0,1.44382e-11,1.94156e-12
Hessenberg basic,999,1,0,9,1e-12,0.747657,0,1.5234e-11,1.72214e-12
Hessenberg basic,999,1,1,9,1e-12,2.13639,0,1.11413e-11,1.80533e-12
Hessenberg basic,1000,1,0,9,1e-12,1.10116,0,1.31877e-11,1.62938e-12
Hessenberg basic,1000,1,1,9,1e-12,2.31973,0,1.39835e-11,1.8674e-12
