version, size, hermitian, complex, seed, tol, runtime in s,min_error, max_error, avg_error
Hessenberg basic,900,1,0,8,1e-12,0.329479,0,1.27329e-11,1.70444e-12
Hessenberg basic,900,1,1,8,1e-12,1.10398,0,1.13687e-11,1.76055e-12
Hessenberg basic,901,1,0,8,1e-12,0.345941,0,1.31877e-11,1.67569e-12
Hessenberg basic,901,1,1,8,1e-12,1.10621,0,1.56888e-11,1.73913e-12
Hessenberg basic,902,1,0,8,1e-12,0.345278,0,1.10276e-11,1.67176e-12
Hessenberg basic,902,1,1,8,1e-12,1.10454,0,1.29603e-11,1.79499e-12
Hessenberg basic,903,1,0,8,1e-12,0.367881,0,1.13687e-11,1.6512e-12
Hessenberg basic,903,1,1,8,1e-12,1.1438,0,1.02318e-11,1.78537e-12
Hessenberg basic,904,1,0,8,1e-12,0.364477,0,1.19371e-11,1.71535e-12
Hessenberg basic,904,1,1,8,1e-12,1.13592,0,1.36424e-11,1.78588e-12
Hessenberg basic,905,1,0,8,1e-12,0.840877,0,1.25056e-11,1.66049e-12
Hessenberg basic,905,1,1,8,1e-12,1.19857,0,1.1255e-11,1.72519e-12
Hessenberg basic,906,1,0,8,1e-12,1.07284,0,1.02318e-11,1.74364e-12
Hessenberg basic,906,1,1,8,1e-12,1.15456,0,1.14824e-11,1.93403e-12
Hessenberg basic,907,1,0,8,1e-12,0.648331,0,1.02318e-11,1.64055e-12
Hessenberg basic,907,1,1,8,1e-12,1.18915,0,1.21645e-11,1.80697e-12
Hessenberg basic,908,1,0,8,1e-12,0.635867,0,1.22782e-11,1.65957e-12
Hessenberg basic,908,1,1,8,1e-12,1.17767,0,1.10276e-11,1.82025e-12
Hessenberg basic,909,1,0,8,1e-12,0.651538,0,1.06866e-11,1.68287e-12
Hessenberg basic,909,1,1,8,1e-12,1.19152,0,1.20508e-11,1.85288e-12
Hessenberg basic,910,1,0,8,1e-12,0.468683,0,1.11413e-11,1.72397e-12
Hessenberg basic,910,1,1,8,1e-12,1.25512,0,1.75078e-11,1.80607e-12
Hessenberg basic,911,1,0,8,1e-12,0.417478,0,1.04592e-11,1.77171e-12
Hessenberg basic,911,1,1,8,1e-12,1.31434,0,1.3074e-11,1.71279e-12
Hessenberg basic,912,1,0,8,1e-12,0.375713,0,1.09139e-11,1.71411e-12
Hessenberg basic,912,1,1,8,1e-12,1.72674,0,1.20508e-11,1.74179e-12
Hessenberg basic,913,1,0,8,1e-12,0.678648,0,1.10276e-11,1.61811e-12
Hessenberg basic,913,1,1,8,1e-12,1.96992,0,1.05729e-11,1.72612e-12
Hessenberg basic,914,1,0,8,1e-12,0.404526,0,1.1255e-11,1.66205e-12
Hessenberg basic,914,1,1,8,1e-12,1.70515,0,1.05729e-11,1.66395e-12
Hessenberg basic,915,1,0,8,1e-12,0.381809,0,1.36424e-11,1.72603e-12
Hessenberg basic,915,1,1,8,1e-12,1.50761,0,1.17097e-11,1.88291e-12
Hessenberg basic,916,1,0,8,1e-12,0.380723,0,1.3415e-11,1.71962e-12
Hessenberg basic,916,1,1,8,1e-12,1.35884,0,1.46656e-11,1.82328e-12
Hessenberg basic,917,1,0,8,1e-12,0.388842,0,1.23919e-11,1.63631e-12
Hessenberg basic,917,1,1,8,1e-12,1.28085,0,1.36424e-11,1.91698e-12
Hessenberg basic,918,1,0,8,1e-12,0.389213,0,1.20508e-11,1.67194e-12
Hessenberg basic,918,1,1,8,1e-12,1.2708,0,1.02318e-11,1.79623e-12
Hessenberg basic,919,1,0,8,1e-12,0.39659,0,1.28466e-11,1.75268e-12
Hessenberg basic,919,1,1,8,1e-12,1.28329,0,8.69704e-12,1.66347e-12
Hessenberg basic,920,1,0,8,1e-12,0.392704,0,1.35287e-11,1.66251e-12
Hessenberg basic,920,1,1,8,1e-12,1.24902,0,1.18234e-11,1.87397e-12
Hessenberg basic,921,1,0,8,1e-12,0.401439,0,1.15961e-11,1.77096e-12
Hessenberg basic,921,1,1,8,1e-12,1.25838,0,1.26192e-11,1.92407e-12
Hessenberg basic,922,1,0,8,1e-12,0.444358,0,9.54969e-12,1.64805e-12
Hessenberg basic,922,1,1,8,1e-12,1.73446,0,1.50067e-11,1.76265e-12
Hessenberg basic,923,1,0,8,1e-12,0.449743,0,1.39835e-11,1.60497e-12
Hessenberg basic,923,1,1,8,1e-12,1.31978,0,1.10276e-11,1.87034e-12
Hessenberg basic,924,1,0,8,1e-12,0.687345,0,1.03455e-11,1.65683e-12
Hessenberg basic,924,1,1,8,1e-12,1.23699,0,1.08002e-11,1.76248e-12
Hessenberg basic,925,1,0,8,1e-12,0.70828,0,1.00044e-11,1.68597e-12
Hessenberg basic,925,1,1,8,1e-12,1.24802,0,9.77707e-12,1.72242e-12
Hessenberg basic,926,1,0,8,1e-12,0.707696,0,1.10276e-11,1.71646e-12
Hessenberg basic,926,1,1,8,1e-12,1.24667,0,1.1255e-11,1.79277e-12
Hessenberg basic,927,1,0,8,1e-12,0.727345,0,1.22782e-11,1.67985e-12
Hessenberg basic,927,1,1,8,1e-12,1.26651,0,1.98952e-11,1.79524e-12
Hessenberg basic,928,1,0,8,1e-12,0.425324,0,1.26192e-11,1.72904e-12
Hessenberg basic,928,1,1,8,1e-12,1.31704,0,8.41283e-12,1.68777e-12
Hessenberg basic,929,1,0,8,1e-12,0.462493,0,1.15961e-11,1.62409e-12
Hessenberg basic,929,1,1,8,1e-12,1.3664,0,1.15961e-11,1.75856e-12
Hessenberg basic,930,1,0,8,1e-12,0.470933,0,1.3415e-11,1.58693e-12
Hessenberg basic,930,1,1,8,1e-12,2.09872,0,1.28466e-11,1.77735e-12
Hessenberg basic,931,1,0,8,1e-12,0.674309,0,1.11413e-11,1.58972e-12
Hessenberg basic,931,1,1,8,1e-12,1.93565,0,1.53477e-11,1.7656e-12
Hessenberg basic,932,1,0,8,1e-12,0.417521,0,1.19371e-11,1.6512e-12
Hessenberg basic,932,1,1,8,1e-12,1.69824,0,1.45519e-11,1.9698e-12
Hessenberg basic,933,1,0,8,1e-12,0.43006,0,1.61435e-11,1.6676e-12
Hessenberg basic,933,1,1,8,1e-12,1.50626,0,1.01181e-11,1.71565e-12
Hessenberg basic,934,1,0,8,1e-12,0.435704,0,1.09139e-11,1.74202e-12
Hessenberg basic,934,1,1,8,1e-12,1.37372,0,1.3074e-11,1.77853e-12
Hessenberg basic,935,1,0,8,1e-12,0.44306,0,1.15961e-11,1.75588e-12
Hessenberg basic,935,1,1,8,1e-12,1.37283,0,1.59162e-11,1.71518e-12
Hessenberg basic,936,1,0,8,1e-12,0.44323,0,1.11413e-11,1.5808e-12
Hessenberg basic,936,1,1,8,1e-12,1.33946,0,1.63709e-11,1.74461e-12
Hessenberg basic,937,1,0,8,1e-12,0.445916,0,9.89075e-12,1.61254e-12
Hessenberg basic,937,1,1,8,1e-12,1.34761,0,1.22782e-11,1.67526e-12
Hessenberg basic,938,1,0,8,1e-12,0.444892,0,1.21645e-11,1.7229e-12
Hessenberg basic,938,1,1,8,1e-12,1.35681,0,1.43245e-11,1.86969e-12
Hessenberg basic,939,1,0,8,1e-12,0.48841,0,1.01181e-11,1.66595e-12
Hessenberg basic,939,1,1,8,1e-12,1.92292,0,1.01181e-11,1.89753e-12
Hessenberg basic,940,1,0,8,1e-12,0.487505,0,1.08002e-11,1.65045e-12
Hessenberg basic,940,1,1,8,1e-12,1.33476,0,1.20508e-11,1.62011e-12
Hessenberg basic,941,1,0,8,1e-12,0.778317,0,8.86757e-12,1.63485e-12
Hessenberg basic,941,1,1,8,1e-12,1.33467,0,1.3415e-11,1.75785e-12
Hessenberg basic,942,1,0,8,1e-12,0.781793,0,1.1255e-11,1.66112e-12
Hessenberg basic,942,1,1,8,1e-12,1.34163,0,9.89075e-12,1.7489e-12
Hessenberg basic,943,1,0,8,1e-12,0.809769,0,1.08002e-11,1.7794e-12
Hessenberg basic,943,1,1,8,1e-12,1.35071,0,1.02318e-11,1.77866e-12
Hessenberg basic,944,1,0,8,1e-12,0.80191,0,1.18234e-11,1.67591e-12
Hessenberg basic,944,1,1,8,1e-12,1.34186,0,1.36424e-11,1.72339e-12
Hessenberg basic,945,1,0,8,1e-12,0.820162,0,1.00044e-11,1.75267e-12
Hessenberg basic,945,1,1,8,1e-12,1.36609,0,9.77707e-12,1.71806e-12
Hessenberg basic,946,1,0,8,1e-12,0.814373,0,9.72022e-12,1.71689e-12
Hessenberg basic,946,1,1,8,1e-12,1.35605,0,9.77707e-12,1.68185e-12
Hessenberg basic,947,1,0,8,1e-12,0.733146,0,9.54969e-12,1.68179e-12
Hessenberg basic,947,1,1,8,1e-12,1.37604,0,1.46656e-11,1.75669e-12
Hessenberg basic,948,1,0,8,1e-12,0.472208,0,2.08047e-11,1.68607e-12
Hessenberg basic,948,1,1,8,1e-12,1.43972,0,1.14824e-11,1.73701e-12
Hessenberg basic,949,1,0,8,1e-12,0.485195,0,1.00044e-11,1.63307e-12
Hessenberg basic,949,1,1,8,1e-12,1.46689,0,1.05729e-11,1.73996e-12
Hessenberg basic,950,1,0,8,1e-12,0.527415,0,9.32232e-12,1.61107e-12
Hessenberg basic,950,1,1,8,1e-12,2.25924,0,1.06866e-11,1.72347e-12
Hessenberg basic,951,1,0,8,1e-12,0.828775,0,1.31877e-11,1.8509e-12
Hessenberg basic,951,1,1,8,1e-12,2.15217,0,1.40972e-11,1.73363e-12
Hessenberg basic,952,1,0,8,1e-12,0.496287,0,1.02318e-11,1.60414e-12
Hessenberg basic,952,1,1,8,1e-12,1.96672,0,9.32232e-12,1.7351e-12
Hessenberg basic,953,1,0,8,1e-12,0.47142,0,1.21645e-11,1.60271e-12
Hessenberg basic,953,1,1,8,1e-12,1.79666,0,1.11413e-11,1.78197e-12
Hessenberg basic,954,1,0,8,1e-12,0.474643,0,1.04592e-11,1.7747e-12
Hessenberg basic,954,1,1,8,1e-12,1.62538,0,1.31877e-11,1.62434e-12
Hessenberg basic,955,1,0,8,1e-12,0.480977,0,1.55751e-11,1.66538e-12
Hessenberg basic,955,1,1,8,1e-12,1.4919,0,9.60654e-12,1.76427e-12
Hessenberg basic,956,1,0,8,1e-12,0.477456,0,1.33014e-11,1.74012e-12
Hessenberg basic,956,1,1,8,1e-12,1.47857,0,1.35287e-11,1.73153e-12
Hessenberg basic,957,1,0,8,1e-12,0.491459,0,9.54969e-12,1.68248e-12
Hessenberg basic,957,1,1,8,1e-12,1.48422,0,1.10276e-11,1.69304e-12
Hessenberg basic,958,1,0,8,1e-12,0.494062,0,1.22782e-11,1.60745e-12
Hessenberg basic,958,1,1,8,1e-12,1.45959,0,1.23919e-11,1.73738e-12
Hessenberg basic,959,1,0,8,1e-12,0.50025,0,1.04592e-11,1.59321e-12
Hessenberg basic,959,1,1,8,1e-12,1.44451,0,1.26192e-11,1.63919e-12
Hessenberg basic,960,1,0,8,1e-12,0.494904,0,9.49285e-12,1.67636e-12
Hessenberg basic,960,1,1,8,1e-12,1.51117,0,1.15961e-11,1.71079e-12
Hessenberg basic,961,1,0,8,1e-12,0.548689,0,1.26192e-11,1.70109e-12
Hessenberg basic,961,1,1,8,1e-12,1.99001,0,1.10276e-11,1.74732e-12
Hessenberg basic,962,1,0,8,1e-12,0.657256,0,1.18234e-11,1.63316e-12
Hessenberg basic,962,1,1,8,1e-12,1.43194,0,1.20508e-11,1.76057e-12
Hessenberg basic,963,1,0,8,1e-12,0.893844,0,1.02318e-11,1.59581e-12
Hessenberg basic,963,1,1,8,1e-12,1.46762,0,1.22782e-11,1.73326e-12
Hessenberg basic,964,1,0,8,1e-12,0.907598,0,9.77707e-12,1.67542e-12
Hessenberg basic,964,1,1,8,1e-12,1.48278,0,8.98126e-12,1.75903e-12
Hessenberg basic,965,1,0,8,1e-12,0.894518,0,1.15961e-11,1.7185e-12
Hessenberg basic,965,1,1,8,1e-12,1.47137,0,1.21645e-11,1.95178e-12
Hessenberg basic,966,1,0,8,1e-12,0.897109,0,1.18234e-11,1.74108e-12
Hessenberg basic,966,1,1,8,1e-12,1.43863,0,1.11413e-11,1.85095e-12
Hessenberg basic,967,1,0,8,1e-12,0.903669,0,1.26192e-11,1.71733e-12
Hessenberg basic,967,1,1,8,1e-12,1.45709,0,1.26192e-11,1.72854e-12
Hessenberg basic,968,1,0,8,1e-12,0.770761,0,9.54969e-12,1.68317e-12
Hessenberg basic,968,1,1,8,1e-12,1.48453,0,1.68257e-11,1.8083e-12
Hessenberg basic,969,1,0,8,1e-12,0.55928,0,1.14824e-11,1.5542e-12
Hessenberg basic,969,1,1,8,1e-12,1.55657,0,1.13687e-11,1.70589e-12
Hessenberg basic,970,1,0,8,1e-12,0.527158,0,1.03455e-11,1.68027e-12
Hessenberg basic,970,1,1,8,1e-12,2.1357,0,9.66338e-12,1.7346e-12
Hessenberg basic,971,1,0,8,1e-12,0.889675,0,1.13687e-11,1.66547e-12
Hessenberg basic,971,1,1,8,1e-12,2.42546,0,1.18234e-11,1.8522e-12
Hessenberg basic,972,1,0,8,1e-12,0.606622,0,1.43245e-11,1.76277e-12
Hessenberg basic,972,1,1,8,1e-12,2.17658,0,1.06866e-11,1.66072e-12
Hessenberg basic,973,1,0,8,1e-12,0.53001,0,1.01181e-11,1.68446e-12
Hessenberg basic,973,1,1,8,1e-12,2.05992,0,1.75078e-11,1.8014e-12
Hessenberg basic,974,1,0,8,1e-12,0.51383,0,1.37561e-11,1.72373e-12
Hessenberg basic,974,1,1,8,1e-12,2.01464,0,1.13687e-11,1.78709e-12
Hessenberg basic,975,1,0,8,1e-12,0.518821,0,1.14824e-11,1.71566e-12
Hessenberg basic,975,1,1,8,1e-12,1.92061,0,1.5234e-11,1.83614e-12
Hessenberg basic,976,1,0,8,1e-12,0.518321,0,1.05729e-11,1.66665e-12
Hessenberg basic,976,1,1,8,1e-12,1.80212,0,1.68257e-11,1.73413e-12
Hessenberg basic,977,1,0,8,1e-12,0.527157,0,1.14824e-11,1.70232e-12
Hessenberg basic,977,1,1,8,1e-12,1.60409,0,1.02318e-11,1.81286e-12
Hessenberg basic,978,1,0,8,1e-12,0.539518,0,1.25056e-11,1.74017e-12
Hessenberg basic,978,1,1,8,1e-12,1.59948,0,1.25056e-11,1.77375e-12
Hessenberg basic,979,1,0,8,1e-12,0.532234,0,1.31877e-11,1.63431e-12
Hessenberg basic,979,1,1,8,1e-12,1.59755,0,1.09139e-11,1.69244e-12
Hessenberg basic,980,1,0,8,1e-12,0.530054,0,1.10276e-11,1.66634e-12
Hessenberg basic,980,1,1,8,1e-12,1.57304,0,1.64846e-11,1.84352e-12
Hessenberg basic,981,1,0,8,1e-12,0.54391,0,1.05729e-11,1.75611e-12
Hessenberg basic,981,1,1,8,1e-12,1.55594,0,1.26192e-11,1.7066e-12
Hessenberg basic,982,1,0,8,1e-12,0.539005,0,1.23919e-11,1.68304e-12
Hessenberg basic,982,1,1,8,1e-12,1.63553,0,1.17097e-11,1.77742e-12
Hessenberg basic,983,1,0,8,1e-12,0.611841,0,1.28466e-11,1.66887e-12
Hessenberg basic,983,1,1,8,1e-12,2.21998,0,1.47793e-11,1.68842e-12
Hessenberg basic,984,1,0,8,1e-12,0.689454,0,9.09495e-12,1.73625e-12
Hessenberg basic,984,1,1,8,1e-12,1.53207,0,1.15961e-11,1.7676e-12
Hessenberg basic,985,1,0,8,1e-12,0.973068,0,1.55751e-11,1.67962e-12
Hessenberg basic,985,1,1,8,1e-12,1.54756,0,1.33014e-11,1.76228e-12
Hessenberg basic,986,1,0,8,1e-12,0.977533,0,1.17097e-11,1.69868e-12
Hessenberg basic,986,1,1,8,1e-12,1.55888,0,1.15961e-11,1.86906e-12
Hessenberg basic,987,1,0,8,1e-12,1.00487,0,1.01181e-11,1.69999e-12
Hessenberg basic,987,1,1,8,1e-12,1.56585,0,1.02318e-11,1.81535e-12
Hessenberg basic,988,1,0,8,1e-12,1.00363,0,1.14824e-11,1.71378e-12
Hessenberg basic,988,1,1,8,1e-12,1.56494,0,1.31877e-11,1.81855e-12
Hessenberg basic,989,1,0,8,1e-12,0.999042,0,1.10276e-11,1.65331e-12
Hessenberg basic,989,1,1,8,1e-12,1.5761,0,1.00044e-11,1.72475e-12
Hessenberg basic,990,1,0,8,1e-12,1.00663,0,1.1255e-11,1.71261e-12
Hessenberg basic,990,1,1,8,1e-12,1.57277,0,1.01181e-11,1.70499e-12
Hessenberg basic,991,1,0,8,1e-12,1.01641,0,1.10276e-11,1.68439e-12
Hessenberg basic,991,1,1,8,1e-12,1.58101,0,1.15961e-11,1.78937e-12
Hessenberg basic,992,1,0,8,1e-12,1.02556,0,1.65983e-11,1.76771e-12
Hessenberg basic,992,1,1,8,1e-12,1.59017,0,1.38698e-11,1.81848e-12
Hessenberg basic,993,1,0,8,1e-12,1.07509,0,1.26192e-11,1.71796e-12
Hessenberg basic,993,1,1,8,1e-12,1.5661,0,1.15961e-11,1.83301e-12
Hessenberg basic,994,1,0,8,1e-12,1.04139,0,1.14824e-11,1.76033e-12
Hessenberg basic,994,1,1,8,1e-12,1.81519,0,1.06866e-11,1.81716e-12
Hessenberg basic,995,1,0,8,1e-12,1.11745,0,1.01181e-11,1.63741e-12
Hessenberg basic,995,1,1,8,1e-12,1.59996,0,2.20552e-11,1.9062e-12
Hessenberg basic,996,1,0,8,1e-12,1.10664,0,1.06866e-11,1.77492e-12
Hessenberg basic,996,1,1,8,1e-12,1.88132,0,1.78488e-11,1.83966e-12
Hessenberg basic,997,1,0,8,1e-12,1.45482,0,1.21645e-11,1.77331e-12
Hessenberg basic,997,1,1,8,1e-12,1.73762,0,9.77707e-12,1.83873e-12
Hessenberg basic,998,1,0,8,1e-12,1.07101,0,1.18234e-11,1.75544e-12
Hessenberg basic,998,1,1,8,1e-12,1.66203,0,1.27329e-11,1.84651e-12
Hessenberg basic,999,1,0,8,1e-12,1.17905,0,1.14824e-11,1.71061e-12
Hessenberg basic,999,1,1,8,1e-12,1.73273,0,1.04592e-11,1.89858e-12
Hessenberg basic,1000,1,0,8,1e-12,1.90737,0,1.13687e-11,1.64734e-12
Hessenberg basic,1000,1,1,8,1e-12,1.6831,0,1.39835e-11,1.79177e-12
