version, size, hermitian, complex, seed, tol, runtime in s,min_error, max_error, avg_error
Hessenberg basic,900,0,0,2,1e-12,2.00955,0,2.52203e-11,3.43577e-12
Hessenberg basic,900,0,1,2,1e-12,5.83681,1.42109e-14,2.65615e-11,4.6523e-12
Hessenberg basic,901,0,0,2,1e-12,1.68793,0,2.7967e-11,3.36552e-12
Hessenberg basic,901,0,1,2,1e-12,5.82577,6.35529e-14,2.61976e-11,4.72976e-12
Hessenberg basic,902,0,0,2,1e-12,1.15286,0,3.18323e-11,3.42213e-12
Hessenberg basic,902,0,1,2,1e-12,4.67945,2.84217e-14,2.42113e-11,4.65077e-12
Hessenberg basic,903,0,0,2,1e-12,3.79088,0,2.04636e-11,3.37051e-12
Hessenberg basic,903,0,1,2,1e-12,6.7426,0,2.784e-11,4.90554e-12
Hessenberg basic,904,0,0,2,1e-12,1.08478,0,3.18323e-11,3.42613e-12
Hessenberg basic,904,0,1,2,1e-12,5.18242,5.1238e-14,2.73019e-11,4.41761e-12
Hessenberg basic,905,0,0,2,1e-12,1.29562,0,2.4329e-11,3.39402e-12
Hessenberg basic,905,0,1,2,1e-12,8.0259,2.92964e-14,2.83716e-11,4.73354e-12
Hessenberg basic,906,0,0,2,1e-12,1.4255,0,3.13776e-11,3.05714e-12
Hessenberg basic,906,0,1,2,1e-12,4.9445,2.84217e-14,1.9811e-11,4.49988e-12
Hessenberg basic,907,0,0,2,1e-12,3.43289,0,2.8006e-11,3.34095e-12
Hessenberg basic,907,0,1,2,1e-12,6.19258,3.01981e-14,1.85728e-11,4.58254e-12
Hessenberg basic,908,0,0,2,1e-12,1.89402,0,2.52385e-11,3.0605e-12
Hessenberg basic,908,0,1,2,1e-12,5.22581,4.23727e-14,2.56055e-11,4.61318e-12
Hessenberg basic,909,0,0,2,1e-12,2.46698,0,2.63753e-11,3.66955e-12
Hessenberg basic,909,0,1,2,1e-12,8.03024,7.10543e-15,2.2079e-11,4.57876e-12
Hessenberg basic,910,0,0,2,1e-12,2.09885,0,2.251e-11,3.14804e-12
Hessenberg basic,910,0,1,2,1e-12,6.93531,2.84217e-14,2.17867e-11,4.79204e-12
Hessenberg basic,911,0,0,2,1e-12,2.8581,0,2.04636e-11,3.22108e-12
Hessenberg basic,911,0,1,2,1e-12,5.90017,2.84217e-14,2.28157e-11,4.64557e-12
Hessenberg basic,912,0,0,2,1e-12,1.12422,0,2.34642e-11,3.61464e-12
Hessenberg basic,912,0,1,2,1e-12,4.96841,7.10543e-14,2.41541e-11,4.71171e-12
Hessenberg basic,913,0,0,2,1e-12,1.52752,0,2.36469e-11,3.47187e-12
Hessenberg basic,913,0,1,2,1e-12,7.11127,3.82639e-14,2.76697e-11,4.71683e-12
Hessenberg basic,914,0,0,2,1e-12,1.277,0,2.31921e-11,3.27844e-12
Hessenberg basic,914,0,1,2,1e-12,6.62366,0,2.10324e-11,4.7427e-12
Hessenberg basic,915,0,0,2,1e-12,3.2619,0,2.34195e-11,3.3936e-12
Hessenberg basic,915,0,1,2,1e-12,6.58476,2.84217e-14,3.31165e-11,4.96666e-12
Hessenberg basic,916,0,0,2,1e-12,1.85841,0,2.41016e-11,3.42621e-12
Hessenberg basic,916,0,1,2,1e-12,4.88206,8.28628e-14,2.29875e-11,4.75232e-12
Hessenberg basic,917,0,0,2,1e-12,2.35418,0,2.41016e-11,3.54624e-12
Hessenberg basic,917,0,1,2,1e-12,5.2454,0,2.92051e-11,4.58287e-12
Hessenberg basic,918,0,0,2,1e-12,1.63025,0,3.20597e-11,3.48574e-12
Hessenberg basic,918,0,1,2,1e-12,5.44708,5.72858e-14,2.9197e-11,4.79759e-12
Hessenberg basic,919,0,0,2,1e-12,1.76505,0,2.68301e-11,3.42343e-12
Hessenberg basic,919,0,1,2,1e-12,7.2067,2.5619e-14,2.81888e-11,4.69478e-12
Hessenberg basic,920,0,0,2,1e-12,1.14254,0,2.4329e-11,3.34376e-12
Hessenberg basic,920,0,1,2,1e-12,5.83318,4.76647e-14,2.27885e-11,4.8065e-12
Hessenberg basic,921,0,0,2,1e-12,3.43871,0,2.88765e-11,3.55493e-12
Hessenberg basic,921,0,1,2,1e-12,7.92554,3.97205e-14,2.09443e-11,4.88426e-12
Hessenberg basic,922,0,0,2,1e-12,1.49393,0,2.39912e-11,3.49782e-12
Hessenberg basic,922,0,1,2,1e-12,5.42626,4.26326e-14,2.59965e-11,4.72461e-12
Hessenberg basic,923,0,0,2,1e-12,2.3706,0,3.36513e-11,3.59057e-12
Hessenberg basic,923,0,1,2,1e-12,6.26749,0,2.18464e-11,4.86711e-12
Hessenberg basic,924,0,0,2,1e-12,1.88469,0,2.34195e-11,3.40837e-12
Hessenberg basic,924,0,1,2,1e-12,5.85084,6.39488e-14,2.53675e-11,4.64203e-12
Hessenberg basic,925,0,0,2,1e-12,3.81344,0,1.90994e-11,3.02549e-12
Hessenberg basic,925,0,1,2,1e-12,7.57238,4.32206e-14,2.04538e-11,4.5318e-12
Hessenberg basic,926,0,0,2,1e-12,1.79123,0,1.43245e-11,2.93038e-12
Hessenberg basic,926,0,1,2,1e-12,6.43018,7.12538e-14,2.22852e-11,4.61185e-12
Hessenberg basic,927,0,0,2,1e-12,1.73164,0,3.16049e-11,3.54203e-12
Hessenberg basic,927,0,1,2,1e-12,6.89932,2.16103e-14,3.07714e-11,4.55723e-12
Hessenberg basic,928,0,0,2,1e-12,1.4609,0,2.22826e-11,3.29298e-12
Hessenberg basic,928,0,1,2,1e-12,5.36271,0,2.81595e-11,4.78481e-12
Hessenberg basic,929,0,0,2,1e-12,1.74234,0,2.24798e-11,3.39782e-12
Hessenberg basic,929,0,1,2,1e-12,6.17712,0,2.38146e-11,4.80964e-12
Hessenberg basic,930,0,0,2,1e-12,1.62253,0,1.84359e-11,3.55251e-12
Hessenberg basic,930,0,1,2,1e-12,6.8262,2.92964e-14,2.58709e-11,4.73739e-12
Hessenberg basic,931,0,0,2,1e-12,3.57799,0,2.47855e-11,3.51873e-12
Hessenberg basic,931,0,1,2,1e-12,8.26254,3.55271e-14,2.46703e-11,4.94581e-12
Hessenberg basic,932,0,0,2,1e-12,1.26121,0,2.75122e-11,3.81061e-12
Hessenberg basic,932,0,1,2,1e-12,5.52771,7.10543e-14,2.85277e-11,4.85214e-12
Hessenberg basic,933,0,0,2,1e-12,2.62913,0,2.16005e-11,3.42518e-12
Hessenberg basic,933,0,1,2,1e-12,6.91401,5.1238e-14,3.10798e-11,4.81789e-12
Hessenberg basic,934,0,0,2,1e-12,2.37394,0,2.86491e-11,3.54979e-12
Hessenberg basic,934,0,1,2,1e-12,7.1174,3.62307e-14,2.36447e-11,4.97378e-12
Hessenberg basic,935,0,0,2,1e-12,3.78347,0,3.11502e-11,3.48061e-12
Hessenberg basic,935,0,1,2,1e-12,7.7864,3.55271e-14,2.25252e-11,4.57955e-12
Hessenberg basic,936,0,0,2,1e-12,1.68099,0,2.77396e-11,3.6336e-12
Hessenberg basic,936,0,1,2,1e-12,6.78385,3.55271e-14,2.78626e-11,4.65546e-12
Hessenberg basic,937,0,0,2,1e-12,2.33114,0,1.96007e-11,3.48735e-12
Hessenberg basic,937,0,1,2,1e-12,7.08009,2.84217e-14,2.21932e-11,4.71571e-12
Hessenberg basic,938,0,0,2,1e-12,1.90129,0,2.34195e-11,3.6326e-12
Hessenberg basic,938,0,1,2,1e-12,5.95611,3.17764e-14,2.78108e-11,4.7661e-12
Hessenberg basic,939,0,0,2,1e-12,1.91363,0,3.06954e-11,3.92402e-12
Hessenberg basic,939,0,1,2,1e-12,7.25405,4.93559e-14,2.87843e-11,4.73209e-12
Hessenberg basic,940,0,0,2,1e-12,1.47007,0,4.00178e-11,3.36611e-12
Hessenberg basic,940,0,1,2,1e-12,5.71466,2.13163e-14,2.45921e-11,4.91736e-12
Hessenberg basic,941,0,0,2,1e-12,3.08624,0,2.04636e-11,3.36857e-12
Hessenberg basic,941,0,1,2,1e-12,8.69631,5.68434e-14,2.31877e-11,4.4453e-12
Hessenberg basic,942,0,0,2,1e-12,1.82925,0,2.84217e-11,3.29489e-12
Hessenberg basic,942,0,1,2,1e-12,7.25242,1.42109e-14,2.79839e-11,4.50356e-12
Hessenberg basic,943,0,0,2,1e-12,1.63173,0,2.95586e-11,3.39126e-12
Hessenberg basic,943,0,1,2,1e-12,7.47234,5.38609e-14,2.3512e-11,4.67621e-12
Hessenberg basic,944,0,0,2,1e-12,1.7416,0,2.45564e-11,3.26553e-12
Hessenberg basic,944,0,1,2,1e-12,5.08509,4.14314e-14,2.55884e-11,4.80012e-12
Hessenberg basic,945,0,0,2,1e-12,3.64433,0,3.86535e-11,3.83925e-12
Hessenberg basic,945,0,1,2,1e-12,8.37491,0,3.00211e-11,4.91366e-12
Hessenberg basic,946,0,0,2,1e-12,2.03855,0,3.27418e-11,3.27848e-12
Hessenberg basic,946,0,1,2,1e-12,6.97616,4.26326e-14,2.31757e-11,4.41554e-12
Hessenberg basic,947,0,0,2,1e-12,1.85595,0,2.80155e-11,3.78541e-12
Hessenberg basic,947,0,1,2,1e-12,5.82714,8.90474e-15,2.55117e-11,4.77828e-12
Hessenberg basic,948,0,0,2,1e-12,1.36247,0,3.20597e-11,3.76124e-12
Hessenberg basic,948,0,1,2,1e-12,4.54783,5.32907e-15,2.1124e-11,4.25336e-12
Hessenberg basic,949,0,0,2,1e-12,2.46159,0,3.04681e-11,3.82868e-12
Hessenberg basic,949,0,1,2,1e-12,7.89558,3.19744e-14,2.45911e-11,4.69885e-12
Hessenberg basic,950,0,0,2,1e-12,3.65385,0,2.00089e-11,3.33344e-12
Hessenberg basic,950,0,1,2,1e-12,7.67212,0,2.54628e-11,4.49964e-12
Hessenberg basic,951,0,0,2,1e-12,2.1604,0,2.38742e-11,3.44549e-12
Hessenberg basic,951,0,1,2,1e-12,7.37354,0,2.23949e-11,4.54795e-12
Hessenberg basic,952,0,0,2,1e-12,1.37024,0,2.75122e-11,3.78173e-12
Hessenberg basic,952,0,1,2,1e-12,5.574,0,2.62112e-11,4.6108e-12
Hessenberg basic,953,0,0,2,1e-12,1.71337,0,2.38742e-11,3.57257e-12
Hessenberg basic,953,0,1,2,1e-12,7.04835,4.29363e-15,2.71985e-11,4.47846e-12
Hessenberg basic,954,0,0,2,1e-12,3.47461,0,2.1519e-11,3.56449e-12
Hessenberg basic,954,0,1,2,1e-12,7.79962,0,2.15613e-11,4.66808e-12
Hessenberg basic,955,0,0,2,1e-12,2.81105,0,2.50111e-11,3.34869e-12
Hessenberg basic,955,0,1,2,1e-12,7.31283,6.07088e-14,2.49739e-11,4.43753e-12
Hessenberg basic,956,0,0,2,1e-12,1.51147,0,2.96982e-11,3.55222e-12
Hessenberg basic,956,0,1,2,1e-12,5.1894,6.35529e-14,2.65046e-11,4.69006e-12
Hessenberg basic,957,0,0,2,1e-12,1.68987,0,2.29647e-11,3.36653e-12
Hessenberg basic,957,0,1,2,1e-12,5.16406,5.72858e-14,2.82815e-11,4.90661e-12
Hessenberg basic,958,0,0,2,1e-12,1.77434,0,2.29647e-11,3.44559e-12
Hessenberg basic,958,0,1,2,1e-12,5.95941,3.89585e-14,2.27468e-11,4.51351e-12
Hessenberg basic,959,0,0,2,1e-12,4.17566,0,3.04681e-11,3.43225e-12
Hessenberg basic,959,0,1,2,1e-12,8.40564,0,2.89681e-11,4.86903e-12
Hessenberg basic,960,0,0,2,1e-12,1.80737,0,2.09184e-11,3.22806e-12
Hessenberg basic,960,0,1,2,1e-12,6.95156,3.55271e-14,2.11787e-11,4.581e-12
Hessenberg basic,961,0,0,2,1e-12,1.75223,0,3.88809e-11,3.4053e-12
Hessenberg basic,961,0,1,2,1e-12,6.12364,4.01944e-14,2.35269e-11,4.58048e-12
Hessenberg basic,962,0,0,2,1e-12,1.60765,0,2.52385e-11,3.42843e-12
Hessenberg basic,962,0,1,2,1e-12,5.85232,0,2.22097e-11,4.63561e-12
Hessenberg basic,963,0,0,2,1e-12,2.14904,0,2.77396e-11,3.16114e-12
Hessenberg basic,963,0,1,2,1e-12,8.35961,3.17764e-14,2.54265e-11,4.78007e-12
Hessenberg basic,964,0,0,2,1e-12,1.73496,0,2.56932e-11,3.37131e-12
Hessenberg basic,964,0,1,2,1e-12,6.39144,3.17764e-14,2.39132e-11,4.65536e-12
Hessenberg basic,965,0,0,2,1e-12,1.70397,0,4.41105e-11,3.48694e-12
Hessenberg basic,965,0,1,2,1e-12,8.83447,2.84217e-14,2.37951e-11,4.764e-12
Hessenberg basic,966,0,0,2,1e-12,2.4002,0,5.32054e-11,3.69602e-12
Hessenberg basic,966,0,1,2,1e-12,7.31117,0,2.49283e-11,4.62764e-12
Hessenberg basic,967,0,0,2,1e-12,3.80163,0,3.47882e-11,3.62412e-12
Hessenberg basic,967,0,1,2,1e-12,9.10109,3.55271e-15,3.05851e-11,4.56766e-12
Hessenberg basic,968,0,0,2,1e-12,1.771,0,1.77351e-11,3.1053e-12
Hessenberg basic,968,0,1,2,1e-12,5.44456,2.5619e-14,2.07005e-11,4.75569e-12
Hessenberg basic,969,0,0,2,1e-12,2.94006,0,2.34195e-11,3.7004e-12
Hessenberg basic,969,0,1,2,1e-12,9.01959,2.84217e-14,2.53511e-11,4.82394e-12
Hessenberg basic,970,0,0,2,1e-12,3.39448,0,2.5529e-11,3.77377e-12
Hessenberg basic,970,0,1,2,1e-12,5.53092,4.08562e-14,1.94232e-11,4.53551e-12
Hessenberg basic,971,0,0,2,1e-12,2.931,0,2.91038e-11,3.22506e-12
Hessenberg basic,971,0,1,2,1e-12,8.90796,4.26326e-14,2.3962e-11,4.52697e-12
Hessenberg basic,972,0,0,2,1e-12,2.12532,0,3.88809e-11,3.67853e-12
Hessenberg basic,972,0,1,2,1e-12,6.14882,4.26326e-14,2.81181e-11,4.75117e-12
Hessenberg basic,973,0,0,2,1e-12,4.31268,0,3.61524e-11,3.37716e-12
Hessenberg basic,973,0,1,2,1e-12,10.3836,7.41828e-14,3.34272e-11,4.56871e-12
Hessenberg basic,974,0,0,2,1e-12,2.25442,0,1.56888e-11,3.06525e-12
Hessenberg basic,974,0,1,2,1e-12,6.03854,6.03961e-14,2.47138e-11,4.51403e-12
Hessenberg basic,975,0,0,2,1e-12,2.10921,0,2.37322e-11,3.71116e-12
Hessenberg basic,975,0,1,2,1e-12,8.44503,0,2.89649e-11,4.58542e-12
Hessenberg basic,976,0,0,2,1e-12,2.67291,0,3.52429e-11,3.04918e-12
Hessenberg basic,976,0,1,2,1e-12,6.05964,3.55271e-14,2.28429e-11,4.6444e-12
Hessenberg basic,977,0,0,2,1e-12,1.97711,0,1.97815e-11,3.09027e-12
Hessenberg basic,977,0,1,2,1e-12,8.89128,5.45218e-14,2.31946e-11,4.70309e-12
Hessenberg basic,978,0,0,2,1e-12,1.86183,0,2.36469e-11,3.53499e-12
Hessenberg basic,978,0,1,2,1e-12,7.42449,6.09228e-14,2.43205e-11,4.49861e-12
Hessenberg basic,979,0,0,2,1e-12,1.9891,0,2.59206e-11,3.49527e-12
Hessenberg basic,979,0,1,2,1e-12,6.43146,1.42109e-14,2.65193e-11,4.55511e-12
Hessenberg basic,980,0,0,2,1e-12,1.9008,0,3.31966e-11,3.66897e-12
Hessenberg basic,980,0,1,2,1e-12,7.86403,5.69543e-14,3.00013e-11,4.76839e-12
Hessenberg basic,981,0,0,2,1e-12,3.88215,0,3.06954e-11,3.45478e-12
Hessenberg basic,981,0,1,2,1e-12,6.33722,6.07088e-14,2.36854e-11,4.70399e-12
Hessenberg basic,982,0,0,2,1e-12,1.58942,0,2.47837e-11,3.27395e-12
Hessenberg basic,982,0,1,2,1e-12,8.44802,2.13163e-14,2.79487e-11,4.82931e-12
Hessenberg basic,983,0,0,2,1e-12,3.71811,0,2.29647e-11,3.30019e-12
Hessenberg basic,983,0,1,2,1e-12,8.1892,2.92964e-14,4.55344e-11,4.64617e-12
Hessenberg basic,984,0,0,2,1e-12,2.45826,0,3.79714e-11,3.19216e-12
Hessenberg basic,984,0,1,2,1e-12,5.42493,0,2.44466e-11,4.56869e-12
Hessenberg basic,985,0,0,2,1e-12,3.13153,0,2.4329e-11,3.43429e-12
Hessenberg basic,985,0,1,2,1e-12,9.83678,0,2.37779e-11,4.65149e-12
Hessenberg basic,986,0,0,2,1e-12,2.645,0,2.20755e-11,3.36085e-12
Hessenberg basic,986,0,1,2,1e-12,7.15456,0,2.51034e-11,4.84864e-12
Hessenberg basic,987,0,0,2,1e-12,3.08508,0,3.43334e-11,3.52908e-12
Hessenberg basic,987,0,1,2,1e-12,7.15258,4.01944e-14,2.47475e-11,4.88735e-12
Hessenberg basic,988,0,0,2,1e-12,1.97841,0,2.27839e-11,3.64229e-12
Hessenberg basic,988,0,1,2,1e-12,6.65152,2.84217e-14,2.30087e-11,4.6462e-12
Hessenberg basic,989,0,0,2,1e-12,3.52194,0,4.66116e-11,3.36531e-12
Hessenberg basic,989,0,1,2,1e-12,7.3667,4.58756e-14,2.32217e-11,4.7176e-12
Hessenberg basic,990,0,0,2,1e-12,3.97588,0,2.95586e-11,3.1685e-12
Hessenberg basic,990,0,1,2,1e-12,6.30847,4.01944e-14,2.36611e-11,4.61063e-12
Hessenberg basic,991,0,0,2,1e-12,1.82418,0,3.38787e-11,3.50465e-12
Hessenberg basic,991,0,1,2,1e-12,10.2439,0,2.50193e-11,4.6234e-12
Hessenberg basic,992,0,0,2,1e-12,2.09156,0,2.54659e-11,3.25325e-12
Hessenberg basic,992,0,1,2,1e-12,7.77694,5.72858e-14,2.31028e-11,4.68668e-12
Hessenberg basic,993,0,0,2,1e-12,3.71583,0,3.52429e-11,3.26513e-12
Hessenberg basic,993,0,1,2,1e-12,10.9544,2.49276e-14,3.32014e-11,4.70334e-12
Hessenberg basic,994,0,0,2,1e-12,1.99348,0,2.93312e-11,3.13336e-12
Hessenberg basic,994,0,1,2,1e-12,7.20446,0,2.2776e-11,4.68362e-12
Hessenberg basic,995,0,0,2,1e-12,5.30322,0,2.36469e-11,3.43116e-12
Hessenberg basic,995,0,1,2,1e-12,10.6006,0,2.85191e-11,4.70117e-12
Hessenberg basic,996,0,0,2,1e-12,2.73134,0,3.00133e-11,3.37225e-12
Hessenberg basic,996,0,1,2,1e-12,7.25044,0,2.41233e-11,4.74857e-12
Hessenberg basic,997,0,0,2,1e-12,4.27504,0,3.06954e-11,3.50581e-12
Hessenberg basic,997,0,1,2,1e-12,11.5992,1.42109e-14,2.59212e-11,4.57797e-12
Hessenberg basic,998,0,0,2,1e-12,3.58649,0,2.16005e-11,3.52602e-12
Hessenberg basic,998,0,1,2,1e-12,8.97311,0,3.62789e-11,4.82145e-12
Hessenberg basic,999,0,0,2,1e-12,4.1051,0,3.00133e-11,3.15506e-12
Hessenberg basic,999,0,1,2,1e-12,8.53656,5.68434e-14,2.27385e-11,4.63205e-12
Hessenberg basic,1000,0,0,2,1e-12,2.65915,0,2.36469e-11,3.5017e-12
Hessenberg basic,1000,0,1,2,1e-12,7.48683,2.84356e-14,2.17249e-11,4.60672e-12
