version, size, hermitian, complex, seed, tol, runtime in s,min_error, max_error, avg_error
Hessenberg basic,900,0,0,8,1e-12,2.11625,0,1.79625e-11,3.95489e-12
Hessenberg basic,900,0,1,8,1e-12,4.95307,6.07088e-14,2.10791e-11,4.21473e-12
Hessenberg basic,901,0,0,8,1e-12,4.08853,0,1.69237e-11,3.52623e-12
Hessenberg basic,901,0,1,8,1e-12,4.96615,2.5619e-14,2.31332e-11,4.53757e-12
Hessenberg basic,902,0,0,8,1e-12,3.2866,0,2.45564e-11,3.5753e-12
Hessenberg basic,902,0,1,8,1e-12,4.9449,3.55271e-14,2.58707e-11,4.49118e-12
Hessenberg basic,903,0,0,8,1e-12,2.66711,0,2.45564e-11,3.34439e-12
Hessenberg basic,903,0,1,8,1e-12,6.45528,5.68434e-14,2.10001e-11,4.45115e-12
Hessenberg basic,904,0,0,8,1e-12,2.15473,0,2.68301e-11,3.72516e-12
Hessenberg basic,904,0,1,8,1e-12,6.29079,4.26326e-14,1.99601e-11,4.42846e-12
Hessenberg basic,905,0,0,8,1e-12,3.1321,0,2.29647e-11,3.56935e-12
Hessenberg basic,905,0,1,8,1e-12,6.0843,4.26326e-14,2.66802e-11,4.57483e-12
Hessenberg basic,906,0,0,8,1e-12,1.71965,0,2.45564e-11,3.79474e-12
Hessenberg basic,906,0,1,8,1e-12,4.40883,5.85929e-14,2.70278e-11,4.54762e-12
Hessenberg basic,907,0,0,8,1e-12,4.46028,0,2.02363e-11,3.6605e-12
Hessenberg basic,907,0,1,8,1e-12,5.29511,3.17764e-14,2.37962e-11,4.34851e-12
Hessenberg basic,908,0,0,8,1e-12,2.63987,0,3.43334e-11,3.61967e-12
Hessenberg basic,908,0,1,8,1e-12,4.22099,3.55271e-14,3.23113e-11,4.70561e-12
Hessenberg basic,909,0,0,8,1e-12,3.77527,0,3.34239e-11,3.67199e-12
Hessenberg basic,909,0,1,8,1e-12,6.62466,2.92964e-14,2.23764e-11,4.31074e-12
Hessenberg basic,910,0,0,8,1e-12,2.85425,0,2.25845e-11,3.49611e-12
Hessenberg basic,910,0,1,8,1e-12,6.67639,2.92964e-14,2.34242e-11,4.41904e-12
Hessenberg basic,911,0,0,8,1e-12,2.39431,0,3.36513e-11,3.69021e-12
Hessenberg basic,911,0,1,8,1e-12,6.05443,5.69543e-14,3.50949e-11,4.4899e-12
Hessenberg basic,912,0,0,8,1e-12,1.38956,0,3.52429e-11,3.58363e-12
Hessenberg basic,912,0,1,8,1e-12,4.79805,3.82639e-14,2.10689e-11,4.58759e-12
Hessenberg basic,913,0,0,8,1e-12,4.2475,0,2.54659e-11,3.57683e-12
Hessenberg basic,913,0,1,8,1e-12,5.67907,5.04935e-14,2.47876e-11,4.50543e-12
Hessenberg basic,914,0,0,8,1e-12,3.46281,0,2.13731e-11,3.65755e-12
Hessenberg basic,914,0,1,8,1e-12,5.37888,1.58882e-14,2.03788e-11,4.52428e-12
Hessenberg basic,915,0,0,8,1e-12,2.46272,0,3.04681e-11,3.92019e-12
Hessenberg basic,915,0,1,8,1e-12,7.45266,2.14183e-14,2.50836e-11,4.5448e-12
Hessenberg basic,916,0,0,8,1e-12,2.29483,0,2.16005e-11,3.96151e-12
Hessenberg basic,916,0,1,8,1e-12,6.49313,0,2.38926e-11,4.23505e-12
Hessenberg basic,917,0,0,8,1e-12,2.98625,0,3.02407e-11,3.12948e-12
Hessenberg basic,917,0,1,8,1e-12,6.33594,3.82639e-14,2.04665e-11,4.30402e-12
Hessenberg basic,918,0,0,8,1e-12,1.96018,0,2.29647e-11,3.62711e-12
Hessenberg basic,918,0,1,8,1e-12,4.80945,0,2.15861e-11,4.53097e-12
Hessenberg basic,919,0,0,8,1e-12,4.69825,0,2.41016e-11,3.75461e-12
Hessenberg basic,919,0,1,8,1e-12,5.9387,6.16272e-15,2.42182e-11,4.28267e-12
Hessenberg basic,920,0,0,8,1e-12,2.36517,0,2.18054e-11,3.70146e-12
Hessenberg basic,920,0,1,8,1e-12,4.2494,1.42109e-14,3.63834e-11,4.47162e-12
Hessenberg basic,921,0,0,8,1e-12,3.86694,0,2.95586e-11,3.80114e-12
Hessenberg basic,921,0,1,8,1e-12,6.60771,7.10543e-14,2.75723e-11,4.55121e-12
Hessenberg basic,922,0,0,8,1e-12,3.27962,0,2.29647e-11,3.7008e-12
Hessenberg basic,922,0,1,8,1e-12,7.22822,3.55271e-14,2.91074e-11,4.41873e-12
Hessenberg basic,923,0,0,8,1e-12,2.91543,0,2.66027e-11,3.83667e-12
Hessenberg basic,923,0,1,8,1e-12,6.38509,5.68434e-14,2.45416e-11,4.72625e-12
Hessenberg basic,924,0,0,8,1e-12,1.49829,0,2.66027e-11,3.83976e-12
Hessenberg basic,924,0,1,8,1e-12,5.05813,1.58882e-14,2.60088e-11,4.50991e-12
Hessenberg basic,925,0,0,8,1e-12,3.03069,0,2.95586e-11,3.76709e-12
Hessenberg basic,925,0,1,8,1e-12,6.39633,1.34233e-14,3.60034e-11,4.56749e-12
Hessenberg basic,926,0,0,8,1e-12,3.41116,0,3.11502e-11,3.94952e-12
Hessenberg basic,926,0,1,8,1e-12,5.22994,0,2.13752e-11,4.28827e-12
Hessenberg basic,927,0,0,8,1e-12,3.01118,0,2.27374e-11,3.94548e-12
Hessenberg basic,927,0,1,8,1e-12,8.06719,0,2.27158e-11,4.47233e-12
Hessenberg basic,928,0,0,8,1e-12,1.8103,0,1.90994e-11,3.47195e-12
Hessenberg basic,928,0,1,8,1e-12,7.56244,7.7694e-14,3.00755e-11,4.45918e-12
Hessenberg basic,929,0,0,8,1e-12,1.87213,0,2.93312e-11,3.35016e-12
Hessenberg basic,929,0,1,8,1e-12,5.75394,8.28628e-14,2.12141e-11,4.45134e-12
Hessenberg basic,930,0,0,8,1e-12,1.55469,0,3.66072e-11,4.05885e-12
Hessenberg basic,930,0,1,8,1e-12,4.73648,6.55088e-14,2.28004e-11,4.38851e-12
Hessenberg basic,931,0,0,8,1e-12,3.38947,0,2.9786e-11,3.5117e-12
Hessenberg basic,931,0,1,8,1e-12,7.1826,5.1238e-14,2.23141e-11,4.51557e-12
Hessenberg basic,932,0,0,8,1e-12,1.43246,0,3.32813e-11,3.66623e-12
Hessenberg basic,932,0,1,8,1e-12,4.24562,3.17764e-14,2.59281e-11,4.49684e-12
Hessenberg basic,933,0,0,8,1e-12,2.47667,0,2.00776e-11,3.60456e-12
Hessenberg basic,933,0,1,8,1e-12,9.36081,1.42665e-14,2.27857e-11,4.48892e-12
Hessenberg basic,934,0,0,8,1e-12,2.53095,0,2.86491e-11,3.77473e-12
Hessenberg basic,934,0,1,8,1e-12,7.01859,4.01944e-14,3.82268e-11,4.5244e-12
Hessenberg basic,935,0,0,8,1e-12,2.22187,0,2.72848e-11,3.6792e-12
Hessenberg basic,935,0,1,8,1e-12,5.81521,1.67581e-14,2.27406e-11,4.26847e-12
Hessenberg basic,936,0,0,8,1e-12,1.2969,0,2.23924e-11,3.67534e-12
Hessenberg basic,936,0,1,8,1e-12,5.33942,1.42109e-14,2.73658e-11,4.47406e-12
Hessenberg basic,937,0,0,8,1e-12,4.35426,0,3.34363e-11,3.93041e-12
Hessenberg basic,937,0,1,8,1e-12,5.47083,3.55271e-14,3.21756e-11,4.38156e-12
Hessenberg basic,938,0,0,8,1e-12,2.21569,0,3.09228e-11,3.3985e-12
Hessenberg basic,938,0,1,8,1e-12,6.117,2.13163e-14,3.94021e-11,4.30464e-12
Hessenberg basic,939,0,0,8,1e-12,1.63232,0,2.63753e-11,3.47549e-12
Hessenberg basic,939,0,1,8,1e-12,9.00792,0,2.05834e-11,4.3573e-12
Hessenberg basic,940,0,0,8,1e-12,2.06545,0,2.54659e-11,3.36774e-12
Hessenberg basic,940,0,1,8,1e-12,6.41173,1.42109e-14,3.32456e-11,4.57916e-12
Hessenberg basic,941,0,0,8,1e-12,2.97274,0,3.81988e-11,3.73039e-12
Hessenberg basic,941,0,1,8,1e-12,5.93141,3.17764e-14,2.64929e-11,4.52315e-12
Hessenberg basic,942,0,0,8,1e-12,1.75286,0,2.29647e-11,3.39547e-12
Hessenberg basic,942,0,1,8,1e-12,5.0472,5.43751e-14,3.21016e-11,4.38282e-12
Hessenberg basic,943,0,0,8,1e-12,4.36235,0,1.74967e-11,3.58216e-12
Hessenberg basic,943,0,1,8,1e-12,7.03656,6.35529e-14,1.87304e-11,4.25993e-12
Hessenberg basic,944,0,0,8,1e-12,1.82717,0,3.04681e-11,4.02728e-12
Hessenberg basic,944,0,1,8,1e-12,4.85484,2.84217e-14,2.60975e-11,4.3984e-12
Hessenberg basic,945,0,0,8,1e-12,1.82609,0,2.72848e-11,3.78191e-12
Hessenberg basic,945,0,1,8,1e-12,9.31571,1.77829e-14,3.34376e-11,4.69681e-12
Hessenberg basic,946,0,0,8,1e-12,2.39189,0,2.16005e-11,3.31832e-12
Hessenberg basic,946,0,1,8,1e-12,7.30691,4.35479e-14,2.12422e-11,4.53039e-12
Hessenberg basic,947,0,0,8,1e-12,1.72745,0,3.02407e-11,3.28514e-12
Hessenberg basic,947,0,1,8,1e-12,6.75503,0,2.5958e-11,4.42412e-12
Hessenberg basic,948,0,0,8,1e-12,2.22168,0,2.65959e-11,3.80114e-12
Hessenberg basic,948,0,1,8,1e-12,4.10088,2.84217e-14,2.0782e-11,4.53897e-12
Hessenberg basic,949,0,0,8,1e-12,3.64159,0,1.95541e-11,3.50185e-12
Hessenberg basic,949,0,1,8,1e-12,7.2701,2.13163e-14,2.4811e-11,4.48261e-12
Hessenberg basic,950,0,0,8,1e-12,2.92696,0,2.16005e-11,3.37533e-12
Hessenberg basic,950,0,1,8,1e-12,6.50291,3.84285e-14,2.90739e-11,4.62253e-12
Hessenberg basic,951,0,0,8,1e-12,3.13747,0,2.07447e-11,3.73957e-12
Hessenberg basic,951,0,1,8,1e-12,7.76791,5.17283e-14,1.98037e-11,4.46719e-12
Hessenberg basic,952,0,0,8,1e-12,1.88082,0,2.50111e-11,3.66208e-12
Hessenberg basic,952,0,1,8,1e-12,8.14311,0,2.85958e-11,4.35629e-12
Hessenberg basic,953,0,0,8,1e-12,2.82693,0,1.84173e-11,3.76502e-12
Hessenberg basic,953,0,1,8,1e-12,7.34641,4.26326e-14,2.09619e-11,4.38121e-12
Hessenberg basic,954,0,0,8,1e-12,1.90955,0,1.97815e-11,3.626e-12
Hessenberg basic,954,0,1,8,1e-12,5.69518,6.89812e-14,2.44183e-11,4.46217e-12
Hessenberg basic,955,0,0,8,1e-12,3.53087,0,1.97815e-11,3.45209e-12
Hessenberg basic,955,0,1,8,1e-12,7.88972,2.00972e-14,2.40382e-11,4.49891e-12
Hessenberg basic,956,0,0,8,1e-12,1.62429,0,1.91441e-11,3.4581e-12
Hessenberg basic,956,0,1,8,1e-12,6.1672,3.70914e-14,2.75526e-11,4.41908e-12
Hessenberg basic,957,0,0,8,1e-12,2.49309,0,2.66027e-11,3.52693e-12
Hessenberg basic,957,0,1,8,1e-12,6.23572,1.42109e-14,2.32358e-11,4.66384e-12
Hessenberg basic,958,0,0,8,1e-12,2.4632,0,2.45564e-11,3.28745e-12
Hessenberg basic,958,0,1,8,1e-12,8.01794,8.03887e-14,2.36785e-11,4.35872e-12
Hessenberg basic,959,0,0,8,1e-12,3.39775,0,3.72893e-11,3.71456e-12
Hessenberg basic,959,0,1,8,1e-12,7.60754,5.85929e-14,2.05424e-11,4.6088e-12
Hessenberg basic,960,0,0,8,1e-12,1.9192,0,2.6148e-11,3.5822e-12
Hessenberg basic,960,0,1,8,1e-12,6.3008,3.55271e-15,2.12447e-11,4.62524e-12
Hessenberg basic,961,0,0,8,1e-12,3.93045,0,1.91386e-11,3.6371e-12
Hessenberg basic,961,0,1,8,1e-12,4.52723,1.42109e-14,2.00141e-11,4.26433e-12
Hessenberg basic,962,0,0,8,1e-12,2.56704,0,2.52385e-11,4.19047e-12
Hessenberg basic,962,0,1,8,1e-12,5.12531,4.97697e-14,3.02339e-11,4.36802e-12
Hessenberg basic,963,0,0,8,1e-12,1.52595,0,2.50111e-11,3.83052e-12
Hessenberg basic,963,0,1,8,1e-12,8.45471,6.35529e-14,2.08352e-11,4.42478e-12
Hessenberg basic,964,0,0,8,1e-12,1.39151,0,2.31921e-11,3.5612e-12
Hessenberg basic,964,0,1,8,1e-12,5.55242,4.01944e-14,2.32058e-11,4.43934e-12
Hessenberg basic,965,0,0,8,1e-12,2.92345,0,3.18323e-11,3.7586e-12
Hessenberg basic,965,0,1,8,1e-12,4.71401,3.17764e-14,2.03918e-11,4.57887e-12
Hessenberg basic,966,0,0,8,1e-12,1.40305,0,2.52385e-11,3.45596e-12
Hessenberg basic,966,0,1,8,1e-12,5.30115,2.84217e-14,3.13975e-11,4.43294e-12
Hessenberg basic,967,0,0,8,1e-12,1.91569,0,3.43334e-11,3.58186e-12
Hessenberg basic,967,0,1,8,1e-12,5.50516,4.54969e-14,2.21386e-11,4.41312e-12
Hessenberg basic,968,0,0,8,1e-12,1.14124,0,2.36469e-11,3.64e-12
Hessenberg basic,968,0,1,8,1e-12,3.51258,2.00972e-14,2.67012e-11,4.58705e-12
Hessenberg basic,969,0,0,8,1e-12,2.85323,0,2.18279e-11,3.81074e-12
Hessenberg basic,969,0,1,8,1e-12,4.93824,5.85929e-14,2.4687e-11,4.60036e-12
Hessenberg basic,970,0,0,8,1e-12,1.30012,0,2.18279e-11,3.50005e-12
Hessenberg basic,970,0,1,8,1e-12,5.7249,5.1238e-14,2.6879e-11,4.7204e-12
Hessenberg basic,971,0,0,8,1e-12,1.89632,0,2.48777e-11,3.9914e-12
Hessenberg basic,971,0,1,8,1e-12,4.95461,2.84217e-14,2.19942e-11,4.4003e-12
Hessenberg basic,972,0,0,8,1e-12,1.23058,0,2.22826e-11,3.43071e-12
Hessenberg basic,972,0,1,8,1e-12,3.84661,0,2.68619e-11,4.65036e-12
Hessenberg basic,973,0,0,8,1e-12,1.97717,0,3.25144e-11,3.9191e-12
Hessenberg basic,973,0,1,8,1e-12,5.40118,3.55271e-14,1.91568e-11,4.33984e-12
Hessenberg basic,974,0,0,8,1e-12,1.42567,0,2.04636e-11,3.55452e-12
Hessenberg basic,974,0,1,8,1e-12,4.34634,5.17283e-14,2.44723e-11,4.49423e-12
Hessenberg basic,975,0,0,8,1e-12,2.0015,0,2.02363e-11,3.42156e-12
Hessenberg basic,975,0,1,8,1e-12,5.31089,1.42109e-14,2.16435e-11,4.33598e-12
Hessenberg basic,976,0,0,8,1e-12,1.39629,0,2.251e-11,3.94151e-12
Hessenberg basic,976,0,1,8,1e-12,4.49874,3.55271e-14,2.34416e-11,4.58313e-12
Hessenberg basic,977,0,0,8,1e-12,1.45646,0,2.0691e-11,3.75387e-12
Hessenberg basic,977,0,1,8,1e-12,5.3756,4.49387e-14,2.23884e-11,4.51696e-12
Hessenberg basic,978,0,0,8,1e-12,1.84251,0,2.47837e-11,3.94787e-12
Hessenberg basic,978,0,1,8,1e-12,4.57581,1.42109e-14,1.97645e-11,4.4289e-12
Hessenberg basic,979,0,0,8,1e-12,1.80492,0,2.38742e-11,3.86857e-12
Hessenberg basic,979,0,1,8,1e-12,4.78812,6.29131e-14,1.94122e-11,4.59552e-12
Hessenberg basic,980,0,0,8,1e-12,1.22026,0,2.20031e-11,3.33002e-12
Hessenberg basic,980,0,1,8,1e-12,5.43348,1.42109e-14,2.36469e-11,4.40197e-12
Hessenberg basic,981,0,0,8,1e-12,2.27934,0,2.0691e-11,3.53928e-12
Hessenberg basic,981,0,1,8,1e-12,5.23794,0,2.19239e-11,4.34453e-12
Hessenberg basic,982,0,0,8,1e-12,1.52681,0,3.04681e-11,3.73117e-12
Hessenberg basic,982,0,1,8,1e-12,3.75771,0,2.69802e-11,4.70673e-12
Hessenberg basic,983,0,0,8,1e-12,2.86042,0,2.18279e-11,3.86969e-12
Hessenberg basic,983,0,1,8,1e-12,5.63671,6.35529e-14,2.06601e-11,4.46697e-12
Hessenberg basic,984,0,0,8,1e-12,1.19357,0,2.9786e-11,3.38448e-12
Hessenberg basic,984,0,1,8,1e-12,5.50267,6.35529e-14,2.32991e-11,4.55329e-12
Hessenberg basic,985,0,0,8,1e-12,2.04633,0,2.16005e-11,3.76748e-12
Hessenberg basic,985,0,1,8,1e-12,4.72691,2.84217e-14,2.51786e-11,4.64718e-12
Hessenberg basic,986,0,0,8,1e-12,1.77075,0,3.43334e-11,3.75783e-12
Hessenberg basic,986,0,1,8,1e-12,4.24543,2.00972e-14,2.30187e-11,4.52117e-12
Hessenberg basic,987,0,0,8,1e-12,2.36816,0,2.13731e-11,3.60988e-12
Hessenberg basic,987,0,1,8,1e-12,5.81521,5.68434e-14,1.97544e-11,4.36528e-12
Hessenberg basic,988,0,0,8,1e-12,1.29454,0,1.61067e-11,3.40047e-12
Hessenberg basic,988,0,1,8,1e-12,4.18344,4.32206e-14,2.24666e-11,4.39611e-12
Hessenberg basic,989,0,0,8,1e-12,1.80659,0,2.75122e-11,3.77747e-12
Hessenberg basic,989,0,1,8,1e-12,5.63071,5.54952e-14,1.84663e-11,4.41366e-12
Hessenberg basic,990,0,0,8,1e-12,1.42684,0,2.13985e-11,4.10047e-12
Hessenberg basic,990,0,1,8,1e-12,4.52205,4.26326e-14,1.82254e-11,4.45569e-12
Hessenberg basic,991,0,0,8,1e-12,2.45257,0,2.31921e-11,3.99442e-12
Hessenberg basic,991,0,1,8,1e-12,5.87046,1.77636e-14,2.53295e-11,4.64812e-12
Hessenberg basic,992,0,0,8,1e-12,1.39697,0,2.63753e-11,3.34943e-12
Hessenberg basic,992,0,1,8,1e-12,4.88338,7.10543e-14,2.80263e-11,4.46085e-12
Hessenberg basic,993,0,0,8,1e-12,1.58029,0,2.47837e-11,3.88532e-12
Hessenberg basic,993,0,1,8,1e-12,5.82055,0,2.52519e-11,4.43581e-12
Hessenberg basic,994,0,0,8,1e-12,1.42887,0,2.77396e-11,3.80085e-12
Hessenberg basic,994,0,1,8,1e-12,5.49683,2.00972e-14,2.14998e-11,4.65691e-12
Hessenberg basic,995,0,0,8,1e-12,1.6627,0,2.09828e-11,4.01905e-12
Hessenberg basic,995,0,1,8,1e-12,4.63082,3.17764e-14,1.98288e-11,4.45887e-12
Hessenberg basic,996,0,0,8,1e-12,2.58138,0,2.20407e-11,3.94927e-12
Hessenberg basic,996,0,1,8,1e-12,4.64638,1.58882e-14,2.1326e-11,4.35714e-12
Hessenberg basic,997,0,0,8,1e-12,2.11069,0,3.02407e-11,4.12566e-12
Hessenberg basic,997,0,1,8,1e-12,5.52305,2.84217e-14,2.59216e-11,4.5416e-12
Hessenberg basic,998,0,0,8,1e-12,1.45096,0,2.66027e-11,3.84989e-12
Hessenberg basic,998,0,1,8,1e-12,6.21144,3.17764e-14,2.76948e-11,4.25506e-12
Hessenberg basic,999,0,0,8,1e-12,2.17058,0,2.66027e-11,3.73125e-12
Hessenberg basic,999,0,1,8,1e-12,5.38574,1.06581e-14,2.71483e-11,4.53243e-12
Hessenberg basic,1000,0,0,8,1e-12,1.46931,0,2.86491e-11,3.64218e-12
Hessenberg basic,1000,0,1,8,1e-12,3.97712,3.55271e-14,1.91858e-11,4.40988e-12
