version, size, hermitian, complex, seed, tol, runtime in s,min_error, max_error, avg_error
Hessenberg basic,900,0,0,6,1e-12,2.37398,0,2.38742e-11,3.75325e-12
Hessenberg basic,900,0,1,6,1e-12,6.47356,2.84217e-14,2.1919e-11,4.49905e-12
Hessenberg basic,901,0,0,6,1e-12,2.46776,0,2.41016e-11,3.43205e-12
Hessenberg basic,901,0,1,6,1e-12,6.406,2.84217e-14,2.52426e-11,4.65882e-12
Hessenberg basic,902,0,0,6,1e-12,1.30459,0,1.87993e-11,3.72303e-12
Hessenberg basic,902,0,1,6,1e-12,4.90337,4.01944e-14,3.22133e-11,4.72546e-12
Hessenberg basic,903,0,0,6,1e-12,1.53642,0,2.46176e-11,3.52272e-12
Hessenberg basic,903,0,1,6,1e-12,4.79003,4.83221e-14,2.84581e-11,4.49569e-12
Hessenberg basic,904,0,0,6,1e-12,1.72986,0,1.84615e-11,3.65818e-12
Hessenberg basic,904,0,1,6,1e-12,4.31949,1.42109e-14,2.45574e-11,4.52565e-12
Hessenberg basic,905,0,0,6,1e-12,1.95216,0,2.13731e-11,3.79468e-12
Hessenberg basic,905,0,1,6,1e-12,5.11589,1.42109e-14,2.40898e-11,4.78482e-12
Hessenberg basic,906,0,0,6,1e-12,2.02722,0,2.88765e-11,3.86278e-12
Hessenberg basic,906,0,1,6,1e-12,4.7789,2.84217e-14,2.68014e-11,4.6068e-12
Hessenberg basic,907,0,0,6,1e-12,3.44918,0,2.36469e-11,3.31804e-12
Hessenberg basic,907,0,1,6,1e-12,7.37267,6.67494e-14,2.57171e-11,4.68931e-12
Hessenberg basic,908,0,0,6,1e-12,1.42576,0,2.46742e-11,3.68061e-12
Hessenberg basic,908,0,1,6,1e-12,5.71156,3.77659e-14,2.27794e-11,4.71655e-12
Hessenberg basic,909,0,0,6,1e-12,2.03848,0,2.02353e-11,3.72964e-12
Hessenberg basic,909,0,1,6,1e-12,5.90148,4.26541e-14,3.01517e-11,4.52557e-12
Hessenberg basic,910,0,0,6,1e-12,1.50411,0,1.60234e-11,3.43882e-12
Hessenberg basic,910,0,1,6,1e-12,4.55188,3.17764e-14,2.4325e-11,4.69101e-12
Hessenberg basic,911,0,0,6,1e-12,3.2901,0,2.75122e-11,3.48143e-12
Hessenberg basic,911,0,1,6,1e-12,6.6283,3.55271e-15,2.46079e-11,4.62883e-12
Hessenberg basic,912,0,0,6,1e-12,1.2296,0,2.52385e-11,3.82324e-12
Hessenberg basic,912,0,1,6,1e-12,5.4122,4.26326e-14,2.12324e-11,4.42875e-12
Hessenberg basic,913,0,0,6,1e-12,3.43312,0,2.59206e-11,3.74827e-12
Hessenberg basic,913,0,1,6,1e-12,7.55754,7.94411e-14,2.26154e-11,4.48685e-12
Hessenberg basic,914,0,0,6,1e-12,1.54809,0,2.13489e-11,3.43911e-12
Hessenberg basic,914,0,1,6,1e-12,6.14398,5.86198e-14,2.52447e-11,4.84573e-12
Hessenberg basic,915,0,0,6,1e-12,1.60374,0,2.18279e-11,3.27511e-12
Hessenberg basic,915,0,1,6,1e-12,5.68352,1.58882e-14,2.3646e-11,4.45799e-12
Hessenberg basic,916,0,0,6,1e-12,1.43637,0,3.45608e-11,3.20111e-12
Hessenberg basic,916,0,1,6,1e-12,4.40673,3.82639e-14,2.98934e-11,4.91095e-12
Hessenberg basic,917,0,0,6,1e-12,2.10347,0,2.59296e-11,3.84074e-12
Hessenberg basic,917,0,1,6,1e-12,4.2921,4.41238e-14,1.9498e-11,4.60896e-12
Hessenberg basic,918,0,0,6,1e-12,2.9637,0,2.02363e-11,3.72489e-12
Hessenberg basic,918,0,1,6,1e-12,5.03631,2.84217e-14,2.69361e-11,4.54254e-12
Hessenberg basic,919,0,0,6,1e-12,3.12372,0,1.7053e-11,3.19502e-12
Hessenberg basic,919,0,1,6,1e-12,9.01773,4.01944e-14,2.84581e-11,4.62594e-12
Hessenberg basic,920,0,0,6,1e-12,1.73759,0,1.90994e-11,3.21622e-12
Hessenberg basic,920,0,1,6,1e-12,6.86476,6.35094e-14,2.14504e-11,4.53664e-12
Hessenberg basic,921,0,0,6,1e-12,1.95763,0,1.97815e-11,4.05162e-12
Hessenberg basic,921,0,1,6,1e-12,6.62299,4.49387e-14,2.38385e-11,4.82137e-12
Hessenberg basic,922,0,0,6,1e-12,1.74933,0,1.77792e-11,3.33032e-12
Hessenberg basic,922,0,1,6,1e-12,4.84815,6.35529e-14,2.8111e-11,4.81038e-12
Hessenberg basic,923,0,0,6,1e-12,3.08084,0,2.34195e-11,3.87651e-12
Hessenberg basic,923,0,1,6,1e-12,5.01156,5.7834e-14,2.33942e-11,4.64718e-12
Hessenberg basic,924,0,0,6,1e-12,1.32826,0,1.93268e-11,3.69953e-12
Hessenberg basic,924,0,1,6,1e-12,5.60879,4.01944e-14,2.45798e-11,4.65852e-12
Hessenberg basic,925,0,0,6,1e-12,1.53013,0,2.75122e-11,4.19714e-12
Hessenberg basic,925,0,1,6,1e-12,8.49266,2.84217e-14,2.7335e-11,4.59973e-12
Hessenberg basic,926,0,0,6,1e-12,3.11088,0,2.02466e-11,3.8089e-12
Hessenberg basic,926,0,1,6,1e-12,6.74126,8.67328e-14,2.29016e-11,4.77213e-12
Hessenberg basic,927,0,0,6,1e-12,4.02438,0,2.93312e-11,3.65281e-12
Hessenberg basic,927,0,1,6,1e-12,6.04635,2.13163e-14,2.39995e-11,4.57246e-12
Hessenberg basic,928,0,0,6,1e-12,2.8656,0,2.4329e-11,3.65246e-12
Hessenberg basic,928,0,1,6,1e-12,5.78638,4.01944e-14,2.70031e-11,4.88806e-12
Hessenberg basic,929,0,0,6,1e-12,3.73221,0,2.12424e-11,4.01375e-12
Hessenberg basic,929,0,1,6,1e-12,7.83768,1.5099e-14,3.1664e-11,4.83142e-12
Hessenberg basic,930,0,0,6,1e-12,1.82727,0,2.93312e-11,3.41506e-12
Hessenberg basic,930,0,1,6,1e-12,8.55924,3.82639e-14,2.327e-11,4.63554e-12
Hessenberg basic,931,0,0,6,1e-12,2.87321,0,2.14895e-11,3.59162e-12
Hessenberg basic,931,0,1,6,1e-12,8.07285,2.13348e-14,2.31542e-11,4.55442e-12
Hessenberg basic,932,0,0,6,1e-12,1.82751,0,2.18629e-11,4.09555e-12
Hessenberg basic,932,0,1,6,1e-12,6.96618,6.61857e-14,2.97966e-11,5.0909e-12
Hessenberg basic,933,0,0,6,1e-12,1.90468,0,2.27374e-11,3.74721e-12
Hessenberg basic,933,0,1,6,1e-12,9.02376,4.49387e-14,2.607e-11,4.67782e-12
Hessenberg basic,934,0,0,6,1e-12,3.08992,0,1.90994e-11,3.60756e-12
Hessenberg basic,934,0,1,6,1e-12,4.86782,2.24693e-14,2.66098e-11,4.79646e-12
Hessenberg basic,935,0,0,6,1e-12,4.76268,0,1.97815e-11,3.75796e-12
Hessenberg basic,935,0,1,6,1e-12,6.88088,7.10543e-15,2.71321e-11,4.80098e-12
Hessenberg basic,936,0,0,6,1e-12,1.75821,0,1.84173e-11,3.45559e-12
Hessenberg basic,936,0,1,6,1e-12,5.77301,5.68434e-14,2.23258e-11,4.48634e-12
Hessenberg basic,937,0,0,6,1e-12,2.22048,0,2.45564e-11,3.45878e-12
Hessenberg basic,937,0,1,6,1e-12,6.89419,7.10543e-14,2.69313e-11,4.75717e-12
Hessenberg basic,938,0,0,6,1e-12,1.89046,0,2.30129e-11,3.61057e-12
Hessenberg basic,938,0,1,6,1e-12,7.9069,0,2.74972e-11,4.64469e-12
Hessenberg basic,939,0,0,6,1e-12,2.09799,0,2.0691e-11,3.59993e-12
Hessenberg basic,939,0,1,6,1e-12,7.64652,3.55271e-14,2.74317e-11,4.61509e-12
Hessenberg basic,940,0,0,6,1e-12,1.53739,0,1.95571e-11,3.59359e-12
Hessenberg basic,940,0,1,6,1e-12,4.26414,0,2.35527e-11,4.73627e-12
Hessenberg basic,941,0,0,6,1e-12,4.44378,0,2.72848e-11,3.40558e-12
Hessenberg basic,941,0,1,6,1e-12,7.83777,3.44906e-14,2.72592e-11,4.70695e-12
Hessenberg basic,942,0,0,6,1e-12,1.54838,0,2.86491e-11,3.7893e-12
Hessenberg basic,942,0,1,6,1e-12,5.88666,4.39446e-14,2.28869e-11,4.60897e-12
Hessenberg basic,943,0,0,6,1e-12,2.09155,0,2.17626e-11,4.04562e-12
Hessenberg basic,943,0,1,6,1e-12,8.83756,5.17283e-14,3.07224e-11,4.78492e-12
Hessenberg basic,944,0,0,6,1e-12,1.78772,0,2.75122e-11,3.6231e-12
Hessenberg basic,944,0,1,6,1e-12,5.71305,0,2.49283e-11,4.81291e-12
Hessenberg basic,945,0,0,6,1e-12,1.54099,0,2.36469e-11,3.56243e-12
Hessenberg basic,945,0,1,6,1e-12,7.2141,1.58882e-14,2.7052e-11,4.77318e-12
Hessenberg basic,946,0,0,6,1e-12,3.9235,0,2.18279e-11,3.59088e-12
Hessenberg basic,946,0,1,6,1e-12,5.70431,4.54969e-14,2.41113e-11,4.75355e-12
Hessenberg basic,947,0,0,6,1e-12,1.89074,0,2.02363e-11,3.68746e-12
Hessenberg basic,947,0,1,6,1e-12,8.97349,2.95244e-14,2.91421e-11,4.91922e-12
Hessenberg basic,948,0,0,6,1e-12,2.65303,0,1.66683e-11,3.40089e-12
Hessenberg basic,948,0,1,6,1e-12,6.44712,1.91319e-14,2.81174e-11,4.66327e-12
Hessenberg basic,949,0,0,6,1e-12,2.11195,0,2.24744e-11,3.51502e-12
Hessenberg basic,949,0,1,6,1e-12,8.12669,0,2.88263e-11,4.83003e-12
Hessenberg basic,950,0,0,6,1e-12,2.07718,0,2.45564e-11,3.81794e-12
Hessenberg basic,950,0,1,6,1e-12,4.17993,4.01944e-14,2.17056e-11,4.5306e-12
Hessenberg basic,951,0,0,6,1e-12,4.50837,0,2.20552e-11,3.30596e-12
Hessenberg basic,951,0,1,6,1e-12,8.04777,5.68434e-14,2.92876e-11,4.96047e-12
Hessenberg basic,952,0,0,6,1e-12,1.28133,0,2.22826e-11,3.79648e-12
Hessenberg basic,952,0,1,6,1e-12,4.64364,5.84378e-14,3.06223e-11,4.65051e-12
Hessenberg basic,953,0,0,6,1e-12,2.61428,0,2.77396e-11,3.36112e-12
Hessenberg basic,953,0,1,6,1e-12,9.70797,2.67193e-14,2.82175e-11,4.83185e-12
Hessenberg basic,954,0,0,6,1e-12,2.05729,0,2.09184e-11,3.53741e-12
Hessenberg basic,954,0,1,6,1e-12,6.5355,1.0846e-13,2.54683e-11,4.75997e-12
Hessenberg basic,955,0,0,6,1e-12,2.9062,0,2.2074e-11,3.59911e-12
Hessenberg basic,955,0,1,6,1e-12,8.71368,3.90799e-14,2.10934e-11,4.37245e-12
Hessenberg basic,956,0,0,6,1e-12,2.838,0,2.583e-11,4.41026e-12
Hessenberg basic,956,0,1,6,1e-12,5.79333,3.69636e-14,3.75132e-11,5.02007e-12
Hessenberg basic,957,0,0,6,1e-12,4.10232,0,2.08485e-11,3.7351e-12
Hessenberg basic,957,0,1,6,1e-12,10.4298,7.10543e-14,2.33933e-11,4.81983e-12
Hessenberg basic,958,0,0,6,1e-12,1.57972,0,2.46284e-11,3.76481e-12
Hessenberg basic,958,0,1,6,1e-12,7.20604,3.55271e-14,2.6438e-11,4.66325e-12
Hessenberg basic,959,0,0,6,1e-12,2.83394,0,1.99125e-11,3.45725e-12
Hessenberg basic,959,0,1,6,1e-12,9.059,4.01944e-14,2.84518e-11,4.80205e-12
Hessenberg basic,960,0,0,6,1e-12,1.94958,0,2.75122e-11,3.65652e-12
Hessenberg basic,960,0,1,6,1e-12,5.01609,1.77636e-15,2.86072e-11,4.53771e-12
Hessenberg basic,961,0,0,6,1e-12,4.96101,0,2.4329e-11,4.01077e-12
Hessenberg basic,961,0,1,6,1e-12,8.61502,3.03544e-14,2.65599e-11,4.80966e-12
Hessenberg basic,962,0,0,6,1e-12,1.73882,0,2.52915e-11,3.64487e-12
Hessenberg basic,962,0,1,6,1e-12,5.21503,3.62307e-14,2.93479e-11,4.80641e-12
Hessenberg basic,963,0,0,6,1e-12,3.27036,0,2.36319e-11,3.54979e-12
Hessenberg basic,963,0,1,6,1e-12,10.6161,6.70325e-14,2.34096e-11,4.73197e-12
Hessenberg basic,964,0,0,6,1e-12,1.35876,0,2.70575e-11,3.636e-12
Hessenberg basic,964,0,1,6,1e-12,5.96634,1.42109e-14,2.349e-11,4.80306e-12
Hessenberg basic,965,0,0,6,1e-12,4.26791,0,2.23304e-11,3.75147e-12
Hessenberg basic,965,0,1,6,1e-12,7.50784,1.42109e-14,1.97095e-11,4.64943e-12
Hessenberg basic,966,0,0,6,1e-12,2.61359,7.10543e-15,1.8872e-11,3.60587e-12
Hessenberg basic,966,0,1,6,1e-12,6.96727,9.87118e-14,2.97868e-11,4.58047e-12
Hessenberg basic,967,0,0,6,1e-12,4.05867,0,2.22826e-11,3.95134e-12
Hessenberg basic,967,0,1,6,1e-12,8.27355,6.35529e-14,3.11701e-11,4.73835e-12
Hessenberg basic,968,0,0,6,1e-12,1.31179,0,2.59206e-11,3.56178e-12
Hessenberg basic,968,0,1,6,1e-12,7.0801,0,2.79089e-11,4.76521e-12
Hessenberg basic,969,0,0,6,1e-12,1.82918,0,2.51949e-11,3.43509e-12
Hessenberg basic,969,0,1,6,1e-12,6.55527,9.9476e-14,3.23415e-11,4.81649e-12
Hessenberg basic,970,0,0,6,1e-12,3.79314,0,2.16005e-11,3.63812e-12
Hessenberg basic,970,0,1,6,1e-12,5.79115,3.17764e-14,2.29733e-11,4.67742e-12
Hessenberg basic,971,0,0,6,1e-12,2.00912,0,2.54013e-11,3.92737e-12
Hessenberg basic,971,0,1,6,1e-12,8.2378,5.68434e-14,2.87787e-11,4.8488e-12
Hessenberg basic,972,0,0,6,1e-12,1.53538,0,2.04636e-11,3.59086e-12
Hessenberg basic,972,0,1,6,1e-12,5.12578,2.92964e-14,2.43356e-11,4.89389e-12
Hessenberg basic,973,0,0,6,1e-12,4.12869,0,2.47837e-11,3.81117e-12
Hessenberg basic,973,0,1,6,1e-12,6.90222,2.84772e-14,1.97151e-11,4.78729e-12
Hessenberg basic,974,0,0,6,1e-12,1.94195,0,3.16049e-11,3.80756e-12
Hessenberg basic,974,0,1,6,1e-12,8.77858,5.68434e-14,2.28296e-11,4.77663e-12
Hessenberg basic,975,0,0,6,1e-12,4.01898,0,2.72848e-11,3.79044e-12
Hessenberg basic,975,0,1,6,1e-12,6.71153,9.37943e-14,2.45587e-11,4.6313e-12
Hessenberg basic,976,0,0,6,1e-12,1.37717,0,2.18279e-11,3.65946e-12
Hessenberg basic,976,0,1,6,1e-12,7.78133,6.35529e-14,2.55024e-11,4.62688e-12
Hessenberg basic,977,0,0,6,1e-12,2.51973,0,1.90994e-11,3.62186e-12
Hessenberg basic,977,0,1,6,1e-12,6.82927,5.49882e-14,3.44807e-11,4.89267e-12
Hessenberg basic,978,0,0,6,1e-12,2.84149,0,2.15512e-11,3.87347e-12
Hessenberg basic,978,0,1,6,1e-12,8.45319,2.84217e-14,3.05293e-11,4.78807e-12
Hessenberg basic,979,0,0,6,1e-12,2.93072,0,3.09228e-11,3.92356e-12
Hessenberg basic,979,0,1,6,1e-12,7.15663,5.1238e-14,2.31263e-11,4.68798e-12
Hessenberg basic,980,0,0,6,1e-12,2.21213,0,1.76943e-11,3.69421e-12
Hessenberg basic,980,0,1,6,1e-12,6.67804,4.26326e-14,2.52462e-11,4.72198e-12
Hessenberg basic,981,0,0,6,1e-12,2.72353,0,2.84217e-11,3.75472e-12
Hessenberg basic,981,0,1,6,1e-12,8.57516,2.92964e-14,3.27972e-11,4.60281e-12
Hessenberg basic,982,0,0,6,1e-12,3.11736,0,1.96561e-11,3.60873e-12
Hessenberg basic,982,0,1,6,1e-12,7.82741,1.42109e-14,2.59408e-11,4.75635e-12
Hessenberg basic,983,0,0,6,1e-12,3.267,0,2.86491e-11,3.6923e-12
Hessenberg basic,983,0,1,6,1e-12,7.4131,1.42109e-14,2.59694e-11,4.84872e-12
Hessenberg basic,984,0,0,6,1e-12,3.19435,0,2.68301e-11,3.80319e-12
Hessenberg basic,984,0,1,6,1e-12,6.14809,1.33227e-15,2.18155e-11,4.52166e-12
Hessenberg basic,985,0,0,6,1e-12,2.13976,0,1.86446e-11,3.86473e-12
Hessenberg basic,985,0,1,6,1e-12,9.88171,0,2.78735e-11,4.67969e-12
Hessenberg basic,986,0,0,6,1e-12,1.95292,0,2.13731e-11,3.6601e-12
Hessenberg basic,986,0,1,6,1e-12,8.20927,3.90799e-14,2.1419e-11,4.76508e-12
Hessenberg basic,987,0,0,6,1e-12,4.94764,0,2.16904e-11,3.92178e-12
Hessenberg basic,987,0,1,6,1e-12,8.51768,2.84217e-14,3.03329e-11,4.75956e-12
Hessenberg basic,988,0,0,6,1e-12,2.68652,0,3.31966e-11,3.82154e-12
Hessenberg basic,988,0,1,6,1e-12,7.78974,2.84217e-14,2.49713e-11,4.96977e-12
Hessenberg basic,989,0,0,6,1e-12,3.9039,0,2.76465e-11,4.04078e-12
Hessenberg basic,989,0,1,6,1e-12,7.86421,3.41227e-14,2.42225e-11,5.03024e-12
Hessenberg basic,990,0,0,6,1e-12,2.32916,0,2.27374e-11,3.86656e-12
Hessenberg basic,990,0,1,6,1e-12,7.06152,1.58882e-14,4.06059e-11,4.86213e-12
Hessenberg basic,991,0,0,6,1e-12,3.23026,0,1.93268e-11,3.53796e-12
Hessenberg basic,991,0,1,6,1e-12,9.15942,6.52192e-14,2.48812e-11,4.61553e-12
Hessenberg basic,992,0,0,6,1e-12,3.12259,0,2.08838e-11,3.66374e-12
Hessenberg basic,992,0,1,6,1e-12,6.53874,1.43214e-14,2.52067e-11,4.84075e-12
Hessenberg basic,993,0,0,6,1e-12,2.08491,0,2.75122e-11,3.77543e-12
Hessenberg basic,993,0,1,6,1e-12,11.0153,4.3205e-14,2.18225e-11,4.85493e-12
Hessenberg basic,994,0,0,6,1e-12,2.13679,0,2.13731e-11,3.72784e-12
Hessenberg basic,994,0,1,6,1e-12,7.45411,1.42109e-14,2.56804e-11,4.6047e-12
Hessenberg basic,995,0,0,6,1e-12,4.35622,0,2.24818e-11,4.00209e-12
Hessenberg basic,995,0,1,6,1e-12,7.52335,0,2.27203e-11,4.74954e-12
Hessenberg basic,996,0,0,6,1e-12,2.18669,0,2.17974e-11,3.91515e-12
Hessenberg basic,996,0,1,6,1e-12,8.04609,1.42109e-14,2.59426e-11,4.90286e-12
Hessenberg basic,997,0,0,6,1e-12,2.49307,0,2.607e-11,3.78763e-12
Hessenberg basic,997,0,1,6,1e-12,8.08757,5.68434e-14,2.55391e-11,4.92235e-12
Hessenberg basic,998,0,0,6,1e-12,3.22733,0,2.34195e-11,3.6645e-12
Hessenberg basic,998,0,1,6,1e-12,7.56775,2.34486e-14,2.91358e-11,4.83441e-12
Hessenberg basic,999,0,0,6,1e-12,3.69506,0,2.41413e-11,3.88158e-12
Hessenberg basic,999,0,1,6,1e-12,9.72875,8.88178e-15,2.99094e-11,4.70692e-12
Hessenberg basic,1000,0,0,6,1e-12,2.43108,0,2.27374e-11,3.8822e-12
Hessenberg basic,1000,0,1,6,1e-12,6.42166,5.1238e-14,2.32021e-11,4.72418e-12
