version, size, hermitian, complex, seed, tol, runtime in s,min_error, max_error, avg_error
Hessenberg basic,900,0,0,4,1e-12,1.92346,0,2.13731e-11,3.55303e-12
Hessenberg basic,900,0,1,4,1e-12,6.83682,0,2.30535e-11,4.37769e-12
Hessenberg basic,901,0,0,4,1e-12,2.23613,0,2.6148e-11,3.58867e-12
Hessenberg basic,901,0,1,4,1e-12,8.43725,2.84217e-14,3.13789e-11,4.61332e-12
Hessenberg basic,902,0,0,4,1e-12,1.70097,0,3.97904e-11,3.83356e-12
Hessenberg basic,902,0,1,4,1e-12,7.69211,2.30926e-14,2.45632e-11,4.78991e-12
Hessenberg basic,903,0,0,4,1e-12,1.15797,0,2.31921e-11,4.04287e-12
Hessenberg basic,903,0,1,4,1e-12,6.81362,5.85929e-14,2.14501e-11,4.74354e-12
Hessenberg basic,904,0,0,4,1e-12,0.981136,0,2.251e-11,3.91668e-12
Hessenberg basic,904,0,1,4,1e-12,4.45219,4.33755e-14,2.10674e-11,4.50957e-12
Hessenberg basic,905,0,0,4,1e-12,2.12131,0,3.04681e-11,3.8192e-12
Hessenberg basic,905,0,1,4,1e-12,6.56902,0,2.47347e-11,4.81874e-12
Hessenberg basic,906,0,0,4,1e-12,2.56553,0,2.75122e-11,3.67828e-12
Hessenberg basic,906,0,1,4,1e-12,6.29263,7.65278e-14,2.68773e-11,4.83828e-12
Hessenberg basic,907,0,0,4,1e-12,3.41596,0,1.90994e-11,3.76738e-12
Hessenberg basic,907,0,1,4,1e-12,6.43259,4.01944e-14,2.39933e-11,4.45148e-12
Hessenberg basic,908,0,0,4,1e-12,1.90816,0,1.65983e-11,3.61039e-12
Hessenberg basic,908,0,1,4,1e-12,4.27333,4.83221e-14,2.20682e-11,4.5635e-12
Hessenberg basic,909,0,0,4,1e-12,1.7173,0,2.41016e-11,3.60324e-12
Hessenberg basic,909,0,1,4,1e-12,7.27413,3.03544e-14,2.66034e-11,4.84978e-12
Hessenberg basic,910,0,0,4,1e-12,2.18665,0,2.29647e-11,3.61755e-12
Hessenberg basic,910,0,1,4,1e-12,8.01554,2.90938e-14,2.87149e-11,4.65457e-12
Hessenberg basic,911,0,0,4,1e-12,3.01024,0,1.95541e-11,4.18892e-12
Hessenberg basic,911,0,1,4,1e-12,7.08779,9.09939e-14,2.16948e-11,4.6097e-12
Hessenberg basic,912,0,0,4,1e-12,2.20827,0,1.80876e-11,3.56756e-12
Hessenberg basic,912,0,1,4,1e-12,5.69607,0,2.55745e-11,4.83968e-12
Hessenberg basic,913,0,0,4,1e-12,1.85626,0,1.63709e-11,3.163e-12
Hessenberg basic,913,0,1,4,1e-12,8.32651,2.84217e-14,2.21386e-11,4.60512e-12
Hessenberg basic,914,0,0,4,1e-12,1.92077,0,3.16049e-11,3.82569e-12
Hessenberg basic,914,0,1,4,1e-12,6.93588,3.03544e-14,3.08601e-11,4.40723e-12
Hessenberg basic,915,0,0,4,1e-12,2.70802,0,3.20597e-11,3.8173e-12
Hessenberg basic,915,0,1,4,1e-12,6.31674,5.72858e-14,2.26864e-11,4.5521e-12
Hessenberg basic,916,0,0,4,1e-12,1.75815,0,2.20552e-11,3.95956e-12
Hessenberg basic,916,0,1,4,1e-12,6.16682,2.00972e-14,2.20452e-11,4.43232e-12
Hessenberg basic,917,0,0,4,1e-12,1.75325,0,2.4329e-11,3.96386e-12
Hessenberg basic,917,0,1,4,1e-12,8.40085,2.00972e-14,2.27695e-11,4.5081e-12
Hessenberg basic,918,0,0,4,1e-12,1.52286,0,2.81943e-11,3.79774e-12
Hessenberg basic,918,0,1,4,1e-12,6.35895,5.68434e-14,2.64929e-11,4.57707e-12
Hessenberg basic,919,0,0,4,1e-12,3.14949,0,2.20552e-11,3.45815e-12
Hessenberg basic,919,0,1,4,1e-12,8.15603,3.17764e-14,2.21114e-11,4.54396e-12
Hessenberg basic,920,0,0,4,1e-12,1.72711,0,1.86446e-11,3.8644e-12
Hessenberg basic,920,0,1,4,1e-12,6.63612,7.10543e-15,2.27531e-11,4.58234e-12
Hessenberg basic,921,0,0,4,1e-12,3.36378,0,2.29647e-11,3.88056e-12
Hessenberg basic,921,0,1,4,1e-12,7.82567,4.03439e-14,2.17186e-11,4.65616e-12
Hessenberg basic,922,0,0,4,1e-12,2.46514,0,2.50111e-11,3.80874e-12
Hessenberg basic,922,0,1,4,1e-12,7.58399,4.27803e-14,2.32322e-11,4.83262e-12
Hessenberg basic,923,0,0,4,1e-12,3.86643,0,1.98305e-11,3.75346e-12
Hessenberg basic,923,0,1,4,1e-12,7.71511,1.00486e-13,2.63057e-11,4.59798e-12
Hessenberg basic,924,0,0,4,1e-12,2.18299,0,2.13551e-11,3.94616e-12
Hessenberg basic,924,0,1,4,1e-12,7.18806,4.54969e-14,2.57357e-11,4.70886e-12
Hessenberg basic,925,0,0,4,1e-12,1.40687,0,2.54659e-11,3.81973e-12
Hessenberg basic,925,0,1,4,1e-12,7.39852,1.42109e-14,2.97955e-11,4.65065e-12
Hessenberg basic,926,0,0,4,1e-12,1.58848,0,2.75122e-11,3.64035e-12
Hessenberg basic,926,0,1,4,1e-12,8.1496,1.42109e-14,2.85732e-11,4.73813e-12
Hessenberg basic,927,0,0,4,1e-12,3.13184,0,3.11502e-11,3.99976e-12
Hessenberg basic,927,0,1,4,1e-12,7.42456,2.13902e-14,2.53009e-11,4.65895e-12
Hessenberg basic,928,0,0,4,1e-12,2.535,0,3.52429e-11,3.78781e-12
Hessenberg basic,928,0,1,4,1e-12,6.87347,3.17764e-14,2.22896e-11,4.74331e-12
Hessenberg basic,929,0,0,4,1e-12,2.37882,0,2.72848e-11,3.72931e-12
Hessenberg basic,929,0,1,4,1e-12,7.87227,7.75975e-14,2.52426e-11,4.53322e-12
Hessenberg basic,930,0,0,4,1e-12,1.84483,0,3.00133e-11,3.64169e-12
Hessenberg basic,930,0,1,4,1e-12,6.13147,0,2.63753e-11,4.62296e-12
Hessenberg basic,931,0,0,4,1e-12,2.99897,0,1.95254e-11,3.4493e-12
Hessenberg basic,931,0,1,4,1e-12,8.83013,1.2825e-13,2.23752e-11,4.68648e-12
Hessenberg basic,932,0,0,4,1e-12,2.46282,0,2.70575e-11,3.96876e-12
Hessenberg basic,932,0,1,4,1e-12,5.10164,2.00972e-14,2.13598e-11,4.65069e-12
Hessenberg basic,933,0,0,4,1e-12,3.35832,0,2.56932e-11,4.10633e-12
Hessenberg basic,933,0,1,4,1e-12,4.94818,7.32411e-14,2.66425e-11,4.80062e-12
Hessenberg basic,934,0,0,4,1e-12,3.08645,0,2.88765e-11,4.0654e-12
Hessenberg basic,934,0,1,4,1e-12,6.9474,2.00972e-14,2.30695e-11,4.59112e-12
Hessenberg basic,935,0,0,4,1e-12,2.84452,0,2.58279e-11,3.84412e-12
Hessenberg basic,935,0,1,4,1e-12,6.31363,7.71726e-15,2.27274e-11,4.54993e-12
Hessenberg basic,936,0,0,4,1e-12,2.52371,0,2.00089e-11,3.76973e-12
Hessenberg basic,936,0,1,4,1e-12,5.29856,2.86429e-14,2.57966e-11,4.56551e-12
Hessenberg basic,937,0,0,4,1e-12,2.13684,0,2.38742e-11,3.82194e-12
Hessenberg basic,937,0,1,4,1e-12,8.59451,5.68434e-14,2.53682e-11,4.743e-12
Hessenberg basic,938,0,0,4,1e-12,2.13412,0,2.52385e-11,4.132e-12
Hessenberg basic,938,0,1,4,1e-12,6.1471,5.1238e-14,3.10906e-11,4.55193e-12
Hessenberg basic,939,0,0,4,1e-12,3.39337,0,2.59206e-11,3.95542e-12
Hessenberg basic,939,0,1,4,1e-12,6.51524,5.85929e-14,2.37885e-11,4.65195e-12
Hessenberg basic,940,0,0,4,1e-12,1.6014,0,2.22826e-11,3.72721e-12
Hessenberg basic,940,0,1,4,1e-12,7.27784,4.49387e-14,2.42196e-11,4.77517e-12
Hessenberg basic,941,0,0,4,1e-12,3.72567,0,2.11289e-11,4.0579e-12
Hessenberg basic,941,0,1,4,1e-12,5.97351,4.49387e-14,2.62466e-11,4.48411e-12
Hessenberg basic,942,0,0,4,1e-12,2.80742,0,2.4329e-11,3.57482e-12
Hessenberg basic,942,0,1,4,1e-12,7.26819,7.59483e-14,2.23456e-11,4.76726e-12
Hessenberg basic,943,0,0,4,1e-12,2.92857,0,3.34239e-11,4.04394e-12
Hessenberg basic,943,0,1,4,1e-12,6.49733,7.10543e-15,2.8684e-11,4.68494e-12
Hessenberg basic,944,0,0,4,1e-12,1.37117,0,3.9563e-11,3.55557e-12
Hessenberg basic,944,0,1,4,1e-12,4.96303,5.68434e-14,2.57605e-11,4.57887e-12
Hessenberg basic,945,0,0,4,1e-12,3.57909,0,3.18323e-11,4.00088e-12
Hessenberg basic,945,0,1,4,1e-12,7.1737,0,2.23243e-11,4.60113e-12
Hessenberg basic,946,0,0,4,1e-12,3.40187,0,2.744e-11,3.82005e-12
Hessenberg basic,946,0,1,4,1e-12,6.12576,2.84217e-14,2.15466e-11,4.5864e-12
Hessenberg basic,947,0,0,4,1e-12,1.52437,0,2.54659e-11,3.82935e-12
Hessenberg basic,947,0,1,4,1e-12,8.00836,7.10543e-14,2.58489e-11,4.64671e-12
Hessenberg basic,948,0,0,4,1e-12,1.46154,0,2.0691e-11,3.67942e-12
Hessenberg basic,948,0,1,4,1e-12,5.02238,4.61853e-14,2.27024e-11,4.62467e-12
Hessenberg basic,949,0,0,4,1e-12,3.23283,0,2.47837e-11,3.76159e-12
Hessenberg basic,949,0,1,4,1e-12,7.14774,5.15143e-14,2.34341e-11,4.66221e-12
Hessenberg basic,950,0,0,4,1e-12,1.47233,0,2.22826e-11,3.65083e-12
Hessenberg basic,950,0,1,4,1e-12,6.73537,3.17764e-14,2.53321e-11,4.41447e-12
Hessenberg basic,951,0,0,4,1e-12,3.33528,0,3.09228e-11,3.83889e-12
Hessenberg basic,951,0,1,4,1e-12,8.54985,1.42109e-14,2.81246e-11,4.73227e-12
Hessenberg basic,952,0,0,4,1e-12,2.26801,0,2.68301e-11,3.98587e-12
Hessenberg basic,952,0,1,4,1e-12,6.08592,2.84217e-14,2.75841e-11,4.74122e-12
Hessenberg basic,953,0,0,4,1e-12,2.79561,0,2.0691e-11,3.80535e-12
Hessenberg basic,953,0,1,4,1e-12,7.28401,1.42109e-14,2.36493e-11,4.83215e-12
Hessenberg basic,954,0,0,4,1e-12,1.81671,0,2.02363e-11,3.70874e-12
Hessenberg basic,954,0,1,4,1e-12,7.31491,2.84217e-14,2.25088e-11,4.68952e-12
Hessenberg basic,955,0,0,4,1e-12,2.73171,0,2.66027e-11,3.35713e-12
Hessenberg basic,955,0,1,4,1e-12,8.24873,4.49387e-14,2.76705e-11,4.7041e-12
Hessenberg basic,956,0,0,4,1e-12,2.58839,0,3.25144e-11,3.90252e-12
Hessenberg basic,956,0,1,4,1e-12,7.11964,2.5619e-14,2.79216e-11,4.67136e-12
Hessenberg basic,957,0,0,4,1e-12,2.69931,0,2.22062e-11,4.08764e-12
Hessenberg basic,957,0,1,4,1e-12,7.17161,2.86429e-14,2.36518e-11,4.41401e-12
Hessenberg basic,958,0,0,4,1e-12,2.97408,0,2.17142e-11,3.67093e-12
Hessenberg basic,958,0,1,4,1e-12,7.60759,5.17283e-14,2.32492e-11,4.66891e-12
Hessenberg basic,959,0,0,4,1e-12,4.17628,0,2.81943e-11,3.77495e-12
Hessenberg basic,959,0,1,4,1e-12,7.97174,0,2.50895e-11,4.71177e-12
Hessenberg basic,960,0,0,4,1e-12,3.88728,0,2.73283e-11,3.79786e-12
Hessenberg basic,960,0,1,4,1e-12,7.53116,5.68434e-14,2.34509e-11,4.59467e-12
Hessenberg basic,961,0,0,4,1e-12,1.82454,0,2.81943e-11,4.09021e-12
Hessenberg basic,961,0,1,4,1e-12,8.81924,2.00972e-14,2.82952e-11,4.67096e-12
Hessenberg basic,962,0,0,4,1e-12,2.61344,0,2.44279e-11,3.92732e-12
Hessenberg basic,962,0,1,4,1e-12,6.55907,3.17764e-14,2.63671e-11,4.82998e-12
Hessenberg basic,963,0,0,4,1e-12,4.22101,0,2.00651e-11,3.77049e-12
Hessenberg basic,963,0,1,4,1e-12,10.0999,3.70914e-14,2.30358e-11,4.39578e-12
Hessenberg basic,964,0,0,4,1e-12,3.25306,0,2.88765e-11,3.88616e-12
Hessenberg basic,964,0,1,4,1e-12,7.32444,7.65278e-14,2.41027e-11,4.84672e-12
Hessenberg basic,965,0,0,4,1e-12,2.0812,0,2.41016e-11,3.84064e-12
Hessenberg basic,965,0,1,4,1e-12,8.28457,0,2.00479e-11,4.40467e-12
Hessenberg basic,966,0,0,4,1e-12,2.48473,0,2.13731e-11,3.90605e-12
Hessenberg basic,966,0,1,4,1e-12,6.83054,0,3.05528e-11,4.50512e-12
Hessenberg basic,967,0,0,4,1e-12,4.47198,0,2.36469e-11,4.14715e-12
Hessenberg basic,967,0,1,4,1e-12,9.93824,4.15834e-14,3.1813e-11,4.64865e-12
Hessenberg basic,968,0,0,4,1e-12,2.91125,0,1.93268e-11,3.70207e-12
Hessenberg basic,968,0,1,4,1e-12,7.06029,0,3.09286e-11,5.00967e-12
Hessenberg basic,969,0,0,4,1e-12,2.48503,0,2.93312e-11,3.87098e-12
Hessenberg basic,969,0,1,4,1e-12,8.28688,0,3.03874e-11,4.68702e-12
Hessenberg basic,970,0,0,4,1e-12,1.8611,0,3.25144e-11,4.09402e-12
Hessenberg basic,970,0,1,4,1e-12,6.71038,1.46482e-14,2.3593e-11,4.58657e-12
Hessenberg basic,971,0,0,4,1e-12,4.26077,0,2.5103e-11,3.97247e-12
Hessenberg basic,971,0,1,4,1e-12,11.3018,0,2.69111e-11,4.86737e-12
Hessenberg basic,972,0,0,4,1e-12,2.95072,0,2.05622e-11,3.92271e-12
Hessenberg basic,972,0,1,4,1e-12,6.8278,3.55271e-14,2.41129e-11,4.58421e-12
Hessenberg basic,973,0,0,4,1e-12,1.85598,0,2.00843e-11,3.95135e-12
Hessenberg basic,973,0,1,4,1e-12,8.69867,2.86429e-14,2.71328e-11,4.55275e-12
Hessenberg basic,974,0,0,4,1e-12,2.91447,0,4.61569e-11,4.36702e-12
Hessenberg basic,974,0,1,4,1e-12,7.25566,2.84217e-14,2.24666e-11,4.87264e-12
Hessenberg basic,975,0,0,4,1e-12,4.64739,0,3.41061e-11,3.96444e-12
Hessenberg basic,975,0,1,4,1e-12,7.55608,3.90799e-14,2.27374e-11,4.46581e-12
Hessenberg basic,976,0,0,4,1e-12,1.52482,0,2.0691e-11,3.73343e-12
Hessenberg basic,976,0,1,4,1e-12,5.84068,1.42109e-14,2.81916e-11,4.71385e-12
Hessenberg basic,977,0,0,4,1e-12,4.46288,0,4.02451e-11,3.96218e-12
Hessenberg basic,977,0,1,4,1e-12,7.9605,2.13163e-14,2.81732e-11,4.55839e-12
Hessenberg basic,978,0,0,4,1e-12,3.758,0,3.56977e-11,3.86895e-12
Hessenberg basic,978,0,1,4,1e-12,7.11066,4.9738e-14,2.36559e-11,4.48516e-12
Hessenberg basic,979,0,0,4,1e-12,1.92501,0,2.72848e-11,3.80163e-12
Hessenberg basic,979,0,1,4,1e-12,9.73916,3.55271e-14,2.81559e-11,4.65584e-12
Hessenberg basic,980,0,0,4,1e-12,2.64346,0,2.88765e-11,3.81599e-12
Hessenberg basic,980,0,1,4,1e-12,7.42692,5.68434e-14,2.50165e-11,4.54917e-12
Hessenberg basic,981,0,0,4,1e-12,1.78034,0,2.7967e-11,3.84956e-12
Hessenberg basic,981,0,1,4,1e-12,9.29353,2.00972e-14,2.47892e-11,4.47271e-12
Hessenberg basic,982,0,0,4,1e-12,3.40742,0,2.59206e-11,3.43388e-12
Hessenberg basic,982,0,1,4,1e-12,6.81418,1.58882e-14,2.44649e-11,4.74591e-12
Hessenberg basic,983,0,0,4,1e-12,2.65259,0,2.56932e-11,3.50553e-12
Hessenberg basic,983,0,1,4,1e-12,8.37847,2.84217e-14,1.98272e-11,4.50964e-12
Hessenberg basic,984,0,0,4,1e-12,2.21297,0,3.20597e-11,3.86666e-12
Hessenberg basic,984,0,1,4,1e-12,8.56382,2.00972e-14,2.91961e-11,4.50192e-12
Hessenberg basic,985,0,0,4,1e-12,1.79761,0,2.75122e-11,3.98559e-12
Hessenberg basic,985,0,1,4,1e-12,7.6221,0,2.79817e-11,4.81605e-12
Hessenberg basic,986,0,0,4,1e-12,3.73412,0,3.20597e-11,3.99317e-12
Hessenberg basic,986,0,1,4,1e-12,7.7927,8.59287e-14,2.47986e-11,4.77569e-12
Hessenberg basic,987,0,0,4,1e-12,2.5691,0,3.04681e-11,3.85375e-12
Hessenberg basic,987,0,1,4,1e-12,8.95462,2.00972e-14,2.38171e-11,4.43857e-12
Hessenberg basic,988,0,0,4,1e-12,1.6399,0,2.68301e-11,3.90521e-12
Hessenberg basic,988,0,1,4,1e-12,6.09888,3.17764e-14,3.07209e-11,4.66653e-12
Hessenberg basic,989,0,0,4,1e-12,4.93166,0,3.11502e-11,3.69493e-12
Hessenberg basic,989,0,1,4,1e-12,8.52484,4.01944e-14,2.73794e-11,4.66184e-12
Hessenberg basic,990,0,0,4,1e-12,2.80224,0,2.20552e-11,3.93267e-12
Hessenberg basic,990,0,1,4,1e-12,9.02767,2.84217e-14,2.20571e-11,4.45418e-12
Hessenberg basic,991,0,0,4,1e-12,2.38881,0,2.31921e-11,3.8564e-12
Hessenberg basic,991,0,1,4,1e-12,7.34485,5.1238e-14,2.15736e-11,4.57047e-12
Hessenberg basic,992,0,0,4,1e-12,2.28148,0,2.59206e-11,3.7464e-12
Hessenberg basic,992,0,1,4,1e-12,7.32447,4.01944e-14,2.0494e-11,4.4698e-12
Hessenberg basic,993,0,0,4,1e-12,2.90837,0,2.79422e-11,4.14652e-12
Hessenberg basic,993,0,1,4,1e-12,9.68687,4.37377e-14,2.36537e-11,4.57875e-12
Hessenberg basic,994,0,0,4,1e-12,1.82324,0,2.9786e-11,4.04324e-12
Hessenberg basic,994,0,1,4,1e-12,9.45354,0,3.29011e-11,4.59987e-12
Hessenberg basic,995,0,0,4,1e-12,2.18456,0,3.02407e-11,4.00447e-12
Hessenberg basic,995,0,1,4,1e-12,7.9912,2.84217e-14,2.44628e-11,4.84793e-12
Hessenberg basic,996,0,0,4,1e-12,1.7036,0,2.56932e-11,3.88565e-12
Hessenberg basic,996,0,1,4,1e-12,6.67929,3.17764e-14,2.46624e-11,4.68878e-12
Hessenberg basic,997,0,0,4,1e-12,4.36828,0,2.1966e-11,3.85452e-12
Hessenberg basic,997,0,1,4,1e-12,7.51758,4.49387e-14,2.16904e-11,4.50022e-12
Hessenberg basic,998,0,0,4,1e-12,1.88611,0,2.54659e-11,4.05915e-12
Hessenberg basic,998,0,1,4,1e-12,7.65205,3.55271e-14,2.2129e-11,4.50313e-12
Hessenberg basic,999,0,0,4,1e-12,2.66004,0,2.91038e-11,3.67305e-12
Hessenberg basic,999,0,1,4,1e-12,10.4693,0,2.16617e-11,4.73791e-12
Hessenberg basic,1000,0,0,4,1e-12,1.91132,0,3.36513e-11,3.85004e-12
Hessenberg basic,1000,0,1,4,1e-12,6.79138,3.0054e-14,2.2262e-11,4.63973e-12
