version, size, hermitian, complex, seed, tol, runtime in s,min_error, max_error, avg_error
Hessenberg basic,900,0,0,10,1e-12,0.777123,0,2.22826e-11,3.87782e-12
Hessenberg basic,900,0,1,10,1e-12,2.46189,3.17764e-14,2.67423e-11,4.5132e-12
Hessenberg basic,901,0,0,10,1e-12,0.842948,0,2.34195e-11,3.98938e-12
Hessenberg basic,901,0,1,10,1e-12,3.24657,4.54969e-14,2.11167e-11,4.45885e-12
Hessenberg basic,902,0,0,10,1e-12,0.803352,0,2.56932e-11,4.0393e-12
Hessenberg basic,902,0,1,10,1e-12,2.71682,2.4869e-14,1.82041e-11,4.4999e-12
Hessenberg basic,903,0,0,10,1e-12,0.85055,0,2.35431e-11,3.45892e-12
Hessenberg basic,903,0,1,10,1e-12,3.19025,5.54952e-14,2.43035e-11,4.54194e-12
Hessenberg basic,904,0,0,10,1e-12,0.732178,0,1.82254e-11,3.64328e-12
Hessenberg basic,904,0,1,10,1e-12,2.61034,4.26326e-14,2.04851e-11,4.54603e-12
Hessenberg basic,905,0,0,10,1e-12,0.862341,0,3.00133e-11,4.12607e-12
Hessenberg basic,905,0,1,10,1e-12,3.29392,1.42109e-14,2.34201e-11,4.52245e-12
Hessenberg basic,906,0,0,10,1e-12,0.817977,0,2.6896e-11,3.95977e-12
Hessenberg basic,906,0,1,10,1e-12,2.72661,2.84217e-14,3.06179e-11,4.61668e-12
Hessenberg basic,907,0,0,10,1e-12,0.852063,0,2.47837e-11,3.71471e-12
Hessenberg basic,907,0,1,10,1e-12,3.21271,0,1.98024e-11,4.4607e-12
Hessenberg basic,908,0,0,10,1e-12,0.791132,0,2.0957e-11,3.55841e-12
Hessenberg basic,908,0,1,10,1e-12,2.60629,3.17764e-14,2.44543e-11,4.42084e-12
Hessenberg basic,909,0,0,10,1e-12,0.882618,0,2.251e-11,3.32665e-12
Hessenberg basic,909,0,1,10,1e-12,3.29849,5.68434e-14,3.14762e-11,4.6198e-12
Hessenberg basic,910,0,0,10,1e-12,0.896775,0,2.56932e-11,3.61065e-12
Hessenberg basic,910,0,1,10,1e-12,2.90896,2.00972e-14,2.53157e-11,4.9028e-12
Hessenberg basic,911,0,0,10,1e-12,0.839541,0,2.70575e-11,3.772e-12
Hessenberg basic,911,0,1,10,1e-12,2.78754,2.41611e-14,2.19153e-11,4.5694e-12
Hessenberg basic,912,0,0,10,1e-12,0.790701,0,2.31921e-11,4.0244e-12
Hessenberg basic,912,0,1,10,1e-12,2.67309,3.17764e-14,2.92873e-11,4.61655e-12
Hessenberg basic,913,0,0,10,1e-12,0.903846,0,2.66027e-11,3.46493e-12
Hessenberg basic,913,0,1,10,1e-12,3.32772,1.58882e-14,2.4761e-11,4.44767e-12
Hessenberg basic,914,0,0,10,1e-12,0.845951,0,2.4329e-11,3.623e-12
Hessenberg basic,914,0,1,10,1e-12,2.83442,7.10543e-14,3.57852e-11,4.73619e-12
Hessenberg basic,915,0,0,10,1e-12,0.894786,0,2.59206e-11,3.60956e-12
Hessenberg basic,915,0,1,10,1e-12,3.2879,0,2.45567e-11,4.85812e-12
Hessenberg basic,916,0,0,10,1e-12,0.817463,0,2.52848e-11,4.18965e-12
Hessenberg basic,916,0,1,10,1e-12,2.72122,2.84217e-14,2.05116e-11,4.45057e-12
Hessenberg basic,917,0,0,10,1e-12,0.899191,0,2.01133e-11,3.86248e-12
Hessenberg basic,917,0,1,10,1e-12,2.88241,4.39446e-14,1.81561e-11,4.46811e-12
Hessenberg basic,918,0,0,10,1e-12,0.872398,0,1.85365e-11,3.70914e-12
Hessenberg basic,918,0,1,10,1e-12,2.93776,2.41611e-14,2.23651e-11,4.5427e-12
Hessenberg basic,919,0,0,10,1e-12,0.970984,0,2.93312e-11,3.92085e-12
Hessenberg basic,919,0,1,10,1e-12,3.59021,1.77636e-14,2.59228e-11,4.77084e-12
Hessenberg basic,920,0,0,10,1e-12,0.791575,0,1.97815e-11,3.93658e-12
Hessenberg basic,920,0,1,10,1e-12,3.22506,0,2.62223e-11,4.57856e-12
Hessenberg basic,921,0,0,10,1e-12,1.01002,0,2.35771e-11,3.86266e-12
Hessenberg basic,921,0,1,10,1e-12,3.70828,1.02476e-13,2.48348e-11,4.48376e-12
Hessenberg basic,922,0,0,10,1e-12,0.88076,0,1.74708e-11,3.70307e-12
Hessenberg basic,922,0,1,10,1e-12,2.9842,5.1238e-14,2.08281e-11,4.68823e-12
Hessenberg basic,923,0,0,10,1e-12,1.06667,0,2.52385e-11,3.80051e-12
Hessenberg basic,923,0,1,10,1e-12,3.49004,6.07088e-14,2.44173e-11,4.63537e-12
Hessenberg basic,924,0,0,10,1e-12,0.904852,0,2.6148e-11,3.9814e-12
Hessenberg basic,924,0,1,10,1e-12,2.86051,2.92964e-14,2.38048e-11,4.51391e-12
Hessenberg basic,925,0,0,10,1e-12,1.02757,0,2.22838e-11,3.87496e-12
Hessenberg basic,925,0,1,10,1e-12,3.66982,4.32206e-14,2.27604e-11,4.63262e-12
Hessenberg basic,926,0,0,10,1e-12,0.997473,0,2.66119e-11,3.88215e-12
Hessenberg basic,926,0,1,10,1e-12,3.02546,2.86429e-14,2.86211e-11,4.6463e-12
Hessenberg basic,927,0,0,10,1e-12,1.2011,0,2.2219e-11,3.94941e-12
Hessenberg basic,927,0,1,10,1e-12,3.54582,7.10543e-15,2.72718e-11,4.76866e-12
Hessenberg basic,928,0,0,10,1e-12,0.924386,0,2.58049e-11,3.79827e-12
Hessenberg basic,928,0,1,10,1e-12,3.53376,4.01944e-14,2.04864e-11,4.71173e-12
Hessenberg basic,929,0,0,10,1e-12,0.947845,0,2.47692e-11,3.88383e-12
Hessenberg basic,929,0,1,10,1e-12,3.69052,2.41611e-14,2.38146e-11,4.69665e-12
Hessenberg basic,930,0,0,10,1e-12,0.969688,0,2.52385e-11,3.86806e-12
Hessenberg basic,930,0,1,10,1e-12,3.03782,3.55271e-15,2.36348e-11,4.59726e-12
Hessenberg basic,931,0,0,10,1e-12,0.99025,0,1.90994e-11,3.87127e-12
Hessenberg basic,931,0,1,10,1e-12,3.82593,3.82639e-14,2.31609e-11,4.46819e-12
Hessenberg basic,932,0,0,10,1e-12,0.875014,0,2.67397e-11,4.13671e-12
Hessenberg basic,932,0,1,10,1e-12,2.81873,2.84217e-14,2.27578e-11,4.53194e-12
Hessenberg basic,933,0,0,10,1e-12,1.00548,0,2.76016e-11,3.82481e-12
Hessenberg basic,933,0,1,10,1e-12,3.69643,2.13163e-14,2.10468e-11,4.56771e-12
Hessenberg basic,934,0,0,10,1e-12,0.951694,0,2.04636e-11,3.77892e-12
Hessenberg basic,934,0,1,10,1e-12,3.08085,1.58882e-14,2.42756e-11,4.7433e-12
Hessenberg basic,935,0,0,10,1e-12,1.00777,0,2.31921e-11,3.91553e-12
Hessenberg basic,935,0,1,10,1e-12,3.77006,5.1238e-14,2.49283e-11,4.75891e-12
Hessenberg basic,936,0,0,10,1e-12,0.881584,0,2.68888e-11,3.9173e-12
Hessenberg basic,936,0,1,10,1e-12,2.92288,5.68434e-14,2.54874e-11,4.73944e-12
Hessenberg basic,937,0,0,10,1e-12,0.981465,0,2.31243e-11,4.10444e-12
Hessenberg basic,937,0,1,10,1e-12,3.64317,4.01944e-14,2.17198e-11,4.54988e-12
Hessenberg basic,938,0,0,10,1e-12,0.958473,0,3.5925e-11,3.72792e-12
Hessenberg basic,938,0,1,10,1e-12,3.04234,2.84217e-14,2.51554e-11,4.78804e-12
Hessenberg basic,939,0,0,10,1e-12,0.987674,0,2.38742e-11,3.92149e-12
Hessenberg basic,939,0,1,10,1e-12,3.49468,2.24693e-14,2.47875e-11,4.73687e-12
Hessenberg basic,940,0,0,10,1e-12,0.92332,0,2.68301e-11,3.7073e-12
Hessenberg basic,940,0,1,10,1e-12,2.94023,1.42109e-14,2.72957e-11,4.6884e-12
Hessenberg basic,941,0,0,10,1e-12,1.10785,0,2.64978e-11,4.02213e-12
Hessenberg basic,941,0,1,10,1e-12,3.96013,6.67494e-14,2.13308e-11,4.87989e-12
Hessenberg basic,942,0,0,10,1e-12,1.03681,0,2.95586e-11,4.11278e-12
Hessenberg basic,942,0,1,10,1e-12,3.1383,3.19744e-14,2.02056e-11,4.39532e-12
Hessenberg basic,943,0,0,10,1e-12,1.07455,0,2.59206e-11,3.97704e-12
Hessenberg basic,943,0,1,10,1e-12,3.83102,4.80684e-14,2.4859e-11,4.82656e-12
Hessenberg basic,944,0,0,10,1e-12,0.934868,0,2.91038e-11,3.78728e-12
Hessenberg basic,944,0,1,10,1e-12,3.04994,2.92964e-14,2.48521e-11,4.57636e-12
Hessenberg basic,945,0,0,10,1e-12,1.07925,0,2.09184e-11,3.85661e-12
Hessenberg basic,945,0,1,10,1e-12,3.91695,0,2.4134e-11,4.74716e-12
Hessenberg basic,946,0,0,10,1e-12,1.0062,0,2.00089e-11,3.91234e-12
Hessenberg basic,946,0,1,10,1e-12,3.24454,2.61221e-14,3.62117e-11,4.67153e-12
Hessenberg basic,947,0,0,10,1e-12,1.1317,0,2.21873e-11,3.69243e-12
Hessenberg basic,947,0,1,10,1e-12,3.77106,4.27803e-14,2.22574e-11,4.892e-12
Hessenberg basic,948,0,0,10,1e-12,0.947905,0,3.13776e-11,4.00676e-12
Hessenberg basic,948,0,1,10,1e-12,3.02887,4.01944e-14,2.30089e-11,4.82413e-12
Hessenberg basic,949,0,0,10,1e-12,1.07881,0,2.18302e-11,3.84905e-12
Hessenberg basic,949,0,1,10,1e-12,3.86019,4.26326e-14,2.46522e-11,4.78458e-12
Hessenberg basic,950,0,0,10,1e-12,0.987472,0,2.68332e-11,3.85202e-12
Hessenberg basic,950,0,1,10,1e-12,3.26468,3.17764e-14,3.02919e-11,4.57325e-12
Hessenberg basic,951,0,0,10,1e-12,1.05549,0,2.48296e-11,3.77874e-12
Hessenberg basic,951,0,1,10,1e-12,3.9773,5.68434e-14,2.07651e-11,4.75747e-12
Hessenberg basic,952,0,0,10,1e-12,0.901025,0,2.99202e-11,3.68076e-12
Hessenberg basic,952,0,1,10,1e-12,3.04808,4.97697e-14,3.25901e-11,4.65342e-12
Hessenberg basic,953,0,0,10,1e-12,1.11555,0,2.57324e-11,4.30765e-12
Hessenberg basic,953,0,1,10,1e-12,3.89201,3.1427e-14,2.40597e-11,4.49252e-12
Hessenberg basic,954,0,0,10,1e-12,1.05496,0,2.66027e-11,4.07182e-12
Hessenberg basic,954,0,1,10,1e-12,3.28745,7.68569e-14,2.97958e-11,4.52992e-12
Hessenberg basic,955,0,0,10,1e-12,1.10126,0,2.52385e-11,4.00557e-12
Hessenberg basic,955,0,1,10,1e-12,4.0561,6.35529e-14,2.62981e-11,4.73553e-12
Hessenberg basic,956,0,0,10,1e-12,0.988392,0,2.9786e-11,4.11862e-12
Hessenberg basic,956,0,1,10,1e-12,3.12554,5.32907e-15,2.12251e-11,4.78344e-12
Hessenberg basic,957,0,0,10,1e-12,1.16812,0,2.74595e-11,3.71679e-12
Hessenberg basic,957,0,1,10,1e-12,4.16615,0,2.18167e-11,4.5418e-12
Hessenberg basic,958,0,0,10,1e-12,1.06981,0,2.31243e-11,3.87959e-12
Hessenberg basic,958,0,1,10,1e-12,3.36634,8.55607e-14,2.89489e-11,4.70451e-12
Hessenberg basic,959,0,0,10,1e-12,1.11337,0,3.21619e-11,4.01677e-12
Hessenberg basic,959,0,1,10,1e-12,4.13303,0,3.59468e-11,4.62458e-12
Hessenberg basic,960,0,0,10,1e-12,1.34317,0,2.55672e-11,4.0051e-12
Hessenberg basic,960,0,1,10,1e-12,3.96277,2.5619e-14,2.33534e-11,4.71484e-12
Hessenberg basic,961,0,0,10,1e-12,1.11291,0,2.49325e-11,4.16355e-12
Hessenberg basic,961,0,1,10,1e-12,4.07155,0,2.38626e-11,4.39219e-12
Hessenberg basic,962,0,0,10,1e-12,1.06709,0,2.75122e-11,4.10573e-12
Hessenberg basic,962,0,1,10,1e-12,3.33534,2.38323e-14,2.83153e-11,4.77453e-12
Hessenberg basic,963,0,0,10,1e-12,1.19964,0,2.53321e-11,4.11094e-12
Hessenberg basic,963,0,1,10,1e-12,4.22331,4.49387e-14,2.44558e-11,4.52516e-12
Hessenberg basic,964,0,0,10,1e-12,0.917653,0,2.34195e-11,4.25322e-12
Hessenberg basic,964,0,1,10,1e-12,2.8987,3.73035e-14,2.77675e-11,4.87493e-12
Hessenberg basic,965,0,0,10,1e-12,1.1353,0,2.04206e-11,3.52518e-12
Hessenberg basic,965,0,1,10,1e-12,3.91325,3.82639e-14,2.59216e-11,4.40795e-12
Hessenberg basic,966,0,0,10,1e-12,1.10651,0,2.53213e-11,4.18151e-12
Hessenberg basic,966,0,1,10,1e-12,3.39946,2.84217e-14,2.50813e-11,4.58949e-12
Hessenberg basic,967,0,0,10,1e-12,1.12291,0,3.22785e-11,4.10973e-12
Hessenberg basic,967,0,1,10,1e-12,4.23706,4.26326e-14,2.21576e-11,4.64896e-12
Hessenberg basic,968,0,0,10,1e-12,0.952415,0,3.48359e-11,3.90959e-12
Hessenberg basic,968,0,1,10,1e-12,3.25412,0,2.88859e-11,4.42923e-12
Hessenberg basic,969,0,0,10,1e-12,1.19603,0,3.11502e-11,3.9736e-12
Hessenberg basic,969,0,1,10,1e-12,4.38645,2.84217e-14,2.05834e-11,4.74837e-12
Hessenberg basic,970,0,0,10,1e-12,1.13492,0,2.23443e-11,3.90506e-12
Hessenberg basic,970,0,1,10,1e-12,3.47155,3.55271e-14,2.30291e-11,4.88391e-12
Hessenberg basic,971,0,0,10,1e-12,1.18164,0,1.8399e-11,3.77729e-12
Hessenberg basic,971,0,1,10,1e-12,4.17686,0,2.18932e-11,4.51715e-12
Hessenberg basic,972,0,0,10,1e-12,1.04572,0,2.45111e-11,4.26458e-12
Hessenberg basic,972,0,1,10,1e-12,3.25418,3.17764e-14,2.8074e-11,4.51684e-12
Hessenberg basic,973,0,0,10,1e-12,1.20047,0,3.34319e-11,4.09947e-12
Hessenberg basic,973,0,1,10,1e-12,4.04224,0,1.88281e-11,4.53844e-12
Hessenberg basic,974,0,0,10,1e-12,1.14618,0,3.7744e-11,4.13858e-12
Hessenberg basic,974,0,1,10,1e-12,3.51264,6.35529e-14,3.07562e-11,4.51254e-12
Hessenberg basic,975,0,0,10,1e-12,1.30595,0,2.17103e-11,3.65327e-12
Hessenberg basic,975,0,1,10,1e-12,4.33016,4.76067e-14,2.83434e-11,4.56422e-12
Hessenberg basic,976,0,0,10,1e-12,1.07122,0,2.75256e-11,4.06271e-12
Hessenberg basic,976,0,1,10,1e-12,3.4401,4.32206e-14,2.16758e-11,4.30786e-12
Hessenberg basic,977,0,0,10,1e-12,1.22323,0,2.16005e-11,3.86421e-12
Hessenberg basic,977,0,1,10,1e-12,4.17955,2.46779e-14,2.51687e-11,4.58014e-12
Hessenberg basic,978,0,0,10,1e-12,1.17161,0,3.10363e-11,4.24006e-12
Hessenberg basic,978,0,1,10,1e-12,3.60802,4.93559e-14,2.15325e-11,4.3396e-12
Hessenberg basic,979,0,0,10,1e-12,1.25602,0,2.13731e-11,3.72895e-12
Hessenberg basic,979,0,1,10,1e-12,4.51325,4.01944e-14,2.5295e-11,4.63715e-12
Hessenberg basic,980,0,0,10,1e-12,1.09986,0,3.22871e-11,4.27499e-12
Hessenberg basic,980,0,1,10,1e-12,3.49182,8.78893e-14,2.16113e-11,4.64601e-12
Hessenberg basic,981,0,0,10,1e-12,1.24456,0,2.84944e-11,4.19541e-12
Hessenberg basic,981,0,1,10,1e-12,4.2558,2.00972e-14,3.52437e-11,4.5638e-12
Hessenberg basic,982,0,0,10,1e-12,1.17033,0,2.56932e-11,3.71858e-12
Hessenberg basic,982,0,1,10,1e-12,3.77933,2.5619e-14,2.5536e-11,4.69277e-12
Hessenberg basic,983,0,0,10,1e-12,1.3346,0,3.01071e-11,4.00491e-12
Hessenberg basic,983,0,1,10,1e-12,4.44105,8.03887e-14,2.67722e-11,4.45975e-12
Hessenberg basic,984,0,0,10,1e-12,1.25039,0,2.47837e-11,4.35256e-12
Hessenberg basic,984,0,1,10,1e-12,3.59116,2.92964e-14,2.46079e-11,4.46422e-12
Hessenberg basic,985,0,0,10,1e-12,1.33309,0,2.95586e-11,4.4984e-12
Hessenberg basic,985,0,1,10,1e-12,4.64156,2.84217e-14,2.48413e-11,4.62043e-12
Hessenberg basic,986,0,0,10,1e-12,1.23009,0,2.84217e-11,4.00774e-12
Hessenberg basic,986,0,1,10,1e-12,3.70805,4.32206e-14,2.37135e-11,4.68819e-12
Hessenberg basic,987,0,0,10,1e-12,1.27359,0,3.03731e-11,4.1851e-12
Hessenberg basic,987,0,1,10,1e-12,4.33389,3.26505e-14,2.20239e-11,4.59321e-12
Hessenberg basic,988,0,0,10,1e-12,1.13129,0,2.33399e-11,4.07035e-12
Hessenberg basic,988,0,1,10,1e-12,3.46479,2.84217e-14,2.52958e-11,4.58793e-12
Hessenberg basic,989,0,0,10,1e-12,1.30569,0,2.6041e-11,4.40712e-12
Hessenberg basic,989,0,1,10,1e-12,4.63376,2.86429e-14,2.46089e-11,4.59251e-12
Hessenberg basic,990,0,0,10,1e-12,1.21814,0,2.22826e-11,3.80572e-12
Hessenberg basic,990,0,1,10,1e-12,3.76066,5.1238e-14,2.64077e-11,4.47132e-12
Hessenberg basic,991,0,0,10,1e-12,1.2947,0,2.95037e-11,4.19485e-12
Hessenberg basic,991,0,1,10,1e-12,4.76186,0,2.98588e-11,4.70426e-12
Hessenberg basic,992,0,0,10,1e-12,1.16077,0,2.87933e-11,4.18187e-12
Hessenberg basic,992,0,1,10,1e-12,4.4902,2.22045e-14,2.05823e-11,4.61029e-12
Hessenberg basic,993,0,0,10,1e-12,1.12195,0,2.54659e-11,3.91664e-12
Hessenberg basic,993,0,1,10,1e-12,4.45666,1.42109e-14,2.31542e-11,4.47445e-12
Hessenberg basic,994,0,0,10,1e-12,1.16634,0,2.75498e-11,4.14619e-12
Hessenberg basic,994,0,1,10,1e-12,3.75058,5.68434e-14,2.84399e-11,4.67405e-12
Hessenberg basic,995,0,0,10,1e-12,1.33603,0,2.8065e-11,4.3896e-12
Hessenberg basic,995,0,1,10,1e-12,4.71668,2.84217e-14,2.21954e-11,4.35479e-12
Hessenberg basic,996,0,0,10,1e-12,1.15028,0,2.7653e-11,4.12787e-12
Hessenberg basic,996,0,1,10,1e-12,3.518,0,2.81365e-11,4.54764e-12
Hessenberg basic,997,0,0,10,1e-12,1.28664,0,3.17095e-11,4.42505e-12
Hessenberg basic,997,0,1,10,1e-12,4.77379,1.58882e-14,3.45759e-11,4.83717e-12
Hessenberg basic,998,0,0,10,1e-12,1.2781,0,2.95586e-11,4.12013e-12
Hessenberg basic,998,0,1,10,1e-12,3.7921,0,2.2449e-11,4.70762e-12
Hessenberg basic,999,0,0,10,1e-12,1.30723,0,2.52385e-11,3.7829e-12
Hessenberg basic,999,0,1,10,1e-12,4.80058,2.84217e-14,2.60856e-11,4.7988e-12
Hessenberg basic,1000,0,0,10,1e-12,1.08527,0,3.42973e-11,4.43907e-12
Hessenberg basic,1000,0,1,10,1e-12,3.57845,3.82639e-14,1.75137e-11,4.52123e-12
