version, size, hermitian, complex, seed, tol, runtime in s,min_error, max_error, avg_error
Hessenberg basic,900,0,0,3,1e-12,0.988223,0,2.62881e-11,3.71254e-12
Hessenberg basic,900,0,1,3,1e-12,5.36185,6.35529e-14,2.46247e-11,4.33759e-12
Hessenberg basic,901,0,0,3,1e-12,1.22512,0,2.31921e-11,3.31861e-12
Hessenberg basic,901,0,1,3,1e-12,8.08947,4.49387e-14,2.40307e-11,4.4247e-12
Hessenberg basic,902,0,0,3,1e-12,1.31085,0,2.34195e-11,3.37868e-12
Hessenberg basic,902,0,1,3,1e-12,7.59404,1.42109e-14,2.4329e-11,4.6725e-12
Hessenberg basic,903,0,0,3,1e-12,2.04588,0,1.8872e-11,3.48363e-12
Hessenberg basic,903,0,1,3,1e-12,7.30936,5.48783e-14,2.16042e-11,4.45925e-12
Hessenberg basic,904,0,0,3,1e-12,1.74973,0,3.31966e-11,3.51831e-12
Hessenberg basic,904,0,1,3,1e-12,6.46007,0,2.50916e-11,4.38886e-12
Hessenberg basic,905,0,0,3,1e-12,3.05304,0,2.02363e-11,3.29306e-12
Hessenberg basic,905,0,1,3,1e-12,7.36419,2.5619e-14,2.50798e-11,4.66554e-12
Hessenberg basic,906,0,0,3,1e-12,1.88498,0,2.81943e-11,3.2035e-12
Hessenberg basic,906,0,1,3,1e-12,7.66753,5.68434e-14,2.35708e-11,4.75216e-12
Hessenberg basic,907,0,0,3,1e-12,3.19815,0,2.16005e-11,3.44137e-12
Hessenberg basic,907,0,1,3,1e-12,8.18341,2.9789e-14,2.49335e-11,4.76979e-12
Hessenberg basic,908,0,0,3,1e-12,1.70952,0,3.91083e-11,3.39819e-12
Hessenberg basic,908,0,1,3,1e-12,6.77822,2.24693e-14,2.3807e-11,4.36085e-12
Hessenberg basic,909,0,0,3,1e-12,2.13067,0,3.91083e-11,3.59173e-12
Hessenberg basic,909,0,1,3,1e-12,7.87296,3.64541e-14,2.29411e-11,4.50275e-12
Hessenberg basic,910,0,0,3,1e-12,2.7618,0,3.18323e-11,3.31006e-12
Hessenberg basic,910,0,1,3,1e-12,7.44971,3.17764e-14,2.42046e-11,4.37992e-12
Hessenberg basic,911,0,0,3,1e-12,2.60934,0,3.04681e-11,3.69883e-12
Hessenberg basic,911,0,1,3,1e-12,9.3273,3.35162e-14,2.58109e-11,4.44827e-12
Hessenberg basic,912,0,0,3,1e-12,1.92469,0,1.92367e-11,3.49425e-12
Hessenberg basic,912,0,1,3,1e-12,7.47999,4.01944e-14,2.17965e-11,4.60976e-12
Hessenberg basic,913,0,0,3,1e-12,3.44429,0,1.65983e-11,3.54568e-12
Hessenberg basic,913,0,1,3,1e-12,8.66667,2.84217e-14,2.8539e-11,4.56015e-12
Hessenberg basic,914,0,0,3,1e-12,2.15999,0,2.50111e-11,3.60868e-12
Hessenberg basic,914,0,1,3,1e-12,6.90371,4.01944e-14,2.31232e-11,4.65694e-12
Hessenberg basic,915,0,0,3,1e-12,4.00408,0,2.18279e-11,3.33351e-12
Hessenberg basic,915,0,1,3,1e-12,7.93732,5.51529e-14,2.2271e-11,4.36315e-12
Hessenberg basic,916,0,0,3,1e-12,1.43062,0,1.83047e-11,3.40296e-12
Hessenberg basic,916,0,1,3,1e-12,6.68011,5.72858e-14,2.37135e-11,4.56662e-12
Hessenberg basic,917,0,0,3,1e-12,2.32032,0,2.68301e-11,3.42269e-12
Hessenberg basic,917,0,1,3,1e-12,9.17795,2.84217e-14,2.30557e-11,4.56851e-12
Hessenberg basic,918,0,0,3,1e-12,2.07123,0,2.9786e-11,3.4804e-12
Hessenberg basic,918,0,1,3,1e-12,7.39883,2.84217e-14,2.37008e-11,4.50165e-12
Hessenberg basic,919,0,0,3,1e-12,2.54949,0,2.31921e-11,3.41477e-12
Hessenberg basic,919,0,1,3,1e-12,7.3438,2.84217e-14,2.26762e-11,4.77435e-12
Hessenberg basic,920,0,0,3,1e-12,1.45538,0,1.95541e-11,3.26758e-12
Hessenberg basic,920,0,1,3,1e-12,5.84963,0,2.16677e-11,4.56008e-12
Hessenberg basic,921,0,0,3,1e-12,2.4912,0,2.34195e-11,3.65162e-12
Hessenberg basic,921,0,1,3,1e-12,6.29,2.86429e-14,2.20318e-11,4.35723e-12
Hessenberg basic,922,0,0,3,1e-12,3.25616,0,1.80919e-11,3.25235e-12
Hessenberg basic,922,0,1,3,1e-12,7.06142,4.83221e-14,2.15988e-11,4.44651e-12
Hessenberg basic,923,0,0,3,1e-12,3.33321,0,2.75122e-11,3.4299e-12
Hessenberg basic,923,0,1,3,1e-12,7.63943,4.27803e-14,2.4342e-11,4.59433e-12
Hessenberg basic,924,0,0,3,1e-12,1.36281,0,1.96624e-11,3.7199e-12
Hessenberg basic,924,0,1,3,1e-12,6.45836,0,2.57442e-11,4.59064e-12
Hessenberg basic,925,0,0,3,1e-12,2.3993,0,2.59206e-11,3.24564e-12
Hessenberg basic,925,0,1,3,1e-12,9.79148,4.26326e-14,2.06788e-11,4.52088e-12
Hessenberg basic,926,0,0,3,1e-12,1.39311,0,4.02451e-11,3.29629e-12
Hessenberg basic,926,0,1,3,1e-12,7.79385,0,2.72196e-11,4.62976e-12
Hessenberg basic,927,0,0,3,1e-12,1.45873,0,2.41016e-11,3.55019e-12
Hessenberg basic,927,0,1,3,1e-12,7.76277,1.42109e-14,1.94228e-11,4.62626e-12
Hessenberg basic,928,0,0,3,1e-12,1.17059,0,2.18279e-11,3.3535e-12
Hessenberg basic,928,0,1,3,1e-12,7.65717,5.1238e-14,2.1608e-11,4.65814e-12
Hessenberg basic,929,0,0,3,1e-12,2.44481,0,2.14895e-11,3.41237e-12
Hessenberg basic,929,0,1,3,1e-12,8.34018,3.62307e-14,2.41939e-11,4.73522e-12
Hessenberg basic,930,0,0,3,1e-12,2.5982,0,3.68345e-11,3.32867e-12
Hessenberg basic,930,0,1,3,1e-12,7.4878,2.84217e-14,2.13598e-11,4.63404e-12
Hessenberg basic,931,0,0,3,1e-12,2.90068,0,2.41255e-11,3.74804e-12
Hessenberg basic,931,0,1,3,1e-12,8.36809,3.55271e-14,2.79411e-11,4.55872e-12
Hessenberg basic,932,0,0,3,1e-12,1.46454,0,4.29736e-11,3.42924e-12
Hessenberg basic,932,0,1,3,1e-12,7.27971,1.00486e-14,2.29591e-11,4.70909e-12
Hessenberg basic,933,0,0,3,1e-12,3.46534,0,2.77396e-11,3.445e-12
Hessenberg basic,933,0,1,3,1e-12,8.93578,5.68434e-14,3.22398e-11,4.53126e-12
Hessenberg basic,934,0,0,3,1e-12,2.10377,0,3.66072e-11,3.45221e-12
Hessenberg basic,934,0,1,3,1e-12,7.3324,0,2.50661e-11,4.64816e-12
Hessenberg basic,935,0,0,3,1e-12,2.83464,0,1.71761e-11,2.94724e-12
Hessenberg basic,935,0,1,3,1e-12,8.21386,2.84217e-14,2.24401e-11,4.35822e-12
Hessenberg basic,936,0,0,3,1e-12,2.25468,0,2.36469e-11,3.36703e-12
Hessenberg basic,936,0,1,3,1e-12,7.27024,0,2.19436e-11,4.68082e-12
Hessenberg basic,937,0,0,3,1e-12,3.31142,0,1.84858e-11,3.31241e-12
Hessenberg basic,937,0,1,3,1e-12,8.41525,1.42109e-14,2.82749e-11,4.75572e-12
Hessenberg basic,938,0,0,3,1e-12,1.86717,0,2.27374e-11,3.19167e-12
Hessenberg basic,938,0,1,3,1e-12,7.93295,4.93559e-14,3.50289e-11,4.86701e-12
Hessenberg basic,939,0,0,3,1e-12,3.51626,0,3.72893e-11,3.30355e-12
Hessenberg basic,939,0,1,3,1e-12,9.11709,5.51529e-14,2.20036e-11,4.85111e-12
Hessenberg basic,940,0,0,3,1e-12,1.42873,0,2.02363e-11,3.46733e-12
Hessenberg basic,940,0,1,3,1e-12,6.0948,4.01944e-14,2.17056e-11,4.85475e-12
Hessenberg basic,941,0,0,3,1e-12,3.772,0,1.98513e-11,3.60074e-12
Hessenberg basic,941,0,1,3,1e-12,8.89168,3.55271e-15,2.2776e-11,4.61595e-12
Hessenberg basic,942,0,0,3,1e-12,1.75196,0,3.56977e-11,3.61569e-12
Hessenberg basic,942,0,1,3,1e-12,6.07287,0,2.64233e-11,4.65962e-12
Hessenberg basic,943,0,0,3,1e-12,3.08018,0,2.45564e-11,3.15421e-12
Hessenberg basic,943,0,1,3,1e-12,8.30059,5.1238e-14,2.93347e-11,4.49606e-12
Hessenberg basic,944,0,0,3,1e-12,1.57819,0,2.251e-11,3.31621e-12
Hessenberg basic,944,0,1,3,1e-12,5.26235,1.42109e-14,2.02723e-11,4.71055e-12
Hessenberg basic,945,0,0,3,1e-12,3.10727,0,2.251e-11,3.59272e-12
Hessenberg basic,945,0,1,3,1e-12,9.1929,1.42109e-14,2.45658e-11,4.62791e-12
Hessenberg basic,946,0,0,3,1e-12,1.69718,0,2.9786e-11,3.29455e-12
Hessenberg basic,946,0,1,3,1e-12,6.2168,0,2.54671e-11,4.68819e-12
Hessenberg basic,947,0,0,3,1e-12,2.98597,0,2.34195e-11,3.84011e-12
Hessenberg basic,947,0,1,3,1e-12,9.24419,1.58882e-14,2.43791e-11,4.48988e-12
Hessenberg basic,948,0,0,3,1e-12,1.30452,0,2.07015e-11,3.52041e-12
Hessenberg basic,948,0,1,3,1e-12,5.57547,5.28149e-14,2.38309e-11,4.47279e-12
Hessenberg basic,949,0,0,3,1e-12,3.54885,0,3.04681e-11,3.77361e-12
Hessenberg basic,949,0,1,3,1e-12,8.79361,2.87193e-14,2.95131e-11,4.60697e-12
Hessenberg basic,950,0,0,3,1e-12,1.84095,0,1.79625e-11,3.23044e-12
Hessenberg basic,950,0,1,3,1e-12,5.19375,3.17764e-14,2.78735e-11,4.72941e-12
Hessenberg basic,951,0,0,3,1e-12,3.44616,0,3.11502e-11,3.4735e-12
Hessenberg basic,951,0,1,3,1e-12,7.48085,0,2.31843e-11,4.49328e-12
Hessenberg basic,952,0,0,3,1e-12,2.23691,0,2.34195e-11,3.26108e-12
Hessenberg basic,952,0,1,3,1e-12,7.06319,6.35529e-14,2.92959e-11,4.79673e-12
Hessenberg basic,953,0,0,3,1e-12,2.2825,0,2.70575e-11,3.20197e-12
Hessenberg basic,953,0,1,3,1e-12,5.75642,8.88178e-15,2.56459e-11,4.70063e-12
Hessenberg basic,954,0,0,3,1e-12,2.17727,0,2.04636e-11,3.30726e-12
Hessenberg basic,954,0,1,3,1e-12,7.97496,0,3.51143e-11,4.7319e-12
Hessenberg basic,955,0,0,3,1e-12,3.34011,0,2.68301e-11,3.51111e-12
Hessenberg basic,955,0,1,3,1e-12,7.4321,0,2.73128e-11,4.78069e-12
Hessenberg basic,956,0,0,3,1e-12,3.10961,0,2.4329e-11,3.11978e-12
Hessenberg basic,956,0,1,3,1e-12,5.03555,2.84217e-14,2.60092e-11,4.59725e-12
Hessenberg basic,957,0,0,3,1e-12,2.03639,0,1.94919e-11,3.38243e-12
Hessenberg basic,957,0,1,3,1e-12,9.27995,4.27803e-14,2.08689e-11,4.74222e-12
Hessenberg basic,958,0,0,3,1e-12,1.54333,0,1.93268e-11,3.11036e-12
Hessenberg basic,958,0,1,3,1e-12,5.30289,1.77636e-14,2.53348e-11,4.75357e-12
Hessenberg basic,959,0,0,3,1e-12,4.4524,0,3.18323e-11,3.31358e-12
Hessenberg basic,959,0,1,3,1e-12,9.79196,4.01944e-14,2.58109e-11,4.53415e-12
Hessenberg basic,960,0,0,3,1e-12,2.72846,0,2.60396e-11,3.35451e-12
Hessenberg basic,960,0,1,3,1e-12,5.83628,0,2.30945e-11,4.4711e-12
Hessenberg basic,961,0,0,3,1e-12,3.36107,0,2.251e-11,3.15433e-12
Hessenberg basic,961,0,1,3,1e-12,8.09952,3.17764e-14,2.24191e-11,4.33583e-12
Hessenberg basic,962,0,0,3,1e-12,2.53422,0,2.31921e-11,3.19688e-12
Hessenberg basic,962,0,1,3,1e-12,7.56918,0,2.04917e-11,4.3013e-12
Hessenberg basic,963,0,0,3,1e-12,4.19199,0,4.16094e-11,3.41739e-12
Hessenberg basic,963,0,1,3,1e-12,7.5385,1.06581e-14,2.28666e-11,4.40308e-12
Hessenberg basic,964,0,0,3,1e-12,1.24513,0,2.0691e-11,3.58972e-12
Hessenberg basic,964,0,1,3,1e-12,5.7345,6.55088e-14,2.61954e-11,4.53275e-12
Hessenberg basic,965,0,0,3,1e-12,3.54308,0,2.59697e-11,3.31946e-12
Hessenberg basic,965,0,1,3,1e-12,8.65475,6.07088e-14,2.24321e-11,4.67454e-12
Hessenberg basic,966,0,0,3,1e-12,2.62749,0,3.45608e-11,3.31807e-12
Hessenberg basic,966,0,1,3,1e-12,5.71147,5.72858e-14,2.76107e-11,4.81253e-12
Hessenberg basic,967,0,0,3,1e-12,3.28804,0,3.09228e-11,3.38136e-12
Hessenberg basic,967,0,1,3,1e-12,7.89091,4.27803e-14,2.71578e-11,4.72817e-12
Hessenberg basic,968,0,0,3,1e-12,1.56395,0,2.4329e-11,3.35454e-12
Hessenberg basic,968,0,1,3,1e-12,7.70973,7.03401e-14,2.16184e-11,4.50825e-12
Hessenberg basic,969,0,0,3,1e-12,3.27073,0,3.00133e-11,3.21212e-12
Hessenberg basic,969,0,1,3,1e-12,5.67726,0,2.15825e-11,4.37854e-12
Hessenberg basic,970,0,0,3,1e-12,3.16592,0,2.65656e-11,3.37489e-12
Hessenberg basic,970,0,1,3,1e-12,6.67878,0,2.3512e-11,4.49971e-12
Hessenberg basic,971,0,0,3,1e-12,2.6856,0,2.56932e-11,3.54082e-12
Hessenberg basic,971,0,1,3,1e-12,8.24778,2.75765e-14,2.87217e-11,4.80608e-12
Hessenberg basic,972,0,0,3,1e-12,2.57725,0,2.95586e-11,3.40593e-12
Hessenberg basic,972,0,1,3,1e-12,7.94488,1.42109e-14,2.06973e-11,4.47673e-12
Hessenberg basic,973,0,0,3,1e-12,1.83362,0,3.66072e-11,3.58049e-12
Hessenberg basic,973,0,1,3,1e-12,7.20385,0,2.25111e-11,4.58142e-12
Hessenberg basic,974,0,0,3,1e-12,2.5918,0,2.54659e-11,3.55276e-12
Hessenberg basic,974,0,1,3,1e-12,7.25052,3.82639e-14,3.22872e-11,4.5749e-12
Hessenberg basic,975,0,0,3,1e-12,3.27345,0,2.22826e-11,3.54443e-12
Hessenberg basic,975,0,1,3,1e-12,7.21302,2.24693e-14,1.9578e-11,4.57153e-12
Hessenberg basic,976,0,0,3,1e-12,1.89059,0,2.00089e-11,3.51631e-12
Hessenberg basic,976,0,1,3,1e-12,7.66516,2.84217e-14,3.18423e-11,4.50012e-12
Hessenberg basic,977,0,0,3,1e-12,3.04577,0,3.09228e-11,3.24554e-12
Hessenberg basic,977,0,1,3,1e-12,7.60358,7.55317e-14,2.26793e-11,4.82654e-12
Hessenberg basic,978,0,0,3,1e-12,3.09574,0,4.29736e-11,3.39398e-12
Hessenberg basic,978,0,1,3,1e-12,6.47445,5.17283e-14,2.62971e-11,4.63786e-12
Hessenberg basic,979,0,0,3,1e-12,3.93059,0,2.43133e-11,3.47635e-12
Hessenberg basic,979,0,1,3,1e-12,10.6839,4.14314e-14,2.7815e-11,4.65698e-12
Hessenberg basic,980,0,0,3,1e-12,2.01809,0,3.00133e-11,3.06224e-12
Hessenberg basic,980,0,1,3,1e-12,7.60042,6.99803e-14,2.1355e-11,4.72781e-12
Hessenberg basic,981,0,0,3,1e-12,2.20037,0,2.4329e-11,3.42823e-12
Hessenberg basic,981,0,1,3,1e-12,8.62768,5.85929e-14,3.70033e-11,4.60347e-12
Hessenberg basic,982,0,0,3,1e-12,3.05546,0,2.04636e-11,3.43544e-12
Hessenberg basic,982,0,1,3,1e-12,6.48854,4.01944e-14,2.35507e-11,4.79812e-12
Hessenberg basic,983,0,0,3,1e-12,4.00595,0,3.72893e-11,3.58286e-12
Hessenberg basic,983,0,1,3,1e-12,8.34053,5.68434e-14,2.84898e-11,4.69403e-12
Hessenberg basic,984,0,0,3,1e-12,1.5579,0,3.52429e-11,3.27936e-12
Hessenberg basic,984,0,1,3,1e-12,8.44401,0,2.47629e-11,4.68988e-12
Hessenberg basic,985,0,0,3,1e-12,4.00631,0,3.61524e-11,3.35871e-12
Hessenberg basic,985,0,1,3,1e-12,7.31386,2.71149e-14,2.03496e-11,4.47754e-12
Hessenberg basic,986,0,0,3,1e-12,3.31234,0,2.52385e-11,3.27328e-12
Hessenberg basic,986,0,1,3,1e-12,7.4335,3.77659e-14,3.35313e-11,4.49091e-12
Hessenberg basic,987,0,0,3,1e-12,2.33702,0,2.72848e-11,3.365e-12
Hessenberg basic,987,0,1,3,1e-12,9.55643,3.17764e-14,2.33283e-11,4.72718e-12
Hessenberg basic,988,0,0,3,1e-12,1.75001,0,2.81943e-11,3.1853e-12
Hessenberg basic,988,0,1,3,1e-12,8.47014,5.68434e-14,2.69303e-11,4.7253e-12
Hessenberg basic,989,0,0,3,1e-12,2.5618,0,2.7967e-11,3.21419e-12
Hessenberg basic,989,0,1,3,1e-12,8.03722,1.42109e-14,2.51595e-11,4.55803e-12
Hessenberg basic,990,0,0,3,1e-12,2.89759,0,2.7967e-11,3.4259e-12
Hessenberg basic,990,0,1,3,1e-12,7.22162,6.35529e-14,2.49956e-11,4.62374e-12
Hessenberg basic,991,0,0,3,1e-12,3.48625,0,2.251e-11,2.96954e-12
Hessenberg basic,991,0,1,3,1e-12,7.69993,3.17764e-14,3.14598e-11,4.45484e-12
Hessenberg basic,992,0,0,3,1e-12,2.14695,0,1.79625e-11,3.26438e-12
Hessenberg basic,992,0,1,3,1e-12,8.52655,1.00486e-14,2.29729e-11,4.67598e-12
Hessenberg basic,993,0,0,3,1e-12,2.04241,0,2.68301e-11,3.51634e-12
Hessenberg basic,993,0,1,3,1e-12,8.97903,1.59872e-14,2.04649e-11,4.55524e-12
Hessenberg basic,994,0,0,3,1e-12,3.67587,0,2.59206e-11,3.20188e-12
Hessenberg basic,994,0,1,3,1e-12,6.92157,3.4639e-14,3.28655e-11,4.66492e-12
Hessenberg basic,995,0,0,3,1e-12,3.6633,0,3.38787e-11,3.29433e-12
Hessenberg basic,995,0,1,3,1e-12,9.52008,0,2.27825e-11,4.54881e-12
Hessenberg basic,996,0,0,3,1e-12,2.044,0,3.25144e-11,3.40099e-12
Hessenberg basic,996,0,1,3,1e-12,8.10813,3.17764e-14,2.75152e-11,4.54083e-12
Hessenberg basic,997,0,0,3,1e-12,3.68674,0,2.88765e-11,3.33049e-12
Hessenberg basic,997,0,1,3,1e-12,7.04251,0,4.00192e-11,4.74929e-12
Hessenberg basic,998,0,0,3,1e-12,3.29414,0,2.38742e-11,3.13927e-12
Hessenberg basic,998,0,1,3,1e-12,7.67613,2.84217e-14,3.40097e-11,4.52093e-12
Hessenberg basic,999,0,0,3,1e-12,2.45388,0,2.95586e-11,3.41313e-12
Hessenberg basic,999,0,1,3,1e-12,9.56368,2.13902e-14,2.85053e-11,4.72889e-12
Hessenberg basic,1000,0,0,3,1e-12,1.62507,0,3.00133e-11,3.10286e-12
Hessenberg basic,1000,0,1,3,1e-12,8.5959,1.42109e-14,2.30198e-11,4.59171e-12
