version, size, hermitian, complex, seed, tol, runtime in s,min_error, max_error, avg_error
Hessenberg basic,900,0,0,1,1e-12,0.755055,0,1.86446e-11,4.32017e-12
Hessenberg basic,900,0,1,1,1e-12,2.46794,4.26696e-14,2.06129e-11,4.50177e-12
Hessenberg basic,901,0,0,1,1e-12,0.927214,0,1.81899e-11,4.10509e-12
Hessenberg basic,901,0,1,1,1e-12,4.08986,2.38323e-14,2.23478e-11,4.63173e-12
Hessenberg basic,902,0,0,1,1e-12,1.86797,0,2.50111e-11,3.58952e-12
Hessenberg basic,902,0,1,1,1e-12,5.42433,3.70914e-14,3.31983e-11,4.73442e-12
Hessenberg basic,903,0,0,1,1e-12,2.94214,0,3.31966e-11,3.69551e-12
Hessenberg basic,903,0,1,1,1e-12,5.87185,5.0243e-14,2.4342e-11,4.64475e-12
Hessenberg basic,904,0,0,1,1e-12,1.12264,0,2.31921e-11,4.10621e-12
Hessenberg basic,904,0,1,1,1e-12,4.2774,1.02476e-13,3.09231e-11,4.61049e-12
Hessenberg basic,905,0,0,1,1e-12,1.67947,0,2.72848e-11,3.59962e-12
Hessenberg basic,905,0,1,1,1e-12,7.61131,4.01944e-14,2.67348e-11,4.503e-12
Hessenberg basic,906,0,0,1,1e-12,1.7043,0,2.56932e-11,3.96674e-12
Hessenberg basic,906,0,1,1,1e-12,5.72321,0,2.19675e-11,4.62725e-12
Hessenberg basic,907,0,0,1,1e-12,3.00654,0,1.98024e-11,3.93248e-12
Hessenberg basic,907,0,1,1,1e-12,5.08452,5.68434e-14,3.01585e-11,4.66445e-12
Hessenberg basic,908,0,0,1,1e-12,1.71276,0,2.6148e-11,3.91617e-12
Hessenberg basic,908,0,1,1,1e-12,5.24954,0,2.08701e-11,4.49306e-12
Hessenberg basic,909,0,0,1,1e-12,1.32355,0,2.09939e-11,3.65157e-12
Hessenberg basic,909,0,1,1,1e-12,8.16891,0,2.59836e-11,4.36784e-12
Hessenberg basic,910,0,0,1,1e-12,2.16973,0,2.36469e-11,3.62462e-12
Hessenberg basic,910,0,1,1,1e-12,5.29141,4.32206e-14,2.76163e-11,4.85221e-12
Hessenberg basic,911,0,0,1,1e-12,3.72033,0,3.5925e-11,3.86026e-12
Hessenberg basic,911,0,1,1,1e-12,6.10797,2.84217e-14,2.68648e-11,4.57969e-12
Hessenberg basic,912,0,0,1,1e-12,1.37337,0,1.97887e-11,4.04785e-12
Hessenberg basic,912,0,1,1,1e-12,5.68158,2.41611e-14,2.91812e-11,4.78992e-12
Hessenberg basic,913,0,0,1,1e-12,2.54464,0,2.251e-11,4.06861e-12
Hessenberg basic,913,0,1,1,1e-12,7.08729,5.1238e-14,2.37004e-11,4.64424e-12
Hessenberg basic,914,0,0,1,1e-12,3.29336,0,1.88618e-11,3.89368e-12
Hessenberg basic,914,0,1,1,1e-12,6.06414,2.00972e-14,3.29339e-11,4.67408e-12
Hessenberg basic,915,0,0,1,1e-12,2.00804,0,1.68946e-11,3.77992e-12
Hessenberg basic,915,0,1,1,1e-12,6.67836,1.24345e-14,3.00136e-11,4.37271e-12
Hessenberg basic,916,0,0,1,1e-12,1.78436,0,1.67587e-11,3.59665e-12
Hessenberg basic,916,0,1,1,1e-12,5.59422,5.68434e-14,2.67664e-11,4.81033e-12
Hessenberg basic,917,0,0,1,1e-12,1.38475,0,2.00435e-11,4.23952e-12
Hessenberg basic,917,0,1,1,1e-12,6.99865,6.86373e-14,2.80666e-11,4.58925e-12
Hessenberg basic,918,0,0,1,1e-12,2.09922,0,1.8872e-11,3.51613e-12
Hessenberg basic,918,0,1,1,1e-12,5.55888,1.42109e-14,2.60839e-11,4.67753e-12
Hessenberg basic,919,0,0,1,1e-12,2.66148,0,3.50155e-11,3.81095e-12
Hessenberg basic,919,0,1,1,1e-12,6.61927,2.84217e-14,2.42214e-11,4.6785e-12
Hessenberg basic,920,0,0,1,1e-12,1.03005,0,3.9563e-11,4.32252e-12
Hessenberg basic,920,0,1,1,1e-12,4.94404,5.66488e-14,2.80417e-11,4.78292e-12
Hessenberg basic,921,0,0,1,1e-12,3.11678,0,2.56932e-11,3.91795e-12
Hessenberg basic,921,0,1,1,1e-12,6.93668,6.11232e-14,2.65405e-11,4.5708e-12
Hessenberg basic,922,0,0,1,1e-12,1.63488,0,3.63798e-11,3.71536e-12
Hessenberg basic,922,0,1,1,1e-12,6.44724,4.26326e-14,2.39127e-11,4.68655e-12
Hessenberg basic,923,0,0,1,1e-12,2.97557,0,3.86535e-11,3.78014e-12
Hessenberg basic,923,0,1,1,1e-12,7.13521,3.17764e-14,2.51482e-11,4.85304e-12
Hessenberg basic,924,0,0,1,1e-12,2.44818,0,2.37135e-11,3.6853e-12
Hessenberg basic,924,0,1,1,1e-12,6.04602,2.13163e-14,2.06422e-11,4.63359e-12
Hessenberg basic,925,0,0,1,1e-12,1.98753,0,3.36513e-11,3.62768e-12
Hessenberg basic,925,0,1,1,1e-12,6.92483,5.85929e-14,3.81124e-11,4.63474e-12
Hessenberg basic,926,0,0,1,1e-12,2.98143,0,3.06954e-11,3.91293e-12
Hessenberg basic,926,0,1,1,1e-12,6.46222,4.29643e-14,2.69589e-11,4.55935e-12
Hessenberg basic,927,0,0,1,1e-12,1.43548,0,2.31921e-11,3.77603e-12
Hessenberg basic,927,0,1,1,1e-12,7.03652,2.84217e-14,2.60353e-11,4.61881e-12
Hessenberg basic,928,0,0,1,1e-12,2.79029,0,4.09273e-11,3.81284e-12
Hessenberg basic,928,0,1,1,1e-12,6.78645,3.55271e-14,2.12639e-11,4.40789e-12
Hessenberg basic,929,0,0,1,1e-12,1.70896,0,2.45564e-11,3.7706e-12
Hessenberg basic,929,0,1,1,1e-12,6.79757,0,2.29098e-11,4.5993e-12
Hessenberg basic,930,0,0,1,1e-12,3.1221,0,2.70575e-11,4.09644e-12
Hessenberg basic,930,0,1,1,1e-12,6.97728,0,2.28012e-11,4.70204e-12
Hessenberg basic,931,0,0,1,1e-12,1.43996,0,3.06954e-11,3.86079e-12
Hessenberg basic,931,0,1,1,1e-12,8.05778,4.48068e-14,2.63609e-11,4.67222e-12
Hessenberg basic,932,0,0,1,1e-12,2.64907,0,2.27374e-11,3.63388e-12
Hessenberg basic,932,0,1,1,1e-12,5.78179,2.00972e-14,2.81732e-11,4.5219e-12
Hessenberg basic,933,0,0,1,1e-12,1.85822,0,2.22826e-11,4.56788e-12
Hessenberg basic,933,0,1,1,1e-12,7.36507,2.84217e-14,2.56318e-11,4.77282e-12
Hessenberg basic,934,0,0,1,1e-12,3.12801,0,2.72848e-11,3.92814e-12
Hessenberg basic,934,0,1,1,1e-12,6.95286,2.84217e-14,2.0179e-11,4.66739e-12
Hessenberg basic,935,0,0,1,1e-12,1.53668,0,2.34195e-11,3.57343e-12
Hessenberg basic,935,0,1,1,1e-12,7.64132,4.01944e-14,2.2859e-11,4.63811e-12
Hessenberg basic,936,0,0,1,1e-12,2.52771,0,1.98835e-11,4.01759e-12
Hessenberg basic,936,0,1,1,1e-12,6.38455,2.84217e-14,2.46368e-11,4.74668e-12
Hessenberg basic,937,0,0,1,1e-12,1.91876,0,2.75122e-11,3.6683e-12
Hessenberg basic,937,0,1,1,1e-12,6.42463,2.84217e-14,3.03559e-11,4.95114e-12
Hessenberg basic,938,0,0,1,1e-12,3.35387,0,2.41016e-11,3.57989e-12
Hessenberg basic,938,0,1,1,1e-12,7.20842,0,2.77601e-11,4.71682e-12
Hessenberg basic,939,0,0,1,1e-12,1.58452,0,2.22826e-11,3.58494e-12
Hessenberg basic,939,0,1,1,1e-12,7.74345,8.03887e-14,2.2977e-11,4.84847e-12
Hessenberg basic,940,0,0,1,1e-12,3.0598,0,2.36469e-11,3.9586e-12
Hessenberg basic,940,0,1,1,1e-12,6.4839,5.72858e-14,2.0102e-11,4.54761e-12
Hessenberg basic,941,0,0,1,1e-12,1.98347,0,2.39823e-11,3.86069e-12
Hessenberg basic,941,0,1,1,1e-12,6.33513,4.83221e-14,2.58789e-11,4.67755e-12
Hessenberg basic,942,0,0,1,1e-12,3.19799,0,2.45564e-11,3.56982e-12
Hessenberg basic,942,0,1,1,1e-12,7.17684,1.74951e-14,2.6341e-11,4.77838e-12
Hessenberg basic,943,0,0,1,1e-12,1.83651,0,2.95586e-11,3.89948e-12
Hessenberg basic,943,0,1,1,1e-12,7.32034,4.77969e-14,2.70604e-11,4.82137e-12
Hessenberg basic,944,0,0,1,1e-12,2.42495,0,2.4329e-11,3.61639e-12
Hessenberg basic,944,0,1,1,1e-12,6.95502,7.24614e-14,2.69313e-11,4.8034e-12
Hessenberg basic,945,0,0,1,1e-12,2.85514,0,2.17033e-11,3.53644e-12
Hessenberg basic,945,0,1,1,1e-12,6.71898,3.17764e-14,2.53896e-11,4.69516e-12
Hessenberg basic,946,0,0,1,1e-12,2.45659,0,2.31574e-11,4.10789e-12
Hessenberg basic,946,0,1,1,1e-12,7.34165,7.10543e-15,2.43045e-11,4.743e-12
Hessenberg basic,947,0,0,1,1e-12,2.53029,0,3.20597e-11,4.36307e-12
Hessenberg basic,947,0,1,1,1e-12,7.42528,5.72858e-14,3.10781e-11,4.77408e-12
Hessenberg basic,948,0,0,1,1e-12,2.37352,0,2.18279e-11,3.57052e-12
Hessenberg basic,948,0,1,1,1e-12,7.04275,5.68434e-14,2.93473e-11,4.94031e-12
Hessenberg basic,949,0,0,1,1e-12,2.84231,0,2.68301e-11,3.8955e-12
Hessenberg basic,949,0,1,1,1e-12,6.86156,7.8482e-14,2.41541e-11,4.72146e-12
Hessenberg basic,950,0,0,1,1e-12,2.14797,0,2.09184e-11,3.75968e-12
Hessenberg basic,950,0,1,1,1e-12,7.36363,2.84217e-14,2.5632e-11,4.7603e-12
Hessenberg basic,951,0,0,1,1e-12,3.12728,0,2.93312e-11,3.74678e-12
Hessenberg basic,951,0,1,1,1e-12,6.90342,3.05616e-14,2.44889e-11,4.80364e-12
Hessenberg basic,952,0,0,1,1e-12,1.41116,0,2.91038e-11,4.00401e-12
Hessenberg basic,952,0,1,1,1e-12,5.35334,4.84851e-14,2.83352e-11,4.51703e-12
Hessenberg basic,953,0,0,1,1e-12,4.73976,0,2.52385e-11,3.79358e-12
Hessenberg basic,953,0,1,1,1e-12,7.63157,8.35643e-14,2.41851e-11,4.662e-12
Hessenberg basic,954,0,0,1,1e-12,2.13236,0,1.91848e-11,3.91125e-12
Hessenberg basic,954,0,1,1,1e-12,7.68205,4.55316e-14,2.48087e-11,4.7494e-12
Hessenberg basic,955,0,0,1,1e-12,3.56422,0,2.251e-11,4.34637e-12
Hessenberg basic,955,0,1,1,1e-12,7.35688,0,2.23339e-11,4.42506e-12
Hessenberg basic,956,0,0,1,1e-12,1.54329,0,5.13865e-11,3.71204e-12
Hessenberg basic,956,0,1,1,1e-12,5.55676,6.67494e-14,2.75654e-11,4.78306e-12
Hessenberg basic,957,0,0,1,1e-12,4.80802,0,2.26328e-11,3.54285e-12
Hessenberg basic,957,0,1,1,1e-12,7.79558,5.68434e-14,3.2417e-11,4.85019e-12
Hessenberg basic,958,0,0,1,1e-12,2.17322,0,2.7967e-11,3.68219e-12
Hessenberg basic,958,0,1,1,1e-12,7.82117,2.86429e-14,2.38385e-11,4.821e-12
Hessenberg basic,959,0,0,1,1e-12,3.7269,0,3.13776e-11,3.42792e-12
Hessenberg basic,959,0,1,1,1e-12,7.76543,5.27626e-14,2.8725e-11,4.7919e-12
Hessenberg basic,960,0,0,1,1e-12,2.63324,0,1.90994e-11,3.98289e-12
Hessenberg basic,960,0,1,1,1e-12,8.55811,0,2.57405e-11,4.66447e-12
Hessenberg basic,961,0,0,1,1e-12,3.06665,0,2.88765e-11,3.8994e-12
Hessenberg basic,961,0,1,1,1e-12,6.7438,1.42109e-14,3.42877e-11,4.97161e-12
Hessenberg basic,962,0,0,1,1e-12,2.38049,0,2.251e-11,3.61627e-12
Hessenberg basic,962,0,1,1,1e-12,7.99805,4.26326e-14,2.78595e-11,4.79704e-12
Hessenberg basic,963,0,0,1,1e-12,3.40627,0,2.66027e-11,4.20519e-12
Hessenberg basic,963,0,1,1,1e-12,8.29321,5.59864e-14,3.14014e-11,4.81289e-12
Hessenberg basic,964,0,0,1,1e-12,2.22702,0,4.11546e-11,4.11972e-12
Hessenberg basic,964,0,1,1,1e-12,7.95861,4.83221e-14,2.77629e-11,4.58182e-12
Hessenberg basic,965,0,0,1,1e-12,3.3346,0,2.81943e-11,3.98325e-12
Hessenberg basic,965,0,1,1,1e-12,7.49685,5.61733e-14,2.41702e-11,4.72322e-12
Hessenberg basic,966,0,0,1,1e-12,2.29175,0,2.44784e-11,3.66201e-12
Hessenberg basic,966,0,1,1,1e-12,8.1566,7.10543e-14,3.17453e-11,4.65648e-12
Hessenberg basic,967,0,0,1,1e-12,3.63306,0,2.07409e-11,3.85416e-12
Hessenberg basic,967,0,1,1,1e-12,7.7037,0,2.56086e-11,4.95573e-12
Hessenberg basic,968,0,0,1,1e-12,1.4742,0,3.50155e-11,3.57854e-12
Hessenberg basic,968,0,1,1,1e-12,5.77846,4.32206e-14,2.6041e-11,5.02835e-12
Hessenberg basic,969,0,0,1,1e-12,5.35088,0,2.13731e-11,3.78426e-12
Hessenberg basic,969,0,1,1,1e-12,8.40006,4.01944e-14,2.24836e-11,4.85302e-12
Hessenberg basic,970,0,0,1,1e-12,2.22816,0,1.75078e-11,3.65941e-12
Hessenberg basic,970,0,1,1,1e-12,7.87125,1.42109e-14,3.18544e-11,4.90196e-12
Hessenberg basic,971,0,0,1,1e-12,4.15513,0,2.38742e-11,3.78036e-12
Hessenberg basic,971,0,1,1,1e-12,7.78746,4.10104e-14,2.64233e-11,4.7767e-12
Hessenberg basic,972,0,0,1,1e-12,1.56824,0,2.27374e-11,3.59038e-12
Hessenberg basic,972,0,1,1,1e-12,4.88267,7.64659e-14,2.45309e-11,4.68206e-12
Hessenberg basic,973,0,0,1,1e-12,4.23167,0,2.31921e-11,3.60996e-12
Hessenberg basic,973,0,1,1,1e-12,8.55432,3.17764e-14,3.23568e-11,4.86212e-12
Hessenberg basic,974,0,0,1,1e-12,1.88019,0,2.30784e-11,3.92161e-12
Hessenberg basic,974,0,1,1,1e-12,5.68128,0,2.81386e-11,5.06771e-12
Hessenberg basic,975,0,0,1,1e-12,4.87275,0,2.68301e-11,3.74894e-12
Hessenberg basic,975,0,1,1,1e-12,8.26937,2.84217e-14,2.77731e-11,4.86003e-12
Hessenberg basic,976,0,0,1,1e-12,1.5122,0,1.90994e-11,3.83391e-12
Hessenberg basic,976,0,1,1,1e-12,6.01343,4.84851e-14,2.90914e-11,4.84973e-12
Hessenberg basic,977,0,0,1,1e-12,1.88838,0,3.18323e-11,3.6544e-12
Hessenberg basic,977,0,1,1,1e-12,8.4485,1.91319e-14,2.45919e-11,4.78174e-12
Hessenberg basic,978,0,0,1,1e-12,3.97598,0,3.81988e-11,3.80849e-12
Hessenberg basic,978,0,1,1,1e-12,8.21492,5.54952e-14,2.82026e-11,4.92641e-12
Hessenberg basic,979,0,0,1,1e-12,2.24524,0,2.27374e-11,3.64727e-12
Hessenberg basic,979,0,1,1,1e-12,6.46681,2.84217e-14,4.11998e-11,5.03833e-12
Hessenberg basic,980,0,0,1,1e-12,2.38246,0,1.77351e-11,3.70896e-12
Hessenberg basic,980,0,1,1,1e-12,7.53559,1.42109e-14,2.82648e-11,4.84507e-12
Hessenberg basic,981,0,0,1,1e-12,3.3512,0,1.97815e-11,3.59815e-12
Hessenberg basic,981,0,1,1,1e-12,7.84257,2.84217e-14,2.6864e-11,4.74666e-12
Hessenberg basic,982,0,0,1,1e-12,2.34737,0,2.04636e-11,3.3737e-12
Hessenberg basic,982,0,1,1,1e-12,7.28902,5.08671e-14,2.48278e-11,4.71722e-12
Hessenberg basic,983,0,0,1,1e-12,2.44274,0,3.61524e-11,3.55145e-12
Hessenberg basic,983,0,1,1,1e-12,7.85045,2.84217e-14,3.39363e-11,4.9776e-12
Hessenberg basic,984,0,0,1,1e-12,2.64901,0,2.0691e-11,3.62663e-12
Hessenberg basic,984,0,1,1,1e-12,6.36089,0,2.38753e-11,4.78396e-12
Hessenberg basic,985,0,0,1,1e-12,3.79023,0,2.56932e-11,3.68019e-12
Hessenberg basic,985,0,1,1,1e-12,9.293,2.93099e-14,2.5411e-11,4.63639e-12
Hessenberg basic,986,0,0,1,1e-12,2.22537,0,2.251e-11,3.76478e-12
Hessenberg basic,986,0,1,1,1e-12,7.63811,2.00972e-14,2.53896e-11,4.84775e-12
Hessenberg basic,987,0,0,1,1e-12,3.4794,0,2.9786e-11,3.78313e-12
Hessenberg basic,987,0,1,1,1e-12,10.5557,3.69636e-14,2.96353e-11,4.82641e-12
Hessenberg basic,988,0,0,1,1e-12,1.99669,0,3.41061e-11,3.64308e-12
Hessenberg basic,988,0,1,1,1e-12,6.32583,4.32206e-14,2.3189e-11,4.65735e-12
Hessenberg basic,989,0,0,1,1e-12,3.04113,0,3.54703e-11,3.54281e-12
Hessenberg basic,989,0,1,1,1e-12,8.91271,5.85929e-14,2.55462e-11,4.82349e-12
Hessenberg basic,990,0,0,1,1e-12,1.96688,0,2.59206e-11,3.84865e-12
Hessenberg basic,990,0,1,1,1e-12,7.17174,3.55271e-14,2.23061e-11,4.52756e-12
Hessenberg basic,991,0,0,1,1e-12,1.9253,0,2.63753e-11,3.90036e-12
Hessenberg basic,991,0,1,1,1e-12,7.65388,2.84217e-14,2.49511e-11,4.90381e-12
Hessenberg basic,992,0,0,1,1e-12,3.24134,0,2.13308e-11,3.70974e-12
Hessenberg basic,992,0,1,1,1e-12,7.97873,2.84217e-14,2.6041e-11,4.5103e-12
Hessenberg basic,993,0,0,1,1e-12,3.32017,0,2.47837e-11,3.55674e-12
Hessenberg basic,993,0,1,1,1e-12,8.34271,4.32206e-14,3.00176e-11,4.89703e-12
Hessenberg basic,994,0,0,1,1e-12,1.99071,0,2.18279e-11,3.68672e-12
Hessenberg basic,994,0,1,1,1e-12,7.54359,3.35162e-14,2.92288e-11,5.21553e-12
Hessenberg basic,995,0,0,1,1e-12,2.36646,0,2.42492e-11,3.71303e-12
Hessenberg basic,995,0,1,1,1e-12,7.89063,2.84217e-14,2.09259e-11,4.50296e-12
Hessenberg basic,996,0,0,1,1e-12,1.66083,0,2.88765e-11,3.60393e-12
Hessenberg basic,996,0,1,1,1e-12,6.92966,4.01944e-14,2.97925e-11,4.64126e-12
Hessenberg basic,997,0,0,1,1e-12,3.11708,0,1.75609e-11,3.50007e-12
Hessenberg basic,997,0,1,1,1e-12,8.51019,3.55271e-14,2.35208e-11,4.57268e-12
Hessenberg basic,998,0,0,1,1e-12,1.89049,0,2.63753e-11,3.79026e-12
Hessenberg basic,998,0,1,1,1e-12,8.21343,4.08562e-14,3.52253e-11,4.96498e-12
Hessenberg basic,999,0,0,1,1e-12,2.64894,0,2.34195e-11,3.29754e-12
Hessenberg basic,999,0,1,1,1e-12,8.27947,0,2.45742e-11,4.90185e-12
Hessenberg basic,1000,0,0,1,1e-12,1.59105,0,1.86446e-11,3.98693e-12
Hessenberg basic,1000,0,1,1,1e-12,6.95424,4.54969e-14,2.55672e-11,4.9547e-12
