version, size, hermitian, complex, seed, tol, runtime in s,min_error, max_error, avg_error
Hessenberg basic,900,0,0,9,1e-12,1.22724,0,2.31921e-11,3.44196e-12
Hessenberg basic,900,0,1,9,1e-12,2.61787,0,2.70779e-11,4.78536e-12
Hessenberg basic,901,0,0,9,1e-12,1.2297,0,4.41105e-11,3.5261e-12
Hessenberg basic,901,0,1,9,1e-12,3.44955,5.68434e-14,2.61674e-11,4.77903e-12
Hessenberg basic,902,0,0,9,1e-12,1.35484,0,2.6148e-11,3.53911e-12
Hessenberg basic,902,0,1,9,1e-12,4.00637,5.68434e-14,2.56949e-11,4.68741e-12
Hessenberg basic,903,0,0,9,1e-12,0.994152,0,2.75122e-11,3.7878e-12
Hessenberg basic,903,0,1,9,1e-12,4.77818,1.42109e-14,3.64283e-11,5.04029e-12
Hessenberg basic,904,0,0,9,1e-12,0.816618,0,2.48753e-11,3.70816e-12
Hessenberg basic,904,0,1,9,1e-12,3.06567,1.42109e-14,2.40231e-11,4.75468e-12
Hessenberg basic,905,0,0,9,1e-12,1.1261,0,2.34195e-11,3.73624e-12
Hessenberg basic,905,0,1,9,1e-12,4.16345,3.03544e-14,2.28508e-11,4.66484e-12
Hessenberg basic,906,0,0,9,1e-12,0.836233,0,2.13731e-11,3.69015e-12
Hessenberg basic,906,0,1,9,1e-12,3.60718,3.49902e-14,3.03612e-11,4.76972e-12
Hessenberg basic,907,0,0,9,1e-12,0.868372,0,2.76556e-11,4.07964e-12
Hessenberg basic,907,0,1,9,1e-12,3.8197,5.68434e-14,2.30246e-11,4.70272e-12
Hessenberg basic,908,0,0,9,1e-12,0.787082,0,2.13731e-11,3.79973e-12
Hessenberg basic,908,0,1,9,1e-12,2.5919,2.86429e-14,2.63165e-11,5.048e-12
Hessenberg basic,909,0,0,9,1e-12,0.879793,0,2.52385e-11,4.13662e-12
Hessenberg basic,909,0,1,9,1e-12,3.23009,7.10543e-14,2.11983e-11,4.59972e-12
Hessenberg basic,910,0,0,9,1e-12,0.932764,0,3.50155e-11,3.65649e-12
Hessenberg basic,910,0,1,9,1e-12,2.88428,5.72858e-14,2.59228e-11,4.78773e-12
Hessenberg basic,911,0,0,9,1e-12,0.835856,0,1.94866e-11,3.95606e-12
Hessenberg basic,911,0,1,9,1e-12,2.68233,2.84217e-14,2.13323e-11,4.60341e-12
Hessenberg basic,912,0,0,9,1e-12,0.79176,0,3.45608e-11,3.83396e-12
Hessenberg basic,912,0,1,9,1e-12,2.63185,3.55271e-14,2.46834e-11,4.36141e-12
Hessenberg basic,913,0,0,9,1e-12,0.884481,0,2.16005e-11,3.49279e-12
Hessenberg basic,913,0,1,9,1e-12,3.26727,1.42109e-14,2.47503e-11,4.77771e-12
Hessenberg basic,914,0,0,9,1e-12,0.846499,0,2.20552e-11,3.44562e-12
Hessenberg basic,914,0,1,9,1e-12,2.84357,2.84217e-14,2.31921e-11,4.79581e-12
Hessenberg basic,915,0,0,9,1e-12,0.900592,0,4.38831e-11,4.07711e-12
Hessenberg basic,915,0,1,9,1e-12,3.1959,2.84217e-14,3.8651e-11,4.76213e-12
Hessenberg basic,916,0,0,9,1e-12,0.812017,0,2.51936e-11,3.90509e-12
Hessenberg basic,916,0,1,9,1e-12,2.69976,2.5619e-14,2.74507e-11,4.82859e-12
Hessenberg basic,917,0,0,9,1e-12,0.895867,0,2.80993e-11,3.8113e-12
Hessenberg basic,917,0,1,9,1e-12,2.77634,5.68434e-14,2.54739e-11,4.55508e-12
Hessenberg basic,918,0,0,9,1e-12,0.872987,0,3.09228e-11,3.97955e-12
Hessenberg basic,918,0,1,9,1e-12,2.84872,6.39488e-14,2.64233e-11,4.6574e-12
Hessenberg basic,919,0,0,9,1e-12,0.916712,0,2.54659e-11,3.64767e-12
Hessenberg basic,919,0,1,9,1e-12,3.50633,1.42109e-14,2.20085e-11,4.93934e-12
Hessenberg basic,920,0,0,9,1e-12,0.779665,0,2.36469e-11,3.73801e-12
Hessenberg basic,920,0,1,9,1e-12,2.65948,5.68434e-14,2.40708e-11,4.94249e-12
Hessenberg basic,921,0,0,9,1e-12,0.91993,0,2.42214e-11,3.63652e-12
Hessenberg basic,921,0,1,9,1e-12,3.51536,6.35529e-14,2.37918e-11,4.88796e-12
Hessenberg basic,922,0,0,9,1e-12,0.861892,0,2.59206e-11,4.03247e-12
Hessenberg basic,922,0,1,9,1e-12,2.91476,2.84217e-14,2.57926e-11,4.87436e-12
Hessenberg basic,923,0,0,9,1e-12,0.914153,0,2.13731e-11,3.79955e-12
Hessenberg basic,923,0,1,9,1e-12,3.52152,0,2.76247e-11,4.94414e-12
Hessenberg basic,924,0,0,9,1e-12,0.841758,0,2.0258e-11,3.72208e-12
Hessenberg basic,924,0,1,9,1e-12,2.745,0,2.63754e-11,4.65355e-12
Hessenberg basic,925,0,0,9,1e-12,0.944299,0,2.59206e-11,3.43392e-12
Hessenberg basic,925,0,1,9,1e-12,3.65523,2.54937e-14,2.60777e-11,4.74392e-12
Hessenberg basic,926,0,0,9,1e-12,0.901486,0,2.04636e-11,4.30001e-12
Hessenberg basic,926,0,1,9,1e-12,2.97629,2.84217e-14,2.59909e-11,4.71113e-12
Hessenberg basic,927,0,0,9,1e-12,0.954132,0,2.6148e-11,3.93667e-12
Hessenberg basic,927,0,1,9,1e-12,3.47064,4.49387e-14,2.23161e-11,4.6609e-12
Hessenberg basic,928,0,0,9,1e-12,0.878845,0,2.16005e-11,3.59291e-12
Hessenberg basic,928,0,1,9,1e-12,3.53732,3.17764e-14,3.13153e-11,4.91541e-12
Hessenberg basic,929,0,0,9,1e-12,0.968665,0,2.74737e-11,4.05331e-12
Hessenberg basic,929,0,1,9,1e-12,3.713,0,2.38947e-11,4.76847e-12
Hessenberg basic,930,0,0,9,1e-12,0.926348,0,1.8872e-11,3.63364e-12
Hessenberg basic,930,0,1,9,1e-12,3.01872,2.00972e-14,1.84271e-11,4.38808e-12
Hessenberg basic,931,0,0,9,1e-12,0.945497,0,2.9786e-11,3.72684e-12
Hessenberg basic,931,0,1,9,1e-12,3.77836,1.0491e-13,2.9563e-11,4.65811e-12
Hessenberg basic,932,0,0,9,1e-12,0.881164,0,2.37885e-11,4.25785e-12
Hessenberg basic,932,0,1,9,1e-12,2.7996,8.43769e-15,2.12537e-11,4.87358e-12
Hessenberg basic,933,0,0,9,1e-12,1.00235,0,2.41016e-11,3.51041e-12
Hessenberg basic,933,0,1,9,1e-12,3.73514,2.92964e-14,2.34757e-11,4.67199e-12
Hessenberg basic,934,0,0,9,1e-12,0.971256,0,2.04636e-11,3.57663e-12
Hessenberg basic,934,0,1,9,1e-12,3.06522,2.84217e-14,2.50245e-11,4.57978e-12
Hessenberg basic,935,0,0,9,1e-12,0.997258,0,2.7751e-11,3.78303e-12
Hessenberg basic,935,0,1,9,1e-12,3.7579,3.82639e-14,2.41019e-11,4.55966e-12
Hessenberg basic,936,0,0,9,1e-12,0.863809,0,2.10661e-11,3.83191e-12
Hessenberg basic,936,0,1,9,1e-12,2.88129,4.01944e-14,2.85227e-11,4.45009e-12
Hessenberg basic,937,0,0,9,1e-12,0.960313,0,2.02363e-11,3.48131e-12
Hessenberg basic,937,0,1,9,1e-12,3.82504,4.54969e-14,2.24065e-11,4.49167e-12
Hessenberg basic,938,0,0,9,1e-12,0.930656,0,2.59206e-11,3.768e-12
Hessenberg basic,938,0,1,9,1e-12,3.02204,0,2.10625e-11,4.66687e-12
Hessenberg basic,939,0,0,9,1e-12,0.982149,0,2.34195e-11,3.56169e-12
Hessenberg basic,939,0,1,9,1e-12,3.56473,8.03887e-14,2.36698e-11,4.69795e-12
Hessenberg basic,940,0,0,9,1e-12,0.910418,0,2.2879e-11,4.13792e-12
Hessenberg basic,940,0,1,9,1e-12,2.88298,2.00972e-14,2.81475e-11,4.96725e-12
Hessenberg basic,941,0,0,9,1e-12,1.02083,0,2.77396e-11,3.90686e-12
Hessenberg basic,941,0,1,9,1e-12,3.7894,0,2.38255e-11,5.00021e-12
Hessenberg basic,942,0,0,9,1e-12,0.97671,0,2.08221e-11,3.59201e-12
Hessenberg basic,942,0,1,9,1e-12,3.1517,2.84356e-14,2.01377e-11,4.84633e-12
Hessenberg basic,943,0,0,9,1e-12,1.03199,0,2.09184e-11,3.6731e-12
Hessenberg basic,943,0,1,9,1e-12,3.89436,3.55271e-14,3.43063e-11,4.82737e-12
Hessenberg basic,944,0,0,9,1e-12,0.926089,0,3.22871e-11,3.609e-12
Hessenberg basic,944,0,1,9,1e-12,3.03841,5.68434e-14,2.40898e-11,4.70134e-12
Hessenberg basic,945,0,0,9,1e-12,1.09647,0,2.81943e-11,3.9535e-12
Hessenberg basic,945,0,1,9,1e-12,3.96092,8.49732e-14,1.97792e-11,4.95404e-12
Hessenberg basic,946,0,0,9,1e-12,1.01137,0,2.6148e-11,3.91639e-12
Hessenberg basic,946,0,1,9,1e-12,3.18377,5.68434e-14,2.47036e-11,4.75417e-12
Hessenberg basic,947,0,0,9,1e-12,1.06104,0,3.11502e-11,3.79269e-12
Hessenberg basic,947,0,1,9,1e-12,3.59557,1.42109e-14,2.30541e-11,5.12261e-12
Hessenberg basic,948,0,0,9,1e-12,0.942175,0,2.81943e-11,3.67364e-12
Hessenberg basic,948,0,1,9,1e-12,3.06981,2.84217e-14,2.32021e-11,4.55663e-12
Hessenberg basic,949,0,0,9,1e-12,1.07139,0,2.68301e-11,3.80847e-12
Hessenberg basic,949,0,1,9,1e-12,3.94122,4.54969e-14,2.95838e-11,5.03508e-12
Hessenberg basic,950,0,0,9,1e-12,0.991894,0,1.90995e-11,3.73006e-12
Hessenberg basic,950,0,1,9,1e-12,3.25444,4.68972e-14,2.31556e-11,4.65625e-12
Hessenberg basic,951,0,0,9,1e-12,1.05217,0,2.18279e-11,3.75168e-12
Hessenberg basic,951,0,1,9,1e-12,3.92309,4.40436e-14,2.5411e-11,4.65698e-12
Hessenberg basic,952,0,0,9,1e-12,0.902351,0,2.59206e-11,3.86481e-12
Hessenberg basic,952,0,1,9,1e-12,3.1054,2.00972e-14,3.49093e-11,4.58716e-12
Hessenberg basic,953,0,0,9,1e-12,1.10586,0,2.52385e-11,3.67038e-12
Hessenberg basic,953,0,1,9,1e-12,3.95429,4.01944e-14,3.48974e-11,4.78843e-12
Hessenberg basic,954,0,0,9,1e-12,1.0571,0,2.22826e-11,3.59846e-12
Hessenberg basic,954,0,1,9,1e-12,3.29145,1.42109e-14,2.78261e-11,5.08091e-12
Hessenberg basic,955,0,0,9,1e-12,1.11564,0,2.20552e-11,3.71659e-12
Hessenberg basic,955,0,1,9,1e-12,4.1443,4.99245e-14,2.32289e-11,4.83466e-12
Hessenberg basic,956,0,0,9,1e-12,0.979521,0,2.7967e-11,3.66238e-12
Hessenberg basic,956,0,1,9,1e-12,3.22723,3.68594e-14,2.65244e-11,4.87089e-12
Hessenberg basic,957,0,0,9,1e-12,1.15286,0,1.79625e-11,4.01234e-12
Hessenberg basic,957,0,1,9,1e-12,4.19103,7.11929e-14,2.94291e-11,4.75399e-12
Hessenberg basic,958,0,0,9,1e-12,1.06799,0,2.52385e-11,3.79591e-12
Hessenberg basic,958,0,1,9,1e-12,3.35311,8.88178e-15,2.89221e-11,5.14799e-12
Hessenberg basic,959,0,0,9,1e-12,1.12749,0,2.13777e-11,3.38446e-12
Hessenberg basic,959,0,1,9,1e-12,4.14131,2.86429e-14,2.30056e-11,4.74051e-12
Hessenberg basic,960,0,0,9,1e-12,1.3757,0,2.31921e-11,3.66023e-12
Hessenberg basic,960,0,1,9,1e-12,4.03028,0,2.22838e-11,4.82565e-12
Hessenberg basic,961,0,0,9,1e-12,1.19247,0,2.16005e-11,3.53506e-12
Hessenberg basic,961,0,1,9,1e-12,4.17293,4.49387e-14,2.30994e-11,4.59125e-12
Hessenberg basic,962,0,0,9,1e-12,1.06441,0,2.04636e-11,3.63681e-12
Hessenberg basic,962,0,1,9,1e-12,3.38503,2.00972e-14,2.51618e-11,4.51361e-12
Hessenberg basic,963,0,0,9,1e-12,1.20084,0,2.29411e-11,4.05648e-12
Hessenberg basic,963,0,1,9,1e-12,4.34427,9.37943e-14,2.26708e-11,4.78753e-12
Hessenberg basic,964,0,0,9,1e-12,0.928767,0,2.16005e-11,3.48957e-12
Hessenberg basic,964,0,1,9,1e-12,2.87196,8.55607e-14,2.27374e-11,4.84028e-12
Hessenberg basic,965,0,0,9,1e-12,1.17359,0,2.27374e-11,3.67782e-12
Hessenberg basic,965,0,1,9,1e-12,4.00101,2.84217e-14,2.08349e-11,4.79888e-12
Hessenberg basic,966,0,0,9,1e-12,1.135,0,2.68301e-11,3.85641e-12
Hessenberg basic,966,0,1,9,1e-12,3.43453,3.26096e-14,2.59525e-11,4.71867e-12
Hessenberg basic,967,0,0,9,1e-12,1.13419,0,2.12938e-11,3.90202e-12
Hessenberg basic,967,0,1,9,1e-12,4.27149,0,2.23871e-11,4.72645e-12
Hessenberg basic,968,0,0,9,1e-12,0.966446,0,2.28365e-11,3.90052e-12
Hessenberg basic,968,0,1,9,1e-12,3.28043,5.7834e-14,2.56426e-11,4.76117e-12
Hessenberg basic,969,0,0,9,1e-12,1.19269,0,2.70575e-11,3.78799e-12
Hessenberg basic,969,0,1,9,1e-12,4.27635,1.5099e-14,2.8421e-11,4.68862e-12
Hessenberg basic,970,0,0,9,1e-12,1.14849,0,1.86057e-11,3.85654e-12
Hessenberg basic,970,0,1,9,1e-12,3.53155,2.84217e-14,2.25241e-11,4.59293e-12
Hessenberg basic,971,0,0,9,1e-12,1.22032,0,3.33159e-11,4.01187e-12
Hessenberg basic,971,0,1,9,1e-12,4.27451,2.84217e-14,2.80484e-11,4.82461e-12
Hessenberg basic,972,0,0,9,1e-12,1.05378,0,2.68301e-11,3.99681e-12
Hessenberg basic,972,0,1,9,1e-12,3.24553,6.35529e-14,2.2262e-11,4.69312e-12
Hessenberg basic,973,0,0,9,1e-12,1.21991,0,2.51412e-11,4.00052e-12
Hessenberg basic,973,0,1,9,1e-12,4.27667,5.68434e-14,2.758e-11,4.7165e-12
Hessenberg basic,974,0,0,9,1e-12,1.14251,0,2.13731e-11,3.70223e-12
Hessenberg basic,974,0,1,9,1e-12,3.56248,2.86429e-14,2.13985e-11,4.54795e-12
Hessenberg basic,975,0,0,9,1e-12,1.25808,0,2.71483e-11,3.80225e-12
Hessenberg basic,975,0,1,9,1e-12,4.3826,5.54952e-14,2.66445e-11,4.891e-12
Hessenberg basic,976,0,0,9,1e-12,1.06611,0,2.52984e-11,3.82449e-12
Hessenberg basic,976,0,1,9,1e-12,3.44903,2.24693e-14,2.68669e-11,4.8309e-12
Hessenberg basic,977,0,0,9,1e-12,1.23079,0,2.04636e-11,3.92889e-12
Hessenberg basic,977,0,1,9,1e-12,4.43183,7.10543e-15,2.07796e-11,4.64522e-12
Hessenberg basic,978,0,0,9,1e-12,1.17128,0,2.52385e-11,3.83083e-12
Hessenberg basic,978,0,1,9,1e-12,3.63753,5.68434e-14,2.29733e-11,4.7004e-12
Hessenberg basic,979,0,0,9,1e-12,1.2441,0,2.34719e-11,3.93048e-12
Hessenberg basic,979,0,1,9,1e-12,4.44692,2.00972e-14,2.31005e-11,4.7537e-12
Hessenberg basic,980,0,0,9,1e-12,1.09657,0,1.58807e-11,3.39802e-12
Hessenberg basic,980,0,1,9,1e-12,3.42757,2.84217e-14,2.16007e-11,4.65745e-12
Hessenberg basic,981,0,0,9,1e-12,1.23047,0,2.6148e-11,3.87308e-12
Hessenberg basic,981,0,1,9,1e-12,4.33029,1.42109e-14,2.26748e-11,4.7149e-12
Hessenberg basic,982,0,0,9,1e-12,1.16606,0,2.47837e-11,3.7206e-12
Hessenberg basic,982,0,1,9,1e-12,3.55554,9.09939e-14,2.81099e-11,4.59651e-12
Hessenberg basic,983,0,0,9,1e-12,1.31418,0,2.4329e-11,3.47614e-12
Hessenberg basic,983,0,1,9,1e-12,4.63475,0,2.26748e-11,4.44954e-12
Hessenberg basic,984,0,0,9,1e-12,1.03665,0,2.6148e-11,3.91294e-12
Hessenberg basic,984,0,1,9,1e-12,3.43172,7.10543e-14,2.21281e-11,4.78723e-12
Hessenberg basic,985,0,0,9,1e-12,1.27018,0,2.04636e-11,3.79874e-12
Hessenberg basic,985,0,1,9,1e-12,4.49329,3.55271e-14,2.32258e-11,4.51387e-12
Hessenberg basic,986,0,0,9,1e-12,1.22145,0,2.84217e-11,3.96423e-12
Hessenberg basic,986,0,1,9,1e-12,3.72514,9.76996e-15,2.4877e-11,4.56661e-12
Hessenberg basic,987,0,0,9,1e-12,1.27789,0,2.20552e-11,3.67863e-12
Hessenberg basic,987,0,1,9,1e-12,4.32437,5.41425e-14,2.28497e-11,4.64866e-12
Hessenberg basic,988,0,0,9,1e-12,1.14471,0,1.93268e-11,3.71503e-12
Hessenberg basic,988,0,1,9,1e-12,3.49985,5.1238e-14,3.88218e-11,4.86448e-12
Hessenberg basic,989,0,0,9,1e-12,1.32897,0,2.45564e-11,3.55214e-12
Hessenberg basic,989,0,1,9,1e-12,4.66575,2.24693e-14,2.33321e-11,4.89487e-12
Hessenberg basic,990,0,0,9,1e-12,1.24284,0,2.20552e-11,4.09249e-12
Hessenberg basic,990,0,1,9,1e-12,3.86364,7.65278e-14,2.37206e-11,4.6531e-12
Hessenberg basic,991,0,0,9,1e-12,1.3445,0,2.50111e-11,3.91783e-12
Hessenberg basic,991,0,1,9,1e-12,4.63267,0,2.64405e-11,4.47896e-12
Hessenberg basic,992,0,0,9,1e-12,1.16302,0,2.46593e-11,3.58236e-12
Hessenberg basic,992,0,1,9,1e-12,4.54923,6.35529e-14,3.22622e-11,4.81694e-12
Hessenberg basic,993,0,0,9,1e-12,1.12578,0,1.81913e-11,3.96431e-12
Hessenberg basic,993,0,1,9,1e-12,4.47534,3.49902e-14,2.33999e-11,4.6685e-12
Hessenberg basic,994,0,0,9,1e-12,1.17817,0,2.66968e-11,3.80461e-12
Hessenberg basic,994,0,1,9,1e-12,3.7821,1.42109e-14,2.20658e-11,4.71289e-12
Hessenberg basic,995,0,0,9,1e-12,1.31339,0,1.95541e-11,3.63938e-12
Hessenberg basic,995,0,1,9,1e-12,4.80093,4.32206e-14,2.68503e-11,4.73068e-12
Hessenberg basic,996,0,0,9,1e-12,1.17406,0,2.10321e-11,3.82343e-12
Hessenberg basic,996,0,1,9,1e-12,3.55509,6.35529e-14,2.79097e-11,4.68176e-12
Hessenberg basic,997,0,0,9,1e-12,1.30424,0,2.41016e-11,3.50712e-12
Hessenberg basic,997,0,1,9,1e-12,4.73136,4.01944e-14,2.29465e-11,4.66158e-12
Hessenberg basic,998,0,0,9,1e-12,1.26122,0,1.97815e-11,3.56676e-12
Hessenberg basic,998,0,1,9,1e-12,3.79817,2.84217e-14,2.23937e-11,4.53964e-12
Hessenberg basic,999,0,0,9,1e-12,1.31343,0,1.89963e-11,3.97887e-12
Hessenberg basic,999,0,1,9,1e-12,4.80614,1.42109e-14,2.2568e-11,4.56049e-12
Hessenberg basic,1000,0,0,9,1e-12,1.09266,0,1.81899e-11,3.4154e-12
Hessenberg basic,1000,0,1,9,1e-12,3.63739,2.84217e-14,2.14495e-11,4.5521e-12
