version, size, hermitian, complex, seed, tol, runtime in s,min_error, max_error, avg_error
Hessenberg basic,900,0,0,5,1e-12,1.40398,0,8.51514e-11,3.9445e-12
Hessenberg basic,900,0,1,5,1e-12,4.50517,5.72858e-14,2.45942e-11,4.59293e-12
Hessenberg basic,901,0,0,5,1e-12,1.42061,0,8.70841e-11,3.91368e-12
Hessenberg basic,901,0,1,5,1e-12,8.48618,4.9738e-14,2.5397e-11,4.46754e-12
Hessenberg basic,902,0,0,5,1e-12,2.62279,0,7.68523e-11,3.94769e-12
Hessenberg basic,902,0,1,5,1e-12,6.79571,4.9738e-14,2.58297e-11,4.62441e-12
Hessenberg basic,903,0,0,5,1e-12,1.19614,0,8.17408e-11,3.80329e-12
Hessenberg basic,903,0,1,5,1e-12,7.51601,1.42109e-14,2.08736e-11,4.40563e-12
Hessenberg basic,904,0,0,5,1e-12,1.50475,0,7.54881e-11,3.78955e-12
Hessenberg basic,904,0,1,5,1e-12,5.23708,3.55271e-14,1.97727e-11,4.76519e-12
Hessenberg basic,905,0,0,5,1e-12,1.63451,0,7.74207e-11,3.92102e-12
Hessenberg basic,905,0,1,5,1e-12,6.01717,2.13163e-14,2.28066e-11,4.85421e-12
Hessenberg basic,906,0,0,5,1e-12,1.56417,0,7.62839e-11,3.8478e-12
Hessenberg basic,906,0,1,5,1e-12,6.55359,7.10543e-15,2.42686e-11,4.80437e-12
Hessenberg basic,907,0,0,5,1e-12,1.20846,0,7.98082e-11,3.91922e-12
Hessenberg basic,907,0,1,5,1e-12,6.88324,5.72858e-14,2.12385e-11,4.66865e-12
Hessenberg basic,908,0,0,5,1e-12,2.29812,0,8.00355e-11,3.48708e-12
Hessenberg basic,908,0,1,5,1e-12,5.29043,1.42109e-14,2.29972e-11,4.51286e-12
Hessenberg basic,909,0,0,5,1e-12,2.11219,0,7.41238e-11,3.69962e-12
Hessenberg basic,909,0,1,5,1e-12,5.21326,5.1238e-14,2.31932e-11,4.78679e-12
Hessenberg basic,910,0,0,5,1e-12,1.22007,0,7.9126e-11,3.94587e-12
Hessenberg basic,910,0,1,5,1e-12,5.71084,5.68434e-14,2.37083e-11,4.57018e-12
Hessenberg basic,911,0,0,5,1e-12,3.88229,0,8.26503e-11,3.61326e-12
Hessenberg basic,911,0,1,5,1e-12,6.89494,6.35529e-14,3.20072e-11,4.8106e-12
Hessenberg basic,912,0,0,5,1e-12,1.6703,0,7.85576e-11,4.03211e-12
Hessenberg basic,912,0,1,5,1e-12,7.13974,1.42109e-14,3.00839e-11,4.5596e-12
Hessenberg basic,913,0,0,5,1e-12,2.94348,0,7.88987e-11,3.76563e-12
Hessenberg basic,913,0,1,5,1e-12,6.40001,5.41133e-14,2.67549e-11,4.65411e-12
Hessenberg basic,914,0,0,5,1e-12,2.42065,0,8.17408e-11,3.91252e-12
Hessenberg basic,914,0,1,5,1e-12,5.46358,5.82523e-14,2.49625e-11,4.44928e-12
Hessenberg basic,915,0,0,5,1e-12,3.05726,0,7.9126e-11,3.93582e-12
Hessenberg basic,915,0,1,5,1e-12,5.61238,2.00972e-14,2.20121e-11,4.43247e-12
Hessenberg basic,916,0,0,5,1e-12,1.32162,0,7.93534e-11,3.9365e-12
Hessenberg basic,916,0,1,5,1e-12,6.20327,1.42109e-14,2.91225e-11,4.68908e-12
Hessenberg basic,917,0,0,5,1e-12,1.90601,0,8.86757e-11,3.88013e-12
Hessenberg basic,917,0,1,5,1e-12,7.77832,4.01944e-14,2.27385e-11,4.76089e-12
Hessenberg basic,918,0,0,5,1e-12,1.30176,0,8.58336e-11,3.78947e-12
Hessenberg basic,918,0,1,5,1e-12,5.30204,1.58882e-14,2.27032e-11,4.41556e-12
Hessenberg basic,919,0,0,5,1e-12,3.75696,0,7.99218e-11,4.03344e-12
Hessenberg basic,919,0,1,5,1e-12,6.29756,4.01944e-14,2.33402e-11,4.63323e-12
Hessenberg basic,920,0,0,5,1e-12,1.25309,0,7.98082e-11,3.72835e-12
Hessenberg basic,920,0,1,5,1e-12,4.68835,5.72858e-14,2.53121e-11,4.75518e-12
Hessenberg basic,921,0,0,5,1e-12,1.62698,0,7.94671e-11,3.91632e-12
Hessenberg basic,921,0,1,5,1e-12,8.0374,4.93559e-14,2.36471e-11,4.66173e-12
Hessenberg basic,922,0,0,5,1e-12,2.1188,0,7.78755e-11,3.80214e-12
Hessenberg basic,922,0,1,5,1e-12,7.34287,5.68434e-14,2.48348e-11,5.06418e-12
Hessenberg basic,923,0,0,5,1e-12,2.4508,0,7.29869e-11,4.12823e-12
Hessenberg basic,923,0,1,5,1e-12,5.8797,1.42109e-14,3.19304e-11,4.90876e-12
Hessenberg basic,924,0,0,5,1e-12,1.62981,0,7.78755e-11,3.79308e-12
Hessenberg basic,924,0,1,5,1e-12,4.83834,5.68712e-14,2.55479e-11,4.62031e-12
Hessenberg basic,925,0,0,5,1e-12,3.01389,0,7.96945e-11,3.65386e-12
Hessenberg basic,925,0,1,5,1e-12,8.80578,2.66454e-14,3.44051e-11,4.76059e-12
Hessenberg basic,926,0,0,5,1e-12,2.47066,0,8.0604e-11,3.59693e-12
Hessenberg basic,926,0,1,5,1e-12,7.32977,5.48374e-14,2.59766e-11,4.75073e-12
Hessenberg basic,927,0,0,5,1e-12,1.39487,0,7.41238e-11,3.62143e-12
Hessenberg basic,927,0,1,5,1e-12,7.07926,3.35162e-14,2.51646e-11,4.75466e-12
Hessenberg basic,928,0,0,5,1e-12,2.20135,0,7.65112e-11,3.84702e-12
Hessenberg basic,928,0,1,5,1e-12,5.28843,3.03544e-14,2.84444e-11,4.76042e-12
Hessenberg basic,929,0,0,5,1e-12,3.52162,0,8.17408e-11,4.21588e-12
Hessenberg basic,929,0,1,5,1e-12,7.07802,9.69214e-14,2.75798e-11,4.78489e-12
Hessenberg basic,930,0,0,5,1e-12,1.39211,0,8.28777e-11,3.60961e-12
Hessenberg basic,930,0,1,5,1e-12,8.0229,5.54952e-14,2.62124e-11,4.72546e-12
Hessenberg basic,931,0,0,5,1e-12,3.15552,0,8.19682e-11,3.83974e-12
Hessenberg basic,931,0,1,5,1e-12,7.13676,4.49387e-14,3.22999e-11,4.72063e-12
Hessenberg basic,932,0,0,5,1e-12,1.78385,0,8.0604e-11,3.45048e-12
Hessenberg basic,932,0,1,5,1e-12,4.31347,4.49387e-14,2.47681e-11,4.94059e-12
Hessenberg basic,933,0,0,5,1e-12,3.89673,0,7.78755e-11,3.92682e-12
Hessenberg basic,933,0,1,5,1e-12,7.63761,5.68434e-14,2.81716e-11,4.77222e-12
Hessenberg basic,934,0,0,5,1e-12,1.80198,0,7.56017e-11,3.97467e-12
Hessenberg basic,934,0,1,5,1e-12,7.54199,4.49387e-14,2.28338e-11,4.69164e-12
Hessenberg basic,935,0,0,5,1e-12,3.51902,0,7.98082e-11,3.7046e-12
Hessenberg basic,935,0,1,5,1e-12,7.09417,4.32206e-14,2.28397e-11,4.43499e-12
Hessenberg basic,936,0,0,5,1e-12,1.22078,0,7.6966e-11,3.69904e-12
Hessenberg basic,936,0,1,5,1e-12,5.21369,1.33227e-15,3.07049e-11,4.76633e-12
Hessenberg basic,937,0,0,5,1e-12,1.61265,0,7.86713e-11,4.12416e-12
Hessenberg basic,937,0,1,5,1e-12,7.67418,2.66454e-14,2.52981e-11,4.70219e-12
Hessenberg basic,938,0,0,5,1e-12,2.29999,0,7.37828e-11,3.86414e-12
Hessenberg basic,938,0,1,5,1e-12,6.51621,2.00972e-14,2.07521e-11,4.79064e-12
Hessenberg basic,939,0,0,5,1e-12,3.42829,0,8.31051e-11,3.96772e-12
Hessenberg basic,939,0,1,5,1e-12,8.8327,0,2.59945e-11,4.79774e-12
Hessenberg basic,940,0,0,5,1e-12,1.51837,0,7.99218e-11,3.96686e-12
Hessenberg basic,940,0,1,5,1e-12,6.38095,3.01589e-14,2.17867e-11,4.80851e-12
Hessenberg basic,941,0,0,5,1e-12,2.94885,0,7.86713e-11,3.56861e-12
Hessenberg basic,941,0,1,5,1e-12,8.08085,3.17764e-14,3.18885e-11,4.63519e-12
Hessenberg basic,942,0,0,5,1e-12,1.77292,0,7.65112e-11,3.65273e-12
Hessenberg basic,942,0,1,5,1e-12,5.88487,1.58882e-14,2.5032e-11,4.52349e-12
Hessenberg basic,943,0,0,5,1e-12,2.88352,0,7.9126e-11,3.66607e-12
Hessenberg basic,943,0,1,5,1e-12,9.55313,0,2.58147e-11,4.70748e-12
Hessenberg basic,944,0,0,5,1e-12,1.6846,0,7.68523e-11,3.55231e-12
Hessenberg basic,944,0,1,5,1e-12,6.82013,0,2.3189e-11,4.50142e-12
Hessenberg basic,945,0,0,5,1e-12,2.21836,0,7.9126e-11,3.51072e-12
Hessenberg basic,945,0,1,5,1e-12,7.03682,0,2.58949e-11,4.57309e-12
Hessenberg basic,946,0,0,5,1e-12,1.39798,0,7.54881e-11,3.7083e-12
Hessenberg basic,946,0,1,5,1e-12,5.78419,8.16545e-14,2.27649e-11,4.92573e-12
Hessenberg basic,947,0,0,5,1e-12,4.38536,0,8.11724e-11,3.72768e-12
Hessenberg basic,947,0,1,5,1e-12,6.64819,0,2.43811e-11,4.55961e-12
Hessenberg basic,948,0,0,5,1e-12,1.59349,0,7.66249e-11,3.24217e-12
Hessenberg basic,948,0,1,5,1e-12,6.16068,7.10543e-15,2.66813e-11,4.72686e-12
Hessenberg basic,949,0,0,5,1e-12,2.13239,0,7.98082e-11,3.50547e-12
Hessenberg basic,949,0,1,5,1e-12,10.3923,2.00972e-14,2.81402e-11,4.82397e-12
Hessenberg basic,950,0,0,5,1e-12,2.96292,0,7.84439e-11,3.52874e-12
Hessenberg basic,950,0,1,5,1e-12,8.36399,3.66205e-14,2.11546e-11,4.65835e-12
Hessenberg basic,951,0,0,5,1e-12,2.14593,0,7.83302e-11,3.70299e-12
Hessenberg basic,951,0,1,5,1e-12,6.65096,1.06581e-14,2.12882e-11,4.81759e-12
Hessenberg basic,952,0,0,5,1e-12,1.8377,0,7.63976e-11,3.42368e-12
Hessenberg basic,952,0,1,5,1e-12,4.58229,5.72858e-14,2.65629e-11,4.75413e-12
Hessenberg basic,953,0,0,5,1e-12,3.48084,0,7.63976e-11,3.67825e-12
Hessenberg basic,953,0,1,5,1e-12,7.41186,7.10543e-15,2.42438e-11,4.83627e-12
Hessenberg basic,954,0,0,5,1e-12,3.04474,0,7.8785e-11,3.52333e-12
Hessenberg basic,954,0,1,5,1e-12,6.36139,4.26326e-14,2.55601e-11,4.65562e-12
Hessenberg basic,955,0,0,5,1e-12,2.33605,0,7.82165e-11,3.52347e-12
Hessenberg basic,955,0,1,5,1e-12,7.75085,2.84217e-14,2.77545e-11,4.8713e-12
Hessenberg basic,956,0,0,5,1e-12,1.44016,0,7.53744e-11,3.60524e-12
Hessenberg basic,956,0,1,5,1e-12,7.42927,5.1238e-14,2.41921e-11,4.67176e-12
Hessenberg basic,957,0,0,5,1e-12,2.74484,0,8.19682e-11,3.25924e-12
Hessenberg basic,957,0,1,5,1e-12,9.34386,3.84285e-14,2.7994e-11,4.82315e-12
Hessenberg basic,958,0,0,5,1e-12,2.36912,0,7.76481e-11,3.6258e-12
Hessenberg basic,958,0,1,5,1e-12,5.41102,5.1238e-14,2.67322e-11,4.78389e-12
Hessenberg basic,959,0,0,5,1e-12,3.17703,0,7.54881e-11,3.53727e-12
Hessenberg basic,959,0,1,5,1e-12,8.43268,6.03961e-14,2.11302e-11,4.57138e-12
Hessenberg basic,960,0,0,5,1e-12,1.79241,0,7.61702e-11,3.31151e-12
Hessenberg basic,960,0,1,5,1e-12,8.30139,5.57504e-14,2.00488e-11,4.74742e-12
Hessenberg basic,961,0,0,5,1e-12,3.1142,0,7.98082e-11,3.62598e-12
Hessenberg basic,961,0,1,5,1e-12,7.92138,3.19744e-14,2.49886e-11,4.81879e-12
Hessenberg basic,962,0,0,5,1e-12,3.162,0,7.96945e-11,3.56887e-12
Hessenberg basic,962,0,1,5,1e-12,7.05505,2.92964e-14,3.33651e-11,4.95534e-12
Hessenberg basic,963,0,0,5,1e-12,3.08572,0,7.6966e-11,3.77052e-12
Hessenberg basic,963,0,1,5,1e-12,7.62728,2.77476e-14,2.60618e-11,4.70653e-12
Hessenberg basic,964,0,0,5,1e-12,1.53804,0,7.9126e-11,3.61586e-12
Hessenberg basic,964,0,1,5,1e-12,6.08943,4.26326e-14,2.2734e-11,4.82378e-12
Hessenberg basic,965,0,0,5,1e-12,2.52278,0,8.67431e-11,3.37709e-12
Hessenberg basic,965,0,1,5,1e-12,7.6048,3.27544e-14,2.35263e-11,4.52116e-12
Hessenberg basic,966,0,0,5,1e-12,2.24726,0,8.15135e-11,3.44305e-12
Hessenberg basic,966,0,1,5,1e-12,6.30282,9.76996e-15,2.95605e-11,4.68811e-12
Hessenberg basic,967,0,0,5,1e-12,3.65395,0,7.60565e-11,3.4191e-12
Hessenberg basic,967,0,1,5,1e-12,8.1397,7.55317e-14,2.08742e-11,4.65585e-12
Hessenberg basic,968,0,0,5,1e-12,2.06295,0,7.62839e-11,3.32516e-12
Hessenberg basic,968,0,1,5,1e-12,6.29297,4.55316e-14,2.18705e-11,4.59395e-12
Hessenberg basic,969,0,0,5,1e-12,3.3304,0,8.10587e-11,3.35983e-12
Hessenberg basic,969,0,1,5,1e-12,8.02845,5.68434e-14,2.24608e-11,4.62612e-12
Hessenberg basic,970,0,0,5,1e-12,2.14322,0,7.59428e-11,3.69498e-12
Hessenberg basic,970,0,1,5,1e-12,8.47753,4.26326e-14,2.16498e-11,4.57958e-12
Hessenberg basic,971,0,0,5,1e-12,3.46437,0,8.13998e-11,3.5236e-12
Hessenberg basic,971,0,1,5,1e-12,7.93218,0,2.79459e-11,4.50831e-12
Hessenberg basic,972,0,0,5,1e-12,2.35708,0,7.94671e-11,3.67591e-12
Hessenberg basic,972,0,1,5,1e-12,6.83989,3.26096e-14,2.16626e-11,4.71318e-12
Hessenberg basic,973,0,0,5,1e-12,2.85178,0,8.04903e-11,3.52784e-12
Hessenberg basic,973,0,1,5,1e-12,9.70188,7.94411e-15,3.13168e-11,4.81212e-12
Hessenberg basic,974,0,0,5,1e-12,3.20069,0,7.46923e-11,3.44316e-12
Hessenberg basic,974,0,1,5,1e-12,7.72519,2.84217e-14,2.35074e-11,4.78602e-12
Hessenberg basic,975,0,0,5,1e-12,1.93535,0,7.6966e-11,3.36003e-12
Hessenberg basic,975,0,1,5,1e-12,8.28205,6.07088e-14,1.98487e-11,4.71457e-12
Hessenberg basic,976,0,0,5,1e-12,1.94724,0,8.07177e-11,3.44369e-12
Hessenberg basic,976,0,1,5,1e-12,7.10095,0,1.94859e-11,4.74782e-12
Hessenberg basic,977,0,0,5,1e-12,2.15041,0,7.83302e-11,3.43035e-12
Hessenberg basic,977,0,1,5,1e-12,9.03068,3.17764e-14,2.08187e-11,4.67942e-12
Hessenberg basic,978,0,0,5,1e-12,3.02659,0,8.00355e-11,3.59437e-12
Hessenberg basic,978,0,1,5,1e-12,7.19303,1.33227e-14,2.48787e-11,4.77739e-12
Hessenberg basic,979,0,0,5,1e-12,2.20973,0,7.95808e-11,3.33684e-12
Hessenberg basic,979,0,1,5,1e-12,9.98824,1.28095e-14,2.57357e-11,4.77621e-12
Hessenberg basic,980,0,0,5,1e-12,2.81775,0,8.02629e-11,3.3192e-12
Hessenberg basic,980,0,1,5,1e-12,6.51797,4.33664e-14,2.37265e-11,4.86923e-12
Hessenberg basic,981,0,0,5,1e-12,1.67959,0,8.28777e-11,3.385e-12
Hessenberg basic,981,0,1,5,1e-12,9.29421,0,2.23505e-11,4.5671e-12
Hessenberg basic,982,0,0,5,1e-12,3.33178,0,7.63976e-11,3.52134e-12
Hessenberg basic,982,0,1,5,1e-12,8.77485,3.17764e-14,2.39963e-11,4.64839e-12
Hessenberg basic,983,0,0,5,1e-12,3.10657,0,8.03766e-11,3.44344e-12
Hessenberg basic,983,0,1,5,1e-12,8.14688,0,2.34933e-11,4.76393e-12
Hessenberg basic,984,0,0,5,1e-12,1.37911,0,7.76481e-11,3.73345e-12
Hessenberg basic,984,0,1,5,1e-12,7.55574,0,2.33997e-11,4.58403e-12
Hessenberg basic,985,0,0,5,1e-12,4.16138,0,7.96945e-11,3.48624e-12
Hessenberg basic,985,0,1,5,1e-12,9.20219,5.50671e-14,2.60291e-11,4.67161e-12
Hessenberg basic,986,0,0,5,1e-12,1.64178,0,8.31051e-11,3.44305e-12
Hessenberg basic,986,0,1,5,1e-12,7.82571,0,2.41371e-11,4.71516e-12
Hessenberg basic,987,0,0,5,1e-12,3.73172,0,8.03766e-11,3.48739e-12
Hessenberg basic,987,0,1,5,1e-12,8.54648,1.42109e-14,2.1482e-11,4.80334e-12
Hessenberg basic,988,0,0,5,1e-12,2.43991,0,7.70797e-11,3.36162e-12
Hessenberg basic,988,0,1,5,1e-12,8.16096,3.17764e-14,2.44007e-11,4.80881e-12
Hessenberg basic,989,0,0,5,1e-12,3.48066,0,8.03766e-11,3.62806e-12
Hessenberg basic,989,0,1,5,1e-12,8.5236,4.01944e-14,2.58059e-11,4.70686e-12
Hessenberg basic,990,0,0,5,1e-12,2.18991,0,8.62883e-11,3.42734e-12
Hessenberg basic,990,0,1,5,1e-12,9.07272,0,3.32755e-11,4.72629e-12
Hessenberg basic,991,0,0,5,1e-12,2.43692,0,7.82165e-11,3.3517e-12
Hessenberg basic,991,0,1,5,1e-12,7.87183,0,2.42086e-11,4.70078e-12
Hessenberg basic,992,0,0,5,1e-12,1.66968,0,8.0945e-11,3.54073e-12
Hessenberg basic,992,0,1,5,1e-12,8.89167,7.07204e-14,3.74063e-11,4.63574e-12
Hessenberg basic,993,0,0,5,1e-12,2.46007,0,7.52607e-11,3.26414e-12
Hessenberg basic,993,0,1,5,1e-12,8.64848,3.55271e-14,2.09443e-11,4.64542e-12
Hessenberg basic,994,0,0,5,1e-12,2.41883,0,8.00355e-11,3.4094e-12
Hessenberg basic,994,0,1,5,1e-12,8.66752,0,2.46368e-11,4.84775e-12
Hessenberg basic,995,0,0,5,1e-12,2.61898,0,7.43512e-11,3.39504e-12
Hessenberg basic,995,0,1,5,1e-12,9.00756,7.94411e-15,2.53137e-11,4.79388e-12
Hessenberg basic,996,0,0,5,1e-12,2.10102,0,7.85576e-11,3.51504e-12
Hessenberg basic,996,0,1,5,1e-12,7.03425,0,2.14997e-11,4.60983e-12
Hessenberg basic,997,0,0,5,1e-12,3.50125,0,7.9126e-11,3.44008e-12
Hessenberg basic,997,0,1,5,1e-12,9.29266,3.10227e-14,2.64429e-11,4.81685e-12
Hessenberg basic,998,0,0,5,1e-12,2.77946,0,7.6966e-11,3.66242e-12
Hessenberg basic,998,0,1,5,1e-12,8.86942,5.17283e-14,2.9997e-11,4.84011e-12
Hessenberg basic,999,0,0,5,1e-12,2.88181,0,7.94671e-11,3.41425e-12
Hessenberg basic,999,0,1,5,1e-12,9.19404,5.1238e-14,2.27183e-11,4.6027e-12
Hessenberg basic,1000,0,0,5,1e-12,2.17177,0,8.10587e-11,3.58981e-12
Hessenberg basic,1000,0,1,5,1e-12,7.01241,3.6067e-14,2.26853e-11,4.69304e-12
