version, size, hermitian, complex, seed, tol, runtime in s,min_error, max_error, avg_error
Hessenberg basic,900,0,0,7,1e-12,2.26974,0,4.77452e-11,3.70065e-12
Hessenberg basic,900,0,1,7,1e-12,5.47333,0,2.12141e-11,4.48209e-12
Hessenberg basic,901,0,0,7,1e-12,4.08461,0,4.8578e-11,3.57197e-12
Hessenberg basic,901,0,1,7,1e-12,6.26534,1.77636e-14,2.37304e-11,4.48206e-12
Hessenberg basic,902,0,0,7,1e-12,2.24028,0,4.8049e-11,3.70556e-12
Hessenberg basic,902,0,1,7,1e-12,6.38971,4.05072e-14,2.26759e-11,4.65348e-12
Hessenberg basic,903,0,0,7,1e-12,2.68187,0,4.81445e-11,3.82466e-12
Hessenberg basic,903,0,1,7,1e-12,6.14844,5.68434e-14,2.30829e-11,4.40512e-12
Hessenberg basic,904,0,0,7,1e-12,2.05238,0,4.81223e-11,3.87142e-12
Hessenberg basic,904,0,1,7,1e-12,4.96711,3.51701e-14,2.4785e-11,4.54517e-12
Hessenberg basic,905,0,0,7,1e-12,4.2866,0,4.78951e-11,3.79039e-12
Hessenberg basic,905,0,1,7,1e-12,5.40991,2.84217e-14,2.57746e-11,4.75796e-12
Hessenberg basic,906,0,0,7,1e-12,2.94997,0,4.79161e-11,3.46162e-12
Hessenberg basic,906,0,1,7,1e-12,5.93334,2.84217e-14,2.94964e-11,4.67485e-12
Hessenberg basic,907,0,0,7,1e-12,3.69311,0,4.83849e-11,3.70012e-12
Hessenberg basic,907,0,1,7,1e-12,5.00156,2.84217e-14,2.18196e-11,4.54795e-12
Hessenberg basic,908,0,0,7,1e-12,1.91736,0,4.83552e-11,3.5789e-12
Hessenberg basic,908,0,1,7,1e-12,4.5764,0,3.14452e-11,4.71919e-12
Hessenberg basic,909,0,0,7,1e-12,3.19709,0,4.78579e-11,3.23908e-12
Hessenberg basic,909,0,1,7,1e-12,5.06928,2.32519e-14,2.78362e-11,4.72678e-12
Hessenberg basic,910,0,0,7,1e-12,2.13253,0,4.80577e-11,3.30667e-12
Hessenberg basic,910,0,1,7,1e-12,6.68477,1.58882e-14,2.52671e-11,4.59579e-12
Hessenberg basic,911,0,0,7,1e-12,2.18379,0,4.75276e-11,3.79704e-12
Hessenberg basic,911,0,1,7,1e-12,6.1344,2.84217e-14,2.33061e-11,4.55523e-12
Hessenberg basic,912,0,0,7,1e-12,1.52315,0,4.87364e-11,3.54296e-12
Hessenberg basic,912,0,1,7,1e-12,3.32928,0,2.00638e-11,4.48638e-12
Hessenberg basic,913,0,0,7,1e-12,2.5232,0,4.79104e-11,3.60905e-12
Hessenberg basic,913,0,1,7,1e-12,8.56088,1.24345e-14,2.0696e-11,4.35431e-12
Hessenberg basic,914,0,0,7,1e-12,2.94939,0,4.85941e-11,4.0086e-12
Hessenberg basic,914,0,1,7,1e-12,7.2286,2.84217e-14,2.30177e-11,4.59051e-12
Hessenberg basic,915,0,0,7,1e-12,3.78722,0,4.81886e-11,3.71561e-12
Hessenberg basic,915,0,1,7,1e-12,5.64231,5.68434e-14,2.39243e-11,4.41735e-12
Hessenberg basic,916,0,0,7,1e-12,1.18635,0,4.80793e-11,3.58123e-12
Hessenberg basic,916,0,1,7,1e-12,6.10881,0,2.08639e-11,4.43136e-12
Hessenberg basic,917,0,0,7,1e-12,2.11106,0,4.82891e-11,3.42877e-12
Hessenberg basic,917,0,1,7,1e-12,5.93102,5.08749e-14,2.48787e-11,4.35318e-12
Hessenberg basic,918,0,0,7,1e-12,1.26955,0,4.80311e-11,3.47731e-12
Hessenberg basic,918,0,1,7,1e-12,5.47042,1.28095e-14,2.01854e-11,4.55261e-12
Hessenberg basic,919,0,0,7,1e-12,3.47866,0,4.84816e-11,3.48763e-12
Hessenberg basic,919,0,1,7,1e-12,4.92662,2.86429e-14,3.2133e-11,4.56076e-12
Hessenberg basic,920,0,0,7,1e-12,1.1538,0,4.76037e-11,3.76351e-12
Hessenberg basic,920,0,1,7,1e-12,5.23414,4.49387e-14,2.77518e-11,4.51015e-12
Hessenberg basic,921,0,0,7,1e-12,3.61577,0,4.80476e-11,3.436e-12
Hessenberg basic,921,0,1,7,1e-12,6.2132,4.78051e-14,2.15154e-11,4.45472e-12
Hessenberg basic,922,0,0,7,1e-12,3.20026,0,4.7946e-11,3.74382e-12
Hessenberg basic,922,0,1,7,1e-12,5.30313,2.5619e-14,2.81049e-11,4.7997e-12
Hessenberg basic,923,0,0,7,1e-12,1.86203,0,4.81048e-11,3.7224e-12
Hessenberg basic,923,0,1,7,1e-12,9.5863,3.49902e-14,2.10576e-11,4.50049e-12
Hessenberg basic,924,0,0,7,1e-12,1.14285,0,4.84484e-11,3.64156e-12
Hessenberg basic,924,0,1,7,1e-12,6.00337,2.86429e-14,2.72848e-11,4.63383e-12
Hessenberg basic,925,0,0,7,1e-12,4.04909,0,4.88106e-11,3.62944e-12
Hessenberg basic,925,0,1,7,1e-12,8.74193,3.55271e-14,2.07831e-11,4.44397e-12
Hessenberg basic,926,0,0,7,1e-12,2.40864,0,4.81719e-11,3.69447e-12
Hessenberg basic,926,0,1,7,1e-12,5.34809,4.01944e-14,2.2344e-11,4.36851e-12
Hessenberg basic,927,0,0,7,1e-12,3.98597,0,4.81243e-11,3.58278e-12
Hessenberg basic,927,0,1,7,1e-12,5.69003,1.60243e-14,2.22234e-11,4.86773e-12
Hessenberg basic,928,0,0,7,1e-12,2.01684,0,4.8408e-11,3.83822e-12
Hessenberg basic,928,0,1,7,1e-12,6.58534,4.84607e-14,2.57498e-11,4.63875e-12
Hessenberg basic,929,0,0,7,1e-12,2.64633,0,4.8251e-11,3.39452e-12
Hessenberg basic,929,0,1,7,1e-12,6.85758,2.23918e-14,2.63364e-11,4.65463e-12
Hessenberg basic,930,0,0,7,1e-12,2.35298,0,4.86519e-11,3.94797e-12
Hessenberg basic,930,0,1,7,1e-12,5.68466,2.27485e-14,2.08834e-11,4.62772e-12
Hessenberg basic,931,0,0,7,1e-12,2.11874,0,4.97619e-11,3.85213e-12
Hessenberg basic,931,0,1,7,1e-12,10.0034,6.57252e-14,2.82221e-11,4.79197e-12
Hessenberg basic,932,0,0,7,1e-12,1.79453,0,4.81398e-11,3.41689e-12
Hessenberg basic,932,0,1,7,1e-12,6.79077,2.58641e-14,2.15861e-11,4.48497e-12
Hessenberg basic,933,0,0,7,1e-12,2.11926,0,4.79482e-11,3.49243e-12
Hessenberg basic,933,0,1,7,1e-12,6.21939,7.94411e-15,2.59712e-11,4.59049e-12
Hessenberg basic,934,0,0,7,1e-12,2.96129,0,4.88238e-11,3.6294e-12
Hessenberg basic,934,0,1,7,1e-12,5.51379,1.77636e-14,1.89298e-11,4.59503e-12
Hessenberg basic,935,0,0,7,1e-12,1.61527,0,4.95104e-11,3.31964e-12
Hessenberg basic,935,0,1,7,1e-12,7.74671,2.84217e-14,2.02123e-11,4.66216e-12
Hessenberg basic,936,0,0,7,1e-12,2.41464,0,4.81649e-11,3.8931e-12
Hessenberg basic,936,0,1,7,1e-12,5.48627,7.10543e-15,1.95819e-11,4.63031e-12
Hessenberg basic,937,0,0,7,1e-12,4.5818,0,4.88215e-11,3.73017e-12
Hessenberg basic,937,0,1,7,1e-12,5.88314,7.94411e-15,2.54224e-11,4.62515e-12
Hessenberg basic,938,0,0,7,1e-12,2.36421,0,4.81956e-11,3.85891e-12
Hessenberg basic,938,0,1,7,1e-12,6.92698,4.61853e-14,2.80687e-11,4.60438e-12
Hessenberg basic,939,0,0,7,1e-12,2.3537,0,4.81338e-11,3.96612e-12
Hessenberg basic,939,0,1,7,1e-12,9.37312,4.26326e-14,2.13513e-11,4.5521e-12
Hessenberg basic,940,0,0,7,1e-12,2.76492,0,4.79955e-11,3.84743e-12
Hessenberg basic,940,0,1,7,1e-12,6.44482,1.58882e-14,2.82442e-11,4.72513e-12
Hessenberg basic,941,0,0,7,1e-12,2.62605,0,4.82144e-11,3.75948e-12
Hessenberg basic,941,0,1,7,1e-12,9.17299,4.07499e-14,2.51554e-11,4.64685e-12
Hessenberg basic,942,0,0,7,1e-12,1.70338,0,4.97475e-11,3.51142e-12
Hessenberg basic,942,0,1,7,1e-12,7.24943,2.84217e-14,2.22458e-11,4.61955e-12
Hessenberg basic,943,0,0,7,1e-12,2.30444,0,4.99882e-11,3.5363e-12
Hessenberg basic,943,0,1,7,1e-12,6.4947,3.55271e-14,2.18858e-11,4.68665e-12
Hessenberg basic,944,0,0,7,1e-12,2.09619,0,5.05341e-11,4.00372e-12
Hessenberg basic,944,0,1,7,1e-12,5.5477,7.10543e-15,2.36584e-11,4.99716e-12
Hessenberg basic,945,0,0,7,1e-12,1.94167,0,4.77447e-11,3.61604e-12
Hessenberg basic,945,0,1,7,1e-12,8.7285,7.10543e-15,2.80417e-11,4.76274e-12
Hessenberg basic,946,0,0,7,1e-12,3.38367,0,4.80545e-11,3.71762e-12
Hessenberg basic,946,0,1,7,1e-12,6.60538,1.42109e-14,1.99325e-11,4.53298e-12
Hessenberg basic,947,0,0,7,1e-12,4.52628,0,4.86559e-11,3.71352e-12
Hessenberg basic,947,0,1,7,1e-12,5.93103,0,2.18858e-11,4.71558e-12
Hessenberg basic,948,0,0,7,1e-12,1.82112,0,4.81791e-11,3.70993e-12
Hessenberg basic,948,0,1,7,1e-12,5.61373,3.62307e-14,2.84581e-11,4.7796e-12
Hessenberg basic,949,0,0,7,1e-12,1.63046,0,4.83117e-11,3.68869e-12
Hessenberg basic,949,0,1,7,1e-12,9.0924,5.21611e-14,2.39502e-11,4.58804e-12
Hessenberg basic,950,0,0,7,1e-12,1.66604,0,4.81238e-11,3.71687e-12
Hessenberg basic,950,0,1,7,1e-12,5.26316,5.68434e-14,2.47347e-11,4.72562e-12
Hessenberg basic,951,0,0,7,1e-12,4.44035,0,4.83117e-11,3.99138e-12
Hessenberg basic,951,0,1,7,1e-12,6.89941,1.42109e-14,1.91522e-11,4.66012e-12
Hessenberg basic,952,0,0,7,1e-12,1.23394,0,4.84493e-11,3.78901e-12
Hessenberg basic,952,0,1,7,1e-12,5.99902,2.92964e-14,2.47266e-11,4.64819e-12
Hessenberg basic,953,0,0,7,1e-12,3.40095,0,4.7702e-11,3.74875e-12
Hessenberg basic,953,0,1,7,1e-12,8.42085,0,2.78521e-11,4.62922e-12
Hessenberg basic,954,0,0,7,1e-12,2.87836,0,4.8124e-11,3.50009e-12
Hessenberg basic,954,0,1,7,1e-12,6.4709,3.17764e-14,2.03369e-11,4.69684e-12
Hessenberg basic,955,0,0,7,1e-12,2.97182,0,4.87946e-11,3.69627e-12
Hessenberg basic,955,0,1,7,1e-12,8.41044,6.67494e-14,2.82367e-11,4.80036e-12
Hessenberg basic,956,0,0,7,1e-12,1.64129,0,5.04576e-11,3.85118e-12
Hessenberg basic,956,0,1,7,1e-12,7.36443,0,3.03816e-11,4.73347e-12
Hessenberg basic,957,0,0,7,1e-12,1.9234,0,4.90614e-11,4.11231e-12
Hessenberg basic,957,0,1,7,1e-12,7.45656,2.24693e-14,2.4325e-11,4.70801e-12
Hessenberg basic,958,0,0,7,1e-12,3.37018,0,4.89337e-11,3.76772e-12
Hessenberg basic,958,0,1,7,1e-12,6.31124,3.55271e-14,3.12852e-11,4.73891e-12
Hessenberg basic,959,0,0,7,1e-12,2.01401,0,4.79655e-11,3.43175e-12
Hessenberg basic,959,0,1,7,1e-12,8.54376,2.27485e-14,2.59087e-11,4.53134e-12
Hessenberg basic,960,0,0,7,1e-12,3.10865,0,4.75071e-11,3.57863e-12
Hessenberg basic,960,0,1,7,1e-12,7.5248,2.13163e-14,2.44857e-11,4.63633e-12
Hessenberg basic,961,0,0,7,1e-12,2.53781,0,4.75775e-11,3.64369e-12
Hessenberg basic,961,0,1,7,1e-12,6.53993,0,3.15437e-11,4.71402e-12
Hessenberg basic,962,0,0,7,1e-12,3.11752,0,4.85225e-11,3.5592e-12
Hessenberg basic,962,0,1,7,1e-12,5.77187,5.1238e-14,2.25252e-11,4.58376e-12
Hessenberg basic,963,0,0,7,1e-12,2.93113,0,4.88785e-11,3.71676e-12
Hessenberg basic,963,0,1,7,1e-12,10.3095,7.45882e-15,2.47805e-11,4.61882e-12
Hessenberg basic,964,0,0,7,1e-12,1.28885,0,4.88389e-11,3.83831e-12
Hessenberg basic,964,0,1,7,1e-12,5.90112,3.17764e-14,2.45942e-11,4.69242e-12
Hessenberg basic,965,0,0,7,1e-12,3.21542,0,4.97882e-11,4.09429e-12
Hessenberg basic,965,0,1,7,1e-12,6.06664,0,3.15437e-11,4.79812e-12
Hessenberg basic,966,0,0,7,1e-12,2.87513,0,4.81885e-11,3.62549e-12
Hessenberg basic,966,0,1,7,1e-12,8.09769,8.01529e-14,2.16617e-11,4.67607e-12
Hessenberg basic,967,0,0,7,1e-12,1.60992,0,4.79345e-11,3.70637e-12
Hessenberg basic,967,0,1,7,1e-12,8.3889,3.55271e-14,2.78626e-11,4.73359e-12
Hessenberg basic,968,0,0,7,1e-12,1.57442,0,4.91552e-11,4.15437e-12
Hessenberg basic,968,0,1,7,1e-12,6.40593,3.10862e-14,2.26477e-11,4.65568e-12
Hessenberg basic,969,0,0,7,1e-12,3.01828,0,4.80248e-11,3.73639e-12
Hessenberg basic,969,0,1,7,1e-12,7.43824,2.5619e-14,2.29631e-11,4.91204e-12
Hessenberg basic,970,0,0,7,1e-12,3.14896,0,4.82569e-11,3.88822e-12
Hessenberg basic,970,0,1,7,1e-12,8.34533,2.84217e-14,2.59525e-11,4.5684e-12
Hessenberg basic,971,0,0,7,1e-12,3.67696,0,4.8503e-11,3.85249e-12
Hessenberg basic,971,0,1,7,1e-12,8.06861,6.35529e-14,2.38309e-11,4.75415e-12
Hessenberg basic,972,0,0,7,1e-12,2.38037,0,4.81761e-11,3.23611e-12
Hessenberg basic,972,0,1,7,1e-12,4.6557,1.77636e-14,2.90202e-11,4.88686e-12
Hessenberg basic,973,0,0,7,1e-12,4.22317,0,4.7774e-11,3.43942e-12
Hessenberg basic,973,0,1,7,1e-12,7.96339,5.91289e-14,2.40157e-11,4.7205e-12
Hessenberg basic,974,0,0,7,1e-12,1.89376,0,4.82445e-11,3.66197e-12
Hessenberg basic,974,0,1,7,1e-12,7.72936,4.01944e-14,2.62882e-11,4.7411e-12
Hessenberg basic,975,0,0,7,1e-12,2.7859,0,4.77476e-11,3.37472e-12
Hessenberg basic,975,0,1,7,1e-12,9.04612,4.97697e-14,2.56903e-11,4.69749e-12
Hessenberg basic,976,0,0,7,1e-12,2.4145,0,4.79776e-11,3.38165e-12
Hessenberg basic,976,0,1,7,1e-12,4.30363,6.83378e-14,2.36994e-11,4.82207e-12
Hessenberg basic,977,0,0,7,1e-12,4.83258,0,4.93553e-11,3.72902e-12
Hessenberg basic,977,0,1,7,1e-12,9.953,0,2.41937e-11,4.75786e-12
Hessenberg basic,978,0,0,7,1e-12,2.67934,0,4.78454e-11,3.55928e-12
Hessenberg basic,978,0,1,7,1e-12,7.84275,3.17764e-14,2.66246e-11,4.85747e-12
Hessenberg basic,979,0,0,7,1e-12,1.84475,0,4.78238e-11,3.68203e-12
Hessenberg basic,979,0,1,7,1e-12,8.39538,3.17764e-14,3.31217e-11,4.82229e-12
Hessenberg basic,980,0,0,7,1e-12,2.93243,0,4.98789e-11,4.02705e-12
Hessenberg basic,980,0,1,7,1e-12,5.01114,2.84217e-14,2.27374e-11,4.83646e-12
Hessenberg basic,981,0,0,7,1e-12,4.58296,0,4.77518e-11,3.75673e-12
Hessenberg basic,981,0,1,7,1e-12,6.67892,7.10543e-15,2.53855e-11,4.79578e-12
Hessenberg basic,982,0,0,7,1e-12,1.53337,0,4.79909e-11,3.66969e-12
Hessenberg basic,982,0,1,7,1e-12,9.1667,2.67377e-14,2.92853e-11,4.74596e-12
Hessenberg basic,983,0,0,7,1e-12,4.25082,0,4.80942e-11,3.67576e-12
Hessenberg basic,983,0,1,7,1e-12,6.34168,2.84217e-14,3.29464e-11,4.59473e-12
Hessenberg basic,984,0,0,7,1e-12,1.76942,0,4.87289e-11,3.66614e-12
Hessenberg basic,984,0,1,7,1e-12,7.6181,0,2.04963e-11,4.73662e-12
Hessenberg basic,985,0,0,7,1e-12,2.61591,0,4.75607e-11,3.91538e-12
Hessenberg basic,985,0,1,7,1e-12,5.96015,2.84217e-14,3.05644e-11,4.75783e-12
Hessenberg basic,986,0,0,7,1e-12,2.57251,0,4.83643e-11,3.48873e-12
Hessenberg basic,986,0,1,7,1e-12,8.69235,1.77636e-14,2.81753e-11,4.74321e-12
Hessenberg basic,987,0,0,7,1e-12,3.17654,0,4.88506e-11,3.86014e-12
Hessenberg basic,987,0,1,7,1e-12,8.52193,2.71149e-14,2.61119e-11,4.83577e-12
Hessenberg basic,988,0,0,7,1e-12,3.39488,0,4.78295e-11,4.07592e-12
Hessenberg basic,988,0,1,7,1e-12,7.45886,5.72858e-14,2.23408e-11,4.93623e-12
Hessenberg basic,989,0,0,7,1e-12,3.50506,0,4.83233e-11,3.78181e-12
Hessenberg basic,989,0,1,7,1e-12,10.3397,3.17764e-14,2.10238e-11,4.54747e-12
Hessenberg basic,990,0,0,7,1e-12,2.75289,0,4.84982e-11,3.61623e-12
Hessenberg basic,990,0,1,7,1e-12,6.21356,0,2.64806e-11,4.59361e-12
Hessenberg basic,991,0,0,7,1e-12,1.81772,0,4.81094e-11,3.704e-12
Hessenberg basic,991,0,1,7,1e-12,9.24119,2.00972e-14,2.49534e-11,4.80172e-12
Hessenberg basic,992,0,0,7,1e-12,2.33994,0,4.79876e-11,4.11959e-12
Hessenberg basic,992,0,1,7,1e-12,6.0394,4.9738e-14,2.22036e-11,4.70788e-12
Hessenberg basic,993,0,0,7,1e-12,4.62773,0,4.8062e-11,3.89491e-12
Hessenberg basic,993,0,1,7,1e-12,7.68858,1.67581e-14,2.97471e-11,4.90724e-12
Hessenberg basic,994,0,0,7,1e-12,1.72986,0,4.74759e-11,3.86899e-12
Hessenberg basic,994,0,1,7,1e-12,8.78832,3.87784e-14,2.54669e-11,4.29737e-12
Hessenberg basic,995,0,0,7,1e-12,2.1466,0,4.76604e-11,3.65655e-12
Hessenberg basic,995,0,1,7,1e-12,5.90304,4.01944e-14,2.7485e-11,4.69547e-12
Hessenberg basic,996,0,0,7,1e-12,2.59274,0,4.80655e-11,3.52821e-12
Hessenberg basic,996,0,1,7,1e-12,6.95801,3.17764e-14,2.40525e-11,4.99926e-12
Hessenberg basic,997,0,0,7,1e-12,4.48118,0,4.80225e-11,4.01408e-12
Hessenberg basic,997,0,1,7,1e-12,9.73995,0,2.37004e-11,4.64763e-12
Hessenberg basic,998,0,0,7,1e-12,4.47218,0,4.80714e-11,3.54804e-12
Hessenberg basic,998,0,1,7,1e-12,6.67808,5.68434e-14,2.19159e-11,4.66965e-12
Hessenberg basic,999,0,0,7,1e-12,2.60969,0,4.74835e-11,3.13226e-12
Hessenberg basic,999,0,1,7,1e-12,8.7081,3.62307e-14,2.69579e-11,4.5085e-12
Hessenberg basic,1000,0,0,7,1e-12,1.63474,0,4.77763e-11,3.5081e-12
Hessenberg basic,1000,0,1,7,1e-12,7.28178,3.35162e-14,2.24456e-11,4.45777e-12
