version, size, hermitian, complex, seed, tol, runtime in s,min_error, max_error, avg_error
Hessenberg basic,900,0,0,7,1e-12,0.772676,0,4.77452e-11,3.70065e-12
Hessenberg basic,901,0,0,7,1e-12,0.845553,0,4.8578e-11,3.57197e-12
Hessenberg basic,902,0,0,7,1e-12,0.805443,0,4.8049e-11,3.70556e-12
Hessenberg basic,903,0,0,7,1e-12,0.872893,0,4.81445e-11,3.82466e-12
Hessenberg basic,904,0,0,7,1e-12,0.745138,0,4.81223e-11,3.87142e-12
Hessenberg basic,905,0,0,7,1e-12,0.863441,0,4.78951e-11,3.79039e-12
Hessenberg basic,906,0,0,7,1e-12,0.823013,0,4.79161e-11,3.46162e-12
Hessenberg basic,907,0,0,7,1e-12,0.875403,0,4.83849e-11,3.70012e-12
Hessenberg basic,908,0,0,7,1e-12,0.769885,0,4.83552e-11,3.5789e-12
Hessenberg basic,909,0,0,7,1e-12,0.887426,0,4.78579e-11,3.23908e-12
Hessenberg basic,910,0,0,7,1e-12,0.878047,0,4.80577e-11,3.30667e-12
Hessenberg basic,911,0,0,7,1e-12,0.867712,0,4.75276e-11,3.79704e-12
Hessenberg basic,912,0,0,7,1e-12,0.797744,0,4.87364e-11,3.54296e-12
Hessenberg basic,913,0,0,7,1e-12,0.899627,0,4.79104e-11,3.60905e-12
Hessenberg basic,914,0,0,7,1e-12,0.8479,0,4.85941e-11,4.0086e-12
Hessenberg basic,915,0,0,7,1e-12,0.912895,0,4.81886e-11,3.71561e-12
Hessenberg basic,916,0,0,7,1e-12,0.835625,0,4.80793e-11,3.58123e-12
Hessenberg basic,917,0,0,7,1e-12,0.920541,0,4.82891e-11,3.42877e-12
Hessenberg basic,918,0,0,7,1e-12,0.885842,0,4.80311e-11,3.47731e-12
Hessenberg basic,919,0,0,7,1e-12,0.919921,0,4.84816e-11,3.48763e-12
Hessenberg basic,920,0,0,7,1e-12,0.800151,0,4.76037e-11,3.76351e-12
Hessenberg basic,921,0,0,7,1e-12,0.91878,0,4.80476e-11,3.436e-12
Hessenberg basic,922,0,0,7,1e-12,0.873747,0,4.7946e-11,3.74382e-12
Hessenberg basic,923,0,0,7,1e-12,0.915151,0,4.81048e-11,3.7224e-12
Hessenberg basic,924,0,0,7,1e-12,0.864046,0,4.84484e-11,3.64156e-12
Hessenberg basic,925,0,0,7,1e-12,0.949978,0,4.88106e-11,3.62944e-12
Hessenberg basic,926,0,0,7,1e-12,0.921235,0,4.81719e-11,3.69447e-12
Hessenberg basic,927,0,0,7,1e-12,0.957978,0,4.81243e-11,3.58278e-12
Hessenberg basic,928,0,0,7,1e-12,0.898436,0,4.8408e-11,3.83822e-12
Hessenberg basic,929,0,0,7,1e-12,0.975008,0,4.8251e-11,3.39452e-12
Hessenberg basic,930,0,0,7,1e-12,0.944063,0,4.86519e-11,3.94797e-12
Hessenberg basic,931,0,0,7,1e-12,0.980698,0,4.97619e-11,3.85213e-12
Hessenberg basic,932,0,0,7,1e-12,0.902026,0,4.81398e-11,3.41689e-12
Hessenberg basic,933,0,0,7,1e-12,1.01517,0,4.79482e-11,3.49243e-12
Hessenberg basic,934,0,0,7,1e-12,0.966584,0,4.88238e-11,3.6294e-12
Hessenberg basic,935,0,0,7,1e-12,1.01722,0,4.95104e-11,3.31964e-12
Hessenberg basic,936,0,0,7,1e-12,0.867981,0,4.81649e-11,3.8931e-12
Hessenberg basic,937,0,0,7,1e-12,0.989079,0,4.88215e-11,3.73017e-12
Hessenberg basic,938,0,0,7,1e-12,0.933463,0,4.81956e-11,3.85891e-12
Hessenberg basic,939,0,0,7,1e-12,0.997636,0,4.81338e-11,3.96612e-12
Hessenberg basic,940,0,0,7,1e-12,1.10681,0,4.79955e-11,3.84743e-12
Hessenberg basic,941,0,0,7,1e-12,1.24833,0,4.82144e-11,3.75948e-12
Hessenberg basic,942,0,0,7,1e-12,1.35874,0,4.97475e-11,3.51142e-12
Hessenberg basic,943,0,0,7,1e-12,1.1997,0,4.99882e-11,3.5363e-12
Hessenberg basic,944,0,0,7,1e-12,1.33744,0,5.05341e-11,4.00372e-12
Hessenberg basic,945,0,0,7,1e-12,1.11482,0,4.77447e-11,3.61604e-12
Hessenberg basic,946,0,0,7,1e-12,1.02759,0,4.80545e-11,3.71762e-12
Hessenberg basic,947,0,0,7,1e-12,1.08801,0,4.86559e-11,3.71352e-12
Hessenberg basic,948,0,0,7,1e-12,0.971122,0,4.81791e-11,3.70993e-12
Hessenberg basic,949,0,0,7,1e-12,1.07542,0,4.83117e-11,3.68869e-12
Hessenberg basic,950,0,0,7,1e-12,0.984301,0,4.81238e-11,3.71687e-12
Hessenberg basic,951,0,0,7,1e-12,1.0527,0,4.83117e-11,3.99138e-12
Hessenberg basic,952,0,0,7,1e-12,0.930763,0,4.84493e-11,3.78901e-12
Hessenberg basic,953,0,0,7,1e-12,1.12253,0,4.7702e-11,3.74875e-12
Hessenberg basic,954,0,0,7,1e-12,1.06427,0,4.8124e-11,3.50009e-12
Hessenberg basic,955,0,0,7,1e-12,1.12,0,4.87946e-11,3.69627e-12
Hessenberg basic,956,0,0,7,1e-12,0.997251,0,5.04576e-11,3.85118e-12
Hessenberg basic,957,0,0,7,1e-12,1.13481,0,4.90614e-11,4.11231e-12
Hessenberg basic,958,0,0,7,1e-12,1.06229,0,4.89337e-11,3.76772e-12
Hessenberg basic,959,0,0,7,1e-12,1.11379,0,4.79655e-11,3.43175e-12
Hessenberg basic,960,0,0,7,1e-12,1.38314,0,4.75071e-11,3.57863e-12
Hessenberg basic,961,0,0,7,1e-12,1.1302,0,4.75775e-11,3.64369e-12
Hessenberg basic,962,0,0,7,1e-12,1.33078,0,4.85225e-11,3.5592e-12
Hessenberg basic,963,0,0,7,1e-12,1.2979,0,4.88785e-11,3.71676e-12
Hessenberg basic,964,0,0,7,1e-12,0.938748,0,4.88389e-11,3.83831e-12
Hessenberg basic,965,0,0,7,1e-12,1.14888,0,4.97882e-11,4.09429e-12
Hessenberg basic,966,0,0,7,1e-12,1.10236,0,4.81885e-11,3.62549e-12
Hessenberg basic,967,0,0,7,1e-12,1.16949,0,4.79345e-11,3.70637e-12
Hessenberg basic,968,0,0,7,1e-12,0.979756,0,4.91552e-11,4.15437e-12
Hessenberg basic,969,0,0,7,1e-12,1.21528,0,4.80248e-11,3.73639e-12
Hessenberg basic,970,0,0,7,1e-12,1.16947,0,4.82569e-11,3.88822e-12
Hessenberg basic,971,0,0,7,1e-12,1.18339,0,4.8503e-11,3.85249e-12
Hessenberg basic,972,0,0,7,1e-12,1.04931,0,4.81761e-11,3.23611e-12
Hessenberg basic,973,0,0,7,1e-12,1.23954,0,4.7774e-11,3.43942e-12
Hessenberg basic,974,0,0,7,1e-12,1.16536,0,4.82445e-11,3.66197e-12
Hessenberg basic,975,0,0,7,1e-12,1.31506,0,4.77476e-11,3.37472e-12
Hessenberg basic,976,0,0,7,1e-12,1.06337,0,4.79776e-11,3.38165e-12
Hessenberg basic,977,0,0,7,1e-12,1.22026,0,4.93553e-11,3.72902e-12
Hessenberg basic,978,0,0,7,1e-12,1.17864,0,4.78454e-11,3.55928e-12
Hessenberg basic,979,0,0,7,1e-12,1.27479,0,4.78238e-11,3.68203e-12
Hessenberg basic,980,0,0,7,1e-12,1.13136,0,4.98789e-11,4.02705e-12
Hessenberg basic,981,0,0,7,1e-12,1.26564,0,4.77518e-11,3.75673e-12
Hessenberg basic,982,0,0,7,1e-12,1.20894,0,4.79909e-11,3.66969e-12
Hessenberg basic,983,0,0,7,1e-12,1.33145,0,4.80942e-11,3.67576e-12
Hessenberg basic,984,0,0,7,1e-12,1.07972,0,4.87289e-11,3.66614e-12
Hessenberg basic,985,0,0,7,1e-12,1.30318,0,4.75607e-11,3.91538e-12
Hessenberg basic,986,0,0,7,1e-12,1.22821,0,4.83643e-11,3.48873e-12
Hessenberg basic,987,0,0,7,1e-12,1.29835,0,4.88506e-11,3.86014e-12
Hessenberg basic,988,0,0,7,1e-12,1.17009,0,4.78295e-11,4.07592e-12
Hessenberg basic,989,0,0,7,1e-12,1.41891,0,4.83233e-11,3.78181e-12
Hessenberg basic,990,0,0,7,1e-12,1.22912,0,4.84982e-11,3.61623e-12
Hessenberg basic,991,0,0,7,1e-12,1.32838,0,4.81094e-11,3.704e-12
Hessenberg basic,992,0,0,7,1e-12,1.17378,0,4.79876e-11,4.11959e-12
Hessenberg basic,993,0,0,7,1e-12,1.18256,0,4.8062e-11,3.89491e-12
Hessenberg basic,994,0,0,7,1e-12,1.17922,0,4.74759e-11,3.86899e-12
Hessenberg basic,995,0,0,7,1e-12,1.33278,0,4.76604e-11,3.65655e-12
Hessenberg basic,996,0,0,7,1e-12,1.18011,0,4.80655e-11,3.52821e-12
Hessenberg basic,997,0,0,7,1e-12,1.32978,0,4.80225e-11,4.01408e-12
Hessenberg basic,998,0,0,7,1e-12,1.28035,0,4.80714e-11,3.54804e-12
Hessenberg basic,999,0,0,7,1e-12,1.33833,0,4.74835e-11,3.13226e-12
Hessenberg basic,1000,0,0,7,1e-12,1.11663,0,4.77763e-11,3.5081e-12
