version, size, hermitian, complex, seed, tol, runtime in s,min_error, max_error, avg_error
Hessenberg basic,900,0,0,9,1e-12,0.922055,0,2.31921e-11,3.44196e-12
Hessenberg basic,901,0,0,9,1e-12,1.19364,0,4.41105e-11,3.5261e-12
Hessenberg basic,902,0,0,9,1e-12,0.819054,0,2.6148e-11,3.53911e-12
Hessenberg basic,903,0,0,9,1e-12,0.94182,0,2.75122e-11,3.7878e-12
Hessenberg basic,904,0,0,9,1e-12,0.741583,0,2.48753e-11,3.70816e-12
Hessenberg basic,905,0,0,9,1e-12,0.910324,0,2.34195e-11,3.73624e-12
Hessenberg basic,906,0,0,9,1e-12,0.859313,0,2.13731e-11,3.69015e-12
Hessenberg basic,907,0,0,9,1e-12,0.869567,0,2.76556e-11,4.07964e-12
Hessenberg basic,908,0,0,9,1e-12,0.899184,0,2.13731e-11,3.79973e-12
Hessenberg basic,909,0,0,9,1e-12,0.936491,0,2.52385e-11,4.13662e-12
Hessenberg basic,910,0,0,9,1e-12,1.16166,0,3.50155e-11,3.65649e-12
Hessenberg basic,911,0,0,9,1e-12,0.9091,0,1.94866e-11,3.95606e-12
Hessenberg basic,912,0,0,9,1e-12,0.822639,0,3.45608e-11,3.83396e-12
Hessenberg basic,913,0,0,9,1e-12,0.963831,0,2.16005e-11,3.49279e-12
Hessenberg basic,914,0,0,9,1e-12,1.04024,0,2.20552e-11,3.44562e-12
Hessenberg basic,915,0,0,9,1e-12,0.987594,0,4.38831e-11,4.07711e-12
Hessenberg basic,916,0,0,9,1e-12,0.880668,0,2.51936e-11,3.90509e-12
Hessenberg basic,917,0,0,9,1e-12,0.961651,0,2.80993e-11,3.8113e-12
Hessenberg basic,918,0,0,9,1e-12,0.91399,0,3.09228e-11,3.97955e-12
Hessenberg basic,919,0,0,9,1e-12,0.922743,0,2.54659e-11,3.64767e-12
Hessenberg basic,920,0,0,9,1e-12,0.797088,0,2.36469e-11,3.73801e-12
Hessenberg basic,921,0,0,9,1e-12,0.955445,0,2.42214e-11,3.63652e-12
Hessenberg basic,922,0,0,9,1e-12,0.897036,0,2.59206e-11,4.03247e-12
Hessenberg basic,923,0,0,9,1e-12,0.953558,0,2.13731e-11,3.79955e-12
Hessenberg basic,924,0,0,9,1e-12,0.884226,0,2.0258e-11,3.72208e-12
Hessenberg basic,925,0,0,9,1e-12,0.985953,0,2.59206e-11,3.43392e-12
Hessenberg basic,926,0,0,9,1e-12,0.928446,0,2.04636e-11,4.30001e-12
Hessenberg basic,927,0,0,9,1e-12,0.972655,0,2.6148e-11,3.93667e-12
Hessenberg basic,928,0,0,9,1e-12,0.92274,0,2.16005e-11,3.59291e-12
Hessenberg basic,929,0,0,9,1e-12,1.0148,0,2.74737e-11,4.05331e-12
Hessenberg basic,930,0,0,9,1e-12,0.955101,0,1.8872e-11,3.63364e-12
Hessenberg basic,931,0,0,9,1e-12,1.01572,0,2.9786e-11,3.72684e-12
Hessenberg basic,932,0,0,9,1e-12,0.954259,0,2.37885e-11,4.25785e-12
Hessenberg basic,933,0,0,9,1e-12,1.28376,0,2.41016e-11,3.51041e-12
Hessenberg basic,934,0,0,9,1e-12,1.09897,0,2.04636e-11,3.57663e-12
Hessenberg basic,935,0,0,9,1e-12,1.23888,0,2.7751e-11,3.78303e-12
Hessenberg basic,936,0,0,9,1e-12,0.875901,0,2.10661e-11,3.83191e-12
Hessenberg basic,937,0,0,9,1e-12,1.04056,0,2.02363e-11,3.48131e-12
Hessenberg basic,938,0,0,9,1e-12,0.981071,0,2.59206e-11,3.768e-12
Hessenberg basic,939,0,0,9,1e-12,1.01023,0,2.34195e-11,3.56169e-12
Hessenberg basic,940,0,0,9,1e-12,0.955181,0,2.2879e-11,4.13792e-12
Hessenberg basic,941,0,0,9,1e-12,1.0346,0,2.77396e-11,3.90686e-12
Hessenberg basic,942,0,0,9,1e-12,0.988125,0,2.08221e-11,3.59201e-12
Hessenberg basic,943,0,0,9,1e-12,1.05132,0,2.09184e-11,3.6731e-12
Hessenberg basic,944,0,0,9,1e-12,0.939412,0,3.22871e-11,3.609e-12
Hessenberg basic,945,0,0,9,1e-12,1.0701,0,2.81943e-11,3.9535e-12
Hessenberg basic,946,0,0,9,1e-12,1.01857,0,2.6148e-11,3.91639e-12
Hessenberg basic,947,0,0,9,1e-12,1.07036,0,3.11502e-11,3.79269e-12
Hessenberg basic,948,0,0,9,1e-12,0.972327,0,2.81943e-11,3.67364e-12
Hessenberg basic,949,0,0,9,1e-12,1.07297,0,2.68301e-11,3.80847e-12
Hessenberg basic,950,0,0,9,1e-12,1.01591,0,1.90995e-11,3.73006e-12
Hessenberg basic,951,0,0,9,1e-12,1.07468,0,2.18279e-11,3.75168e-12
Hessenberg basic,952,0,0,9,1e-12,0.916904,0,2.59206e-11,3.86481e-12
Hessenberg basic,953,0,0,9,1e-12,1.10694,0,2.52385e-11,3.67038e-12
Hessenberg basic,954,0,0,9,1e-12,1.0548,0,2.22826e-11,3.59846e-12
Hessenberg basic,955,0,0,9,1e-12,1.1556,0,2.20552e-11,3.71659e-12
Hessenberg basic,956,0,0,9,1e-12,0.9836,0,2.7967e-11,3.66238e-12
Hessenberg basic,957,0,0,9,1e-12,1.13831,0,1.79625e-11,4.01234e-12
Hessenberg basic,958,0,0,9,1e-12,1.08795,0,2.52385e-11,3.79591e-12
Hessenberg basic,959,0,0,9,1e-12,1.14612,0,2.13777e-11,3.38446e-12
Hessenberg basic,960,0,0,9,1e-12,1.39426,0,2.31921e-11,3.66023e-12
Hessenberg basic,961,0,0,9,1e-12,1.1412,0,2.16005e-11,3.53506e-12
Hessenberg basic,962,0,0,9,1e-12,1.10618,0,2.04636e-11,3.63681e-12
Hessenberg basic,963,0,0,9,1e-12,1.20531,0,2.29411e-11,4.05648e-12
Hessenberg basic,964,0,0,9,1e-12,1.00772,0,2.16005e-11,3.48957e-12
Hessenberg basic,965,0,0,9,1e-12,1.18011,0,2.27374e-11,3.67782e-12
Hessenberg basic,966,0,0,9,1e-12,1.14317,0,2.68301e-11,3.85641e-12
Hessenberg basic,967,0,0,9,1e-12,1.12885,0,2.12938e-11,3.90202e-12
Hessenberg basic,968,0,0,9,1e-12,0.986252,0,2.28365e-11,3.90052e-12
Hessenberg basic,969,0,0,9,1e-12,1.20099,0,2.70575e-11,3.78799e-12
Hessenberg basic,970,0,0,9,1e-12,1.12345,0,1.86057e-11,3.85654e-12
Hessenberg basic,971,0,0,9,1e-12,1.18464,0,3.33159e-11,4.01187e-12
Hessenberg basic,972,0,0,9,1e-12,1.08719,0,2.68301e-11,3.99681e-12
Hessenberg basic,973,0,0,9,1e-12,1.21723,0,2.51412e-11,4.00052e-12
Hessenberg basic,974,0,0,9,1e-12,1.14914,0,2.13731e-11,3.70223e-12
Hessenberg basic,975,0,0,9,1e-12,1.24705,0,2.71483e-11,3.80225e-12
Hessenberg basic,976,0,0,9,1e-12,1.06255,0,2.52984e-11,3.82449e-12
Hessenberg basic,977,0,0,9,1e-12,1.23593,0,2.04636e-11,3.92889e-12
Hessenberg basic,978,0,0,9,1e-12,1.20969,0,2.52385e-11,3.83083e-12
Hessenberg basic,979,0,0,9,1e-12,1.27275,0,2.34719e-11,3.93048e-12
Hessenberg basic,980,0,0,9,1e-12,1.12762,0,1.58807e-11,3.39802e-12
Hessenberg basic,981,0,0,9,1e-12,1.26895,0,2.6148e-11,3.87308e-12
Hessenberg basic,982,0,0,9,1e-12,1.17079,0,2.47837e-11,3.7206e-12
Hessenberg basic,983,0,0,9,1e-12,1.30071,0,2.4329e-11,3.47614e-12
Hessenberg basic,984,0,0,9,1e-12,1.0738,0,2.6148e-11,3.91294e-12
Hessenberg basic,985,0,0,9,1e-12,1.2822,0,2.04636e-11,3.79874e-12
Hessenberg basic,986,0,0,9,1e-12,1.25118,0,2.84217e-11,3.96423e-12
Hessenberg basic,987,0,0,9,1e-12,1.35198,0,2.20552e-11,3.67863e-12
Hessenberg basic,988,0,0,9,1e-12,1.15944,0,1.93268e-11,3.71503e-12
Hessenberg basic,989,0,0,9,1e-12,1.32764,0,2.45564e-11,3.55214e-12
Hessenberg basic,990,0,0,9,1e-12,1.23242,0,2.20552e-11,4.09249e-12
Hessenberg basic,991,0,0,9,1e-12,1.31915,0,2.50111e-11,3.91783e-12
Hessenberg basic,992,0,0,9,1e-12,1.18013,0,2.46593e-11,3.58236e-12
Hessenberg basic,993,0,0,9,1e-12,1.25078,0,1.81913e-11,3.96431e-12
Hessenberg basic,994,0,0,9,1e-12,1.19699,0,2.66968e-11,3.80461e-12
Hessenberg basic,995,0,0,9,1e-12,1.32408,0,1.95541e-11,3.63938e-12
Hessenberg basic,996,0,0,9,1e-12,1.18335,0,2.10321e-11,3.82343e-12
Hessenberg basic,997,0,0,9,1e-12,1.3182,0,2.41016e-11,3.50712e-12
Hessenberg basic,998,0,0,9,1e-12,1.30547,0,1.97815e-11,3.56676e-12
Hessenberg basic,999,0,0,9,1e-12,1.32606,0,1.89963e-11,3.97887e-12
Hessenberg basic,1000,0,0,9,1e-12,1.15513,0,1.81899e-11,3.4154e-12
