version, size, hermitian, complex, seed, tol, runtime in s,min_error, max_error, avg_error
Hessenberg basic,900,0,0,2,1e-12,0.771151,0,2.52203e-11,3.43577e-12
Hessenberg basic,901,0,0,2,1e-12,0.836416,0,2.7967e-11,3.36552e-12
Hessenberg basic,902,0,0,2,1e-12,0.804796,0,3.18323e-11,3.42213e-12
Hessenberg basic,903,0,0,2,1e-12,0.876493,0,2.04636e-11,3.37051e-12
Hessenberg basic,904,0,0,2,1e-12,0.728705,0,3.18323e-11,3.42613e-12
Hessenberg basic,905,0,0,2,1e-12,0.861486,0,2.4329e-11,3.39402e-12
Hessenberg basic,906,0,0,2,1e-12,0.829012,0,3.13776e-11,3.05714e-12
Hessenberg basic,907,0,0,2,1e-12,0.873965,0,2.8006e-11,3.34095e-12
Hessenberg basic,908,0,0,2,1e-12,0.789832,0,2.52385e-11,3.0605e-12
Hessenberg basic,909,0,0,2,1e-12,0.905719,0,2.63753e-11,3.66955e-12
Hessenberg basic,910,0,0,2,1e-12,0.872815,0,2.251e-11,3.14804e-12
Hessenberg basic,911,0,0,2,1e-12,0.843951,0,2.04636e-11,3.22108e-12
Hessenberg basic,912,0,0,2,1e-12,0.803007,0,2.34642e-11,3.61464e-12
Hessenberg basic,913,0,0,2,1e-12,0.91283,0,2.36469e-11,3.47187e-12
Hessenberg basic,914,0,0,2,1e-12,0.860326,0,2.31921e-11,3.27844e-12
Hessenberg basic,915,0,0,2,1e-12,0.925789,0,2.34195e-11,3.3936e-12
Hessenberg basic,916,0,0,2,1e-12,0.815113,0,2.41016e-11,3.42621e-12
Hessenberg basic,917,0,0,2,1e-12,0.916145,0,2.41016e-11,3.54624e-12
Hessenberg basic,918,0,0,2,1e-12,0.877045,0,3.20597e-11,3.48574e-12
Hessenberg basic,919,0,0,2,1e-12,0.935352,0,2.68301e-11,3.42343e-12
Hessenberg basic,920,0,0,2,1e-12,0.809125,0,2.4329e-11,3.34376e-12
Hessenberg basic,921,0,0,2,1e-12,0.937569,0,2.88765e-11,3.55493e-12
Hessenberg basic,922,0,0,2,1e-12,0.874478,0,2.39912e-11,3.49782e-12
Hessenberg basic,923,0,0,2,1e-12,0.942422,0,3.36513e-11,3.59057e-12
Hessenberg basic,924,0,0,2,1e-12,0.885818,0,2.34195e-11,3.40837e-12
Hessenberg basic,925,0,0,2,1e-12,1.02036,0,1.90994e-11,3.02549e-12
Hessenberg basic,926,0,0,2,1e-12,0.934925,0,1.43245e-11,2.93038e-12
Hessenberg basic,927,0,0,2,1e-12,0.986629,0,3.16049e-11,3.54203e-12
Hessenberg basic,928,0,0,2,1e-12,0.897806,0,2.22826e-11,3.29298e-12
Hessenberg basic,929,0,0,2,1e-12,0.9711,0,2.24798e-11,3.39782e-12
Hessenberg basic,930,0,0,2,1e-12,0.929858,0,1.84359e-11,3.55251e-12
Hessenberg basic,931,0,0,2,1e-12,0.978714,0,2.47855e-11,3.51873e-12
Hessenberg basic,932,0,0,2,1e-12,0.899923,0,2.75122e-11,3.81061e-12
Hessenberg basic,933,0,0,2,1e-12,0.988341,0,2.16005e-11,3.42518e-12
Hessenberg basic,934,0,0,2,1e-12,0.977814,0,2.86491e-11,3.54979e-12
Hessenberg basic,935,0,0,2,1e-12,1.04335,0,3.11502e-11,3.48061e-12
Hessenberg basic,936,0,0,2,1e-12,0.862988,0,2.77396e-11,3.6336e-12
Hessenberg basic,937,0,0,2,1e-12,0.969643,0,1.96007e-11,3.48735e-12
Hessenberg basic,938,0,0,2,1e-12,0.94672,0,2.34195e-11,3.6326e-12
Hessenberg basic,939,0,0,2,1e-12,0.97973,0,3.06954e-11,3.92402e-12
Hessenberg basic,940,0,0,2,1e-12,0.912582,0,4.00178e-11,3.36611e-12
Hessenberg basic,941,0,0,2,1e-12,1.0173,0,2.04636e-11,3.36857e-12
Hessenberg basic,942,0,0,2,1e-12,0.986012,0,2.84217e-11,3.29489e-12
Hessenberg basic,943,0,0,2,1e-12,1.04592,0,2.95586e-11,3.39126e-12
Hessenberg basic,944,0,0,2,1e-12,0.925015,0,2.45564e-11,3.26553e-12
Hessenberg basic,945,0,0,2,1e-12,1.06502,0,3.86535e-11,3.83925e-12
Hessenberg basic,946,0,0,2,1e-12,1.02197,0,3.27418e-11,3.27848e-12
Hessenberg basic,947,0,0,2,1e-12,1.08222,0,2.80155e-11,3.78541e-12
Hessenberg basic,948,0,0,2,1e-12,1.00639,0,3.20597e-11,3.76124e-12
Hessenberg basic,949,0,0,2,1e-12,1.18664,0,3.04681e-11,3.82868e-12
Hessenberg basic,950,0,0,2,1e-12,1.01871,0,2.00089e-11,3.33344e-12
Hessenberg basic,951,0,0,2,1e-12,1.05955,0,2.38742e-11,3.44549e-12
Hessenberg basic,952,0,0,2,1e-12,0.907821,0,2.75122e-11,3.78173e-12
Hessenberg basic,953,0,0,2,1e-12,1.11075,0,2.38742e-11,3.57257e-12
Hessenberg basic,954,0,0,2,1e-12,1.06705,0,2.1519e-11,3.56449e-12
Hessenberg basic,955,0,0,2,1e-12,1.13063,0,2.50111e-11,3.34869e-12
Hessenberg basic,956,0,0,2,1e-12,1.0192,0,2.96982e-11,3.55222e-12
Hessenberg basic,957,0,0,2,1e-12,1.17429,0,2.29647e-11,3.36653e-12
Hessenberg basic,958,0,0,2,1e-12,1.08339,0,2.29647e-11,3.44559e-12
Hessenberg basic,959,0,0,2,1e-12,1.15644,0,3.04681e-11,3.43225e-12
Hessenberg basic,960,0,0,2,1e-12,1.40493,0,2.09184e-11,3.22806e-12
Hessenberg basic,961,0,0,2,1e-12,1.13213,0,3.88809e-11,3.4053e-12
Hessenberg basic,962,0,0,2,1e-12,1.08304,0,2.52385e-11,3.42843e-12
Hessenberg basic,963,0,0,2,1e-12,1.20086,0,2.77396e-11,3.16114e-12
Hessenberg basic,964,0,0,2,1e-12,0.941048,0,2.56932e-11,3.37131e-12
Hessenberg basic,965,0,0,2,1e-12,1.13954,0,4.41105e-11,3.48694e-12
Hessenberg basic,966,0,0,2,1e-12,1.11288,0,5.32054e-11,3.69602e-12
Hessenberg basic,967,0,0,2,1e-12,1.14444,0,3.47882e-11,3.62412e-12
Hessenberg basic,968,0,0,2,1e-12,0.9968,0,1.77351e-11,3.1053e-12
Hessenberg basic,969,0,0,2,1e-12,1.22296,0,2.34195e-11,3.7004e-12
Hessenberg basic,970,0,0,2,1e-12,1.17779,0,2.5529e-11,3.77377e-12
Hessenberg basic,971,0,0,2,1e-12,1.22527,0,2.91038e-11,3.22506e-12
Hessenberg basic,972,0,0,2,1e-12,1.07931,0,3.88809e-11,3.67853e-12
Hessenberg basic,973,0,0,2,1e-12,1.22591,0,3.61524e-11,3.37716e-12
Hessenberg basic,974,0,0,2,1e-12,1.18433,0,1.56888e-11,3.06525e-12
Hessenberg basic,975,0,0,2,1e-12,1.22641,0,2.37322e-11,3.71116e-12
Hessenberg basic,976,0,0,2,1e-12,1.07239,0,3.52429e-11,3.04918e-12
Hessenberg basic,977,0,0,2,1e-12,1.23781,0,1.97815e-11,3.09027e-12
Hessenberg basic,978,0,0,2,1e-12,1.19915,0,2.36469e-11,3.53499e-12
Hessenberg basic,979,0,0,2,1e-12,1.28984,0,2.59206e-11,3.49527e-12
Hessenberg basic,980,0,0,2,1e-12,1.10898,0,3.31966e-11,3.66897e-12
Hessenberg basic,981,0,0,2,1e-12,1.31503,0,3.06954e-11,3.45478e-12
Hessenberg basic,982,0,0,2,1e-12,1.20864,0,2.47837e-11,3.27395e-12
Hessenberg basic,983,0,0,2,1e-12,1.31006,0,2.29647e-11,3.30019e-12
Hessenberg basic,984,0,0,2,1e-12,1.06355,0,3.79714e-11,3.19216e-12
Hessenberg basic,985,0,0,2,1e-12,1.27114,0,2.4329e-11,3.43429e-12
Hessenberg basic,986,0,0,2,1e-12,1.2205,0,2.20755e-11,3.36085e-12
Hessenberg basic,987,0,0,2,1e-12,1.31362,0,3.43334e-11,3.52908e-12
Hessenberg basic,988,0,0,2,1e-12,1.15252,0,2.27839e-11,3.64229e-12
Hessenberg basic,989,0,0,2,1e-12,1.32251,0,4.66116e-11,3.36531e-12
Hessenberg basic,990,0,0,2,1e-12,1.21693,0,2.95586e-11,3.1685e-12
Hessenberg basic,991,0,0,2,1e-12,1.28369,0,3.38787e-11,3.50465e-12
Hessenberg basic,992,0,0,2,1e-12,1.15766,0,2.54659e-11,3.25325e-12
Hessenberg basic,993,0,0,2,1e-12,1.17216,0,3.52429e-11,3.26513e-12
Hessenberg basic,994,0,0,2,1e-12,1.16936,0,2.93312e-11,3.13336e-12
Hessenberg basic,995,0,0,2,1e-12,1.34712,0,2.36469e-11,3.43116e-12
Hessenberg basic,996,0,0,2,1e-12,1.18163,0,3.00133e-11,3.37225e-12
Hessenberg basic,997,0,0,2,1e-12,1.34522,0,3.06954e-11,3.50581e-12
Hessenberg basic,998,0,0,2,1e-12,1.30053,0,2.16005e-11,3.52602e-12
Hessenberg basic,999,0,0,2,1e-12,1.34019,0,3.00133e-11,3.15506e-12
Hessenberg basic,1000,0,0,2,1e-12,1.13071,0,2.36469e-11,3.5017e-12
