version, size, hermitian, complex, seed, tol, runtime in s,min_error, max_error, avg_error
Hessenberg basic,900,0,0,5,1e-12,0.774866,0,8.51514e-11,3.9445e-12
Hessenberg basic,901,0,0,5,1e-12,0.888668,0,8.70841e-11,3.91368e-12
Hessenberg basic,902,0,0,5,1e-12,0.820981,0,7.68523e-11,3.94769e-12
Hessenberg basic,903,0,0,5,1e-12,0.909961,0,8.17408e-11,3.80329e-12
Hessenberg basic,904,0,0,5,1e-12,0.74938,0,7.54881e-11,3.78955e-12
Hessenberg basic,905,0,0,5,1e-12,0.862115,0,7.74207e-11,3.92102e-12
Hessenberg basic,906,0,0,5,1e-12,0.824113,0,7.62839e-11,3.8478e-12
Hessenberg basic,907,0,0,5,1e-12,0.880946,0,7.98082e-11,3.91922e-12
Hessenberg basic,908,0,0,5,1e-12,0.810609,0,8.00355e-11,3.48708e-12
Hessenberg basic,909,0,0,5,1e-12,0.892222,0,7.41238e-11,3.69962e-12
Hessenberg basic,910,0,0,5,1e-12,0.882073,0,7.9126e-11,3.94587e-12
Hessenberg basic,911,0,0,5,1e-12,0.872341,0,8.26503e-11,3.61326e-12
Hessenberg basic,912,0,0,5,1e-12,0.798839,0,7.85576e-11,4.03211e-12
Hessenberg basic,913,0,0,5,1e-12,0.889872,0,7.88987e-11,3.76563e-12
Hessenberg basic,914,0,0,5,1e-12,0.868596,0,8.17408e-11,3.91252e-12
Hessenberg basic,915,0,0,5,1e-12,0.914394,0,7.9126e-11,3.93582e-12
Hessenberg basic,916,0,0,5,1e-12,0.834851,0,7.93534e-11,3.9365e-12
Hessenberg basic,917,0,0,5,1e-12,0.919743,0,8.86757e-11,3.88013e-12
Hessenberg basic,918,0,0,5,1e-12,0.885343,0,8.58336e-11,3.78947e-12
Hessenberg basic,919,0,0,5,1e-12,0.919563,0,7.99218e-11,4.03344e-12
Hessenberg basic,920,0,0,5,1e-12,0.797617,0,7.98082e-11,3.72835e-12
Hessenberg basic,921,0,0,5,1e-12,0.915807,0,7.94671e-11,3.91632e-12
Hessenberg basic,922,0,0,5,1e-12,0.872349,0,7.78755e-11,3.80214e-12
Hessenberg basic,923,0,0,5,1e-12,0.912532,0,7.29869e-11,4.12823e-12
Hessenberg basic,924,0,0,5,1e-12,0.862591,0,7.78755e-11,3.79308e-12
Hessenberg basic,925,0,0,5,1e-12,0.951138,0,7.96945e-11,3.65386e-12
Hessenberg basic,926,0,0,5,1e-12,0.919649,0,8.0604e-11,3.59693e-12
Hessenberg basic,927,0,0,5,1e-12,0.958909,0,7.41238e-11,3.62143e-12
Hessenberg basic,928,0,0,5,1e-12,0.89174,0,7.65112e-11,3.84702e-12
Hessenberg basic,929,0,0,5,1e-12,0.96348,0,8.17408e-11,4.21588e-12
Hessenberg basic,930,0,0,5,1e-12,0.941542,0,8.28777e-11,3.60961e-12
Hessenberg basic,931,0,0,5,1e-12,0.969266,0,8.19682e-11,3.83974e-12
Hessenberg basic,932,0,0,5,1e-12,0.881013,0,8.0604e-11,3.45048e-12
Hessenberg basic,933,0,0,5,1e-12,1.0132,0,7.78755e-11,3.92682e-12
Hessenberg basic,934,0,0,5,1e-12,0.959163,0,7.56017e-11,3.97467e-12
Hessenberg basic,935,0,0,5,1e-12,1.00361,0,7.98082e-11,3.7046e-12
Hessenberg basic,936,0,0,5,1e-12,0.86548,0,7.6966e-11,3.69904e-12
Hessenberg basic,937,0,0,5,1e-12,0.973677,0,7.86713e-11,4.12416e-12
Hessenberg basic,938,0,0,5,1e-12,0.931001,0,7.37828e-11,3.86414e-12
Hessenberg basic,939,0,0,5,1e-12,1.00873,0,8.31051e-11,3.96772e-12
Hessenberg basic,940,0,0,5,1e-12,0.915869,0,7.99218e-11,3.96686e-12
Hessenberg basic,941,0,0,5,1e-12,1.04114,0,7.86713e-11,3.56861e-12
Hessenberg basic,942,0,0,5,1e-12,0.992175,0,7.65112e-11,3.65273e-12
Hessenberg basic,943,0,0,5,1e-12,1.03747,0,7.9126e-11,3.66607e-12
Hessenberg basic,944,0,0,5,1e-12,0.925071,0,7.68523e-11,3.55231e-12
Hessenberg basic,945,0,0,5,1e-12,1.07487,0,7.9126e-11,3.51072e-12
Hessenberg basic,946,0,0,5,1e-12,1.02239,0,7.54881e-11,3.7083e-12
Hessenberg basic,947,0,0,5,1e-12,1.07617,0,8.11724e-11,3.72768e-12
Hessenberg basic,948,0,0,5,1e-12,0.976127,0,7.66249e-11,3.24217e-12
Hessenberg basic,949,0,0,5,1e-12,1.0635,0,7.98082e-11,3.50547e-12
Hessenberg basic,950,0,0,5,1e-12,0.994671,0,7.84439e-11,3.52874e-12
Hessenberg basic,951,0,0,5,1e-12,1.05234,0,7.83302e-11,3.70299e-12
Hessenberg basic,952,0,0,5,1e-12,0.932088,0,7.63976e-11,3.42368e-12
Hessenberg basic,953,0,0,5,1e-12,1.12298,0,7.63976e-11,3.67825e-12
Hessenberg basic,954,0,0,5,1e-12,1.0671,0,7.8785e-11,3.52333e-12
Hessenberg basic,955,0,0,5,1e-12,1.13557,0,7.82165e-11,3.52347e-12
Hessenberg basic,956,0,0,5,1e-12,1.00509,0,7.53744e-11,3.60524e-12
Hessenberg basic,957,0,0,5,1e-12,1.13812,0,8.19682e-11,3.25924e-12
Hessenberg basic,958,0,0,5,1e-12,1.07115,0,7.76481e-11,3.6258e-12
Hessenberg basic,959,0,0,5,1e-12,1.12891,0,7.54881e-11,3.53727e-12
Hessenberg basic,960,0,0,5,1e-12,1.38565,0,7.61702e-11,3.31151e-12
Hessenberg basic,961,0,0,5,1e-12,1.14116,0,7.98082e-11,3.62598e-12
Hessenberg basic,962,0,0,5,1e-12,1.09321,0,7.96945e-11,3.56887e-12
Hessenberg basic,963,0,0,5,1e-12,1.18606,0,7.6966e-11,3.77052e-12
Hessenberg basic,964,0,0,5,1e-12,1.00762,0,7.9126e-11,3.61586e-12
Hessenberg basic,965,0,0,5,1e-12,1.11777,0,8.67431e-11,3.37709e-12
Hessenberg basic,966,0,0,5,1e-12,1.09396,0,8.15135e-11,3.44305e-12
Hessenberg basic,967,0,0,5,1e-12,1.12135,0,7.60565e-11,3.4191e-12
Hessenberg basic,968,0,0,5,1e-12,0.974877,0,7.62839e-11,3.32516e-12
Hessenberg basic,969,0,0,5,1e-12,1.203,0,8.10587e-11,3.35983e-12
Hessenberg basic,970,0,0,5,1e-12,1.13482,0,7.59428e-11,3.69498e-12
Hessenberg basic,971,0,0,5,1e-12,1.19679,0,8.13998e-11,3.5236e-12
Hessenberg basic,972,0,0,5,1e-12,1.0524,0,7.94671e-11,3.67591e-12
Hessenberg basic,973,0,0,5,1e-12,1.19506,0,8.04903e-11,3.52784e-12
Hessenberg basic,974,0,0,5,1e-12,1.15328,0,7.46923e-11,3.44316e-12
Hessenberg basic,975,0,0,5,1e-12,1.23391,0,7.6966e-11,3.36003e-12
Hessenberg basic,976,0,0,5,1e-12,1.05602,0,8.07177e-11,3.44369e-12
Hessenberg basic,977,0,0,5,1e-12,1.21599,0,7.83302e-11,3.43035e-12
Hessenberg basic,978,0,0,5,1e-12,1.16698,0,8.00355e-11,3.59437e-12
Hessenberg basic,979,0,0,5,1e-12,1.23268,0,7.95808e-11,3.33684e-12
Hessenberg basic,980,0,0,5,1e-12,1.11657,0,8.02629e-11,3.3192e-12
Hessenberg basic,981,0,0,5,1e-12,1.22509,0,8.28777e-11,3.385e-12
Hessenberg basic,982,0,0,5,1e-12,1.18466,0,7.63976e-11,3.52134e-12
Hessenberg basic,983,0,0,5,1e-12,1.30025,0,8.03766e-11,3.44344e-12
Hessenberg basic,984,0,0,5,1e-12,1.04049,0,7.76481e-11,3.73345e-12
Hessenberg basic,985,0,0,5,1e-12,1.27284,0,7.96945e-11,3.48624e-12
Hessenberg basic,986,0,0,5,1e-12,1.21613,0,8.31051e-11,3.44305e-12
Hessenberg basic,987,0,0,5,1e-12,1.27461,0,8.03766e-11,3.48739e-12
Hessenberg basic,988,0,0,5,1e-12,1.13583,0,7.70797e-11,3.36162e-12
Hessenberg basic,989,0,0,5,1e-12,1.2991,0,8.03766e-11,3.62806e-12
Hessenberg basic,990,0,0,5,1e-12,1.24073,0,8.62883e-11,3.42734e-12
Hessenberg basic,991,0,0,5,1e-12,1.2823,0,7.82165e-11,3.3517e-12
Hessenberg basic,992,0,0,5,1e-12,1.17916,0,8.0945e-11,3.54073e-12
Hessenberg basic,993,0,0,5,1e-12,1.16415,0,7.52607e-11,3.26414e-12
Hessenberg basic,994,0,0,5,1e-12,1.16717,0,8.00355e-11,3.4094e-12
Hessenberg basic,995,0,0,5,1e-12,1.3129,0,7.43512e-11,3.39504e-12
Hessenberg basic,996,0,0,5,1e-12,1.16303,0,7.85576e-11,3.51504e-12
Hessenberg basic,997,0,0,5,1e-12,1.30981,0,7.9126e-11,3.44008e-12
Hessenberg basic,998,0,0,5,1e-12,1.27427,0,7.6966e-11,3.66242e-12
Hessenberg basic,999,0,0,5,1e-12,1.30487,0,7.94671e-11,3.41425e-12
Hessenberg basic,1000,0,0,5,1e-12,1.11596,0,8.10587e-11,3.58981e-12
