version, size, hermitian, complex, seed, tol, runtime in s,min_error, max_error, avg_error
Hessenberg basic,900,0,0,10,1e-12,0.785575,0,2.22826e-11,3.87782e-12
Hessenberg basic,901,0,0,10,1e-12,0.861647,0,2.34195e-11,3.98938e-12
Hessenberg basic,902,0,0,10,1e-12,0.812247,0,2.56932e-11,4.0393e-12
Hessenberg basic,903,0,0,10,1e-12,0.872096,0,2.35431e-11,3.45892e-12
Hessenberg basic,904,0,0,10,1e-12,0.742242,0,1.82254e-11,3.64328e-12
Hessenberg basic,905,0,0,10,1e-12,0.895371,0,3.00133e-11,4.12607e-12
Hessenberg basic,906,0,0,10,1e-12,0.831158,0,2.6896e-11,3.95977e-12
Hessenberg basic,907,0,0,10,1e-12,0.894951,0,2.47837e-11,3.71471e-12
Hessenberg basic,908,0,0,10,1e-12,0.791097,0,2.0957e-11,3.55841e-12
Hessenberg basic,909,0,0,10,1e-12,0.899419,0,2.251e-11,3.32665e-12
Hessenberg basic,910,0,0,10,1e-12,0.881327,0,2.56932e-11,3.61065e-12
Hessenberg basic,911,0,0,10,1e-12,0.852124,0,2.70575e-11,3.772e-12
Hessenberg basic,912,0,0,10,1e-12,0.80227,0,2.31921e-11,4.0244e-12
Hessenberg basic,913,0,0,10,1e-12,0.908983,0,2.66027e-11,3.46493e-12
Hessenberg basic,914,0,0,10,1e-12,0.853727,0,2.4329e-11,3.623e-12
Hessenberg basic,915,0,0,10,1e-12,0.921523,0,2.59206e-11,3.60956e-12
Hessenberg basic,916,0,0,10,1e-12,0.820777,0,2.52848e-11,4.18965e-12
Hessenberg basic,917,0,0,10,1e-12,0.92535,0,2.01133e-11,3.86248e-12
Hessenberg basic,918,0,0,10,1e-12,0.876394,0,1.85365e-11,3.70914e-12
Hessenberg basic,919,0,0,10,1e-12,0.929689,0,2.93312e-11,3.92085e-12
Hessenberg basic,920,0,0,10,1e-12,0.805066,0,1.97815e-11,3.93658e-12
Hessenberg basic,921,0,0,10,1e-12,0.929289,0,2.35771e-11,3.86266e-12
Hessenberg basic,922,0,0,10,1e-12,0.880454,0,1.74708e-11,3.70307e-12
Hessenberg basic,923,0,0,10,1e-12,0.935306,0,2.52385e-11,3.80051e-12
Hessenberg basic,924,0,0,10,1e-12,0.867831,0,2.6148e-11,3.9814e-12
Hessenberg basic,925,0,0,10,1e-12,0.962934,0,2.22838e-11,3.87496e-12
Hessenberg basic,926,0,0,10,1e-12,0.925101,0,2.66119e-11,3.88215e-12
Hessenberg basic,927,0,0,10,1e-12,0.985398,0,2.2219e-11,3.94941e-12
Hessenberg basic,928,0,0,10,1e-12,0.890865,0,2.58049e-11,3.79827e-12
Hessenberg basic,929,0,0,10,1e-12,0.975299,0,2.47692e-11,3.88383e-12
Hessenberg basic,930,0,0,10,1e-12,0.929881,0,2.52385e-11,3.86806e-12
Hessenberg basic,931,0,0,10,1e-12,0.980145,0,1.90994e-11,3.87127e-12
Hessenberg basic,932,0,0,10,1e-12,0.911136,0,2.67397e-11,4.13671e-12
Hessenberg basic,933,0,0,10,1e-12,1.0153,0,2.76016e-11,3.82481e-12
Hessenberg basic,934,0,0,10,1e-12,0.967867,0,2.04636e-11,3.77892e-12
Hessenberg basic,935,0,0,10,1e-12,1.02416,0,2.31921e-11,3.91553e-12
Hessenberg basic,936,0,0,10,1e-12,0.875132,0,2.68888e-11,3.9173e-12
Hessenberg basic,937,0,0,10,1e-12,1.00037,0,2.31243e-11,4.10444e-12
Hessenberg basic,938,0,0,10,1e-12,0.967389,0,3.5925e-11,3.72792e-12
Hessenberg basic,939,0,0,10,1e-12,0.9968,0,2.38742e-11,3.92149e-12
Hessenberg basic,940,0,0,10,1e-12,0.922176,0,2.68301e-11,3.7073e-12
Hessenberg basic,941,0,0,10,1e-12,1.01723,0,2.64978e-11,4.02213e-12
Hessenberg basic,942,0,0,10,1e-12,1.00589,0,2.95586e-11,4.11278e-12
Hessenberg basic,943,0,0,10,1e-12,1.05212,0,2.59206e-11,3.97704e-12
Hessenberg basic,944,0,0,10,1e-12,0.930222,0,2.91038e-11,3.78728e-12
Hessenberg basic,945,0,0,10,1e-12,1.07362,0,2.09184e-11,3.85661e-12
Hessenberg basic,946,0,0,10,1e-12,1.04738,0,2.00089e-11,3.91234e-12
Hessenberg basic,947,0,0,10,1e-12,1.07853,0,2.21873e-11,3.69243e-12
Hessenberg basic,948,0,0,10,1e-12,0.985458,0,3.13776e-11,4.00676e-12
Hessenberg basic,949,0,0,10,1e-12,1.12172,0,2.18302e-11,3.84905e-12
Hessenberg basic,950,0,0,10,1e-12,1.01523,0,2.68332e-11,3.85202e-12
Hessenberg basic,951,0,0,10,1e-12,1.14036,0,2.48296e-11,3.77874e-12
Hessenberg basic,952,0,0,10,1e-12,0.913262,0,2.99202e-11,3.68076e-12
Hessenberg basic,953,0,0,10,1e-12,1.09188,0,2.57324e-11,4.30765e-12
Hessenberg basic,954,0,0,10,1e-12,1.05175,0,2.66027e-11,4.07182e-12
Hessenberg basic,955,0,0,10,1e-12,1.10348,0,2.52385e-11,4.00557e-12
Hessenberg basic,956,0,0,10,1e-12,1.00601,0,2.9786e-11,4.11862e-12
Hessenberg basic,957,0,0,10,1e-12,1.1309,0,2.74595e-11,3.71679e-12
Hessenberg basic,958,0,0,10,1e-12,1.07144,0,2.31243e-11,3.87959e-12
Hessenberg basic,959,0,0,10,1e-12,1.13206,0,3.21619e-11,4.01677e-12
Hessenberg basic,960,0,0,10,1e-12,1.39206,0,2.55672e-11,4.0051e-12
Hessenberg basic,961,0,0,10,1e-12,1.11919,0,2.49325e-11,4.16355e-12
Hessenberg basic,962,0,0,10,1e-12,1.06429,0,2.75122e-11,4.10573e-12
Hessenberg basic,963,0,0,10,1e-12,1.17967,0,2.53321e-11,4.11094e-12
Hessenberg basic,964,0,0,10,1e-12,0.939652,0,2.34195e-11,4.25322e-12
Hessenberg basic,965,0,0,10,1e-12,1.13168,0,2.04206e-11,3.52518e-12
Hessenberg basic,966,0,0,10,1e-12,1.09203,0,2.53213e-11,4.18151e-12
Hessenberg basic,967,0,0,10,1e-12,1.13108,0,3.22785e-11,4.10973e-12
Hessenberg basic,968,0,0,10,1e-12,1.00862,0,3.48359e-11,3.90959e-12
Hessenberg basic,969,0,0,10,1e-12,1.2372,0,3.11502e-11,3.9736e-12
Hessenberg basic,970,0,0,10,1e-12,1.15605,0,2.23443e-11,3.90506e-12
Hessenberg basic,971,0,0,10,1e-12,1.21168,0,1.8399e-11,3.77729e-12
Hessenberg basic,972,0,0,10,1e-12,1.10282,0,2.45111e-11,4.26458e-12
Hessenberg basic,973,0,0,10,1e-12,1.29205,0,3.34319e-11,4.09947e-12
Hessenberg basic,974,0,0,10,1e-12,1.19054,0,3.7744e-11,4.13858e-12
Hessenberg basic,975,0,0,10,1e-12,1.24861,0,2.17103e-11,3.65327e-12
Hessenberg basic,976,0,0,10,1e-12,1.07625,0,2.75256e-11,4.06271e-12
Hessenberg basic,977,0,0,10,1e-12,1.26477,0,2.16005e-11,3.86421e-12
Hessenberg basic,978,0,0,10,1e-12,1.21137,0,3.10363e-11,4.24006e-12
Hessenberg basic,979,0,0,10,1e-12,1.29824,0,2.13731e-11,3.72895e-12
Hessenberg basic,980,0,0,10,1e-12,1.13016,0,3.22871e-11,4.27499e-12
Hessenberg basic,981,0,0,10,1e-12,1.27576,0,2.84944e-11,4.19541e-12
Hessenberg basic,982,0,0,10,1e-12,1.22571,0,2.56932e-11,3.71858e-12
Hessenberg basic,983,0,0,10,1e-12,1.31023,0,3.01071e-11,4.00491e-12
Hessenberg basic,984,0,0,10,1e-12,1.05394,0,2.47837e-11,4.35256e-12
Hessenberg basic,985,0,0,10,1e-12,1.27315,0,2.95586e-11,4.4984e-12
Hessenberg basic,986,0,0,10,1e-12,1.21777,0,2.84217e-11,4.00774e-12
Hessenberg basic,987,0,0,10,1e-12,1.30291,0,3.03731e-11,4.1851e-12
Hessenberg basic,988,0,0,10,1e-12,1.15616,0,2.33399e-11,4.07035e-12
Hessenberg basic,989,0,0,10,1e-12,1.3161,0,2.6041e-11,4.40712e-12
Hessenberg basic,990,0,0,10,1e-12,1.24458,0,2.22826e-11,3.80572e-12
Hessenberg basic,991,0,0,10,1e-12,1.30989,0,2.95037e-11,4.19485e-12
Hessenberg basic,992,0,0,10,1e-12,1.16579,0,2.87933e-11,4.18187e-12
Hessenberg basic,993,0,0,10,1e-12,1.33711,0,2.54659e-11,3.91664e-12
Hessenberg basic,994,0,0,10,1e-12,1.239,0,2.75498e-11,4.14619e-12
Hessenberg basic,995,0,0,10,1e-12,1.34104,0,2.8065e-11,4.3896e-12
Hessenberg basic,996,0,0,10,1e-12,1.18291,0,2.7653e-11,4.12787e-12
Hessenberg basic,997,0,0,10,1e-12,1.34687,0,3.17095e-11,4.42505e-12
Hessenberg basic,998,0,0,10,1e-12,1.28892,0,2.95586e-11,4.12013e-12
Hessenberg basic,999,0,0,10,1e-12,1.30988,0,2.52385e-11,3.7829e-12
Hessenberg basic,1000,0,0,10,1e-12,1.14357,0,3.42973e-11,4.43907e-12
