version, size, hermitian, complex, seed, tol, runtime in s,min_error, max_error, avg_error
Hessenberg basic,900,0,0,4,1e-12,0.768299,0,2.13731e-11,3.55303e-12
Hessenberg basic,901,0,0,4,1e-12,0.840906,0,2.6148e-11,3.58867e-12
Hessenberg basic,902,0,0,4,1e-12,0.807334,0,3.97904e-11,3.83356e-12
Hessenberg basic,903,0,0,4,1e-12,0.870787,0,2.31921e-11,4.04287e-12
Hessenberg basic,904,0,0,4,1e-12,0.749199,0,2.251e-11,3.91668e-12
Hessenberg basic,905,0,0,4,1e-12,0.865085,0,3.04681e-11,3.8192e-12
Hessenberg basic,906,0,0,4,1e-12,0.824113,0,2.75122e-11,3.67828e-12
Hessenberg basic,907,0,0,4,1e-12,0.881773,0,1.90994e-11,3.76738e-12
Hessenberg basic,908,0,0,4,1e-12,0.809864,0,1.65983e-11,3.61039e-12
Hessenberg basic,909,0,0,4,1e-12,0.914077,0,2.41016e-11,3.60324e-12
Hessenberg basic,910,0,0,4,1e-12,0.896009,0,2.29647e-11,3.61755e-12
Hessenberg basic,911,0,0,4,1e-12,0.873289,0,1.95541e-11,4.18892e-12
Hessenberg basic,912,0,0,4,1e-12,0.790612,0,1.80876e-11,3.56756e-12
Hessenberg basic,913,0,0,4,1e-12,0.904152,0,1.63709e-11,3.163e-12
Hessenberg basic,914,0,0,4,1e-12,0.869792,0,3.16049e-11,3.82569e-12
Hessenberg basic,915,0,0,4,1e-12,0.924665,0,3.20597e-11,3.8173e-12
Hessenberg basic,916,0,0,4,1e-12,0.83915,0,2.20552e-11,3.95956e-12
Hessenberg basic,917,0,0,4,1e-12,0.921302,0,2.4329e-11,3.96386e-12
Hessenberg basic,918,0,0,4,1e-12,0.899625,0,2.81943e-11,3.79774e-12
Hessenberg basic,919,0,0,4,1e-12,0.922455,0,2.20552e-11,3.45815e-12
Hessenberg basic,920,0,0,4,1e-12,0.798159,0,1.86446e-11,3.8644e-12
Hessenberg basic,921,0,0,4,1e-12,0.925823,0,2.29647e-11,3.88056e-12
Hessenberg basic,922,0,0,4,1e-12,0.879618,0,2.50111e-11,3.80874e-12
Hessenberg basic,923,0,0,4,1e-12,0.92182,0,1.98305e-11,3.75346e-12
Hessenberg basic,924,0,0,4,1e-12,0.868473,0,2.13551e-11,3.94616e-12
Hessenberg basic,925,0,0,4,1e-12,0.959201,0,2.54659e-11,3.81973e-12
Hessenberg basic,926,0,0,4,1e-12,0.926226,0,2.75122e-11,3.64035e-12
Hessenberg basic,927,0,0,4,1e-12,0.964453,0,3.11502e-11,3.99976e-12
Hessenberg basic,928,0,0,4,1e-12,0.906366,0,3.52429e-11,3.78781e-12
Hessenberg basic,929,0,0,4,1e-12,0.977535,0,2.72848e-11,3.72931e-12
Hessenberg basic,930,0,0,4,1e-12,0.968247,0,3.00133e-11,3.64169e-12
Hessenberg basic,931,0,0,4,1e-12,0.991906,0,1.95254e-11,3.4493e-12
Hessenberg basic,932,0,0,4,1e-12,0.891901,0,2.70575e-11,3.96876e-12
Hessenberg basic,933,0,0,4,1e-12,1.03626,0,2.56932e-11,4.10633e-12
Hessenberg basic,934,0,0,4,1e-12,0.97198,0,2.88765e-11,4.0654e-12
Hessenberg basic,935,0,0,4,1e-12,1.02455,0,2.58279e-11,3.84412e-12
Hessenberg basic,936,0,0,4,1e-12,0.889136,0,2.00089e-11,3.76973e-12
Hessenberg basic,937,0,0,4,1e-12,0.980714,0,2.38742e-11,3.82194e-12
Hessenberg basic,938,0,0,4,1e-12,0.935605,0,2.52385e-11,4.132e-12
Hessenberg basic,939,0,0,4,1e-12,1.01291,0,2.59206e-11,3.95542e-12
Hessenberg basic,940,0,0,4,1e-12,0.96486,0,2.22826e-11,3.72721e-12
Hessenberg basic,941,0,0,4,1e-12,1.11061,0,2.11289e-11,4.0579e-12
Hessenberg basic,942,0,0,4,1e-12,1.00376,0,2.4329e-11,3.57482e-12
Hessenberg basic,943,0,0,4,1e-12,1.06013,0,3.34239e-11,4.04394e-12
Hessenberg basic,944,0,0,4,1e-12,0.957816,0,3.9563e-11,3.55557e-12
Hessenberg basic,945,0,0,4,1e-12,1.10457,0,3.18323e-11,4.00088e-12
Hessenberg basic,946,0,0,4,1e-12,1.03556,0,2.744e-11,3.82005e-12
Hessenberg basic,947,0,0,4,1e-12,1.09342,0,2.54659e-11,3.82935e-12
Hessenberg basic,948,0,0,4,1e-12,0.96024,0,2.0691e-11,3.67942e-12
Hessenberg basic,949,0,0,4,1e-12,1.085,0,2.47837e-11,3.76159e-12
Hessenberg basic,950,0,0,4,1e-12,1.00457,0,2.22826e-11,3.65083e-12
Hessenberg basic,951,0,0,4,1e-12,1.08385,0,3.09228e-11,3.83889e-12
Hessenberg basic,952,0,0,4,1e-12,0.934874,0,2.68301e-11,3.98587e-12
Hessenberg basic,953,0,0,4,1e-12,1.1317,0,2.0691e-11,3.80535e-12
Hessenberg basic,954,0,0,4,1e-12,1.08113,0,2.02363e-11,3.70874e-12
Hessenberg basic,955,0,0,4,1e-12,1.1368,0,2.66027e-11,3.35713e-12
Hessenberg basic,956,0,0,4,1e-12,1.00642,0,3.25144e-11,3.90252e-12
Hessenberg basic,957,0,0,4,1e-12,1.17088,0,2.22062e-11,4.08764e-12
Hessenberg basic,958,0,0,4,1e-12,1.10725,0,2.17142e-11,3.67093e-12
Hessenberg basic,959,0,0,4,1e-12,1.14791,0,2.81943e-11,3.77495e-12
Hessenberg basic,960,0,0,4,1e-12,1.40942,0,2.73283e-11,3.79786e-12
Hessenberg basic,961,0,0,4,1e-12,1.17304,0,2.81943e-11,4.09021e-12
Hessenberg basic,962,0,0,4,1e-12,1.10775,0,2.44279e-11,3.92732e-12
Hessenberg basic,963,0,0,4,1e-12,1.21605,0,2.00651e-11,3.77049e-12
Hessenberg basic,964,0,0,4,1e-12,1.02594,0,2.88765e-11,3.88616e-12
Hessenberg basic,965,0,0,4,1e-12,1.17133,0,2.41016e-11,3.84064e-12
Hessenberg basic,966,0,0,4,1e-12,1.09996,0,2.13731e-11,3.90605e-12
Hessenberg basic,967,0,0,4,1e-12,1.13783,0,2.36469e-11,4.14715e-12
Hessenberg basic,968,0,0,4,1e-12,0.973831,0,1.93268e-11,3.70207e-12
Hessenberg basic,969,0,0,4,1e-12,1.21208,0,2.93312e-11,3.87098e-12
Hessenberg basic,970,0,0,4,1e-12,1.15024,0,3.25144e-11,4.09402e-12
Hessenberg basic,971,0,0,4,1e-12,1.20877,0,2.5103e-11,3.97247e-12
Hessenberg basic,972,0,0,4,1e-12,1.05699,0,2.05622e-11,3.92271e-12
Hessenberg basic,973,0,0,4,1e-12,1.19161,0,2.00843e-11,3.95135e-12
Hessenberg basic,974,0,0,4,1e-12,1.15723,0,4.61569e-11,4.36702e-12
Hessenberg basic,975,0,0,4,1e-12,1.23971,0,3.41061e-11,3.96444e-12
Hessenberg basic,976,0,0,4,1e-12,1.05876,0,2.0691e-11,3.73343e-12
Hessenberg basic,977,0,0,4,1e-12,1.2427,0,4.02451e-11,3.96218e-12
Hessenberg basic,978,0,0,4,1e-12,1.17058,0,3.56977e-11,3.86895e-12
Hessenberg basic,979,0,0,4,1e-12,1.24746,0,2.72848e-11,3.80163e-12
Hessenberg basic,980,0,0,4,1e-12,1.12371,0,2.88765e-11,3.81599e-12
Hessenberg basic,981,0,0,4,1e-12,1.24331,0,2.7967e-11,3.84956e-12
Hessenberg basic,982,0,0,4,1e-12,1.19727,0,2.59206e-11,3.43388e-12
Hessenberg basic,983,0,0,4,1e-12,1.25075,0,2.56932e-11,3.50553e-12
Hessenberg basic,984,0,0,4,1e-12,1.0428,0,3.20597e-11,3.86666e-12
Hessenberg basic,985,0,0,4,1e-12,1.29595,0,2.75122e-11,3.98559e-12
Hessenberg basic,986,0,0,4,1e-12,1.22712,0,3.20597e-11,3.99317e-12
Hessenberg basic,987,0,0,4,1e-12,1.29891,0,3.04681e-11,3.85375e-12
Hessenberg basic,988,0,0,4,1e-12,1.17208,0,2.68301e-11,3.90521e-12
Hessenberg basic,989,0,0,4,1e-12,1.36961,0,3.11502e-11,3.69493e-12
Hessenberg basic,990,0,0,4,1e-12,1.26084,0,2.20552e-11,3.93267e-12
Hessenberg basic,991,0,0,4,1e-12,1.30564,0,2.31921e-11,3.8564e-12
Hessenberg basic,992,0,0,4,1e-12,1.19201,0,2.59206e-11,3.7464e-12
Hessenberg basic,993,0,0,4,1e-12,1.15618,0,2.79422e-11,4.14652e-12
Hessenberg basic,994,0,0,4,1e-12,1.20532,0,2.9786e-11,4.04324e-12
Hessenberg basic,995,0,0,4,1e-12,1.31355,0,3.02407e-11,4.00447e-12
Hessenberg basic,996,0,0,4,1e-12,1.15546,0,2.56932e-11,3.88565e-12
Hessenberg basic,997,0,0,4,1e-12,1.33631,0,2.1966e-11,3.85452e-12
Hessenberg basic,998,0,0,4,1e-12,1.29108,0,2.54659e-11,4.05915e-12
Hessenberg basic,999,0,0,4,1e-12,1.35619,0,2.91038e-11,3.67305e-12
Hessenberg basic,1000,0,0,4,1e-12,1.11901,0,3.36513e-11,3.85004e-12
