version, size, hermitian, complex, seed, tol, runtime in s,min_error, max_error, avg_error
Hessenberg basic,900,0,0,1,1e-12,0.758933,0,1.86446e-11,4.32017e-12
Hessenberg basic,901,0,0,1,1e-12,0.859884,0,1.81899e-11,4.10509e-12
Hessenberg basic,902,0,0,1,1e-12,0.792771,0,2.50111e-11,3.58952e-12
Hessenberg basic,903,0,0,1,1e-12,0.857218,0,3.31966e-11,3.69551e-12
Hessenberg basic,904,0,0,1,1e-12,0.734994,0,2.31921e-11,4.10621e-12
Hessenberg basic,905,0,0,1,1e-12,0.877724,0,2.72848e-11,3.59962e-12
Hessenberg basic,906,0,0,1,1e-12,0.818454,0,2.56932e-11,3.96674e-12
Hessenberg basic,907,0,0,1,1e-12,0.868342,0,1.98024e-11,3.93248e-12
Hessenberg basic,908,0,0,1,1e-12,0.794632,0,2.6148e-11,3.91617e-12
Hessenberg basic,909,0,0,1,1e-12,0.897482,0,2.09939e-11,3.65157e-12
Hessenberg basic,910,0,0,1,1e-12,0.880219,0,2.36469e-11,3.62462e-12
Hessenberg basic,911,0,0,1,1e-12,0.861968,0,3.5925e-11,3.86026e-12
Hessenberg basic,912,0,0,1,1e-12,0.800722,0,1.97887e-11,4.04785e-12
Hessenberg basic,913,0,0,1,1e-12,0.882086,0,2.251e-11,4.06861e-12
Hessenberg basic,914,0,0,1,1e-12,0.865435,0,1.88618e-11,3.89368e-12
Hessenberg basic,915,0,0,1,1e-12,0.89977,0,1.68946e-11,3.77992e-12
Hessenberg basic,916,0,0,1,1e-12,0.83364,0,1.67587e-11,3.59665e-12
Hessenberg basic,917,0,0,1,1e-12,0.930538,0,2.00435e-11,4.23952e-12
Hessenberg basic,918,0,0,1,1e-12,0.886699,0,1.8872e-11,3.51613e-12
Hessenberg basic,919,0,0,1,1e-12,0.932615,0,3.50155e-11,3.81095e-12
Hessenberg basic,920,0,0,1,1e-12,0.792022,0,3.9563e-11,4.32252e-12
Hessenberg basic,921,0,0,1,1e-12,0.937687,0,2.56932e-11,3.91795e-12
Hessenberg basic,922,0,0,1,1e-12,0.869338,0,3.63798e-11,3.71536e-12
Hessenberg basic,923,0,0,1,1e-12,0.953892,0,3.86535e-11,3.78014e-12
Hessenberg basic,924,0,0,1,1e-12,0.843689,0,2.37135e-11,3.6853e-12
Hessenberg basic,925,0,0,1,1e-12,0.973915,0,3.36513e-11,3.62768e-12
Hessenberg basic,926,0,0,1,1e-12,0.908989,0,3.06954e-11,3.91293e-12
Hessenberg basic,927,0,0,1,1e-12,0.97935,0,2.31921e-11,3.77603e-12
Hessenberg basic,928,0,0,1,1e-12,0.891228,0,4.09273e-11,3.81284e-12
Hessenberg basic,929,0,0,1,1e-12,1.00953,0,2.45564e-11,3.7706e-12
Hessenberg basic,930,0,0,1,1e-12,1.00049,0,2.70575e-11,4.09644e-12
Hessenberg basic,931,0,0,1,1e-12,1.01724,0,3.06954e-11,3.86079e-12
Hessenberg basic,932,0,0,1,1e-12,0.911464,0,2.27374e-11,3.63388e-12
Hessenberg basic,933,0,0,1,1e-12,1.01474,0,2.22826e-11,4.56788e-12
Hessenberg basic,934,0,0,1,1e-12,0.988234,0,2.72848e-11,3.92814e-12
Hessenberg basic,935,0,0,1,1e-12,1.03153,0,2.34195e-11,3.57343e-12
Hessenberg basic,936,0,0,1,1e-12,0.866293,0,1.98835e-11,4.01759e-12
Hessenberg basic,937,0,0,1,1e-12,0.953983,0,2.75122e-11,3.6683e-12
Hessenberg basic,938,0,0,1,1e-12,0.965452,0,2.41016e-11,3.57989e-12
Hessenberg basic,939,0,0,1,1e-12,0.994937,0,2.22826e-11,3.58494e-12
Hessenberg basic,940,0,0,1,1e-12,0.928816,0,2.36469e-11,3.9586e-12
Hessenberg basic,941,0,0,1,1e-12,1.02456,0,2.39823e-11,3.86069e-12
Hessenberg basic,942,0,0,1,1e-12,0.997331,0,2.45564e-11,3.56982e-12
Hessenberg basic,943,0,0,1,1e-12,1.07534,0,2.95586e-11,3.89948e-12
Hessenberg basic,944,0,0,1,1e-12,0.95396,0,2.4329e-11,3.61639e-12
Hessenberg basic,945,0,0,1,1e-12,1.08561,0,2.17033e-11,3.53644e-12
Hessenberg basic,946,0,0,1,1e-12,1.01305,0,2.31574e-11,4.10789e-12
Hessenberg basic,947,0,0,1,1e-12,1.05795,0,3.20597e-11,4.36307e-12
Hessenberg basic,948,0,0,1,1e-12,0.977455,0,2.18279e-11,3.57052e-12
Hessenberg basic,949,0,0,1,1e-12,1.07342,0,2.68301e-11,3.8955e-12
Hessenberg basic,950,0,0,1,1e-12,1.02659,0,2.09184e-11,3.75968e-12
Hessenberg basic,951,0,0,1,1e-12,1.06136,0,2.93312e-11,3.74678e-12
Hessenberg basic,952,0,0,1,1e-12,0.92319,0,2.91038e-11,4.00401e-12
Hessenberg basic,953,0,0,1,1e-12,1.11677,0,2.52385e-11,3.79358e-12
Hessenberg basic,954,0,0,1,1e-12,1.06958,0,1.91848e-11,3.91125e-12
Hessenberg basic,955,0,0,1,1e-12,1.12674,0,2.251e-11,4.34637e-12
Hessenberg basic,956,0,0,1,1e-12,0.987633,0,5.13865e-11,3.71204e-12
Hessenberg basic,957,0,0,1,1e-12,1.14094,0,2.26328e-11,3.54285e-12
Hessenberg basic,958,0,0,1,1e-12,1.0761,0,2.7967e-11,3.68219e-12
Hessenberg basic,959,0,0,1,1e-12,1.12661,0,3.13776e-11,3.42792e-12
Hessenberg basic,960,0,0,1,1e-12,1.35483,0,1.90994e-11,3.98289e-12
Hessenberg basic,961,0,0,1,1e-12,1.14118,0,2.88765e-11,3.8994e-12
Hessenberg basic,962,0,0,1,1e-12,1.09449,0,2.251e-11,3.61627e-12
Hessenberg basic,963,0,0,1,1e-12,1.2102,0,2.66027e-11,4.20519e-12
Hessenberg basic,964,0,0,1,1e-12,0.976754,0,4.11546e-11,4.11972e-12
Hessenberg basic,965,0,0,1,1e-12,1.20692,0,2.81943e-11,3.98325e-12
Hessenberg basic,966,0,0,1,1e-12,1.1455,0,2.44784e-11,3.66201e-12
Hessenberg basic,967,0,0,1,1e-12,1.16129,0,2.07409e-11,3.85416e-12
Hessenberg basic,968,0,0,1,1e-12,0.971916,0,3.50155e-11,3.57854e-12
Hessenberg basic,969,0,0,1,1e-12,1.20932,0,2.13731e-11,3.78426e-12
Hessenberg basic,970,0,0,1,1e-12,1.14022,0,1.75078e-11,3.65941e-12
Hessenberg basic,971,0,0,1,1e-12,1.20155,0,2.38742e-11,3.78036e-12
Hessenberg basic,972,0,0,1,1e-12,1.08247,0,2.27374e-11,3.59038e-12
Hessenberg basic,973,0,0,1,1e-12,1.22626,0,2.31921e-11,3.60996e-12
Hessenberg basic,974,0,0,1,1e-12,1.14839,0,2.30784e-11,3.92161e-12
Hessenberg basic,975,0,0,1,1e-12,1.25026,0,2.68301e-11,3.74894e-12
Hessenberg basic,976,0,0,1,1e-12,1.07546,0,1.90994e-11,3.83391e-12
Hessenberg basic,977,0,0,1,1e-12,1.23987,0,3.18323e-11,3.6544e-12
Hessenberg basic,978,0,0,1,1e-12,1.20011,0,3.81988e-11,3.80849e-12
Hessenberg basic,979,0,0,1,1e-12,1.23398,0,2.27374e-11,3.64727e-12
Hessenberg basic,980,0,0,1,1e-12,1.0997,0,1.77351e-11,3.70896e-12
Hessenberg basic,981,0,0,1,1e-12,1.26335,0,1.97815e-11,3.59815e-12
Hessenberg basic,982,0,0,1,1e-12,1.21165,0,2.04636e-11,3.3737e-12
Hessenberg basic,983,0,0,1,1e-12,1.29055,0,3.61524e-11,3.55145e-12
Hessenberg basic,984,0,0,1,1e-12,1.07083,0,2.0691e-11,3.62663e-12
Hessenberg basic,985,0,0,1,1e-12,1.28861,0,2.56932e-11,3.68019e-12
Hessenberg basic,986,0,0,1,1e-12,1.23646,0,2.251e-11,3.76478e-12
Hessenberg basic,987,0,0,1,1e-12,1.29742,0,2.9786e-11,3.78313e-12
Hessenberg basic,988,0,0,1,1e-12,1.1572,0,3.41061e-11,3.64308e-12
Hessenberg basic,989,0,0,1,1e-12,1.32344,0,3.54703e-11,3.54281e-12
Hessenberg basic,990,0,0,1,1e-12,1.24701,0,2.59206e-11,3.84865e-12
Hessenberg basic,991,0,0,1,1e-12,1.29309,0,2.63753e-11,3.90036e-12
Hessenberg basic,992,0,0,1,1e-12,1.1824,0,2.13308e-11,3.70974e-12
Hessenberg basic,993,0,0,1,1e-12,1.16503,0,2.47837e-11,3.55674e-12
Hessenberg basic,994,0,0,1,1e-12,1.20148,0,2.18279e-11,3.68672e-12
Hessenberg basic,995,0,0,1,1e-12,1.32163,0,2.42492e-11,3.71303e-12
Hessenberg basic,996,0,0,1,1e-12,1.16875,0,2.88765e-11,3.60393e-12
Hessenberg basic,997,0,0,1,1e-12,1.29983,0,1.75609e-11,3.50007e-12
Hessenberg basic,998,0,0,1,1e-12,1.28378,0,2.63753e-11,3.79026e-12
Hessenberg basic,999,0,0,1,1e-12,1.29655,0,2.34195e-11,3.29754e-12
Hessenberg basic,1000,0,0,1,1e-12,1.09034,0,1.86446e-11,3.98693e-12
