version, size, hermitian, complex, seed, tol, runtime in s,min_error, max_error, avg_error
Hessenberg basic,900,0,0,6,1e-12,0.795144,0,2.38742e-11,3.75325e-12
Hessenberg basic,901,0,0,6,1e-12,0.837138,0,2.41016e-11,3.43205e-12
Hessenberg basic,902,0,0,6,1e-12,0.805805,0,1.87993e-11,3.72303e-12
Hessenberg basic,903,0,0,6,1e-12,0.859183,0,2.46176e-11,3.52272e-12
Hessenberg basic,904,0,0,6,1e-12,0.714887,0,1.84615e-11,3.65818e-12
Hessenberg basic,905,0,0,6,1e-12,0.856932,0,2.13731e-11,3.79468e-12
Hessenberg basic,906,0,0,6,1e-12,0.825833,0,2.88765e-11,3.86278e-12
Hessenberg basic,907,0,0,6,1e-12,0.875946,0,2.36469e-11,3.31804e-12
Hessenberg basic,908,0,0,6,1e-12,0.773222,0,2.46742e-11,3.68061e-12
Hessenberg basic,909,0,0,6,1e-12,0.885449,0,2.02353e-11,3.72964e-12
Hessenberg basic,910,0,0,6,1e-12,0.870486,0,1.60234e-11,3.43882e-12
Hessenberg basic,911,0,0,6,1e-12,0.825755,0,2.75122e-11,3.48143e-12
Hessenberg basic,912,0,0,6,1e-12,0.800154,0,2.52385e-11,3.82324e-12
Hessenberg basic,913,0,0,6,1e-12,0.903226,0,2.59206e-11,3.74827e-12
Hessenberg basic,914,0,0,6,1e-12,0.847497,0,2.13489e-11,3.43911e-12
Hessenberg basic,915,0,0,6,1e-12,0.919283,0,2.18279e-11,3.27511e-12
Hessenberg basic,916,0,0,6,1e-12,0.810459,0,3.45608e-11,3.20111e-12
Hessenberg basic,917,0,0,6,1e-12,0.923631,0,2.59296e-11,3.84074e-12
Hessenberg basic,918,0,0,6,1e-12,0.885881,0,2.02363e-11,3.72489e-12
Hessenberg basic,919,0,0,6,1e-12,0.912825,0,1.7053e-11,3.19502e-12
Hessenberg basic,920,0,0,6,1e-12,0.797107,0,1.90994e-11,3.21622e-12
Hessenberg basic,921,0,0,6,1e-12,0.911381,0,1.97815e-11,4.05162e-12
Hessenberg basic,922,0,0,6,1e-12,0.874677,0,1.77792e-11,3.33032e-12
Hessenberg basic,923,0,0,6,1e-12,0.914174,0,2.34195e-11,3.87651e-12
Hessenberg basic,924,0,0,6,1e-12,0.866393,0,1.93268e-11,3.69953e-12
Hessenberg basic,925,0,0,6,1e-12,0.947049,0,2.75122e-11,4.19714e-12
Hessenberg basic,926,0,0,6,1e-12,0.915166,0,2.02466e-11,3.8089e-12
Hessenberg basic,927,0,0,6,1e-12,0.966959,0,2.93312e-11,3.65281e-12
Hessenberg basic,928,0,0,6,1e-12,0.895975,0,2.4329e-11,3.65246e-12
Hessenberg basic,929,0,0,6,1e-12,0.97654,0,2.12424e-11,4.01375e-12
Hessenberg basic,930,0,0,6,1e-12,0.923819,0,2.93312e-11,3.41506e-12
Hessenberg basic,931,0,0,6,1e-12,0.97335,0,2.14895e-11,3.59162e-12
Hessenberg basic,932,0,0,6,1e-12,0.89431,0,2.18629e-11,4.09555e-12
Hessenberg basic,933,0,0,6,1e-12,1.01705,0,2.27374e-11,3.74721e-12
Hessenberg basic,934,0,0,6,1e-12,0.960831,0,1.90994e-11,3.60756e-12
Hessenberg basic,935,0,0,6,1e-12,1.0035,0,1.97815e-11,3.75796e-12
Hessenberg basic,936,0,0,6,1e-12,0.865115,0,1.84173e-11,3.45559e-12
Hessenberg basic,937,0,0,6,1e-12,0.978719,0,2.45564e-11,3.45878e-12
Hessenberg basic,938,0,0,6,1e-12,0.941294,0,2.30129e-11,3.61057e-12
Hessenberg basic,939,0,0,6,1e-12,0.986272,0,2.0691e-11,3.59993e-12
Hessenberg basic,940,0,0,6,1e-12,0.916645,0,1.95571e-11,3.59359e-12
Hessenberg basic,941,0,0,6,1e-12,1.04931,0,2.72848e-11,3.40558e-12
Hessenberg basic,942,0,0,6,1e-12,1.02562,0,2.86491e-11,3.7893e-12
Hessenberg basic,943,0,0,6,1e-12,1.07056,0,2.17626e-11,4.04562e-12
Hessenberg basic,944,0,0,6,1e-12,0.925642,0,2.75122e-11,3.6231e-12
Hessenberg basic,945,0,0,6,1e-12,1.06155,0,2.36469e-11,3.56243e-12
Hessenberg basic,946,0,0,6,1e-12,1.02064,0,2.18279e-11,3.59088e-12
Hessenberg basic,947,0,0,6,1e-12,1.0733,0,2.02363e-11,3.68746e-12
Hessenberg basic,948,0,0,6,1e-12,0.966561,0,1.66683e-11,3.40089e-12
Hessenberg basic,949,0,0,6,1e-12,1.07895,0,2.24744e-11,3.51502e-12
Hessenberg basic,950,0,0,6,1e-12,0.998981,0,2.45564e-11,3.81794e-12
Hessenberg basic,951,0,0,6,1e-12,1.0495,0,2.20552e-11,3.30596e-12
Hessenberg basic,952,0,0,6,1e-12,0.892746,0,2.22826e-11,3.79648e-12
Hessenberg basic,953,0,0,6,1e-12,1.09503,0,2.77396e-11,3.36112e-12
Hessenberg basic,954,0,0,6,1e-12,1.06352,0,2.09184e-11,3.53741e-12
Hessenberg basic,955,0,0,6,1e-12,1.12486,0,2.2074e-11,3.59911e-12
Hessenberg basic,956,0,0,6,1e-12,1.00321,0,2.583e-11,4.41026e-12
Hessenberg basic,957,0,0,6,1e-12,1.12906,0,2.08485e-11,3.7351e-12
Hessenberg basic,958,0,0,6,1e-12,1.07412,0,2.46284e-11,3.76481e-12
Hessenberg basic,959,0,0,6,1e-12,1.12908,0,1.99125e-11,3.45725e-12
Hessenberg basic,960,0,0,6,1e-12,1.40329,0,2.75122e-11,3.65652e-12
Hessenberg basic,961,0,0,6,1e-12,1.13033,0,2.4329e-11,4.01077e-12
Hessenberg basic,962,0,0,6,1e-12,1.09914,0,2.52915e-11,3.64487e-12
Hessenberg basic,963,0,0,6,1e-12,1.18848,0,2.36319e-11,3.54979e-12
Hessenberg basic,964,0,0,6,1e-12,0.93671,0,2.70575e-11,3.636e-12
Hessenberg basic,965,0,0,6,1e-12,1.13169,0,2.23304e-11,3.75147e-12
Hessenberg basic,966,0,0,6,1e-12,1.09118,7.10543e-15,1.8872e-11,3.60587e-12
Hessenberg basic,967,0,0,6,1e-12,1.12812,0,2.22826e-11,3.95134e-12
Hessenberg basic,968,0,0,6,1e-12,0.985354,0,2.59206e-11,3.56178e-12
Hessenberg basic,969,0,0,6,1e-12,1.20348,0,2.51949e-11,3.43509e-12
Hessenberg basic,970,0,0,6,1e-12,1.13687,0,2.16005e-11,3.63812e-12
Hessenberg basic,971,0,0,6,1e-12,1.15963,0,2.54013e-11,3.92737e-12
Hessenberg basic,972,0,0,6,1e-12,1.05323,0,2.04636e-11,3.59086e-12
Hessenberg basic,973,0,0,6,1e-12,1.17914,0,2.47837e-11,3.81117e-12
Hessenberg basic,974,0,0,6,1e-12,1.15181,0,3.16049e-11,3.80756e-12
Hessenberg basic,975,0,0,6,1e-12,1.22396,0,2.72848e-11,3.79044e-12
Hessenberg basic,976,0,0,6,1e-12,1.06025,0,2.18279e-11,3.65946e-12
Hessenberg basic,977,0,0,6,1e-12,1.20138,0,1.90994e-11,3.62186e-12
Hessenberg basic,978,0,0,6,1e-12,1.17335,0,2.15512e-11,3.87347e-12
Hessenberg basic,979,0,0,6,1e-12,1.24412,0,3.09228e-11,3.92356e-12
Hessenberg basic,980,0,0,6,1e-12,1.08441,0,1.76943e-11,3.69421e-12
Hessenberg basic,981,0,0,6,1e-12,1.23821,0,2.84217e-11,3.75472e-12
Hessenberg basic,982,0,0,6,1e-12,1.19973,0,1.96561e-11,3.60873e-12
Hessenberg basic,983,0,0,6,1e-12,1.30143,0,2.86491e-11,3.6923e-12
Hessenberg basic,984,0,0,6,1e-12,1.05291,0,2.68301e-11,3.80319e-12
Hessenberg basic,985,0,0,6,1e-12,1.29017,0,1.86446e-11,3.86473e-12
Hessenberg basic,986,0,0,6,1e-12,1.21949,0,2.13731e-11,3.6601e-12
Hessenberg basic,987,0,0,6,1e-12,1.31197,0,2.16904e-11,3.92178e-12
Hessenberg basic,988,0,0,6,1e-12,1.14337,0,3.31966e-11,3.82154e-12
Hessenberg basic,989,0,0,6,1e-12,1.31016,0,2.76465e-11,4.04078e-12
Hessenberg basic,990,0,0,6,1e-12,1.22096,0,2.27374e-11,3.86656e-12
Hessenberg basic,991,0,0,6,1e-12,1.29121,0,1.93268e-11,3.53796e-12
Hessenberg basic,992,0,0,6,1e-12,1.15859,0,2.08838e-11,3.66374e-12
Hessenberg basic,993,0,0,6,1e-12,1.16409,0,2.75122e-11,3.77543e-12
Hessenberg basic,994,0,0,6,1e-12,1.16786,0,2.13731e-11,3.72784e-12
Hessenberg basic,995,0,0,6,1e-12,1.32639,0,2.24818e-11,4.00209e-12
Hessenberg basic,996,0,0,6,1e-12,1.16291,0,2.17974e-11,3.91515e-12
Hessenberg basic,997,0,0,6,1e-12,1.32638,0,2.607e-11,3.78763e-12
Hessenberg basic,998,0,0,6,1e-12,1.27742,0,2.34195e-11,3.6645e-12
Hessenberg basic,999,0,0,6,1e-12,1.31366,0,2.41413e-11,3.88158e-12
Hessenberg basic,1000,0,0,6,1e-12,1.11504,0,2.27374e-11,3.8822e-12
