version, size, hermitian, complex, seed, tol, runtime in s,min_error, max_error, avg_error
Hessenberg basic,900,0,0,8,1e-12,0.776042,0,1.79625e-11,3.95489e-12
Hessenberg basic,901,0,0,8,1e-12,0.855763,0,1.69237e-11,3.52623e-12
Hessenberg basic,902,0,0,8,1e-12,0.815841,0,2.45564e-11,3.5753e-12
Hessenberg basic,903,0,0,8,1e-12,0.869442,0,2.45564e-11,3.34439e-12
Hessenberg basic,904,0,0,8,1e-12,0.748609,0,2.68301e-11,3.72516e-12
Hessenberg basic,905,0,0,8,1e-12,0.889328,0,2.29647e-11,3.56935e-12
Hessenberg basic,906,0,0,8,1e-12,0.840407,0,2.45564e-11,3.79474e-12
Hessenberg basic,907,0,0,8,1e-12,0.903186,0,2.02363e-11,3.6605e-12
Hessenberg basic,908,0,0,8,1e-12,0.803801,0,3.43334e-11,3.61967e-12
Hessenberg basic,909,0,0,8,1e-12,0.903523,0,3.34239e-11,3.67199e-12
Hessenberg basic,910,0,0,8,1e-12,0.887866,0,2.25845e-11,3.49611e-12
Hessenberg basic,911,0,0,8,1e-12,0.882768,0,3.36513e-11,3.69021e-12
Hessenberg basic,912,0,0,8,1e-12,0.797035,0,3.52429e-11,3.58363e-12
Hessenberg basic,913,0,0,8,1e-12,0.909095,0,2.54659e-11,3.57683e-12
Hessenberg basic,914,0,0,8,1e-12,0.876559,0,2.13731e-11,3.65755e-12
Hessenberg basic,915,0,0,8,1e-12,0.923958,0,3.04681e-11,3.92019e-12
Hessenberg basic,916,0,0,8,1e-12,0.840336,0,2.16005e-11,3.96151e-12
Hessenberg basic,917,0,0,8,1e-12,0.921849,0,3.02407e-11,3.12948e-12
Hessenberg basic,918,0,0,8,1e-12,0.890739,0,2.29647e-11,3.62711e-12
Hessenberg basic,919,0,0,8,1e-12,0.930437,0,2.41016e-11,3.75461e-12
Hessenberg basic,920,0,0,8,1e-12,0.807409,0,2.18054e-11,3.70146e-12
Hessenberg basic,921,0,0,8,1e-12,0.935401,0,2.95586e-11,3.80114e-12
Hessenberg basic,922,0,0,8,1e-12,0.892123,0,2.29647e-11,3.7008e-12
Hessenberg basic,923,0,0,8,1e-12,0.965517,0,2.66027e-11,3.83667e-12
Hessenberg basic,924,0,0,8,1e-12,0.865053,0,2.66027e-11,3.83976e-12
Hessenberg basic,925,0,0,8,1e-12,0.962134,0,2.95586e-11,3.76709e-12
Hessenberg basic,926,0,0,8,1e-12,0.921604,0,3.11502e-11,3.94952e-12
Hessenberg basic,927,0,0,8,1e-12,0.967375,0,2.27374e-11,3.94548e-12
Hessenberg basic,928,0,0,8,1e-12,0.899515,0,1.90994e-11,3.47195e-12
Hessenberg basic,929,0,0,8,1e-12,0.964393,0,2.93312e-11,3.35016e-12
Hessenberg basic,930,0,0,8,1e-12,0.943586,0,3.66072e-11,4.05885e-12
Hessenberg basic,931,0,0,8,1e-12,0.957121,0,2.9786e-11,3.5117e-12
Hessenberg basic,932,0,0,8,1e-12,0.876744,0,3.32813e-11,3.66623e-12
Hessenberg basic,933,0,0,8,1e-12,1.00607,0,2.00776e-11,3.60456e-12
Hessenberg basic,934,0,0,8,1e-12,0.956903,0,2.86491e-11,3.77473e-12
Hessenberg basic,935,0,0,8,1e-12,1.00402,0,2.72848e-11,3.6792e-12
Hessenberg basic,936,0,0,8,1e-12,0.859006,0,2.23924e-11,3.67534e-12
Hessenberg basic,937,0,0,8,1e-12,0.969512,0,3.34363e-11,3.93041e-12
Hessenberg basic,938,0,0,8,1e-12,0.926115,0,3.09228e-11,3.3985e-12
Hessenberg basic,939,0,0,8,1e-12,0.988268,0,2.63753e-11,3.47549e-12
Hessenberg basic,940,0,0,8,1e-12,0.928956,0,2.54659e-11,3.36774e-12
Hessenberg basic,941,0,0,8,1e-12,1.03341,0,3.81988e-11,3.73039e-12
Hessenberg basic,942,0,0,8,1e-12,0.984373,0,2.29647e-11,3.39547e-12
Hessenberg basic,943,0,0,8,1e-12,1.02659,0,1.74967e-11,3.58216e-12
Hessenberg basic,944,0,0,8,1e-12,0.936192,0,3.04681e-11,4.02728e-12
Hessenberg basic,945,0,0,8,1e-12,1.08153,0,2.72848e-11,3.78191e-12
Hessenberg basic,946,0,0,8,1e-12,1.02228,0,2.16005e-11,3.31832e-12
Hessenberg basic,947,0,0,8,1e-12,1.06102,0,3.02407e-11,3.28514e-12
Hessenberg basic,948,0,0,8,1e-12,0.941399,0,2.65959e-11,3.80114e-12
Hessenberg basic,949,0,0,8,1e-12,1.07058,0,1.95541e-11,3.50185e-12
Hessenberg basic,950,0,0,8,1e-12,0.98332,0,2.16005e-11,3.37533e-12
Hessenberg basic,951,0,0,8,1e-12,1.06415,0,2.07447e-11,3.73957e-12
Hessenberg basic,952,0,0,8,1e-12,0.923206,0,2.50111e-11,3.66208e-12
Hessenberg basic,953,0,0,8,1e-12,1.10392,0,1.84173e-11,3.76502e-12
Hessenberg basic,954,0,0,8,1e-12,1.05621,0,1.97815e-11,3.626e-12
Hessenberg basic,955,0,0,8,1e-12,1.12654,0,1.97815e-11,3.45209e-12
Hessenberg basic,956,0,0,8,1e-12,0.995346,0,1.91441e-11,3.4581e-12
Hessenberg basic,957,0,0,8,1e-12,1.12933,0,2.66027e-11,3.52693e-12
Hessenberg basic,958,0,0,8,1e-12,1.06565,0,2.45564e-11,3.28745e-12
Hessenberg basic,959,0,0,8,1e-12,1.13022,0,3.72893e-11,3.71456e-12
Hessenberg basic,960,0,0,8,1e-12,1.39449,0,2.6148e-11,3.5822e-12
Hessenberg basic,961,0,0,8,1e-12,1.12362,0,1.91386e-11,3.6371e-12
Hessenberg basic,962,0,0,8,1e-12,1.08111,0,2.52385e-11,4.19047e-12
Hessenberg basic,963,0,0,8,1e-12,1.1828,0,2.50111e-11,3.83052e-12
Hessenberg basic,964,0,0,8,1e-12,0.999789,0,2.31921e-11,3.5612e-12
Hessenberg basic,965,0,0,8,1e-12,1.1459,0,3.18323e-11,3.7586e-12
Hessenberg basic,966,0,0,8,1e-12,1.09042,0,2.52385e-11,3.45596e-12
Hessenberg basic,967,0,0,8,1e-12,1.11651,0,3.43334e-11,3.58186e-12
Hessenberg basic,968,0,0,8,1e-12,0.965146,0,2.36469e-11,3.64e-12
Hessenberg basic,969,0,0,8,1e-12,1.18155,0,2.18279e-11,3.81074e-12
Hessenberg basic,970,0,0,8,1e-12,1.1293,0,2.18279e-11,3.50005e-12
Hessenberg basic,971,0,0,8,1e-12,1.18055,0,2.48777e-11,3.9914e-12
Hessenberg basic,972,0,0,8,1e-12,1.04854,0,2.22826e-11,3.43071e-12
Hessenberg basic,973,0,0,8,1e-12,1.18519,0,3.25144e-11,3.9191e-12
Hessenberg basic,974,0,0,8,1e-12,1.152,0,2.04636e-11,3.55452e-12
Hessenberg basic,975,0,0,8,1e-12,1.22098,0,2.02363e-11,3.42156e-12
Hessenberg basic,976,0,0,8,1e-12,1.07214,0,2.251e-11,3.94151e-12
Hessenberg basic,977,0,0,8,1e-12,1.22343,0,2.0691e-11,3.75387e-12
Hessenberg basic,978,0,0,8,1e-12,1.15766,0,2.47837e-11,3.94787e-12
Hessenberg basic,979,0,0,8,1e-12,1.23375,0,2.38742e-11,3.86857e-12
Hessenberg basic,980,0,0,8,1e-12,1.11425,0,2.20031e-11,3.33002e-12
Hessenberg basic,981,0,0,8,1e-12,1.22753,0,2.0691e-11,3.53928e-12
Hessenberg basic,982,0,0,8,1e-12,1.18355,0,3.04681e-11,3.73117e-12
Hessenberg basic,983,0,0,8,1e-12,1.24716,0,2.18279e-11,3.86969e-12
Hessenberg basic,984,0,0,8,1e-12,1.03869,0,2.9786e-11,3.38448e-12
Hessenberg basic,985,0,0,8,1e-12,1.28019,0,2.16005e-11,3.76748e-12
Hessenberg basic,986,0,0,8,1e-12,1.21775,0,3.43334e-11,3.75783e-12
Hessenberg basic,987,0,0,8,1e-12,1.28445,0,2.13731e-11,3.60988e-12
Hessenberg basic,988,0,0,8,1e-12,1.16844,0,1.61067e-11,3.40047e-12
Hessenberg basic,989,0,0,8,1e-12,1.30699,0,2.75122e-11,3.77747e-12
Hessenberg basic,990,0,0,8,1e-12,1.23677,0,2.13985e-11,4.10047e-12
Hessenberg basic,991,0,0,8,1e-12,1.28981,0,2.31921e-11,3.99442e-12
Hessenberg basic,992,0,0,8,1e-12,1.17753,0,2.63753e-11,3.34943e-12
Hessenberg basic,993,0,0,8,1e-12,1.15925,0,2.47837e-11,3.88532e-12
Hessenberg basic,994,0,0,8,1e-12,1.89629,0,2.77396e-11,3.80085e-12
Hessenberg basic,995,0,0,8,1e-12,1.31192,0,2.09828e-11,4.01905e-12
Hessenberg basic,996,0,0,8,1e-12,1.18959,0,2.20407e-11,3.94927e-12
Hessenberg basic,997,0,0,8,1e-12,1.52472,0,3.02407e-11,4.12566e-12
Hessenberg basic,998,0,0,8,1e-12,1.33391,0,2.66027e-11,3.84989e-12
Hessenberg basic,999,0,0,8,1e-12,1.4281,0,2.66027e-11,3.73125e-12
Hessenberg basic,1000,0,0,8,1e-12,1.1369,0,2.86491e-11,3.64218e-12
