version, size, hermitian, complex, seed, tol, runtime in s,min_error, max_error, avg_error
Hessenberg basic,900,0,0,3,1e-12,0.763134,0,2.62881e-11,3.71254e-12
Hessenberg basic,901,0,0,3,1e-12,0.863211,0,2.31921e-11,3.31861e-12
Hessenberg basic,902,0,0,3,1e-12,0.800761,0,2.34195e-11,3.37868e-12
Hessenberg basic,903,0,0,3,1e-12,0.865774,0,1.8872e-11,3.48363e-12
Hessenberg basic,904,0,0,3,1e-12,0.741878,0,3.31966e-11,3.51831e-12
Hessenberg basic,905,0,0,3,1e-12,0.873187,0,2.02363e-11,3.29306e-12
Hessenberg basic,906,0,0,3,1e-12,0.815992,0,2.81943e-11,3.2035e-12
Hessenberg basic,907,0,0,3,1e-12,0.890329,0,2.16005e-11,3.44137e-12
Hessenberg basic,908,0,0,3,1e-12,0.802431,0,3.91083e-11,3.39819e-12
Hessenberg basic,909,0,0,3,1e-12,0.918431,0,3.91083e-11,3.59173e-12
Hessenberg basic,910,0,0,3,1e-12,0.895764,0,3.18323e-11,3.31006e-12
Hessenberg basic,911,0,0,3,1e-12,0.87085,0,3.04681e-11,3.69883e-12
Hessenberg basic,912,0,0,3,1e-12,0.804585,0,1.92367e-11,3.49425e-12
Hessenberg basic,913,0,0,3,1e-12,0.887775,0,1.65983e-11,3.54568e-12
Hessenberg basic,914,0,0,3,1e-12,0.871077,0,2.50111e-11,3.60868e-12
Hessenberg basic,915,0,0,3,1e-12,0.902054,0,2.18279e-11,3.33351e-12
Hessenberg basic,916,0,0,3,1e-12,0.831395,0,1.83047e-11,3.40296e-12
Hessenberg basic,917,0,0,3,1e-12,0.901591,0,2.68301e-11,3.42269e-12
Hessenberg basic,918,0,0,3,1e-12,0.884258,0,2.9786e-11,3.4804e-12
Hessenberg basic,919,0,0,3,1e-12,0.945858,0,2.31921e-11,3.41477e-12
Hessenberg basic,920,0,0,3,1e-12,0.808653,0,1.95541e-11,3.26758e-12
Hessenberg basic,921,0,0,3,1e-12,0.949874,0,2.34195e-11,3.65162e-12
Hessenberg basic,922,0,0,3,1e-12,0.908075,0,1.80919e-11,3.25235e-12
Hessenberg basic,923,0,0,3,1e-12,0.971707,0,2.75122e-11,3.4299e-12
Hessenberg basic,924,0,0,3,1e-12,0.854,0,1.96624e-11,3.7199e-12
Hessenberg basic,925,0,0,3,1e-12,0.969652,0,2.59206e-11,3.24564e-12
Hessenberg basic,926,0,0,3,1e-12,0.924173,0,4.02451e-11,3.29629e-12
Hessenberg basic,927,0,0,3,1e-12,1.01529,0,2.41016e-11,3.55019e-12
Hessenberg basic,928,0,0,3,1e-12,0.901579,0,2.18279e-11,3.3535e-12
Hessenberg basic,929,0,0,3,1e-12,0.963037,0,2.14895e-11,3.41237e-12
Hessenberg basic,930,0,0,3,1e-12,0.94294,0,3.68345e-11,3.32867e-12
Hessenberg basic,931,0,0,3,1e-12,0.966313,0,2.41255e-11,3.74804e-12
Hessenberg basic,932,0,0,3,1e-12,0.919783,0,4.29736e-11,3.42924e-12
Hessenberg basic,933,0,0,3,1e-12,1.0015,0,2.77396e-11,3.445e-12
Hessenberg basic,934,0,0,3,1e-12,0.957816,0,3.66072e-11,3.45221e-12
Hessenberg basic,935,0,0,3,1e-12,1.0174,0,1.71761e-11,2.94724e-12
Hessenberg basic,936,0,0,3,1e-12,0.857312,0,2.36469e-11,3.36703e-12
Hessenberg basic,937,0,0,3,1e-12,0.955044,0,1.84858e-11,3.31241e-12
Hessenberg basic,938,0,0,3,1e-12,0.957,0,2.27374e-11,3.19167e-12
Hessenberg basic,939,0,0,3,1e-12,0.997772,0,3.72893e-11,3.30355e-12
Hessenberg basic,940,0,0,3,1e-12,0.941523,0,2.02363e-11,3.46733e-12
Hessenberg basic,941,0,0,3,1e-12,1.0451,0,1.98513e-11,3.60074e-12
Hessenberg basic,942,0,0,3,1e-12,0.987946,0,3.56977e-11,3.61569e-12
Hessenberg basic,943,0,0,3,1e-12,1.04025,0,2.45564e-11,3.15421e-12
Hessenberg basic,944,0,0,3,1e-12,0.938289,0,2.251e-11,3.31621e-12
Hessenberg basic,945,0,0,3,1e-12,1.07187,0,2.251e-11,3.59272e-12
Hessenberg basic,946,0,0,3,1e-12,1.02143,0,2.9786e-11,3.29455e-12
Hessenberg basic,947,0,0,3,1e-12,1.06912,0,2.34195e-11,3.84011e-12
Hessenberg basic,948,0,0,3,1e-12,0.939142,0,2.07015e-11,3.52041e-12
Hessenberg basic,949,0,0,3,1e-12,1.08678,0,3.04681e-11,3.77361e-12
Hessenberg basic,950,0,0,3,1e-12,1.01788,0,1.79625e-11,3.23044e-12
Hessenberg basic,951,0,0,3,1e-12,1.04936,0,3.11502e-11,3.4735e-12
Hessenberg basic,952,0,0,3,1e-12,0.917556,0,2.34195e-11,3.26108e-12
Hessenberg basic,953,0,0,3,1e-12,1.11639,0,2.70575e-11,3.20197e-12
Hessenberg basic,954,0,0,3,1e-12,1.07204,0,2.04636e-11,3.30726e-12
Hessenberg basic,955,0,0,3,1e-12,1.12696,0,2.68301e-11,3.51111e-12
Hessenberg basic,956,0,0,3,1e-12,0.992253,0,2.4329e-11,3.11978e-12
Hessenberg basic,957,0,0,3,1e-12,1.11891,0,1.94919e-11,3.38243e-12
Hessenberg basic,958,0,0,3,1e-12,1.0594,0,1.93268e-11,3.11036e-12
Hessenberg basic,959,0,0,3,1e-12,1.16872,0,3.18323e-11,3.31358e-12
Hessenberg basic,960,0,0,3,1e-12,1.3911,0,2.60396e-11,3.35451e-12
Hessenberg basic,961,0,0,3,1e-12,1.16252,0,2.251e-11,3.15433e-12
Hessenberg basic,962,0,0,3,1e-12,1.08751,0,2.31921e-11,3.19688e-12
Hessenberg basic,963,0,0,3,1e-12,1.19921,0,4.16094e-11,3.41739e-12
Hessenberg basic,964,0,0,3,1e-12,0.996985,0,2.0691e-11,3.58972e-12
Hessenberg basic,965,0,0,3,1e-12,1.16917,0,2.59697e-11,3.31946e-12
Hessenberg basic,966,0,0,3,1e-12,1.13334,0,3.45608e-11,3.31807e-12
Hessenberg basic,967,0,0,3,1e-12,1.17102,0,3.09228e-11,3.38136e-12
Hessenberg basic,968,0,0,3,1e-12,0.970183,0,2.4329e-11,3.35454e-12
Hessenberg basic,969,0,0,3,1e-12,1.21126,0,3.00133e-11,3.21212e-12
Hessenberg basic,970,0,0,3,1e-12,1.15273,0,2.65656e-11,3.37489e-12
Hessenberg basic,971,0,0,3,1e-12,1.20774,0,2.56932e-11,3.54082e-12
Hessenberg basic,972,0,0,3,1e-12,1.08838,0,2.95586e-11,3.40593e-12
Hessenberg basic,973,0,0,3,1e-12,1.18824,0,3.66072e-11,3.58049e-12
Hessenberg basic,974,0,0,3,1e-12,1.14776,0,2.54659e-11,3.55276e-12
Hessenberg basic,975,0,0,3,1e-12,1.24649,0,2.22826e-11,3.54443e-12
Hessenberg basic,976,0,0,3,1e-12,1.07678,0,2.00089e-11,3.51631e-12
Hessenberg basic,977,0,0,3,1e-12,1.25313,0,3.09228e-11,3.24554e-12
Hessenberg basic,978,0,0,3,1e-12,1.18351,0,4.29736e-11,3.39398e-12
Hessenberg basic,979,0,0,3,1e-12,1.22889,0,2.43133e-11,3.47635e-12
Hessenberg basic,980,0,0,3,1e-12,1.1003,0,3.00133e-11,3.06224e-12
Hessenberg basic,981,0,0,3,1e-12,1.25467,0,2.4329e-11,3.42823e-12
Hessenberg basic,982,0,0,3,1e-12,1.22305,0,2.04636e-11,3.43544e-12
Hessenberg basic,983,0,0,3,1e-12,1.2614,0,3.72893e-11,3.58286e-12
Hessenberg basic,984,0,0,3,1e-12,1.03577,0,3.52429e-11,3.27936e-12
Hessenberg basic,985,0,0,3,1e-12,1.30225,0,3.61524e-11,3.35871e-12
Hessenberg basic,986,0,0,3,1e-12,1.24146,0,2.52385e-11,3.27328e-12
Hessenberg basic,987,0,0,3,1e-12,1.29813,0,2.72848e-11,3.365e-12
Hessenberg basic,988,0,0,3,1e-12,1.17573,0,2.81943e-11,3.1853e-12
Hessenberg basic,989,0,0,3,1e-12,1.34471,0,2.7967e-11,3.21419e-12
Hessenberg basic,990,0,0,3,1e-12,1.25802,0,2.7967e-11,3.4259e-12
Hessenberg basic,991,0,0,3,1e-12,1.31221,0,2.251e-11,2.96954e-12
Hessenberg basic,992,0,0,3,1e-12,1.18409,0,1.79625e-11,3.26438e-12
Hessenberg basic,993,0,0,3,1e-12,1.16757,0,2.68301e-11,3.51634e-12
Hessenberg basic,994,0,0,3,1e-12,1.21386,0,2.59206e-11,3.20188e-12
Hessenberg basic,995,0,0,3,1e-12,1.33661,0,3.38787e-11,3.29433e-12
Hessenberg basic,996,0,0,3,1e-12,1.18697,0,3.25144e-11,3.40099e-12
Hessenberg basic,997,0,0,3,1e-12,1.31871,0,2.88765e-11,3.33049e-12
Hessenberg basic,998,0,0,3,1e-12,1.3055,0,2.38742e-11,3.13927e-12
Hessenberg basic,999,0,0,3,1e-12,1.32965,0,2.95586e-11,3.41313e-12
Hessenberg basic,1000,0,0,3,1e-12,1.11065,0,3.00133e-11,3.10286e-12
