version, size, hermitian, complex, seed, tol, runtime in s,min_error, max_error, avg_error
Hessenberg basic,900,0,0,1,1e-12,0.449534,0,2.59206e-11,3.68442e-12
Hessenberg basic,901,0,0,1,1e-12,0.470474,0,2.45564e-11,3.88466e-12
Hessenberg basic,902,0,0,1,1e-12,0.481648,0,2.01698e-11,3.75961e-12
Hessenberg basic,903,0,0,1,1e-12,0.457053,0,4.04725e-11,3.38098e-12
Hessenberg basic,904,0,0,1,1e-12,0.466748,0,2.13731e-11,3.89634e-12
Hessenberg basic,905,0,0,1,1e-12,0.491986,0,2.0691e-11,3.9659e-12
Hessenberg basic,906,0,0,1,1e-12,0.495467,0,2.54659e-11,4.22381e-12
Hessenberg basic,907,0,0,1,1e-12,0.48152,0,2.81943e-11,3.75923e-12
Hessenberg basic,908,0,0,1,1e-12,0.483219,0,2.04728e-11,3.82264e-12
Hessenberg basic,909,0,0,1,1e-12,0.506035,0,2.0691e-11,3.62294e-12
Hessenberg basic,910,0,0,1,1e-12,0.509936,0,2.22826e-11,3.86144e-12
Hessenberg basic,911,0,0,1,1e-12,0.504906,0,2.29647e-11,4.02807e-12
Hessenberg basic,912,0,0,1,1e-12,0.495321,0,2.9786e-11,4.16175e-12
Hessenberg basic,913,0,0,1,1e-12,0.526823,0,1.81899e-11,4.06271e-12
Hessenberg basic,914,0,0,1,1e-12,0.504382,0,2.07509e-11,4.04942e-12
Hessenberg basic,915,0,0,1,1e-12,0.523685,0,3.09228e-11,3.35063e-12
Hessenberg basic,916,0,0,1,1e-12,0.512235,0,1.78814e-11,3.93968e-12
Hessenberg basic,917,0,0,1,1e-12,0.538543,0,2.22826e-11,4.00242e-12
Hessenberg basic,918,0,0,1,1e-12,0.510489,0,1.97779e-11,3.84695e-12
Hessenberg basic,919,0,0,1,1e-12,0.52676,0,1.97138e-11,3.90706e-12
Hessenberg basic,920,0,0,1,1e-12,0.505107,0,2.7967e-11,3.85313e-12
Hessenberg basic,921,0,0,1,1e-12,0.522819,0,3.47882e-11,4.17814e-12
Hessenberg basic,922,0,0,1,1e-12,0.550392,0,2.21106e-11,4.41864e-12
Hessenberg basic,923,0,0,1,1e-12,0.534787,0,3.7744e-11,4.06833e-12
Hessenberg basic,924,0,0,1,1e-12,0.548059,0,1.82014e-11,4.08295e-12
Hessenberg basic,925,0,0,1,1e-12,0.539792,0,2.04636e-11,4.34265e-12
Hessenberg basic,926,0,0,1,1e-12,0.540506,0,2.27374e-11,4.01949e-12
Hessenberg basic,927,0,0,1,1e-12,0.550382,0,2.47837e-11,4.0324e-12
Hessenberg basic,928,0,0,1,1e-12,0.533005,0,1.97815e-11,4.20308e-12
Hessenberg basic,929,0,0,1,1e-12,0.561364,0,2.09184e-11,3.91045e-12
Hessenberg basic,930,0,0,1,1e-12,0.563163,0,2.56932e-11,3.64752e-12
Hessenberg basic,931,0,0,1,1e-12,0.567393,0,2.93312e-11,4.08957e-12
Hessenberg basic,932,0,0,1,1e-12,0.568974,0,1.98339e-11,3.70068e-12
Hessenberg basic,933,0,0,1,1e-12,0.56206,0,2.18279e-11,3.49064e-12
Hessenberg basic,934,0,0,1,1e-12,0.58681,0,3.47882e-11,3.7878e-12
Hessenberg basic,935,0,0,1,1e-12,0.579689,0,2.84217e-11,3.72069e-12
Hessenberg basic,936,0,0,1,1e-12,0.560983,0,1.68858e-11,3.5989e-12
Hessenberg basic,937,0,0,1,1e-12,0.596161,0,3.06954e-11,3.68614e-12
Hessenberg basic,938,0,0,1,1e-12,0.593302,0,2.7967e-11,3.50687e-12
Hessenberg basic,939,0,0,1,1e-12,0.583493,0,2.04636e-11,3.59128e-12
Hessenberg basic,940,0,0,1,1e-12,0.587449,0,2.66027e-11,3.80423e-12
Hessenberg basic,941,0,0,1,1e-12,0.587758,0,2.31921e-11,3.7503e-12
Hessenberg basic,942,0,0,1,1e-12,0.622916,0,2.52385e-11,3.35154e-12
Hessenberg basic,943,0,0,1,1e-12,0.613184,0,4.06999e-11,3.80635e-12
Hessenberg basic,944,0,0,1,1e-12,0.591762,0,2.27374e-11,3.76868e-12
Hessenberg basic,945,0,0,1,1e-12,0.60033,0,2.29647e-11,3.70377e-12
Hessenberg basic,946,0,0,1,1e-12,0.596631,0,2.04636e-11,3.46403e-12
Hessenberg basic,947,0,0,1,1e-12,0.622157,0,4.95675e-11,3.76334e-12
Hessenberg basic,948,0,0,1,1e-12,0.622686,0,2.54659e-11,3.88507e-12
Hessenberg basic,949,0,0,1,1e-12,0.623039,0,3.18323e-11,3.80717e-12
Hessenberg basic,950,0,0,1,1e-12,0.629065,0,2.45564e-11,3.89649e-12
Hessenberg basic,951,0,0,1,1e-12,0.628633,0,1.93268e-11,3.53818e-12
Hessenberg basic,952,0,0,1,1e-12,0.621909,0,2.81943e-11,3.5882e-12
Hessenberg basic,953,0,0,1,1e-12,0.630739,0,2.74002e-11,3.91708e-12
Hessenberg basic,954,0,0,1,1e-12,0.638948,0,2.5625e-11,3.71106e-12
Hessenberg basic,955,0,0,1,1e-12,0.624351,0,2.93312e-11,4.20357e-12
Hessenberg basic,956,0,0,1,1e-12,0.647754,0,3.45608e-11,3.97454e-12
Hessenberg basic,957,0,0,1,1e-12,0.642787,0,2.75122e-11,3.52232e-12
Hessenberg basic,958,0,0,1,1e-12,0.648087,0,2.9786e-11,3.57304e-12
Hessenberg basic,959,0,0,1,1e-12,0.648122,0,4.41105e-11,3.50156e-12
Hessenberg basic,960,0,0,1,1e-12,0.616968,0,2.36469e-11,3.48225e-12
Hessenberg basic,961,0,0,1,1e-12,0.656662,0,3.04681e-11,3.76388e-12
Hessenberg basic,962,0,0,1,1e-12,0.659903,0,3.9563e-11,3.63918e-12
Hessenberg basic,963,0,0,1,1e-12,0.657589,0,2.4329e-11,3.50803e-12
Hessenberg basic,964,0,0,1,1e-12,0.669979,0,2.20552e-11,3.49394e-12
Hessenberg basic,965,0,0,1,1e-12,0.681421,0,2.36469e-11,3.73326e-12
Hessenberg basic,966,0,0,1,1e-12,0.681636,0,3.18323e-11,3.84002e-12
Hessenberg basic,967,0,0,1,1e-12,0.680173,0,3.41061e-11,3.99147e-12
Hessenberg basic,968,0,0,1,1e-12,0.677196,0,3.70619e-11,3.77683e-12
Hessenberg basic,969,0,0,1,1e-12,0.69525,0,2.26902e-11,3.91763e-12
Hessenberg basic,970,0,0,1,1e-12,0.68006,0,3.00133e-11,3.76644e-12
Hessenberg basic,971,0,0,1,1e-12,0.691453,0,2.41016e-11,3.99067e-12
Hessenberg basic,972,0,0,1,1e-12,0.700132,0,2.27374e-11,3.75686e-12
Hessenberg basic,973,0,0,1,1e-12,0.705287,0,2.02363e-11,4.09495e-12
Hessenberg basic,974,0,0,1,1e-12,0.717355,0,3.13776e-11,3.58328e-12
Hessenberg basic,975,0,0,1,1e-12,0.696122,0,2.52385e-11,3.73288e-12
Hessenberg basic,976,0,0,1,1e-12,0.696454,0,3.09228e-11,3.60474e-12
Hessenberg basic,977,0,0,1,1e-12,0.708269,0,3.20597e-11,3.74763e-12
Hessenberg basic,978,0,0,1,1e-12,0.723693,0,4.18368e-11,3.6257e-12
Hessenberg basic,979,0,0,1,1e-12,0.727113,0,3.11502e-11,3.75609e-12
Hessenberg basic,980,0,0,1,1e-12,0.713105,0,1.8872e-11,3.78898e-12
Hessenberg basic,981,0,0,1,1e-12,0.722387,0,2.27374e-11,3.81547e-12
Hessenberg basic,982,0,0,1,1e-12,0.74875,0,2.63753e-11,3.63072e-12
Hessenberg basic,983,0,0,1,1e-12,0.730863,0,2.7967e-11,4.34172e-12
Hessenberg basic,984,0,0,1,1e-12,0.728732,0,2.13731e-11,3.77867e-12
Hessenberg basic,985,0,0,1,1e-12,0.735081,0,2.251e-11,3.74355e-12
Hessenberg basic,986,0,0,1,1e-12,0.755052,0,2.86491e-11,3.77746e-12
Hessenberg basic,987,0,0,1,1e-12,0.770089,0,4.00178e-11,3.84862e-12
Hessenberg basic,988,0,0,1,1e-12,0.743232,0,2.47837e-11,3.49585e-12
Hessenberg basic,989,0,0,1,1e-12,0.773436,0,3.18323e-11,3.68181e-12
Hessenberg basic,990,0,0,1,1e-12,0.745472,0,2.63753e-11,3.70282e-12
Hessenberg basic,991,0,0,1,1e-12,0.758653,0,2.45018e-11,3.55703e-12
Hessenberg basic,992,0,0,1,1e-12,0.743526,0,1.93268e-11,3.74527e-12
Hessenberg basic,993,0,0,1,1e-12,0.788893,0,3.02407e-11,3.46382e-12
Hessenberg basic,994,0,0,1,1e-12,0.762161,0,1.95541e-11,3.52527e-12
Hessenberg basic,995,0,0,1,1e-12,0.788019,0,3.7744e-11,3.70128e-12
Hessenberg basic,996,0,0,1,1e-12,0.772221,0,2.36469e-11,3.66809e-12
Hessenberg basic,997,0,0,1,1e-12,0.771677,0,3.29692e-11,4.0477e-12
Hessenberg basic,998,0,0,1,1e-12,0.787831,0,2.54659e-11,3.78646e-12
Hessenberg basic,999,0,0,1,1e-12,0.77651,0,2.00089e-11,3.57085e-12
Hessenberg basic,1000,0,0,1,1e-12,0.793861,0,1.90994e-11,3.76679e-12
