version, size, hermitian, complex, seed, tol, runtime in s,min_error, max_error, avg_error
Hessenberg basic,900,0,0,3,1e-12,0.44471,0,1.86446e-11,3.44645e-12
Hessenberg basic,901,0,0,3,1e-12,0.456999,0,2.13731e-11,3.28443e-12
Hessenberg basic,902,0,0,3,1e-12,0.480111,0,2.4329e-11,3.1281e-12
Hessenberg basic,903,0,0,3,1e-12,0.471685,0,1.64827e-11,3.28156e-12
Hessenberg basic,904,0,0,3,1e-12,0.451358,0,2.09184e-11,3.65299e-12
Hessenberg basic,905,0,0,3,1e-12,0.471961,0,3.00133e-11,3.17936e-12
Hessenberg basic,906,0,0,3,1e-12,0.480507,0,2.93312e-11,3.35499e-12
Hessenberg basic,907,0,0,3,1e-12,0.46873,0,2.68301e-11,3.28086e-12
Hessenberg basic,908,0,0,3,1e-12,0.472094,0,2.47837e-11,3.45102e-12
Hessenberg basic,909,0,0,3,1e-12,0.49248,0,2.63753e-11,3.43145e-12
Hessenberg basic,910,0,0,3,1e-12,0.483981,0,3.18323e-11,3.20668e-12
Hessenberg basic,911,0,0,3,1e-12,0.494826,0,2.41016e-11,3.42125e-12
Hessenberg basic,912,0,0,3,1e-12,0.490105,0,1.71049e-11,3.20759e-12
Hessenberg basic,913,0,0,3,1e-12,0.496577,0,1.61067e-11,3.29184e-12
Hessenberg basic,914,0,0,3,1e-12,0.515557,0,2.52385e-11,3.36651e-12
Hessenberg basic,915,0,0,3,1e-12,0.521043,0,2.38742e-11,3.15854e-12
Hessenberg basic,916,0,0,3,1e-12,0.541972,0,2.4329e-11,3.12471e-12
Hessenberg basic,917,0,0,3,1e-12,0.528827,0,2.70575e-11,3.39491e-12
Hessenberg basic,918,0,0,3,1e-12,0.543746,0,3.00133e-11,3.5621e-12
Hessenberg basic,919,0,0,3,1e-12,0.537792,0,2.20552e-11,3.19337e-12
Hessenberg basic,920,0,0,3,1e-12,0.498087,0,1.59162e-11,3.53882e-12
Hessenberg basic,921,0,0,3,1e-12,0.537412,0,2.26231e-11,3.66959e-12
Hessenberg basic,922,0,0,3,1e-12,0.52358,0,1.59162e-11,3.25725e-12
Hessenberg basic,923,0,0,3,1e-12,0.525382,0,3.38787e-11,3.48852e-12
Hessenberg basic,924,0,0,3,1e-12,0.528511,0,1.95541e-11,3.28574e-12
Hessenberg basic,925,0,0,3,1e-12,0.538681,0,2.00089e-11,3.37207e-12
Hessenberg basic,926,0,0,3,1e-12,0.533623,0,1.93268e-11,3.30981e-12
Hessenberg basic,927,0,0,3,1e-12,0.552014,0,2.59721e-11,3.16586e-12
Hessenberg basic,928,0,0,3,1e-12,0.54011,0,1.95541e-11,3.58321e-12
Hessenberg basic,929,0,0,3,1e-12,0.570593,0,2.09184e-11,3.49179e-12
Hessenberg basic,930,0,0,3,1e-12,0.560851,0,3.97904e-11,3.46249e-12
Hessenberg basic,931,0,0,3,1e-12,0.587368,0,2.88765e-11,3.25356e-12
Hessenberg basic,932,0,0,3,1e-12,0.570549,0,2.81943e-11,3.40979e-12
Hessenberg basic,933,0,0,3,1e-12,0.55805,0,2.00089e-11,3.32306e-12
Hessenberg basic,934,0,0,3,1e-12,0.576517,0,2.22826e-11,3.604e-12
Hessenberg basic,935,0,0,3,1e-12,0.576172,0,2.81943e-11,3.43761e-12
Hessenberg basic,936,0,0,3,1e-12,0.558954,0,2.03639e-11,3.55732e-12
Hessenberg basic,937,0,0,3,1e-12,0.583903,0,2.13731e-11,3.55355e-12
Hessenberg basic,938,0,0,3,1e-12,0.582613,0,2.30596e-11,3.51608e-12
Hessenberg basic,939,0,0,3,1e-12,0.578603,0,2.22826e-11,3.45166e-12
Hessenberg basic,940,0,0,3,1e-12,0.583025,0,2.77396e-11,3.16472e-12
Hessenberg basic,941,0,0,3,1e-12,0.585969,0,2.72848e-11,3.61414e-12
Hessenberg basic,942,0,0,3,1e-12,0.604614,0,4.11546e-11,3.79882e-12
Hessenberg basic,943,0,0,3,1e-12,0.604389,0,2.31833e-11,3.27789e-12
Hessenberg basic,944,0,0,3,1e-12,0.589406,7.10543e-15,1.90994e-11,3.55817e-12
Hessenberg basic,945,0,0,3,1e-12,0.599531,0,2.29647e-11,3.36275e-12
Hessenberg basic,946,0,0,3,1e-12,0.599161,0,3.50155e-11,3.47158e-12
Hessenberg basic,947,0,0,3,1e-12,0.620443,0,2.29647e-11,3.34546e-12
Hessenberg basic,948,0,0,3,1e-12,0.624057,0,1.81899e-11,3.5429e-12
Hessenberg basic,949,0,0,3,1e-12,0.636313,0,4.502e-11,3.35225e-12
Hessenberg basic,950,0,0,3,1e-12,0.634227,0,2.05106e-11,3.25705e-12
Hessenberg basic,951,0,0,3,1e-12,0.623849,0,3.13776e-11,3.46554e-12
Hessenberg basic,952,0,0,3,1e-12,0.615791,0,3.50155e-11,3.44378e-12
Hessenberg basic,953,0,0,3,1e-12,0.637775,0,2.93312e-11,2.99347e-12
Hessenberg basic,954,0,0,3,1e-12,0.642418,0,2.70575e-11,3.21262e-12
Hessenberg basic,955,0,0,3,1e-12,0.633825,0,2.77396e-11,3.14998e-12
Hessenberg basic,956,0,0,3,1e-12,0.63892,0,1.81899e-11,3.44312e-12
Hessenberg basic,957,0,0,3,1e-12,0.665571,0,1.76196e-11,3.37273e-12
Hessenberg basic,958,0,0,3,1e-12,0.643359,0,2.22826e-11,3.71405e-12
Hessenberg basic,959,0,0,3,1e-12,0.648629,0,2.15181e-11,3.50784e-12
Hessenberg basic,960,0,0,3,1e-12,0.61574,0,2.81943e-11,3.28837e-12
Hessenberg basic,961,0,0,3,1e-12,0.664951,0,3.18323e-11,3.39829e-12
Hessenberg basic,962,0,0,3,1e-12,0.785806,0,2.09184e-11,3.39411e-12
Hessenberg basic,963,0,0,3,1e-12,0.663048,0,2.68301e-11,3.63469e-12
Hessenberg basic,964,0,0,3,1e-12,0.862786,0,2.77396e-11,3.64595e-12
Hessenberg basic,965,0,0,3,1e-12,0.683454,0,3.61524e-11,3.12887e-12
Hessenberg basic,966,0,0,3,1e-12,0.74661,0,2.77396e-11,3.67759e-12
Hessenberg basic,967,0,0,3,1e-12,0.803224,0,2.07354e-11,3.29836e-12
Hessenberg basic,968,0,0,3,1e-12,0.804217,0,1.95541e-11,3.39743e-12
Hessenberg basic,969,0,0,3,1e-12,0.805716,0,1.67426e-11,3.35652e-12
Hessenberg basic,970,0,0,3,1e-12,0.739993,0,2.53721e-11,3.71034e-12
Hessenberg basic,971,0,0,3,1e-12,0.954697,0,2.29647e-11,3.1853e-12
Hessenberg basic,972,0,0,3,1e-12,0.826996,0,2.91038e-11,3.37269e-12
Hessenberg basic,973,0,0,3,1e-12,0.750919,0,2.63753e-11,3.2751e-12
Hessenberg basic,974,0,0,3,1e-12,0.763409,0,2.20552e-11,3.08021e-12
Hessenberg basic,975,0,0,3,1e-12,0.71648,0,2.63753e-11,3.47996e-12
Hessenberg basic,976,0,0,3,1e-12,0.87914,0,2.77396e-11,3.58863e-12
Hessenberg basic,977,0,0,3,1e-12,1.02587,0,3.45608e-11,3.17089e-12
Hessenberg basic,978,0,0,3,1e-12,0.729317,0,2.95586e-11,3.50662e-12
Hessenberg basic,979,0,0,3,1e-12,0.710047,0,2.56932e-11,3.25545e-12
Hessenberg basic,980,0,0,3,1e-12,0.725221,0,2.63753e-11,3.42573e-12
Hessenberg basic,981,0,0,3,1e-12,0.76089,0,2.4329e-11,3.39463e-12
Hessenberg basic,982,0,0,3,1e-12,0.717653,0,3.25144e-11,3.16072e-12
Hessenberg basic,983,0,0,3,1e-12,0.736569,0,2.88765e-11,3.5875e-12
Hessenberg basic,984,0,0,3,1e-12,0.729099,0,2.38742e-11,3.30202e-12
Hessenberg basic,985,0,0,3,1e-12,0.788021,0,3.5925e-11,3.46033e-12
Hessenberg basic,986,0,0,3,1e-12,0.758265,0,2.81943e-11,3.46657e-12
Hessenberg basic,987,0,0,3,1e-12,0.74309,0,1.92376e-11,3.27727e-12
Hessenberg basic,988,0,0,3,1e-12,0.766624,0,3.38787e-11,3.42123e-12
Hessenberg basic,989,0,0,3,1e-12,0.798804,0,3.16049e-11,3.47505e-12
Hessenberg basic,990,0,0,3,1e-12,0.776886,0,2.72848e-11,3.42848e-12
Hessenberg basic,991,0,0,3,1e-12,0.787629,0,2.47837e-11,3.05695e-12
Hessenberg basic,992,0,0,3,1e-12,0.743861,0,3.61524e-11,3.20501e-12
Hessenberg basic,993,0,0,3,1e-12,0.787572,0,2.52385e-11,3.45562e-12
Hessenberg basic,994,0,0,3,1e-12,0.780122,0,2.9786e-11,3.32552e-12
Hessenberg basic,995,0,0,3,1e-12,1.01414,0,2.9786e-11,3.41139e-12
Hessenberg basic,996,0,0,3,1e-12,0.855707,0,3.86535e-11,3.21322e-12
Hessenberg basic,997,0,0,3,1e-12,0.818453,0,2.68301e-11,3.34957e-12
Hessenberg basic,998,0,0,3,1e-12,0.84728,0,2.31921e-11,2.99121e-12
Hessenberg basic,999,0,0,3,1e-12,0.772548,0,3.97904e-11,3.46331e-12
Hessenberg basic,1000,0,0,3,1e-12,0.778448,0,2.34195e-11,3.27429e-12
