version, size, hermitian, complex, seed, tol, runtime in s,min_error, max_error, avg_error
Hessenberg basic,900,0,0,10,1e-12,0.46308,0,2.26691e-11,3.8214e-12
Hessenberg basic,901,0,0,10,1e-12,0.449504,0,2.12822e-11,4.0254e-12
Hessenberg basic,902,0,0,10,1e-12,0.469259,0,2.30631e-11,4.13579e-12
Hessenberg basic,903,0,0,10,1e-12,0.498716,0,3.72893e-11,3.89229e-12
Hessenberg basic,904,0,0,10,1e-12,0.464944,0,2.70575e-11,3.76688e-12
Hessenberg basic,905,0,0,10,1e-12,0.462078,0,2.10493e-11,3.91542e-12
Hessenberg basic,906,0,0,10,1e-12,0.467522,0,2.38742e-11,3.61439e-12
Hessenberg basic,907,0,0,10,1e-12,0.479956,0,2.09184e-11,3.63658e-12
Hessenberg basic,908,0,0,10,1e-12,0.490177,0,2.91038e-11,3.76169e-12
Hessenberg basic,909,0,0,10,1e-12,0.472117,0,2.47837e-11,3.56574e-12
Hessenberg basic,910,0,0,10,1e-12,0.495879,0,1.84173e-11,3.80862e-12
Hessenberg basic,911,0,0,10,1e-12,0.502018,0,3.52429e-11,3.83964e-12
Hessenberg basic,912,0,0,10,1e-12,0.477753,0,2.251e-11,3.62613e-12
Hessenberg basic,913,0,0,10,1e-12,0.507949,0,2.93312e-11,3.87349e-12
Hessenberg basic,914,0,0,10,1e-12,0.514243,0,2.59206e-11,4.0399e-12
Hessenberg basic,915,0,0,10,1e-12,0.501185,0,2.89946e-11,3.96629e-12
Hessenberg basic,916,0,0,10,1e-12,0.512847,0,2.88765e-11,3.83282e-12
Hessenberg basic,917,0,0,10,1e-12,0.50119,0,2.81943e-11,3.77479e-12
Hessenberg basic,918,0,0,10,1e-12,0.517753,0,2.54659e-11,3.85704e-12
Hessenberg basic,919,0,0,10,1e-12,0.508383,0,2.59206e-11,3.57168e-12
Hessenberg basic,920,0,0,10,1e-12,0.513097,0,3.86535e-11,3.545e-12
Hessenberg basic,921,0,0,10,1e-12,0.512631,0,2.75603e-11,3.89006e-12
Hessenberg basic,922,0,0,10,1e-12,0.526718,0,2.52385e-11,4.09756e-12
Hessenberg basic,923,0,0,10,1e-12,0.540629,0,2.70575e-11,3.57414e-12
Hessenberg basic,924,0,0,10,1e-12,0.530556,0,2.22826e-11,3.93444e-12
Hessenberg basic,925,0,0,10,1e-12,0.523924,0,2.29411e-11,4.01743e-12
Hessenberg basic,926,0,0,10,1e-12,0.539943,0,3.21402e-11,3.77289e-12
Hessenberg basic,927,0,0,10,1e-12,0.532093,0,2.6148e-11,3.65042e-12
Hessenberg basic,928,0,0,10,1e-12,0.543147,0,3.27418e-11,3.72745e-12
Hessenberg basic,929,0,0,10,1e-12,0.541994,0,2.04993e-11,3.60687e-12
Hessenberg basic,930,0,0,10,1e-12,0.561762,0,2.93312e-11,4.03889e-12
Hessenberg basic,931,0,0,10,1e-12,0.553614,0,2.4329e-11,3.61586e-12
Hessenberg basic,932,0,0,10,1e-12,0.548658,0,2.74007e-11,3.98718e-12
Hessenberg basic,933,0,0,10,1e-12,0.56633,0,2.68301e-11,3.53008e-12
Hessenberg basic,934,0,0,10,1e-12,0.563734,0,2.63753e-11,3.91198e-12
Hessenberg basic,935,0,0,10,1e-12,0.582293,0,2.13731e-11,3.87823e-12
Hessenberg basic,936,0,0,10,1e-12,0.568158,0,2.15658e-11,3.82646e-12
Hessenberg basic,937,0,0,10,1e-12,0.576805,0,2.52385e-11,3.79655e-12
Hessenberg basic,938,0,0,10,1e-12,0.576516,0,3.52429e-11,3.79457e-12
Hessenberg basic,939,0,0,10,1e-12,0.592763,0,2.55064e-11,4.04217e-12
Hessenberg basic,940,0,0,10,1e-12,0.598797,0,3.36513e-11,4.0072e-12
Hessenberg basic,941,0,0,10,1e-12,0.595714,0,2.98832e-11,4.29581e-12
Hessenberg basic,942,0,0,10,1e-12,0.595746,0,2.50111e-11,3.85452e-12
Hessenberg basic,943,0,0,10,1e-12,0.596643,0,3.18323e-11,3.98972e-12
Hessenberg basic,944,0,0,10,1e-12,0.599414,0,2.5536e-11,3.87451e-12
Hessenberg basic,945,0,0,10,1e-12,0.61181,0,2.77396e-11,3.96135e-12
Hessenberg basic,946,0,0,10,1e-12,0.611695,0,2.81943e-11,3.95195e-12
Hessenberg basic,947,0,0,10,1e-12,0.610193,0,2.75207e-11,4.35156e-12
Hessenberg basic,948,0,0,10,1e-12,0.608938,0,2.48787e-11,4.3268e-12
Hessenberg basic,949,0,0,10,1e-12,0.604547,0,3.5925e-11,4.06829e-12
Hessenberg basic,950,0,0,10,1e-12,0.611746,0,2.354e-11,4.07596e-12
Hessenberg basic,951,0,0,10,1e-12,0.632521,0,2.9872e-11,3.98782e-12
Hessenberg basic,952,0,0,10,1e-12,0.623613,0,2.03131e-11,3.59865e-12
Hessenberg basic,953,0,0,10,1e-12,0.63329,0,2.45564e-11,4.32136e-12
Hessenberg basic,954,0,0,10,1e-12,0.640546,0,2.81943e-11,4.34362e-12
Hessenberg basic,955,0,0,10,1e-12,0.63473,0,2.50111e-11,4.06655e-12
Hessenberg basic,956,0,0,10,1e-12,0.638229,0,1.92144e-11,3.66925e-12
Hessenberg basic,957,0,0,10,1e-12,0.640277,0,2.4329e-11,3.89016e-12
Hessenberg basic,958,0,0,10,1e-12,0.642784,0,2.10772e-11,3.84226e-12
Hessenberg basic,959,0,0,10,1e-12,0.648774,0,2.50111e-11,4.07098e-12
Hessenberg basic,960,0,0,10,1e-12,0.616659,0,3.41292e-11,3.95528e-12
Hessenberg basic,961,0,0,10,1e-12,0.653606,0,3.02407e-11,3.76569e-12
Hessenberg basic,962,0,0,10,1e-12,0.662137,0,2.32625e-11,3.76135e-12
Hessenberg basic,963,0,0,10,1e-12,0.666524,0,2.0691e-11,3.81149e-12
Hessenberg basic,964,0,0,10,1e-12,0.674308,0,2.56932e-11,3.86953e-12
Hessenberg basic,965,0,0,10,1e-12,0.674384,0,2.29647e-11,3.69954e-12
Hessenberg basic,966,0,0,10,1e-12,0.659969,0,2.33233e-11,4.04688e-12
Hessenberg basic,967,0,0,10,1e-12,0.665639,0,2.56754e-11,4.27437e-12
Hessenberg basic,968,0,0,10,1e-12,0.669813,0,3.52429e-11,4.16177e-12
Hessenberg basic,969,0,0,10,1e-12,0.685272,0,3.22582e-11,4.09153e-12
Hessenberg basic,970,0,0,10,1e-12,0.69292,0,3.06954e-11,4.0042e-12
Hessenberg basic,971,0,0,10,1e-12,0.692372,0,2.15301e-11,4.00925e-12
Hessenberg basic,972,0,0,10,1e-12,0.680565,0,3.09648e-11,3.97467e-12
Hessenberg basic,973,0,0,10,1e-12,0.687654,0,3.02407e-11,4.13261e-12
Hessenberg basic,974,0,0,10,1e-12,0.699237,0,2.88765e-11,3.98496e-12
Hessenberg basic,975,0,0,10,1e-12,0.713249,0,3.09681e-11,4.31752e-12
Hessenberg basic,976,0,0,10,1e-12,0.705353,0,2.93876e-11,4.29005e-12
Hessenberg basic,977,0,0,10,1e-12,0.72068,0,2.82596e-11,3.71309e-12
Hessenberg basic,978,0,0,10,1e-12,0.705409,0,2.41016e-11,3.86948e-12
Hessenberg basic,979,0,0,10,1e-12,0.708374,0,3.19947e-11,4.05893e-12
Hessenberg basic,980,0,0,10,1e-12,0.733623,0,2.74842e-11,4.0801e-12
Hessenberg basic,981,0,0,10,1e-12,0.70977,0,2.31095e-11,4.00276e-12
Hessenberg basic,982,0,0,10,1e-12,0.724114,0,3.07638e-11,4.14532e-12
Hessenberg basic,983,0,0,10,1e-12,0.735696,0,2.36469e-11,4.06405e-12
Hessenberg basic,984,0,0,10,1e-12,0.70843,0,2.54659e-11,3.68173e-12
Hessenberg basic,985,0,0,10,1e-12,0.739047,0,3.63798e-11,3.89335e-12
Hessenberg basic,986,0,0,10,1e-12,0.73256,0,3.28681e-11,4.36841e-12
Hessenberg basic,987,0,0,10,1e-12,0.733791,0,2.16406e-11,4.45981e-12
Hessenberg basic,988,0,0,10,1e-12,0.760544,0,2.0691e-11,4.08244e-12
Hessenberg basic,989,0,0,10,1e-12,0.74054,0,2.56955e-11,4.27456e-12
Hessenberg basic,990,0,0,10,1e-12,0.767205,0,2.21853e-11,3.74098e-12
Hessenberg basic,991,0,0,10,1e-12,0.74803,0,2.40138e-11,4.07772e-12
Hessenberg basic,992,0,0,10,1e-12,0.755393,0,2.47837e-11,4.15077e-12
Hessenberg basic,993,0,0,10,1e-12,0.757671,0,2.49814e-11,4.09975e-12
Hessenberg basic,994,0,0,10,1e-12,0.777051,0,2.68301e-11,4.11042e-12
Hessenberg basic,995,0,0,10,1e-12,0.759898,0,3.2385e-11,4.30009e-12
Hessenberg basic,996,0,0,10,1e-12,0.788956,0,3.41061e-11,4.02491e-12
Hessenberg basic,997,0,0,10,1e-12,0.768703,0,3.18323e-11,4.28911e-12
Hessenberg basic,998,0,0,10,1e-12,0.767699,0,2.11424e-11,4.08198e-12
Hessenberg basic,999,0,0,10,1e-12,0.777414,0,2.60571e-11,4.23464e-12
Hessenberg basic,1000,0,0,10,1e-12,0.761206,0,2.5957e-11,4.05713e-12
