version, size, hermitian, complex, seed, tol, runtime in s,min_error, max_error, avg_error
Hessenberg basic,900,0,0,4,1e-12,0.487979,0,1.88669e-11,3.58261e-12
Hessenberg basic,901,0,0,4,1e-12,0.507609,0,2.42422e-11,3.62584e-12
Hessenberg basic,902,0,0,4,1e-12,0.479902,0,2.0691e-11,3.62408e-12
Hessenberg basic,903,0,0,4,1e-12,0.497964,0,2.11003e-11,3.73784e-12
Hessenberg basic,904,0,0,4,1e-12,0.461935,0,1.93268e-11,3.60413e-12
Hessenberg basic,905,0,0,4,1e-12,0.477604,0,2.38742e-11,3.69793e-12
Hessenberg basic,906,0,0,4,1e-12,0.488412,0,2.00089e-11,3.61661e-12
Hessenberg basic,907,0,0,4,1e-12,0.493483,0,1.86446e-11,3.50894e-12
Hessenberg basic,908,0,0,4,1e-12,0.477528,0,2.31921e-11,3.69511e-12
Hessenberg basic,909,0,0,4,1e-12,0.488017,0,2.05091e-11,3.78343e-12
Hessenberg basic,910,0,0,4,1e-12,0.531354,0,3.20597e-11,3.74903e-12
Hessenberg basic,911,0,0,4,1e-12,0.515597,0,2.30381e-11,3.92018e-12
Hessenberg basic,912,0,0,4,1e-12,0.49985,0,2.04636e-11,3.65783e-12
Hessenberg basic,913,0,0,4,1e-12,0.510116,0,2.95586e-11,3.89818e-12
Hessenberg basic,914,0,0,4,1e-12,0.503447,0,1.94949e-11,3.44289e-12
Hessenberg basic,915,0,0,4,1e-12,0.519728,0,1.90523e-11,3.53365e-12
Hessenberg basic,916,0,0,4,1e-12,0.497553,0,2.18279e-11,3.6521e-12
Hessenberg basic,917,0,0,4,1e-12,0.5132,0,2.7967e-11,3.70281e-12
Hessenberg basic,918,0,0,4,1e-12,0.527153,0,2.62035e-11,3.74645e-12
Hessenberg basic,919,0,0,4,1e-12,0.530957,0,1.97815e-11,3.61599e-12
Hessenberg basic,920,0,0,4,1e-12,0.514828,0,2.251e-11,3.70533e-12
Hessenberg basic,921,0,0,4,1e-12,0.526034,0,3.25144e-11,3.89744e-12
Hessenberg basic,922,0,0,4,1e-12,0.529789,0,2.32392e-11,3.74397e-12
Hessenberg basic,923,0,0,4,1e-12,0.5184,0,2.68301e-11,3.729e-12
Hessenberg basic,924,0,0,4,1e-12,0.540918,0,2.11458e-11,3.61522e-12
Hessenberg basic,925,0,0,4,1e-12,0.548153,0,2.86491e-11,3.53936e-12
Hessenberg basic,926,0,0,4,1e-12,0.566808,0,2.52385e-11,3.87204e-12
Hessenberg basic,927,0,0,4,1e-12,0.569808,0,2.56932e-11,3.59186e-12
Hessenberg basic,928,0,0,4,1e-12,0.635001,0,3.18323e-11,3.72704e-12
Hessenberg basic,929,0,0,4,1e-12,0.584558,0,1.87025e-11,3.94517e-12
Hessenberg basic,930,0,0,4,1e-12,0.552229,0,4.25189e-11,3.83613e-12
Hessenberg basic,931,0,0,4,1e-12,0.629424,0,2.70575e-11,3.91312e-12
Hessenberg basic,932,0,0,4,1e-12,0.5665,0,2.54659e-11,3.5423e-12
Hessenberg basic,933,0,0,4,1e-12,0.616622,0,1.81899e-11,3.86449e-12
Hessenberg basic,934,0,0,4,1e-12,0.624704,0,2.20552e-11,3.59469e-12
Hessenberg basic,935,0,0,4,1e-12,0.582853,0,2.84217e-11,3.91035e-12
Hessenberg basic,936,0,0,4,1e-12,0.551461,0,3.27418e-11,3.6334e-12
Hessenberg basic,937,0,0,4,1e-12,0.578786,0,2.31921e-11,3.67995e-12
Hessenberg basic,938,0,0,4,1e-12,0.599174,0,2.93312e-11,3.89353e-12
Hessenberg basic,939,0,0,4,1e-12,0.590119,0,2.13731e-11,3.89526e-12
Hessenberg basic,940,0,0,4,1e-12,0.580025,0,2.81943e-11,4.06495e-12
Hessenberg basic,941,0,0,4,1e-12,0.597403,0,3.18323e-11,3.90508e-12
Hessenberg basic,942,0,0,4,1e-12,0.596593,0,2.75122e-11,4.12151e-12
Hessenberg basic,943,0,0,4,1e-12,0.597231,0,2.63753e-11,3.7802e-12
Hessenberg basic,944,0,0,4,1e-12,0.576115,0,2.41016e-11,3.87494e-12
Hessenberg basic,945,0,0,4,1e-12,0.593198,0,1.80886e-11,3.52143e-12
Hessenberg basic,946,0,0,4,1e-12,0.624187,0,2.18279e-11,3.95569e-12
Hessenberg basic,947,0,0,4,1e-12,0.62186,0,2.03433e-11,3.49111e-12
Hessenberg basic,948,0,0,4,1e-12,0.624444,0,3.09228e-11,3.85577e-12
Hessenberg basic,949,0,0,4,1e-12,0.617163,0,4.1382e-11,3.78521e-12
Hessenberg basic,950,0,0,4,1e-12,0.628425,0,2.34195e-11,3.81987e-12
Hessenberg basic,951,0,0,4,1e-12,0.62167,0,2.68301e-11,3.6499e-12
Hessenberg basic,952,0,0,4,1e-12,0.62605,0,2.81943e-11,3.64097e-12
Hessenberg basic,953,0,0,4,1e-12,0.619163,0,2.63753e-11,3.81901e-12
Hessenberg basic,954,0,0,4,1e-12,0.620571,0,2.65017e-11,4.26783e-12
Hessenberg basic,955,0,0,4,1e-12,0.67872,0,2.29647e-11,3.66285e-12
Hessenberg basic,956,0,0,4,1e-12,0.668742,0,3.37344e-11,3.78297e-12
Hessenberg basic,957,0,0,4,1e-12,0.668982,0,2.57658e-11,3.75784e-12
Hessenberg basic,958,0,0,4,1e-12,0.66849,0,2.18826e-11,3.78862e-12
Hessenberg basic,959,0,0,4,1e-12,0.655442,0,3.29692e-11,3.60752e-12
Hessenberg basic,960,0,0,4,1e-12,0.629434,0,2.75122e-11,3.95279e-12
Hessenberg basic,961,0,0,4,1e-12,0.677371,0,3.00133e-11,4.11926e-12
Hessenberg basic,962,0,0,4,1e-12,0.67205,0,2.6148e-11,4.29199e-12
Hessenberg basic,963,0,0,4,1e-12,0.649113,0,2.15184e-11,4.08487e-12
Hessenberg basic,964,0,0,4,1e-12,0.658407,0,2.3986e-11,4.07297e-12
Hessenberg basic,965,0,0,4,1e-12,0.670927,0,2.29647e-11,3.63382e-12
Hessenberg basic,966,0,0,4,1e-12,0.678858,0,2.0691e-11,3.57151e-12
Hessenberg basic,967,0,0,4,1e-12,0.695259,0,2.31921e-11,3.54723e-12
Hessenberg basic,968,0,0,4,1e-12,0.709131,0,2.09184e-11,3.82621e-12
Hessenberg basic,969,0,0,4,1e-12,0.690861,0,2.50111e-11,3.95001e-12
Hessenberg basic,970,0,0,4,1e-12,0.6903,0,2.45564e-11,3.70777e-12
Hessenberg basic,971,0,0,4,1e-12,0.678018,0,2.93312e-11,4.13381e-12
Hessenberg basic,972,0,0,4,1e-12,0.693403,0,3.68345e-11,3.54298e-12
Hessenberg basic,973,0,0,4,1e-12,0.706252,0,1.95541e-11,3.70161e-12
Hessenberg basic,974,0,0,4,1e-12,0.720284,0,2.59206e-11,3.76915e-12
Hessenberg basic,975,0,0,4,1e-12,0.7017,0,2.251e-11,4.09072e-12
Hessenberg basic,976,0,0,4,1e-12,0.814942,0,2.84217e-11,4.08657e-12
Hessenberg basic,977,0,0,4,1e-12,0.698599,0,2.54659e-11,3.68894e-12
Hessenberg basic,978,0,0,4,1e-12,0.778579,0,2.13731e-11,3.67606e-12
Hessenberg basic,979,0,0,4,1e-12,0.756868,0,1.74369e-11,3.79345e-12
Hessenberg basic,980,0,0,4,1e-12,0.75017,0,3.20597e-11,3.76341e-12
Hessenberg basic,981,0,0,4,1e-12,0.760007,0,2.93312e-11,4.08633e-12
Hessenberg basic,982,0,0,4,1e-12,0.973274,0,2.47837e-11,3.78943e-12
Hessenberg basic,983,0,0,4,1e-12,0.732772,0,1.91767e-11,3.78425e-12
Hessenberg basic,984,0,0,4,1e-12,0.737619,0,2.18279e-11,4.01619e-12
Hessenberg basic,985,0,0,4,1e-12,0.943551,0,2.63753e-11,4.02241e-12
Hessenberg basic,986,0,0,4,1e-12,0.905692,0,2.52385e-11,4.04696e-12
Hessenberg basic,987,0,0,4,1e-12,0.781375,0,3.50155e-11,3.99859e-12
Hessenberg basic,988,0,0,4,1e-12,0.759968,0,2.50111e-11,3.71885e-12
Hessenberg basic,989,0,0,4,1e-12,0.780115,0,2.86491e-11,3.7069e-12
Hessenberg basic,990,0,0,4,1e-12,0.780967,0,2.66027e-11,3.97428e-12
Hessenberg basic,991,0,0,4,1e-12,0.815924,0,1.95541e-11,3.87728e-12
Hessenberg basic,992,0,0,4,1e-12,0.771582,0,2.59206e-11,3.75572e-12
Hessenberg basic,993,0,0,4,1e-12,0.764962,0,2.34933e-11,3.84105e-12
Hessenberg basic,994,0,0,4,1e-12,0.759034,0,3.41061e-11,3.98637e-12
Hessenberg basic,995,0,0,4,1e-12,0.790676,0,2.52385e-11,4.0637e-12
Hessenberg basic,996,0,0,4,1e-12,0.776587,0,2.45564e-11,3.96083e-12
Hessenberg basic,997,0,0,4,1e-12,0.813697,0,2.08841e-11,3.70642e-12
Hessenberg basic,998,0,0,4,1e-12,0.789174,0,2.04636e-11,3.67248e-12
Hessenberg basic,999,0,0,4,1e-12,0.771373,0,1.65983e-11,3.45454e-12
Hessenberg basic,1000,0,0,4,1e-12,0.780615,0,2.81943e-11,3.72089e-12
