version, size, hermitian, complex, seed, tol, runtime in s,min_error, max_error, avg_error
Hessenberg basic,900,0,0,7,1e-12,0.452967,0,4.83016e-11,3.40447e-12
Hessenberg basic,901,0,0,7,1e-12,0.468992,0,4.7124e-11,3.3012e-12
Hessenberg basic,902,0,0,7,1e-12,0.453529,0,4.92772e-11,3.3917e-12
Hessenberg basic,903,0,0,7,1e-12,0.466516,0,4.88375e-11,3.42252e-12
Hessenberg basic,904,0,0,7,1e-12,0.464095,0,4.84724e-11,3.47405e-12
Hessenberg basic,905,0,0,7,1e-12,0.482499,0,4.95557e-11,3.4764e-12
Hessenberg basic,906,0,0,7,1e-12,0.474353,0,4.82165e-11,3.43243e-12
Hessenberg basic,907,0,0,7,1e-12,0.476471,0,4.78239e-11,3.65795e-12
Hessenberg basic,908,0,0,7,1e-12,0.487744,0,4.79427e-11,4.04959e-12
Hessenberg basic,909,0,0,7,1e-12,0.508469,0,4.89501e-11,3.78003e-12
Hessenberg basic,910,0,0,7,1e-12,0.493246,0,4.82639e-11,4.07549e-12
Hessenberg basic,911,0,0,7,1e-12,0.502062,0,4.8515e-11,4.00026e-12
Hessenberg basic,912,0,0,7,1e-12,0.497763,0,4.95143e-11,3.6709e-12
Hessenberg basic,913,0,0,7,1e-12,0.493465,0,4.85553e-11,3.475e-12
Hessenberg basic,914,0,0,7,1e-12,0.507222,0,4.85271e-11,3.84162e-12
Hessenberg basic,915,0,0,7,1e-12,0.488908,0,4.89366e-11,3.62793e-12
Hessenberg basic,916,0,0,7,1e-12,0.520004,0,4.82733e-11,3.70898e-12
Hessenberg basic,917,0,0,7,1e-12,0.507465,0,4.92952e-11,3.4046e-12
Hessenberg basic,918,0,0,7,1e-12,0.511337,0,4.76689e-11,3.55431e-12
Hessenberg basic,919,0,0,7,1e-12,0.527106,0,4.82479e-11,3.37119e-12
Hessenberg basic,920,0,0,7,1e-12,0.514757,0,4.77304e-11,3.44687e-12
Hessenberg basic,921,0,0,7,1e-12,0.536227,0,4.90168e-11,3.73144e-12
Hessenberg basic,922,0,0,7,1e-12,0.579208,0,4.88692e-11,3.433e-12
Hessenberg basic,923,0,0,7,1e-12,0.550649,0,4.78876e-11,3.57683e-12
Hessenberg basic,924,0,0,7,1e-12,0.524246,0,4.79781e-11,3.48757e-12
Hessenberg basic,925,0,0,7,1e-12,0.556136,0,4.80038e-11,3.44819e-12
Hessenberg basic,926,0,0,7,1e-12,0.534968,0,4.74639e-11,3.59959e-12
Hessenberg basic,927,0,0,7,1e-12,0.556402,0,4.81445e-11,3.33111e-12
Hessenberg basic,928,0,0,7,1e-12,0.538609,0,4.7916e-11,3.43713e-12
Hessenberg basic,929,0,0,7,1e-12,0.539659,0,4.94852e-11,3.75918e-12
Hessenberg basic,930,0,0,7,1e-12,0.562593,0,5.03688e-11,3.71996e-12
Hessenberg basic,931,0,0,7,1e-12,0.550619,0,4.76037e-11,3.50642e-12
Hessenberg basic,932,0,0,7,1e-12,0.574416,0,4.83969e-11,3.84828e-12
Hessenberg basic,933,0,0,7,1e-12,0.564958,0,4.9138e-11,3.64651e-12
Hessenberg basic,934,0,0,7,1e-12,0.561142,0,4.86364e-11,3.93149e-12
Hessenberg basic,935,0,0,7,1e-12,0.572595,0,4.83861e-11,3.78504e-12
Hessenberg basic,936,0,0,7,1e-12,0.568073,0,4.91837e-11,3.48365e-12
Hessenberg basic,937,0,0,7,1e-12,0.569451,0,4.75209e-11,3.81963e-12
Hessenberg basic,938,0,0,7,1e-12,0.618815,0,4.84592e-11,3.65886e-12
Hessenberg basic,939,0,0,7,1e-12,0.584689,0,4.87606e-11,3.67934e-12
Hessenberg basic,940,0,0,7,1e-12,0.602929,0,4.81148e-11,3.83297e-12
Hessenberg basic,941,0,0,7,1e-12,0.581677,0,4.86672e-11,3.53317e-12
Hessenberg basic,942,0,0,7,1e-12,0.602913,0,4.85836e-11,3.57503e-12
Hessenberg basic,943,0,0,7,1e-12,0.638244,0,4.84625e-11,3.65226e-12
Hessenberg basic,944,0,0,7,1e-12,0.608179,0,4.81162e-11,3.75267e-12
Hessenberg basic,945,0,0,7,1e-12,0.622818,0,4.78444e-11,3.55345e-12
Hessenberg basic,946,0,0,7,1e-12,0.623855,0,4.79477e-11,3.73034e-12
Hessenberg basic,947,0,0,7,1e-12,0.597118,0,4.88469e-11,3.91041e-12
Hessenberg basic,948,0,0,7,1e-12,0.638732,0,4.85564e-11,3.84092e-12
Hessenberg basic,949,0,0,7,1e-12,0.625449,0,4.83959e-11,3.70802e-12
Hessenberg basic,950,0,0,7,1e-12,0.663386,0,4.82604e-11,3.83925e-12
Hessenberg basic,951,0,0,7,1e-12,0.624245,0,4.78295e-11,3.56054e-12
Hessenberg basic,952,0,0,7,1e-12,0.634487,0,4.98168e-11,3.92764e-12
Hessenberg basic,953,0,0,7,1e-12,0.63876,0,4.80236e-11,3.68947e-12
Hessenberg basic,954,0,0,7,1e-12,0.636834,0,4.8457e-11,3.55629e-12
Hessenberg basic,955,0,0,7,1e-12,0.659541,0,4.82873e-11,3.84209e-12
Hessenberg basic,956,0,0,7,1e-12,0.647578,0,4.75124e-11,3.695e-12
Hessenberg basic,957,0,0,7,1e-12,0.634881,0,4.89914e-11,4.13148e-12
Hessenberg basic,958,0,0,7,1e-12,0.648202,0,4.84542e-11,3.6987e-12
Hessenberg basic,959,0,0,7,1e-12,0.648731,0,4.79444e-11,3.57253e-12
Hessenberg basic,960,0,0,7,1e-12,0.607355,0,4.83719e-11,3.82444e-12
Hessenberg basic,961,0,0,7,1e-12,0.664369,0,4.77605e-11,3.45e-12
Hessenberg basic,962,0,0,7,1e-12,0.666401,0,5.00879e-11,3.75196e-12
Hessenberg basic,963,0,0,7,1e-12,0.678283,0,4.83156e-11,3.57535e-12
Hessenberg basic,964,0,0,7,1e-12,0.667456,0,4.98709e-11,3.76966e-12
Hessenberg basic,965,0,0,7,1e-12,0.693394,0,4.78454e-11,3.8468e-12
Hessenberg basic,966,0,0,7,1e-12,0.706368,0,4.88543e-11,3.8073e-12
Hessenberg basic,967,0,0,7,1e-12,0.716723,0,4.82741e-11,3.69256e-12
Hessenberg basic,968,0,0,7,1e-12,0.672824,0,4.95357e-11,4.01893e-12
Hessenberg basic,969,0,0,7,1e-12,0.669041,0,4.83075e-11,3.48456e-12
Hessenberg basic,970,0,0,7,1e-12,0.677557,0,4.77968e-11,3.71935e-12
Hessenberg basic,971,0,0,7,1e-12,0.684738,0,4.84488e-11,3.6251e-12
Hessenberg basic,972,0,0,7,1e-12,0.709745,0,4.90939e-11,3.84275e-12
Hessenberg basic,973,0,0,7,1e-12,0.679712,0,4.82912e-11,3.99109e-12
Hessenberg basic,974,0,0,7,1e-12,0.688105,0,4.79973e-11,3.80317e-12
Hessenberg basic,975,0,0,7,1e-12,0.694324,0,4.79951e-11,3.92616e-12
Hessenberg basic,976,0,0,7,1e-12,0.749351,0,4.8759e-11,3.55676e-12
Hessenberg basic,977,0,0,7,1e-12,0.743282,0,4.88283e-11,3.29045e-12
Hessenberg basic,978,0,0,7,1e-12,0.735636,0,4.82799e-11,3.91879e-12
Hessenberg basic,979,0,0,7,1e-12,0.721325,0,4.83146e-11,3.66855e-12
Hessenberg basic,980,0,0,7,1e-12,0.737576,0,4.88214e-11,3.96912e-12
Hessenberg basic,981,0,0,7,1e-12,0.75467,0,4.81669e-11,3.80424e-12
Hessenberg basic,982,0,0,7,1e-12,0.731012,0,4.83471e-11,3.80269e-12
Hessenberg basic,983,0,0,7,1e-12,0.721254,0,4.83393e-11,3.72709e-12
Hessenberg basic,984,0,0,7,1e-12,0.754733,0,4.8058e-11,3.53445e-12
Hessenberg basic,985,0,0,7,1e-12,0.737855,0,4.80453e-11,3.56089e-12
Hessenberg basic,986,0,0,7,1e-12,0.759935,0,4.82815e-11,3.64605e-12
Hessenberg basic,987,0,0,7,1e-12,0.740669,0,4.99001e-11,3.76172e-12
Hessenberg basic,988,0,0,7,1e-12,0.763413,0,4.79518e-11,3.81802e-12
Hessenberg basic,989,0,0,7,1e-12,0.738198,0,4.76408e-11,3.64752e-12
Hessenberg basic,990,0,0,7,1e-12,0.75912,0,4.91931e-11,3.6496e-12
Hessenberg basic,991,0,0,7,1e-12,0.747113,0,4.82458e-11,3.59632e-12
Hessenberg basic,992,0,0,7,1e-12,0.749714,0,4.76231e-11,3.76867e-12
Hessenberg basic,993,0,0,7,1e-12,0.76335,0,4.86337e-11,3.82337e-12
Hessenberg basic,994,0,0,7,1e-12,0.783578,0,4.76021e-11,3.97487e-12
Hessenberg basic,995,0,0,7,1e-12,0.772819,0,4.78332e-11,3.69843e-12
Hessenberg basic,996,0,0,7,1e-12,0.797119,0,4.90725e-11,3.71469e-12
Hessenberg basic,997,0,0,7,1e-12,0.78139,0,4.80057e-11,3.80893e-12
Hessenberg basic,998,0,0,7,1e-12,0.80106,0,4.77725e-11,3.45428e-12
Hessenberg basic,999,0,0,7,1e-12,0.778204,0,4.81574e-11,3.52409e-12
Hessenberg basic,1000,0,0,7,1e-12,0.764209,0,4.79121e-11,4.09098e-12
