version, size, hermitian, complex, seed, tol, runtime in s,min_error, max_error, avg_error
Hessenberg basic,900,0,0,9,1e-12,0.458625,0,2.9786e-11,3.54299e-12
Hessenberg basic,901,0,0,9,1e-12,0.449161,0,5.00222e-11,3.82e-12
Hessenberg basic,902,0,0,9,1e-12,0.465311,0,2.251e-11,3.46056e-12
Hessenberg basic,903,0,0,9,1e-12,0.469495,0,3.75167e-11,3.59546e-12
Hessenberg basic,904,0,0,9,1e-12,0.468126,0,3.66072e-11,3.56398e-12
Hessenberg basic,905,0,0,9,1e-12,0.496255,0,2.27374e-11,3.60583e-12
Hessenberg basic,906,0,0,9,1e-12,0.472633,0,2.47837e-11,4.0124e-12
Hessenberg basic,907,0,0,9,1e-12,0.484805,0,2.84217e-11,3.80638e-12
Hessenberg basic,908,0,0,9,1e-12,0.493792,0,2.72848e-11,3.63612e-12
Hessenberg basic,909,0,0,9,1e-12,0.484335,0,1.7789e-11,3.70169e-12
Hessenberg basic,910,0,0,9,1e-12,0.490656,0,2.81943e-11,3.95391e-12
Hessenberg basic,911,0,0,9,1e-12,0.503551,0,1.99376e-11,3.75762e-12
Hessenberg basic,912,0,0,9,1e-12,0.477939,0,3.06954e-11,3.63652e-12
Hessenberg basic,913,0,0,9,1e-12,0.500576,0,2.47837e-11,3.60144e-12
Hessenberg basic,914,0,0,9,1e-12,0.513358,0,2.26465e-11,3.65342e-12
Hessenberg basic,915,0,0,9,1e-12,0.504298,0,3.13776e-11,3.8214e-12
Hessenberg basic,916,0,0,9,1e-12,0.523111,0,2.95586e-11,3.85906e-12
Hessenberg basic,917,0,0,9,1e-12,0.506066,0,2.77396e-11,3.73141e-12
Hessenberg basic,918,0,0,9,1e-12,0.521059,0,3.06954e-11,3.30026e-12
Hessenberg basic,919,0,0,9,1e-12,0.510626,0,3.5925e-11,4.16305e-12
Hessenberg basic,920,0,0,9,1e-12,0.512659,0,3.56977e-11,3.82491e-12
Hessenberg basic,921,0,0,9,1e-12,0.534435,0,3.06954e-11,3.93979e-12
Hessenberg basic,922,0,0,9,1e-12,0.526966,0,1.97265e-11,3.79669e-12
Hessenberg basic,923,0,0,9,1e-12,0.541225,0,1.76127e-11,3.66767e-12
Hessenberg basic,924,0,0,9,1e-12,0.533969,0,3.16049e-11,3.88115e-12
Hessenberg basic,925,0,0,9,1e-12,0.541755,0,2.04636e-11,3.68169e-12
Hessenberg basic,926,0,0,9,1e-12,0.541366,0,2.81943e-11,3.92407e-12
Hessenberg basic,927,0,0,9,1e-12,0.535136,0,2.66027e-11,3.64806e-12
Hessenberg basic,928,0,0,9,1e-12,0.538623,0,2.87899e-11,3.81568e-12
Hessenberg basic,929,0,0,9,1e-12,0.544174,0,1.92937e-11,4.01385e-12
Hessenberg basic,930,0,0,9,1e-12,0.561439,0,2.93312e-11,3.85966e-12
Hessenberg basic,931,0,0,9,1e-12,0.552371,0,2.29647e-11,3.70708e-12
Hessenberg basic,932,0,0,9,1e-12,0.572838,0,3.93356e-11,3.71208e-12
Hessenberg basic,933,0,0,9,1e-12,0.564623,0,2.22516e-11,3.65935e-12
Hessenberg basic,934,0,0,9,1e-12,0.563061,0,2.66027e-11,3.89684e-12
Hessenberg basic,935,0,0,9,1e-12,0.580481,0,2.3554e-11,4.02459e-12
Hessenberg basic,936,0,0,9,1e-12,0.566765,0,2.41908e-11,4.128e-12
Hessenberg basic,937,0,0,9,1e-12,0.571608,0,2.22826e-11,3.66097e-12
Hessenberg basic,938,0,0,9,1e-12,0.572836,0,2.75122e-11,3.4335e-12
Hessenberg basic,939,0,0,9,1e-12,0.590393,0,1.95569e-11,3.89689e-12
Hessenberg basic,940,0,0,9,1e-12,0.594981,0,2.36469e-11,3.9018e-12
Hessenberg basic,941,0,0,9,1e-12,0.593502,0,2.29647e-11,3.77541e-12
Hessenberg basic,942,0,0,9,1e-12,0.590627,0,3.04681e-11,3.80894e-12
Hessenberg basic,943,0,0,9,1e-12,0.591503,0,2.22826e-11,3.42911e-12
Hessenberg basic,944,0,0,9,1e-12,0.598322,0,2.24701e-11,3.59973e-12
Hessenberg basic,945,0,0,9,1e-12,0.609024,0,1.69622e-11,3.52284e-12
Hessenberg basic,946,0,0,9,1e-12,0.60999,0,2.48753e-11,3.80841e-12
Hessenberg basic,947,0,0,9,1e-12,0.605525,0,1.84251e-11,3.48827e-12
Hessenberg basic,948,0,0,9,1e-12,0.607056,0,2.59206e-11,3.56723e-12
Hessenberg basic,949,0,0,9,1e-12,0.604033,0,1.90994e-11,3.99753e-12
Hessenberg basic,950,0,0,9,1e-12,0.630339,0,2.27374e-11,3.9018e-12
Hessenberg basic,951,0,0,9,1e-12,0.631601,0,2.26975e-11,3.45157e-12
Hessenberg basic,952,0,0,9,1e-12,0.62385,0,1.99549e-11,3.76772e-12
Hessenberg basic,953,0,0,9,1e-12,0.636875,0,2.03956e-11,3.50939e-12
Hessenberg basic,954,0,0,9,1e-12,0.639061,0,2.50741e-11,4.07754e-12
Hessenberg basic,955,0,0,9,1e-12,0.641711,0,2.3465e-11,3.74475e-12
Hessenberg basic,956,0,0,9,1e-12,0.645398,0,2.45564e-11,3.57852e-12
Hessenberg basic,957,0,0,9,1e-12,0.647889,0,2.81943e-11,3.7327e-12
Hessenberg basic,958,0,0,9,1e-12,0.654855,0,1.74534e-11,3.62928e-12
Hessenberg basic,959,0,0,9,1e-12,0.690461,0,2.45219e-11,3.6539e-12
Hessenberg basic,960,0,0,9,1e-12,0.648332,0,2.70575e-11,3.59747e-12
Hessenberg basic,961,0,0,9,1e-12,0.675086,0,2.41016e-11,3.52411e-12
Hessenberg basic,962,0,0,9,1e-12,0.67681,0,2.15073e-11,3.7549e-12
Hessenberg basic,963,0,0,9,1e-12,0.685472,0,2.02363e-11,3.95667e-12
Hessenberg basic,964,0,0,9,1e-12,0.70253,0,2.68301e-11,3.56866e-12
Hessenberg basic,965,0,0,9,1e-12,0.681232,0,2.75122e-11,3.45947e-12
Hessenberg basic,966,0,0,9,1e-12,0.692488,0,2.1219e-11,3.63951e-12
Hessenberg basic,967,0,0,9,1e-12,0.66687,0,2.47837e-11,3.62483e-12
Hessenberg basic,968,0,0,9,1e-12,0.664983,0,2.47892e-11,3.7456e-12
Hessenberg basic,969,0,0,9,1e-12,0.685839,0,2.24312e-11,3.8922e-12
Hessenberg basic,970,0,0,9,1e-12,0.697742,0,2.59206e-11,3.73302e-12
Hessenberg basic,971,0,0,9,1e-12,0.704544,0,2.29278e-11,3.94977e-12
Hessenberg basic,972,0,0,9,1e-12,0.707028,0,2.04636e-11,3.80036e-12
Hessenberg basic,973,0,0,9,1e-12,0.692182,0,4.11546e-11,3.95807e-12
Hessenberg basic,974,0,0,9,1e-12,0.708616,0,2.27426e-11,4.03161e-12
Hessenberg basic,975,0,0,9,1e-12,0.720953,0,2.70575e-11,3.81779e-12
Hessenberg basic,976,0,0,9,1e-12,0.710943,0,2.31921e-11,3.88125e-12
Hessenberg basic,977,0,0,9,1e-12,0.726835,0,1.84173e-11,3.4659e-12
Hessenberg basic,978,0,0,9,1e-12,0.712485,0,1.95214e-11,3.56706e-12
Hessenberg basic,979,0,0,9,1e-12,0.711386,0,2.6148e-11,3.73065e-12
Hessenberg basic,980,0,0,9,1e-12,0.731397,0,2.45564e-11,3.94763e-12
Hessenberg basic,981,0,0,9,1e-12,0.709042,0,2.20552e-11,3.4805e-12
Hessenberg basic,982,0,0,9,1e-12,0.72063,0,2.81943e-11,3.48669e-12
Hessenberg basic,983,0,0,9,1e-12,0.737408,0,2.50096e-11,3.4467e-12
Hessenberg basic,984,0,0,9,1e-12,0.731691,0,2.22826e-11,3.62225e-12
Hessenberg basic,985,0,0,9,1e-12,0.724674,0,2.4329e-11,3.93819e-12
Hessenberg basic,986,0,0,9,1e-12,0.747495,0,2.59206e-11,4.03056e-12
Hessenberg basic,987,0,0,9,1e-12,0.734148,0,2.35432e-11,3.73163e-12
Hessenberg basic,988,0,0,9,1e-12,0.772551,0,2.59206e-11,3.94136e-12
Hessenberg basic,989,0,0,9,1e-12,0.757649,0,1.64848e-11,3.49775e-12
Hessenberg basic,990,0,0,9,1e-12,0.800413,0,2.37303e-11,4.12602e-12
Hessenberg basic,991,0,0,9,1e-12,0.781245,0,2.29647e-11,3.68125e-12
Hessenberg basic,992,0,0,9,1e-12,0.767021,0,2.22826e-11,3.82637e-12
Hessenberg basic,993,0,0,9,1e-12,0.764635,0,2.02612e-11,3.64089e-12
Hessenberg basic,994,0,0,9,1e-12,0.795698,0,2.18439e-11,3.77648e-12
Hessenberg basic,995,0,0,9,1e-12,0.766822,0,2.38742e-11,3.74555e-12
Hessenberg basic,996,0,0,9,1e-12,0.790299,0,2.63753e-11,3.80938e-12
Hessenberg basic,997,0,0,9,1e-12,0.774118,0,1.79625e-11,3.63482e-12
Hessenberg basic,998,0,0,9,1e-12,0.769497,0,2.63753e-11,3.78739e-12
Hessenberg basic,999,0,0,9,1e-12,0.785041,0,2.18279e-11,3.78638e-12
Hessenberg basic,1000,0,0,9,1e-12,0.764992,0,2.06704e-11,3.53908e-12
