version, size, hermitian, complex, seed, tol, runtime in s,min_error, max_error, avg_error
Hessenberg basic,900,0,0,2,1e-12,0.454558,0,2.52385e-11,3.325e-12
Hessenberg basic,901,0,0,2,1e-12,0.471708,0,2.81943e-11,3.25061e-12
Hessenberg basic,902,0,0,2,1e-12,0.457488,0,2.13731e-11,3.30852e-12
Hessenberg basic,903,0,0,2,1e-12,0.464494,0,2.41016e-11,3.54862e-12
Hessenberg basic,904,0,0,2,1e-12,0.466365,0,2.03004e-11,3.23406e-12
Hessenberg basic,905,0,0,2,1e-12,0.495982,0,2.04593e-11,3.4652e-12
Hessenberg basic,906,0,0,2,1e-12,0.494834,0,3.29692e-11,3.77147e-12
Hessenberg basic,907,0,0,2,1e-12,0.478475,0,2.9786e-11,3.36247e-12
Hessenberg basic,908,0,0,2,1e-12,0.487594,0,2.68301e-11,3.4257e-12
Hessenberg basic,909,0,0,2,1e-12,0.499252,0,2.72848e-11,3.10653e-12
Hessenberg basic,910,0,0,2,1e-12,0.491219,0,2.9786e-11,3.45217e-12
Hessenberg basic,911,0,0,2,1e-12,0.50951,0,2.11396e-11,3.13774e-12
Hessenberg basic,912,0,0,2,1e-12,0.508302,0,2.02975e-11,3.34274e-12
Hessenberg basic,913,0,0,2,1e-12,0.506037,0,2.47837e-11,3.47199e-12
Hessenberg basic,914,0,0,2,1e-12,0.50739,0,2.81943e-11,3.19618e-12
Hessenberg basic,915,0,0,2,1e-12,0.510728,0,3.04681e-11,3.03915e-12
Hessenberg basic,916,0,0,2,1e-12,0.51383,0,2.75122e-11,3.47348e-12
Hessenberg basic,917,0,0,2,1e-12,0.528778,0,2.47837e-11,3.47986e-12
Hessenberg basic,918,0,0,2,1e-12,0.521569,0,2.81943e-11,3.27451e-12
Hessenberg basic,919,0,0,2,1e-12,0.534092,0,2.31921e-11,3.84032e-12
Hessenberg basic,920,0,0,2,1e-12,0.512853,0,3.72893e-11,3.50386e-12
Hessenberg basic,921,0,0,2,1e-12,0.530423,0,2.70575e-11,3.43604e-12
Hessenberg basic,922,0,0,2,1e-12,0.540566,0,2.251e-11,3.47508e-12
Hessenberg basic,923,0,0,2,1e-12,0.53622,0,2.41016e-11,3.78039e-12
Hessenberg basic,924,0,0,2,1e-12,0.540875,0,2.41016e-11,3.19668e-12
Hessenberg basic,925,0,0,2,1e-12,0.56116,0,2.77195e-11,3.19448e-12
Hessenberg basic,926,0,0,2,1e-12,0.542451,0,2.0691e-11,3.38256e-12
Hessenberg basic,927,0,0,2,1e-12,0.552629,0,2.52385e-11,3.4105e-12
Hessenberg basic,928,0,0,2,1e-12,0.546242,0,2.17341e-11,3.36577e-12
Hessenberg basic,929,0,0,2,1e-12,0.563315,0,2.34195e-11,3.33487e-12
Hessenberg basic,930,0,0,2,1e-12,0.56028,0,3.31966e-11,3.54545e-12
Hessenberg basic,931,0,0,2,1e-12,0.554327,0,2.27374e-11,3.41688e-12
Hessenberg basic,932,0,0,2,1e-12,0.573668,0,2.16005e-11,3.47239e-12
Hessenberg basic,933,0,0,2,1e-12,0.5603,0,2.22826e-11,3.61046e-12
Hessenberg basic,934,0,0,2,1e-12,0.560356,0,3.25144e-11,3.48129e-12
Hessenberg basic,935,0,0,2,1e-12,0.574207,0,2.11574e-11,3.35383e-12
Hessenberg basic,936,0,0,2,1e-12,0.558873,0,2.75122e-11,3.46213e-12
Hessenberg basic,937,0,0,2,1e-12,0.570586,0,1.93268e-11,3.46895e-12
Hessenberg basic,938,0,0,2,1e-12,0.587783,0,2.38742e-11,3.30676e-12
Hessenberg basic,939,0,0,2,1e-12,0.579039,0,2.59206e-11,3.21265e-12
Hessenberg basic,940,0,0,2,1e-12,0.587557,0,2.04636e-11,3.38229e-12
Hessenberg basic,941,0,0,2,1e-12,0.589646,0,2.18279e-11,3.1552e-12
Hessenberg basic,942,0,0,2,1e-12,0.588557,0,2.52385e-11,3.40999e-12
Hessenberg basic,943,0,0,2,1e-12,0.611778,0,2.6148e-11,3.29644e-12
Hessenberg basic,944,0,0,2,1e-12,0.594424,0,3.06954e-11,3.44052e-12
Hessenberg basic,945,0,0,2,1e-12,0.621615,0,2.75122e-11,3.37792e-12
Hessenberg basic,946,0,0,2,1e-12,0.604753,0,3.43334e-11,3.58071e-12
Hessenberg basic,947,0,0,2,1e-12,0.642603,0,1.91619e-11,3.40874e-12
Hessenberg basic,948,0,0,2,1e-12,0.630338,0,2.9786e-11,3.35783e-12
Hessenberg basic,949,0,0,2,1e-12,0.627007,0,2.63753e-11,3.64524e-12
Hessenberg basic,950,0,0,2,1e-12,0.628916,0,2.68301e-11,3.56826e-12
Hessenberg basic,951,0,0,2,1e-12,0.624308,0,3.7744e-11,3.85077e-12
Hessenberg basic,952,0,0,2,1e-12,0.605964,0,3.79714e-11,3.3148e-12
Hessenberg basic,953,0,0,2,1e-12,0.625818,0,2.45564e-11,3.20455e-12
Hessenberg basic,954,0,0,2,1e-12,0.631454,0,4.00178e-11,3.19129e-12
Hessenberg basic,955,0,0,2,1e-12,0.630375,0,2.18279e-11,3.3666e-12
Hessenberg basic,956,0,0,2,1e-12,0.635462,0,3.16049e-11,3.14154e-12
Hessenberg basic,957,0,0,2,1e-12,0.63258,0,2.59206e-11,3.65829e-12
Hessenberg basic,958,0,0,2,1e-12,0.640291,0,2.27374e-11,2.97757e-12
Hessenberg basic,959,0,0,2,1e-12,0.638552,0,2.45564e-11,3.6058e-12
Hessenberg basic,960,0,0,2,1e-12,0.612923,0,2.56932e-11,3.55072e-12
Hessenberg basic,961,0,0,2,1e-12,0.650242,0,3.86535e-11,3.46252e-12
Hessenberg basic,962,0,0,2,1e-12,0.658881,0,2.68301e-11,3.43199e-12
Hessenberg basic,963,0,0,2,1e-12,0.665362,0,3.41061e-11,3.48466e-12
Hessenberg basic,964,0,0,2,1e-12,0.678234,0,1.92219e-11,3.12326e-12
Hessenberg basic,965,0,0,2,1e-12,0.680653,0,3.09228e-11,3.20023e-12
Hessenberg basic,966,0,0,2,1e-12,0.686641,0,2.4329e-11,3.31924e-12
Hessenberg basic,967,0,0,2,1e-12,0.681929,0,2.27374e-11,3.63564e-12
Hessenberg basic,968,0,0,2,1e-12,0.656783,0,2.16005e-11,3.0858e-12
Hessenberg basic,969,0,0,2,1e-12,0.673509,0,3.84262e-11,3.47969e-12
Hessenberg basic,970,0,0,2,1e-12,0.686124,0,2.22826e-11,3.41275e-12
Hessenberg basic,971,0,0,2,1e-12,0.686946,0,2.24672e-11,3.42858e-12
Hessenberg basic,972,0,0,2,1e-12,0.713065,0,4.54747e-11,3.30998e-12
Hessenberg basic,973,0,0,2,1e-12,0.711747,0,3.52429e-11,4.00147e-12
Hessenberg basic,974,0,0,2,1e-12,0.696996,0,2.70575e-11,3.2508e-12
Hessenberg basic,975,0,0,2,1e-12,0.704082,0,2.4329e-11,3.25895e-12
Hessenberg basic,976,0,0,2,1e-12,0.691647,0,3.16049e-11,3.32954e-12
Hessenberg basic,977,0,0,2,1e-12,0.702461,0,1.86446e-11,3.01648e-12
Hessenberg basic,978,0,0,2,1e-12,0.74361,0,2.54659e-11,3.71398e-12
Hessenberg basic,979,0,0,2,1e-12,0.717477,0,3.43334e-11,3.55265e-12
Hessenberg basic,980,0,0,2,1e-12,0.723991,0,3.84262e-11,3.21095e-12
Hessenberg basic,981,0,0,2,1e-12,0.737736,0,2.31921e-11,3.29793e-12
Hessenberg basic,982,0,0,2,1e-12,0.725905,0,3.25144e-11,3.34839e-12
Hessenberg basic,983,0,0,2,1e-12,0.718401,0,1.90726e-11,3.53491e-12
Hessenberg basic,984,0,0,2,1e-12,0.733722,0,2.81943e-11,3.5553e-12
Hessenberg basic,985,0,0,2,1e-12,0.728819,0,1.7419e-11,3.08611e-12
Hessenberg basic,986,0,0,2,1e-12,0.756117,0,3.29692e-11,3.2873e-12
Hessenberg basic,987,0,0,2,1e-12,0.734885,0,2.41715e-11,3.5455e-12
Hessenberg basic,988,0,0,2,1e-12,0.772223,0,3.41061e-11,3.22783e-12
Hessenberg basic,989,0,0,2,1e-12,0.729788,0,2.88765e-11,3.29223e-12
Hessenberg basic,990,0,0,2,1e-12,0.776871,0,2.68301e-11,3.72329e-12
Hessenberg basic,991,0,0,2,1e-12,0.759514,0,3.70619e-11,3.28564e-12
Hessenberg basic,992,0,0,2,1e-12,0.738429,0,2.13731e-11,3.27708e-12
Hessenberg basic,993,0,0,2,1e-12,0.746842,0,2.45587e-11,3.34858e-12
Hessenberg basic,994,0,0,2,1e-12,0.780102,0,3.34239e-11,3.18007e-12
Hessenberg basic,995,0,0,2,1e-12,0.754891,0,1.90726e-11,3.13751e-12
Hessenberg basic,996,0,0,2,1e-12,0.767009,0,2.03067e-11,3.44199e-12
Hessenberg basic,997,0,0,2,1e-12,0.770321,0,3.75167e-11,3.43889e-12
Hessenberg basic,998,0,0,2,1e-12,0.780486,0,3.63798e-11,3.27184e-12
Hessenberg basic,999,0,0,2,1e-12,0.765928,0,2.52385e-11,3.35025e-12
Hessenberg basic,1000,0,0,2,1e-12,0.746314,0,2.0691e-11,3.16497e-12
