version, size, hermitian, complex, seed, tol, runtime in s,min_error, max_error, avg_error
Hessenberg basic,900,0,0,6,1e-12,0.715818,0,2.09184e-11,4.04739e-12
Hessenberg basic,901,0,0,6,1e-12,0.484857,0,2.29647e-11,3.6551e-12
Hessenberg basic,902,0,0,6,1e-12,0.529596,0,2.31921e-11,3.81277e-12
Hessenberg basic,903,0,0,6,1e-12,0.496634,0,3.56977e-11,3.67197e-12
Hessenberg basic,904,0,0,6,1e-12,0.460593,0,2.86491e-11,3.80393e-12
Hessenberg basic,905,0,0,6,1e-12,0.472428,0,1.84173e-11,3.69638e-12
Hessenberg basic,906,0,0,6,1e-12,0.497303,0,2.11745e-11,3.84936e-12
Hessenberg basic,907,0,0,6,1e-12,0.517437,0,3.04282e-11,3.98114e-12
Hessenberg basic,908,0,0,6,1e-12,0.482148,0,1.98487e-11,3.67399e-12
Hessenberg basic,909,0,0,6,1e-12,0.490102,0,2.29143e-11,3.93251e-12
Hessenberg basic,910,0,0,6,1e-12,0.502733,0,2.36469e-11,3.82317e-12
Hessenberg basic,911,0,0,6,1e-12,0.644472,0,2.91038e-11,4.1381e-12
Hessenberg basic,912,0,0,6,1e-12,0.524377,0,2.81943e-11,3.94515e-12
Hessenberg basic,913,0,0,6,1e-12,0.514855,0,2.45566e-11,3.91819e-12
Hessenberg basic,914,0,0,6,1e-12,0.496864,0,2.47837e-11,3.71377e-12
Hessenberg basic,915,0,0,6,1e-12,0.529081,0,1.69851e-11,3.54453e-12
Hessenberg basic,916,0,0,6,1e-12,0.520491,0,2.28046e-11,3.73597e-12
Hessenberg basic,917,0,0,6,1e-12,0.527842,0,2.20552e-11,3.54531e-12
Hessenberg basic,918,0,0,6,1e-12,0.512892,0,2.06692e-11,3.60923e-12
Hessenberg basic,919,0,0,6,1e-12,0.529487,0,2.13504e-11,3.46933e-12
Hessenberg basic,920,0,0,6,1e-12,0.531797,0,2.6148e-11,3.70598e-12
Hessenberg basic,921,0,0,6,1e-12,0.536041,0,3.38787e-11,3.44467e-12
Hessenberg basic,922,0,0,6,1e-12,0.555919,0,2.84217e-11,3.92452e-12
Hessenberg basic,923,0,0,6,1e-12,0.540969,0,1.95541e-11,3.88356e-12
Hessenberg basic,924,0,0,6,1e-12,0.568232,0,2.11458e-11,3.83397e-12
Hessenberg basic,925,0,0,6,1e-12,0.533197,0,2.27374e-11,3.27559e-12
Hessenberg basic,926,0,0,6,1e-12,0.678561,0,1.50067e-11,3.14435e-12
Hessenberg basic,927,0,0,6,1e-12,0.571263,0,2.27032e-11,4.07988e-12
Hessenberg basic,928,0,0,6,1e-12,0.52668,0,2.09184e-11,3.52134e-12
Hessenberg basic,929,0,0,6,1e-12,0.562655,0,2.55077e-11,3.77248e-12
Hessenberg basic,930,0,0,6,1e-12,0.55908,0,1.97815e-11,3.46604e-12
Hessenberg basic,931,0,0,6,1e-12,0.558251,0,2.56088e-11,3.68267e-12
Hessenberg basic,932,0,0,6,1e-12,0.593953,0,2.31921e-11,3.85639e-12
Hessenberg basic,933,0,0,6,1e-12,0.551661,0,2.99245e-11,3.68941e-12
Hessenberg basic,934,0,0,6,1e-12,0.584414,0,2.75122e-11,3.36759e-12
Hessenberg basic,935,0,0,6,1e-12,0.577525,0,1.79625e-11,3.57577e-12
Hessenberg basic,936,0,0,6,1e-12,0.560258,0,1.72804e-11,3.26184e-12
Hessenberg basic,937,0,0,6,1e-12,0.608793,0,1.84173e-11,3.35557e-12
Hessenberg basic,938,0,0,6,1e-12,0.593188,0,2.63753e-11,3.50292e-12
Hessenberg basic,939,0,0,6,1e-12,0.596451,0,2.00089e-11,3.76288e-12
Hessenberg basic,940,0,0,6,1e-12,0.611342,0,1.91997e-11,3.70361e-12
Hessenberg basic,941,0,0,6,1e-12,0.595754,0,2.29647e-11,3.50572e-12
Hessenberg basic,942,0,0,6,1e-12,0.613793,0,1.75078e-11,3.64793e-12
Hessenberg basic,943,0,0,6,1e-12,0.612504,0,2.09212e-11,3.4581e-12
Hessenberg basic,944,0,0,6,1e-12,0.593509,0,2.36469e-11,3.58513e-12
Hessenberg basic,945,0,0,6,1e-12,0.606939,0,2.50111e-11,3.40498e-12
Hessenberg basic,946,0,0,6,1e-12,0.626583,0,2.81943e-11,3.93863e-12
Hessenberg basic,947,0,0,6,1e-12,0.625648,0,2.50111e-11,3.33262e-12
Hessenberg basic,948,0,0,6,1e-12,0.631282,0,1.98943e-11,3.34992e-12
Hessenberg basic,949,0,0,6,1e-12,0.626289,0,2.2705e-11,3.55806e-12
Hessenberg basic,950,0,0,6,1e-12,0.623806,0,3.61524e-11,3.43718e-12
Hessenberg basic,951,0,0,6,1e-12,0.617238,0,2.39613e-11,3.51046e-12
Hessenberg basic,952,0,0,6,1e-12,0.624416,0,2.08931e-11,3.51636e-12
Hessenberg basic,953,0,0,6,1e-12,0.632403,0,2.13731e-11,3.66748e-12
Hessenberg basic,954,0,0,6,1e-12,0.646206,0,2.02363e-11,3.58149e-12
Hessenberg basic,955,0,0,6,1e-12,0.633834,0,2.54659e-11,3.70005e-12
Hessenberg basic,956,0,0,6,1e-12,0.672371,0,2.31288e-11,3.51521e-12
Hessenberg basic,957,0,0,6,1e-12,0.679945,0,2.7967e-11,3.69038e-12
Hessenberg basic,958,0,0,6,1e-12,0.668302,0,1.93268e-11,3.41293e-12
Hessenberg basic,959,0,0,6,1e-12,0.659077,0,2.57269e-11,3.79528e-12
Hessenberg basic,960,0,0,6,1e-12,0.6304,0,2.251e-11,3.49641e-12
Hessenberg basic,961,0,0,6,1e-12,0.65477,0,2.27374e-11,3.67214e-12
Hessenberg basic,962,0,0,6,1e-12,0.653914,0,2.45564e-11,3.74423e-12
Hessenberg basic,963,0,0,6,1e-12,0.64734,0,2.36611e-11,3.58558e-12
Hessenberg basic,964,0,0,6,1e-12,0.668865,0,2.22826e-11,3.6137e-12
Hessenberg basic,965,0,0,6,1e-12,0.668326,0,2.56873e-11,3.46346e-12
Hessenberg basic,966,0,0,6,1e-12,0.669283,0,2.75122e-11,3.4697e-12
Hessenberg basic,967,0,0,6,1e-12,0.678186,0,2.251e-11,3.58112e-12
Hessenberg basic,968,0,0,6,1e-12,0.677536,0,2.50111e-11,3.72011e-12
Hessenberg basic,969,0,0,6,1e-12,0.693208,0,2.47621e-11,3.66663e-12
Hessenberg basic,970,0,0,6,1e-12,0.67815,0,2.46803e-11,3.80946e-12
Hessenberg basic,971,0,0,6,1e-12,0.687736,0,2.11458e-11,3.69735e-12
Hessenberg basic,972,0,0,6,1e-12,0.695061,0,2.05154e-11,3.70148e-12
Hessenberg basic,973,0,0,6,1e-12,0.707744,0,2.97124e-11,3.88676e-12
Hessenberg basic,974,0,0,6,1e-12,0.718471,0,2.83813e-11,3.88382e-12
Hessenberg basic,975,0,0,6,1e-12,0.69564,0,3.29692e-11,3.70897e-12
Hessenberg basic,976,0,0,6,1e-12,0.693665,0,2.91038e-11,3.72093e-12
Hessenberg basic,977,0,0,6,1e-12,0.709553,0,2.20552e-11,3.53944e-12
Hessenberg basic,978,0,0,6,1e-12,0.721098,0,2.77396e-11,3.95259e-12
Hessenberg basic,979,0,0,6,1e-12,0.731614,0,2.70575e-11,3.99163e-12
Hessenberg basic,980,0,0,6,1e-12,0.712949,0,2.24266e-11,3.82728e-12
Hessenberg basic,981,0,0,6,1e-12,0.717616,0,3.12639e-11,4.09108e-12
Hessenberg basic,982,0,0,6,1e-12,0.739553,0,2.11458e-11,3.56976e-12
Hessenberg basic,983,0,0,6,1e-12,0.723189,0,3.13776e-11,3.79307e-12
Hessenberg basic,984,0,0,6,1e-12,0.724725,0,1.83749e-11,3.82416e-12
Hessenberg basic,985,0,0,6,1e-12,0.727469,0,1.95108e-11,3.95829e-12
Hessenberg basic,986,0,0,6,1e-12,0.745436,0,2.15049e-11,3.79739e-12
Hessenberg basic,987,0,0,6,1e-12,0.763062,0,2.20552e-11,3.8513e-12
Hessenberg basic,988,0,0,6,1e-12,0.742698,0,3.5925e-11,3.56077e-12
Hessenberg basic,989,0,0,6,1e-12,0.757196,0,2.32733e-11,3.68217e-12
Hessenberg basic,990,0,0,6,1e-12,0.753332,0,1.97815e-11,3.91195e-12
Hessenberg basic,991,0,0,6,1e-12,0.768698,0,2.29647e-11,3.592e-12
Hessenberg basic,992,0,0,6,1e-12,0.762998,0,2.84947e-11,3.9671e-12
Hessenberg basic,993,0,0,6,1e-12,0.778692,0,2.63753e-11,3.59363e-12
Hessenberg basic,994,0,0,6,1e-12,0.769067,0,2.4914e-11,3.71862e-12
Hessenberg basic,995,0,0,6,1e-12,0.783725,0,2.00827e-11,4.18173e-12
Hessenberg basic,996,0,0,6,1e-12,0.805117,0,2.81943e-11,3.77272e-12
Hessenberg basic,997,0,0,6,1e-12,0.783197,0,2.52385e-11,3.80472e-12
Hessenberg basic,998,0,0,6,1e-12,0.777235,0,2.30591e-11,3.86549e-12
Hessenberg basic,999,0,0,6,1e-12,0.77203,0,3.04681e-11,4.04684e-12
Hessenberg basic,1000,0,0,6,1e-12,0.774922,0,2.74984e-11,4.06834e-12
