version, size, hermitian, complex, seed, tol, runtime in s,min_error, max_error, avg_error
Hessenberg basic,900,0,0,8,1e-12,0.469255,0,1.95541e-11,3.63617e-12
Hessenberg basic,901,0,0,8,1e-12,0.452265,0,3.63798e-11,3.29463e-12
Hessenberg basic,902,0,0,8,1e-12,0.463433,0,2.75122e-11,3.69472e-12
Hessenberg basic,903,0,0,8,1e-12,0.478467,0,3.31966e-11,3.5771e-12
Hessenberg basic,904,0,0,8,1e-12,0.479299,0,2.68302e-11,3.87663e-12
Hessenberg basic,905,0,0,8,1e-12,0.46994,0,2.47837e-11,3.43627e-12
Hessenberg basic,906,0,0,8,1e-12,0.526434,0,2.70575e-11,3.70686e-12
Hessenberg basic,907,0,0,8,1e-12,0.480272,0,2.63753e-11,3.75649e-12
Hessenberg basic,908,0,0,8,1e-12,0.553077,0,2.7967e-11,3.8107e-12
Hessenberg basic,909,0,0,8,1e-12,0.480398,0,2.01854e-11,3.72687e-12
Hessenberg basic,910,0,0,8,1e-12,0.499784,0,2.75122e-11,3.50832e-12
Hessenberg basic,911,0,0,8,1e-12,0.522176,0,2.52385e-11,3.62303e-12
Hessenberg basic,912,0,0,8,1e-12,0.484926,0,2.41016e-11,3.54524e-12
Hessenberg basic,913,0,0,8,1e-12,0.502663,0,2.6368e-11,3.77812e-12
Hessenberg basic,914,0,0,8,1e-12,0.514129,0,2.59968e-11,3.89168e-12
Hessenberg basic,915,0,0,8,1e-12,0.505036,0,2.70575e-11,3.75519e-12
Hessenberg basic,916,0,0,8,1e-12,0.512414,0,2.59206e-11,3.73606e-12
Hessenberg basic,917,0,0,8,1e-12,0.49865,0,2.251e-11,3.48258e-12
Hessenberg basic,918,0,0,8,1e-12,0.518725,0,2.11458e-11,3.31359e-12
Hessenberg basic,919,0,0,8,1e-12,0.526459,0,1.86446e-11,3.56431e-12
Hessenberg basic,920,0,0,8,1e-12,0.532858,0,1.93712e-11,3.65226e-12
Hessenberg basic,921,0,0,8,1e-12,0.530231,0,2.6148e-11,3.98798e-12
Hessenberg basic,922,0,0,8,1e-12,0.526007,0,2.56932e-11,3.69879e-12
Hessenberg basic,923,0,0,8,1e-12,0.517594,0,2.41016e-11,3.48868e-12
Hessenberg basic,924,0,0,8,1e-12,0.563616,0,2.46889e-11,3.61151e-12
Hessenberg basic,925,0,0,8,1e-12,0.536211,0,1.83231e-11,3.69157e-12
Hessenberg basic,926,0,0,8,1e-12,0.537921,0,2.59206e-11,3.6705e-12
Hessenberg basic,927,0,0,8,1e-12,0.536169,0,2.68301e-11,3.75154e-12
Hessenberg basic,928,0,0,8,1e-12,0.547674,0,2.70575e-11,3.75638e-12
Hessenberg basic,929,0,0,8,1e-12,0.538864,0,3.81988e-11,3.78613e-12
Hessenberg basic,930,0,0,8,1e-12,0.562107,0,2.7967e-11,3.72977e-12
Hessenberg basic,931,0,0,8,1e-12,0.560632,0,2.18279e-11,3.62517e-12
Hessenberg basic,932,0,0,8,1e-12,0.550017,0,3.02407e-11,3.60326e-12
Hessenberg basic,933,0,0,8,1e-12,0.571123,0,2.20552e-11,3.6785e-12
Hessenberg basic,934,0,0,8,1e-12,0.571871,0,1.86446e-11,3.11322e-12
Hessenberg basic,935,0,0,8,1e-12,0.56429,0,2.52385e-11,3.72081e-12
Hessenberg basic,936,0,0,8,1e-12,0.572871,0,2.28327e-11,3.64757e-12
Hessenberg basic,937,0,0,8,1e-12,0.585727,0,2.70575e-11,3.87418e-12
Hessenberg basic,938,0,0,8,1e-12,0.580387,0,2.45976e-11,3.71643e-12
Hessenberg basic,939,0,0,8,1e-12,0.611138,0,4.38831e-11,3.46052e-12
Hessenberg basic,940,0,0,8,1e-12,0.605964,0,4.04725e-11,3.84156e-12
Hessenberg basic,941,0,0,8,1e-12,0.598324,0,2.1724e-11,3.82889e-12
Hessenberg basic,942,0,0,8,1e-12,0.604234,0,2.72848e-11,3.39743e-12
Hessenberg basic,943,0,0,8,1e-12,0.595295,0,2.29934e-11,3.53595e-12
Hessenberg basic,944,0,0,8,1e-12,0.605045,0,1.51613e-11,3.34881e-12
Hessenberg basic,945,0,0,8,1e-12,0.616594,0,3.00133e-11,4.06705e-12
Hessenberg basic,946,0,0,8,1e-12,0.622004,0,2.4329e-11,3.59922e-12
Hessenberg basic,947,0,0,8,1e-12,0.616591,0,2.13731e-11,3.64229e-12
Hessenberg basic,948,0,0,8,1e-12,0.614716,0,2.34195e-11,3.76678e-12
Hessenberg basic,949,0,0,8,1e-12,0.608099,0,3.43334e-11,3.48793e-12
Hessenberg basic,950,0,0,8,1e-12,0.612447,0,2.36469e-11,3.81162e-12
Hessenberg basic,951,0,0,8,1e-12,0.640742,0,2.63753e-11,3.46844e-12
Hessenberg basic,952,0,0,8,1e-12,0.62553,0,3.00133e-11,3.46869e-12
Hessenberg basic,953,0,0,8,1e-12,0.639701,0,3.06954e-11,3.52875e-12
Hessenberg basic,954,0,0,8,1e-12,0.647506,0,1.8872e-11,3.44755e-12
Hessenberg basic,955,0,0,8,1e-12,0.650182,0,2.95586e-11,4.10853e-12
Hessenberg basic,956,0,0,8,1e-12,0.651152,0,2.57324e-11,3.71181e-12
Hessenberg basic,957,0,0,8,1e-12,0.655044,0,2.27374e-11,3.42891e-12
Hessenberg basic,958,0,0,8,1e-12,0.652912,0,2.93312e-11,3.68761e-12
Hessenberg basic,959,0,0,8,1e-12,0.653272,0,2.15064e-11,3.38763e-12
Hessenberg basic,960,0,0,8,1e-12,0.629017,0,2.92269e-11,3.75184e-12
Hessenberg basic,961,0,0,8,1e-12,0.656847,0,3.97904e-11,3.31563e-12
Hessenberg basic,962,0,0,8,1e-12,0.669078,0,2.92732e-11,3.71358e-12
Hessenberg basic,963,0,0,8,1e-12,0.678467,0,2.68301e-11,3.54191e-12
Hessenberg basic,964,0,0,8,1e-12,0.707179,0,2.6148e-11,3.7153e-12
Hessenberg basic,965,0,0,8,1e-12,0.688321,0,2.75122e-11,3.77631e-12
Hessenberg basic,966,0,0,8,1e-12,0.663546,0,2.9786e-11,3.56878e-12
Hessenberg basic,967,0,0,8,1e-12,0.67005,0,2.36469e-11,3.64272e-12
Hessenberg basic,968,0,0,8,1e-12,0.652666,0,2.72848e-11,3.48299e-12
Hessenberg basic,969,0,0,8,1e-12,0.673105,0,2.41766e-11,3.72948e-12
Hessenberg basic,970,0,0,8,1e-12,0.685158,0,2.04636e-11,3.36004e-12
Hessenberg basic,971,0,0,8,1e-12,0.685015,0,2.27374e-11,3.48731e-12
Hessenberg basic,972,0,0,8,1e-12,0.672829,0,2.34195e-11,3.81232e-12
Hessenberg basic,973,0,0,8,1e-12,0.680512,0,2.02363e-11,3.73659e-12
Hessenberg basic,974,0,0,8,1e-12,0.70324,0,3.91083e-11,3.58749e-12
Hessenberg basic,975,0,0,8,1e-12,0.70968,0,2.68301e-11,3.52918e-12
Hessenberg basic,976,0,0,8,1e-12,0.682668,0,2.25493e-11,3.93791e-12
Hessenberg basic,977,0,0,8,1e-12,0.717954,0,2.91038e-11,3.57947e-12
Hessenberg basic,978,0,0,8,1e-12,0.71337,0,2.68301e-11,3.98529e-12
Hessenberg basic,979,0,0,8,1e-12,0.716271,0,2.01275e-11,3.64065e-12
Hessenberg basic,980,0,0,8,1e-12,0.737549,0,2.84217e-11,3.9542e-12
Hessenberg basic,981,0,0,8,1e-12,0.707669,0,2.37115e-11,3.80395e-12
Hessenberg basic,982,0,0,8,1e-12,0.729153,0,3.79714e-11,3.74426e-12
Hessenberg basic,983,0,0,8,1e-12,0.742008,0,2.72848e-11,3.74418e-12
Hessenberg basic,984,0,0,8,1e-12,0.709646,0,3.47882e-11,3.53346e-12
Hessenberg basic,985,0,0,8,1e-12,0.738829,0,2.38396e-11,3.778e-12
Hessenberg basic,986,0,0,8,1e-12,0.731366,0,3.18323e-11,3.81495e-12
Hessenberg basic,987,0,0,8,1e-12,0.738526,0,2.0691e-11,3.69793e-12
Hessenberg basic,988,0,0,8,1e-12,0.761428,0,2.66027e-11,3.84326e-12
Hessenberg basic,989,0,0,8,1e-12,0.745172,0,1.98115e-11,3.73887e-12
Hessenberg basic,990,0,0,8,1e-12,0.76848,0,2.31288e-11,3.92704e-12
Hessenberg basic,991,0,0,8,1e-12,0.789731,0,3.11502e-11,3.88897e-12
Hessenberg basic,992,0,0,8,1e-12,0.766184,0,2.7967e-11,3.7278e-12
Hessenberg basic,993,0,0,8,1e-12,0.774209,0,1.90994e-11,3.55524e-12
Hessenberg basic,994,0,0,8,1e-12,0.785766,0,4.52474e-11,3.88557e-12
Hessenberg basic,995,0,0,8,1e-12,0.753245,0,2.50988e-11,4.03553e-12
Hessenberg basic,996,0,0,8,1e-12,0.781598,0,2.96869e-11,3.82753e-12
Hessenberg basic,997,0,0,8,1e-12,0.78363,0,2.11458e-11,3.75332e-12
Hessenberg basic,998,0,0,8,1e-12,0.782953,0,2.86491e-11,3.65986e-12
Hessenberg basic,999,0,0,8,1e-12,0.803813,0,3.11502e-11,4.03722e-12
Hessenberg basic,1000,0,0,8,1e-12,0.768459,0,3.66072e-11,3.64899e-12
