version, size, hermitian, complex, seed, tol, runtime in s,min_error, max_error, avg_error
Hessenberg basic,900,0,0,5,1e-12,0.447686,0,7.90124e-11,3.77998e-12
Hessenberg basic,901,0,0,5,1e-12,0.462457,0,7.63976e-11,3.48508e-12
Hessenberg basic,902,0,0,5,1e-12,0.475573,0,7.74207e-11,3.8366e-12
Hessenberg basic,903,0,0,5,1e-12,0.467295,0,8.00355e-11,3.78105e-12
Hessenberg basic,904,0,0,5,1e-12,0.459851,0,8.23093e-11,3.89661e-12
Hessenberg basic,905,0,0,5,1e-12,0.481894,0,7.60565e-11,3.88511e-12
Hessenberg basic,906,0,0,5,1e-12,0.490411,0,7.57154e-11,3.76456e-12
Hessenberg basic,907,0,0,5,1e-12,0.471618,0,7.54881e-11,3.85564e-12
Hessenberg basic,908,0,0,5,1e-12,0.546649,0,7.78755e-11,3.89512e-12
Hessenberg basic,909,0,0,5,1e-12,0.491338,0,7.49196e-11,3.96171e-12
Hessenberg basic,910,0,0,5,1e-12,0.512038,0,7.70797e-11,3.48973e-12
Hessenberg basic,911,0,0,5,1e-12,0.493204,0,7.44649e-11,3.97419e-12
Hessenberg basic,912,0,0,5,1e-12,0.518724,0,8.08313e-11,3.84121e-12
Hessenberg basic,913,0,0,5,1e-12,0.493379,0,8.26503e-11,3.98342e-12
Hessenberg basic,914,0,0,5,1e-12,0.498794,0,9.25411e-11,3.59097e-12
Hessenberg basic,915,0,0,5,1e-12,0.51275,0,7.56017e-11,4.10117e-12
Hessenberg basic,916,0,0,5,1e-12,0.504257,0,7.8785e-11,3.71972e-12
Hessenberg basic,917,0,0,5,1e-12,0.516406,0,7.7307e-11,3.65446e-12
Hessenberg basic,918,0,0,5,1e-12,0.504231,0,8.75389e-11,3.64493e-12
Hessenberg basic,919,0,0,5,1e-12,0.619164,0,8.03766e-11,4.08067e-12
Hessenberg basic,920,0,0,5,1e-12,0.524172,0,8.28777e-11,3.4116e-12
Hessenberg basic,921,0,0,5,1e-12,0.527237,0,7.44649e-11,4.14208e-12
Hessenberg basic,922,0,0,5,1e-12,0.51667,0,7.6966e-11,3.76608e-12
Hessenberg basic,923,0,0,5,1e-12,0.528609,0,7.62839e-11,3.89276e-12
Hessenberg basic,924,0,0,5,1e-12,0.564872,0,8.17408e-11,3.73488e-12
Hessenberg basic,925,0,0,5,1e-12,0.532416,0,8.26503e-11,3.98714e-12
Hessenberg basic,926,0,0,5,1e-12,0.538559,0,7.8785e-11,3.97767e-12
Hessenberg basic,927,0,0,5,1e-12,0.547456,0,7.63976e-11,3.81466e-12
Hessenberg basic,928,0,0,5,1e-12,0.527995,0,7.61702e-11,3.8068e-12
Hessenberg basic,929,0,0,5,1e-12,0.553774,0,7.86713e-11,3.8544e-12
Hessenberg basic,930,0,0,5,1e-12,0.55336,0,8.44693e-11,3.52901e-12
Hessenberg basic,931,0,0,5,1e-12,0.565576,0,8.2764e-11,3.92546e-12
Hessenberg basic,932,0,0,5,1e-12,0.560155,0,8.32188e-11,3.76628e-12
Hessenberg basic,933,0,0,5,1e-12,0.55667,0,7.38964e-11,3.44044e-12
Hessenberg basic,934,0,0,5,1e-12,0.576899,0,7.90124e-11,4.17378e-12
Hessenberg basic,935,0,0,5,1e-12,0.565924,0,7.84439e-11,3.55422e-12
Hessenberg basic,936,0,0,5,1e-12,0.560213,0,7.96945e-11,3.95546e-12
Hessenberg basic,937,0,0,5,1e-12,0.583122,0,7.85576e-11,3.78015e-12
Hessenberg basic,938,0,0,5,1e-12,0.598651,0,7.94671e-11,3.3558e-12
Hessenberg basic,939,0,0,5,1e-12,0.584593,0,7.83302e-11,3.6601e-12
Hessenberg basic,940,0,0,5,1e-12,0.604054,0,8.13998e-11,3.70618e-12
Hessenberg basic,941,0,0,5,1e-12,0.584435,0,7.3328e-11,4.27084e-12
Hessenberg basic,942,0,0,5,1e-12,0.630316,0,7.67386e-11,3.96407e-12
Hessenberg basic,943,0,0,5,1e-12,0.60666,0,7.63976e-11,3.62497e-12
Hessenberg basic,944,0,0,5,1e-12,0.608873,0,7.43512e-11,3.42981e-12
Hessenberg basic,945,0,0,5,1e-12,0.60161,0,7.92397e-11,3.32665e-12
Hessenberg basic,946,0,0,5,1e-12,0.610644,0,7.96945e-11,4.35163e-12
Hessenberg basic,947,0,0,5,1e-12,0.621124,0,7.5147e-11,3.41759e-12
Hessenberg basic,948,0,0,5,1e-12,0.622417,0,7.48059e-11,3.66029e-12
Hessenberg basic,949,0,0,5,1e-12,0.615262,0,7.93534e-11,3.80149e-12
Hessenberg basic,950,0,0,5,1e-12,0.619655,0,7.78755e-11,3.47482e-12
Hessenberg basic,951,0,0,5,1e-12,0.610813,0,8.17408e-11,3.19032e-12
Hessenberg basic,952,0,0,5,1e-12,0.604493,0,7.79892e-11,3.41841e-12
Hessenberg basic,953,0,0,5,1e-12,0.614339,0,8.11724e-11,3.63224e-12
Hessenberg basic,954,0,0,5,1e-12,0.621636,0,7.94671e-11,3.31219e-12
Hessenberg basic,955,0,0,5,1e-12,0.617494,0,7.66249e-11,3.36717e-12
Hessenberg basic,956,0,0,5,1e-12,0.624707,0,7.42375e-11,3.34242e-12
Hessenberg basic,957,0,0,5,1e-12,0.658971,0,7.46923e-11,3.73311e-12
Hessenberg basic,958,0,0,5,1e-12,0.633047,0,7.83302e-11,3.43541e-12
Hessenberg basic,959,0,0,5,1e-12,0.638094,0,7.58291e-11,3.43172e-12
Hessenberg basic,960,0,0,5,1e-12,0.614059,0,7.61702e-11,3.62615e-12
Hessenberg basic,961,0,0,5,1e-12,0.636846,0,8.50378e-11,3.79366e-12
Hessenberg basic,962,0,0,5,1e-12,0.647065,0,7.50333e-11,3.13975e-12
Hessenberg basic,963,0,0,5,1e-12,0.653964,0,8.01492e-11,3.48147e-12
Hessenberg basic,964,0,0,5,1e-12,0.661976,0,7.77618e-11,3.36726e-12
Hessenberg basic,965,0,0,5,1e-12,0.658431,0,8.26503e-11,3.42476e-12
Hessenberg basic,966,0,0,5,1e-12,0.668347,0,7.6966e-11,3.56599e-12
Hessenberg basic,967,0,0,5,1e-12,0.688846,0,7.83302e-11,3.21444e-12
Hessenberg basic,968,0,0,5,1e-12,0.669268,0,7.65112e-11,3.67524e-12
Hessenberg basic,969,0,0,5,1e-12,0.705667,0,8.26503e-11,3.03344e-12
Hessenberg basic,970,0,0,5,1e-12,0.672123,0,7.71934e-11,3.33106e-12
Hessenberg basic,971,0,0,5,1e-12,0.677221,0,8.21956e-11,3.65274e-12
Hessenberg basic,972,0,0,5,1e-12,0.687248,0,7.86713e-11,3.56993e-12
Hessenberg basic,973,0,0,5,1e-12,0.843455,0,7.76481e-11,3.46196e-12
Hessenberg basic,974,0,0,5,1e-12,0.802317,0,7.5147e-11,3.51072e-12
Hessenberg basic,975,0,0,5,1e-12,0.738125,0,7.71934e-11,3.24246e-12
Hessenberg basic,976,0,0,5,1e-12,0.690965,0,7.88987e-11,3.29991e-12
Hessenberg basic,977,0,0,5,1e-12,0.776216,0,7.37828e-11,3.32035e-12
Hessenberg basic,978,0,0,5,1e-12,0.781386,0,7.90124e-11,3.11439e-12
Hessenberg basic,979,0,0,5,1e-12,0.906803,0,8.04903e-11,3.3419e-12
Hessenberg basic,980,0,0,5,1e-12,0.88143,0,8.04903e-11,3.40289e-12
Hessenberg basic,981,0,0,5,1e-12,0.749068,0,7.77618e-11,3.2578e-12
Hessenberg basic,982,0,0,5,1e-12,0.715013,0,7.25322e-11,3.37086e-12
Hessenberg basic,983,0,0,5,1e-12,0.72429,0,7.63976e-11,3.26465e-12
Hessenberg basic,984,0,0,5,1e-12,0.746917,0,8.20819e-11,3.54892e-12
Hessenberg basic,985,0,0,5,1e-12,0.735032,0,8.10587e-11,3.35854e-12
Hessenberg basic,986,0,0,5,1e-12,0.742856,0,8.26503e-11,3.4851e-12
Hessenberg basic,987,0,0,5,1e-12,0.750862,0,7.68523e-11,3.31919e-12
Hessenberg basic,988,0,0,5,1e-12,0.743998,0,7.81029e-11,3.41761e-12
Hessenberg basic,989,0,0,5,1e-12,0.756835,0,7.66249e-11,3.40626e-12
Hessenberg basic,990,0,0,5,1e-12,0.827373,0,8.20819e-11,3.31965e-12
Hessenberg basic,991,0,0,5,1e-12,0.792128,0,7.99218e-11,3.38721e-12
Hessenberg basic,992,0,0,5,1e-12,0.781265,0,7.81029e-11,3.45689e-12
Hessenberg basic,993,0,0,5,1e-12,0.793344,0,7.76481e-11,3.5507e-12
Hessenberg basic,994,0,0,5,1e-12,0.884565,0,8.12861e-11,3.38169e-12
Hessenberg basic,995,0,0,5,1e-12,0.793192,0,7.65112e-11,3.50639e-12
Hessenberg basic,996,0,0,5,1e-12,0.796111,0,8.18545e-11,3.49507e-12
Hessenberg basic,997,0,0,5,1e-12,0.764973,0,7.98082e-11,3.32456e-12
Hessenberg basic,998,0,0,5,1e-12,0.78837,0,7.62839e-11,3.35872e-12
Hessenberg basic,999,0,0,5,1e-12,0.795574,0,7.81029e-11,3.3687e-12
Hessenberg basic,1000,0,0,5,1e-12,0.869128,0,7.94671e-11,3.67548e-12
