version, size, hermitian, complex, seed, tol, runtime in s,min_error, max_error, avg_error
Hessenberg basic,900,1,0,8,1e-12,0.251488,0,1.1255e-11,1.64888e-12
Hessenberg basic,900,1,1,8,1e-12,0.720325,0,1.1255e-11,1.77977e-12
Hessenberg basic,901,1,0,8,1e-12,0.330101,0,1.43245e-11,1.6763e-12
Hessenberg basic,901,1,1,8,1e-12,1.10129,0,1.06866e-11,1.85861e-12
Hessenberg basic,902,1,0,8,1e-12,0.386804,0,1.14824e-11,1.65596e-12
Hessenberg basic,902,1,1,8,1e-12,0.914406,0,1.09139e-11,1.7098e-12
Hessenberg basic,903,1,0,8,1e-12,0.266127,0,1.06866e-11,1.70819e-12
Hessenberg basic,903,1,1,8,1e-12,0.888337,0,1.29603e-11,1.72179e-12
Hessenberg basic,904,1,0,8,1e-12,0.40004,0,1.23919e-11,1.83261e-12
Hessenberg basic,904,1,1,8,1e-12,0.914563,0,1.13687e-11,1.77766e-12
Hessenberg basic,905,1,0,8,1e-12,0.25833,0,9.66338e-12,1.69896e-12
Hessenberg basic,905,1,1,8,1e-12,1.0003,0,1.27329e-11,1.81639e-12
Hessenberg basic,906,1,0,8,1e-12,0.228504,0,1.23919e-11,1.65998e-12
Hessenberg basic,906,1,1,8,1e-12,0.749099,0,1.37561e-11,1.76012e-12
Hessenberg basic,907,1,0,8,1e-12,0.349467,0,1.18234e-11,1.56258e-12
Hessenberg basic,907,1,1,8,1e-12,0.714408,0,1.28466e-11,1.88134e-12
Hessenberg basic,908,1,0,8,1e-12,0.342068,0,1.06866e-11,1.70625e-12
Hessenberg basic,908,1,1,8,1e-12,0.863052,0,1.18234e-11,1.9005e-12
Hessenberg basic,909,1,0,8,1e-12,0.389508,0,1.09139e-11,1.70722e-12
Hessenberg basic,909,1,1,8,1e-12,0.730192,0,1.35287e-11,2.05202e-12
Hessenberg basic,910,1,0,8,1e-12,0.455133,0,1.06866e-11,1.62467e-12
Hessenberg basic,910,1,1,8,1e-12,0.742422,0,1.09139e-11,1.65465e-12
Hessenberg basic,911,1,0,8,1e-12,0.283057,0,8.98126e-12,1.60937e-12
Hessenberg basic,911,1,1,8,1e-12,1.21286,0,1.19371e-11,1.77986e-12
Hessenberg basic,912,1,0,8,1e-12,0.290477,0,1.23919e-11,1.72676e-12
Hessenberg basic,912,1,1,8,1e-12,1.11621,0,1.11413e-11,1.73961e-12
Hessenberg basic,913,1,0,8,1e-12,0.402114,0,1.10276e-11,1.68859e-12
Hessenberg basic,913,1,1,8,1e-12,1.06959,0,1.17097e-11,1.76733e-12
Hessenberg basic,914,1,0,8,1e-12,0.273167,0,1.13687e-11,1.71113e-12
Hessenberg basic,914,1,1,8,1e-12,1.10215,0,1.04592e-11,1.81799e-12
Hessenberg basic,915,1,0,8,1e-12,0.260696,0,1.21645e-11,1.66484e-12
Hessenberg basic,915,1,1,8,1e-12,0.772631,0,1.4893e-11,1.72176e-12
Hessenberg basic,916,1,0,8,1e-12,0.26372,0,1.11413e-11,1.81861e-12
Hessenberg basic,916,1,1,8,1e-12,0.811924,0,1.20508e-11,1.88086e-12
Hessenberg basic,917,1,0,8,1e-12,0.272406,0,9.20863e-12,1.66708e-12
Hessenberg basic,917,1,1,8,1e-12,1.20966,0,1.22782e-11,1.72691e-12
Hessenberg basic,918,1,0,8,1e-12,0.373306,0,1.26192e-11,1.72012e-12
Hessenberg basic,918,1,1,8,1e-12,0.80113,0,1.36424e-11,1.78151e-12
Hessenberg basic,919,1,0,8,1e-12,0.557185,0,1.31877e-11,1.63431e-12
Hessenberg basic,919,1,1,8,1e-12,0.765063,0,1.3415e-11,1.85653e-12
Hessenberg basic,920,1,0,8,1e-12,0.353139,0,1.05729e-11,1.78618e-12
Hessenberg basic,920,1,1,8,1e-12,0.989217,0,1.06866e-11,1.9023e-12
Hessenberg basic,921,1,0,8,1e-12,0.390536,0,8.6402e-12,1.7177e-12
Hessenberg basic,921,1,1,8,1e-12,0.91898,0,1.10276e-11,1.77075e-12
Hessenberg basic,922,1,0,8,1e-12,0.595769,0,1.13687e-11,1.66023e-12
Hessenberg basic,922,1,1,8,1e-12,0.978202,0,8.98126e-12,1.64767e-12
Hessenberg basic,923,1,0,8,1e-12,0.424433,0,1.38698e-11,1.63187e-12
Hessenberg basic,923,1,1,8,1e-12,0.751821,0,9.89075e-12,1.63095e-12
Hessenberg basic,924,1,0,8,1e-12,0.515514,0,1.22782e-11,1.75883e-12
Hessenberg basic,924,1,1,8,1e-12,0.746832,0,1.18234e-11,1.68778e-12
Hessenberg basic,925,1,0,8,1e-12,0.281342,0,9.77707e-12,1.59591e-12
Hessenberg basic,925,1,1,8,1e-12,0.956752,0,1.22782e-11,1.82035e-12
Hessenberg basic,926,1,0,8,1e-12,0.394433,0,9.32232e-12,1.69906e-12
Hessenberg basic,926,1,1,8,1e-12,0.863351,0,1.05729e-11,1.74141e-12
Hessenberg basic,927,1,0,8,1e-12,0.270469,0,9.20863e-12,1.58698e-12
Hessenberg basic,927,1,1,8,1e-12,1.00196,0,1.10276e-11,1.74203e-12
Hessenberg basic,928,1,0,8,1e-12,0.297004,0,1.09139e-11,1.73491e-12
Hessenberg basic,928,1,1,8,1e-12,0.884874,0,1.45519e-11,1.82235e-12
Hessenberg basic,929,1,0,8,1e-12,0.495808,0,1.25056e-11,1.70679e-12
Hessenberg basic,929,1,1,8,1e-12,0.930024,0,1.26192e-11,1.76251e-12
Hessenberg basic,930,1,0,8,1e-12,0.369237,0,1.14824e-11,1.58434e-12
Hessenberg basic,930,1,1,8,1e-12,0.992118,0,1.09139e-11,1.75403e-12
Hessenberg basic,931,1,0,8,1e-12,0.542646,0,1.11413e-11,1.65321e-12
Hessenberg basic,931,1,1,8,1e-12,0.76702,0,1.02318e-11,1.74643e-12
Hessenberg basic,932,1,0,8,1e-12,0.301902,0,1.17097e-11,1.65629e-12
Hessenberg basic,932,1,1,8,1e-12,0.859091,0,1.36424e-11,1.79578e-12
Hessenberg basic,933,1,0,8,1e-12,0.403647,0,1.03455e-11,1.67767e-12
Hessenberg basic,933,1,1,8,1e-12,1.02716,0,1.6712e-11,1.76745e-12
Hessenberg basic,934,1,0,8,1e-12,0.286301,0,1.31877e-11,1.71189e-12
Hessenberg basic,934,1,1,8,1e-12,1.24576,0,1.63709e-11,1.84274e-12
Hessenberg basic,935,1,0,8,1e-12,0.564492,0,1.04592e-11,1.66918e-12
Hessenberg basic,935,1,1,8,1e-12,1.05733,0,1.31877e-11,1.72732e-12
Hessenberg basic,936,1,0,8,1e-12,0.284094,0,8.52651e-12,1.56902e-12
Hessenberg basic,936,1,1,8,1e-12,0.895776,0,1.02318e-11,1.64818e-12
Hessenberg basic,937,1,0,8,1e-12,0.384757,0,1.05729e-11,1.5862e-12
Hessenberg basic,937,1,1,8,1e-12,0.804037,0,8.41283e-12,1.65832e-12
Hessenberg basic,938,1,0,8,1e-12,0.25753,0,1.62572e-11,1.62778e-12
Hessenberg basic,938,1,1,8,1e-12,0.972825,0,1.36424e-11,1.73561e-12
Hessenberg basic,939,1,0,8,1e-12,0.444605,0,1.39835e-11,1.69966e-12
Hessenberg basic,939,1,1,8,1e-12,0.80711,0,1.14824e-11,1.67097e-12
Hessenberg basic,940,1,0,8,1e-12,0.479366,0,1.19371e-11,1.6556e-12
Hessenberg basic,940,1,1,8,1e-12,0.875471,0,1.09139e-11,1.76712e-12
Hessenberg basic,941,1,0,8,1e-12,0.51062,0,9.54969e-12,1.6391e-12
Hessenberg basic,941,1,1,8,1e-12,0.821276,0,1.7053e-11,1.723e-12
Hessenberg basic,942,1,0,8,1e-12,0.291762,0,1.19371e-11,1.63408e-12
Hessenberg basic,942,1,1,8,1e-12,1.3143,0,8.75389e-12,1.64204e-12
Hessenberg basic,943,1,0,8,1e-12,0.643343,0,1.13687e-11,1.65027e-12
Hessenberg basic,943,1,1,8,1e-12,1.17976,0,1.26192e-11,1.7371e-12
Hessenberg basic,944,1,0,8,1e-12,0.318101,0,1.01181e-11,1.53711e-12
Hessenberg basic,944,1,1,8,1e-12,1.06213,0,1.04592e-11,1.77943e-12
Hessenberg basic,945,1,0,8,1e-12,0.292261,0,9.09495e-12,1.66007e-12
Hessenberg basic,945,1,1,8,1e-12,0.812452,0,1.13687e-11,1.72763e-12
Hessenberg basic,946,1,0,8,1e-12,0.274011,0,1.03455e-11,1.57985e-12
Hessenberg basic,946,1,1,8,1e-12,1.27128,0,1.62572e-11,1.85868e-12
Hessenberg basic,947,1,0,8,1e-12,0.61363,0,1.56888e-11,1.59373e-12
Hessenberg basic,947,1,1,8,1e-12,0.817037,0,1.14824e-11,1.78822e-12
Hessenberg basic,948,1,0,8,1e-12,0.381281,0,1.15961e-11,1.6183e-12
Hessenberg basic,948,1,1,8,1e-12,0.905092,0,1.02318e-11,1.69615e-12
Hessenberg basic,949,1,0,8,1e-12,0.51003,0,1.09139e-11,1.73849e-12
Hessenberg basic,949,1,1,8,1e-12,0.833067,0,1.06866e-11,1.75414e-12
Hessenberg basic,950,1,0,8,1e-12,0.308926,0,1.59162e-11,1.62393e-12
Hessenberg basic,950,1,1,8,1e-12,1.40329,0,1.3415e-11,1.74853e-12
Hessenberg basic,951,1,0,8,1e-12,0.610394,0,1.27329e-11,1.73951e-12
Hessenberg basic,951,1,1,8,1e-12,1.31062,0,1.31877e-11,1.83479e-12
Hessenberg basic,952,1,0,8,1e-12,0.414259,0,1.02318e-11,1.62689e-12
Hessenberg basic,952,1,1,8,1e-12,1.2081,0,1.42109e-11,1.8111e-12
Hessenberg basic,953,1,0,8,1e-12,0.306996,0,1.14824e-11,1.60101e-12
Hessenberg basic,953,1,1,8,1e-12,0.828807,0,1.02318e-11,1.64961e-12
Hessenberg basic,954,1,0,8,1e-12,0.295452,0,1.56888e-11,1.64618e-12
Hessenberg basic,954,1,1,8,1e-12,0.845912,0,1.28466e-11,1.72168e-12
Hessenberg basic,955,1,0,8,1e-12,0.313298,0,8.52651e-12,1.59534e-12
Hessenberg basic,955,1,1,8,1e-12,1.14023,0,1.42109e-11,1.72799e-12
Hessenberg basic,956,1,0,8,1e-12,0.517149,0,1.50067e-11,1.67137e-12
Hessenberg basic,956,1,1,8,1e-12,0.930281,0,1.20508e-11,1.93614e-12
Hessenberg basic,957,1,0,8,1e-12,0.574499,0,1.09139e-11,1.63317e-12
Hessenberg basic,957,1,1,8,1e-12,0.836273,0,1.26192e-11,1.7738e-12
Hessenberg basic,958,1,0,8,1e-12,0.29626,0,1.40972e-11,1.69776e-12
Hessenberg basic,958,1,1,8,1e-12,1.04291,0,1.19371e-11,1.76713e-12
Hessenberg basic,959,1,0,8,1e-12,0.491359,0,1.18234e-11,1.69688e-12
Hessenberg basic,959,1,1,8,1e-12,1.35118,0,1.75078e-11,1.83133e-12
Hessenberg basic,960,1,0,8,1e-12,0.472681,0,1.27329e-11,1.6918e-12
Hessenberg basic,960,1,1,8,1e-12,1.17827,0,1.27329e-11,1.72212e-12
Hessenberg basic,961,1,0,8,1e-12,0.301989,0,9.66338e-12,1.59362e-12
Hessenberg basic,961,1,1,8,1e-12,0.884901,0,9.54969e-12,1.70068e-12
Hessenberg basic,962,1,0,8,1e-12,0.334608,0,1.1255e-11,1.64986e-12
Hessenberg basic,962,1,1,8,1e-12,0.870485,0,1.03455e-11,1.65595e-12
Hessenberg basic,963,1,0,8,1e-12,0.396485,0,9.77707e-12,1.63195e-12
Hessenberg basic,963,1,1,8,1e-12,1.00377,0,1.29603e-11,1.78245e-12
Hessenberg basic,964,1,0,8,1e-12,0.406954,0,1.1255e-11,1.67977e-12
Hessenberg basic,964,1,1,8,1e-12,1.31155,0,1.00044e-11,1.72486e-12
Hessenberg basic,965,1,0,8,1e-12,0.581179,0,1.04592e-11,1.70488e-12
Hessenberg basic,965,1,1,8,1e-12,0.856607,0,1.5234e-11,1.78395e-12
Hessenberg basic,966,1,0,8,1e-12,0.536172,0,1.36424e-11,1.79659e-12
Hessenberg basic,966,1,1,8,1e-12,0.847446,0,1.13687e-11,1.82776e-12
Hessenberg basic,967,1,0,8,1e-12,0.297625,0,1.19371e-11,1.70243e-12
Hessenberg basic,967,1,1,8,1e-12,1.01357,0,2.00089e-11,1.67967e-12
Hessenberg basic,968,1,0,8,1e-12,0.520992,0,8.18545e-12,1.59242e-12
Hessenberg basic,968,1,1,8,1e-12,1.43464,0,1.3415e-11,1.76351e-12
Hessenberg basic,969,1,0,8,1e-12,0.485815,0,1.10276e-11,1.69346e-12
Hessenberg basic,969,1,1,8,1e-12,1.13556,0,1.43245e-11,1.81849e-12
Hessenberg basic,970,1,0,8,1e-12,0.316007,0,9.77707e-12,1.72727e-12
Hessenberg basic,970,1,1,8,1e-12,1.02469,0,1.01181e-11,1.64944e-12
Hessenberg basic,971,1,0,8,1e-12,0.332865,0,1.04592e-11,1.75133e-12
Hessenberg basic,971,1,1,8,1e-12,0.928337,0,1.06866e-11,1.69749e-12
Hessenberg basic,972,1,0,8,1e-12,0.306368,0,1.10276e-11,1.72247e-12
Hessenberg basic,972,1,1,8,1e-12,0.929953,0,1.01181e-11,1.67915e-12
Hessenberg basic,973,1,0,8,1e-12,0.473595,0,1.22782e-11,1.72929e-12
Hessenberg basic,973,1,1,8,1e-12,0.868766,0,1.35287e-11,1.74037e-12
Hessenberg basic,974,1,0,8,1e-12,0.538859,0,1.39835e-11,1.65298e-12
Hessenberg basic,974,1,1,8,1e-12,0.88619,0,1.54614e-11,1.81356e-12
Hessenberg basic,975,1,0,8,1e-12,0.47606,0,1.27329e-11,1.61442e-12
Hessenberg basic,975,1,1,8,1e-12,1.05777,0,1.04592e-11,1.77128e-12
Hessenberg basic,976,1,0,8,1e-12,0.408151,0,1.01181e-11,1.7606e-12
Hessenberg basic,976,1,1,8,1e-12,1.36532,0,1.79625e-11,1.76247e-12
Hessenberg basic,977,1,0,8,1e-12,0.478997,0,1.06866e-11,1.69588e-12
Hessenberg basic,977,1,1,8,1e-12,1.40775,0,1.01181e-11,1.85824e-12
Hessenberg basic,978,1,0,8,1e-12,0.554231,0,1.19371e-11,1.66928e-12
Hessenberg basic,978,1,1,8,1e-12,1.24979,0,1.3415e-11,1.86004e-12
Hessenberg basic,979,1,0,8,1e-12,0.318525,0,1.03455e-11,1.66168e-12
Hessenberg basic,979,1,1,8,1e-12,0.906901,0,1.01181e-11,1.6067e-12
Hessenberg basic,980,1,0,8,1e-12,0.32655,0,1.31877e-11,1.73948e-12
Hessenberg basic,980,1,1,8,1e-12,1.0333,0,1.14824e-11,1.72004e-12
Hessenberg basic,981,1,0,8,1e-12,0.523298,0,9.66338e-12,1.64679e-12
Hessenberg basic,981,1,1,8,1e-12,1.12641,0,1.05729e-11,1.71701e-12
Hessenberg basic,982,1,0,8,1e-12,0.354143,0,1.36424e-11,1.70234e-12
Hessenberg basic,982,1,1,8,1e-12,1.20414,0,1.19371e-11,1.85378e-12
Hessenberg basic,983,1,0,8,1e-12,0.746825,0,1.79625e-11,1.67397e-12
Hessenberg basic,983,1,1,8,1e-12,1.06167,0,1.44382e-11,1.74532e-12
Hessenberg basic,984,1,0,8,1e-12,0.558018,0,1.21645e-11,1.68746e-12
Hessenberg basic,984,1,1,8,1e-12,0.912695,0,1.60298e-11,1.76164e-12
Hessenberg basic,985,1,0,8,1e-12,0.445391,0,1.11413e-11,1.72686e-12
Hessenberg basic,985,1,1,8,1e-12,0.953488,0,1.38698e-11,1.74702e-12
Hessenberg basic,986,1,0,8,1e-12,0.364497,0,1.00044e-11,1.66707e-12
Hessenberg basic,986,1,1,8,1e-12,1.33893,0,1.3074e-11,1.78998e-12
Hessenberg basic,987,1,0,8,1e-12,0.563928,0,8.86757e-12,1.59566e-12
Hessenberg basic,987,1,1,8,1e-12,1.45435,0,9.43601e-12,1.79819e-12
Hessenberg basic,988,1,0,8,1e-12,0.451802,0,1.50067e-11,1.66927e-12
Hessenberg basic,988,1,1,8,1e-12,1.12572,0,1.03455e-11,1.81718e-12
Hessenberg basic,989,1,0,8,1e-12,0.336744,0,1.03455e-11,1.65793e-12
Hessenberg basic,989,1,1,8,1e-12,1.11991,0,1.3415e-11,1.82704e-12
Hessenberg basic,990,1,0,8,1e-12,0.39491,0,1.36424e-11,1.78663e-12
Hessenberg basic,990,1,1,8,1e-12,0.938368,0,1.35287e-11,1.9146e-12
Hessenberg basic,991,1,0,8,1e-12,0.344751,0,1.21645e-11,1.61436e-12
Hessenberg basic,991,1,1,8,1e-12,1.698,0,1.3415e-11,1.77511e-12
Hessenberg basic,992,1,0,8,1e-12,0.561795,0,1.11413e-11,1.72647e-12
Hessenberg basic,992,1,1,8,1e-12,0.921081,0,1.09139e-11,1.76457e-12
Hessenberg basic,993,1,0,8,1e-12,0.591157,0,1.50067e-11,1.73225e-12
Hessenberg basic,993,1,1,8,1e-12,1.05712,0,1.71667e-11,1.78816e-12
Hessenberg basic,994,1,0,8,1e-12,0.655698,0,9.89075e-12,1.68064e-12
Hessenberg basic,994,1,1,8,1e-12,1.06774,0,1.26192e-11,1.87747e-12
Hessenberg basic,995,1,0,8,1e-12,0.608765,0,1.59162e-11,1.67262e-12
Hessenberg basic,995,1,1,8,1e-12,1.03845,0,1.39835e-11,1.8264e-12
Hessenberg basic,996,1,0,8,1e-12,0.546106,0,9.89075e-12,1.72168e-12
Hessenberg basic,996,1,1,8,1e-12,1.35922,0,1.00044e-11,1.71032e-12
Hessenberg basic,997,1,0,8,1e-12,0.484834,0,1.04592e-11,1.62322e-12
Hessenberg basic,997,1,1,8,1e-12,1.52701,0,1.04592e-11,1.74739e-12
Hessenberg basic,998,1,0,8,1e-12,0.785469,0,1.38698e-11,1.6776e-12
Hessenberg basic,998,1,1,8,1e-12,1.55839,0,1.39835e-11,1.74206e-12
Hessenberg basic,999,1,0,8,1e-12,0.710697,0,1.15961e-11,1.76701e-12
Hessenberg basic,999,1,1,8,1e-12,1.42641,0,1.5234e-11,1.86193e-12
Hessenberg basic,1000,1,0,8,1e-12,0.389314,0,9.77707e-12,1.69712e-12
Hessenberg basic,1000,1,1,8,1e-12,1.24447,0,1.50067e-11,1.80852e-12
