version, size, hermitian, complex, seed, tol, runtime in s,min_error, max_error, avg_error
Hessenberg basic,900,1,0,2,1e-12,0.296898,0,1.20508e-11,1.68301e-12
Hessenberg basic,900,1,1,2,1e-12,0.900852,0,1.6712e-11,1.76337e-12
Hessenberg basic,901,1,0,2,1e-12,0.301324,0,1.23919e-11,1.76726e-12
Hessenberg basic,901,1,1,2,1e-12,0.852914,0,1.33014e-11,1.66972e-12
Hessenberg basic,902,1,0,2,1e-12,0.496207,0,1.51203e-11,1.76746e-12
Hessenberg basic,902,1,1,2,1e-12,1.00187,0,1.45519e-11,1.81896e-12
Hessenberg basic,903,1,0,2,1e-12,0.29466,0,1.33014e-11,1.71937e-12
Hessenberg basic,903,1,1,2,1e-12,1.12036,0,1.29603e-11,1.9447e-12
Hessenberg basic,904,1,0,2,1e-12,0.321373,0,9.43601e-12,1.67518e-12
Hessenberg basic,904,1,1,2,1e-12,0.895498,0,1.63709e-11,1.68962e-12
Hessenberg basic,905,1,0,2,1e-12,0.452101,0,1.13687e-11,1.68548e-12
Hessenberg basic,905,1,1,2,1e-12,0.917856,0,1.18234e-11,1.77182e-12
Hessenberg basic,906,1,0,2,1e-12,0.252922,0,1.05729e-11,1.57734e-12
Hessenberg basic,906,1,1,2,1e-12,1.27724,0,1.04592e-11,1.754e-12
Hessenberg basic,907,1,0,2,1e-12,0.349359,0,1.11413e-11,1.68628e-12
Hessenberg basic,907,1,1,2,1e-12,0.755619,0,1.33014e-11,1.77327e-12
Hessenberg basic,908,1,0,2,1e-12,0.47456,0,9.89075e-12,1.65111e-12
Hessenberg basic,908,1,1,2,1e-12,0.747105,0,1.68257e-11,1.71567e-12
Hessenberg basic,909,1,0,2,1e-12,0.263011,0,1.5234e-11,1.72241e-12
Hessenberg basic,909,1,1,2,1e-12,1.14679,0,1.37561e-11,1.89274e-12
Hessenberg basic,910,1,0,2,1e-12,0.397322,0,1.04592e-11,1.65704e-12
Hessenberg basic,910,1,1,2,1e-12,0.815866,0,1.00044e-11,1.71433e-12
Hessenberg basic,911,1,0,2,1e-12,0.420874,0,9.54969e-12,1.76599e-12
Hessenberg basic,911,1,1,2,1e-12,0.79608,0,1.56888e-11,1.69686e-12
Hessenberg basic,912,1,0,2,1e-12,0.252461,0,1.40972e-11,1.75944e-12
Hessenberg basic,912,1,1,2,1e-12,0.989098,0,1.43245e-11,1.79018e-12
Hessenberg basic,913,1,0,2,1e-12,0.270616,0,1.35287e-11,1.65571e-12
Hessenberg basic,913,1,1,2,1e-12,1.02271,0,9.54969e-12,1.77991e-12
Hessenberg basic,914,1,0,2,1e-12,0.445952,0,1.08002e-11,1.67441e-12
Hessenberg basic,914,1,1,2,1e-12,0.774254,0,1.43245e-11,1.82386e-12
Hessenberg basic,915,1,0,2,1e-12,0.531297,0,1.46656e-11,1.74658e-12
Hessenberg basic,915,1,1,2,1e-12,0.996803,0,1.08002e-11,1.80465e-12
Hessenberg basic,916,1,0,2,1e-12,0.258823,0,8.98126e-12,1.77864e-12
Hessenberg basic,916,1,1,2,1e-12,1.35391,0,1.1255e-11,1.81132e-12
Hessenberg basic,917,1,0,2,1e-12,0.441986,0,1.01181e-11,1.68245e-12
Hessenberg basic,917,1,1,2,1e-12,0.770681,0,1.75078e-11,1.78121e-12
Hessenberg basic,918,1,0,2,1e-12,0.556608,0,9.54969e-12,1.66883e-12
Hessenberg basic,918,1,1,2,1e-12,0.785012,0,1.93268e-11,1.85137e-12
Hessenberg basic,919,1,0,2,1e-12,0.430567,0,1.13687e-11,1.73791e-12
Hessenberg basic,919,1,1,2,1e-12,1.08094,0,1.14824e-11,1.84996e-12
Hessenberg basic,920,1,0,2,1e-12,0.481776,0,1.42109e-11,1.78748e-12
Hessenberg basic,920,1,1,2,1e-12,0.882744,0,1.14824e-11,1.71064e-12
Hessenberg basic,921,1,0,2,1e-12,0.301041,0,1.04592e-11,1.69257e-12
Hessenberg basic,921,1,1,2,1e-12,0.815035,0,1.29603e-11,1.72613e-12
Hessenberg basic,922,1,0,2,1e-12,0.509951,0,1.36424e-11,1.69897e-12
Hessenberg basic,922,1,1,2,1e-12,0.770593,0,1.50067e-11,1.77506e-12
Hessenberg basic,923,1,0,2,1e-12,0.301343,0,1.13687e-11,1.74778e-12
Hessenberg basic,923,1,1,2,1e-12,0.981193,0,1.38698e-11,1.7506e-12
Hessenberg basic,924,1,0,2,1e-12,0.336832,0,8.52651e-12,1.7003e-12
Hessenberg basic,924,1,1,2,1e-12,1.26202,0,1.3415e-11,1.78915e-12
Hessenberg basic,925,1,0,2,1e-12,0.560426,0,1.06866e-11,1.7394e-12
Hessenberg basic,925,1,1,2,1e-12,1.18544,0,1.08002e-11,1.71808e-12
Hessenberg basic,926,1,0,2,1e-12,0.270134,0,1.25056e-11,1.7389e-12
Hessenberg basic,926,1,1,2,1e-12,1.06645,0,1.27329e-11,1.93932e-12
Hessenberg basic,927,1,0,2,1e-12,0.430175,0,1.45519e-11,1.68732e-12
Hessenberg basic,927,1,1,2,1e-12,0.95593,0,1.1255e-11,1.82307e-12
Hessenberg basic,928,1,0,2,1e-12,0.321767,0,1.4893e-11,1.66057e-12
Hessenberg basic,928,1,1,2,1e-12,1.06362,0,1.40972e-11,1.82985e-12
Hessenberg basic,929,1,0,2,1e-12,0.343113,0,1.02318e-11,1.70291e-12
Hessenberg basic,929,1,1,2,1e-12,0.891671,0,1.56888e-11,1.75495e-12
Hessenberg basic,930,1,0,2,1e-12,0.337595,0,1.98952e-11,1.78208e-12
Hessenberg basic,930,1,1,2,1e-12,0.83559,0,1.14824e-11,1.76153e-12
Hessenberg basic,931,1,0,2,1e-12,0.316281,0,1.11413e-11,1.71177e-12
Hessenberg basic,931,1,1,2,1e-12,0.815548,0,1.22782e-11,1.91383e-12
Hessenberg basic,932,1,0,2,1e-12,0.390117,0,1.08002e-11,1.7236e-12
Hessenberg basic,932,1,1,2,1e-12,0.805295,0,1.03455e-11,1.79692e-12
Hessenberg basic,933,1,0,2,1e-12,0.463544,0,1.28466e-11,1.81971e-12
Hessenberg basic,933,1,1,2,1e-12,0.898327,0,1.7053e-11,1.96087e-12
Hessenberg basic,934,1,0,2,1e-12,0.480102,0,2.18279e-11,1.82969e-12
Hessenberg basic,934,1,1,2,1e-12,0.988929,0,1.02318e-11,1.88942e-12
Hessenberg basic,935,1,0,2,1e-12,0.646535,0,2.02363e-11,1.74385e-12
Hessenberg basic,935,1,1,2,1e-12,1.01597,0,1.4893e-11,1.82032e-12
Hessenberg basic,936,1,0,2,1e-12,0.65057,0,1.42109e-11,1.73042e-12
Hessenberg basic,936,1,1,2,1e-12,1.11789,0,1.18234e-11,1.84934e-12
Hessenberg basic,937,1,0,2,1e-12,0.362042,0,1.18234e-11,1.76474e-12
Hessenberg basic,937,1,1,2,1e-12,1.11425,0,1.36424e-11,1.83194e-12
Hessenberg basic,938,1,0,2,1e-12,0.403312,0,1.02318e-11,1.76424e-12
Hessenberg basic,938,1,1,2,1e-12,0.940854,0,1.21645e-11,1.86361e-12
Hessenberg basic,939,1,0,2,1e-12,0.32884,0,1.1255e-11,1.81461e-12
Hessenberg basic,939,1,1,2,1e-12,1.14053,0,1.4893e-11,1.90979e-12
Hessenberg basic,940,1,0,2,1e-12,0.356473,0,1.31877e-11,1.69899e-12
Hessenberg basic,940,1,1,2,1e-12,0.880109,0,1.78488e-11,1.93492e-12
Hessenberg basic,941,1,0,2,1e-12,0.378874,0,1.28466e-11,1.88194e-12
Hessenberg basic,941,1,1,2,1e-12,0.965121,0,1.03455e-11,1.84013e-12
Hessenberg basic,942,1,0,2,1e-12,0.404063,0,1.31877e-11,1.79112e-12
Hessenberg basic,942,1,1,2,1e-12,0.998356,0,1.20508e-11,1.8989e-12
Hessenberg basic,943,1,0,2,1e-12,0.539375,0,1.02318e-11,1.69916e-12
Hessenberg basic,943,1,1,2,1e-12,1.12389,0,1.03455e-11,1.87108e-12
Hessenberg basic,944,1,0,2,1e-12,0.616928,0,9.66338e-12,1.75758e-12
Hessenberg basic,944,1,1,2,1e-12,1.08019,0,1.20508e-11,1.81727e-12
Hessenberg basic,945,1,0,2,1e-12,0.525739,0,9.54969e-12,1.83416e-12
Hessenberg basic,945,1,1,2,1e-12,1.01707,0,1.7053e-11,1.87686e-12
Hessenberg basic,946,1,0,2,1e-12,0.343844,0,1.15961e-11,1.89308e-12
Hessenberg basic,946,1,1,2,1e-12,1.17992,0,1.29603e-11,2.0571e-12
Hessenberg basic,947,1,0,2,1e-12,0.318131,0,1.28466e-11,1.83706e-12
Hessenberg basic,947,1,1,2,1e-12,0.938241,0,1.58025e-11,1.82775e-12
Hessenberg basic,948,1,0,2,1e-12,0.39358,0,9.43601e-12,1.7928e-12
Hessenberg basic,948,1,1,2,1e-12,0.985762,0,1.21645e-11,1.82828e-12
Hessenberg basic,949,1,0,2,1e-12,0.560159,0,9.20863e-12,1.57512e-12
Hessenberg basic,949,1,1,2,1e-12,1.05408,0,1.19371e-11,1.68952e-12
Hessenberg basic,950,1,0,2,1e-12,0.676686,0,1.61435e-11,1.83608e-12
Hessenberg basic,950,1,1,2,1e-12,1.23901,0,1.90994e-11,1.97924e-12
Hessenberg basic,951,1,0,2,1e-12,0.533408,0,1.01181e-11,1.68698e-12
Hessenberg basic,951,1,1,2,1e-12,1.24764,0,1.87583e-11,2.08828e-12
Hessenberg basic,952,1,0,2,1e-12,0.556034,0,1.08002e-11,1.6169e-12
Hessenberg basic,952,1,1,2,1e-12,1.06188,0,1.03455e-11,1.65327e-12
Hessenberg basic,953,1,0,2,1e-12,0.387452,0,1.25056e-11,1.73146e-12
Hessenberg basic,953,1,1,2,1e-12,1.08634,0,1.20508e-11,1.79698e-12
Hessenberg basic,954,1,0,2,1e-12,0.469956,0,1.18234e-11,1.73987e-12
Hessenberg basic,954,1,1,2,1e-12,1.0798,0,1.23919e-11,1.80518e-12
Hessenberg basic,955,1,0,2,1e-12,0.572403,0,1.06866e-11,1.66186e-12
Hessenberg basic,955,1,1,2,1e-12,1.25721,0,1.29603e-11,1.72425e-12
Hessenberg basic,956,1,0,2,1e-12,0.605294,0,1.1255e-11,1.74635e-12
Hessenberg basic,956,1,1,2,1e-12,1.23965,0,1.26192e-11,1.72686e-12
Hessenberg basic,957,1,0,2,1e-12,0.555022,0,1.42109e-11,1.67504e-12
Hessenberg basic,957,1,1,2,1e-12,1.06682,0,1.39835e-11,1.74627e-12
Hessenberg basic,958,1,0,2,1e-12,0.406616,0,1.04592e-11,1.62985e-12
Hessenberg basic,958,1,1,2,1e-12,1.06551,0,1.04592e-11,1.83369e-12
Hessenberg basic,959,1,0,2,1e-12,0.424558,0,1.10276e-11,1.61763e-12
Hessenberg basic,959,1,1,2,1e-12,1.09485,0,1.11413e-11,1.83252e-12
Hessenberg basic,960,1,0,2,1e-12,0.587994,0,1.00044e-11,1.68111e-12
Hessenberg basic,960,1,1,2,1e-12,1.27005,0,1.53477e-11,1.82078e-12
Hessenberg basic,961,1,0,2,1e-12,0.415202,0,8.98126e-12,1.62371e-12
Hessenberg basic,961,1,1,2,1e-12,1.27846,0,1.47793e-11,1.68636e-12
Hessenberg basic,962,1,0,2,1e-12,0.52773,0,1.05729e-11,1.68874e-12
Hessenberg basic,962,1,1,2,1e-12,1.0386,0,1.22782e-11,1.82671e-12
Hessenberg basic,963,1,0,2,1e-12,0.447875,0,1.02318e-11,1.73006e-12
Hessenberg basic,963,1,1,2,1e-12,1.12269,0,1.51203e-11,1.88595e-12
Hessenberg basic,964,1,0,2,1e-12,0.568638,0,1.22782e-11,1.65917e-12
Hessenberg basic,964,1,1,2,1e-12,1.13698,0,1.28466e-11,1.68484e-12
Hessenberg basic,965,1,0,2,1e-12,0.688972,0,9.49285e-12,1.46311e-12
Hessenberg basic,965,1,1,2,1e-12,1.08762,0,1.18234e-11,1.69686e-12
Hessenberg basic,966,1,0,2,1e-12,0.369502,0,9.43601e-12,1.68733e-12
Hessenberg basic,966,1,1,2,1e-12,0.929069,0,1.21645e-11,1.72463e-12
Hessenberg basic,967,1,0,2,1e-12,0.438484,0,1.08002e-11,1.69798e-12
Hessenberg basic,967,1,1,2,1e-12,0.969041,0,1.08002e-11,1.72786e-12
Hessenberg basic,968,1,0,2,1e-12,0.40323,0,1.38698e-11,1.66683e-12
Hessenberg basic,968,1,1,2,1e-12,1.20547,0,9.54969e-12,1.79127e-12
Hessenberg basic,969,1,0,2,1e-12,0.423967,0,1.06866e-11,1.65821e-12
Hessenberg basic,969,1,1,2,1e-12,1.29858,0,1.65983e-11,1.79384e-12
Hessenberg basic,970,1,0,2,1e-12,0.590545,0,1.43245e-11,1.70274e-12
Hessenberg basic,970,1,1,2,1e-12,1.07932,0,1.02318e-11,1.72554e-12
Hessenberg basic,971,1,0,2,1e-12,0.475416,0,1.50067e-11,1.73988e-12
Hessenberg basic,971,1,1,2,1e-12,1.11903,0,1.06866e-11,1.75869e-12
Hessenberg basic,972,1,0,2,1e-12,0.658097,0,1.19371e-11,1.53213e-12
Hessenberg basic,972,1,1,2,1e-12,1.19599,0,1.61435e-11,1.71359e-12
Hessenberg basic,973,1,0,2,1e-12,0.464846,0,9.77707e-12,1.59883e-12
Hessenberg basic,973,1,1,2,1e-12,1.06771,0,9.32232e-12,1.71865e-12
Hessenberg basic,974,1,0,2,1e-12,0.444054,0,1.15961e-11,1.63513e-12
Hessenberg basic,974,1,1,2,1e-12,1.06145,0,1.36424e-11,1.7562e-12
Hessenberg basic,975,1,0,2,1e-12,0.570316,0,9.66338e-12,1.63861e-12
Hessenberg basic,975,1,1,2,1e-12,1.16676,0,9.77707e-12,1.72374e-12
Hessenberg basic,976,1,0,2,1e-12,0.38369,0,1.42109e-11,1.69754e-12
Hessenberg basic,976,1,1,2,1e-12,1.01224,0,1.33014e-11,1.74234e-12
Hessenberg basic,977,1,0,2,1e-12,0.450876,0,1.01181e-11,1.56295e-12
Hessenberg basic,977,1,1,2,1e-12,1.03546,0,1.09139e-11,1.75876e-12
Hessenberg basic,978,1,0,2,1e-12,0.632177,0,1.14824e-11,1.68276e-12
Hessenberg basic,978,1,1,2,1e-12,1.12675,0,1.5234e-11,1.82019e-12
Hessenberg basic,979,1,0,2,1e-12,0.388771,0,1.01181e-11,1.67848e-12
Hessenberg basic,979,1,1,2,1e-12,1.062,0,1.77351e-11,1.83817e-12
Hessenberg basic,980,1,0,2,1e-12,0.444073,0,1.13687e-11,1.59935e-12
Hessenberg basic,980,1,1,2,1e-12,1.00563,0,1.25056e-11,1.78851e-12
Hessenberg basic,981,1,0,2,1e-12,0.607033,0,1.22782e-11,1.72749e-12
Hessenberg basic,981,1,1,2,1e-12,1.07672,0,1.35287e-11,1.7977e-12
Hessenberg basic,982,1,0,2,1e-12,0.587528,0,1.42109e-11,1.65885e-12
Hessenberg basic,982,1,1,2,1e-12,1.03507,0,1.04592e-11,1.68093e-12
Hessenberg basic,983,1,0,2,1e-12,0.450159,0,1.15961e-11,1.73734e-12
Hessenberg basic,983,1,1,2,1e-12,0.987925,0,1.42109e-11,1.77964e-12
Hessenberg basic,984,1,0,2,1e-12,0.568661,0,1.3074e-11,1.6539e-12
Hessenberg basic,984,1,1,2,1e-12,1.05624,0,1.3415e-11,1.69075e-12
Hessenberg basic,985,1,0,2,1e-12,0.621778,0,1.31877e-11,1.76863e-12
Hessenberg basic,985,1,1,2,1e-12,0.995245,0,1.76215e-11,1.9169e-12
Hessenberg basic,986,1,0,2,1e-12,0.449766,0,1.23919e-11,1.68442e-12
Hessenberg basic,986,1,1,2,1e-12,0.975211,0,9.77707e-12,1.79763e-12
Hessenberg basic,987,1,0,2,1e-12,0.604121,0,1.37561e-11,1.68292e-12
Hessenberg basic,987,1,1,2,1e-12,1.05861,0,1.27329e-11,1.86911e-12
Hessenberg basic,988,1,0,2,1e-12,0.685061,0,1.15961e-11,1.72326e-12
Hessenberg basic,988,1,1,2,1e-12,1.06133,0,1.08002e-11,1.77126e-12
Hessenberg basic,989,1,0,2,1e-12,0.463589,0,1.27329e-11,1.67248e-12
Hessenberg basic,989,1,1,2,1e-12,0.986032,0,1.40972e-11,1.83376e-12
Hessenberg basic,990,1,0,2,1e-12,0.591852,0,1.23919e-11,1.81864e-12
Hessenberg basic,990,1,1,2,1e-12,1.07169,0,1.51203e-11,1.8588e-12
Hessenberg basic,991,1,0,2,1e-12,0.561615,0,1.25056e-11,1.69854e-12
Hessenberg basic,991,1,1,2,1e-12,0.989325,0,1.25056e-11,1.78554e-12
Hessenberg basic,992,1,0,2,1e-12,0.519164,0,1.06866e-11,1.71323e-12
Hessenberg basic,992,1,1,2,1e-12,0.972152,0,1.1255e-11,1.82916e-12
Hessenberg basic,993,1,0,2,1e-12,0.525327,0,1.40972e-11,1.71813e-12
Hessenberg basic,993,1,1,2,1e-12,1.06185,0,1.19371e-11,1.92408e-12
Hessenberg basic,994,1,0,2,1e-12,0.42692,0,1.11413e-11,1.64951e-12
Hessenberg basic,994,1,1,2,1e-12,0.981292,0,1.27329e-11,1.87834e-12
Hessenberg basic,995,1,0,2,1e-12,0.486112,0,1.09139e-11,1.61918e-12
Hessenberg basic,995,1,1,2,1e-12,1.11434,0,1.19371e-11,1.74533e-12
Hessenberg basic,996,1,0,2,1e-12,0.341867,0,1.04592e-11,1.71127e-12
Hessenberg basic,996,1,1,2,1e-12,0.982164,0,1.3074e-11,1.96876e-12
Hessenberg basic,997,1,0,2,1e-12,0.395256,0,1.10276e-11,1.69597e-12
Hessenberg basic,997,1,1,2,1e-12,1.36867,0,9.89075e-12,1.86537e-12
Hessenberg basic,998,1,0,2,1e-12,0.468568,0,1.51203e-11,1.6305e-12
Hessenberg basic,998,1,1,2,1e-12,1.37389,0,1.33014e-11,1.92104e-12
Hessenberg basic,999,1,0,2,1e-12,0.679993,0,1.09139e-11,1.70596e-12
Hessenberg basic,999,1,1,2,1e-12,1.21969,0,1.11413e-11,1.71894e-12
Hessenberg basic,1000,1,0,2,1e-12,0.572909,0,1.65983e-11,1.76712e-12
Hessenberg basic,1000,1,1,2,1e-12,1.13279,0,1.6712e-11,2.0287e-12
