version, size, hermitian, complex, seed, tol, runtime in s,min_error, max_error, avg_error
Hessenberg basic,900,1,0,4,1e-12,0.264197,0,9.77707e-12,1.67177e-12
Hessenberg basic,900,1,1,4,1e-12,1.25928,0,2.251e-11,1.86157e-12
Hessenberg basic,901,1,0,4,1e-12,0.381189,0,1.26192e-11,1.73743e-12
Hessenberg basic,901,1,1,4,1e-12,0.73927,0,1.10276e-11,1.8203e-12
Hessenberg basic,902,1,0,4,1e-12,0.312517,0,1.17097e-11,1.71457e-12
Hessenberg basic,902,1,1,4,1e-12,0.718851,0,1.02318e-11,1.80222e-12
Hessenberg basic,903,1,0,4,1e-12,0.242185,0,1.06866e-11,1.68897e-12
Hessenberg basic,903,1,1,4,1e-12,1.23037,0,1.61435e-11,1.75647e-12
Hessenberg basic,904,1,0,4,1e-12,0.474554,0,1.42109e-11,1.71396e-12
Hessenberg basic,904,1,1,4,1e-12,0.743761,0,1.3415e-11,1.72019e-12
Hessenberg basic,905,1,0,4,1e-12,0.272052,0,1.46656e-11,1.80175e-12
Hessenberg basic,905,1,1,4,1e-12,1.00128,0,1.76215e-11,1.82695e-12
Hessenberg basic,906,1,0,4,1e-12,0.491572,0,1.02318e-11,1.67615e-12
Hessenberg basic,906,1,1,4,1e-12,0.736233,0,9.54969e-12,1.78479e-12
Hessenberg basic,907,1,0,4,1e-12,0.556679,0,1.46656e-11,1.75527e-12
Hessenberg basic,907,1,1,4,1e-12,0.738213,0,1.15961e-11,1.71523e-12
Hessenberg basic,908,1,0,4,1e-12,0.273162,0,1.23919e-11,1.64649e-12
Hessenberg basic,908,1,1,4,1e-12,1.22077,0,1.27329e-11,1.84312e-12
Hessenberg basic,909,1,0,4,1e-12,0.528701,0,1.22782e-11,1.69089e-12
Hessenberg basic,909,1,1,4,1e-12,0.772793,0,1.21645e-11,1.79666e-12
Hessenberg basic,910,1,0,4,1e-12,0.303746,0,1.35287e-11,1.73292e-12
Hessenberg basic,910,1,1,4,1e-12,1.17984,0,1.35287e-11,1.90491e-12
Hessenberg basic,911,1,0,4,1e-12,0.265702,0,1.08002e-11,1.65976e-12
Hessenberg basic,911,1,1,4,1e-12,0.762538,0,1.18234e-11,1.74382e-12
Hessenberg basic,912,1,0,4,1e-12,0.615125,0,2.09184e-11,1.70965e-12
Hessenberg basic,912,1,1,4,1e-12,0.750656,0,1.11413e-11,1.81465e-12
Hessenberg basic,913,1,0,4,1e-12,0.283626,0,1.68257e-11,1.66173e-12
Hessenberg basic,913,1,1,4,1e-12,1.25989,0,1.21645e-11,1.85054e-12
Hessenberg basic,914,1,0,4,1e-12,0.403024,0,1.22782e-11,1.64333e-12
Hessenberg basic,914,1,1,4,1e-12,0.760008,0,1.19371e-11,1.7871e-12
Hessenberg basic,915,1,0,4,1e-12,0.370098,0,9.54969e-12,1.70859e-12
Hessenberg basic,915,1,1,4,1e-12,0.749786,0,1.38698e-11,1.71614e-12
Hessenberg basic,916,1,0,4,1e-12,0.264468,0,1.21645e-11,1.74563e-12
Hessenberg basic,916,1,1,4,1e-12,0.86647,0,1.3074e-11,1.74843e-12
Hessenberg basic,917,1,0,4,1e-12,0.409399,0,1.17097e-11,1.70632e-12
Hessenberg basic,917,1,1,4,1e-12,0.813915,0,1.29603e-11,1.76473e-12
Hessenberg basic,918,1,0,4,1e-12,0.26125,0,1.46656e-11,1.68908e-12
Hessenberg basic,918,1,1,4,1e-12,0.83747,0,1.7053e-11,1.82872e-12
Hessenberg basic,919,1,0,4,1e-12,0.420187,0,1.29603e-11,1.76561e-12
Hessenberg basic,919,1,1,4,1e-12,0.758642,0,1.7053e-11,1.76876e-12
Hessenberg basic,920,1,0,4,1e-12,0.253294,0,1.00044e-11,1.59987e-12
Hessenberg basic,920,1,1,4,1e-12,0.948291,0,1.4893e-11,1.80258e-12
Hessenberg basic,921,1,0,4,1e-12,0.400886,0,1.17097e-11,1.71983e-12
Hessenberg basic,921,1,1,4,1e-12,0.964256,0,1.22782e-11,1.74998e-12
Hessenberg basic,922,1,0,4,1e-12,0.294123,0,1.50067e-11,1.85235e-12
Hessenberg basic,922,1,1,4,1e-12,0.7562,0,1.3415e-11,1.73969e-12
Hessenberg basic,923,1,0,4,1e-12,0.352218,0,1.25056e-11,1.71511e-12
Hessenberg basic,923,1,1,4,1e-12,0.762546,0,1.76215e-11,1.79394e-12
Hessenberg basic,924,1,0,4,1e-12,0.437704,0,1.20508e-11,1.66761e-12
Hessenberg basic,924,1,1,4,1e-12,0.960809,0,1.27329e-11,1.81161e-12
Hessenberg basic,925,1,0,4,1e-12,0.292619,0,1.33014e-11,1.68474e-12
Hessenberg basic,925,1,1,4,1e-12,1.05386,0,1.11413e-11,1.68383e-12
Hessenberg basic,926,1,0,4,1e-12,0.264465,0,1.19371e-11,1.8979e-12
Hessenberg basic,926,1,1,4,1e-12,0.814023,0,1.17097e-11,1.83069e-12
Hessenberg basic,927,1,0,4,1e-12,0.373056,0,1.28466e-11,1.59963e-12
Hessenberg basic,927,1,1,4,1e-12,0.770392,0,1.25056e-11,1.83191e-12
Hessenberg basic,928,1,0,4,1e-12,0.437573,0,1.23919e-11,1.78787e-12
Hessenberg basic,928,1,1,4,1e-12,0.9834,0,1.29603e-11,1.83292e-12
Hessenberg basic,929,1,0,4,1e-12,0.302022,0,1.33014e-11,1.8469e-12
Hessenberg basic,929,1,1,4,1e-12,1.0954,0,1.51203e-11,1.79703e-12
Hessenberg basic,930,1,0,4,1e-12,0.306346,0,1.15961e-11,1.57591e-12
Hessenberg basic,930,1,1,4,1e-12,0.964289,0,1.3415e-11,1.78303e-12
Hessenberg basic,931,1,0,4,1e-12,0.377213,0,1.4893e-11,1.78932e-12
Hessenberg basic,931,1,1,4,1e-12,0.788349,0,1.35287e-11,1.77323e-12
Hessenberg basic,932,1,0,4,1e-12,0.49185,0,1.10276e-11,1.78017e-12
Hessenberg basic,932,1,1,4,1e-12,1.02464,0,1.23919e-11,1.9525e-12
Hessenberg basic,933,1,0,4,1e-12,0.285599,0,2.02363e-11,1.7375e-12
Hessenberg basic,933,1,1,4,1e-12,1.12237,0,1.04592e-11,1.86651e-12
Hessenberg basic,934,1,0,4,1e-12,0.276013,0,1.03455e-11,1.88636e-12
Hessenberg basic,934,1,1,4,1e-12,0.97809,0,1.35287e-11,1.91466e-12
Hessenberg basic,935,1,0,4,1e-12,0.394188,0,1.08002e-11,1.74023e-12
Hessenberg basic,935,1,1,4,1e-12,0.794968,0,1.05729e-11,1.79827e-12
Hessenberg basic,936,1,0,4,1e-12,0.521074,0,1.55751e-11,1.78609e-12
Hessenberg basic,936,1,1,4,1e-12,0.899751,0,1.21645e-11,1.84196e-12
Hessenberg basic,937,1,0,4,1e-12,0.287462,0,1.02318e-11,1.71468e-12
Hessenberg basic,937,1,1,4,1e-12,1.14971,0,1.76215e-11,1.83949e-12
Hessenberg basic,938,1,0,4,1e-12,0.279183,0,1.18234e-11,1.77575e-12
Hessenberg basic,938,1,1,4,1e-12,0.828014,0,1.79625e-11,1.85627e-12
Hessenberg basic,939,1,0,4,1e-12,0.30642,0,1.37561e-11,1.77503e-12
Hessenberg basic,939,1,1,4,1e-12,1.11981,0,1.17097e-11,1.78808e-12
Hessenberg basic,940,1,0,4,1e-12,0.521125,0,1.78488e-11,1.83644e-12
Hessenberg basic,940,1,1,4,1e-12,0.798344,0,1.22782e-11,1.84274e-12
Hessenberg basic,941,1,0,4,1e-12,0.329236,0,1.3074e-11,1.70606e-12
Hessenberg basic,941,1,1,4,1e-12,1.22305,0,1.27329e-11,1.74702e-12
Hessenberg basic,942,1,0,4,1e-12,0.279194,0,1.17097e-11,1.7374e-12
Hessenberg basic,942,1,1,4,1e-12,0.885892,0,1.29603e-11,1.80594e-12
Hessenberg basic,943,1,0,4,1e-12,0.31662,0,1.14824e-11,1.82734e-12
Hessenberg basic,943,1,1,4,1e-12,1.12193,0,9.89075e-12,1.86599e-12
Hessenberg basic,944,1,0,4,1e-12,0.634358,0,1.01181e-11,1.74555e-12
Hessenberg basic,944,1,1,4,1e-12,0.885738,0,1.21645e-11,1.77572e-12
Hessenberg basic,945,1,0,4,1e-12,0.327293,0,1.80762e-11,1.85713e-12
Hessenberg basic,945,1,1,4,1e-12,1.15883,0,1.04592e-11,1.9544e-12
Hessenberg basic,946,1,0,4,1e-12,0.467507,0,1.05729e-11,1.83236e-12
Hessenberg basic,946,1,1,4,1e-12,0.890156,0,1.54614e-11,1.7572e-12
Hessenberg basic,947,1,0,4,1e-12,0.296589,0,1.08002e-11,1.71559e-12
Hessenberg basic,947,1,1,4,1e-12,0.851138,0,1.44382e-11,1.80935e-12
Hessenberg basic,948,1,0,4,1e-12,0.565068,0,1.28466e-11,1.79825e-12
Hessenberg basic,948,1,1,4,1e-12,0.815392,0,1.37561e-11,1.73096e-12
Hessenberg basic,949,1,0,4,1e-12,0.295463,0,9.89075e-12,1.74378e-12
Hessenberg basic,949,1,1,4,1e-12,1.15997,0,1.04592e-11,1.86873e-12
Hessenberg basic,950,1,0,4,1e-12,0.445158,0,1.96678e-11,1.77685e-12
Hessenberg basic,950,1,1,4,1e-12,1.05028,0,1.21645e-11,1.9836e-12
Hessenberg basic,951,1,0,4,1e-12,0.292184,0,1.23919e-11,1.89132e-12
Hessenberg basic,951,1,1,4,1e-12,1.11182,0,1.15961e-11,1.85976e-12
Hessenberg basic,952,1,0,4,1e-12,0.339279,0,1.28466e-11,1.72856e-12
Hessenberg basic,952,1,1,4,1e-12,0.816029,0,1.3074e-11,2.03467e-12
Hessenberg basic,953,1,0,4,1e-12,0.268612,0,1.69393e-11,1.76854e-12
Hessenberg basic,953,1,1,4,1e-12,1.00682,0,1.28466e-11,1.97381e-12
Hessenberg basic,954,1,0,4,1e-12,0.286042,0,1.3074e-11,1.70868e-12
Hessenberg basic,954,1,1,4,1e-12,0.834135,0,1.13687e-11,1.83478e-12
Hessenberg basic,955,1,0,4,1e-12,0.28953,0,1.38698e-11,1.67106e-12
Hessenberg basic,955,1,1,4,1e-12,0.828176,0,1.26192e-11,1.92984e-12
Hessenberg basic,956,1,0,4,1e-12,0.304111,0,1.20508e-11,1.77773e-12
Hessenberg basic,956,1,1,4,1e-12,0.850613,0,1.29603e-11,1.86204e-12
Hessenberg basic,957,1,0,4,1e-12,0.279507,0,1.29603e-11,1.8008e-12
Hessenberg basic,957,1,1,4,1e-12,0.85157,0,1.69393e-11,1.92095e-12
Hessenberg basic,958,1,0,4,1e-12,0.29041,0,1.36424e-11,1.76664e-12
Hessenberg basic,958,1,1,4,1e-12,0.875104,0,1.50067e-11,1.98777e-12
Hessenberg basic,959,1,0,4,1e-12,0.285203,0,1.14824e-11,1.73727e-12
Hessenberg basic,959,1,1,4,1e-12,0.960322,0,1.35287e-11,1.82614e-12
Hessenberg basic,960,1,0,4,1e-12,0.328033,0,1.13687e-11,1.72706e-12
Hessenberg basic,960,1,1,4,1e-12,0.864831,0,1.46656e-11,1.81512e-12
Hessenberg basic,961,1,0,4,1e-12,0.308945,0,1.14824e-11,1.78212e-12
Hessenberg basic,961,1,1,4,1e-12,1.08275,0,1.31877e-11,1.89685e-12
Hessenberg basic,962,1,0,4,1e-12,0.335935,0,1.11413e-11,1.69535e-12
Hessenberg basic,962,1,1,4,1e-12,0.885415,0,1.35287e-11,1.88659e-12
Hessenberg basic,963,1,0,4,1e-12,0.300661,0,1.17097e-11,1.70051e-12
Hessenberg basic,963,1,1,4,1e-12,1.24611,0,1.73941e-11,1.83249e-12
Hessenberg basic,964,1,0,4,1e-12,0.34367,0,1.47793e-11,1.69377e-12
Hessenberg basic,964,1,1,4,1e-12,1.01285,0,1.62572e-11,1.99686e-12
Hessenberg basic,965,1,0,4,1e-12,0.470516,0,1.59162e-11,1.68846e-12
Hessenberg basic,965,1,1,4,1e-12,1.3028,0,1.6712e-11,1.98495e-12
Hessenberg basic,966,1,0,4,1e-12,0.505927,0,1.08002e-11,1.74491e-12
Hessenberg basic,966,1,1,4,1e-12,1.17995,0,1.36424e-11,1.80142e-12
Hessenberg basic,967,1,0,4,1e-12,0.458125,0,1.05729e-11,1.78885e-12
Hessenberg basic,967,1,1,4,1e-12,1.22188,0,1.68257e-11,1.82457e-12
Hessenberg basic,968,1,0,4,1e-12,0.43996,0,1.04592e-11,1.76048e-12
Hessenberg basic,968,1,1,4,1e-12,1.12617,0,1.19371e-11,1.98388e-12
Hessenberg basic,969,1,0,4,1e-12,0.385499,0,1.71667e-11,1.8546e-12
Hessenberg basic,969,1,1,4,1e-12,1.08497,0,1.09139e-11,1.68501e-12
Hessenberg basic,970,1,0,4,1e-12,0.401758,0,1.40972e-11,1.79884e-12
Hessenberg basic,970,1,1,4,1e-12,1.07535,0,1.09139e-11,1.91124e-12
Hessenberg basic,971,1,0,4,1e-12,0.386893,0,1.21645e-11,1.77066e-12
Hessenberg basic,971,1,1,4,1e-12,1.10654,0,1.31877e-11,1.93863e-12
Hessenberg basic,972,1,0,4,1e-12,0.398079,0,1.15961e-11,1.65523e-12
Hessenberg basic,972,1,1,4,1e-12,1.1093,0,1.11413e-11,1.77085e-12
Hessenberg basic,973,1,0,4,1e-12,0.435397,0,1.50067e-11,1.80005e-12
Hessenberg basic,973,1,1,4,1e-12,1.15423,0,1.01181e-11,1.77382e-12
Hessenberg basic,974,1,0,4,1e-12,0.48948,0,1.1255e-11,1.75008e-12
Hessenberg basic,974,1,1,4,1e-12,1.10818,0,1.22782e-11,1.84413e-12
Hessenberg basic,975,1,0,4,1e-12,0.584699,0,1.27329e-11,1.75239e-12
Hessenberg basic,975,1,1,4,1e-12,1.19035,0,1.59162e-11,1.76129e-12
Hessenberg basic,976,1,0,4,1e-12,0.371682,0,1.31877e-11,1.68323e-12
Hessenberg basic,976,1,1,4,1e-12,1.18932,0,1.17097e-11,1.80871e-12
Hessenberg basic,977,1,0,4,1e-12,0.463262,0,1.77351e-11,1.89464e-12
Hessenberg basic,977,1,1,4,1e-12,1.30268,0,1.21645e-11,1.89875e-12
Hessenberg basic,978,1,0,4,1e-12,0.550927,0,1.33014e-11,1.71851e-12
Hessenberg basic,978,1,1,4,1e-12,1.40086,0,1.31877e-11,1.81791e-12
Hessenberg basic,979,1,0,4,1e-12,0.307579,0,1.43245e-11,1.69584e-12
Hessenberg basic,979,1,1,4,1e-12,1.43155,0,1.3074e-11,1.86609e-12
Hessenberg basic,980,1,0,4,1e-12,0.311172,0,1.05729e-11,1.76414e-12
Hessenberg basic,980,1,1,4,1e-12,1.1626,0,1.38698e-11,1.84832e-12
Hessenberg basic,981,1,0,4,1e-12,0.353976,0,1.20508e-11,1.8236e-12
Hessenberg basic,981,1,1,4,1e-12,1.18796,0,1.38698e-11,1.91058e-12
Hessenberg basic,982,1,0,4,1e-12,0.502994,0,1.04592e-11,1.70121e-12
Hessenberg basic,982,1,1,4,1e-12,1.49203,0,1.08002e-11,1.73906e-12
Hessenberg basic,983,1,0,4,1e-12,0.432673,0,1.7053e-11,1.80687e-12
Hessenberg basic,983,1,1,4,1e-12,1.3094,0,1.04592e-11,1.88437e-12
Hessenberg basic,984,1,0,4,1e-12,0.411548,0,1.3415e-11,1.90762e-12
Hessenberg basic,984,1,1,4,1e-12,1.20951,0,1.23919e-11,1.79342e-12
Hessenberg basic,985,1,0,4,1e-12,0.57833,0,1.56888e-11,1.74851e-12
Hessenberg basic,985,1,1,4,1e-12,1.38058,0,1.21645e-11,1.9025e-12
Hessenberg basic,986,1,0,4,1e-12,0.400621,0,1.15961e-11,1.79779e-12
Hessenberg basic,986,1,1,4,1e-12,1.21307,0,1.53477e-11,1.86483e-12
Hessenberg basic,987,1,0,4,1e-12,0.530669,0,1.04592e-11,1.61681e-12
Hessenberg basic,987,1,1,4,1e-12,1.26079,0,1.22782e-11,1.77015e-12
Hessenberg basic,988,1,0,4,1e-12,0.364925,0,1.09139e-11,1.70956e-12
Hessenberg basic,988,1,1,4,1e-12,1.2429,0,1.04592e-11,1.76062e-12
Hessenberg basic,989,1,0,4,1e-12,0.458785,0,1.40972e-11,1.72345e-12
Hessenberg basic,989,1,1,4,1e-12,1.21095,0,1.1255e-11,1.87491e-12
Hessenberg basic,990,1,0,4,1e-12,0.364715,0,1.23919e-11,1.71012e-12
Hessenberg basic,990,1,1,4,1e-12,1.37624,0,1.13687e-11,1.91626e-12
Hessenberg basic,991,1,0,4,1e-12,0.470996,0,1.08002e-11,1.6708e-12
Hessenberg basic,991,1,1,4,1e-12,1.24909,0,1.42109e-11,1.86324e-12
Hessenberg basic,992,1,0,4,1e-12,0.453474,0,1.35287e-11,1.75761e-12
Hessenberg basic,992,1,1,4,1e-12,1.34863,0,1.28466e-11,1.90515e-12
Hessenberg basic,993,1,0,4,1e-12,0.617091,0,1.04592e-11,1.8465e-12
Hessenberg basic,993,1,1,4,1e-12,1.24851,0,1.09139e-11,1.92887e-12
Hessenberg basic,994,1,0,4,1e-12,0.375562,0,1.43245e-11,1.74858e-12
Hessenberg basic,994,1,1,4,1e-12,1.29867,0,1.39835e-11,1.81857e-12
Hessenberg basic,995,1,0,4,1e-12,0.414486,0,1.31877e-11,1.7791e-12
Hessenberg basic,995,1,1,4,1e-12,1.3505,0,1.19371e-11,1.95529e-12
Hessenberg basic,996,1,0,4,1e-12,0.452303,0,1.58025e-11,1.7384e-12
Hessenberg basic,996,1,1,4,1e-12,1.40087,0,1.5234e-11,1.99945e-12
Hessenberg basic,997,1,0,4,1e-12,0.452104,0,1.31877e-11,1.7948e-12
Hessenberg basic,997,1,1,4,1e-12,1.53808,0,1.42109e-11,1.90989e-12
Hessenberg basic,998,1,0,4,1e-12,0.342496,0,1.61435e-11,1.8126e-12
Hessenberg basic,998,1,1,4,1e-12,1.29447,0,1.21645e-11,1.81719e-12
Hessenberg basic,999,1,0,4,1e-12,0.468565,0,1.36424e-11,1.74336e-12
Hessenberg basic,999,1,1,4,1e-12,1.34952,0,1.4893e-11,1.86981e-12
Hessenberg basic,1000,1,0,4,1e-12,0.579303,0,1.28466e-11,1.70204e-12
Hessenberg basic,1000,1,1,4,1e-12,1.4972,0,1.8872e-11,1.77597e-12
