version, size, hermitian, complex, seed, tol, runtime in s,min_error, max_error, avg_error
Hessenberg basic,900,1,0,9,1e-12,0.248552,0,1.09139e-11,1.77599e-12
Hessenberg basic,900,1,1,9,1e-12,0.727167,0,1.55751e-11,1.87796e-12
Hessenberg basic,901,1,0,9,1e-12,0.411898,0,1.19371e-11,1.8256e-12
Hessenberg basic,901,1,1,9,1e-12,0.748356,0,1.23919e-11,1.84046e-12
Hessenberg basic,902,1,0,9,1e-12,0.271476,0,1.3415e-11,1.82571e-12
Hessenberg basic,902,1,1,9,1e-12,0.993778,0,1.46656e-11,1.91925e-12
Hessenberg basic,903,1,0,9,1e-12,0.248219,0,1.13687e-11,1.6478e-12
Hessenberg basic,903,1,1,9,1e-12,0.913935,0,1.11413e-11,1.85305e-12
Hessenberg basic,904,1,0,9,1e-12,0.575539,0,1.61435e-11,1.70624e-12
Hessenberg basic,904,1,1,9,1e-12,0.715924,0,1.79625e-11,1.80271e-12
Hessenberg basic,905,1,0,9,1e-12,0.490418,0,1.28466e-11,1.8065e-12
Hessenberg basic,905,1,1,9,1e-12,0.940178,0,1.06866e-11,1.91881e-12
Hessenberg basic,906,1,0,9,1e-12,0.264856,0,9.89075e-12,1.79145e-12
Hessenberg basic,906,1,1,9,1e-12,1.27206,0,1.59162e-11,1.91368e-12
Hessenberg basic,907,1,0,9,1e-12,0.49531,0,1.10276e-11,1.68154e-12
Hessenberg basic,907,1,1,9,1e-12,0.819352,0,1.27329e-11,1.8746e-12
Hessenberg basic,908,1,0,9,1e-12,0.427165,0,1.03455e-11,1.79813e-12
Hessenberg basic,908,1,1,9,1e-12,0.851059,0,1.75078e-11,1.86342e-12
Hessenberg basic,909,1,0,9,1e-12,0.285605,0,1.3074e-11,1.79206e-12
Hessenberg basic,909,1,1,9,1e-12,1.10615,0,1.37561e-11,1.79412e-12
Hessenberg basic,910,1,0,9,1e-12,0.395075,0,1.01181e-11,1.84575e-12
Hessenberg basic,910,1,1,9,1e-12,1.02406,0,1.3074e-11,1.85583e-12
Hessenberg basic,911,1,0,9,1e-12,0.479342,0,1.38698e-11,1.74677e-12
Hessenberg basic,911,1,1,9,1e-12,1.01995,0,1.33014e-11,1.82084e-12
Hessenberg basic,912,1,0,9,1e-12,0.253853,0,1.43245e-11,1.88044e-12
Hessenberg basic,912,1,1,9,1e-12,1.11442,0,1.22213e-11,1.78649e-12
Hessenberg basic,913,1,0,9,1e-12,0.452502,0,1.23919e-11,1.79006e-12
Hessenberg basic,913,1,1,9,1e-12,0.747107,0,1.36424e-11,1.84902e-12
Hessenberg basic,914,1,0,9,1e-12,0.389615,0,1.00044e-11,1.75689e-12
Hessenberg basic,914,1,1,9,1e-12,0.905351,0,1.38698e-11,1.84084e-12
Hessenberg basic,915,1,0,9,1e-12,0.510801,0,1.62572e-11,1.78081e-12
Hessenberg basic,915,1,1,9,1e-12,0.730471,0,1.11413e-11,1.95662e-12
Hessenberg basic,916,1,0,9,1e-12,0.445812,0,1.61435e-11,1.88534e-12
Hessenberg basic,916,1,1,9,1e-12,0.741291,0,1.19371e-11,1.79638e-12
Hessenberg basic,917,1,0,9,1e-12,0.39822,0,1.19371e-11,1.63421e-12
Hessenberg basic,917,1,1,9,1e-12,0.729153,0,1.19371e-11,1.8305e-12
Hessenberg basic,918,1,0,9,1e-12,0.387864,0,1.39835e-11,1.84118e-12
Hessenberg basic,918,1,1,9,1e-12,0.755085,0,1.13687e-11,1.76208e-12
Hessenberg basic,919,1,0,9,1e-12,0.273078,0,1.17097e-11,1.75659e-12
Hessenberg basic,919,1,1,9,1e-12,1.09667,0,1.10276e-11,1.86601e-12
Hessenberg basic,920,1,0,9,1e-12,0.408137,0,1.02318e-11,1.67547e-12
Hessenberg basic,920,1,1,9,1e-12,1.1275,0,1.01181e-11,1.80548e-12
Hessenberg basic,921,1,0,9,1e-12,0.367568,0,1.18234e-11,1.81967e-12
Hessenberg basic,921,1,1,9,1e-12,1.28033,0,1.21645e-11,1.73674e-12
Hessenberg basic,922,1,0,9,1e-12,0.272006,0,1.56888e-11,1.79765e-12
Hessenberg basic,922,1,1,9,1e-12,0.932557,0,1.22782e-11,1.9428e-12
Hessenberg basic,923,1,0,9,1e-12,0.31799,0,1.14824e-11,1.74683e-12
Hessenberg basic,923,1,1,9,1e-12,0.84168,0,1.18234e-11,1.74924e-12
Hessenberg basic,924,1,0,9,1e-12,0.245962,0,1.15961e-11,1.752e-12
Hessenberg basic,924,1,1,9,1e-12,0.853637,0,1.14824e-11,1.8742e-12
Hessenberg basic,925,1,0,9,1e-12,0.526388,0,1.58025e-11,1.868e-12
Hessenberg basic,925,1,1,9,1e-12,1.01454,0,1.39835e-11,1.85448e-12
Hessenberg basic,926,1,0,9,1e-12,0.276041,0,1.06866e-11,1.68455e-12
Hessenberg basic,926,1,1,9,1e-12,0.973912,0,1.23919e-11,1.72223e-12
Hessenberg basic,927,1,0,9,1e-12,0.4174,0,1.35287e-11,1.70864e-12
Hessenberg basic,927,1,1,9,1e-12,0.803198,0,1.35287e-11,1.79513e-12
Hessenberg basic,928,1,0,9,1e-12,0.503361,0,1.18234e-11,1.77246e-12
Hessenberg basic,928,1,1,9,1e-12,0.840383,0,1.08002e-11,1.80039e-12
Hessenberg basic,929,1,0,9,1e-12,0.401033,0,1.26192e-11,1.77067e-12
Hessenberg basic,929,1,1,9,1e-12,0.787689,0,1.09139e-11,1.87625e-12
Hessenberg basic,930,1,0,9,1e-12,0.337309,0,1.51203e-11,1.75406e-12
Hessenberg basic,930,1,1,9,1e-12,0.792141,0,1.45519e-11,1.85885e-12
Hessenberg basic,931,1,0,9,1e-12,0.284691,0,1.11413e-11,1.67749e-12
Hessenberg basic,931,1,1,9,1e-12,1.21401,0,1.15961e-11,1.86087e-12
Hessenberg basic,932,1,0,9,1e-12,0.371427,0,1.17097e-11,1.63198e-12
Hessenberg basic,932,1,1,9,1e-12,1.03123,0,1.01181e-11,1.76532e-12
Hessenberg basic,933,1,0,9,1e-12,0.387793,0,1.3415e-11,1.74674e-12
Hessenberg basic,933,1,1,9,1e-12,1.05034,0,1.47793e-11,1.86488e-12
Hessenberg basic,934,1,0,9,1e-12,0.368363,0,1.21645e-11,1.70444e-12
Hessenberg basic,934,1,1,9,1e-12,1.11507,0,1.45519e-11,1.81642e-12
Hessenberg basic,935,1,0,9,1e-12,0.313504,0,1.62572e-11,1.70941e-12
Hessenberg basic,935,1,1,9,1e-12,0.78876,0,1.13687e-11,1.79183e-12
Hessenberg basic,936,1,0,9,1e-12,0.474645,0,9.89075e-12,1.70261e-12
Hessenberg basic,936,1,1,9,1e-12,0.906961,0,1.28466e-11,1.83187e-12
Hessenberg basic,937,1,0,9,1e-12,0.467477,0,1.81899e-11,1.82212e-12
Hessenberg basic,937,1,1,9,1e-12,0.808067,0,1.08002e-11,1.9088e-12
Hessenberg basic,938,1,0,9,1e-12,0.295891,0,1.31877e-11,1.66241e-12
Hessenberg basic,938,1,1,9,1e-12,1.08621,0,1.40972e-11,1.77818e-12
Hessenberg basic,939,1,0,9,1e-12,0.299217,0,9.32232e-12,1.80437e-12
Hessenberg basic,939,1,1,9,1e-12,0.899518,0,1.09139e-11,1.77063e-12
Hessenberg basic,940,1,0,9,1e-12,0.42394,0,1.29603e-11,1.71934e-12
Hessenberg basic,940,1,1,9,1e-12,1.04836,0,1.60298e-11,1.90522e-12
Hessenberg basic,941,1,0,9,1e-12,0.330081,0,1.55751e-11,1.97296e-12
Hessenberg basic,941,1,1,9,1e-12,1.12368,0,1.64846e-11,1.88032e-12
Hessenberg basic,942,1,0,9,1e-12,0.456563,0,1.1255e-11,1.75214e-12
Hessenberg basic,942,1,1,9,1e-12,0.988649,0,1.65983e-11,1.87156e-12
Hessenberg basic,943,1,0,9,1e-12,0.480861,0,1.28466e-11,1.74702e-12
Hessenberg basic,943,1,1,9,1e-12,1.09214,0,1.40972e-11,1.87948e-12
Hessenberg basic,944,1,0,9,1e-12,0.622937,0,1.02318e-11,1.63116e-12
Hessenberg basic,944,1,1,9,1e-12,1.00579,0,1.39835e-11,1.865e-12
Hessenberg basic,945,1,0,9,1e-12,0.49741,0,1.22782e-11,1.69544e-12
Hessenberg basic,945,1,1,9,1e-12,1.07073,0,2.47837e-11,1.84118e-12
Hessenberg basic,946,1,0,9,1e-12,0.281864,0,1.27329e-11,1.80787e-12
Hessenberg basic,946,1,1,9,1e-12,0.823797,0,1.50635e-11,2.00967e-12
Hessenberg basic,947,1,0,9,1e-12,0.32876,0,1.14824e-11,1.79805e-12
Hessenberg basic,947,1,1,9,1e-12,1.13602,0,1.06866e-11,1.82081e-12
Hessenberg basic,948,1,0,9,1e-12,0.61475,0,1.35287e-11,1.7757e-12
Hessenberg basic,948,1,1,9,1e-12,1.11854,0,1.97815e-11,1.77135e-12
Hessenberg basic,949,1,0,9,1e-12,0.636192,0,1.28466e-11,1.76996e-12
Hessenberg basic,949,1,1,9,1e-12,1.37893,0,1.3415e-11,1.85936e-12
Hessenberg basic,950,1,0,9,1e-12,0.274646,0,1.27329e-11,1.62721e-12
Hessenberg basic,950,1,1,9,1e-12,0.915231,0,3.00133e-11,1.91643e-12
Hessenberg basic,951,1,0,9,1e-12,0.275641,0,1.04592e-11,1.7082e-12
Hessenberg basic,951,1,1,9,1e-12,0.841885,0,1.09139e-11,1.88202e-12
Hessenberg basic,952,1,0,9,1e-12,0.280355,0,1.42109e-11,1.76876e-12
Hessenberg basic,952,1,1,9,1e-12,0.985513,0,1.14824e-11,1.83195e-12
Hessenberg basic,953,1,0,9,1e-12,0.321395,0,1.95541e-11,1.85474e-12
Hessenberg basic,953,1,1,9,1e-12,0.986162,0,1.35287e-11,1.90633e-12
Hessenberg basic,954,1,0,9,1e-12,0.313557,0,1.13687e-11,1.79444e-12
Hessenberg basic,954,1,1,9,1e-12,1.17939,0,1.1255e-11,1.73241e-12
Hessenberg basic,955,1,0,9,1e-12,0.401407,0,1.15961e-11,1.70698e-12
Hessenberg basic,955,1,1,9,1e-12,1.16086,0,1.51203e-11,1.98494e-12
Hessenberg basic,956,1,0,9,1e-12,0.492364,0,1.33014e-11,1.80329e-12
Hessenberg basic,956,1,1,9,1e-12,1.24801,0,1.18234e-11,1.94714e-12
Hessenberg basic,957,1,0,9,1e-12,0.674114,0,1.60298e-11,1.83885e-12
Hessenberg basic,957,1,1,9,1e-12,1.14828,0,1.54614e-11,1.93476e-12
Hessenberg basic,958,1,0,9,1e-12,0.522792,0,1.22782e-11,1.81165e-12
Hessenberg basic,958,1,1,9,1e-12,1.15335,0,1.43245e-11,1.83499e-12
Hessenberg basic,959,1,0,9,1e-12,0.636097,0,1.22782e-11,1.68035e-12
Hessenberg basic,959,1,1,9,1e-12,1.03813,0,1.43245e-11,1.88836e-12
Hessenberg basic,960,1,0,9,1e-12,0.476585,0,1.39835e-11,1.79175e-12
Hessenberg basic,960,1,1,9,1e-12,1.25459,0,1.29603e-11,2.02582e-12
Hessenberg basic,961,1,0,9,1e-12,0.331826,0,1.64846e-11,1.84873e-12
Hessenberg basic,961,1,1,9,1e-12,0.882567,0,1.79625e-11,2.04506e-12
Hessenberg basic,962,1,0,9,1e-12,0.326734,0,1.21645e-11,1.77944e-12
Hessenberg basic,962,1,1,9,1e-12,1.1601,0,1.44382e-11,2.00629e-12
Hessenberg basic,963,1,0,9,1e-12,0.580636,0,1.59162e-11,1.83448e-12
Hessenberg basic,963,1,1,9,1e-12,1.19623,0,1.18234e-11,1.96269e-12
Hessenberg basic,964,1,0,9,1e-12,0.367912,0,1.19371e-11,1.78569e-12
Hessenberg basic,964,1,1,9,1e-12,1.33371,0,1.55751e-11,1.8979e-12
Hessenberg basic,965,1,0,9,1e-12,0.365429,0,1.20508e-11,1.89785e-12
Hessenberg basic,965,1,1,9,1e-12,1.32632,0,1.60298e-11,1.96616e-12
Hessenberg basic,966,1,0,9,1e-12,0.362748,0,1.3415e-11,1.6369e-12
Hessenberg basic,966,1,1,9,1e-12,1.302,0,1.38698e-11,1.95515e-12
Hessenberg basic,967,1,0,9,1e-12,0.324404,0,1.63709e-11,1.73157e-12
Hessenberg basic,967,1,1,9,1e-12,1.30555,0,1.51203e-11,1.9775e-12
Hessenberg basic,968,1,0,9,1e-12,0.367089,0,1.27329e-11,1.74382e-12
Hessenberg basic,968,1,1,9,1e-12,1.25848,0,1.33014e-11,1.98281e-12
Hessenberg basic,969,1,0,9,1e-12,0.450497,0,1.38698e-11,1.78945e-12
Hessenberg basic,969,1,1,9,1e-12,1.169,0,1.10276e-11,1.74059e-12
Hessenberg basic,970,1,0,9,1e-12,0.604945,0,1.06866e-11,1.75964e-12
Hessenberg basic,970,1,1,9,1e-12,1.26676,0,1.3415e-11,1.79465e-12
Hessenberg basic,971,1,0,9,1e-12,0.36127,0,1.64846e-11,1.90811e-12
Hessenberg basic,971,1,1,9,1e-12,1.47426,0,2.02363e-11,1.91886e-12
Hessenberg basic,972,1,0,9,1e-12,0.353436,0,1.36424e-11,1.79556e-12
Hessenberg basic,972,1,1,9,1e-12,1.45256,0,1.59162e-11,2.10775e-12
Hessenberg basic,973,1,0,9,1e-12,0.334154,0,1.60298e-11,1.95776e-12
Hessenberg basic,973,1,1,9,1e-12,1.20071,0,1.68257e-11,1.9285e-12
Hessenberg basic,974,1,0,9,1e-12,0.32108,0,1.09139e-11,1.7319e-12
Hessenberg basic,974,1,1,9,1e-12,0.975636,0,1.50067e-11,1.90997e-12
Hessenberg basic,975,1,0,9,1e-12,0.32855,0,1.58025e-11,1.91514e-12
Hessenberg basic,975,1,1,9,1e-12,0.958316,0,1.8531e-11,1.90332e-12
Hessenberg basic,976,1,0,9,1e-12,0.328058,0,1.35287e-11,1.85004e-12
Hessenberg basic,976,1,1,9,1e-12,0.916955,0,1.64846e-11,1.87513e-12
Hessenberg basic,977,1,0,9,1e-12,0.316412,0,1.10276e-11,1.66291e-12
Hessenberg basic,977,1,1,9,1e-12,0.906498,0,1.5234e-11,1.73123e-12
Hessenberg basic,978,1,0,9,1e-12,0.317686,0,1.26192e-11,1.78346e-12
Hessenberg basic,978,1,1,9,1e-12,1.0145,0,1.86446e-11,2.01836e-12
Hessenberg basic,979,1,0,9,1e-12,0.686327,0,1.53477e-11,1.63885e-12
Hessenberg basic,979,1,1,9,1e-12,1.26963,0,1.89857e-11,1.87136e-12
Hessenberg basic,980,1,0,9,1e-12,0.52203,0,1.53477e-11,1.81315e-12
Hessenberg basic,980,1,1,9,1e-12,1.16753,0,1.4893e-11,2.10556e-12
Hessenberg basic,981,1,0,9,1e-12,0.51715,0,1.60298e-11,2.0148e-12
Hessenberg basic,981,1,1,9,1e-12,1.09728,0,1.64846e-11,1.9869e-12
Hessenberg basic,982,1,0,9,1e-12,0.460644,0,1.27329e-11,1.70558e-12
Hessenberg basic,982,1,1,9,1e-12,1.07765,0,1.58025e-11,1.82794e-12
Hessenberg basic,983,1,0,9,1e-12,0.525161,0,1.23919e-11,1.66397e-12
Hessenberg basic,983,1,1,9,1e-12,1.18329,0,1.61435e-11,1.98172e-12
Hessenberg basic,984,1,0,9,1e-12,0.525505,0,1.76215e-11,1.78205e-12
Hessenberg basic,984,1,1,9,1e-12,1.17719,0,1.42109e-11,1.99763e-12
Hessenberg basic,985,1,0,9,1e-12,0.390809,0,1.22782e-11,1.70203e-12
Hessenberg basic,985,1,1,9,1e-12,1.1677,0,1.33014e-11,1.8727e-12
Hessenberg basic,986,1,0,9,1e-12,0.373242,0,1.00044e-11,1.79358e-12
Hessenberg basic,986,1,1,9,1e-12,1.12606,0,1.71667e-11,1.89424e-12
Hessenberg basic,987,1,0,9,1e-12,0.372368,0,2.00089e-11,1.78729e-12
Hessenberg basic,987,1,1,9,1e-12,0.947839,0,1.37561e-11,1.78161e-12
Hessenberg basic,988,1,0,9,1e-12,0.642344,0,1.40972e-11,1.71829e-12
Hessenberg basic,988,1,1,9,1e-12,0.909394,0,1.50067e-11,1.89418e-12
Hessenberg basic,989,1,0,9,1e-12,0.689645,0,1.7053e-11,1.8738e-12
Hessenberg basic,989,1,1,9,1e-12,0.922912,0,1.4893e-11,1.93398e-12
Hessenberg basic,990,1,0,9,1e-12,0.68037,0,1.3074e-11,1.64404e-12
Hessenberg basic,990,1,1,9,1e-12,0.959684,0,1.55751e-11,1.83361e-12
Hessenberg basic,991,1,0,9,1e-12,0.626568,0,1.35287e-11,1.74864e-12
Hessenberg basic,991,1,1,9,1e-12,1.05083,0,1.50067e-11,1.97622e-12
Hessenberg basic,992,1,0,9,1e-12,0.542625,0,9.77707e-12,1.67583e-12
Hessenberg basic,992,1,1,9,1e-12,1.03799,0,1.3415e-11,1.77113e-12
Hessenberg basic,993,1,0,9,1e-12,0.530391,0,1.27329e-11,1.83497e-12
Hessenberg basic,993,1,1,9,1e-12,1.12892,0,1.55751e-11,1.7701e-12
Hessenberg basic,994,1,0,9,1e-12,0.48847,0,1.08002e-11,1.65367e-12
Hessenberg basic,994,1,1,9,1e-12,1.01379,0,1.44382e-11,1.95582e-12
Hessenberg basic,995,1,0,9,1e-12,0.51819,0,1.50067e-11,1.75988e-12
Hessenberg basic,995,1,1,9,1e-12,0.970113,0,1.40972e-11,1.9053e-12
Hessenberg basic,996,1,0,9,1e-12,0.500408,0,1.15961e-11,1.74737e-12
Hessenberg basic,996,1,1,9,1e-12,0.937724,0,1.22782e-11,1.89921e-12
Hessenberg basic,997,1,0,9,1e-12,0.523442,0,1.64846e-11,1.74754e-12
Hessenberg basic,997,1,1,9,1e-12,1.0531,0,1.04592e-11,1.71512e-12
Hessenberg basic,998,1,0,9,1e-12,0.543481,0,1.43245e-11,1.73284e-12
Hessenberg basic,998,1,1,9,1e-12,1.12986,0,1.61435e-11,1.86993e-12
Hessenberg basic,999,1,0,9,1e-12,0.52297,0,1.36424e-11,1.69729e-12
Hessenberg basic,999,1,1,9,1e-12,1.27827,0,1.20508e-11,1.84692e-12
Hessenberg basic,1000,1,0,9,1e-12,0.655683,0,1.29603e-11,1.68575e-12
Hessenberg basic,1000,1,1,9,1e-12,1.07875,0,1.28466e-11,1.93893e-12
