version, size, hermitian, complex, seed, tol, runtime in s,min_error, max_error, avg_error
Hessenberg basic,900,1,0,1,1e-12,0.186236,0,1.23919e-11,1.73728e-12
Hessenberg basic,900,1,1,1,1e-12,0.582717,0,1.47793e-11,1.90579e-12
Hessenberg basic,901,1,0,1,1e-12,0.186755,0,1.13687e-11,1.73437e-12
Hessenberg basic,901,1,1,1,1e-12,0.581071,0,1.64846e-11,1.79126e-12
Hessenberg basic,902,1,0,1,1e-12,0.194153,0,1.15961e-11,1.58761e-12
Hessenberg basic,902,1,1,1,1e-12,0.596869,0,1.47793e-11,1.90407e-12
Hessenberg basic,903,1,0,1,1e-12,0.223939,0,1.22782e-11,1.64862e-12
Hessenberg basic,903,1,1,1,1e-12,0.676571,0,1.06866e-11,1.92947e-12
Hessenberg basic,904,1,0,1,1e-12,0.225962,0,1.27329e-11,1.77072e-12
Hessenberg basic,904,1,1,1,1e-12,0.71132,0,1.11413e-11,1.85792e-12
Hessenberg basic,905,1,0,1,1e-12,0.257858,0,1.09139e-11,1.71112e-12
Hessenberg basic,905,1,1,1,1e-12,0.956337,0,1.14824e-11,1.72408e-12
Hessenberg basic,906,1,0,1,1e-12,0.251774,0,1.19371e-11,1.6594e-12
Hessenberg basic,906,1,1,1,1e-12,0.704813,0,1.60298e-11,1.87445e-12
Hessenberg basic,907,1,0,1,1e-12,0.426689,0,1.03455e-11,1.72236e-12
Hessenberg basic,907,1,1,1,1e-12,0.708739,0,1.45519e-11,1.8945e-12
Hessenberg basic,908,1,0,1,1e-12,0.2988,0,1.19371e-11,1.69279e-12
Hessenberg basic,908,1,1,1,1e-12,0.782603,0,1.29603e-11,1.9583e-12
Hessenberg basic,909,1,0,1,1e-12,0.317496,0,1.17097e-11,1.66895e-12
Hessenberg basic,909,1,1,1,1e-12,1.13796,0,1.6712e-11,1.79416e-12
Hessenberg basic,910,1,0,1,1e-12,0.250643,0,1.4893e-11,1.80587e-12
Hessenberg basic,910,1,1,1,1e-12,0.805128,0,1.04592e-11,1.82904e-12
Hessenberg basic,911,1,0,1,1e-12,0.274936,0,9.09495e-12,1.70474e-12
Hessenberg basic,911,1,1,1,1e-12,0.731178,0,1.15961e-11,1.83382e-12
Hessenberg basic,912,1,0,1,1e-12,0.300618,0,1.08002e-11,1.70048e-12
Hessenberg basic,912,1,1,1,1e-12,0.806446,0,1.19371e-11,1.7655e-12
Hessenberg basic,913,1,0,1,1e-12,0.253058,0,9.54969e-12,1.72631e-12
Hessenberg basic,913,1,1,1,1e-12,0.733673,0,1.19371e-11,1.88272e-12
Hessenberg basic,914,1,0,1,1e-12,0.241391,0,1.8872e-11,1.66993e-12
Hessenberg basic,914,1,1,1,1e-12,0.742893,0,1.18234e-11,1.93566e-12
Hessenberg basic,915,1,0,1,1e-12,0.253697,0,1.26192e-11,1.85746e-12
Hessenberg basic,915,1,1,1,1e-12,0.953179,0,1.00044e-11,1.73083e-12
Hessenberg basic,916,1,0,1,1e-12,0.262203,0,1.1255e-11,1.66742e-12
Hessenberg basic,916,1,1,1,1e-12,0.747067,0,1.90994e-11,1.86086e-12
Hessenberg basic,917,1,0,1,1e-12,0.232323,0,1.59162e-11,1.72907e-12
Hessenberg basic,917,1,1,1,1e-12,0.87793,0,1.25056e-11,1.97033e-12
Hessenberg basic,918,1,0,1,1e-12,0.278456,0,1.44382e-11,1.63858e-12
Hessenberg basic,918,1,1,1,1e-12,0.909249,0,1.65983e-11,1.89846e-12
Hessenberg basic,919,1,0,1,1e-12,0.270972,0,1.14824e-11,1.6393e-12
Hessenberg basic,919,1,1,1,1e-12,0.732035,0,1.39835e-11,1.76994e-12
Hessenberg basic,920,1,0,1,1e-12,0.367614,0,1.21645e-11,1.94375e-12
Hessenberg basic,920,1,1,1,1e-12,0.768738,0,1.39835e-11,1.9144e-12
Hessenberg basic,921,1,0,1,1e-12,0.278095,0,1.23919e-11,1.73719e-12
Hessenberg basic,921,1,1,1,1e-12,0.906569,0,1.26192e-11,1.73077e-12
Hessenberg basic,922,1,0,1,1e-12,0.253947,0,1.15961e-11,1.86615e-12
Hessenberg basic,922,1,1,1,1e-12,0.839463,0,1.71667e-11,1.83746e-12
Hessenberg basic,923,1,0,1,1e-12,0.240048,0,1.1255e-11,1.72521e-12
Hessenberg basic,923,1,1,1,1e-12,0.989211,0,1.3074e-11,1.8733e-12
Hessenberg basic,924,1,0,1,1e-12,0.283516,0,1.45519e-11,1.85767e-12
Hessenberg basic,924,1,1,1,1e-12,0.75518,0,1.40972e-11,1.80781e-12
Hessenberg basic,925,1,0,1,1e-12,0.243854,0,9.32232e-12,1.80753e-12
Hessenberg basic,925,1,1,1,1e-12,0.749252,0,1.50067e-11,1.8025e-12
Hessenberg basic,926,1,0,1,1e-12,0.241832,0,1.23919e-11,1.65906e-12
Hessenberg basic,926,1,1,1,1e-12,0.998238,0,1.11413e-11,1.87209e-12
Hessenberg basic,927,1,0,1,1e-12,0.237003,0,1.09139e-11,1.66408e-12
Hessenberg basic,927,1,1,1,1e-12,0.747789,0,1.23919e-11,1.85313e-12
Hessenberg basic,928,1,0,1,1e-12,0.273856,0,1.29603e-11,1.85628e-12
Hessenberg basic,928,1,1,1,1e-12,0.740951,0,1.33014e-11,1.79396e-12
Hessenberg basic,929,1,0,1,1e-12,0.283484,0,1.18234e-11,1.72613e-12
Hessenberg basic,929,1,1,1,1e-12,0.76534,0,1.43245e-11,1.84341e-12
Hessenberg basic,930,1,0,1,1e-12,0.283418,0,1.39835e-11,1.85012e-12
Hessenberg basic,930,1,1,1,1e-12,0.919629,0,1.28466e-11,1.7158e-12
Hessenberg basic,931,1,0,1,1e-12,0.331368,0,1.44382e-11,1.66881e-12
Hessenberg basic,931,1,1,1,1e-12,0.773841,0,1.27329e-11,1.84164e-12
Hessenberg basic,932,1,0,1,1e-12,0.250513,0,1.08002e-11,1.86178e-12
Hessenberg basic,932,1,1,1,1e-12,1.05035,0,2.03499e-11,1.89034e-12
Hessenberg basic,933,1,0,1,1e-12,0.257867,0,1.1255e-11,1.70169e-12
Hessenberg basic,933,1,1,1,1e-12,0.771506,0,1.26192e-11,1.73547e-12
Hessenberg basic,934,1,0,1,1e-12,0.281301,0,1.31877e-11,1.78615e-12
Hessenberg basic,934,1,1,1,1e-12,1.02666,0,1.14824e-11,1.75402e-12
Hessenberg basic,935,1,0,1,1e-12,0.510237,0,1.33014e-11,1.8061e-12
Hessenberg basic,935,1,1,1,1e-12,0.788922,0,1.39835e-11,1.95749e-12
Hessenberg basic,936,1,0,1,1e-12,0.4957,0,1.42109e-11,1.72058e-12
Hessenberg basic,936,1,1,1,1e-12,0.779409,0,1.05729e-11,1.80316e-12
Hessenberg basic,937,1,0,1,1e-12,0.27565,0,1.3074e-11,1.73012e-12
Hessenberg basic,937,1,1,1,1e-12,1.01048,0,1.94404e-11,1.92678e-12
Hessenberg basic,938,1,0,1,1e-12,0.265706,0,1.42109e-11,1.70129e-12
Hessenberg basic,938,1,1,1,1e-12,0.999748,0,1.26192e-11,1.78362e-12
Hessenberg basic,939,1,0,1,1e-12,0.309879,0,9.77707e-12,1.59586e-12
Hessenberg basic,939,1,1,1,1e-12,0.908451,0,1.31877e-11,1.78101e-12
Hessenberg basic,940,1,0,1,1e-12,0.274996,0,1.26192e-11,1.69355e-12
Hessenberg basic,940,1,1,1,1e-12,0.926425,0,1.21645e-11,1.82124e-12
Hessenberg basic,941,1,0,1,1e-12,0.272945,0,1.15961e-11,1.60402e-12
Hessenberg basic,941,1,1,1,1e-12,0.95121,0,1.31877e-11,1.78687e-12
Hessenberg basic,942,1,0,1,1e-12,0.286891,0,1.1255e-11,1.78128e-12
Hessenberg basic,942,1,1,1,1e-12,0.982474,0,1.1255e-11,1.7937e-12
Hessenberg basic,943,1,0,1,1e-12,0.339637,0,1.53477e-11,1.70269e-12
Hessenberg basic,943,1,1,1,1e-12,0.865468,0,1.47793e-11,1.93706e-12
Hessenberg basic,944,1,0,1,1e-12,0.368755,0,1.15392e-11,1.76943e-12
Hessenberg basic,944,1,1,1,1e-12,1.04186,0,1.23919e-11,1.80339e-12
Hessenberg basic,945,1,0,1,1e-12,0.408322,0,9.66338e-12,1.74594e-12
Hessenberg basic,945,1,1,1,1e-12,0.787556,0,1.18234e-11,1.91907e-12
Hessenberg basic,946,1,0,1,1e-12,0.323885,0,1.14824e-11,1.74697e-12
Hessenberg basic,946,1,1,1,1e-12,0.785339,0,1.3074e-11,1.87239e-12
Hessenberg basic,947,1,0,1,1e-12,0.265397,0,1.63709e-11,1.66791e-12
Hessenberg basic,947,1,1,1,1e-12,1.04667,0,1.44382e-11,1.91775e-12
Hessenberg basic,948,1,0,1,1e-12,0.260034,0,9.20863e-12,1.70709e-12
Hessenberg basic,948,1,1,1,1e-12,0.959084,0,1.5234e-11,1.73718e-12
Hessenberg basic,949,1,0,1,1e-12,0.449414,0,1.23919e-11,1.76236e-12
Hessenberg basic,949,1,1,1,1e-12,1.10788,0,1.17097e-11,1.88454e-12
Hessenberg basic,950,1,0,1,1e-12,0.430396,0,1.79625e-11,1.74095e-12
Hessenberg basic,950,1,1,1,1e-12,0.927337,0,1.33014e-11,1.87374e-12
Hessenberg basic,951,1,0,1,1e-12,0.295687,0,1.19371e-11,1.80168e-12
Hessenberg basic,951,1,1,1,1e-12,0.862277,0,1.25056e-11,1.89618e-12
Hessenberg basic,952,1,0,1,1e-12,0.27104,0,1.50067e-11,1.74397e-12
Hessenberg basic,952,1,1,1,1e-12,1.04992,0,1.09139e-11,1.77717e-12
Hessenberg basic,953,1,0,1,1e-12,0.299732,0,1.14824e-11,1.68402e-12
Hessenberg basic,953,1,1,1,1e-12,1.17204,0,1.97815e-11,1.79605e-12
Hessenberg basic,954,1,0,1,1e-12,0.501334,0,1.19371e-11,1.68821e-12
Hessenberg basic,954,1,1,1,1e-12,0.845056,0,1.31877e-11,1.84562e-12
Hessenberg basic,955,1,0,1,1e-12,0.410689,0,1.33014e-11,1.67239e-12
Hessenberg basic,955,1,1,1,1e-12,0.960714,0,1.50067e-11,1.74529e-12
Hessenberg basic,956,1,0,1,1e-12,0.443814,0,1.09139e-11,1.84681e-12
Hessenberg basic,956,1,1,1,1e-12,0.951446,0,1.78488e-11,1.79882e-12
Hessenberg basic,957,1,0,1,1e-12,0.484897,0,1.13687e-11,1.67093e-12
Hessenberg basic,957,1,1,1,1e-12,1.04702,0,1.09139e-11,1.92404e-12
Hessenberg basic,958,1,0,1,1e-12,0.502047,0,1.26192e-11,1.69212e-12
Hessenberg basic,958,1,1,1,1e-12,1.14417,0,1.39835e-11,1.68683e-12
Hessenberg basic,959,1,0,1,1e-12,0.53526,0,1.00044e-11,1.81654e-12
Hessenberg basic,959,1,1,1,1e-12,0.986639,0,1.26192e-11,1.91445e-12
Hessenberg basic,960,1,0,1,1e-12,0.306429,0,1.14824e-11,1.69966e-12
Hessenberg basic,960,1,1,1,1e-12,0.82245,0,1.09139e-11,1.77886e-12
Hessenberg basic,961,1,0,1,1e-12,0.362009,0,1.26192e-11,1.77366e-12
Hessenberg basic,961,1,1,1,1e-12,1.0879,0,1.14824e-11,2.00367e-12
Hessenberg basic,962,1,0,1,1e-12,0.427859,0,1.22782e-11,1.73299e-12
Hessenberg basic,962,1,1,1,1e-12,0.960157,0,1.13687e-11,1.84985e-12
Hessenberg basic,963,1,0,1,1e-12,0.396717,0,1.39835e-11,1.79441e-12
Hessenberg basic,963,1,1,1,1e-12,1.02897,0,1.11413e-11,1.91342e-12
Hessenberg basic,964,1,0,1,1e-12,0.294615,0,1.15961e-11,1.84355e-12
Hessenberg basic,964,1,1,1,1e-12,1.31672,0,1.31877e-11,1.77557e-12
Hessenberg basic,965,1,0,1,1e-12,0.485213,0,1.10276e-11,1.76106e-12
Hessenberg basic,965,1,1,1,1e-12,1.39398,0,1.27329e-11,1.85643e-12
Hessenberg basic,966,1,0,1,1e-12,0.613924,0,1.25056e-11,1.84609e-12
Hessenberg basic,966,1,1,1,1e-12,1.39004,0,1.11413e-11,1.90397e-12
Hessenberg basic,967,1,0,1,1e-12,0.290967,0,1.26192e-11,1.7943e-12
Hessenberg basic,967,1,1,1,1e-12,0.898062,0,1.23919e-11,1.86797e-12
Hessenberg basic,968,1,0,1,1e-12,0.309012,0,1.13687e-11,1.71345e-12
Hessenberg basic,968,1,1,1,1e-12,0.863391,0,1.3074e-11,1.88105e-12
Hessenberg basic,969,1,0,1,1e-12,0.323822,0,1.29603e-11,1.56519e-12
Hessenberg basic,969,1,1,1,1e-12,1.20903,0,1.46656e-11,1.78034e-12
Hessenberg basic,970,1,0,1,1e-12,0.655912,0,1.3074e-11,1.76964e-12
Hessenberg basic,970,1,1,1,1e-12,0.856027,0,1.53477e-11,1.9173e-12
Hessenberg basic,971,1,0,1,1e-12,0.648883,0,1.1255e-11,1.72683e-12
Hessenberg basic,971,1,1,1,1e-12,1.0373,0,1.50067e-11,1.87858e-12
Hessenberg basic,972,1,0,1,1e-12,0.516457,0,1.04023e-11,1.69229e-12
Hessenberg basic,972,1,1,1,1e-12,0.924299,0,1.19371e-11,1.72147e-12
Hessenberg basic,973,1,0,1,1e-12,0.554678,0,1.20508e-11,1.81274e-12
Hessenberg basic,973,1,1,1,1e-12,1.03187,0,1.22782e-11,1.81857e-12
Hessenberg basic,974,1,0,1,1e-12,0.330075,0,1.11413e-11,1.67027e-12
Hessenberg basic,974,1,1,1,1e-12,1.27059,0,1.56888e-11,1.94885e-12
Hessenberg basic,975,1,0,1,1e-12,0.382275,0,1.19371e-11,1.67094e-12
Hessenberg basic,975,1,1,1,1e-12,1.35186,0,1.23919e-11,1.89131e-12
Hessenberg basic,976,1,0,1,1e-12,0.428649,0,1.09139e-11,1.81888e-12
Hessenberg basic,976,1,1,1,1e-12,1.19086,0,1.36424e-11,1.88705e-12
Hessenberg basic,977,1,0,1,1e-12,0.663639,0,1.14824e-11,1.56702e-12
Hessenberg basic,977,1,1,1,1e-12,1.3857,0,1.6712e-11,1.79245e-12
Hessenberg basic,978,1,0,1,1e-12,0.47079,0,1.13687e-11,1.63949e-12
Hessenberg basic,978,1,1,1,1e-12,1.11845,0,1.4893e-11,1.9167e-12
Hessenberg basic,979,1,0,1,1e-12,0.606433,0,1.75078e-11,1.7588e-12
Hessenberg basic,979,1,1,1,1e-12,1.40601,0,1.26192e-11,1.66871e-12
Hessenberg basic,980,1,0,1,1e-12,0.292874,0,1.46656e-11,1.73549e-12
Hessenberg basic,980,1,1,1,1e-12,1.05026,0,1.47793e-11,1.83881e-12
Hessenberg basic,981,1,0,1,1e-12,0.310303,0,1.23919e-11,1.73939e-12
Hessenberg basic,981,1,1,1,1e-12,1.1355,0,1.94404e-11,1.8551e-12
Hessenberg basic,982,1,0,1,1e-12,0.306247,0,1.31877e-11,1.62999e-12
Hessenberg basic,982,1,1,1,1e-12,0.92883,0,1.81899e-11,1.77772e-12
Hessenberg basic,983,1,0,1,1e-12,0.350722,0,1.76215e-11,1.75444e-12
Hessenberg basic,983,1,1,1,1e-12,1.193,0,1.21645e-11,1.67548e-12
Hessenberg basic,984,1,0,1,1e-12,0.350181,0,1.15961e-11,1.75962e-12
Hessenberg basic,984,1,1,1,1e-12,1.02737,0,1.29603e-11,1.94013e-12
Hessenberg basic,985,1,0,1,1e-12,0.506062,0,1.13687e-11,1.64001e-12
Hessenberg basic,985,1,1,1,1e-12,1.38058,0,1.36424e-11,1.73863e-12
Hessenberg basic,986,1,0,1,1e-12,0.649813,0,1.27329e-11,1.76322e-12
Hessenberg basic,986,1,1,1,1e-12,0.918262,0,1.1255e-11,1.89309e-12
Hessenberg basic,987,1,0,1,1e-12,0.658454,0,1.27329e-11,1.78497e-12
Hessenberg basic,987,1,1,1,1e-12,0.964397,0,1.29603e-11,1.86588e-12
Hessenberg basic,988,1,0,1,1e-12,0.66807,0,9.20863e-12,1.51126e-12
Hessenberg basic,988,1,1,1,1e-12,0.933802,0,1.09139e-11,1.74911e-12
Hessenberg basic,989,1,0,1,1e-12,0.359984,0,1.31877e-11,1.78935e-12
Hessenberg basic,989,1,1,1,1e-12,1.28159,0,1.01181e-11,1.75914e-12
Hessenberg basic,990,1,0,1,1e-12,0.40878,0,1.08002e-11,1.70647e-12
Hessenberg basic,990,1,1,1,1e-12,1.57106,0,1.46656e-11,1.81144e-12
Hessenberg basic,991,1,0,1,1e-12,0.434856,0,1.14824e-11,1.78623e-12
Hessenberg basic,991,1,1,1,1e-12,1.32629,0,9.77707e-12,1.81701e-12
Hessenberg basic,992,1,0,1,1e-12,0.579439,0,1.06866e-11,1.66072e-12
Hessenberg basic,992,1,1,1,1e-12,1.25597,0,1.18234e-11,1.76267e-12
Hessenberg basic,993,1,0,1,1e-12,0.395624,0,1.3074e-11,1.75192e-12
Hessenberg basic,993,1,1,1,1e-12,1.25201,0,1.39835e-11,1.73498e-12
Hessenberg basic,994,1,0,1,1e-12,0.338027,0,1.60298e-11,1.71865e-12
Hessenberg basic,994,1,1,1,1e-12,1.05501,0,1.55751e-11,1.79621e-12
Hessenberg basic,995,1,0,1,1e-12,0.379638,0,1.27329e-11,1.71579e-12
Hessenberg basic,995,1,1,1,1e-12,1.25077,0,1.28466e-11,1.85031e-12
Hessenberg basic,996,1,0,1,1e-12,0.701976,0,1.03455e-11,1.64198e-12
Hessenberg basic,996,1,1,1,1e-12,1.04455,0,1.68257e-11,1.76746e-12
Hessenberg basic,997,1,0,1,1e-12,0.683254,0,1.50067e-11,1.76702e-12
Hessenberg basic,997,1,1,1,1e-12,1.00177,0,1.13687e-11,1.92658e-12
Hessenberg basic,998,1,0,1,1e-12,0.597076,0,1.39835e-11,1.56925e-12
Hessenberg basic,998,1,1,1,1e-12,1.0098,0,1.02318e-11,1.75909e-12
Hessenberg basic,999,1,0,1,1e-12,0.476304,0,1.08002e-11,1.63021e-12
Hessenberg basic,999,1,1,1,1e-12,1.26101,0,1.29603e-11,1.86782e-12
Hessenberg basic,1000,1,0,1,1e-12,0.600053,0,1.19371e-11,1.68394e-12
Hessenberg basic,1000,1,1,1,1e-12,1.39425,0,1.37561e-11,1.84748e-12
