version, size, hermitian, complex, seed, tol, runtime in s,min_error, max_error, avg_error
Hessenberg basic,900,1,0,6,1e-12,0.334714,0,1.4893e-11,1.74522e-12
Hessenberg basic,900,1,1,6,1e-12,1.23305,0,1.10276e-11,1.86543e-12
Hessenberg basic,901,1,0,6,1e-12,0.249439,0,1.1255e-11,1.74897e-12
Hessenberg basic,901,1,1,6,1e-12,0.949022,0,1.42109e-11,1.91593e-12
Hessenberg basic,902,1,0,6,1e-12,0.445396,0,1.02318e-11,1.84593e-12
Hessenberg basic,902,1,1,6,1e-12,0.683486,0,1.40972e-11,1.89527e-12
Hessenberg basic,903,1,0,6,1e-12,0.321578,0,1.05729e-11,1.72701e-12
Hessenberg basic,903,1,1,6,1e-12,1.01943,0,1.39835e-11,1.84612e-12
Hessenberg basic,904,1,0,6,1e-12,0.384577,0,1.09139e-11,1.69353e-12
Hessenberg basic,904,1,1,6,1e-12,0.710928,0,1.3074e-11,1.83061e-12
Hessenberg basic,905,1,0,6,1e-12,0.318758,0,1.7053e-11,1.67438e-12
Hessenberg basic,905,1,1,6,1e-12,1.0489,0,1.62572e-11,1.98655e-12
Hessenberg basic,906,1,0,6,1e-12,0.548579,0,1.27329e-11,1.72102e-12
Hessenberg basic,906,1,1,6,1e-12,0.720284,0,1.61435e-11,1.76844e-12
Hessenberg basic,907,1,0,6,1e-12,0.412144,0,1.4893e-11,1.85693e-12
Hessenberg basic,907,1,1,6,1e-12,1.03939,0,1.14824e-11,1.81024e-12
Hessenberg basic,908,1,0,6,1e-12,0.397705,0,1.40972e-11,1.66833e-12
Hessenberg basic,908,1,1,6,1e-12,0.73946,0,1.43245e-11,1.76343e-12
Hessenberg basic,909,1,0,6,1e-12,0.472105,0,1.7053e-11,1.79675e-12
Hessenberg basic,909,1,1,6,1e-12,1.07989,0,1.5234e-11,1.85402e-12
Hessenberg basic,910,1,0,6,1e-12,0.614326,0,1.25056e-11,1.75311e-12
Hessenberg basic,910,1,1,6,1e-12,0.725927,0,1.40972e-11,1.74215e-12
Hessenberg basic,911,1,0,6,1e-12,0.412667,0,2.17142e-11,1.81025e-12
Hessenberg basic,911,1,1,6,1e-12,1.05036,0,1.27329e-11,1.83356e-12
Hessenberg basic,912,1,0,6,1e-12,0.425701,0,1.14824e-11,1.75608e-12
Hessenberg basic,912,1,1,6,1e-12,0.741642,0,1.83036e-11,1.87516e-12
Hessenberg basic,913,1,0,6,1e-12,0.425179,0,1.18234e-11,1.63587e-12
Hessenberg basic,913,1,1,6,1e-12,1.06025,0,1.39835e-11,1.8587e-12
Hessenberg basic,914,1,0,6,1e-12,0.576267,0,1.3415e-11,1.75382e-12
Hessenberg basic,914,1,1,6,1e-12,0.72345,0,1.25056e-11,1.83943e-12
Hessenberg basic,915,1,0,6,1e-12,0.260281,0,1.21645e-11,1.72721e-12
Hessenberg basic,915,1,1,6,1e-12,1.11047,0,1.25056e-11,1.92796e-12
Hessenberg basic,916,1,0,6,1e-12,0.371143,0,1.06866e-11,1.71043e-12
Hessenberg basic,916,1,1,6,1e-12,0.756776,0,1.39835e-11,1.78572e-12
Hessenberg basic,917,1,0,6,1e-12,0.268944,0,1.22782e-11,1.7463e-12
Hessenberg basic,917,1,1,6,1e-12,0.874392,0,1.4893e-11,1.75067e-12
Hessenberg basic,918,1,0,6,1e-12,0.466592,0,1.13687e-11,1.69629e-12
Hessenberg basic,918,1,1,6,1e-12,0.748518,0,1.31877e-11,1.86364e-12
Hessenberg basic,919,1,0,6,1e-12,0.279792,0,1.36424e-11,1.85516e-12
Hessenberg basic,919,1,1,6,1e-12,1.19664,0,1.39835e-11,1.73626e-12
Hessenberg basic,920,1,0,6,1e-12,0.271023,0,1.3415e-11,1.72175e-12
Hessenberg basic,920,1,1,6,1e-12,0.952094,0,1.20508e-11,1.97967e-12
Hessenberg basic,921,1,0,6,1e-12,0.44297,0,1.15961e-11,1.65355e-12
Hessenberg basic,921,1,1,6,1e-12,1.00992,0,1.43245e-11,1.92907e-12
Hessenberg basic,922,1,0,6,1e-12,0.646855,0,1.01181e-11,1.65129e-12
Hessenberg basic,922,1,1,6,1e-12,1.05782,0,1.26192e-11,1.90995e-12
Hessenberg basic,923,1,0,6,1e-12,0.36504,0,9.43601e-12,1.60503e-12
Hessenberg basic,923,1,1,6,1e-12,1.39554,0,1.1255e-11,1.79532e-12
Hessenberg basic,924,1,0,6,1e-12,0.250446,0,1.58025e-11,1.77214e-12
Hessenberg basic,924,1,1,6,1e-12,0.860907,0,1.05729e-11,1.89021e-12
Hessenberg basic,925,1,0,6,1e-12,0.280331,0,9.89075e-12,1.67709e-12
Hessenberg basic,925,1,1,6,1e-12,1.16353,0,1.20508e-11,1.93511e-12
Hessenberg basic,926,1,0,6,1e-12,0.40919,0,1.17097e-11,1.93998e-12
Hessenberg basic,926,1,1,6,1e-12,0.822927,0,1.23919e-11,1.76722e-12
Hessenberg basic,927,1,0,6,1e-12,0.280795,0,1.04592e-11,1.73971e-12
Hessenberg basic,927,1,1,6,1e-12,1.05923,0,1.75078e-11,1.95283e-12
Hessenberg basic,928,1,0,6,1e-12,0.454778,0,1.55751e-11,1.81282e-12
Hessenberg basic,928,1,1,6,1e-12,1.06313,0,1.47793e-11,1.71465e-12
Hessenberg basic,929,1,0,6,1e-12,0.254723,0,1.08002e-11,1.77e-12
Hessenberg basic,929,1,1,6,1e-12,0.820044,0,1.28466e-11,1.9555e-12
Hessenberg basic,930,1,0,6,1e-12,0.441241,0,1.3074e-11,1.76503e-12
Hessenberg basic,930,1,1,6,1e-12,0.783445,0,1.35287e-11,1.85155e-12
Hessenberg basic,931,1,0,6,1e-12,0.262639,0,1.42109e-11,1.79992e-12
Hessenberg basic,931,1,1,6,1e-12,0.823977,0,1.09139e-11,1.80007e-12
Hessenberg basic,932,1,0,6,1e-12,0.388154,0,1.19371e-11,1.78582e-12
Hessenberg basic,932,1,1,6,1e-12,1.18963,0,1.06866e-11,1.83938e-12
Hessenberg basic,933,1,0,6,1e-12,0.267102,0,1.90994e-11,1.77719e-12
Hessenberg basic,933,1,1,6,1e-12,0.805692,0,1.39835e-11,1.76906e-12
Hessenberg basic,934,1,0,6,1e-12,0.482105,0,1.25056e-11,1.74519e-12
Hessenberg basic,934,1,1,6,1e-12,0.917472,0,1.14824e-11,1.78588e-12
Hessenberg basic,935,1,0,6,1e-12,0.320402,0,1.10276e-11,1.64184e-12
Hessenberg basic,935,1,1,6,1e-12,1.23741,0,1.50067e-11,1.79785e-12
Hessenberg basic,936,1,0,6,1e-12,0.546468,0,1.17097e-11,1.76475e-12
Hessenberg basic,936,1,1,6,1e-12,1.13759,0,1.49498e-11,1.95381e-12
Hessenberg basic,937,1,0,6,1e-12,0.301295,0,1.28466e-11,1.8522e-12
Hessenberg basic,937,1,1,6,1e-12,1.166,0,1.25056e-11,1.78703e-12
Hessenberg basic,938,1,0,6,1e-12,0.532942,0,1.23919e-11,1.79305e-12
Hessenberg basic,938,1,1,6,1e-12,0.780272,0,1.27329e-11,1.82455e-12
Hessenberg basic,939,1,0,6,1e-12,0.461886,0,1.53477e-11,1.65974e-12
Hessenberg basic,939,1,1,6,1e-12,1.15172,0,9.89075e-12,1.85554e-12
Hessenberg basic,940,1,0,6,1e-12,0.697734,0,1.35287e-11,1.78003e-12
Hessenberg basic,940,1,1,6,1e-12,0.819751,0,1.22782e-11,1.79105e-12
Hessenberg basic,941,1,0,6,1e-12,0.461461,0,1.20508e-11,1.80963e-12
Hessenberg basic,941,1,1,6,1e-12,0.816283,0,1.29603e-11,1.79145e-12
Hessenberg basic,942,1,0,6,1e-12,0.471709,0,1.19371e-11,1.89575e-12
Hessenberg basic,942,1,1,6,1e-12,0.78828,0,1.13687e-11,1.78301e-12
Hessenberg basic,943,1,0,6,1e-12,0.570956,0,1.22782e-11,1.78516e-12
Hessenberg basic,943,1,1,6,1e-12,0.815197,0,1.55751e-11,2.07153e-12
Hessenberg basic,944,1,0,6,1e-12,0.373785,0,1.44382e-11,1.82092e-12
Hessenberg basic,944,1,1,6,1e-12,1.2493,0,1.42109e-11,1.8771e-12
Hessenberg basic,945,1,0,6,1e-12,0.293137,0,1.15961e-11,1.75717e-12
Hessenberg basic,945,1,1,6,1e-12,0.844895,0,1.13687e-11,1.97055e-12
Hessenberg basic,946,1,0,6,1e-12,0.525553,0,1.3415e-11,1.82157e-12
Hessenberg basic,946,1,1,6,1e-12,0.928101,0,2.36469e-11,1.9048e-12
Hessenberg basic,947,1,0,6,1e-12,0.336955,0,1.27329e-11,1.83071e-12
Hessenberg basic,947,1,1,6,1e-12,1.21387,0,1.3074e-11,1.92316e-12
Hessenberg basic,948,1,0,6,1e-12,0.651339,0,1.3074e-11,1.82096e-12
Hessenberg basic,948,1,1,6,1e-12,1.36409,0,1.35287e-11,1.93963e-12
Hessenberg basic,949,1,0,6,1e-12,0.441505,0,1.37561e-11,1.83759e-12
Hessenberg basic,949,1,1,6,1e-12,1.16109,0,1.3415e-11,1.81904e-12
Hessenberg basic,950,1,0,6,1e-12,0.567054,0,1.18234e-11,1.84528e-12
Hessenberg basic,950,1,1,6,1e-12,1.05741,0,1.42109e-11,2.01424e-12
Hessenberg basic,951,1,0,6,1e-12,0.665286,0,1.1255e-11,1.90252e-12
Hessenberg basic,951,1,1,6,1e-12,1.22501,0,1.28466e-11,1.91149e-12
Hessenberg basic,952,1,0,6,1e-12,0.522076,0,1.26192e-11,1.80747e-12
Hessenberg basic,952,1,1,6,1e-12,1.49528,0,1.38698e-11,2.00272e-12
Hessenberg basic,953,1,0,6,1e-12,0.367008,0,1.86446e-11,1.83412e-12
Hessenberg basic,953,1,1,6,1e-12,1.1126,0,1.73941e-11,1.87633e-12
Hessenberg basic,954,1,0,6,1e-12,0.297247,0,1.23919e-11,1.919e-12
Hessenberg basic,954,1,1,6,1e-12,1.15716,0,1.3415e-11,1.95429e-12
Hessenberg basic,955,1,0,6,1e-12,0.58098,0,1.3415e-11,1.94061e-12
Hessenberg basic,955,1,1,6,1e-12,1.09229,0,1.98952e-11,1.98395e-12
Hessenberg basic,956,1,0,6,1e-12,0.651488,0,1.50067e-11,1.9068e-12
Hessenberg basic,956,1,1,6,1e-12,1.13197,0,1.20508e-11,2.00706e-12
Hessenberg basic,957,1,0,6,1e-12,0.420588,0,1.50067e-11,1.91434e-12
Hessenberg basic,957,1,1,6,1e-12,1.55451,0,1.58025e-11,2.03211e-12
Hessenberg basic,958,1,0,6,1e-12,0.286714,0,1.03455e-11,1.70977e-12
Hessenberg basic,958,1,1,6,1e-12,1.02452,0,1.26192e-11,1.8601e-12
Hessenberg basic,959,1,0,6,1e-12,0.316453,0,1.29603e-11,1.81763e-12
Hessenberg basic,959,1,1,6,1e-12,1.43506,0,1.29603e-11,1.86596e-12
Hessenberg basic,960,1,0,6,1e-12,0.61845,0,1.21645e-11,1.89131e-12
Hessenberg basic,960,1,1,6,1e-12,1.08447,0,1.76215e-11,2.07393e-12
Hessenberg basic,961,1,0,6,1e-12,0.580445,0,1.3415e-11,1.94393e-12
Hessenberg basic,961,1,1,6,1e-12,1.19297,0,1.50067e-11,2.06049e-12
Hessenberg basic,962,1,0,6,1e-12,0.541902,0,1.36424e-11,1.87506e-12
Hessenberg basic,962,1,1,6,1e-12,1.60655,0,2.14868e-11,2.13813e-12
Hessenberg basic,963,1,0,6,1e-12,0.341516,0,1.08002e-11,1.83379e-12
Hessenberg basic,963,1,1,6,1e-12,1.15401,0,1.35287e-11,1.96391e-12
Hessenberg basic,964,1,0,6,1e-12,0.331964,0,1.45519e-11,1.8454e-12
Hessenberg basic,964,1,1,6,1e-12,1.38157,0,1.43245e-11,1.99472e-12
Hessenberg basic,965,1,0,6,1e-12,0.676616,0,1.37561e-11,1.8861e-12
Hessenberg basic,965,1,1,6,1e-12,1.13131,0,1.31877e-11,1.93384e-12
Hessenberg basic,966,1,0,6,1e-12,0.710599,0,1.29603e-11,1.74697e-12
Hessenberg basic,966,1,1,6,1e-12,1.20829,0,1.45519e-11,1.83186e-12
Hessenberg basic,967,1,0,6,1e-12,0.500782,0,1.47793e-11,1.61754e-12
Hessenberg basic,967,1,1,6,1e-12,1.6322,0,1.18234e-11,1.65398e-12
Hessenberg basic,968,1,0,6,1e-12,0.291812,0,1.21645e-11,1.73852e-12
Hessenberg basic,968,1,1,6,1e-12,1.00516,0,1.5234e-11,1.82636e-12
Hessenberg basic,969,1,0,6,1e-12,0.324578,0,1.08002e-11,1.64167e-12
Hessenberg basic,969,1,1,6,1e-12,1.15419,0,1.28466e-11,1.88072e-12
Hessenberg basic,970,1,0,6,1e-12,0.504514,0,1.38698e-11,1.82246e-12
Hessenberg basic,970,1,1,6,1e-12,0.956335,0,1.58025e-11,2.0288e-12
Hessenberg basic,971,1,0,6,1e-12,0.573414,0,1.15961e-11,1.71072e-12
Hessenberg basic,971,1,1,6,1e-12,1.12335,0,1.4893e-11,1.99281e-12
Hessenberg basic,972,1,0,6,1e-12,0.32583,0,1.28466e-11,1.82135e-12
Hessenberg basic,972,1,1,6,1e-12,1.5425,0,1.80762e-11,1.8781e-12
Hessenberg basic,973,1,0,6,1e-12,0.300735,0,1.11413e-11,1.79578e-12
Hessenberg basic,973,1,1,6,1e-12,0.976102,0,1.3415e-11,1.87528e-12
Hessenberg basic,974,1,0,6,1e-12,0.330132,0,1.4154e-11,1.91618e-12
Hessenberg basic,974,1,1,6,1e-12,1.18042,0,1.42109e-11,1.84964e-12
Hessenberg basic,975,1,0,6,1e-12,0.51949,0,1.38698e-11,1.7593e-12
Hessenberg basic,975,1,1,6,1e-12,0.9525,0,1.65983e-11,1.86227e-12
Hessenberg basic,976,1,0,6,1e-12,0.509606,0,1.40972e-11,1.99618e-12
Hessenberg basic,976,1,1,6,1e-12,0.935649,0,1.95541e-11,2.25097e-12
Hessenberg basic,977,1,0,6,1e-12,0.341972,0,1.29603e-11,1.72328e-12
Hessenberg basic,977,1,1,6,1e-12,1.53776,0,1.28466e-11,1.94869e-12
Hessenberg basic,978,1,0,6,1e-12,0.308142,0,1.18234e-11,1.8796e-12
Hessenberg basic,978,1,1,6,1e-12,0.934845,0,1.05729e-11,1.87445e-12
Hessenberg basic,979,1,0,6,1e-12,0.337886,0,1.44382e-11,1.84288e-12
Hessenberg basic,979,1,1,6,1e-12,1.28856,0,1.37561e-11,1.84853e-12
Hessenberg basic,980,1,0,6,1e-12,0.537527,0,1.37561e-11,1.96628e-12
Hessenberg basic,980,1,1,6,1e-12,0.912024,0,1.29035e-11,2.02564e-12
Hessenberg basic,981,1,0,6,1e-12,0.316669,0,1.43245e-11,1.78246e-12
Hessenberg basic,981,1,1,6,1e-12,0.955803,0,1.40972e-11,1.87485e-12
Hessenberg basic,982,1,0,6,1e-12,0.357897,0,1.13687e-11,1.82165e-12
Hessenberg basic,982,1,1,6,1e-12,1.36873,0,1.26192e-11,1.86845e-12
Hessenberg basic,983,1,0,6,1e-12,0.304315,0,1.11413e-11,1.80732e-12
Hessenberg basic,983,1,1,6,1e-12,0.890744,0,1.86446e-11,1.78177e-12
Hessenberg basic,984,1,0,6,1e-12,0.369259,0,1.21645e-11,1.75041e-12
Hessenberg basic,984,1,1,6,1e-12,1.01752,0,1.44382e-11,1.93484e-12
Hessenberg basic,985,1,0,6,1e-12,0.559107,0,1.21645e-11,1.78554e-12
Hessenberg basic,985,1,1,6,1e-12,1.3468,0,1.40972e-11,1.85615e-12
Hessenberg basic,986,1,0,6,1e-12,0.392248,0,1.27329e-11,1.76819e-12
Hessenberg basic,986,1,1,6,1e-12,0.942527,0,1.36424e-11,1.89718e-12
Hessenberg basic,987,1,0,6,1e-12,0.342295,0,1.26192e-11,1.66756e-12
Hessenberg basic,987,1,1,6,1e-12,1.21485,0,1.79625e-11,2.03293e-12
Hessenberg basic,988,1,0,6,1e-12,0.622336,0,1.35287e-11,1.87506e-12
Hessenberg basic,988,1,1,6,1e-12,1.11843,0,1.4893e-11,1.96227e-12
Hessenberg basic,989,1,0,6,1e-12,0.466478,0,1.31877e-11,1.72025e-12
Hessenberg basic,989,1,1,6,1e-12,1.09646,0,1.35287e-11,1.83518e-12
Hessenberg basic,990,1,0,6,1e-12,0.622278,0,1.54614e-11,1.76448e-12
Hessenberg basic,990,1,1,6,1e-12,1.07469,0,1.37561e-11,1.90448e-12
Hessenberg basic,991,1,0,6,1e-12,0.703578,0,1.45519e-11,1.91617e-12
Hessenberg basic,991,1,1,6,1e-12,0.963855,0,1.23919e-11,1.91651e-12
Hessenberg basic,992,1,0,6,1e-12,0.558601,0,1.01181e-11,1.76139e-12
Hessenberg basic,992,1,1,6,1e-12,0.971298,0,1.11413e-11,2.00412e-12
Hessenberg basic,993,1,0,6,1e-12,0.515884,0,1.44382e-11,1.85036e-12
Hessenberg basic,993,1,1,6,1e-12,1.24361,0,1.27329e-11,1.82462e-12
Hessenberg basic,994,1,0,6,1e-12,0.356045,0,1.21645e-11,1.6847e-12
Hessenberg basic,994,1,1,6,1e-12,0.950318,0,1.10276e-11,1.96553e-12
Hessenberg basic,995,1,0,6,1e-12,0.451133,0,1.19371e-11,1.75315e-12
Hessenberg basic,995,1,1,6,1e-12,1.10393,0,1.42109e-11,1.97353e-12
Hessenberg basic,996,1,0,6,1e-12,0.634863,0,1.15961e-11,1.84711e-12
Hessenberg basic,996,1,1,6,1e-12,1.19926,0,1.22782e-11,1.88048e-12
Hessenberg basic,997,1,0,6,1e-12,0.368076,0,1.39835e-11,1.7857e-12
Hessenberg basic,997,1,1,6,1e-12,0.962997,0,1.5234e-11,1.92569e-12
Hessenberg basic,998,1,0,6,1e-12,0.533784,0,1.15961e-11,1.76941e-12
Hessenberg basic,998,1,1,6,1e-12,0.978355,0,1.21645e-11,1.98474e-12
Hessenberg basic,999,1,0,6,1e-12,0.474916,0,1.23919e-11,1.85964e-12
Hessenberg basic,999,1,1,6,1e-12,1.26995,0,1.65983e-11,1.9024e-12
Hessenberg basic,1000,1,0,6,1e-12,0.663488,0,1.10276e-11,1.77823e-12
Hessenberg basic,1000,1,1,6,1e-12,1.14773,0,1.31877e-11,1.79415e-12
