version, size, hermitian, complex, seed, tol, runtime in s,min_error, max_error, avg_error
Hessenberg basic,900,1,0,7,1e-12,0.281714,0,1.26192e-11,1.79145e-12
Hessenberg basic,900,1,1,7,1e-12,0.839981,0,1.35287e-11,1.76946e-12
Hessenberg basic,901,1,0,7,1e-12,0.40303,0,9.20863e-12,1.70117e-12
Hessenberg basic,901,1,1,7,1e-12,0.725019,0,9.43601e-12,1.7538e-12
Hessenberg basic,902,1,0,7,1e-12,0.394416,0,1.06866e-11,1.76505e-12
Hessenberg basic,902,1,1,7,1e-12,0.731108,0,1.60298e-11,1.85657e-12
Hessenberg basic,903,1,0,7,1e-12,0.239934,0,9.43601e-12,1.72388e-12
Hessenberg basic,903,1,1,7,1e-12,1.1621,0,1.00044e-11,1.71759e-12
Hessenberg basic,904,1,0,7,1e-12,0.249023,0,1.37561e-11,1.7966e-12
Hessenberg basic,904,1,1,7,1e-12,0.764819,0,1.43245e-11,1.70719e-12
Hessenberg basic,905,1,0,7,1e-12,0.273877,0,1.21645e-11,1.75969e-12
Hessenberg basic,905,1,1,7,1e-12,0.739996,0,1.01181e-11,1.92394e-12
Hessenberg basic,906,1,0,7,1e-12,0.446947,0,1.31877e-11,1.73871e-12
Hessenberg basic,906,1,1,7,1e-12,0.728939,0,1.27329e-11,1.82169e-12
Hessenberg basic,907,1,0,7,1e-12,0.494988,0,1.14824e-11,1.70393e-12
Hessenberg basic,907,1,1,7,1e-12,0.94329,0,1.47793e-11,1.94107e-12
Hessenberg basic,908,1,0,7,1e-12,0.236781,0,2.02363e-11,1.74031e-12
Hessenberg basic,908,1,1,7,1e-12,1.09735,0,1.36424e-11,1.93985e-12
Hessenberg basic,909,1,0,7,1e-12,0.614127,0,1.76215e-11,1.7435e-12
Hessenberg basic,909,1,1,7,1e-12,0.972132,0,1.90994e-11,1.92305e-12
Hessenberg basic,910,1,0,7,1e-12,0.367904,0,1.27329e-11,1.83304e-12
Hessenberg basic,910,1,1,7,1e-12,0.864752,0,1.13687e-11,2.03217e-12
Hessenberg basic,911,1,0,7,1e-12,0.252856,0,1.37561e-11,1.70223e-12
Hessenberg basic,911,1,1,7,1e-12,0.960996,0,1.28466e-11,1.89028e-12
Hessenberg basic,912,1,0,7,1e-12,0.270329,0,1.3415e-11,1.77886e-12
Hessenberg basic,912,1,1,7,1e-12,0.835474,0,1.58025e-11,1.89263e-12
Hessenberg basic,913,1,0,7,1e-12,0.541342,0,1.23919e-11,1.81799e-12
Hessenberg basic,913,1,1,7,1e-12,0.736998,0,1.47793e-11,1.94024e-12
Hessenberg basic,914,1,0,7,1e-12,0.318345,0,1.8531e-11,1.73253e-12
Hessenberg basic,914,1,1,7,1e-12,0.942565,0,1.3415e-11,1.92918e-12
Hessenberg basic,915,1,0,7,1e-12,0.261547,0,1.35287e-11,1.87997e-12
Hessenberg basic,915,1,1,7,1e-12,1.02646,0,1.21645e-11,1.8934e-12
Hessenberg basic,916,1,0,7,1e-12,0.46289,0,1.06866e-11,1.75065e-12
Hessenberg basic,916,1,1,7,1e-12,1.11702,0,1.45519e-11,1.967e-12
Hessenberg basic,917,1,0,7,1e-12,0.403761,0,1.79625e-11,1.77484e-12
Hessenberg basic,917,1,1,7,1e-12,0.765887,0,1.38698e-11,2.05372e-12
Hessenberg basic,918,1,0,7,1e-12,0.255743,0,1.61435e-11,1.85681e-12
Hessenberg basic,918,1,1,7,1e-12,1.31442,0,1.47793e-11,1.95165e-12
Hessenberg basic,919,1,0,7,1e-12,0.435708,0,1.15961e-11,1.86968e-12
Hessenberg basic,919,1,1,7,1e-12,0.746943,0,1.65983e-11,1.94851e-12
Hessenberg basic,920,1,0,7,1e-12,0.291299,0,1.50067e-11,1.66559e-12
Hessenberg basic,920,1,1,7,1e-12,0.763182,0,1.3415e-11,1.96495e-12
Hessenberg basic,921,1,0,7,1e-12,0.514845,0,1.44382e-11,1.80865e-12
Hessenberg basic,921,1,1,7,1e-12,1.08354,0,1.23919e-11,2.0736e-12
Hessenberg basic,922,1,0,7,1e-12,0.31518,0,1.37561e-11,1.93063e-12
Hessenberg basic,922,1,1,7,1e-12,0.966684,0,1.22782e-11,1.99938e-12
Hessenberg basic,923,1,0,7,1e-12,0.260138,0,1.17097e-11,1.85691e-12
Hessenberg basic,923,1,1,7,1e-12,0.784123,0,1.18234e-11,2.00304e-12
Hessenberg basic,924,1,0,7,1e-12,0.293736,0,1.90994e-11,1.95941e-12
Hessenberg basic,924,1,1,7,1e-12,0.858413,0,1.65983e-11,1.86113e-12
Hessenberg basic,925,1,0,7,1e-12,0.621297,0,1.36424e-11,1.82984e-12
Hessenberg basic,925,1,1,7,1e-12,0.772905,0,1.58025e-11,2.02047e-12
Hessenberg basic,926,1,0,7,1e-12,0.286266,0,1.27329e-11,1.9661e-12
Hessenberg basic,926,1,1,7,1e-12,1.30996,0,1.56888e-11,2.10236e-12
Hessenberg basic,927,1,0,7,1e-12,0.408484,0,1.38698e-11,1.85133e-12
Hessenberg basic,927,1,1,7,1e-12,1.07204,0,1.46656e-11,1.9637e-12
Hessenberg basic,928,1,0,7,1e-12,0.27345,0,1.45519e-11,1.78768e-12
Hessenberg basic,928,1,1,7,1e-12,1.04567,0,1.26192e-11,1.94219e-12
Hessenberg basic,929,1,0,7,1e-12,0.297189,0,1.46656e-11,1.70047e-12
Hessenberg basic,929,1,1,7,1e-12,0.911576,0,1.23919e-11,1.89553e-12
Hessenberg basic,930,1,0,7,1e-12,0.374106,0,1.02318e-11,1.76631e-12
Hessenberg basic,930,1,1,7,1e-12,0.784066,0,1.23919e-11,2.03494e-12
Hessenberg basic,931,1,0,7,1e-12,0.540237,0,1.61435e-11,1.80785e-12
Hessenberg basic,931,1,1,7,1e-12,0.825552,0,1.51203e-11,2.11166e-12
Hessenberg basic,932,1,0,7,1e-12,0.291599,0,1.78488e-11,1.85578e-12
Hessenberg basic,932,1,1,7,1e-12,1.17916,0,1.15961e-11,1.78567e-12
Hessenberg basic,933,1,0,7,1e-12,0.651647,0,1.44382e-11,1.85509e-12
Hessenberg basic,933,1,1,7,1e-12,1.11015,0,1.68257e-11,1.91906e-12
Hessenberg basic,934,1,0,7,1e-12,0.307091,0,1.64846e-11,1.95075e-12
Hessenberg basic,934,1,1,7,1e-12,0.808423,0,1.40972e-11,1.87487e-12
Hessenberg basic,935,1,0,7,1e-12,0.433351,0,1.3074e-11,1.78926e-12
Hessenberg basic,935,1,1,7,1e-12,1.25315,0,1.61435e-11,1.96954e-12
Hessenberg basic,936,1,0,7,1e-12,0.409566,0,1.04592e-11,1.82628e-12
Hessenberg basic,936,1,1,7,1e-12,0.809429,0,1.44382e-11,1.92371e-12
Hessenberg basic,937,1,0,7,1e-12,0.460704,0,1.19371e-11,1.69634e-12
Hessenberg basic,937,1,1,7,1e-12,0.772681,0,1.35287e-11,1.84145e-12
Hessenberg basic,938,1,0,7,1e-12,0.284897,0,1.31877e-11,1.85367e-12
Hessenberg basic,938,1,1,7,1e-12,1.4279,0,1.45519e-11,2.0701e-12
Hessenberg basic,939,1,0,7,1e-12,0.414288,0,1.06866e-11,1.81085e-12
Hessenberg basic,939,1,1,7,1e-12,1.002,0,1.44382e-11,1.8336e-12
Hessenberg basic,940,1,0,7,1e-12,0.293397,0,1.27329e-11,1.77398e-12
Hessenberg basic,940,1,1,7,1e-12,0.969714,0,1.38698e-11,1.8739e-12
Hessenberg basic,941,1,0,7,1e-12,0.487928,0,1.1255e-11,1.70146e-12
Hessenberg basic,941,1,1,7,1e-12,0.879981,0,1.61435e-11,1.98011e-12
Hessenberg basic,942,1,0,7,1e-12,0.479414,0,1.3415e-11,1.90229e-12
Hessenberg basic,942,1,1,7,1e-12,0.794994,0,1.18234e-11,1.94523e-12
Hessenberg basic,943,1,0,7,1e-12,0.2739,0,1.96678e-11,1.78863e-12
Hessenberg basic,943,1,1,7,1e-12,0.791953,0,1.02318e-11,1.75761e-12
Hessenberg basic,944,1,0,7,1e-12,0.309562,0,1.31877e-11,1.81977e-12
Hessenberg basic,944,1,1,7,1e-12,1.19728,0,1.22782e-11,1.94375e-12
Hessenberg basic,945,1,0,7,1e-12,0.289285,0,1.13687e-11,1.7651e-12
Hessenberg basic,945,1,1,7,1e-12,0.821408,0,1.75078e-11,1.79927e-12
Hessenberg basic,946,1,0,7,1e-12,0.291488,0,1.08002e-11,1.78378e-12
Hessenberg basic,946,1,1,7,1e-12,0.813604,0,1.13687e-11,1.97493e-12
Hessenberg basic,947,1,0,7,1e-12,0.316513,0,1.02318e-11,1.79445e-12
Hessenberg basic,947,1,1,7,1e-12,0.811255,0,1.15961e-11,1.85625e-12
Hessenberg basic,948,1,0,7,1e-12,0.491251,0,1.44382e-11,1.81365e-12
Hessenberg basic,948,1,1,7,1e-12,0.815456,0,1.60298e-11,1.93628e-12
Hessenberg basic,949,1,0,7,1e-12,0.300391,0,1.10276e-11,1.75936e-12
Hessenberg basic,949,1,1,7,1e-12,1.1225,0,1.40972e-11,1.7637e-12
Hessenberg basic,950,1,0,7,1e-12,0.464556,0,9.89075e-12,1.8075e-12
Hessenberg basic,950,1,1,7,1e-12,1.24982,0,1.38698e-11,1.84882e-12
Hessenberg basic,951,1,0,7,1e-12,0.29671,0,9.43601e-12,1.68555e-12
Hessenberg basic,951,1,1,7,1e-12,0.858135,0,1.22782e-11,1.81189e-12
Hessenberg basic,952,1,0,7,1e-12,0.306965,0,1.33014e-11,1.74376e-12
Hessenberg basic,952,1,1,7,1e-12,0.925923,0,1.15961e-11,1.78315e-12
Hessenberg basic,953,1,0,7,1e-12,0.504955,0,1.28466e-11,1.75536e-12
Hessenberg basic,953,1,1,7,1e-12,0.842111,0,9.66338e-12,1.7897e-12
Hessenberg basic,954,1,0,7,1e-12,0.432252,0,1.10276e-11,1.71574e-12
Hessenberg basic,954,1,1,7,1e-12,0.851658,0,1.51203e-11,1.85562e-12
Hessenberg basic,955,1,0,7,1e-12,0.333078,0,1.04592e-11,1.77112e-12
Hessenberg basic,955,1,1,7,1e-12,1.25767,0,1.25056e-11,1.76756e-12
Hessenberg basic,956,1,0,7,1e-12,0.488939,0,1.21645e-11,1.67286e-12
Hessenberg basic,956,1,1,7,1e-12,1.16997,0,1.45519e-11,1.9562e-12
Hessenberg basic,957,1,0,7,1e-12,0.302797,0,1.83036e-11,1.80141e-12
Hessenberg basic,957,1,1,7,1e-12,0.885312,0,9.32232e-12,1.79135e-12
Hessenberg basic,958,1,0,7,1e-12,0.315952,0,9.89075e-12,1.77603e-12
Hessenberg basic,958,1,1,7,1e-12,1.07052,0,1.1255e-11,1.80811e-12
Hessenberg basic,959,1,0,7,1e-12,0.480442,0,1.23919e-11,1.72205e-12
Hessenberg basic,959,1,1,7,1e-12,0.85352,0,1.29603e-11,1.88123e-12
Hessenberg basic,960,1,0,7,1e-12,0.506434,0,1.15961e-11,1.74976e-12
Hessenberg basic,960,1,1,7,1e-12,0.914706,0,1.62572e-11,1.79005e-12
Hessenberg basic,961,1,0,7,1e-12,0.32507,0,9.32232e-12,1.63284e-12
Hessenberg basic,961,1,1,7,1e-12,1.28714,0,1.45519e-11,1.69795e-12
Hessenberg basic,962,1,0,7,1e-12,0.63388,0,1.15961e-11,1.70839e-12
Hessenberg basic,962,1,1,7,1e-12,1.21853,0,1.46656e-11,1.78975e-12
Hessenberg basic,963,1,0,7,1e-12,0.321335,0,1.22782e-11,1.84167e-12
Hessenberg basic,963,1,1,7,1e-12,0.905354,0,1.19371e-11,1.80124e-12
Hessenberg basic,964,1,0,7,1e-12,0.291003,0,1.31877e-11,1.68682e-12
Hessenberg basic,964,1,1,7,1e-12,0.974527,0,1.03455e-11,1.78107e-12
Hessenberg basic,965,1,0,7,1e-12,0.543518,0,1.18234e-11,1.79004e-12
Hessenberg basic,965,1,1,7,1e-12,0.903012,0,1.29603e-11,1.74535e-12
Hessenberg basic,966,1,0,7,1e-12,0.38853,0,1.18234e-11,1.62281e-12
Hessenberg basic,966,1,1,7,1e-12,0.89272,0,1.73941e-11,1.83486e-12
Hessenberg basic,967,1,0,7,1e-12,0.347737,0,1.17097e-11,1.71575e-12
Hessenberg basic,967,1,1,7,1e-12,1.34899,0,1.20508e-11,1.70507e-12
Hessenberg basic,968,1,0,7,1e-12,0.652489,0,1.39835e-11,1.72601e-12
Hessenberg basic,968,1,1,7,1e-12,1.38073,0,1.38698e-11,1.93309e-12
Hessenberg basic,969,1,0,7,1e-12,0.312037,0,1.44382e-11,1.76452e-12
Hessenberg basic,969,1,1,7,1e-12,0.920728,0,1.38698e-11,1.86131e-12
Hessenberg basic,970,1,0,7,1e-12,0.436994,0,1.06866e-11,1.82935e-12
Hessenberg basic,970,1,1,7,1e-12,1.3918,0,1.10276e-11,1.93059e-12
Hessenberg basic,971,1,0,7,1e-12,0.484952,0,1.19371e-11,1.72407e-12
Hessenberg basic,971,1,1,7,1e-12,0.88491,0,1.21645e-11,1.82965e-12
Hessenberg basic,972,1,0,7,1e-12,0.447205,0,1.21645e-11,1.75026e-12
Hessenberg basic,972,1,1,7,1e-12,0.905044,0,1.14824e-11,1.73967e-12
Hessenberg basic,973,1,0,7,1e-12,0.34252,0,1.18234e-11,1.76537e-12
Hessenberg basic,973,1,1,7,1e-12,1.42456,0,1.26192e-11,1.77136e-12
Hessenberg basic,974,1,0,7,1e-12,0.456422,0,1.6712e-11,1.79526e-12
Hessenberg basic,974,1,1,7,1e-12,1.11572,0,1.36424e-11,1.79108e-12
Hessenberg basic,975,1,0,7,1e-12,0.316261,0,9.89075e-12,1.82466e-12
Hessenberg basic,975,1,1,7,1e-12,0.987661,0,1.23919e-11,1.82434e-12
Hessenberg basic,976,1,0,7,1e-12,0.339312,0,1.20508e-11,1.73047e-12
Hessenberg basic,976,1,1,7,1e-12,1.28829,0,1.35287e-11,1.8687e-12
Hessenberg basic,977,1,0,7,1e-12,0.546903,0,1.28466e-11,1.61971e-12
Hessenberg basic,977,1,1,7,1e-12,0.893007,0,1.00044e-11,1.76093e-12
Hessenberg basic,978,1,0,7,1e-12,0.504178,0,1.54614e-11,1.92152e-12
Hessenberg basic,978,1,1,7,1e-12,0.931171,0,1.51203e-11,1.89135e-12
Hessenberg basic,979,1,0,7,1e-12,0.416067,0,1.26192e-11,1.76467e-12
Hessenberg basic,979,1,1,7,1e-12,1.35919,0,1.44382e-11,1.98396e-12
Hessenberg basic,980,1,0,7,1e-12,0.639934,0,1.05729e-11,1.67934e-12
Hessenberg basic,980,1,1,7,1e-12,1.19078,0,1.35287e-11,1.90082e-12
Hessenberg basic,981,1,0,7,1e-12,0.334523,0,1.17097e-11,1.70572e-12
Hessenberg basic,981,1,1,7,1e-12,0.901204,0,1.28466e-11,1.87652e-12
Hessenberg basic,982,1,0,7,1e-12,0.518272,0,1.15961e-11,1.67125e-12
Hessenberg basic,982,1,1,7,1e-12,1.34037,0,1.1255e-11,1.85736e-12
Hessenberg basic,983,1,0,7,1e-12,0.53435,0,1.19371e-11,1.82029e-12
Hessenberg basic,983,1,1,7,1e-12,0.911059,0,1.45519e-11,1.95431e-12
Hessenberg basic,984,1,0,7,1e-12,0.492537,0,1.37561e-11,1.84547e-12
Hessenberg basic,984,1,1,7,1e-12,1.01505,0,1.27329e-11,1.91321e-12
Hessenberg basic,985,1,0,7,1e-12,0.333201,0,1.25056e-11,1.88971e-12
Hessenberg basic,985,1,1,7,1e-12,1.37722,0,1.47793e-11,1.87126e-12
Hessenberg basic,986,1,0,7,1e-12,0.648217,0,1.23919e-11,1.81455e-12
Hessenberg basic,986,1,1,7,1e-12,1.13273,0,1.53477e-11,1.91057e-12
Hessenberg basic,987,1,0,7,1e-12,0.338841,0,1.21645e-11,1.74896e-12
Hessenberg basic,987,1,1,7,1e-12,1.04502,0,1.33014e-11,1.95303e-12
Hessenberg basic,988,1,0,7,1e-12,0.371236,0,1.31877e-11,1.73777e-12
Hessenberg basic,988,1,1,7,1e-12,1.37102,0,1.31877e-11,1.98057e-12
Hessenberg basic,989,1,0,7,1e-12,0.621509,0,1.18234e-11,1.70088e-12
Hessenberg basic,989,1,1,7,1e-12,0.97318,0,1.73941e-11,1.9875e-12
Hessenberg basic,990,1,0,7,1e-12,0.461671,0,1.26192e-11,1.97168e-12
Hessenberg basic,990,1,1,7,1e-12,0.976873,0,1.43245e-11,2.02254e-12
Hessenberg basic,991,1,0,7,1e-12,0.344628,0,1.09139e-11,1.8461e-12
Hessenberg basic,991,1,1,7,1e-12,1.52965,0,1.40972e-11,1.89361e-12
Hessenberg basic,992,1,0,7,1e-12,0.578059,0,1.31877e-11,1.85055e-12
Hessenberg basic,992,1,1,7,1e-12,1.08345,0,1.36424e-11,1.87964e-12
Hessenberg basic,993,1,0,7,1e-12,0.339213,0,1.46656e-11,1.76535e-12
Hessenberg basic,993,1,1,7,1e-12,0.939218,0,1.39835e-11,1.93999e-12
Hessenberg basic,994,1,0,7,1e-12,0.41478,0,1.28466e-11,1.73286e-12
Hessenberg basic,994,1,1,7,1e-12,1.53508,0,1.35287e-11,1.91981e-12
Hessenberg basic,995,1,0,7,1e-12,0.525106,0,1.31877e-11,1.9034e-12
Hessenberg basic,995,1,1,7,1e-12,1.03983,0,1.28466e-11,1.83695e-12
Hessenberg basic,996,1,0,7,1e-12,0.53161,0,1.33014e-11,1.91735e-12
Hessenberg basic,996,1,1,7,1e-12,0.952276,0,1.15961e-11,1.90636e-12
Hessenberg basic,997,1,0,7,1e-12,0.365712,0,1.15961e-11,1.79046e-12
Hessenberg basic,997,1,1,7,1e-12,1.38565,0,1.45519e-11,1.89408e-12
Hessenberg basic,998,1,0,7,1e-12,0.512772,0,1.43245e-11,1.83029e-12
Hessenberg basic,998,1,1,7,1e-12,1.22171,0,1.3074e-11,1.99532e-12
Hessenberg basic,999,1,0,7,1e-12,0.345901,0,1.28466e-11,1.87592e-12
Hessenberg basic,999,1,1,7,1e-12,1.13613,0,1.59162e-11,1.93319e-12
Hessenberg basic,1000,1,0,7,1e-12,0.638628,0,1.35287e-11,1.86822e-12
Hessenberg basic,1000,1,1,7,1e-12,1.26887,0,1.3415e-11,1.92589e-12
