version, size, hermitian, complex, seed, tol, runtime in s,min_error, max_error, avg_error
Hessenberg basic,900,1,0,10,1e-12,0.575897,0,9.89075e-12,1.7982e-12
Hessenberg basic,900,1,1,10,1e-12,0.714222,0,1.00044e-11,1.90386e-12
Hessenberg basic,901,1,0,10,1e-12,0.371083,0,1.25056e-11,1.79202e-12
Hessenberg basic,901,1,1,10,1e-12,1.22213,0,1.35287e-11,2.10739e-12
Hessenberg basic,902,1,0,10,1e-12,0.241255,0,1.04592e-11,1.63042e-12
Hessenberg basic,902,1,1,10,1e-12,1.06324,0,1.25056e-11,1.84165e-12
Hessenberg basic,903,1,0,10,1e-12,0.568068,0,1.29603e-11,1.73839e-12
Hessenberg basic,903,1,1,10,1e-12,0.716818,0,1.02318e-11,1.87789e-12
Hessenberg basic,904,1,0,10,1e-12,0.24956,0,1.45519e-11,1.6444e-12
Hessenberg basic,904,1,1,10,1e-12,1.27061,0,1.61435e-11,1.95512e-12
Hessenberg basic,905,1,0,10,1e-12,0.240847,0,1.08002e-11,1.84117e-12
Hessenberg basic,905,1,1,10,1e-12,0.712246,0,1.10276e-11,1.84126e-12
Hessenberg basic,906,1,0,10,1e-12,0.490192,0,1.01181e-11,1.7377e-12
Hessenberg basic,906,1,1,10,1e-12,0.706301,0,1.26192e-11,1.71267e-12
Hessenberg basic,907,1,0,10,1e-12,0.265882,0,1.46656e-11,1.84241e-12
Hessenberg basic,907,1,1,10,1e-12,1.19392,0,1.29603e-11,1.92143e-12
Hessenberg basic,908,1,0,10,1e-12,0.247528,0,1.10276e-11,1.67212e-12
Hessenberg basic,908,1,1,10,1e-12,0.762766,0,1.46656e-11,1.88689e-12
Hessenberg basic,909,1,0,10,1e-12,0.273704,0,1.28466e-11,1.85708e-12
Hessenberg basic,909,1,1,10,1e-12,0.709507,0,1.37561e-11,1.91682e-12
Hessenberg basic,910,1,0,10,1e-12,0.353246,0,1.23919e-11,1.80621e-12
Hessenberg basic,910,1,1,10,1e-12,0.892302,0,1.13687e-11,1.8462e-12
Hessenberg basic,911,1,0,10,1e-12,0.477205,0,1.11413e-11,1.74937e-12
Hessenberg basic,911,1,1,10,1e-12,0.855569,0,1.20508e-11,1.89575e-12
Hessenberg basic,912,1,0,10,1e-12,0.258906,0,9.54969e-12,1.78326e-12
Hessenberg basic,912,1,1,10,1e-12,1.04748,0,1.21645e-11,1.81471e-12
Hessenberg basic,913,1,0,10,1e-12,0.482022,0,1.58025e-11,1.75759e-12
Hessenberg basic,913,1,1,10,1e-12,0.744486,0,1.3415e-11,1.88851e-12
Hessenberg basic,914,1,0,10,1e-12,0.476121,0,1.03455e-11,1.6631e-12
Hessenberg basic,914,1,1,10,1e-12,0.984325,0,1.46656e-11,2.06413e-12
Hessenberg basic,915,1,0,10,1e-12,0.249979,0,1.08002e-11,1.61151e-12
Hessenberg basic,915,1,1,10,1e-12,1.03855,0,1.20508e-11,1.85956e-12
Hessenberg basic,916,1,0,10,1e-12,0.496904,0,1.28466e-11,1.73813e-12
Hessenberg basic,916,1,1,10,1e-12,0.749893,0,1.46656e-11,1.94816e-12
Hessenberg basic,917,1,0,10,1e-12,0.276211,0,1.28466e-11,1.71249e-12
Hessenberg basic,917,1,1,10,1e-12,1.19986,0,1.14824e-11,1.81298e-12
Hessenberg basic,918,1,0,10,1e-12,0.307622,0,1.27329e-11,1.85354e-12
Hessenberg basic,918,1,1,10,1e-12,0.775835,0,1.36424e-11,1.82855e-12
Hessenberg basic,919,1,0,10,1e-12,0.52486,0,1.10276e-11,1.76734e-12
Hessenberg basic,919,1,1,10,1e-12,0.778075,0,1.40972e-11,1.86393e-12
Hessenberg basic,920,1,0,10,1e-12,0.240775,0,1.08002e-11,1.80458e-12
Hessenberg basic,920,1,1,10,1e-12,1.25042,0,1.3415e-11,1.88022e-12
Hessenberg basic,921,1,0,10,1e-12,0.264508,0,1.09139e-11,1.77989e-12
Hessenberg basic,921,1,1,10,1e-12,0.767169,0,1.42109e-11,2.07542e-12
Hessenberg basic,922,1,0,10,1e-12,0.521215,0,1.10276e-11,1.76e-12
Hessenberg basic,922,1,1,10,1e-12,0.966767,0,1.60298e-11,1.97547e-12
Hessenberg basic,923,1,0,10,1e-12,0.261071,0,1.01181e-11,1.69947e-12
Hessenberg basic,923,1,1,10,1e-12,1.23427,0,1.23919e-11,1.84773e-12
Hessenberg basic,924,1,0,10,1e-12,0.240838,0,1.21645e-11,1.88898e-12
Hessenberg basic,924,1,1,10,1e-12,0.842804,0,1.37561e-11,1.85219e-12
Hessenberg basic,925,1,0,10,1e-12,0.405143,0,1.18234e-11,1.75994e-12
Hessenberg basic,925,1,1,10,1e-12,0.956945,0,1.37561e-11,1.79277e-12
Hessenberg basic,926,1,0,10,1e-12,0.357178,0,1.20508e-11,1.9193e-12
Hessenberg basic,926,1,1,10,1e-12,1.20256,0,1.19371e-11,2.0009e-12
Hessenberg basic,927,1,0,10,1e-12,0.277415,0,1.09139e-11,1.84094e-12
Hessenberg basic,927,1,1,10,1e-12,0.771627,0,1.19371e-11,1.84399e-12
Hessenberg basic,928,1,0,10,1e-12,0.520543,0,1.03455e-11,1.75642e-12
Hessenberg basic,928,1,1,10,1e-12,0.752603,0,1.25056e-11,1.99868e-12
Hessenberg basic,929,1,0,10,1e-12,0.532722,0,1.78488e-11,1.86489e-12
Hessenberg basic,929,1,1,10,1e-12,0.757904,0,1.15961e-11,1.92269e-12
Hessenberg basic,930,1,0,10,1e-12,0.514458,0,1.13687e-11,1.7329e-12
Hessenberg basic,930,1,1,10,1e-12,1.02555,0,1.02318e-11,1.86049e-12
Hessenberg basic,931,1,0,10,1e-12,0.355087,0,9.20863e-12,1.78533e-12
Hessenberg basic,931,1,1,10,1e-12,0.811572,0,1.38698e-11,1.92562e-12
Hessenberg basic,932,1,0,10,1e-12,0.370021,0,1.3074e-11,1.77413e-12
Hessenberg basic,932,1,1,10,1e-12,0.784427,0,1.22782e-11,1.74314e-12
Hessenberg basic,933,1,0,10,1e-12,0.300663,0,1.25056e-11,1.9742e-12
Hessenberg basic,933,1,1,10,1e-12,1.17744,0,1.26192e-11,1.85875e-12
Hessenberg basic,934,1,0,10,1e-12,0.31376,0,1.53477e-11,1.77562e-12
Hessenberg basic,934,1,1,10,1e-12,1.02474,0,1.17097e-11,1.77345e-12
Hessenberg basic,935,1,0,10,1e-12,0.296637,0,1.35287e-11,1.78336e-12
Hessenberg basic,935,1,1,10,1e-12,0.973475,0,1.09139e-11,1.80421e-12
Hessenberg basic,936,1,0,10,1e-12,0.451682,0,1.31877e-11,1.81765e-12
Hessenberg basic,936,1,1,10,1e-12,0.810299,0,1.40972e-11,1.90417e-12
Hessenberg basic,937,1,0,10,1e-12,0.278515,0,1.35287e-11,1.62663e-12
Hessenberg basic,937,1,1,10,1e-12,1.14332,0,1.64846e-11,1.8658e-12
Hessenberg basic,938,1,0,10,1e-12,0.253118,0,1.17097e-11,1.71486e-12
Hessenberg basic,938,1,1,10,1e-12,0.953101,0,1.44382e-11,1.82718e-12
Hessenberg basic,939,1,0,10,1e-12,0.40388,0,1.22782e-11,1.69257e-12
Hessenberg basic,939,1,1,10,1e-12,0.796362,0,1.60298e-11,1.82365e-12
Hessenberg basic,940,1,0,10,1e-12,0.355965,0,9.54969e-12,1.80164e-12
Hessenberg basic,940,1,1,10,1e-12,0.988015,0,1.39835e-11,1.87906e-12
Hessenberg basic,941,1,0,10,1e-12,0.37528,0,1.40972e-11,1.91706e-12
Hessenberg basic,941,1,1,10,1e-12,0.803238,0,1.04592e-11,1.78973e-12
Hessenberg basic,942,1,0,10,1e-12,0.28796,0,1.23919e-11,1.72088e-12
Hessenberg basic,942,1,1,10,1e-12,0.797352,0,1.01181e-11,1.84189e-12
Hessenberg basic,943,1,0,10,1e-12,0.413803,0,1.23919e-11,1.68864e-12
Hessenberg basic,943,1,1,10,1e-12,0.977158,0,1.18234e-11,1.77277e-12
Hessenberg basic,944,1,0,10,1e-12,0.422456,0,9.89075e-12,1.7355e-12
Hessenberg basic,944,1,1,10,1e-12,1.1986,0,1.64846e-11,1.88795e-12
Hessenberg basic,945,1,0,10,1e-12,0.282544,0,1.02318e-11,1.82995e-12
Hessenberg basic,945,1,1,10,1e-12,0.846291,0,1.02318e-11,1.84927e-12
Hessenberg basic,946,1,0,10,1e-12,0.372363,0,1.06866e-11,1.68948e-12
Hessenberg basic,946,1,1,10,1e-12,0.797292,0,8.75389e-12,1.74851e-12
Hessenberg basic,947,1,0,10,1e-12,0.314139,0,1.17097e-11,1.69427e-12
Hessenberg basic,947,1,1,10,1e-12,1.08033,0,2.05773e-11,1.92069e-12
Hessenberg basic,948,1,0,10,1e-12,0.320299,0,1.11413e-11,1.77238e-12
Hessenberg basic,948,1,1,10,1e-12,0.978072,0,1.27329e-11,1.95029e-12
Hessenberg basic,949,1,0,10,1e-12,0.291922,0,1.08002e-11,1.69203e-12
Hessenberg basic,949,1,1,10,1e-12,1.08432,0,1.3074e-11,1.82028e-12
Hessenberg basic,950,1,0,10,1e-12,0.475428,0,1.71667e-11,1.7801e-12
Hessenberg basic,950,1,1,10,1e-12,0.829957,0,1.14824e-11,1.81734e-12
Hessenberg basic,951,1,0,10,1e-12,0.291816,0,1.29603e-11,1.766e-12
Hessenberg basic,951,1,1,10,1e-12,1.19962,0,1.21645e-11,1.88314e-12
Hessenberg basic,952,1,0,10,1e-12,0.290808,0,1.4893e-11,1.83443e-12
Hessenberg basic,952,1,1,10,1e-12,1.07565,0,1.46656e-11,1.88811e-12
Hessenberg basic,953,1,0,10,1e-12,0.429531,0,1.35287e-11,1.83359e-12
Hessenberg basic,953,1,1,10,1e-12,1.03899,0,1.19371e-11,1.8717e-12
Hessenberg basic,954,1,0,10,1e-12,0.33661,0,1.40972e-11,1.79723e-12
Hessenberg basic,954,1,1,10,1e-12,1.03701,0,1.76215e-11,1.897e-12
Hessenberg basic,955,1,0,10,1e-12,0.370311,0,1.8872e-11,1.75909e-12
Hessenberg basic,955,1,1,10,1e-12,0.904024,0,1.45519e-11,1.76541e-12
Hessenberg basic,956,1,0,10,1e-12,0.311875,0,8.6402e-12,1.65403e-12
Hessenberg basic,956,1,1,10,1e-12,1.04703,0,1.11413e-11,1.83131e-12
Hessenberg basic,957,1,0,10,1e-12,0.418989,0,1.6712e-11,1.71907e-12
Hessenberg basic,957,1,1,10,1e-12,0.864495,0,1.23919e-11,1.8631e-12
Hessenberg basic,958,1,0,10,1e-12,0.276302,0,1.14824e-11,1.79543e-12
Hessenberg basic,958,1,1,10,1e-12,1.21761,0,1.42109e-11,1.84763e-12
Hessenberg basic,959,1,0,10,1e-12,0.269822,0,1.39835e-11,1.769e-12
Hessenberg basic,959,1,1,10,1e-12,0.877333,0,1.22782e-11,1.86029e-12
Hessenberg basic,960,1,0,10,1e-12,0.331569,0,1.33014e-11,1.83814e-12
Hessenberg basic,960,1,1,10,1e-12,1.05385,0,1.31877e-11,1.90883e-12
Hessenberg basic,961,1,0,10,1e-12,0.536834,0,1.14824e-11,1.60615e-12
Hessenberg basic,961,1,1,10,1e-12,0.864879,0,1.05729e-11,1.86308e-12
Hessenberg basic,962,1,0,10,1e-12,0.303971,0,1.38698e-11,1.8975e-12
Hessenberg basic,962,1,1,10,1e-12,1.07474,0,1.50067e-11,2.09444e-12
Hessenberg basic,963,1,0,10,1e-12,0.298392,0,1.45519e-11,1.85764e-12
Hessenberg basic,963,1,1,10,1e-12,0.864167,0,1.44382e-11,1.8801e-12
Hessenberg basic,964,1,0,10,1e-12,0.291442,0,1.72804e-11,1.80916e-12
Hessenberg basic,964,1,1,10,1e-12,0.863583,0,1.72804e-11,1.82108e-12
Hessenberg basic,965,1,0,10,1e-12,0.331567,0,1.20508e-11,1.88863e-12
Hessenberg basic,965,1,1,10,1e-12,0.932143,0,1.19371e-11,1.96257e-12
Hessenberg basic,966,1,0,10,1e-12,0.290565,0,1.51203e-11,1.78106e-12
Hessenberg basic,966,1,1,10,1e-12,1.24837,0,1.42109e-11,1.83656e-12
Hessenberg basic,967,1,0,10,1e-12,0.337206,0,1.22782e-11,1.71929e-12
Hessenberg basic,967,1,1,10,1e-12,1.09282,0,1.28466e-11,1.91201e-12
Hessenberg basic,968,1,0,10,1e-12,0.387059,0,1.13687e-11,1.74383e-12
Hessenberg basic,968,1,1,10,1e-12,1.17896,0,1.61435e-11,1.921e-12
Hessenberg basic,969,1,0,10,1e-12,0.44937,0,1.28466e-11,1.74773e-12
Hessenberg basic,969,1,1,10,1e-12,1.0595,0,1.28466e-11,1.90249e-12
Hessenberg basic,970,1,0,10,1e-12,0.354547,0,1.14824e-11,1.86851e-12
Hessenberg basic,970,1,1,10,1e-12,0.994313,0,1.31877e-11,1.86933e-12
Hessenberg basic,971,1,0,10,1e-12,0.353741,0,9.66338e-12,1.77669e-12
Hessenberg basic,971,1,1,10,1e-12,1.21339,0,1.83036e-11,1.90392e-12
Hessenberg basic,972,1,0,10,1e-12,0.279769,0,9.32232e-12,1.64581e-12
Hessenberg basic,972,1,1,10,1e-12,0.89695,0,1.37561e-11,1.99694e-12
Hessenberg basic,973,1,0,10,1e-12,0.288154,0,1.45519e-11,1.87133e-12
Hessenberg basic,973,1,1,10,1e-12,0.946279,0,1.50067e-11,1.84287e-12
Hessenberg basic,974,1,0,10,1e-12,0.368322,0,1.18234e-11,1.7573e-12
Hessenberg basic,974,1,1,10,1e-12,0.90898,0,1.13687e-11,1.76862e-12
Hessenberg basic,975,1,0,10,1e-12,0.296859,0,1.47793e-11,1.84388e-12
Hessenberg basic,975,1,1,10,1e-12,1.14324,0,1.37561e-11,1.83093e-12
Hessenberg basic,976,1,0,10,1e-12,0.300819,0,1.56888e-11,1.88531e-12
Hessenberg basic,976,1,1,10,1e-12,0.91099,0,1.26192e-11,1.91469e-12
Hessenberg basic,977,1,0,10,1e-12,0.369586,0,1.02318e-11,1.78366e-12
Hessenberg basic,977,1,1,10,1e-12,1.12029,0,1.36424e-11,1.96128e-12
Hessenberg basic,978,1,0,10,1e-12,0.419163,0,1.50067e-11,1.70988e-12
Hessenberg basic,978,1,1,10,1e-12,0.892131,0,1.23919e-11,1.83891e-12
Hessenberg basic,979,1,0,10,1e-12,0.430239,0,1.33014e-11,1.83424e-12
Hessenberg basic,979,1,1,10,1e-12,1.1686,0,1.09139e-11,2.02859e-12
Hessenberg basic,980,1,0,10,1e-12,0.428175,0,8.41283e-12,1.6995e-12
Hessenberg basic,980,1,1,10,1e-12,0.93288,0,1.36424e-11,1.81468e-12
Hessenberg basic,981,1,0,10,1e-12,0.424452,0,1.1255e-11,1.91697e-12
Hessenberg basic,981,1,1,10,1e-12,1.10066,0,1.35287e-11,1.99106e-12
Hessenberg basic,982,1,0,10,1e-12,0.522921,0,9.89075e-12,1.79749e-12
Hessenberg basic,982,1,1,10,1e-12,0.915301,0,1.39835e-11,1.72047e-12
Hessenberg basic,983,1,0,10,1e-12,0.436545,0,1.23919e-11,1.86983e-12
Hessenberg basic,983,1,1,10,1e-12,1.03185,0,1.60298e-11,1.9334e-12
Hessenberg basic,984,1,0,10,1e-12,0.506789,0,1.29603e-11,1.75523e-12
Hessenberg basic,984,1,1,10,1e-12,0.941643,0,1.47793e-11,1.85721e-12
Hessenberg basic,985,1,0,10,1e-12,0.33697,0,1.3074e-11,1.78641e-12
Hessenberg basic,985,1,1,10,1e-12,0.997902,0,1.37561e-11,1.99429e-12
Hessenberg basic,986,1,0,10,1e-12,0.514496,0,1.51203e-11,1.91442e-12
Hessenberg basic,986,1,1,10,1e-12,1.12959,0,1.36424e-11,1.97504e-12
Hessenberg basic,987,1,0,10,1e-12,0.343672,0,1.59162e-11,1.8994e-12
Hessenberg basic,987,1,1,10,1e-12,1.17659,0,1.59162e-11,1.92306e-12
Hessenberg basic,988,1,0,10,1e-12,0.629518,0,1.09139e-11,1.74532e-12
Hessenberg basic,988,1,1,10,1e-12,1.48669,0,1.23919e-11,1.77122e-12
Hessenberg basic,989,1,0,10,1e-12,0.540441,0,1.02318e-11,1.79945e-12
Hessenberg basic,989,1,1,10,1e-12,1.45988,0,1.45519e-11,1.8223e-12
Hessenberg basic,990,1,0,10,1e-12,0.590318,0,1.3074e-11,1.9523e-12
Hessenberg basic,990,1,1,10,1e-12,1.39064,0,1.19371e-11,1.95149e-12
Hessenberg basic,991,1,0,10,1e-12,0.451096,0,1.13687e-11,1.77768e-12
Hessenberg basic,991,1,1,10,1e-12,1.27435,0,1.96678e-11,1.97424e-12
Hessenberg basic,992,1,0,10,1e-12,0.506299,0,1.19371e-11,1.836e-12
Hessenberg basic,992,1,1,10,1e-12,1.30637,0,1.56888e-11,1.92653e-12
Hessenberg basic,993,1,0,10,1e-12,0.501924,0,1.13687e-11,1.91175e-12
Hessenberg basic,993,1,1,10,1e-12,1.10359,0,1.40972e-11,1.96072e-12
Hessenberg basic,994,1,0,10,1e-12,0.572546,0,1.36424e-11,1.88742e-12
Hessenberg basic,994,1,1,10,1e-12,1.27201,0,1.45519e-11,1.82369e-12
Hessenberg basic,995,1,0,10,1e-12,0.410828,0,1.69393e-11,1.90482e-12
Hessenberg basic,995,1,1,10,1e-12,1.57083,0,1.03455e-11,1.80531e-12
Hessenberg basic,996,1,0,10,1e-12,0.352613,0,1.21645e-11,1.84321e-12
Hessenberg basic,996,1,1,10,1e-12,1.45958,0,1.97815e-11,1.98299e-12
Hessenberg basic,997,1,0,10,1e-12,0.405609,0,1.27329e-11,1.84171e-12
Hessenberg basic,997,1,1,10,1e-12,1.35456,0,1.14824e-11,1.83319e-12
Hessenberg basic,998,1,0,10,1e-12,0.397946,0,1.14824e-11,1.85044e-12
Hessenberg basic,998,1,1,10,1e-12,1.40853,0,1.06866e-11,1.80589e-12
Hessenberg basic,999,1,0,10,1e-12,0.398243,0,1.04592e-11,1.81436e-12
Hessenberg basic,999,1,1,10,1e-12,1.24113,0,1.39835e-11,1.98656e-12
Hessenberg basic,1000,1,0,10,1e-12,0.375063,0,1.19371e-11,1.66082e-12
Hessenberg basic,1000,1,1,10,1e-12,1.2416,0,1.46656e-11,1.76255e-12
