version, size, hermitian, complex, seed, tol, runtime in s,min_error, max_error, avg_error
Hessenberg basic,900,1,0,3,1e-12,0.333765,0,1.17097e-11,1.71911e-12
Hessenberg basic,900,1,1,3,1e-12,0.734461,0,1.13687e-11,1.8442e-12
Hessenberg basic,901,1,0,3,1e-12,0.278519,0,1.42109e-11,1.90369e-12
Hessenberg basic,901,1,1,3,1e-12,0.901979,0,1.38698e-11,1.90468e-12
Hessenberg basic,902,1,0,3,1e-12,0.247768,0,1.38698e-11,1.72092e-12
Hessenberg basic,902,1,1,3,1e-12,0.874419,0,8.98126e-12,1.77074e-12
Hessenberg basic,903,1,0,3,1e-12,0.288926,0,9.54969e-12,1.7148e-12
Hessenberg basic,903,1,1,3,1e-12,0.860565,0,1.29603e-11,1.84043e-12
Hessenberg basic,904,1,0,3,1e-12,0.298475,0,8.75389e-12,1.72041e-12
Hessenberg basic,904,1,1,3,1e-12,0.901577,0,1.23919e-11,1.77088e-12
Hessenberg basic,905,1,0,3,1e-12,0.298684,0,1.53477e-11,1.81656e-12
Hessenberg basic,905,1,1,3,1e-12,0.853577,0,1.13687e-11,1.91437e-12
Hessenberg basic,906,1,0,3,1e-12,0.339363,0,1.20508e-11,1.73789e-12
Hessenberg basic,906,1,1,3,1e-12,0.930494,0,1.04592e-11,1.92944e-12
Hessenberg basic,907,1,0,3,1e-12,0.414934,0,1.36424e-11,1.71376e-12
Hessenberg basic,907,1,1,3,1e-12,0.726166,0,1.4893e-11,1.81965e-12
Hessenberg basic,908,1,0,3,1e-12,0.284617,0,1.46656e-11,1.73369e-12
Hessenberg basic,908,1,1,3,1e-12,1.06116,0,1.08002e-11,1.78841e-12
Hessenberg basic,909,1,0,3,1e-12,0.273576,0,1.10276e-11,1.80748e-12
Hessenberg basic,909,1,1,3,1e-12,0.766892,0,1.38698e-11,1.78629e-12
Hessenberg basic,910,1,0,3,1e-12,0.456798,0,1.38698e-11,1.75502e-12
Hessenberg basic,910,1,1,3,1e-12,0.781461,0,1.28466e-11,1.97357e-12
Hessenberg basic,911,1,0,3,1e-12,0.272618,0,1.03455e-11,1.82849e-12
Hessenberg basic,911,1,1,3,1e-12,1.04321,0,1.21645e-11,1.96767e-12
Hessenberg basic,912,1,0,3,1e-12,0.26386,0,1.50067e-11,1.64076e-12
Hessenberg basic,912,1,1,3,1e-12,0.982805,0,1.11413e-11,1.8339e-12
Hessenberg basic,913,1,0,3,1e-12,0.379055,0,1.39835e-11,1.70923e-12
Hessenberg basic,913,1,1,3,1e-12,0.74827,0,1.18234e-11,1.88835e-12
Hessenberg basic,914,1,0,3,1e-12,0.325004,0,1.25056e-11,1.74871e-12
Hessenberg basic,914,1,1,3,1e-12,0.746442,0,1.26192e-11,1.87008e-12
Hessenberg basic,915,1,0,3,1e-12,0.258961,0,1.27329e-11,1.80746e-12
Hessenberg basic,915,1,1,3,1e-12,0.721608,0,1.21645e-11,1.96747e-12
Hessenberg basic,916,1,0,3,1e-12,0.347979,0,1.33014e-11,1.73989e-12
Hessenberg basic,916,1,1,3,1e-12,1.06748,0,1.54614e-11,1.85138e-12
Hessenberg basic,917,1,0,3,1e-12,0.287355,0,1.21645e-11,1.77618e-12
Hessenberg basic,917,1,1,3,1e-12,0.748202,0,1.79625e-11,1.90138e-12
Hessenberg basic,918,1,0,3,1e-12,0.316542,0,9.89075e-12,1.76872e-12
Hessenberg basic,918,1,1,3,1e-12,0.728537,0,1.31877e-11,1.80086e-12
Hessenberg basic,919,1,0,3,1e-12,0.243115,0,1.20508e-11,1.78904e-12
Hessenberg basic,919,1,1,3,1e-12,1.06546,0,1.04592e-11,1.81182e-12
Hessenberg basic,920,1,0,3,1e-12,0.272288,0,1.02318e-11,1.80109e-12
Hessenberg basic,920,1,1,3,1e-12,0.945915,0,1.15961e-11,1.90561e-12
Hessenberg basic,921,1,0,3,1e-12,0.381448,0,1.20508e-11,1.69472e-12
Hessenberg basic,921,1,1,3,1e-12,0.775276,0,1.20508e-11,1.9575e-12
Hessenberg basic,922,1,0,3,1e-12,0.375882,0,1.58025e-11,1.8062e-12
Hessenberg basic,922,1,1,3,1e-12,1.12337,0,1.4893e-11,2.07294e-12
Hessenberg basic,923,1,0,3,1e-12,0.243256,0,1.27329e-11,1.81054e-12
Hessenberg basic,923,1,1,3,1e-12,1.16025,0,1.27329e-11,1.842e-12
Hessenberg basic,924,1,0,3,1e-12,0.383731,0,1.09139e-11,1.77189e-12
Hessenberg basic,924,1,1,3,1e-12,0.78512,0,1.28466e-11,1.93365e-12
Hessenberg basic,925,1,0,3,1e-12,0.364769,0,1.09139e-11,1.76593e-12
Hessenberg basic,925,1,1,3,1e-12,0.961662,0,1.25056e-11,1.88473e-12
Hessenberg basic,926,1,0,3,1e-12,0.271574,0,1.39835e-11,1.81066e-12
Hessenberg basic,926,1,1,3,1e-12,1.09637,0,1.15961e-11,1.93762e-12
Hessenberg basic,927,1,0,3,1e-12,0.383381,0,1.11413e-11,1.79179e-12
Hessenberg basic,927,1,1,3,1e-12,0.80368,0,1.45519e-11,1.92348e-12
Hessenberg basic,928,1,0,3,1e-12,0.432594,0,9.77707e-12,1.73857e-12
Hessenberg basic,928,1,1,3,1e-12,0.810722,0,1.25056e-11,1.87412e-12
Hessenberg basic,929,1,0,3,1e-12,0.255117,0,1.7053e-11,1.76518e-12
Hessenberg basic,929,1,1,3,1e-12,0.788621,0,1.18234e-11,1.77921e-12
Hessenberg basic,930,1,0,3,1e-12,0.378448,0,1.23919e-11,1.88595e-12
Hessenberg basic,930,1,1,3,1e-12,1.15496,0,1.18234e-11,1.94423e-12
Hessenberg basic,931,1,0,3,1e-12,0.259193,0,1.60298e-11,2.00863e-12
Hessenberg basic,931,1,1,3,1e-12,0.834804,0,1.97815e-11,2.08423e-12
Hessenberg basic,932,1,0,3,1e-12,0.257854,0,1.1255e-11,1.93198e-12
Hessenberg basic,932,1,1,3,1e-12,0.781852,0,1.45519e-11,2.09566e-12
Hessenberg basic,933,1,0,3,1e-12,0.263566,0,1.36424e-11,1.92041e-12
Hessenberg basic,933,1,1,3,1e-12,1.18366,0,1.20508e-11,1.86103e-12
Hessenberg basic,934,1,0,3,1e-12,0.372095,0,1.29603e-11,1.81078e-12
Hessenberg basic,934,1,1,3,1e-12,0.78902,0,1.39835e-11,2.09275e-12
Hessenberg basic,935,1,0,3,1e-12,0.489669,0,1.47793e-11,2.11144e-12
Hessenberg basic,935,1,1,3,1e-12,0.805514,0,1.39835e-11,2.00766e-12
Hessenberg basic,936,1,0,3,1e-12,0.316141,0,1.6712e-11,1.84731e-12
Hessenberg basic,936,1,1,3,1e-12,0.980325,0,1.36424e-11,2.03096e-12
Hessenberg basic,937,1,0,3,1e-12,0.265529,0,9.89075e-12,1.78256e-12
Hessenberg basic,937,1,1,3,1e-12,0.951972,0,1.60298e-11,2.06487e-12
Hessenberg basic,938,1,0,3,1e-12,0.334136,0,1.33014e-11,2.01209e-12
Hessenberg basic,938,1,1,3,1e-12,1.05179,0,1.28466e-11,2.03222e-12
Hessenberg basic,939,1,0,3,1e-12,0.272166,0,1.21645e-11,1.73569e-12
Hessenberg basic,939,1,1,3,1e-12,1.1108,0,1.42109e-11,1.98328e-12
Hessenberg basic,940,1,0,3,1e-12,0.328116,0,1.31877e-11,1.99976e-12
Hessenberg basic,940,1,1,3,1e-12,1.09982,0,1.42109e-11,2.11087e-12
Hessenberg basic,941,1,0,3,1e-12,0.345071,0,9.09495e-12,1.8561e-12
Hessenberg basic,941,1,1,3,1e-12,1.01251,0,1.20508e-11,1.98274e-12
Hessenberg basic,942,1,0,3,1e-12,0.372618,0,1.27329e-11,1.92266e-12
Hessenberg basic,942,1,1,3,1e-12,1.04456,0,1.31877e-11,2.00771e-12
Hessenberg basic,943,1,0,3,1e-12,0.353963,0,1.78488e-11,1.7415e-12
Hessenberg basic,943,1,1,3,1e-12,1.13021,0,1.36424e-11,1.92221e-12
Hessenberg basic,944,1,0,3,1e-12,0.371585,0,1.43245e-11,1.87964e-12
Hessenberg basic,944,1,1,3,1e-12,1.19013,0,1.7053e-11,2.00715e-12
Hessenberg basic,945,1,0,3,1e-12,0.41495,0,1.25056e-11,1.74129e-12
Hessenberg basic,945,1,1,3,1e-12,0.936241,0,1.27329e-11,1.96641e-12
Hessenberg basic,946,1,0,3,1e-12,0.389101,0,1.1255e-11,1.8257e-12
Hessenberg basic,946,1,1,3,1e-12,0.874343,0,1.1255e-11,1.93276e-12
Hessenberg basic,947,1,0,3,1e-12,0.299813,0,1.90994e-11,1.82157e-12
Hessenberg basic,947,1,1,3,1e-12,0.871323,0,1.37561e-11,1.93672e-12
Hessenberg basic,948,1,0,3,1e-12,0.301695,0,9.54969e-12,1.76094e-12
Hessenberg basic,948,1,1,3,1e-12,1.08418,0,1.37561e-11,1.99398e-12
Hessenberg basic,949,1,0,3,1e-12,0.463455,0,9.20863e-12,1.82419e-12
Hessenberg basic,949,1,1,3,1e-12,0.989792,0,1.47793e-11,1.89254e-12
Hessenberg basic,950,1,0,3,1e-12,0.435088,0,1.35287e-11,1.97292e-12
Hessenberg basic,950,1,1,3,1e-12,0.809408,0,1.26192e-11,2.03821e-12
Hessenberg basic,951,1,0,3,1e-12,0.420478,0,1.05729e-11,1.80583e-12
Hessenberg basic,951,1,1,3,1e-12,0.846819,0,1.42677e-11,2.05902e-12
Hessenberg basic,952,1,0,3,1e-12,0.310572,0,1.25056e-11,1.71607e-12
Hessenberg basic,952,1,1,3,1e-12,1.04887,0,1.6712e-11,2.04195e-12
Hessenberg basic,953,1,0,3,1e-12,0.356385,0,1.4893e-11,1.82828e-12
Hessenberg basic,953,1,1,3,1e-12,1.17999,0,1.23919e-11,1.97185e-12
Hessenberg basic,954,1,0,3,1e-12,0.46241,0,1.45519e-11,1.81648e-12
Hessenberg basic,954,1,1,3,1e-12,1.09163,0,1.37561e-11,1.98071e-12
Hessenberg basic,955,1,0,3,1e-12,0.431812,0,1.65983e-11,1.92958e-12
Hessenberg basic,955,1,1,3,1e-12,0.922007,0,1.26192e-11,1.81781e-12
Hessenberg basic,956,1,0,3,1e-12,0.414108,0,1.21645e-11,1.91957e-12
Hessenberg basic,956,1,1,3,1e-12,0.880093,0,1.47793e-11,1.97535e-12
Hessenberg basic,957,1,0,3,1e-12,0.284322,0,1.64846e-11,1.85636e-12
Hessenberg basic,957,1,1,3,1e-12,0.909388,0,1.1255e-11,1.84709e-12
Hessenberg basic,958,1,0,3,1e-12,0.390437,0,1.77351e-11,1.78821e-12
Hessenberg basic,958,1,1,3,1e-12,1.04524,0,1.36424e-11,1.90453e-12
Hessenberg basic,959,1,0,3,1e-12,0.457722,0,1.20508e-11,1.75855e-12
Hessenberg basic,959,1,1,3,1e-12,0.86939,0,1.44382e-11,2.06087e-12
Hessenberg basic,960,1,0,3,1e-12,0.400551,0,1.26192e-11,1.73951e-12
Hessenberg basic,960,1,1,3,1e-12,0.88013,0,1.51203e-11,1.78244e-12
Hessenberg basic,961,1,0,3,1e-12,0.32191,0,1.13687e-11,1.90052e-12
Hessenberg basic,961,1,1,3,1e-12,1.09365,0,1.53477e-11,1.92115e-12
Hessenberg basic,962,1,0,3,1e-12,0.390508,0,1.27329e-11,1.83343e-12
Hessenberg basic,962,1,1,3,1e-12,1.26562,0,9.66338e-12,2.03962e-12
Hessenberg basic,963,1,0,3,1e-12,0.570665,0,1.56888e-11,1.8391e-12
Hessenberg basic,963,1,1,3,1e-12,1.26096,0,1.45519e-11,1.9606e-12
Hessenberg basic,964,1,0,3,1e-12,0.441367,0,1.09139e-11,1.71307e-12
Hessenberg basic,964,1,1,3,1e-12,1.05606,0,1.18234e-11,1.91807e-12
Hessenberg basic,965,1,0,3,1e-12,0.414988,0,9.43601e-12,1.73688e-12
Hessenberg basic,965,1,1,3,1e-12,0.907263,0,1.38698e-11,2.02417e-12
Hessenberg basic,966,1,0,3,1e-12,0.316915,0,1.43245e-11,1.79151e-12
Hessenberg basic,966,1,1,3,1e-12,0.885441,0,1.14824e-11,1.82197e-12
Hessenberg basic,967,1,0,3,1e-12,0.318688,0,1.20508e-11,1.90599e-12
Hessenberg basic,967,1,1,3,1e-12,1.28894,0,1.55751e-11,1.94375e-12
Hessenberg basic,968,1,0,3,1e-12,0.500183,0,1.38698e-11,1.67737e-12
Hessenberg basic,968,1,1,3,1e-12,0.956549,0,1.65983e-11,1.90671e-12
Hessenberg basic,969,1,0,3,1e-12,0.474215,0,1.04592e-11,1.79944e-12
Hessenberg basic,969,1,1,3,1e-12,0.877227,0,1.13687e-11,1.9028e-12
Hessenberg basic,970,1,0,3,1e-12,0.450636,0,1.05729e-11,1.87283e-12
Hessenberg basic,970,1,1,3,1e-12,0.891465,0,1.3074e-11,2.04266e-12
Hessenberg basic,971,1,0,3,1e-12,0.321218,0,1.13687e-11,1.83187e-12
Hessenberg basic,971,1,1,3,1e-12,1.36473,0,1.31877e-11,1.87518e-12
Hessenberg basic,972,1,0,3,1e-12,0.483057,0,1.43245e-11,1.8832e-12
Hessenberg basic,972,1,1,3,1e-12,1.23066,0,1.25056e-11,1.85272e-12
Hessenberg basic,973,1,0,3,1e-12,0.448274,0,1.53477e-11,1.80194e-12
Hessenberg basic,973,1,1,3,1e-12,0.995218,0,1.17097e-11,1.92738e-12
Hessenberg basic,974,1,0,3,1e-12,0.432098,0,1.10276e-11,1.69112e-12
Hessenberg basic,974,1,1,3,1e-12,0.941943,0,1.61435e-11,1.80332e-12
Hessenberg basic,975,1,0,3,1e-12,0.343509,0,1.09139e-11,1.7523e-12
Hessenberg basic,975,1,1,3,1e-12,0.93253,0,1.05729e-11,1.83655e-12
Hessenberg basic,976,1,0,3,1e-12,0.314277,0,1.22782e-11,1.84572e-12
Hessenberg basic,976,1,1,3,1e-12,1.27643,0,1.25056e-11,1.90195e-12
Hessenberg basic,977,1,0,3,1e-12,0.450595,0,9.77707e-12,1.81656e-12
Hessenberg basic,977,1,1,3,1e-12,0.987569,0,1.92131e-11,1.9728e-12
Hessenberg basic,978,1,0,3,1e-12,0.419171,0,1.18234e-11,1.80593e-12
Hessenberg basic,978,1,1,3,1e-12,0.922927,0,1.33014e-11,2.11617e-12
Hessenberg basic,979,1,0,3,1e-12,0.393179,0,1.22782e-11,1.80796e-12
Hessenberg basic,979,1,1,3,1e-12,0.957086,0,1.13687e-11,1.88119e-12
Hessenberg basic,980,1,0,3,1e-12,0.333366,0,1.05729e-11,1.77598e-12
Hessenberg basic,980,1,1,3,1e-12,1.39198,0,1.14824e-11,1.85321e-12
Hessenberg basic,981,1,0,3,1e-12,0.478646,0,1.55751e-11,1.89094e-12
Hessenberg basic,981,1,1,3,1e-12,1.35249,0,1.55751e-11,1.97701e-12
Hessenberg basic,982,1,0,3,1e-12,0.522917,0,1.29603e-11,1.79096e-12
Hessenberg basic,982,1,1,3,1e-12,1.14465,0,1.11413e-11,1.86232e-12
Hessenberg basic,983,1,0,3,1e-12,0.437073,0,1.3074e-11,1.80988e-12
Hessenberg basic,983,1,1,3,1e-12,0.980573,0,1.51203e-11,1.92357e-12
Hessenberg basic,984,1,0,3,1e-12,0.399466,0,1.36424e-11,1.76002e-12
Hessenberg basic,984,1,1,3,1e-12,0.953769,0,1.3415e-11,1.89285e-12
Hessenberg basic,985,1,0,3,1e-12,0.347564,0,1.46656e-11,1.85432e-12
Hessenberg basic,985,1,1,3,1e-12,1.04543,0,1.51203e-11,1.8522e-12
Hessenberg basic,986,1,0,3,1e-12,0.462706,0,1.09139e-11,1.66661e-12
Hessenberg basic,986,1,1,3,1e-12,1.14222,0,1.27329e-11,1.90971e-12
Hessenberg basic,987,1,0,3,1e-12,0.516737,0,1.25056e-11,1.73762e-12
Hessenberg basic,987,1,1,3,1e-12,0.922614,0,1.51203e-11,1.94732e-12
Hessenberg basic,988,1,0,3,1e-12,0.520207,0,1.23919e-11,1.81943e-12
Hessenberg basic,988,1,1,3,1e-12,0.939303,0,1.89857e-11,2.00583e-12
Hessenberg basic,989,1,0,3,1e-12,0.425994,0,1.14824e-11,1.7729e-12
Hessenberg basic,989,1,1,3,1e-12,0.95176,0,1.33014e-11,1.86643e-12
Hessenberg basic,990,1,0,3,1e-12,0.334051,0,1.21645e-11,1.76389e-12
Hessenberg basic,990,1,1,3,1e-12,1.36911,0,1.14824e-11,1.88283e-12
Hessenberg basic,991,1,0,3,1e-12,0.544203,0,1.25056e-11,1.76981e-12
Hessenberg basic,991,1,1,3,1e-12,1.3386,0,1.15961e-11,1.90358e-12
Hessenberg basic,992,1,0,3,1e-12,0.628713,0,1.58025e-11,1.76764e-12
Hessenberg basic,992,1,1,3,1e-12,1.17223,0,1.36424e-11,1.98406e-12
Hessenberg basic,993,1,0,3,1e-12,0.496899,0,1.31877e-11,1.9591e-12
Hessenberg basic,993,1,1,3,1e-12,1.0942,0,1.23919e-11,1.896e-12
Hessenberg basic,994,1,0,3,1e-12,0.472462,0,1.08002e-11,1.76801e-12
Hessenberg basic,994,1,1,3,1e-12,0.995702,0,1.56888e-11,1.91634e-12
Hessenberg basic,995,1,0,3,1e-12,0.456458,0,1.15961e-11,1.80106e-12
Hessenberg basic,995,1,1,3,1e-12,1.01723,0,1.37561e-11,1.93147e-12
Hessenberg basic,996,1,0,3,1e-12,0.325518,0,1.53477e-11,1.8445e-12
Hessenberg basic,996,1,1,3,1e-12,1.00405,0,1.21645e-11,1.8782e-12
Hessenberg basic,997,1,0,3,1e-12,0.377919,0,1.45519e-11,1.8384e-12
Hessenberg basic,997,1,1,3,1e-12,1.37665,0,1.47793e-11,1.88376e-12
Hessenberg basic,998,1,0,3,1e-12,0.549976,0,1.39835e-11,1.85593e-12
Hessenberg basic,998,1,1,3,1e-12,1.04208,0,1.19371e-11,1.86601e-12
Hessenberg basic,999,1,0,3,1e-12,0.518168,0,9.77707e-12,1.86749e-12
Hessenberg basic,999,1,1,3,1e-12,1.00167,0,1.14824e-11,1.98685e-12
Hessenberg basic,1000,1,0,3,1e-12,0.53304,0,1.21645e-11,1.78528e-12
Hessenberg basic,1000,1,1,3,1e-12,0.991994,0,1.92131e-11,2.08714e-12
