version, size, hermitian, complex, seed, tol, runtime in s,min_error, max_error, avg_error
Hessenberg basic,900,1,0,5,1e-12,0.38112,0,1.10276e-11,1.64553e-12
Hessenberg basic,900,1,1,5,1e-12,0.926047,0,1.22782e-11,1.73545e-12
Hessenberg basic,901,1,0,5,1e-12,0.411391,0,1.23919e-11,1.70859e-12
Hessenberg basic,901,1,1,5,1e-12,0.773223,0,1.45519e-11,1.79871e-12
Hessenberg basic,902,1,0,5,1e-12,0.28104,0,1.46656e-11,1.72492e-12
Hessenberg basic,902,1,1,5,1e-12,0.840203,0,1.40972e-11,1.68063e-12
Hessenberg basic,903,1,0,5,1e-12,0.261703,0,1.22782e-11,1.68678e-12
Hessenberg basic,903,1,1,5,1e-12,0.725261,0,1.39835e-11,1.71183e-12
Hessenberg basic,904,1,0,5,1e-12,0.520594,0,1.13687e-11,1.68454e-12
Hessenberg basic,904,1,1,5,1e-12,0.783057,0,1.29603e-11,1.77826e-12
Hessenberg basic,905,1,0,5,1e-12,0.247064,0,1.09139e-11,1.75502e-12
Hessenberg basic,905,1,1,5,1e-12,0.729237,0,9.43601e-12,1.72061e-12
Hessenberg basic,906,1,0,5,1e-12,0.367889,0,1.06866e-11,1.62389e-12
Hessenberg basic,906,1,1,5,1e-12,0.870563,0,1.46656e-11,1.69855e-12
Hessenberg basic,907,1,0,5,1e-12,0.369712,0,1.19371e-11,1.66365e-12
Hessenberg basic,907,1,1,5,1e-12,0.749767,0,1.3415e-11,1.78507e-12
Hessenberg basic,908,1,0,5,1e-12,0.287414,0,1.38698e-11,1.75094e-12
Hessenberg basic,908,1,1,5,1e-12,0.938881,0,1.20508e-11,1.66078e-12
Hessenberg basic,909,1,0,5,1e-12,0.45128,0,1.64846e-11,1.72649e-12
Hessenberg basic,909,1,1,5,1e-12,0.735117,0,1.62572e-11,1.84086e-12
Hessenberg basic,910,1,0,5,1e-12,0.278707,0,2.02363e-11,1.63247e-12
Hessenberg basic,910,1,1,5,1e-12,0.949752,0,1.64846e-11,1.74463e-12
Hessenberg basic,911,1,0,5,1e-12,0.373817,0,1.28466e-11,1.68508e-12
Hessenberg basic,911,1,1,5,1e-12,0.727476,0,1.71667e-11,1.88597e-12
Hessenberg basic,912,1,0,5,1e-12,0.265108,0,9.77707e-12,1.75351e-12
Hessenberg basic,912,1,1,5,1e-12,1.12063,0,1.37561e-11,1.83318e-12
Hessenberg basic,913,1,0,5,1e-12,0.48543,0,1.1255e-11,1.72779e-12
Hessenberg basic,913,1,1,5,1e-12,0.82687,0,1.15961e-11,1.74149e-12
Hessenberg basic,914,1,0,5,1e-12,0.244625,0,1.18234e-11,1.82556e-12
Hessenberg basic,914,1,1,5,1e-12,1.0747,0,1.1255e-11,1.77256e-12
Hessenberg basic,915,1,0,5,1e-12,0.499883,0,1.44382e-11,1.66705e-12
Hessenberg basic,915,1,1,5,1e-12,0.746934,0,1.56888e-11,1.69231e-12
Hessenberg basic,916,1,0,5,1e-12,0.374393,0,1.09139e-11,1.72925e-12
Hessenberg basic,916,1,1,5,1e-12,1.00898,0,1.27329e-11,1.65523e-12
Hessenberg basic,917,1,0,5,1e-12,0.400183,0,1.46656e-11,1.6458e-12
Hessenberg basic,917,1,1,5,1e-12,0.782043,0,1.62572e-11,2.01643e-12
Hessenberg basic,918,1,0,5,1e-12,0.278343,0,1.13687e-11,1.64871e-12
Hessenberg basic,918,1,1,5,1e-12,1.10463,0,1.46656e-11,1.96512e-12
Hessenberg basic,919,1,0,5,1e-12,0.382257,0,1.15961e-11,1.68382e-12
Hessenberg basic,919,1,1,5,1e-12,0.807774,0,1.72804e-11,1.80914e-12
Hessenberg basic,920,1,0,5,1e-12,0.286389,0,1.21645e-11,1.62674e-12
Hessenberg basic,920,1,1,5,1e-12,1.02403,0,1.02318e-11,1.64443e-12
Hessenberg basic,921,1,0,5,1e-12,0.37779,0,1.31877e-11,1.71272e-12
Hessenberg basic,921,1,1,5,1e-12,0.731266,0,1.08002e-11,1.78213e-12
Hessenberg basic,922,1,0,5,1e-12,0.28397,0,1.22213e-11,1.71412e-12
Hessenberg basic,922,1,1,5,1e-12,1.23858,0,1.54614e-11,1.86941e-12
Hessenberg basic,923,1,0,5,1e-12,0.399327,0,1.71667e-11,1.78493e-12
Hessenberg basic,923,1,1,5,1e-12,0.86058,0,1.15961e-11,1.63519e-12
Hessenberg basic,924,1,0,5,1e-12,0.364675,0,1.25056e-11,1.64067e-12
Hessenberg basic,924,1,1,5,1e-12,0.887967,0,1.56888e-11,1.81741e-12
Hessenberg basic,925,1,0,5,1e-12,0.485999,0,1.19371e-11,1.71746e-12
Hessenberg basic,925,1,1,5,1e-12,0.801703,0,1.42109e-11,1.66963e-12
Hessenberg basic,926,1,0,5,1e-12,0.289177,0,1.29603e-11,1.72258e-12
Hessenberg basic,926,1,1,5,1e-12,0.918955,0,1.45519e-11,1.6998e-12
Hessenberg basic,927,1,0,5,1e-12,0.480047,0,1.28466e-11,1.87195e-12
Hessenberg basic,927,1,1,5,1e-12,0.773701,0,1.08002e-11,1.74317e-12
Hessenberg basic,928,1,0,5,1e-12,0.294096,0,1.27329e-11,1.60975e-12
Hessenberg basic,928,1,1,5,1e-12,0.885616,0,1.23919e-11,1.65209e-12
Hessenberg basic,929,1,0,5,1e-12,0.420427,0,1.22782e-11,1.62202e-12
Hessenberg basic,929,1,1,5,1e-12,0.827019,0,1.21645e-11,1.72792e-12
Hessenberg basic,930,1,0,5,1e-12,0.302679,0,1.20508e-11,1.75003e-12
Hessenberg basic,930,1,1,5,1e-12,0.847512,0,1.20508e-11,1.68032e-12
Hessenberg basic,931,1,0,5,1e-12,0.506495,0,1.3074e-11,1.64205e-12
Hessenberg basic,931,1,1,5,1e-12,0.809681,0,1.15961e-11,1.8309e-12
Hessenberg basic,932,1,0,5,1e-12,0.325073,0,1.31877e-11,1.7016e-12
Hessenberg basic,932,1,1,5,1e-12,0.814103,0,1.23919e-11,1.88157e-12
Hessenberg basic,933,1,0,5,1e-12,0.538066,0,1.02318e-11,1.58721e-12
Hessenberg basic,933,1,1,5,1e-12,0.863172,0,1.83036e-11,1.82724e-12
Hessenberg basic,934,1,0,5,1e-12,0.328977,0,1.21645e-11,1.70923e-12
Hessenberg basic,934,1,1,5,1e-12,0.814947,0,1.03455e-11,1.68859e-12
Hessenberg basic,935,1,0,5,1e-12,0.611573,0,1.37561e-11,1.62989e-12
Hessenberg basic,935,1,1,5,1e-12,0.880991,0,1.6712e-11,1.79421e-12
Hessenberg basic,936,1,0,5,1e-12,0.374065,0,1.22782e-11,1.6177e-12
Hessenberg basic,936,1,1,5,1e-12,0.814429,0,1.36424e-11,1.7849e-12
Hessenberg basic,937,1,0,5,1e-12,0.659895,0,1.5234e-11,1.67782e-12
Hessenberg basic,937,1,1,5,1e-12,1.0129,0,1.27329e-11,1.81754e-12
Hessenberg basic,938,1,0,5,1e-12,0.315382,0,1.29603e-11,1.73045e-12
Hessenberg basic,938,1,1,5,1e-12,0.82393,0,1.40972e-11,1.74023e-12
Hessenberg basic,939,1,0,5,1e-12,0.591947,0,1.1255e-11,1.79744e-12
Hessenberg basic,939,1,1,5,1e-12,0.971612,0,1.17097e-11,1.64308e-12
Hessenberg basic,940,1,0,5,1e-12,0.506566,0,1.1255e-11,1.61241e-12
Hessenberg basic,940,1,1,5,1e-12,0.831755,0,1.04592e-11,1.78346e-12
Hessenberg basic,941,1,0,5,1e-12,0.615858,0,1.1255e-11,1.6323e-12
Hessenberg basic,941,1,1,5,1e-12,1.15711,0,2.00089e-11,1.87032e-12
Hessenberg basic,942,1,0,5,1e-12,0.433559,0,1.44382e-11,1.64857e-12
Hessenberg basic,942,1,1,5,1e-12,0.828174,0,1.25056e-11,1.76448e-12
Hessenberg basic,943,1,0,5,1e-12,0.438168,0,1.20508e-11,1.6003e-12
Hessenberg basic,943,1,1,5,1e-12,1.06491,0,1.11413e-11,1.7028e-12
Hessenberg basic,944,1,0,5,1e-12,0.453318,0,1.21645e-11,1.68599e-12
Hessenberg basic,944,1,1,5,1e-12,0.832099,0,1.31877e-11,1.775e-12
Hessenberg basic,945,1,0,5,1e-12,0.442009,0,1.47793e-11,1.67098e-12
Hessenberg basic,945,1,1,5,1e-12,1.18978,0,1.03455e-11,1.67627e-12
Hessenberg basic,946,1,0,5,1e-12,0.49962,0,1.14824e-11,1.71944e-12
Hessenberg basic,946,1,1,5,1e-12,0.851244,0,1.43245e-11,1.88003e-12
Hessenberg basic,947,1,0,5,1e-12,0.348287,0,1.08002e-11,1.63677e-12
Hessenberg basic,947,1,1,5,1e-12,1.2281,0,2.13731e-11,1.78096e-12
Hessenberg basic,948,1,0,5,1e-12,0.503852,0,1.47793e-11,1.71635e-12
Hessenberg basic,948,1,1,5,1e-12,0.843691,0,1.19371e-11,1.78029e-12
Hessenberg basic,949,1,0,5,1e-12,0.334831,0,1.14824e-11,1.6317e-12
Hessenberg basic,949,1,1,5,1e-12,1.06603,0,1.23919e-11,1.72198e-12
Hessenberg basic,950,1,0,5,1e-12,0.601312,0,1.05729e-11,1.68364e-12
Hessenberg basic,950,1,1,5,1e-12,0.848114,0,1.95541e-11,1.81218e-12
Hessenberg basic,951,1,0,5,1e-12,0.327223,0,9.89075e-12,1.64693e-12
Hessenberg basic,951,1,1,5,1e-12,1.05617,0,1.3415e-11,1.77935e-12
Hessenberg basic,952,1,0,5,1e-12,0.561143,0,1.4893e-11,1.76664e-12
Hessenberg basic,952,1,1,5,1e-12,0.850802,0,1.28466e-11,1.8499e-12
Hessenberg basic,953,1,0,5,1e-12,0.447915,0,1.33014e-11,1.77589e-12
Hessenberg basic,953,1,1,5,1e-12,0.869625,0,1.43245e-11,1.87703e-12
Hessenberg basic,954,1,0,5,1e-12,0.299774,0,1.25056e-11,1.75452e-12
Hessenberg basic,954,1,1,5,1e-12,1.22885,0,1.09139e-11,1.85108e-12
Hessenberg basic,955,1,0,5,1e-12,0.536102,0,1.37561e-11,1.6786e-12
Hessenberg basic,955,1,1,5,1e-12,0.851599,0,1.47793e-11,1.72403e-12
Hessenberg basic,956,1,0,5,1e-12,0.307683,0,1.35287e-11,1.63453e-12
Hessenberg basic,956,1,1,5,1e-12,1.34749,0,1.79625e-11,1.87643e-12
Hessenberg basic,957,1,0,5,1e-12,0.394035,0,1.46656e-11,1.74078e-12
Hessenberg basic,957,1,1,5,1e-12,0.8582,0,1.28466e-11,1.83951e-12
Hessenberg basic,958,1,0,5,1e-12,0.336829,0,9.77707e-12,1.70532e-12
Hessenberg basic,958,1,1,5,1e-12,1.03005,0,1.76215e-11,1.8321e-12
Hessenberg basic,959,1,0,5,1e-12,0.590783,0,1.56888e-11,1.80877e-12
Hessenberg basic,959,1,1,5,1e-12,0.920635,0,1.37561e-11,1.83343e-12
Hessenberg basic,960,1,0,5,1e-12,0.335604,0,1.71667e-11,1.66823e-12
Hessenberg basic,960,1,1,5,1e-12,1.37221,0,1.21645e-11,1.86546e-12
Hessenberg basic,961,1,0,5,1e-12,0.582149,0,1.18234e-11,1.78932e-12
Hessenberg basic,961,1,1,5,1e-12,0.889477,0,1.18234e-11,1.81896e-12
Hessenberg basic,962,1,0,5,1e-12,0.485849,0,1.36424e-11,1.75363e-12
Hessenberg basic,962,1,1,5,1e-12,1.21038,0,1.43245e-11,1.73671e-12
Hessenberg basic,963,1,0,5,1e-12,0.412437,0,1.50067e-11,1.82726e-12
Hessenberg basic,963,1,1,5,1e-12,1.30005,0,1.42109e-11,1.89906e-12
Hessenberg basic,964,1,0,5,1e-12,0.497021,0,1.11413e-11,1.71803e-12
Hessenberg basic,964,1,1,5,1e-12,0.890429,0,1.53477e-11,1.78365e-12
Hessenberg basic,965,1,0,5,1e-12,0.320294,0,1.04592e-11,1.58233e-12
Hessenberg basic,965,1,1,5,1e-12,1.44753,0,1.19371e-11,1.82503e-12
Hessenberg basic,966,1,0,5,1e-12,0.41804,0,1.21645e-11,1.73054e-12
Hessenberg basic,966,1,1,5,1e-12,0.851675,0,1.22782e-11,1.84805e-12
Hessenberg basic,967,1,0,5,1e-12,0.370949,0,1.03455e-11,1.81344e-12
Hessenberg basic,967,1,1,5,1e-12,0.950999,0,1.58025e-11,1.72273e-12
Hessenberg basic,968,1,0,5,1e-12,0.701536,0,9.89075e-12,1.62205e-12
Hessenberg basic,968,1,1,5,1e-12,0.898316,0,1.58025e-11,1.83306e-12
Hessenberg basic,969,1,0,5,1e-12,0.647634,0,1.39835e-11,1.64986e-12
Hessenberg basic,969,1,1,5,1e-12,1.35384,0,1.06866e-11,1.78034e-12
Hessenberg basic,970,1,0,5,1e-12,0.327692,0,1.84173e-11,1.69726e-12
Hessenberg basic,970,1,1,5,1e-12,1.13896,0,1.61435e-11,1.90749e-12
Hessenberg basic,971,1,0,5,1e-12,0.36207,0,1.11413e-11,1.77798e-12
Hessenberg basic,971,1,1,5,1e-12,0.920964,0,1.58025e-11,1.90228e-12
Hessenberg basic,972,1,0,5,1e-12,0.368199,0,1.58025e-11,1.71479e-12
Hessenberg basic,972,1,1,5,1e-12,0.910392,0,1.38698e-11,1.79549e-12
Hessenberg basic,973,1,0,5,1e-12,0.332746,0,8.86757e-12,1.60688e-12
Hessenberg basic,973,1,1,5,1e-12,1.34544,0,1.10276e-11,1.67591e-12
Hessenberg basic,974,1,0,5,1e-12,0.409536,0,1.19371e-11,1.71094e-12
Hessenberg basic,974,1,1,5,1e-12,1.14312,0,1.53477e-11,1.76823e-12
Hessenberg basic,975,1,0,5,1e-12,0.33538,0,1.10276e-11,1.63782e-12
Hessenberg basic,975,1,1,5,1e-12,1.28741,0,1.17097e-11,1.7649e-12
Hessenberg basic,976,1,0,5,1e-12,0.503194,0,1.10276e-11,1.70089e-12
Hessenberg basic,976,1,1,5,1e-12,0.903715,0,1.4893e-11,1.85227e-12
Hessenberg basic,977,1,0,5,1e-12,0.352669,0,1.20508e-11,1.64427e-12
Hessenberg basic,977,1,1,5,1e-12,1.2972,0,1.46656e-11,1.75719e-12
Hessenberg basic,978,1,0,5,1e-12,0.334375,0,2.59206e-11,1.61776e-12
Hessenberg basic,978,1,1,5,1e-12,1.02292,0,1.21645e-11,1.71086e-12
Hessenberg basic,979,1,0,5,1e-12,0.355962,0,1.3074e-11,1.80609e-12
Hessenberg basic,979,1,1,5,1e-12,0.930653,0,1.58025e-11,1.80375e-12
Hessenberg basic,980,1,0,5,1e-12,0.562915,0,1.71667e-11,1.66674e-12
Hessenberg basic,980,1,1,5,1e-12,0.938324,0,1.22782e-11,1.7824e-12
Hessenberg basic,981,1,0,5,1e-12,0.469393,0,1.43245e-11,1.74403e-12
Hessenberg basic,981,1,1,5,1e-12,1.33942,0,1.38698e-11,1.89046e-12
Hessenberg basic,982,1,0,5,1e-12,0.340348,0,1.1255e-11,1.62108e-12
Hessenberg basic,982,1,1,5,1e-12,1.05892,0,1.6712e-11,1.85863e-12
Hessenberg basic,983,1,0,5,1e-12,0.341416,0,1.02318e-11,1.60509e-12
Hessenberg basic,983,1,1,5,1e-12,1.11718,0,1.56888e-11,1.76211e-12
Hessenberg basic,984,1,0,5,1e-12,0.377625,0,1.35287e-11,1.64163e-12
Hessenberg basic,984,1,1,5,1e-12,0.923528,0,1.58025e-11,1.94372e-12
Hessenberg basic,985,1,0,5,1e-12,0.524672,0,1.25056e-11,1.74856e-12
Hessenberg basic,985,1,1,5,1e-12,0.948533,0,1.18234e-11,1.71273e-12
Hessenberg basic,986,1,0,5,1e-12,0.392048,0,1.25056e-11,1.73222e-12
Hessenberg basic,986,1,1,5,1e-12,1.43729,0,1.19371e-11,1.83424e-12
Hessenberg basic,987,1,0,5,1e-12,0.448603,0,1.21645e-11,1.62372e-12
Hessenberg basic,987,1,1,5,1e-12,1.45038,0,1.54614e-11,1.81882e-12
Hessenberg basic,988,1,0,5,1e-12,0.613856,0,1.19371e-11,1.7675e-12
Hessenberg basic,988,1,1,5,1e-12,1.51446,0,1.31877e-11,1.75872e-12
Hessenberg basic,989,1,0,5,1e-12,0.44671,0,1.3415e-11,1.86743e-12
Hessenberg basic,989,1,1,5,1e-12,1.41287,0,1.58025e-11,1.83776e-12
Hessenberg basic,990,1,0,5,1e-12,0.553618,0,1.36424e-11,1.6439e-12
Hessenberg basic,990,1,1,5,1e-12,1.4138,0,1.53477e-11,1.82143e-12
Hessenberg basic,991,1,0,5,1e-12,0.657995,0,2.04636e-11,1.81399e-12
Hessenberg basic,991,1,1,5,1e-12,1.50751,0,1.95541e-11,1.85067e-12
Hessenberg basic,992,1,0,5,1e-12,0.440376,0,1.59162e-11,1.74677e-12
Hessenberg basic,992,1,1,5,1e-12,1.41898,0,1.36424e-11,1.95428e-12
Hessenberg basic,993,1,0,5,1e-12,0.503349,0,1.17097e-11,1.78543e-12
Hessenberg basic,993,1,1,5,1e-12,1.41653,0,1.26192e-11,1.94268e-12
Hessenberg basic,994,1,0,5,1e-12,0.537437,0,2.22826e-11,1.77319e-12
Hessenberg basic,994,1,1,5,1e-12,1.43259,0,1.58025e-11,1.84791e-12
Hessenberg basic,995,1,0,5,1e-12,0.443084,0,1.15961e-11,1.68946e-12
Hessenberg basic,995,1,1,5,1e-12,1.46451,0,1.46656e-11,1.78558e-12
Hessenberg basic,996,1,0,5,1e-12,0.470474,0,1.78488e-11,1.8319e-12
Hessenberg basic,996,1,1,5,1e-12,1.49705,0,1.38698e-11,1.92841e-12
Hessenberg basic,997,1,0,5,1e-12,0.531502,0,1.33014e-11,1.80165e-12
Hessenberg basic,997,1,1,5,1e-12,1.36243,0,1.96678e-11,1.80588e-12
Hessenberg basic,998,1,0,5,1e-12,0.389272,0,1.60298e-11,1.77968e-12
Hessenberg basic,998,1,1,5,1e-12,1.40074,0,1.23919e-11,1.9339e-12
Hessenberg basic,999,1,0,5,1e-12,0.700688,0,1.59162e-11,1.82124e-12
Hessenberg basic,999,1,1,5,1e-12,1.60061,0,1.19371e-11,1.89217e-12
Hessenberg basic,1000,1,0,5,1e-12,0.520879,0,1.35287e-11,1.78509e-12
Hessenberg basic,1000,1,1,5,1e-12,1.37963,0,2.0691e-11,1.84927e-12
