version, size, hermitian, complex, seed, tol, runtime in s,min_error, max_error, avg_error
Hessenberg basic,900,0,0,2,1e-12,1.52592,6.48158e-05,0.297637,0.0304198
Hessenberg basic,900,0,1,2,1e-12,2.98721,0.000188002,0.296746,0.03535
Hessenberg basic,901,0,0,2,1e-12,1.137,5.70719e-06,0.27578,0.0301221
Hessenberg basic,901,0,1,2,1e-12,3.25309,0.00101573,0.307259,0.0348412
Hessenberg basic,902,0,0,2,1e-12,0.797556,3.26559e-06,0.243433,0.0303926
Hessenberg basic,902,0,1,2,1e-12,2.482,0.000966242,0.236501,0.0352867
Hessenberg basic,903,0,0,2,1e-12,1.11299,1.22328e-05,0.234493,0.0313048
Hessenberg basic,903,0,1,2,1e-12,2.5521,0.000627852,0.253093,0.0349257
Hessenberg basic,904,0,0,2,1e-12,0.87225,6.55624e-05,0.209174,0.0308822
Hessenberg basic,904,0,1,2,1e-12,3.16691,0.0011856,0.328669,0.0340913
Hessenberg basic,905,0,0,2,1e-12,0.952706,9.39668e-05,0.28222,0.0312248
Hessenberg basic,905,0,1,2,1e-12,2.71771,0.000150127,0.328683,0.0340267
Hessenberg basic,906,0,0,2,1e-12,0.892466,5.63355e-05,0.258386,0.0305997
Hessenberg basic,906,0,1,2,1e-12,2.80418,0.000697459,0.235116,0.0342844
Hessenberg basic,907,0,0,2,1e-12,1.18787,2.32956e-05,0.266388,0.0314104
Hessenberg basic,907,0,1,2,1e-12,3.07472,0.00114002,0.221874,0.0339898
Hessenberg basic,908,0,0,2,1e-12,0.990915,2.04305e-06,0.267847,0.0316853
Hessenberg basic,908,0,1,2,1e-12,3.01922,0.00107743,0.386539,0.034914
Hessenberg basic,909,0,0,2,1e-12,1.1636,2.83567e-05,0.422255,0.0303043
Hessenberg basic,909,0,1,2,1e-12,3.20055,0.000791416,0.31935,0.035064
Hessenberg basic,910,0,0,2,1e-12,1.05002,2.24205e-05,0.186349,0.0288637
Hessenberg basic,910,0,1,2,1e-12,3.09794,0.00122068,0.258298,0.0339372
Hessenberg basic,911,0,0,2,1e-12,1.07448,5.49089e-05,0.364208,0.0307209
Hessenberg basic,911,0,1,2,1e-12,3.09041,0.00127749,0.261967,0.0349489
Hessenberg basic,912,0,0,2,1e-12,0.959706,3.88897e-05,0.246955,0.0315141
Hessenberg basic,912,0,1,2,1e-12,2.92052,0.000311092,0.220531,0.0344867
Hessenberg basic,913,0,0,2,1e-12,1.13444,8.43892e-06,0.299996,0.0305604
Hessenberg basic,913,0,1,2,1e-12,2.8414,0.00165522,0.289232,0.0345666
Hessenberg basic,914,0,0,2,1e-12,0.872233,7.89221e-05,0.219422,0.0291245
Hessenberg basic,914,0,1,2,1e-12,3.09083,0.000764483,0.2345,0.0344186
Hessenberg basic,915,0,0,2,1e-12,1.02843,0.000100916,0.278946,0.0301125
Hessenberg basic,915,0,1,2,1e-12,2.9135,0.00071478,0.305769,0.0342704
Hessenberg basic,916,0,0,2,1e-12,1.40721,1.05205e-05,0.30002,0.030297
Hessenberg basic,916,0,1,2,1e-12,3.1261,0.00127381,0.221782,0.0339409
Hessenberg basic,917,0,0,2,1e-12,1.38023,0.000147704,0.410397,0.0330815
Hessenberg basic,917,0,1,2,1e-12,3.08528,0.00086407,0.256983,0.0356241
Hessenberg basic,918,0,0,2,1e-12,1.4764,0.000156277,0.224977,0.0310766
Hessenberg basic,918,0,1,2,1e-12,3.28006,0.00149132,0.245024,0.0335779
Hessenberg basic,919,0,0,2,1e-12,1.1725,0.000290874,0.21738,0.0305633
Hessenberg basic,919,0,1,2,1e-12,3.20821,0.00110749,0.23174,0.0349011
Hessenberg basic,920,0,0,2,1e-12,1.25046,0.000155846,0.293414,0.0311655
Hessenberg basic,920,0,1,2,1e-12,3.25992,0.000863623,0.272863,0.0327267
Hessenberg basic,921,0,0,2,1e-12,0.895864,0.000163034,0.245569,0.0296053
Hessenberg basic,921,0,1,2,1e-12,3.25996,0.000657505,0.221867,0.0343554
Hessenberg basic,922,0,0,2,1e-12,1.0166,4.41221e-06,0.195944,0.0299172
Hessenberg basic,922,0,1,2,1e-12,3.09402,0.000754435,0.334018,0.0347877
Hessenberg basic,923,0,0,2,1e-12,1.05847,0.000115894,0.344507,0.0312302
Hessenberg basic,923,0,1,2,1e-12,3.38718,0.000535981,0.303061,0.034466
Hessenberg basic,924,0,0,2,1e-12,1.1716,3.35583e-05,0.298829,0.0299264
Hessenberg basic,924,0,1,2,1e-12,3.13425,0.00096794,0.250693,0.0338544
Hessenberg basic,925,0,0,2,1e-12,1.39328,4.17337e-05,0.205658,0.0308737
Hessenberg basic,925,0,1,2,1e-12,3.41274,0.000354773,0.240987,0.034501
Hessenberg basic,926,0,0,2,1e-12,1.19885,0.0001108,0.180208,0.0301622
Hessenberg basic,926,0,1,2,1e-12,3.31089,0.00031056,0.217636,0.0347229
Hessenberg basic,927,0,0,2,1e-12,1.32836,0.000131497,0.17696,0.031333
Hessenberg basic,927,0,1,2,1e-12,3.37647,0.0011298,0.255239,0.0343547
Hessenberg basic,928,0,0,2,1e-12,0.924611,3.28e-05,0.380552,0.0317996
Hessenberg basic,928,0,1,2,1e-12,3.47884,0.0013653,0.274093,0.0339267
Hessenberg basic,929,0,0,2,1e-12,1.06529,8.47649e-05,0.236381,0.0311608
Hessenberg basic,929,0,1,2,1e-12,3.14332,0.000727987,0.389799,0.034638
Hessenberg basic,930,0,0,2,1e-12,1.42891,7.16494e-05,0.258461,0.0312064
Hessenberg basic,930,0,1,2,1e-12,3.32444,0.0012298,0.242095,0.0357093
Hessenberg basic,931,0,0,2,1e-12,1.37564,0.000277193,0.336974,0.0311848
Hessenberg basic,931,0,1,2,1e-12,3.35518,0.000461811,0.260085,0.0331977
Hessenberg basic,932,0,0,2,1e-12,1.4948,1.98827e-05,0.18389,0.0284677
Hessenberg basic,932,0,1,2,1e-12,3.48879,0.00181852,0.265142,0.0348534
Hessenberg basic,933,0,0,2,1e-12,1.05368,3.99246e-05,0.274313,0.030384
Hessenberg basic,933,0,1,2,1e-12,3.57741,0.000528017,0.19223,0.03447
Hessenberg basic,934,0,0,2,1e-12,1.08676,6.98122e-06,0.441419,0.0314298
Hessenberg basic,934,0,1,2,1e-12,3.27866,0.00204832,0.302594,0.034399
Hessenberg basic,935,0,0,2,1e-12,1.19423,1.62347e-05,0.229236,0.0302819
Hessenberg basic,935,0,1,2,1e-12,3.43703,0.000276325,0.305307,0.0336761
Hessenberg basic,936,0,0,2,1e-12,1.37985,7.43037e-05,0.308346,0.0295527
Hessenberg basic,936,0,1,2,1e-12,3.36414,0.000512927,0.229985,0.0343076
Hessenberg basic,937,0,0,2,1e-12,1.54604,4.60939e-06,0.284062,0.030763
Hessenberg basic,937,0,1,2,1e-12,3.53894,0.00139605,0.214373,0.0329576
Hessenberg basic,938,0,0,2,1e-12,1.08332,2.93042e-05,0.265776,0.0304874
Hessenberg basic,938,0,1,2,1e-12,3.66142,0.00065241,0.267658,0.0346094
Hessenberg basic,939,0,0,2,1e-12,1.21542,2.67797e-05,0.20728,0.0297094
Hessenberg basic,939,0,1,2,1e-12,3.36444,0.000218762,0.201054,0.0332899
Hessenberg basic,940,0,0,2,1e-12,1.33041,0.000133561,0.2263,0.0285759
Hessenberg basic,940,0,1,2,1e-12,3.38022,0.000497663,0.260154,0.0332485
Hessenberg basic,941,0,0,2,1e-12,1.42688,6.83959e-05,0.191183,0.0285147
Hessenberg basic,941,0,1,2,1e-12,3.44002,0.000712509,0.248927,0.0328511
Hessenberg basic,942,0,0,2,1e-12,1.59601,0.000170756,0.186212,0.0294585
Hessenberg basic,942,0,1,2,1e-12,3.60192,0.00175453,0.251031,0.0331025
Hessenberg basic,943,0,0,2,1e-12,1.19508,0.00011858,0.332779,0.0314158
Hessenberg basic,943,0,1,2,1e-12,3.80046,0.00142527,0.246337,0.0338428
Hessenberg basic,944,0,0,2,1e-12,1.32142,0.000108825,0.323249,0.0311616
Hessenberg basic,944,0,1,2,1e-12,3.29912,0.000454359,0.283134,0.0346371
Hessenberg basic,945,0,0,2,1e-12,1.51402,0.000332393,0.261353,0.031515
Hessenberg basic,945,0,1,2,1e-12,3.61313,0.00130109,0.291786,0.0344974
Hessenberg basic,946,0,0,2,1e-12,1.14811,4.4087e-06,0.242506,0.0302737
Hessenberg basic,946,0,1,2,1e-12,3.71249,0.000234676,0.352482,0.0347781
Hessenberg basic,947,0,0,2,1e-12,1.18497,1.80397e-05,0.352904,0.0310115
Hessenberg basic,947,0,1,2,1e-12,3.54435,0.0013774,0.212717,0.032609
Hessenberg basic,948,0,0,2,1e-12,1.25723,0.000147438,0.207026,0.029353
Hessenberg basic,948,0,1,2,1e-12,3.55128,0.00124216,0.286226,0.0350785
Hessenberg basic,949,0,0,2,1e-12,1.44186,4.15569e-05,0.303275,0.0307115
Hessenberg basic,949,0,1,2,1e-12,3.47206,0.00091974,0.254241,0.0348262
Hessenberg basic,950,0,0,2,1e-12,1.64513,0.000121896,0.287897,0.0300035
Hessenberg basic,950,0,1,2,1e-12,3.65868,0.000217965,0.286044,0.033804
Hessenberg basic,951,0,0,2,1e-12,1.19891,4.38033e-06,0.251179,0.0293863
Hessenberg basic,951,0,1,2,1e-12,3.95088,0.000679495,0.229565,0.0345874
Hessenberg basic,952,0,0,2,1e-12,1.43661,0.000110065,0.448229,0.0306901
Hessenberg basic,952,0,1,2,1e-12,3.48098,0.000219253,0.226498,0.0341294
Hessenberg basic,953,0,0,2,1e-12,1.66865,5.85507e-05,0.257057,0.0300713
Hessenberg basic,953,0,1,2,1e-12,3.73782,0.00160515,0.223588,0.0332366
Hessenberg basic,954,0,0,2,1e-12,1.17405,7.4672e-05,0.308599,0.029435
Hessenberg basic,954,0,1,2,1e-12,3.95201,0.00107014,0.312427,0.0363188
Hessenberg basic,955,0,0,2,1e-12,1.4592,0.000124885,0.192692,0.0288278
Hessenberg basic,955,0,1,2,1e-12,3.48907,0.00131411,0.192432,0.0333289
Hessenberg basic,956,0,0,2,1e-12,1.65383,1.25115e-05,0.168517,0.0287069
Hessenberg basic,956,0,1,2,1e-12,3.74653,0.00130995,0.254497,0.0348756
Hessenberg basic,957,0,0,2,1e-12,1.27083,9.11429e-05,0.328279,0.0307377
Hessenberg basic,957,0,1,2,1e-12,4.01143,0.00102734,0.226316,0.0340039
Hessenberg basic,958,0,0,2,1e-12,1.46617,1.51779e-05,0.323783,0.0310362
Hessenberg basic,958,0,1,2,1e-12,3.5388,0.000958156,0.364615,0.0338915
Hessenberg basic,959,0,0,2,1e-12,1.72883,4.52202e-05,0.212511,0.0299037
Hessenberg basic,959,0,1,2,1e-12,3.86289,0.000683898,0.262772,0.0331394
Hessenberg basic,960,0,0,2,1e-12,1.21086,0.000147969,0.205934,0.0296952
Hessenberg basic,960,0,1,2,1e-12,4.00137,0.00096782,0.190848,0.0335591
Hessenberg basic,961,0,0,2,1e-12,1.39688,0.000107668,0.404453,0.0298064
Hessenberg basic,961,0,1,2,1e-12,3.5725,0.000710113,0.283335,0.0325204
Hessenberg basic,962,0,0,2,1e-12,1.69307,3.3177e-05,0.330854,0.0309313
Hessenberg basic,962,0,1,2,1e-12,3.8592,0.00128551,0.279981,0.0345618
Hessenberg basic,963,0,0,2,1e-12,1.17188,0.000150946,0.325179,0.0314547
Hessenberg basic,963,0,1,2,1e-12,4.0663,4.38421e-05,0.309533,0.0328175
Hessenberg basic,964,0,0,2,1e-12,1.33294,1.97245e-05,0.279238,0.0289301
Hessenberg basic,964,0,1,2,1e-12,3.54092,0.000229979,0.280233,0.0345924
Hessenberg basic,965,0,0,2,1e-12,1.60561,7.06024e-05,0.277782,0.0277671
Hessenberg basic,965,0,1,2,1e-12,3.84594,0.00114269,0.333328,0.0341574
Hessenberg basic,966,0,0,2,1e-12,1.20561,7.5131e-05,0.287432,0.0292424
Hessenberg basic,966,0,1,2,1e-12,4.06505,0.000389494,0.212623,0.0339976
Hessenberg basic,967,0,0,2,1e-12,1.38317,4.41082e-05,0.336503,0.0317545
Hessenberg basic,967,0,1,2,1e-12,3.57596,0.00105668,0.210767,0.0318511
Hessenberg basic,968,0,0,2,1e-12,1.873,7.08211e-05,0.222302,0.0294198
Hessenberg basic,968,0,1,2,1e-12,3.79646,0.00018029,0.222839,0.0337033
Hessenberg basic,969,0,0,2,1e-12,1.2562,2.57944e-05,0.232915,0.0311518
Hessenberg basic,969,0,1,2,1e-12,4.08442,0.00124907,0.299218,0.0342248
Hessenberg basic,970,0,0,2,1e-12,1.38532,1.84257e-05,0.394394,0.0289372
Hessenberg basic,970,0,1,2,1e-12,3.56109,0.00114487,0.272642,0.0327934
Hessenberg basic,971,0,0,2,1e-12,1.90852,0.000180117,0.352982,0.0303251
Hessenberg basic,971,0,1,2,1e-12,3.86346,0.000624375,0.294443,0.0338594
Hessenberg basic,972,0,0,2,1e-12,1.30543,0.000195906,0.230927,0.02889
Hessenberg basic,972,0,1,2,1e-12,4.10255,0.000824154,0.27293,0.0331715
Hessenberg basic,973,0,0,2,1e-12,1.49515,5.38004e-06,0.330358,0.0308785
Hessenberg basic,973,0,1,2,1e-12,3.6844,0.000655788,0.266586,0.0339316
Hessenberg basic,974,0,0,2,1e-12,1.86676,4.70757e-05,0.323284,0.0296769
Hessenberg basic,974,0,1,2,1e-12,4.02665,0.000761924,0.200932,0.0338548
Hessenberg basic,975,0,0,2,1e-12,1.31285,0.000109312,0.211257,0.0300301
Hessenberg basic,975,0,1,2,1e-12,4.27207,0.000197166,0.238964,0.0335741
Hessenberg basic,976,0,0,2,1e-12,1.69522,2.40636e-05,0.289735,0.0312465
Hessenberg basic,976,0,1,2,1e-12,3.75695,0.000533224,0.294061,0.0346109
Hessenberg basic,977,0,0,2,1e-12,1.86289,3.32832e-05,0.26262,0.03066
Hessenberg basic,977,0,1,2,1e-12,4.02508,0.00191343,0.191749,0.0314381
Hessenberg basic,978,0,0,2,1e-12,1.48487,1.08006e-05,0.276825,0.0288799
Hessenberg basic,978,0,1,2,1e-12,4.05392,0.000974044,0.270305,0.0332297
Hessenberg basic,979,0,0,2,1e-12,1.77854,0.000334136,0.168036,0.0287243
Hessenberg basic,979,0,1,2,1e-12,3.89724,0.00108053,0.251288,0.0342131
Hessenberg basic,980,0,0,2,1e-12,1.78297,6.3978e-05,0.304709,0.0300627
Hessenberg basic,980,0,1,2,1e-12,4.05213,0.000226704,0.279514,0.0339617
Hessenberg basic,981,0,0,2,1e-12,1.45802,0.000114437,0.28861,0.0310153
Hessenberg basic,981,0,1,2,1e-12,4.07948,0.00103111,0.249502,0.0325572
Hessenberg basic,982,0,0,2,1e-12,1.77023,0.000183765,0.324544,0.0305643
Hessenberg basic,982,0,1,2,1e-12,3.62976,0.00121038,0.216172,0.0339659
Hessenberg basic,983,0,0,2,1e-12,2.12494,7.99589e-05,0.201816,0.0294791
Hessenberg basic,983,0,1,2,1e-12,3.57335,0.00118861,0.211557,0.0329049
Hessenberg basic,984,0,0,2,1e-12,1.39945,0.000169646,0.254566,0.0307837
Hessenberg basic,984,0,1,2,1e-12,3.64794,0.00116377,0.178475,0.0337726
Hessenberg basic,985,0,0,2,1e-12,1.39325,1.25747e-05,0.488821,0.0295149
Hessenberg basic,985,0,1,2,1e-12,2.97436,0.00193417,0.50452,0.0346313
Hessenberg basic,986,0,0,2,1e-12,2.24692,5.85731e-05,0.285928,0.029175
Hessenberg basic,986,0,1,2,1e-12,2.95206,0.00181403,0.223517,0.0328201
Hessenberg basic,987,0,0,2,1e-12,1.61492,3.80752e-05,0.26477,0.0319755
Hessenberg basic,987,0,1,2,1e-12,3.3166,0.00111785,0.237622,0.0331323
Hessenberg basic,988,0,0,2,1e-12,1.74303,2.05065e-05,0.242745,0.0288397
Hessenberg basic,988,0,1,2,1e-12,2.87048,0.000619083,0.286746,0.033095
Hessenberg basic,989,0,0,2,1e-12,1.4709,9.65811e-05,0.228341,0.0301474
Hessenberg basic,989,0,1,2,1e-12,3.11368,0.00046288,0.26503,0.0320614
Hessenberg basic,990,0,0,2,1e-12,1.16,5.03661e-05,0.324839,0.0281929
Hessenberg basic,990,0,1,2,1e-12,3.89103,0.00109559,0.26059,0.0330944
Hessenberg basic,991,0,0,2,1e-12,1.30759,0.000111206,0.209906,0.0296135
Hessenberg basic,991,0,1,2,1e-12,4.58585,0.000344891,0.202192,0.0327342
Hessenberg basic,992,0,0,2,1e-12,1.48843,5.25242e-06,0.243088,0.0295398
Hessenberg basic,992,0,1,2,1e-12,4.22036,0.000631633,0.251379,0.0338516
Hessenberg basic,993,0,0,2,1e-12,1.86019,0.000295465,0.367028,0.0304675
Hessenberg basic,993,0,1,2,1e-12,4.65944,0.00055495,0.336783,0.0334816
Hessenberg basic,994,0,0,2,1e-12,1.4476,4.23895e-07,0.265044,0.0301713
Hessenberg basic,994,0,1,2,1e-12,4.59618,0.000665785,0.267847,0.0344437
Hessenberg basic,995,0,0,2,1e-12,1.60061,1.26112e-05,0.508223,0.0311858
Hessenberg basic,995,0,1,2,1e-12,4.74469,0.000904952,0.240879,0.033082
Hessenberg basic,996,0,0,2,1e-12,1.60341,6.87921e-05,0.183016,0.0287795
Hessenberg basic,996,0,1,2,1e-12,4.20025,0.000496828,0.223257,0.0340863
Hessenberg basic,997,0,0,2,1e-12,1.2423,0.000304197,0.176336,0.0291715
Hessenberg basic,997,0,1,2,1e-12,4.17129,0.000382974,0.272331,0.0320952
Hessenberg basic,998,0,0,2,1e-12,1.19194,0.00023682,0.213411,0.0288245
Hessenberg basic,998,0,1,2,1e-12,4.27424,0.000413687,0.282521,0.0329885
Hessenberg basic,999,0,0,2,1e-12,1.08736,8.3836e-05,0.18782,0.0284795
Hessenberg basic,999,0,1,2,1e-12,3.504,0.000101621,0.236584,0.0327804
Hessenberg basic,1000,0,0,2,1e-12,1.30881,1.46462e-05,0.251176,0.0297815
Hessenberg basic,1000,0,1,2,1e-12,3.53284,0.000408717,0.210897,0.0336442
