version, size, hermitian, complex, seed, tol, runtime in s,min_error, max_error, avg_error
Hessenberg basic,900,0,0,6,1e-12,1.1359,7.64887e-05,0.201724,0.0313241
Hessenberg basic,900,0,1,6,1e-12,2.37417,0.000740559,0.224545,0.0353634
Hessenberg basic,901,0,0,6,1e-12,1.54345,6.8894e-05,0.205922,0.0295171
Hessenberg basic,901,0,1,6,1e-12,2.83024,0.00119207,0.350126,0.0352716
Hessenberg basic,902,0,0,6,1e-12,1.22878,0.000173305,0.179599,0.0303908
Hessenberg basic,902,0,1,6,1e-12,2.07163,0.000250907,0.281202,0.0349839
Hessenberg basic,903,0,0,6,1e-12,1.2844,3.33872e-05,0.175889,0.0310739
Hessenberg basic,903,0,1,6,1e-12,2.70133,0.00151341,0.311126,0.0341835
Hessenberg basic,904,0,0,6,1e-12,1.57963,0.00027163,0.221321,0.0302311
Hessenberg basic,904,0,1,6,1e-12,2.24963,0.00103367,0.288989,0.0344788
Hessenberg basic,905,0,0,6,1e-12,1.45265,0.000163251,0.265466,0.0320805
Hessenberg basic,905,0,1,6,1e-12,3.06979,0.00024837,0.320864,0.0358466
Hessenberg basic,906,0,0,6,1e-12,0.886934,4.16189e-06,0.240852,0.029692
Hessenberg basic,906,0,1,6,1e-12,2.49685,0.00117698,0.378196,0.0339378
Hessenberg basic,907,0,0,6,1e-12,0.850327,3.73965e-05,0.236221,0.0318658
Hessenberg basic,907,0,1,6,1e-12,2.80974,0.00160259,0.290193,0.0359382
Hessenberg basic,908,0,0,6,1e-12,1.26261,2.57868e-05,0.22455,0.031539
Hessenberg basic,908,0,1,6,1e-12,2.94456,0.000538839,0.374693,0.0354686
Hessenberg basic,909,0,0,6,1e-12,1.06262,7.38614e-05,0.205824,0.0297168
Hessenberg basic,909,0,1,6,1e-12,3.00754,0.000673885,0.249065,0.0337588
Hessenberg basic,910,0,0,6,1e-12,0.884,0.000491884,0.367149,0.0307627
Hessenberg basic,910,0,1,6,1e-12,4.14838,0.00208213,0.323706,0.0341503
Hessenberg basic,911,0,0,6,1e-12,1.02382,2.5141e-05,0.269085,0.0309506
Hessenberg basic,911,0,1,6,1e-12,3.13526,0.00167864,0.325339,0.0346168
Hessenberg basic,912,0,0,6,1e-12,0.884469,6.25135e-05,0.254051,0.0323066
Hessenberg basic,912,0,1,6,1e-12,3.11552,8.9054e-05,0.240766,0.033761
Hessenberg basic,913,0,0,6,1e-12,1.2813,1.39596e-06,0.316026,0.0320973
Hessenberg basic,913,0,1,6,1e-12,2.89813,0.000520902,0.383046,0.0347582
Hessenberg basic,914,0,0,6,1e-12,0.90858,6.12865e-06,0.229771,0.0295623
Hessenberg basic,914,0,1,6,1e-12,3.23553,0.00123414,0.382855,0.0340424
Hessenberg basic,915,0,0,6,1e-12,1.51082,0.000331401,0.174107,0.0303199
Hessenberg basic,915,0,1,6,1e-12,2.55003,0.00114531,0.245918,0.0343753
Hessenberg basic,916,0,0,6,1e-12,1.06113,2.61291e-05,0.346423,0.0328576
Hessenberg basic,916,0,1,6,1e-12,2.25098,0.0014824,0.200219,0.0346877
Hessenberg basic,917,0,0,6,1e-12,0.95086,0.000127736,0.199805,0.0309567
Hessenberg basic,917,0,1,6,1e-12,2.71752,0.00129771,0.32665,0.0342149
Hessenberg basic,918,0,0,6,1e-12,1.39029,9.26406e-05,0.214144,0.0309794
Hessenberg basic,918,0,1,6,1e-12,3.00702,0.000364588,0.2127,0.0328021
Hessenberg basic,919,0,0,6,1e-12,0.903518,0.000160926,0.315378,0.0302003
Hessenberg basic,919,0,1,6,1e-12,3.62647,0.000789497,0.333801,0.0345923
Hessenberg basic,920,0,0,6,1e-12,1.17031,8.1892e-05,0.286547,0.0296975
Hessenberg basic,920,0,1,6,1e-12,2.27491,0.00127607,0.189111,0.0344976
Hessenberg basic,921,0,0,6,1e-12,1.23818,3.75747e-06,0.312412,0.0301163
Hessenberg basic,921,0,1,6,1e-12,3.01028,0.00181455,0.48759,0.0367199
Hessenberg basic,922,0,0,6,1e-12,1.48735,3.86096e-05,0.262977,0.0317019
Hessenberg basic,922,0,1,6,1e-12,2.86369,0.000351284,0.240031,0.0350593
Hessenberg basic,923,0,0,6,1e-12,1.33628,0.000119375,0.176604,0.0298801
Hessenberg basic,923,0,1,6,1e-12,2.69897,0.000607256,0.359565,0.0334243
Hessenberg basic,924,0,0,6,1e-12,1.8862,5.05937e-06,0.280566,0.0316679
Hessenberg basic,924,0,1,6,1e-12,2.72591,0.000406205,0.239678,0.034231
Hessenberg basic,925,0,0,6,1e-12,1.35802,0.00011101,0.181828,0.0290945
Hessenberg basic,925,0,1,6,1e-12,2.78429,0.00112757,0.253405,0.0337325
Hessenberg basic,926,0,0,6,1e-12,1.05912,2.95138e-05,0.315351,0.0305289
Hessenberg basic,926,0,1,6,1e-12,2.98316,0.000861406,0.217724,0.0340141
Hessenberg basic,927,0,0,6,1e-12,1.51589,6.66313e-05,0.241931,0.0301565
Hessenberg basic,927,0,1,6,1e-12,3.37402,0.000687242,0.345696,0.0351324
Hessenberg basic,928,0,0,6,1e-12,1.67942,3.74155e-05,0.197754,0.0289852
Hessenberg basic,928,0,1,6,1e-12,3.7097,0.00164306,0.289592,0.0345652
Hessenberg basic,929,0,0,6,1e-12,1.4165,0.000145304,0.263831,0.0306422
Hessenberg basic,929,0,1,6,1e-12,3.59892,0.000512104,0.363795,0.0350568
Hessenberg basic,930,0,0,6,1e-12,1.31117,0.000323625,0.371453,0.0309619
Hessenberg basic,930,0,1,6,1e-12,3.09082,7.22008e-05,0.338514,0.0340472
Hessenberg basic,931,0,0,6,1e-12,1.32275,0.000184996,0.258529,0.0304241
Hessenberg basic,931,0,1,6,1e-12,3.00788,0.000408964,0.375917,0.0364669
Hessenberg basic,932,0,0,6,1e-12,1.05767,0.000132899,0.30241,0.0306541
Hessenberg basic,932,0,1,6,1e-12,3.41222,0.00060628,0.22782,0.0344477
Hessenberg basic,933,0,0,6,1e-12,1.59596,8.75441e-06,0.229173,0.0304851
Hessenberg basic,933,0,1,6,1e-12,2.7331,0.00128119,0.321421,0.0342699
Hessenberg basic,934,0,0,6,1e-12,2.14405,5.57447e-05,0.204933,0.029667
Hessenberg basic,934,0,1,6,1e-12,2.58894,8.98156e-05,0.260226,0.0337836
Hessenberg basic,935,0,0,6,1e-12,1.87507,9.952e-06,0.220638,0.0296394
Hessenberg basic,935,0,1,6,1e-12,2.76105,0.000640229,0.227147,0.0330835
Hessenberg basic,936,0,0,6,1e-12,1.85506,6.92522e-05,0.228391,0.0307176
Hessenberg basic,936,0,1,6,1e-12,2.92857,0.000701281,0.226432,0.0336757
Hessenberg basic,937,0,0,6,1e-12,1.24303,0.0001846,0.278101,0.0286666
Hessenberg basic,937,0,1,6,1e-12,3.00685,0.00101738,0.321535,0.0341314
Hessenberg basic,938,0,0,6,1e-12,1.27375,0.000461628,0.239533,0.0297253
Hessenberg basic,938,0,1,6,1e-12,3.15574,0.000463167,0.334143,0.0340661
Hessenberg basic,939,0,0,6,1e-12,1.60686,7.7986e-05,0.210706,0.0295725
Hessenberg basic,939,0,1,6,1e-12,3.75056,0.000468826,0.27115,0.0338635
Hessenberg basic,940,0,0,6,1e-12,1.77115,7.30821e-05,0.216966,0.0295404
Hessenberg basic,940,0,1,6,1e-12,3.84498,0.000333378,0.364992,0.0347211
Hessenberg basic,941,0,0,6,1e-12,1.34735,0.000169886,0.338657,0.029923
Hessenberg basic,941,0,1,6,1e-12,3.67894,0.0016963,0.199771,0.0330583
Hessenberg basic,942,0,0,6,1e-12,1.30897,0.000352475,0.300895,0.0307533
Hessenberg basic,942,0,1,6,1e-12,2.99382,0.0010469,0.291866,0.035556
Hessenberg basic,943,0,0,6,1e-12,1.41164,2.9238e-05,0.452009,0.0308261
Hessenberg basic,943,0,1,6,1e-12,3.16367,0.000567699,0.284556,0.0339436
Hessenberg basic,944,0,0,6,1e-12,1.17074,0.000119392,0.378896,0.0311779
Hessenberg basic,944,0,1,6,1e-12,3.48437,0.000111064,0.195264,0.033937
Hessenberg basic,945,0,0,6,1e-12,1.91916,3.48155e-05,0.303894,0.0313273
Hessenberg basic,945,0,1,6,1e-12,2.99274,0.000848656,0.349124,0.0336531
Hessenberg basic,946,0,0,6,1e-12,2.30365,1.25608e-05,0.321652,0.0300658
Hessenberg basic,946,0,1,6,1e-12,2.6845,0.000841608,0.291262,0.0343821
Hessenberg basic,947,0,0,6,1e-12,1.87058,0.000113353,0.38058,0.029231
Hessenberg basic,947,0,1,6,1e-12,2.95428,0.000691053,0.274268,0.0354349
Hessenberg basic,948,0,0,6,1e-12,1.56375,6.79612e-05,0.229019,0.0303318
Hessenberg basic,948,0,1,6,1e-12,2.84347,0.00134215,0.314069,0.0345039
Hessenberg basic,949,0,0,6,1e-12,1.52814,6.63051e-06,0.356984,0.0309078
Hessenberg basic,949,0,1,6,1e-12,2.60037,0.00123376,0.310813,0.0341269
Hessenberg basic,950,0,0,6,1e-12,1.59251,3.13699e-05,0.202226,0.0284144
Hessenberg basic,950,0,1,6,1e-12,2.71844,0.000527053,0.230242,0.0333481
Hessenberg basic,951,0,0,6,1e-12,1.60379,4.56735e-05,0.260339,0.0302172
Hessenberg basic,951,0,1,6,1e-12,2.60147,0.000839941,0.28899,0.033224
Hessenberg basic,952,0,0,6,1e-12,1.46938,5.73561e-06,0.248601,0.0296156
Hessenberg basic,952,0,1,6,1e-12,2.5745,0.000891041,0.302161,0.0353906
Hessenberg basic,953,0,0,6,1e-12,1.62731,0.00012466,0.334456,0.0316658
Hessenberg basic,953,0,1,6,1e-12,2.66555,0.000206967,0.237106,0.0342051
Hessenberg basic,954,0,0,6,1e-12,1.63768,1.13723e-05,0.231127,0.0305584
Hessenberg basic,954,0,1,6,1e-12,2.53358,0.00142826,0.214272,0.0330225
Hessenberg basic,955,0,0,6,1e-12,1.62373,0.000231416,0.320694,0.0309882
Hessenberg basic,955,0,1,6,1e-12,2.78849,0.00127774,0.262752,0.0328407
Hessenberg basic,956,0,0,6,1e-12,1.65863,0.000171479,0.236441,0.0301449
Hessenberg basic,956,0,1,6,1e-12,2.72439,0.00126788,0.33502,0.0350509
Hessenberg basic,957,0,0,6,1e-12,1.48993,2.29207e-05,0.301103,0.0314074
Hessenberg basic,957,0,1,6,1e-12,2.91041,0.000211701,0.253434,0.0334651
Hessenberg basic,958,0,0,6,1e-12,1.68669,6.65858e-05,0.261271,0.0290062
Hessenberg basic,958,0,1,6,1e-12,2.77644,0.000815696,0.29254,0.0332976
Hessenberg basic,959,0,0,6,1e-12,1.76962,5.76174e-05,0.298785,0.0303812
Hessenberg basic,959,0,1,6,1e-12,2.7185,0.00100301,0.257654,0.0338013
Hessenberg basic,960,0,0,6,1e-12,1.80033,0.000280189,0.212447,0.0305723
Hessenberg basic,960,0,1,6,1e-12,2.91069,0.000677227,0.259789,0.0342061
Hessenberg basic,961,0,0,6,1e-12,1.61989,0.000289932,0.336529,0.0293331
Hessenberg basic,961,0,1,6,1e-12,2.85888,0.000311652,0.234069,0.0329437
Hessenberg basic,962,0,0,6,1e-12,1.70716,5.50912e-05,0.229527,0.0298469
Hessenberg basic,962,0,1,6,1e-12,3.09177,0.00125623,0.27991,0.0335731
Hessenberg basic,963,0,0,6,1e-12,1.78999,0.000101588,0.239596,0.0280002
Hessenberg basic,963,0,1,6,1e-12,3.14759,3.84093e-05,0.211622,0.0325832
Hessenberg basic,964,0,0,6,1e-12,1.87074,4.43556e-05,0.357797,0.0310981
Hessenberg basic,964,0,1,6,1e-12,3.31999,0.000664122,0.319289,0.0344692
Hessenberg basic,965,0,0,6,1e-12,1.70298,3.56999e-05,0.273345,0.0320918
Hessenberg basic,965,0,1,6,1e-12,3.19207,1.90141e-05,0.24755,0.033896
Hessenberg basic,966,0,0,6,1e-12,1.60931,2.84656e-05,0.280878,0.0308029
Hessenberg basic,966,0,1,6,1e-12,3.11129,0.000493462,0.335381,0.0333682
Hessenberg basic,967,0,0,6,1e-12,1.64783,8.88905e-05,0.21453,0.0304054
Hessenberg basic,967,0,1,6,1e-12,3.28168,0.000430406,0.360969,0.0346216
Hessenberg basic,968,0,0,6,1e-12,1.73371,0.000275425,0.295489,0.0292184
Hessenberg basic,968,0,1,6,1e-12,2.90476,0.000457291,0.364239,0.0347291
Hessenberg basic,969,0,0,6,1e-12,1.67169,2.44106e-05,0.22203,0.0302716
Hessenberg basic,969,0,1,6,1e-12,2.73294,0.000968396,0.304921,0.0335894
Hessenberg basic,970,0,0,6,1e-12,1.72536,0.000302471,0.19115,0.0297826
Hessenberg basic,970,0,1,6,1e-12,2.79326,0.000433186,0.360836,0.0341926
Hessenberg basic,971,0,0,6,1e-12,1.66294,7.76365e-05,0.237008,0.0290599
Hessenberg basic,971,0,1,6,1e-12,2.72986,0.000636418,0.339187,0.0342578
Hessenberg basic,972,0,0,6,1e-12,1.75603,7.54266e-05,0.265389,0.0304308
Hessenberg basic,972,0,1,6,1e-12,2.82934,0.00103022,0.279673,0.0337591
Hessenberg basic,973,0,0,6,1e-12,1.79819,2.52865e-05,0.288202,0.0316218
Hessenberg basic,973,0,1,6,1e-12,2.94988,0.000162489,0.263647,0.0341192
Hessenberg basic,974,0,0,6,1e-12,1.94899,3.62559e-05,0.256097,0.0300392
Hessenberg basic,974,0,1,6,1e-12,2.90567,0.000675211,0.30305,0.0336613
Hessenberg basic,975,0,0,6,1e-12,1.8608,0.00025358,0.228325,0.0296158
Hessenberg basic,975,0,1,6,1e-12,3.04302,0.000593535,0.256661,0.0328626
Hessenberg basic,976,0,0,6,1e-12,1.70087,0.00019503,0.25544,0.028095
Hessenberg basic,976,0,1,6,1e-12,2.94786,0.000815409,0.29878,0.0348272
Hessenberg basic,977,0,0,6,1e-12,1.76286,3.10156e-05,0.231966,0.0293828
Hessenberg basic,977,0,1,6,1e-12,3.14151,0.000695952,0.200163,0.0318263
Hessenberg basic,978,0,0,6,1e-12,1.7377,0.00010269,0.230726,0.029449
Hessenberg basic,978,0,1,6,1e-12,3.01821,0.000577323,0.280084,0.0324781
Hessenberg basic,979,0,0,6,1e-12,1.79556,2.03963e-05,0.326802,0.0290702
Hessenberg basic,979,0,1,6,1e-12,3.03415,0.000785769,0.331709,0.035536
Hessenberg basic,980,0,0,6,1e-12,1.90696,8.4072e-05,0.267016,0.0309978
Hessenberg basic,980,0,1,6,1e-12,2.97435,0.000591392,0.257738,0.0334213
Hessenberg basic,981,0,0,6,1e-12,1.90323,2.29886e-05,0.25623,0.0302833
Hessenberg basic,981,0,1,6,1e-12,2.917,0.000322722,0.251087,0.0322953
Hessenberg basic,982,0,0,6,1e-12,1.78819,0.000222918,0.285638,0.0302516
Hessenberg basic,982,0,1,6,1e-12,3.077,0.000892417,0.305293,0.0338641
Hessenberg basic,983,0,0,6,1e-12,2.03482,5.987e-05,0.222655,0.0290528
Hessenberg basic,983,0,1,6,1e-12,3.07119,0.000590951,0.323138,0.0326589
Hessenberg basic,984,0,0,6,1e-12,1.82526,0.000141983,0.203742,0.0300649
Hessenberg basic,984,0,1,6,1e-12,2.88534,0.00231617,0.35557,0.0342823
Hessenberg basic,985,0,0,6,1e-12,2.16542,6.50913e-05,0.320725,0.0315957
Hessenberg basic,985,0,1,6,1e-12,3.1856,0.00149133,0.302241,0.0341688
Hessenberg basic,986,0,0,6,1e-12,1.88719,4.38981e-05,0.261383,0.0286986
Hessenberg basic,986,0,1,6,1e-12,2.95093,0.000607011,0.32642,0.0337899
Hessenberg basic,987,0,0,6,1e-12,1.92441,0.000198645,0.260973,0.0287062
Hessenberg basic,987,0,1,6,1e-12,3.11554,0.000550132,0.270218,0.0335606
Hessenberg basic,988,0,0,6,1e-12,1.84268,7.1155e-05,0.262667,0.0294381
Hessenberg basic,988,0,1,6,1e-12,2.83157,0.00113196,0.280187,0.0339782
Hessenberg basic,989,0,0,6,1e-12,2.07838,2.88409e-05,0.254424,0.0300908
Hessenberg basic,989,0,1,6,1e-12,2.76041,0.00086491,0.211522,0.0340217
Hessenberg basic,990,0,0,6,1e-12,1.9792,1.34523e-05,0.264965,0.0310222
Hessenberg basic,990,0,1,6,1e-12,2.91115,0.000512696,0.242914,0.033746
Hessenberg basic,991,0,0,6,1e-12,1.82126,8.62618e-05,0.335505,0.0297179
Hessenberg basic,991,0,1,6,1e-12,3.04682,0.000704526,0.238034,0.0334778
Hessenberg basic,992,0,0,6,1e-12,1.9002,0.000150322,0.300003,0.0298291
Hessenberg basic,992,0,1,6,1e-12,3.32792,0.000407921,0.30587,0.033397
Hessenberg basic,993,0,0,6,1e-12,2.10642,0.00021011,0.221725,0.0282769
Hessenberg basic,993,0,1,6,1e-12,3.47641,0.00145874,0.220034,0.0334037
Hessenberg basic,994,0,0,6,1e-12,1.91485,0.000241897,0.258766,0.0298488
Hessenberg basic,994,0,1,6,1e-12,3.16986,0.0011242,0.275594,0.0335086
Hessenberg basic,995,0,0,6,1e-12,1.98919,1.99961e-05,0.288666,0.0307599
Hessenberg basic,995,0,1,6,1e-12,3.3011,0.000867308,0.238953,0.0332445
Hessenberg basic,996,0,0,6,1e-12,1.8621,2.01695e-06,0.290715,0.0299058
Hessenberg basic,996,0,1,6,1e-12,3.43309,0.00070394,0.252044,0.0328524
Hessenberg basic,997,0,0,6,1e-12,1.5376,4.99347e-05,0.186024,0.0300607
Hessenberg basic,997,0,1,6,1e-12,3.70201,0.00112731,0.233204,0.0323628
Hessenberg basic,998,0,0,6,1e-12,1.90447,9.22172e-06,0.248113,0.0313606
Hessenberg basic,998,0,1,6,1e-12,3.62649,0.000167031,0.344739,0.0331258
Hessenberg basic,999,0,0,6,1e-12,1.17821,5.15748e-06,0.258028,0.0285907
Hessenberg basic,999,0,1,6,1e-12,3.83883,0.000721291,0.370711,0.0330103
Hessenberg basic,1000,0,0,6,1e-12,1.79346,2.88356e-05,0.371015,0.0295932
Hessenberg basic,1000,0,1,6,1e-12,3.94672,0.00049643,0.254653,0.0325311
