version, size, hermitian, complex, seed, tol, runtime in s,min_error, max_error, avg_error
Hessenberg basic,900,0,0,1,1e-12,0.644705,3.83346e-05,0.279513,0.0304176
Hessenberg basic,900,0,1,1,1e-12,1.70613,0.000625107,0.248212,0.0342671
Hessenberg basic,901,0,0,1,1e-12,0.653705,6.50098e-05,0.18634,0.031571
Hessenberg basic,901,0,1,1,1e-12,1.75617,0.000568034,0.252334,0.0350577
Hessenberg basic,902,0,0,1,1e-12,0.657418,1.41923e-05,0.537481,0.0322528
Hessenberg basic,902,0,1,1,1e-12,1.7604,0.00096181,0.235344,0.0341561
Hessenberg basic,903,0,0,1,1e-12,0.668311,0.000606167,0.186255,0.0310958
Hessenberg basic,903,0,1,1,1e-12,1.77026,0.000879974,0.323921,0.0348259
Hessenberg basic,904,0,0,1,1e-12,1.14912,0.000250526,0.196197,0.0304572
Hessenberg basic,904,0,1,1,1e-12,2.0926,0.000525376,0.234394,0.033831
Hessenberg basic,905,0,0,1,1e-12,1.24717,0.000171027,0.286519,0.0312322
Hessenberg basic,905,0,1,1,1e-12,2.36342,0.000567961,0.368058,0.0353022
Hessenberg basic,906,0,0,1,1e-12,1.11375,8.19494e-05,0.35321,0.0311725
Hessenberg basic,906,0,1,1,1e-12,2.3464,0.00141834,0.239796,0.0333212
Hessenberg basic,907,0,0,1,1e-12,1.10524,0.00037982,0.316312,0.0314453
Hessenberg basic,907,0,1,1,1e-12,2.16618,0.00096089,0.258131,0.0338549
Hessenberg basic,908,0,0,1,1e-12,1.0403,8.75625e-05,0.18061,0.0323618
Hessenberg basic,908,0,1,1,1e-12,2.84435,0.000399126,0.441326,0.0344644
Hessenberg basic,909,0,0,1,1e-12,1.40341,2.58517e-05,0.308991,0.0327544
Hessenberg basic,909,0,1,1,1e-12,2.87214,0.00125645,0.228631,0.0350512
Hessenberg basic,910,0,0,1,1e-12,1.28785,0.000107901,0.292826,0.0317384
Hessenberg basic,910,0,1,1,1e-12,2.56461,0.00163586,0.322459,0.0347206
Hessenberg basic,911,0,0,1,1e-12,1.04504,2.56557e-05,0.215498,0.0308526
Hessenberg basic,911,0,1,1,1e-12,2.2928,0.000734009,0.269964,0.0349716
Hessenberg basic,912,0,0,1,1e-12,1.37227,2.30041e-05,0.280214,0.0321752
Hessenberg basic,912,0,1,1,1e-12,2.15308,0.00132002,0.19975,0.0345006
Hessenberg basic,913,0,0,1,1e-12,1.77087,7.05908e-05,0.265106,0.0314008
Hessenberg basic,913,0,1,1,1e-12,2.12279,0.000872036,0.253,0.0347385
Hessenberg basic,914,0,0,1,1e-12,1.83386,1.25636e-05,0.217822,0.0318092
Hessenberg basic,914,0,1,1,1e-12,2.40516,0.00143516,0.239682,0.0346356
Hessenberg basic,915,0,0,1,1e-12,1.66368,8.42314e-05,0.230178,0.0317273
Hessenberg basic,915,0,1,1,1e-12,2.49605,0.000705089,0.237976,0.0365301
Hessenberg basic,916,0,0,1,1e-12,1.32835,0.000148539,0.337779,0.0294147
Hessenberg basic,916,0,1,1,1e-12,2.51391,0.000576145,0.297958,0.0331964
Hessenberg basic,917,0,0,1,1e-12,1.35783,0.000167872,0.276143,0.0305806
Hessenberg basic,917,0,1,1,1e-12,2.61539,0.00104606,0.385297,0.0337529
Hessenberg basic,918,0,0,1,1e-12,0.989905,1.03445e-05,0.19805,0.0302213
Hessenberg basic,918,0,1,1,1e-12,2.55396,0.000783459,0.322126,0.0348603
Hessenberg basic,919,0,0,1,1e-12,1.03228,3.65795e-05,0.393786,0.0312108
Hessenberg basic,919,0,1,1,1e-12,2.82138,0.000933863,0.208587,0.0335576
Hessenberg basic,920,0,0,1,1e-12,1.43975,3.29077e-05,0.281312,0.0307727
Hessenberg basic,920,0,1,1,1e-12,3.36562,0.000690366,0.209423,0.0337463
Hessenberg basic,921,0,0,1,1e-12,1.50546,1.15742e-05,0.24043,0.031639
Hessenberg basic,921,0,1,1,1e-12,3.28503,0.00121767,0.257567,0.0341665
Hessenberg basic,922,0,0,1,1e-12,1.34073,3.34689e-05,0.282456,0.0308506
Hessenberg basic,922,0,1,1,1e-12,3.02425,0.00149854,0.253031,0.0329546
Hessenberg basic,923,0,0,1,1e-12,1.39415,8.85176e-05,0.20993,0.0303552
Hessenberg basic,923,0,1,1,1e-12,3.04202,0.00112311,0.332478,0.0349865
Hessenberg basic,924,0,0,1,1e-12,1.37422,8.54603e-05,0.287776,0.0302553
Hessenberg basic,924,0,1,1,1e-12,3.02187,0.000448083,0.222879,0.0358489
Hessenberg basic,925,0,0,1,1e-12,1.26829,0.000136676,0.20502,0.0302745
Hessenberg basic,925,0,1,1,1e-12,2.91812,0.000325377,0.299067,0.0352557
Hessenberg basic,926,0,0,1,1e-12,1.37608,7.77651e-05,0.323352,0.0303539
Hessenberg basic,926,0,1,1,1e-12,2.68596,0.00165416,0.236174,0.0346371
Hessenberg basic,927,0,0,1,1e-12,1.45485,0.00020643,0.492286,0.0324849
Hessenberg basic,927,0,1,1,1e-12,2.45624,0.000467488,0.260329,0.0345514
Hessenberg basic,928,0,0,1,1e-12,1.50524,7.82317e-05,0.297922,0.0298114
Hessenberg basic,928,0,1,1,1e-12,2.2914,0.00040436,0.305436,0.0339605
Hessenberg basic,929,0,0,1,1e-12,2.02205,0.00010135,0.296437,0.0316853
Hessenberg basic,929,0,1,1,1e-12,2.232,0.00139496,0.291481,0.034016
Hessenberg basic,930,0,0,1,1e-12,1.86394,8.09128e-05,0.323059,0.0319582
Hessenberg basic,930,0,1,1,1e-12,2.57697,0.00140337,0.226982,0.033662
Hessenberg basic,931,0,0,1,1e-12,1.84267,1.09851e-05,0.230518,0.031997
Hessenberg basic,931,0,1,1,1e-12,2.64335,0.000872218,0.294356,0.0337136
Hessenberg basic,932,0,0,1,1e-12,1.66157,0.000109897,0.29967,0.0308189
Hessenberg basic,932,0,1,1,1e-12,2.69934,0.0012781,0.363019,0.0352655
Hessenberg basic,933,0,0,1,1e-12,1.63053,9.82747e-05,0.265559,0.0301969
Hessenberg basic,933,0,1,1,1e-12,2.85276,0.00124391,0.250613,0.0329571
Hessenberg basic,934,0,0,1,1e-12,1.37358,9.33796e-05,0.292599,0.0312499
Hessenberg basic,934,0,1,1,1e-12,2.96419,0.00157658,0.331904,0.0343216
Hessenberg basic,935,0,0,1,1e-12,1.08096,0.000509957,0.187775,0.0309509
Hessenberg basic,935,0,1,1,1e-12,2.91034,0.00139081,0.273522,0.0340474
Hessenberg basic,936,0,0,1,1e-12,0.934851,0.000105335,0.251075,0.0309723
Hessenberg basic,936,0,1,1,1e-12,2.82987,0.000715597,0.255865,0.0353792
Hessenberg basic,937,0,0,1,1e-12,0.94014,0.000352135,0.183231,0.0307598
Hessenberg basic,937,0,1,1,1e-12,2.91088,0.00139736,0.309265,0.0348089
Hessenberg basic,938,0,0,1,1e-12,0.930283,1.02226e-05,0.343372,0.0304097
Hessenberg basic,938,0,1,1,1e-12,2.75061,0.00113252,0.266772,0.0339835
Hessenberg basic,939,0,0,1,1e-12,1.06875,3.94034e-05,0.350536,0.0325433
Hessenberg basic,939,0,1,1,1e-12,3.24836,0.00168241,0.220484,0.0333882
Hessenberg basic,940,0,0,1,1e-12,1.33083,6.64976e-05,0.278695,0.0299276
Hessenberg basic,940,0,1,1,1e-12,3.33292,0.000411812,0.386438,0.0344306
Hessenberg basic,941,0,0,1,1e-12,0.979009,0.000142436,0.252268,0.0299029
Hessenberg basic,941,0,1,1,1e-12,3.07371,0.000491633,0.252711,0.0335811
Hessenberg basic,942,0,0,1,1e-12,0.934681,0.000173137,0.489361,0.0307719
Hessenberg basic,942,0,1,1,1e-12,2.97372,0.00121474,0.272212,0.0338283
Hessenberg basic,943,0,0,1,1e-12,1.15733,4.38938e-05,0.291246,0.0317032
Hessenberg basic,943,0,1,1,1e-12,2.8169,0.000774973,0.270925,0.0338049
Hessenberg basic,944,0,0,1,1e-12,0.984215,5.91394e-05,0.310713,0.0303584
Hessenberg basic,944,0,1,1,1e-12,2.93438,0.00180137,0.321813,0.0344241
Hessenberg basic,945,0,0,1,1e-12,0.978162,5.34852e-05,0.27985,0.0308453
Hessenberg basic,945,0,1,1,1e-12,3.0644,3.62547e-05,0.263269,0.033873
Hessenberg basic,946,0,0,1,1e-12,1.28126,4.64176e-05,0.346145,0.0314003
Hessenberg basic,946,0,1,1,1e-12,3.21318,0.00114697,0.291764,0.0342156
Hessenberg basic,947,0,0,1,1e-12,1.40845,0.00017224,0.167533,0.030122
Hessenberg basic,947,0,1,1,1e-12,3.17451,0.000785887,0.269609,0.0338576
Hessenberg basic,948,0,0,1,1e-12,1.53695,3.38599e-05,0.219683,0.0300023
Hessenberg basic,948,0,1,1,1e-12,2.98643,0.00157447,0.276602,0.0344773
Hessenberg basic,949,0,0,1,1e-12,1.51055,4.77571e-05,0.23178,0.0309072
Hessenberg basic,949,0,1,1,1e-12,2.74309,0.000602584,0.277723,0.0335591
Hessenberg basic,950,0,0,1,1e-12,1.56653,0.000165203,0.271566,0.0304782
Hessenberg basic,950,0,1,1,1e-12,2.56697,0.000963817,0.26709,0.0335387
Hessenberg basic,951,0,0,1,1e-12,1.79461,5.66482e-06,0.252826,0.0308675
Hessenberg basic,951,0,1,1,1e-12,2.53365,0.00128086,0.234322,0.0332246
Hessenberg basic,952,0,0,1,1e-12,2.12807,0.000467793,0.257711,0.0308316
Hessenberg basic,952,0,1,1,1e-12,2.52434,0.000816731,0.280191,0.0337122
Hessenberg basic,953,0,0,1,1e-12,2.10297,0.00011089,0.170705,0.0310241
Hessenberg basic,953,0,1,1,1e-12,2.9039,0.000675688,0.257122,0.034627
Hessenberg basic,954,0,0,1,1e-12,1.90681,7.35509e-05,0.316487,0.029249
Hessenberg basic,954,0,1,1,1e-12,2.68575,0.000898863,0.304558,0.03401
Hessenberg basic,955,0,0,1,1e-12,1.81265,6.42749e-06,0.213666,0.030682
Hessenberg basic,955,0,1,1,1e-12,2.48322,0.00101241,0.270795,0.0333368
Hessenberg basic,956,0,0,1,1e-12,1.81071,0.000163615,0.247699,0.0300509
Hessenberg basic,956,0,1,1,1e-12,2.43473,0.00113934,0.258629,0.0343879
Hessenberg basic,957,0,0,1,1e-12,1.81445,4.08537e-05,0.231234,0.0312253
Hessenberg basic,957,0,1,1,1e-12,2.45315,0.000599882,0.321968,0.0340451
Hessenberg basic,958,0,0,1,1e-12,1.8482,0.000172888,0.381303,0.0302313
Hessenberg basic,958,0,1,1,1e-12,2.50716,0.00134265,0.225317,0.0337759
Hessenberg basic,959,0,0,1,1e-12,1.98702,3.38508e-05,0.382856,0.0309815
Hessenberg basic,959,0,1,1,1e-12,2.49659,0.000610978,0.266248,0.0335303
Hessenberg basic,960,0,0,1,1e-12,1.97295,9.56738e-06,0.364074,0.030475
Hessenberg basic,960,0,1,1,1e-12,2.52133,0.000807709,0.231071,0.0327069
Hessenberg basic,961,0,0,1,1e-12,1.91731,0.000175363,0.191195,0.0309013
Hessenberg basic,961,0,1,1,1e-12,2.77639,0.00142258,0.215237,0.0326348
Hessenberg basic,962,0,0,1,1e-12,1.89271,0.000100501,0.214464,0.0299338
Hessenberg basic,962,0,1,1,1e-12,2.96207,0.000892206,0.251954,0.0347362
Hessenberg basic,963,0,0,1,1e-12,1.67739,2.4267e-05,0.205297,0.0285087
Hessenberg basic,963,0,1,1,1e-12,3.21144,0.000556765,0.250009,0.034598
Hessenberg basic,964,0,0,1,1e-12,1.74787,0.000332773,0.277619,0.031469
Hessenberg basic,964,0,1,1,1e-12,2.94359,0.000527957,0.208192,0.0335198
Hessenberg basic,965,0,0,1,1e-12,1.83963,0.000127017,0.268006,0.0305884
Hessenberg basic,965,0,1,1,1e-12,2.94039,0.000634103,0.230882,0.033625
Hessenberg basic,966,0,0,1,1e-12,1.53889,0.000223708,0.231583,0.0296647
Hessenberg basic,966,0,1,1,1e-12,3.34375,0.000629906,0.245846,0.0339139
Hessenberg basic,967,0,0,1,1e-12,1.60891,1.3396e-05,0.195364,0.0305767
Hessenberg basic,967,0,1,1,1e-12,3.05063,0.000829575,0.293536,0.0334496
Hessenberg basic,968,0,0,1,1e-12,1.78442,2.55276e-06,0.241603,0.0310097
Hessenberg basic,968,0,1,1,1e-12,3.19632,0.00010683,0.210575,0.0332184
Hessenberg basic,969,0,0,1,1e-12,1.639,0.000129059,0.213695,0.0302939
Hessenberg basic,969,0,1,1,1e-12,3.15082,0.000442066,0.291832,0.0339059
Hessenberg basic,970,0,0,1,1e-12,1.75783,4.4455e-05,0.241302,0.030485
Hessenberg basic,970,0,1,1,1e-12,3.30101,0.000922372,0.352482,0.0336974
Hessenberg basic,971,0,0,1,1e-12,1.46065,4.03956e-05,0.348285,0.0302806
Hessenberg basic,971,0,1,1,1e-12,3.58972,0.000482505,0.242337,0.0341228
Hessenberg basic,972,0,0,1,1e-12,1.47576,2.66621e-05,0.269682,0.0312999
Hessenberg basic,972,0,1,1,1e-12,3.42236,0.000407436,0.190752,0.0327571
Hessenberg basic,973,0,0,1,1e-12,1.26007,0.000102691,0.193349,0.0290974
Hessenberg basic,973,0,1,1,1e-12,3.66084,0.00131157,0.279656,0.0325145
Hessenberg basic,974,0,0,1,1e-12,1.29941,0.000244744,0.437944,0.0311074
Hessenberg basic,974,0,1,1,1e-12,3.46387,0.0013862,0.210365,0.0336443
Hessenberg basic,975,0,0,1,1e-12,1.28131,2.05681e-05,0.229896,0.0289818
Hessenberg basic,975,0,1,1,1e-12,3.45719,0.000766471,0.167108,0.0333156
Hessenberg basic,976,0,0,1,1e-12,1.67572,4.4923e-05,0.374825,0.0308691
Hessenberg basic,976,0,1,1,1e-12,3.53624,0.000342406,0.200647,0.033729
Hessenberg basic,977,0,0,1,1e-12,1.58614,4.15851e-06,0.314978,0.0306091
Hessenberg basic,977,0,1,1,1e-12,3.25096,0.000410883,0.250018,0.0338287
Hessenberg basic,978,0,0,1,1e-12,1.79517,1.04518e-05,0.289577,0.0301359
Hessenberg basic,978,0,1,1,1e-12,3.44503,0.000302491,0.179554,0.0327498
Hessenberg basic,979,0,0,1,1e-12,1.83719,4.00888e-05,0.291821,0.0317604
Hessenberg basic,979,0,1,1,1e-12,3.00674,0.00146465,0.33195,0.0346793
Hessenberg basic,980,0,0,1,1e-12,1.97077,0.000274257,0.194931,0.0288913
Hessenberg basic,980,0,1,1,1e-12,2.96114,0.00131443,0.300581,0.0333103
Hessenberg basic,981,0,0,1,1e-12,2.17052,2.7201e-06,0.233634,0.0285268
Hessenberg basic,981,0,1,1,1e-12,3.06236,0.000469291,0.290951,0.0334516
Hessenberg basic,982,0,0,1,1e-12,2.00419,5.12543e-05,0.343608,0.0304408
Hessenberg basic,982,0,1,1,1e-12,2.74811,0.000792324,0.429675,0.0351341
Hessenberg basic,983,0,0,1,1e-12,2.03555,0.000116036,0.272491,0.0307531
Hessenberg basic,983,0,1,1,1e-12,3.22046,0.00138712,0.214755,0.0319831
Hessenberg basic,984,0,0,1,1e-12,2.06464,1.83876e-05,0.228418,0.0299594
Hessenberg basic,984,0,1,1,1e-12,3.16995,0.0019144,0.255376,0.0335176
Hessenberg basic,985,0,0,1,1e-12,1.97569,1.79744e-05,0.322633,0.0309925
Hessenberg basic,985,0,1,1,1e-12,3.10601,0.00013729,0.209486,0.0331407
Hessenberg basic,986,0,0,1,1e-12,1.95792,0.000150757,0.542673,0.0311954
Hessenberg basic,986,0,1,1,1e-12,3.43442,0.000575626,0.201341,0.0331266
Hessenberg basic,987,0,0,1,1e-12,2.06003,0.000218483,0.214735,0.0290605
Hessenberg basic,987,0,1,1,1e-12,3.36254,0.000467017,0.29761,0.0330953
Hessenberg basic,988,0,0,1,1e-12,1.83672,0.000136085,0.391311,0.0296939
Hessenberg basic,988,0,1,1,1e-12,3.217,0.000692345,0.22512,0.033069
Hessenberg basic,989,0,0,1,1e-12,1.79241,0.000131665,0.285355,0.0301389
Hessenberg basic,989,0,1,1,1e-12,3.35923,0.000395767,0.250322,0.0345669
Hessenberg basic,990,0,0,1,1e-12,1.95352,1.19654e-05,0.336228,0.0302529
Hessenberg basic,990,0,1,1,1e-12,3.20062,0.00144322,0.345663,0.0326992
Hessenberg basic,991,0,0,1,1e-12,1.72031,4.7448e-05,0.380412,0.0301221
Hessenberg basic,991,0,1,1,1e-12,2.91544,0.000480487,0.296772,0.0328889
Hessenberg basic,992,0,0,1,1e-12,1.81976,3.99164e-05,0.243924,0.0295554
Hessenberg basic,992,0,1,1,1e-12,3.05425,0.00080523,0.349089,0.0333507
Hessenberg basic,993,0,0,1,1e-12,1.92776,1.86223e-05,0.226271,0.0300555
Hessenberg basic,993,0,1,1,1e-12,3.71535,0.000220786,0.242803,0.0324863
Hessenberg basic,994,0,0,1,1e-12,2.07194,4.55973e-05,0.203858,0.0296848
Hessenberg basic,994,0,1,1,1e-12,4.14162,0.000839168,0.323876,0.0342452
Hessenberg basic,995,0,0,1,1e-12,2.02155,0.000195327,0.274517,0.0289769
Hessenberg basic,995,0,1,1,1e-12,4.228,0.000163255,0.227375,0.0332861
Hessenberg basic,996,0,0,1,1e-12,1.95296,3.54012e-05,0.321366,0.0291072
Hessenberg basic,996,0,1,1,1e-12,3.92792,0.000506816,0.355354,0.0334919
Hessenberg basic,997,0,0,1,1e-12,1.94419,3.9261e-05,0.283305,0.0294203
Hessenberg basic,997,0,1,1,1e-12,4.08144,0.000879598,0.320104,0.0335726
Hessenberg basic,998,0,0,1,1e-12,2.18938,0.000182974,0.411261,0.030667
Hessenberg basic,998,0,1,1,1e-12,4.29962,0.000365679,0.301388,0.0332295
Hessenberg basic,999,0,0,1,1e-12,2.14349,4.07417e-05,0.243687,0.0308125
Hessenberg basic,999,0,1,1,1e-12,4.46756,0.00205467,0.196452,0.0327935
Hessenberg basic,1000,0,0,1,1e-12,2.04322,6.89811e-05,0.248476,0.0299587
Hessenberg basic,1000,0,1,1,1e-12,4.37852,0.00122725,0.243641,0.0330442
