version, size, hermitian, complex, seed, tol, runtime in s,min_error, max_error, avg_error
Hessenberg basic,900,0,0,9,1e-12,1.00781,8.22158e-05,0.221966,0.0309427
Hessenberg basic,900,0,1,9,1e-12,3.09939,0.000469114,0.308492,0.0366703
Hessenberg basic,901,0,0,9,1e-12,0.778385,2.45546e-05,0.244987,0.0307129
Hessenberg basic,901,0,1,9,1e-12,2.39317,0.00196764,0.362507,0.0350155
Hessenberg basic,902,0,0,9,1e-12,1.18213,6.85163e-05,0.387537,0.0310287
Hessenberg basic,902,0,1,9,1e-12,2.31444,0.000634416,0.324955,0.0342647
Hessenberg basic,903,0,0,9,1e-12,1.01266,4.54809e-05,0.211404,0.0303188
Hessenberg basic,903,0,1,9,1e-12,2.45171,0.000914438,0.29764,0.0342969
Hessenberg basic,904,0,0,9,1e-12,1.40499,4.47906e-05,0.226082,0.0304851
Hessenberg basic,904,0,1,9,1e-12,2.40822,0.000879563,0.318218,0.0348111
Hessenberg basic,905,0,0,9,1e-12,0.948166,7.31101e-05,0.264845,0.0316526
Hessenberg basic,905,0,1,9,1e-12,2.57674,0.000653791,0.248516,0.0342718
Hessenberg basic,906,0,0,9,1e-12,1.10835,3.71058e-05,0.187869,0.0307107
Hessenberg basic,906,0,1,9,1e-12,2.13241,0.00113698,0.27371,0.0346887
Hessenberg basic,907,0,0,9,1e-12,0.831232,0.00013004,0.238622,0.0316637
Hessenberg basic,907,0,1,9,1e-12,3.38416,0.000456737,0.262792,0.0335264
Hessenberg basic,908,0,0,9,1e-12,0.927506,5.27784e-05,0.225329,0.0309315
Hessenberg basic,908,0,1,9,1e-12,2.81295,0.000730882,0.440264,0.0350386
Hessenberg basic,909,0,0,9,1e-12,1.00407,0.000251689,0.236484,0.0307262
Hessenberg basic,909,0,1,9,1e-12,3.46246,0.00139577,0.3008,0.0352945
Hessenberg basic,910,0,0,9,1e-12,1.50085,4.08678e-05,0.272337,0.0316916
Hessenberg basic,910,0,1,9,1e-12,2.76183,0.000951364,0.417958,0.0348824
Hessenberg basic,911,0,0,9,1e-12,0.899392,0.00065433,0.312488,0.0308127
Hessenberg basic,911,0,1,9,1e-12,2.89076,0.00147868,0.314432,0.0338622
Hessenberg basic,912,0,0,9,1e-12,1.15673,9.70706e-05,0.191,0.031012
Hessenberg basic,912,0,1,9,1e-12,2.92089,0.00118171,0.222299,0.0337851
Hessenberg basic,913,0,0,9,1e-12,0.867524,4.72816e-07,0.30714,0.0323073
Hessenberg basic,913,0,1,9,1e-12,2.77427,0.000368627,0.24568,0.0346717
Hessenberg basic,914,0,0,9,1e-12,1.16946,2.53202e-05,0.224209,0.0312367
Hessenberg basic,914,0,1,9,1e-12,2.24723,0.000839791,0.375409,0.0346656
Hessenberg basic,915,0,0,9,1e-12,0.886061,5.63188e-05,0.290837,0.0328167
Hessenberg basic,915,0,1,9,1e-12,3.0534,0.000715201,0.254551,0.0341484
Hessenberg basic,916,0,0,9,1e-12,1.20239,0.00058578,0.388787,0.030344
Hessenberg basic,916,0,1,9,1e-12,3.11919,0.00155987,0.272484,0.0359838
Hessenberg basic,917,0,0,9,1e-12,0.94282,9.70164e-05,0.221712,0.0308308
Hessenberg basic,917,0,1,9,1e-12,3.02862,0.000961727,0.26066,0.0333543
Hessenberg basic,918,0,0,9,1e-12,1.43189,3.78692e-05,0.205835,0.0314734
Hessenberg basic,918,0,1,9,1e-12,2.24775,0.00189463,0.226218,0.0346157
Hessenberg basic,919,0,0,9,1e-12,1.19821,4.45775e-05,0.375723,0.0319983
Hessenberg basic,919,0,1,9,1e-12,2.56728,0.00087979,0.239632,0.0340822
Hessenberg basic,920,0,0,9,1e-12,1.28836,2.84694e-05,0.287904,0.0319641
Hessenberg basic,920,0,1,9,1e-12,2.44861,0.002373,0.256949,0.0342965
Hessenberg basic,921,0,0,9,1e-12,1.12696,1.13373e-05,0.236025,0.0304535
Hessenberg basic,921,0,1,9,1e-12,2.26134,0.00081718,0.244698,0.0348526
Hessenberg basic,922,0,0,9,1e-12,1.05439,0.000461237,0.514522,0.0327835
Hessenberg basic,922,0,1,9,1e-12,2.2193,0.00137652,0.349146,0.0342889
Hessenberg basic,923,0,0,9,1e-12,1.357,3.21439e-05,0.276944,0.0300718
Hessenberg basic,923,0,1,9,1e-12,2.27234,0.00121653,0.21349,0.0330996
Hessenberg basic,924,0,0,9,1e-12,0.957115,3.03559e-05,0.201737,0.0320806
Hessenberg basic,924,0,1,9,1e-12,2.82316,0.000542725,0.322528,0.0358183
Hessenberg basic,925,0,0,9,1e-12,0.885366,7.31499e-05,0.257771,0.0332139
Hessenberg basic,925,0,1,9,1e-12,2.3022,0.00135288,0.179502,0.0349887
Hessenberg basic,926,0,0,9,1e-12,0.905799,7.28171e-06,0.273631,0.0311291
Hessenberg basic,926,0,1,9,1e-12,2.71623,0.00123621,0.316688,0.0356622
Hessenberg basic,927,0,0,9,1e-12,1.12455,0.000626591,0.204494,0.0304384
Hessenberg basic,927,0,1,9,1e-12,2.73366,0.000580371,0.208429,0.0340355
Hessenberg basic,928,0,0,9,1e-12,0.887885,0.000176589,0.377263,0.0305456
Hessenberg basic,928,0,1,9,1e-12,3.74462,0.000690612,0.375179,0.0351736
Hessenberg basic,929,0,0,9,1e-12,1.19261,2.89045e-06,0.296509,0.0313299
Hessenberg basic,929,0,1,9,1e-12,3.24281,0.00087491,0.237246,0.0334965
Hessenberg basic,930,0,0,9,1e-12,1.03446,9.16115e-06,0.391376,0.0327322
Hessenberg basic,930,0,1,9,1e-12,3.36665,0.0010903,0.253854,0.0344904
Hessenberg basic,931,0,0,9,1e-12,1.26544,0.000124821,0.165325,0.030301
Hessenberg basic,931,0,1,9,1e-12,3.22392,0.00128645,0.392384,0.0342084
Hessenberg basic,932,0,0,9,1e-12,1.36809,0.000295262,0.258811,0.0303754
Hessenberg basic,932,0,1,9,1e-12,2.85947,0.00166493,0.249494,0.0339362
Hessenberg basic,933,0,0,9,1e-12,1.02861,7.7061e-05,0.232583,0.0299247
Hessenberg basic,933,0,1,9,1e-12,3.53254,0.00102676,0.250208,0.0347596
Hessenberg basic,934,0,0,9,1e-12,0.931601,8.99873e-05,0.26274,0.0308687
Hessenberg basic,934,0,1,9,1e-12,2.68027,0.000894734,0.272347,0.0338719
Hessenberg basic,935,0,0,9,1e-12,0.947138,1.67311e-05,0.566377,0.0316286
Hessenberg basic,935,0,1,9,1e-12,2.89324,0.000788472,0.347411,0.0341883
Hessenberg basic,936,0,0,9,1e-12,1.24331,0.000188003,0.307896,0.0311953
Hessenberg basic,936,0,1,9,1e-12,2.66215,0.00243867,0.294156,0.0350837
Hessenberg basic,937,0,0,9,1e-12,0.952098,6.33989e-05,0.25902,0.0296008
Hessenberg basic,937,0,1,9,1e-12,2.59605,0.000828073,0.322385,0.034846
Hessenberg basic,938,0,0,9,1e-12,1.077,7.41671e-05,0.256233,0.0305023
Hessenberg basic,938,0,1,9,1e-12,2.99015,0.000454332,0.231084,0.0341217
Hessenberg basic,939,0,0,9,1e-12,0.931205,0.000381923,0.366412,0.0306388
Hessenberg basic,939,0,1,9,1e-12,2.45387,0.000309052,0.325698,0.0348428
Hessenberg basic,940,0,0,9,1e-12,0.953904,0.000316475,0.298624,0.03129
Hessenberg basic,940,0,1,9,1e-12,2.48809,0.000476767,0.214553,0.03371
Hessenberg basic,941,0,0,9,1e-12,1.04614,9.46485e-05,0.253833,0.0314354
Hessenberg basic,941,0,1,9,1e-12,2.40579,0.00101638,0.25367,0.0337312
Hessenberg basic,942,0,0,9,1e-12,0.970078,2.74081e-05,0.232843,0.029326
Hessenberg basic,942,0,1,9,1e-12,3.49469,0.000434986,0.350575,0.0344897
Hessenberg basic,943,0,0,9,1e-12,0.964256,6.66447e-05,0.253281,0.031722
Hessenberg basic,943,0,1,9,1e-12,2.87125,0.0010932,0.233663,0.0333277
Hessenberg basic,944,0,0,9,1e-12,1.03441,0.000106278,0.232933,0.0292412
Hessenberg basic,944,0,1,9,1e-12,3.20811,0.00147551,0.236759,0.0338989
Hessenberg basic,945,0,0,9,1e-12,1.13496,3.98707e-05,0.244588,0.0289192
Hessenberg basic,945,0,1,9,1e-12,3.17066,5.20126e-05,0.369116,0.0336932
Hessenberg basic,946,0,0,9,1e-12,1.0783,0.000162985,0.210494,0.0304531
Hessenberg basic,946,0,1,9,1e-12,3.19509,0.000660528,0.271775,0.0337703
Hessenberg basic,947,0,0,9,1e-12,1.12417,0.000232595,0.413127,0.031602
Hessenberg basic,947,0,1,9,1e-12,2.97772,0.00157489,0.251432,0.0340496
Hessenberg basic,948,0,0,9,1e-12,0.983557,0.000142577,0.245073,0.0304708
Hessenberg basic,948,0,1,9,1e-12,3.33727,0.00150903,0.345722,0.0343178
Hessenberg basic,949,0,0,9,1e-12,1.29957,7.44504e-05,0.235022,0.0303894
Hessenberg basic,949,0,1,9,1e-12,3.21705,0.000529613,0.181719,0.0327707
Hessenberg basic,950,0,0,9,1e-12,0.924871,6.22648e-05,0.215454,0.0300414
Hessenberg basic,950,0,1,9,1e-12,2.88309,0.000865524,0.299778,0.0349212
Hessenberg basic,951,0,0,9,1e-12,0.961692,7.59114e-05,0.198779,0.0300079
Hessenberg basic,951,0,1,9,1e-12,2.67581,0.00139323,0.203101,0.0329099
Hessenberg basic,952,0,0,9,1e-12,1.47759,0.000195861,0.213095,0.0286484
Hessenberg basic,952,0,1,9,1e-12,3.54578,0.00121082,0.263668,0.0339396
Hessenberg basic,953,0,0,9,1e-12,1.14779,7.8696e-06,0.283083,0.0294524
Hessenberg basic,953,0,1,9,1e-12,3.91284,0.000427017,0.3238,0.0344957
Hessenberg basic,954,0,0,9,1e-12,1.23511,7.58406e-05,0.30622,0.0304803
Hessenberg basic,954,0,1,9,1e-12,3.5816,0.00079683,0.268973,0.033508
Hessenberg basic,955,0,0,9,1e-12,1.02669,0.000625785,0.452511,0.0319246
Hessenberg basic,955,0,1,9,1e-12,3.12324,0.00100138,0.228266,0.0345078
Hessenberg basic,956,0,0,9,1e-12,1.1278,7.80506e-05,0.249404,0.0311156
Hessenberg basic,956,0,1,9,1e-12,3.76822,0.000225722,0.263642,0.0329447
Hessenberg basic,957,0,0,9,1e-12,1.44252,0.000128978,0.457867,0.0310962
Hessenberg basic,957,0,1,9,1e-12,3.96679,0.00100514,0.236057,0.0332218
Hessenberg basic,958,0,0,9,1e-12,1.20916,8.33679e-05,0.203106,0.030407
Hessenberg basic,958,0,1,9,1e-12,3.62386,0.0016873,0.201294,0.0337524
Hessenberg basic,959,0,0,9,1e-12,1.12314,4.39089e-05,0.313553,0.0292258
Hessenberg basic,959,0,1,9,1e-12,3.23082,0.000467514,0.267026,0.0343464
Hessenberg basic,960,0,0,9,1e-12,1.07054,9.49964e-05,0.265587,0.0292525
Hessenberg basic,960,0,1,9,1e-12,2.97274,0.00105826,0.367063,0.0350074
Hessenberg basic,961,0,0,9,1e-12,1.25076,2.54437e-05,0.26962,0.0300411
Hessenberg basic,961,0,1,9,1e-12,3.13484,0.00126681,0.405508,0.0347659
Hessenberg basic,962,0,0,9,1e-12,1.17263,3.31409e-05,0.28058,0.0297637
Hessenberg basic,962,0,1,9,1e-12,3.31945,0.00107667,0.26954,0.0332784
Hessenberg basic,963,0,0,9,1e-12,0.957876,4.64932e-05,0.236142,0.0297119
Hessenberg basic,963,0,1,9,1e-12,3.19144,0.000428096,0.187375,0.0333687
Hessenberg basic,964,0,0,9,1e-12,0.932478,4.39994e-05,0.29721,0.0289606
Hessenberg basic,964,0,1,9,1e-12,2.99516,0.000402859,0.261278,0.0337467
Hessenberg basic,965,0,0,9,1e-12,0.894649,0.000603069,0.235423,0.0301971
Hessenberg basic,965,0,1,9,1e-12,3.36069,0.000937127,0.367732,0.0335252
Hessenberg basic,966,0,0,9,1e-12,1.28957,0.000163467,0.471503,0.032113
Hessenberg basic,966,0,1,9,1e-12,3.33689,0.00123662,0.240615,0.0332845
Hessenberg basic,967,0,0,9,1e-12,0.94246,0.000434588,0.221394,0.0313741
Hessenberg basic,967,0,1,9,1e-12,3.65916,0.00139538,0.352913,0.0340758
Hessenberg basic,968,0,0,9,1e-12,1.15251,0.00026463,0.248781,0.030646
Hessenberg basic,968,0,1,9,1e-12,3.59019,0.00095279,0.225262,0.0337669
Hessenberg basic,969,0,0,9,1e-12,1.08364,0.00012069,0.317463,0.030239
Hessenberg basic,969,0,1,9,1e-12,3.58195,0.00136997,0.227638,0.0323872
Hessenberg basic,970,0,0,9,1e-12,1.1709,0.000102976,0.228517,0.0290705
Hessenberg basic,970,0,1,9,1e-12,3.26396,0.000472496,0.184987,0.032559
Hessenberg basic,971,0,0,9,1e-12,1.27185,0.000103854,0.278929,0.0300424
Hessenberg basic,971,0,1,9,1e-12,3.05142,0.000278002,0.244395,0.0334511
Hessenberg basic,972,0,0,9,1e-12,1.38397,0.000136295,0.249088,0.0293952
Hessenberg basic,972,0,1,9,1e-12,3.41486,0.00152205,0.265928,0.0329735
Hessenberg basic,973,0,0,9,1e-12,1.11185,9.25307e-05,0.281547,0.0293093
Hessenberg basic,973,0,1,9,1e-12,3.63311,0.000750272,0.2505,0.0341162
Hessenberg basic,974,0,0,9,1e-12,0.985646,0.000220152,0.350402,0.0312808
Hessenberg basic,974,0,1,9,1e-12,3.38138,0.000701042,0.301135,0.0340161
Hessenberg basic,975,0,0,9,1e-12,1.0794,1.7577e-05,0.271649,0.0291893
Hessenberg basic,975,0,1,9,1e-12,3.27099,0.00123375,0.395788,0.0340341
Hessenberg basic,976,0,0,9,1e-12,0.948765,0.000211067,0.21944,0.0304959
Hessenberg basic,976,0,1,9,1e-12,3.68075,0.00059079,0.238318,0.0320086
Hessenberg basic,977,0,0,9,1e-12,1.12498,7.09794e-05,0.246203,0.0291577
Hessenberg basic,977,0,1,9,1e-12,3.92477,0.00149748,0.252769,0.0329785
Hessenberg basic,978,0,0,9,1e-12,1.16971,9.27751e-05,0.316998,0.0299281
Hessenberg basic,978,0,1,9,1e-12,3.91242,0.000168816,0.438494,0.0343566
Hessenberg basic,979,0,0,9,1e-12,1.13641,7.81731e-05,0.202233,0.0303027
Hessenberg basic,979,0,1,9,1e-12,3.51855,0.000651864,0.371971,0.0337921
Hessenberg basic,980,0,0,9,1e-12,1.08463,2.76751e-05,0.26186,0.0299167
Hessenberg basic,980,0,1,9,1e-12,3.27713,0.000833938,0.26808,0.0326587
Hessenberg basic,981,0,0,9,1e-12,1.10957,2.23957e-05,0.234833,0.0305723
Hessenberg basic,981,0,1,9,1e-12,2.94747,0.00045887,0.257332,0.0330884
Hessenberg basic,982,0,0,9,1e-12,1.54708,5.79603e-05,0.305964,0.030305
Hessenberg basic,982,0,1,9,1e-12,2.6468,0.000585739,0.279089,0.0342872
Hessenberg basic,983,0,0,9,1e-12,1.62768,6.29274e-05,0.326994,0.0319515
Hessenberg basic,983,0,1,9,1e-12,2.80229,0.000686291,0.243358,0.0335181
Hessenberg basic,984,0,0,9,1e-12,1.68563,4.39992e-06,0.370706,0.0297687
Hessenberg basic,984,0,1,9,1e-12,2.53921,0.00157137,0.175411,0.0324364
Hessenberg basic,985,0,0,9,1e-12,1.6166,1.04314e-05,0.190096,0.0297285
Hessenberg basic,985,0,1,9,1e-12,3.47389,0.00061201,0.219728,0.0321515
Hessenberg basic,986,0,0,9,1e-12,1.19296,6.10614e-05,0.226848,0.0306076
Hessenberg basic,986,0,1,9,1e-12,3.31808,7.97485e-05,0.353961,0.033789
Hessenberg basic,987,0,0,9,1e-12,1.4926,1.07841e-05,0.247594,0.0306656
Hessenberg basic,987,0,1,9,1e-12,3.35926,0.000972499,0.355142,0.0324361
Hessenberg basic,988,0,0,9,1e-12,1.50657,2.7539e-05,0.254846,0.0300747
Hessenberg basic,988,0,1,9,1e-12,2.9748,0.00138508,0.307733,0.0325538
Hessenberg basic,989,0,0,9,1e-12,1.39331,3.46132e-05,0.26938,0.0299549
Hessenberg basic,989,0,1,9,1e-12,3.75247,0.00117121,0.203517,0.03286
Hessenberg basic,990,0,0,9,1e-12,1.28681,5.34971e-07,0.26839,0.030284
Hessenberg basic,990,0,1,9,1e-12,2.96273,0.000556395,0.319226,0.0319252
Hessenberg basic,991,0,0,9,1e-12,1.78989,8.00604e-05,0.22679,0.0307914
Hessenberg basic,991,0,1,9,1e-12,3.42944,0.00178453,0.322521,0.0340008
Hessenberg basic,992,0,0,9,1e-12,1.03735,0.000412503,0.57516,0.0296559
Hessenberg basic,992,0,1,9,1e-12,3.62797,0.000775036,0.397054,0.0339994
Hessenberg basic,993,0,0,9,1e-12,1.07718,0.000102905,0.161973,0.0275199
Hessenberg basic,993,0,1,9,1e-12,2.81324,0.000493835,0.309915,0.0329184
Hessenberg basic,994,0,0,9,1e-12,1.18017,3.41262e-05,0.281555,0.0294281
Hessenberg basic,994,0,1,9,1e-12,3.62306,0.000384546,0.296964,0.0332099
Hessenberg basic,995,0,0,9,1e-12,1.73199,5.52866e-05,0.450941,0.0312594
Hessenberg basic,995,0,1,9,1e-12,4.00647,0.000572212,0.330696,0.0333606
Hessenberg basic,996,0,0,9,1e-12,1.04626,6.16738e-05,0.190994,0.0309809
Hessenberg basic,996,0,1,9,1e-12,2.79029,0.000351002,0.242656,0.0337753
Hessenberg basic,997,0,0,9,1e-12,1.41551,6.16031e-05,0.24657,0.0305354
Hessenberg basic,997,0,1,9,1e-12,3.11031,0.000389985,0.284356,0.031901
Hessenberg basic,998,0,0,9,1e-12,1.45032,9.04413e-05,0.254871,0.0302409
Hessenberg basic,998,0,1,9,1e-12,3.46186,0.000267456,0.22508,0.0321717
Hessenberg basic,999,0,0,9,1e-12,2.02693,0.000196228,0.198721,0.0306167
Hessenberg basic,999,0,1,9,1e-12,3.26291,0.000656649,0.407623,0.0338166
Hessenberg basic,1000,0,0,9,1e-12,1.39579,7.14807e-05,0.219662,0.0299767
Hessenberg basic,1000,0,1,9,1e-12,3.66618,0.00115007,0.267814,0.0329299
