version, size, hermitian, complex, seed, tol, runtime in s,min_error, max_error, avg_error
Hessenberg basic,900,0,0,4,1e-12,1.09179,2.08626e-05,0.237696,0.0329751
Hessenberg basic,900,0,1,4,1e-12,3.33351,0.000657651,0.245507,0.0341999
Hessenberg basic,901,0,0,4,1e-12,0.886503,2.15831e-06,0.270426,0.0311704
Hessenberg basic,901,0,1,4,1e-12,2.3072,0.000899504,0.260962,0.0345282
Hessenberg basic,902,0,0,4,1e-12,0.944069,0.000161905,0.403559,0.0315604
Hessenberg basic,902,0,1,4,1e-12,2.80192,0.00140302,0.288802,0.0349407
Hessenberg basic,903,0,0,4,1e-12,1.4823,5.51648e-05,0.22819,0.0312107
Hessenberg basic,903,0,1,4,1e-12,2.18872,0.00112204,0.207626,0.0349889
Hessenberg basic,904,0,0,4,1e-12,1.30638,0.0002848,0.268014,0.0316661
Hessenberg basic,904,0,1,4,1e-12,3.22013,0.000306165,0.342495,0.0349295
Hessenberg basic,905,0,0,4,1e-12,0.992877,0.000205696,0.216595,0.030765
Hessenberg basic,905,0,1,4,1e-12,2.56377,0.000493544,0.241238,0.03287
Hessenberg basic,906,0,0,4,1e-12,0.877359,0.000111784,0.454613,0.0327212
Hessenberg basic,906,0,1,4,1e-12,2.84968,0.000481779,0.325623,0.0352776
Hessenberg basic,907,0,0,4,1e-12,1.36289,0.00010909,0.25624,0.0306378
Hessenberg basic,907,0,1,4,1e-12,2.25014,0.00107217,0.264182,0.0328578
Hessenberg basic,908,0,0,4,1e-12,0.802347,1.80967e-06,0.309004,0.0326184
Hessenberg basic,908,0,1,4,1e-12,2.859,0.00160924,0.239378,0.034173
Hessenberg basic,909,0,0,4,1e-12,0.794821,0.000117266,0.276799,0.0317379
Hessenberg basic,909,0,1,4,1e-12,2.62261,0.00136645,0.318074,0.0343298
Hessenberg basic,910,0,0,4,1e-12,0.986571,4.29319e-05,0.288643,0.0322755
Hessenberg basic,910,0,1,4,1e-12,3.64411,0.000383469,0.220811,0.0346371
Hessenberg basic,911,0,0,4,1e-12,1.71881,0.000246128,0.218061,0.0300495
Hessenberg basic,911,0,1,4,1e-12,2.90863,0.00158958,0.296284,0.0339282
Hessenberg basic,912,0,0,4,1e-12,0.883324,0.000146379,0.237946,0.030044
Hessenberg basic,912,0,1,4,1e-12,3.34978,0.000758884,0.251466,0.0343114
Hessenberg basic,913,0,0,4,1e-12,0.938817,2.60908e-05,0.331451,0.0329739
Hessenberg basic,913,0,1,4,1e-12,2.44259,0.00155309,0.26261,0.0342015
Hessenberg basic,914,0,0,4,1e-12,0.882967,1.93032e-06,0.593923,0.0336116
Hessenberg basic,914,0,1,4,1e-12,2.64647,0.00113058,0.234748,0.0343448
Hessenberg basic,915,0,0,4,1e-12,1.34444,0.000116182,0.221062,0.0303217
Hessenberg basic,915,0,1,4,1e-12,2.31345,0.000567761,0.196242,0.0334439
Hessenberg basic,916,0,0,4,1e-12,0.936777,1.04534e-05,0.279891,0.0303395
Hessenberg basic,916,0,1,4,1e-12,2.97632,0.000398563,0.35431,0.034529
Hessenberg basic,917,0,0,4,1e-12,1.39432,3.95513e-05,0.269109,0.0293393
Hessenberg basic,917,0,1,4,1e-12,2.63423,0.00134822,0.278316,0.0342876
Hessenberg basic,918,0,0,4,1e-12,1.28527,9.28668e-06,0.259905,0.0321451
Hessenberg basic,918,0,1,4,1e-12,3.31544,0.000785137,0.366677,0.0341714
Hessenberg basic,919,0,0,4,1e-12,1.25631,8.16149e-05,0.326828,0.0310079
Hessenberg basic,919,0,1,4,1e-12,3.2902,0.00172093,0.326864,0.0344308
Hessenberg basic,920,0,0,4,1e-12,1.07669,0.00025327,0.216684,0.0308083
Hessenberg basic,920,0,1,4,1e-12,2.92517,0.00161081,0.247308,0.0339635
Hessenberg basic,921,0,0,4,1e-12,0.89226,8.29168e-05,0.24765,0.0318752
Hessenberg basic,921,0,1,4,1e-12,2.71084,0.000595359,0.215388,0.033377
Hessenberg basic,922,0,0,4,1e-12,0.902587,6.25303e-05,0.321707,0.0295725
Hessenberg basic,922,0,1,4,1e-12,2.62142,0.000758823,0.236546,0.0347928
Hessenberg basic,923,0,0,4,1e-12,0.928959,0.000205077,0.266391,0.0304286
Hessenberg basic,923,0,1,4,1e-12,2.57402,0.000278127,0.231843,0.0345908
Hessenberg basic,924,0,0,4,1e-12,0.860194,0.000266697,0.301551,0.032216
Hessenberg basic,924,0,1,4,1e-12,2.82615,0.000941571,0.320921,0.0335559
Hessenberg basic,925,0,0,4,1e-12,1.51726,3.58844e-05,0.348358,0.0332366
Hessenberg basic,925,0,1,4,1e-12,3.33737,0.00158772,0.215305,0.0342224
Hessenberg basic,926,0,0,4,1e-12,1.54051,3.83444e-06,0.255347,0.0297932
Hessenberg basic,926,0,1,4,1e-12,3.21628,0.000715376,0.34439,0.0357852
Hessenberg basic,927,0,0,4,1e-12,1.14688,7.05854e-06,0.21613,0.030797
Hessenberg basic,927,0,1,4,1e-12,3.1722,0.000833408,0.20975,0.0340772
Hessenberg basic,928,0,0,4,1e-12,1.05334,0.000107318,0.27898,0.0313365
Hessenberg basic,928,0,1,4,1e-12,3.20439,0.000806077,0.355227,0.0339903
Hessenberg basic,929,0,0,4,1e-12,1.09379,0.000190426,0.280308,0.0326787
Hessenberg basic,929,0,1,4,1e-12,3.11326,0.000262929,0.305228,0.03399
Hessenberg basic,930,0,0,4,1e-12,1.15905,0.000181598,0.271165,0.0294896
Hessenberg basic,930,0,1,4,1e-12,2.83474,0.000846244,0.221426,0.0341036
Hessenberg basic,931,0,0,4,1e-12,0.979871,0.000359754,0.388379,0.0308513
Hessenberg basic,931,0,1,4,1e-12,2.67117,0.00113837,0.247093,0.0339035
Hessenberg basic,932,0,0,4,1e-12,0.982207,0.000401651,0.189203,0.0306152
Hessenberg basic,932,0,1,4,1e-12,2.63457,0.000505331,0.189124,0.0333224
Hessenberg basic,933,0,0,4,1e-12,1.25555,3.79094e-05,0.326685,0.0304766
Hessenberg basic,933,0,1,4,1e-12,3.00025,0.0004749,0.235173,0.0334761
Hessenberg basic,934,0,0,4,1e-12,1.41083,2.13115e-05,0.295263,0.0309651
Hessenberg basic,934,0,1,4,1e-12,3.60933,0.000747682,0.189967,0.0337494
Hessenberg basic,935,0,0,4,1e-12,1.36461,0.000258342,0.34765,0.0325115
Hessenberg basic,935,0,1,4,1e-12,3.55775,0.00030718,0.210905,0.0334644
Hessenberg basic,936,0,0,4,1e-12,1.03654,4.6764e-05,0.279786,0.0307416
Hessenberg basic,936,0,1,4,1e-12,3.30997,0.00180844,0.268663,0.035129
Hessenberg basic,937,0,0,4,1e-12,1.16237,0.000103626,0.255291,0.0313866
Hessenberg basic,937,0,1,4,1e-12,3.22904,0.00116219,0.246186,0.0343523
Hessenberg basic,938,0,0,4,1e-12,0.940754,4.5109e-05,0.486787,0.0313325
Hessenberg basic,938,0,1,4,1e-12,3.00819,0.00031433,0.270465,0.0341711
Hessenberg basic,939,0,0,4,1e-12,0.927754,0.000187761,0.215525,0.0311021
Hessenberg basic,939,0,1,4,1e-12,2.82567,0.00116186,0.262556,0.0336206
Hessenberg basic,940,0,0,4,1e-12,1.19587,0.000282086,0.34803,0.0308624
Hessenberg basic,940,0,1,4,1e-12,2.71399,0.000585628,0.236337,0.0330125
Hessenberg basic,941,0,0,4,1e-12,0.947103,0.000157866,0.389064,0.0305042
Hessenberg basic,941,0,1,4,1e-12,2.90207,0.0006333,0.318944,0.0333959
Hessenberg basic,942,0,0,4,1e-12,1.17769,0.000152826,0.272432,0.0305936
Hessenberg basic,942,0,1,4,1e-12,3.00797,0.000921356,0.202595,0.0335003
Hessenberg basic,943,0,0,4,1e-12,1.75304,4.87146e-05,0.202676,0.0308133
Hessenberg basic,943,0,1,4,1e-12,3.68939,0.000982008,0.223097,0.0333108
Hessenberg basic,944,0,0,4,1e-12,1.176,2.58481e-05,0.24449,0.0306283
Hessenberg basic,944,0,1,4,1e-12,3.48782,0.000678131,0.235811,0.0338453
Hessenberg basic,945,0,0,4,1e-12,1.04216,9.72948e-05,0.225497,0.0308063
Hessenberg basic,945,0,1,4,1e-12,3.35551,0.000151597,0.251894,0.0339233
Hessenberg basic,946,0,0,4,1e-12,1.0178,0.000224384,0.380682,0.0303322
Hessenberg basic,946,0,1,4,1e-12,3.30811,0.000784374,0.274803,0.0341977
Hessenberg basic,947,0,0,4,1e-12,0.982356,1.85179e-05,0.218629,0.029848
Hessenberg basic,947,0,1,4,1e-12,3.12307,0.000809421,0.248601,0.0329488
Hessenberg basic,948,0,0,4,1e-12,1.05593,0.000598245,0.220415,0.0312717
Hessenberg basic,948,0,1,4,1e-12,2.92406,0.00173071,0.186078,0.0332589
Hessenberg basic,949,0,0,4,1e-12,1.21877,0.000278947,0.284325,0.0289173
Hessenberg basic,949,0,1,4,1e-12,2.89207,0.000506962,0.233111,0.0334746
Hessenberg basic,950,0,0,4,1e-12,0.958308,0.000225282,0.257196,0.0302651
Hessenberg basic,950,0,1,4,1e-12,2.65585,0.00142134,0.216191,0.0328887
Hessenberg basic,951,0,0,4,1e-12,0.980173,5.39863e-06,0.301946,0.0308536
Hessenberg basic,951,0,1,4,1e-12,2.76634,0.00109784,0.262814,0.0343183
Hessenberg basic,952,0,0,4,1e-12,1.30353,0.000173935,0.206557,0.0290781
Hessenberg basic,952,0,1,4,1e-12,3.01266,0.00150639,0.179205,0.032879
Hessenberg basic,953,0,0,4,1e-12,1.31632,0.000377601,0.249258,0.0299789
Hessenberg basic,953,0,1,4,1e-12,3.87505,0.000648578,0.220619,0.0339377
Hessenberg basic,954,0,0,4,1e-12,1.64737,2.81198e-05,0.230238,0.031089
Hessenberg basic,954,0,1,4,1e-12,3.91593,0.00103906,0.255902,0.0335853
Hessenberg basic,955,0,0,4,1e-12,1.1926,0.000284239,0.224841,0.031225
Hessenberg basic,955,0,1,4,1e-12,3.5688,0.00119764,0.271617,0.0332898
Hessenberg basic,956,0,0,4,1e-12,1.04632,3.20491e-05,0.228293,0.0298142
Hessenberg basic,956,0,1,4,1e-12,3.34632,0.000491168,0.246859,0.0342882
Hessenberg basic,957,0,0,4,1e-12,0.978404,1.90141e-07,0.303819,0.0304494
Hessenberg basic,957,0,1,4,1e-12,3.25334,0.00136261,0.255172,0.032951
Hessenberg basic,958,0,0,4,1e-12,0.955505,7.79307e-05,0.29851,0.0308321
Hessenberg basic,958,0,1,4,1e-12,3.03835,0.00155689,0.311685,0.0336638
Hessenberg basic,959,0,0,4,1e-12,1.1807,6.15042e-05,0.292306,0.0321022
Hessenberg basic,959,0,1,4,1e-12,2.95197,0.00163711,0.217662,0.0334044
Hessenberg basic,960,0,0,4,1e-12,1.06014,0.000227262,0.338761,0.0311216
Hessenberg basic,960,0,1,4,1e-12,2.86113,0.000785126,0.217036,0.0337394
Hessenberg basic,961,0,0,4,1e-12,0.984935,6.92583e-05,0.278028,0.0307486
Hessenberg basic,961,0,1,4,1e-12,2.71524,0.00144041,0.336033,0.0346841
Hessenberg basic,962,0,0,4,1e-12,1.61309,4.70877e-06,0.233707,0.0311127
Hessenberg basic,962,0,1,4,1e-12,3.49159,0.00021184,0.186119,0.0328242
Hessenberg basic,963,0,0,4,1e-12,1.76158,0.000192838,0.367107,0.0299074
Hessenberg basic,963,0,1,4,1e-12,3.86586,0.000959265,0.27408,0.0334736
Hessenberg basic,964,0,0,4,1e-12,1.52662,5.82242e-05,0.340874,0.0317038
Hessenberg basic,964,0,1,4,1e-12,3.61812,0.0010819,0.269753,0.0334931
Hessenberg basic,965,0,0,4,1e-12,1.05348,2.29467e-05,0.297797,0.0306394
Hessenberg basic,965,0,1,4,1e-12,3.64553,0.000987563,0.317425,0.0338263
Hessenberg basic,966,0,0,4,1e-12,1.2688,1.8385e-05,0.294027,0.0299098
Hessenberg basic,966,0,1,4,1e-12,3.45728,0.00104405,0.198347,0.0336395
Hessenberg basic,967,0,0,4,1e-12,1.0743,6.16226e-05,0.279575,0.0297143
Hessenberg basic,967,0,1,4,1e-12,3.56748,0.000466063,0.341789,0.0333535
Hessenberg basic,968,0,0,4,1e-12,1.01987,1.19137e-05,0.266892,0.0301444
Hessenberg basic,968,0,1,4,1e-12,3.65821,0.00119698,0.23904,0.0347738
Hessenberg basic,969,0,0,4,1e-12,1.10498,3.11083e-05,0.379615,0.0306386
Hessenberg basic,969,0,1,4,1e-12,3.84404,0.000607021,0.192946,0.0328334
Hessenberg basic,970,0,0,4,1e-12,1.20925,0.000502289,0.223352,0.0304802
Hessenberg basic,970,0,1,4,1e-12,3.83813,0.00134772,0.247008,0.0322073
Hessenberg basic,971,0,0,4,1e-12,1.24078,0.000199802,0.21985,0.0297107
Hessenberg basic,971,0,1,4,1e-12,4.01858,0.000802665,0.232854,0.0328258
Hessenberg basic,972,0,0,4,1e-12,1.30457,3.41832e-05,0.216236,0.0305158
Hessenberg basic,972,0,1,4,1e-12,3.99352,0.0010461,0.260097,0.0328487
Hessenberg basic,973,0,0,4,1e-12,1.31002,6.42581e-05,0.199895,0.0303414
Hessenberg basic,973,0,1,4,1e-12,3.91428,0.000425555,0.223487,0.0319473
Hessenberg basic,974,0,0,4,1e-12,1.33339,4.13672e-05,0.250197,0.0302628
Hessenberg basic,974,0,1,4,1e-12,4.04257,0.000653216,0.225506,0.0332102
Hessenberg basic,975,0,0,4,1e-12,1.35207,0.000161973,0.195411,0.0302157
Hessenberg basic,975,0,1,4,1e-12,4.05052,0.00142888,0.3605,0.0338036
Hessenberg basic,976,0,0,4,1e-12,1.30426,0.000223311,0.202065,0.0307721
Hessenberg basic,976,0,1,4,1e-12,3.96879,0.000749565,0.291422,0.0337772
Hessenberg basic,977,0,0,4,1e-12,1.34826,6.53423e-05,0.277294,0.0307332
Hessenberg basic,977,0,1,4,1e-12,4.0575,0.00104421,0.353982,0.0327651
Hessenberg basic,978,0,0,4,1e-12,1.45911,0.000292726,0.202956,0.0294363
Hessenberg basic,978,0,1,4,1e-12,4.05882,0.00087638,0.246031,0.0327236
Hessenberg basic,979,0,0,4,1e-12,1.41972,1.77122e-05,0.291986,0.0301706
Hessenberg basic,979,0,1,4,1e-12,3.97752,0.00124909,0.278004,0.0331398
Hessenberg basic,980,0,0,4,1e-12,1.41867,0.000180496,0.335214,0.0312328
Hessenberg basic,980,0,1,4,1e-12,3.98159,0.000716521,0.249754,0.0327566
Hessenberg basic,981,0,0,4,1e-12,1.48177,9.27898e-06,0.279718,0.0303113
Hessenberg basic,981,0,1,4,1e-12,4.10114,0.00143754,0.244518,0.0335891
Hessenberg basic,982,0,0,4,1e-12,1.44478,3.72915e-05,0.344563,0.0302716
Hessenberg basic,982,0,1,4,1e-12,3.95888,0.00143481,0.257854,0.0337276
Hessenberg basic,983,0,0,4,1e-12,1.51567,0.000272405,0.316911,0.0313963
Hessenberg basic,983,0,1,4,1e-12,4.0103,0.00119226,0.28464,0.0338824
Hessenberg basic,984,0,0,4,1e-12,1.3978,1.11655e-05,0.245193,0.0295688
Hessenberg basic,984,0,1,4,1e-12,3.96902,0.00127963,0.228285,0.0331066
Hessenberg basic,985,0,0,4,1e-12,1.63924,0.000104355,0.248119,0.0314698
Hessenberg basic,985,0,1,4,1e-12,3.90334,0.00113895,0.241122,0.0340221
Hessenberg basic,986,0,0,4,1e-12,1.66411,0.000115323,0.365176,0.0305395
Hessenberg basic,986,0,1,4,1e-12,3.91345,0.000265433,0.223823,0.0318167
Hessenberg basic,987,0,0,4,1e-12,1.5767,3.24807e-05,0.178238,0.0299114
Hessenberg basic,987,0,1,4,1e-12,3.88245,0.000847515,0.29718,0.0324795
Hessenberg basic,988,0,0,4,1e-12,1.51516,6.844e-05,0.2017,0.0298712
Hessenberg basic,988,0,1,4,1e-12,3.79098,0.000573401,0.290764,0.0337443
Hessenberg basic,989,0,0,4,1e-12,1.42891,4.89968e-05,0.37672,0.0295382
Hessenberg basic,989,0,1,4,1e-12,3.65694,0.000719383,0.232782,0.0339088
Hessenberg basic,990,0,0,4,1e-12,1.41876,8.60369e-05,0.28857,0.0297654
Hessenberg basic,990,0,1,4,1e-12,3.3159,0.000858449,0.281329,0.0338367
Hessenberg basic,991,0,0,4,1e-12,1.75726,0.000329555,0.22352,0.0292578
Hessenberg basic,991,0,1,4,1e-12,3.25443,0.000241016,0.213033,0.0332131
Hessenberg basic,992,0,0,4,1e-12,1.84554,6.72794e-05,0.247021,0.030481
Hessenberg basic,992,0,1,4,1e-12,4.31454,0.00140019,0.23184,0.0327512
Hessenberg basic,993,0,0,4,1e-12,2.15653,0.000134011,0.313525,0.0314094
Hessenberg basic,993,0,1,4,1e-12,4.72995,0.000347279,0.23399,0.032629
Hessenberg basic,994,0,0,4,1e-12,2.10384,9.44152e-05,0.352395,0.0304613
Hessenberg basic,994,0,1,4,1e-12,4.79046,0.00099403,0.184693,0.0323835
Hessenberg basic,995,0,0,4,1e-12,1.64663,0.00018541,0.256701,0.0280975
Hessenberg basic,995,0,1,4,1e-12,4.4537,0.00111175,0.217246,0.0316176
Hessenberg basic,996,0,0,4,1e-12,1.5901,4.36315e-05,0.308526,0.0297922
Hessenberg basic,996,0,1,4,1e-12,3.9064,0.00169866,0.233638,0.0322522
Hessenberg basic,997,0,0,4,1e-12,1.38083,8.44913e-05,0.261163,0.031021
Hessenberg basic,997,0,1,4,1e-12,3.62107,0.00100056,0.219815,0.0320491
Hessenberg basic,998,0,0,4,1e-12,1.14092,1.94797e-05,0.242645,0.0307183
Hessenberg basic,998,0,1,4,1e-12,3.25069,0.000915548,0.225636,0.0328437
Hessenberg basic,999,0,0,4,1e-12,1.19909,0.000126056,0.330438,0.0302776
Hessenberg basic,999,0,1,4,1e-12,3.32005,0.00108569,0.208853,0.0319593
Hessenberg basic,1000,0,0,4,1e-12,1.85254,9.22113e-05,0.388767,0.0291971
Hessenberg basic,1000,0,1,4,1e-12,3.65205,0.000535574,0.224374,0.0335893
