version, size, hermitian, complex, seed, tol, runtime in s,min_error, max_error, avg_error
Hessenberg basic,900,0,0,7,1e-12,0.856845,0.00017427,0.229967,0.0319917
Hessenberg basic,900,0,1,7,1e-12,2.71097,0.00117441,0.294734,0.0347185
Hessenberg basic,901,0,0,7,1e-12,0.831315,7.47062e-05,0.181465,0.0300154
Hessenberg basic,901,0,1,7,1e-12,3.2226,0.000910997,0.226144,0.0343465
Hessenberg basic,902,0,0,7,1e-12,1.39751,6.35254e-05,0.207827,0.0313881
Hessenberg basic,902,0,1,7,1e-12,3.04171,0.00140591,0.231867,0.0341992
Hessenberg basic,903,0,0,7,1e-12,1.17227,0.000105143,0.346963,0.0323021
Hessenberg basic,903,0,1,7,1e-12,2.86081,0.000834865,0.239322,0.0344124
Hessenberg basic,904,0,0,7,1e-12,0.872363,1.0573e-05,0.188972,0.0293655
Hessenberg basic,904,0,1,7,1e-12,3.69614,0.000522414,0.212473,0.0352208
Hessenberg basic,905,0,0,7,1e-12,0.86176,8.87201e-07,0.244139,0.0317919
Hessenberg basic,905,0,1,7,1e-12,2.83329,0.000777591,0.425854,0.0336438
Hessenberg basic,906,0,0,7,1e-12,0.808193,6.71578e-05,0.350859,0.031195
Hessenberg basic,906,0,1,7,1e-12,2.75501,0.000368301,0.414787,0.0359705
Hessenberg basic,907,0,0,7,1e-12,1.16751,0.000152897,0.256865,0.0310742
Hessenberg basic,907,0,1,7,1e-12,2.37015,0.00128236,0.240945,0.0341288
Hessenberg basic,908,0,0,7,1e-12,0.947273,3.27102e-05,0.221792,0.0311299
Hessenberg basic,908,0,1,7,1e-12,3.18172,0.00138877,0.193292,0.0329692
Hessenberg basic,909,0,0,7,1e-12,0.839319,0.000167947,0.219901,0.0311385
Hessenberg basic,909,0,1,7,1e-12,2.32914,0.000609992,0.231905,0.034932
Hessenberg basic,910,0,0,7,1e-12,0.993172,2.18129e-05,0.226622,0.0303434
Hessenberg basic,910,0,1,7,1e-12,2.67037,0.00135221,0.472197,0.0358457
Hessenberg basic,911,0,0,7,1e-12,1.16512,1.76537e-05,0.214527,0.0299064
Hessenberg basic,911,0,1,7,1e-12,2.46323,0.000798125,0.282342,0.0328277
Hessenberg basic,912,0,0,7,1e-12,1.14415,3.04292e-05,0.215508,0.0305355
Hessenberg basic,912,0,1,7,1e-12,2.77863,0.000277568,0.276449,0.0353551
Hessenberg basic,913,0,0,7,1e-12,1.22728,9.28044e-05,0.223368,0.0294329
Hessenberg basic,913,0,1,7,1e-12,2.46057,0.000538198,0.392137,0.0344487
Hessenberg basic,914,0,0,7,1e-12,1.1647,4.43719e-05,0.311069,0.0309721
Hessenberg basic,914,0,1,7,1e-12,2.2081,0.000848429,0.212728,0.0348248
Hessenberg basic,915,0,0,7,1e-12,1.54856,2.62437e-06,0.366291,0.0312961
Hessenberg basic,915,0,1,7,1e-12,3.09637,8.99708e-05,0.249587,0.0335527
Hessenberg basic,916,0,0,7,1e-12,1.69906,2.08682e-06,0.28744,0.0312894
Hessenberg basic,916,0,1,7,1e-12,2.61114,0.000897405,0.245059,0.0345146
Hessenberg basic,917,0,0,7,1e-12,1.2478,7.50195e-05,0.197503,0.0302181
Hessenberg basic,917,0,1,7,1e-12,3.39342,0.000546908,0.318017,0.0346596
Hessenberg basic,918,0,0,7,1e-12,0.923454,7.03239e-06,0.280877,0.0320945
Hessenberg basic,918,0,1,7,1e-12,3.01991,0.000809013,0.292122,0.0351578
Hessenberg basic,919,0,0,7,1e-12,0.844703,3.21249e-05,0.226377,0.0305211
Hessenberg basic,919,0,1,7,1e-12,2.99298,0.00152184,0.243758,0.0339929
Hessenberg basic,920,0,0,7,1e-12,1.24486,7.70523e-05,0.181162,0.0291615
Hessenberg basic,920,0,1,7,1e-12,2.52148,0.000858179,0.23356,0.0345954
Hessenberg basic,921,0,0,7,1e-12,0.90162,5.09835e-05,0.238428,0.030184
Hessenberg basic,921,0,1,7,1e-12,2.80508,0.00137526,0.221632,0.0344124
Hessenberg basic,922,0,0,7,1e-12,1.09245,4.39092e-05,0.57712,0.0331723
Hessenberg basic,922,0,1,7,1e-12,3.18739,0.000640501,0.193618,0.0345047
Hessenberg basic,923,0,0,7,1e-12,1.03354,6.29908e-05,0.28368,0.0308743
Hessenberg basic,923,0,1,7,1e-12,2.30051,0.000898387,0.319243,0.0346092
Hessenberg basic,924,0,0,7,1e-12,0.917179,5.72139e-05,0.29216,0.0299037
Hessenberg basic,924,0,1,7,1e-12,2.46227,0.000522047,0.284751,0.0347473
Hessenberg basic,925,0,0,7,1e-12,1.32625,7.21327e-05,0.289938,0.0313126
Hessenberg basic,925,0,1,7,1e-12,2.38338,0.000288723,0.220295,0.0341248
Hessenberg basic,926,0,0,7,1e-12,0.96268,0.000105105,0.427265,0.0304807
Hessenberg basic,926,0,1,7,1e-12,2.89803,0.000737204,0.228693,0.0338434
Hessenberg basic,927,0,0,7,1e-12,1.06821,9.46876e-05,0.267198,0.0327292
Hessenberg basic,927,0,1,7,1e-12,2.80431,0.000329735,0.321844,0.0336713
Hessenberg basic,928,0,0,7,1e-12,0.998925,7.82704e-06,0.387348,0.032197
Hessenberg basic,928,0,1,7,1e-12,2.51433,0.000552541,0.240255,0.0336621
Hessenberg basic,929,0,0,7,1e-12,0.997601,6.29361e-05,0.213703,0.0310502
Hessenberg basic,929,0,1,7,1e-12,2.32117,0.000888422,0.341271,0.0341057
Hessenberg basic,930,0,0,7,1e-12,1.03221,2.26262e-05,0.263289,0.0321697
Hessenberg basic,930,0,1,7,1e-12,2.33706,0.00090772,0.513973,0.0352111
Hessenberg basic,931,0,0,7,1e-12,0.920049,8.51888e-05,0.217213,0.0289544
Hessenberg basic,931,0,1,7,1e-12,2.67709,0.00046755,0.305817,0.0349427
Hessenberg basic,932,0,0,7,1e-12,0.945694,0.000106446,0.206683,0.0299632
Hessenberg basic,932,0,1,7,1e-12,3.16759,0.00119102,0.288525,0.0350138
Hessenberg basic,933,0,0,7,1e-12,0.986732,8.51534e-05,0.276138,0.0323247
Hessenberg basic,933,0,1,7,1e-12,3.37017,8.77728e-05,0.273681,0.0353156
Hessenberg basic,934,0,0,7,1e-12,1.19348,0.000209185,0.342217,0.0310838
Hessenberg basic,934,0,1,7,1e-12,3.35886,0.00038449,0.21926,0.0346975
Hessenberg basic,935,0,0,7,1e-12,1.65113,0.000144081,0.21696,0.0296572
Hessenberg basic,935,0,1,7,1e-12,3.37025,0.00114941,0.411868,0.0345808
Hessenberg basic,936,0,0,7,1e-12,1.87915,5.28038e-05,0.275874,0.0309478
Hessenberg basic,936,0,1,7,1e-12,3.44045,0.000708962,0.216989,0.0345897
Hessenberg basic,937,0,0,7,1e-12,1.88643,2.59535e-05,0.371328,0.0308044
Hessenberg basic,937,0,1,7,1e-12,3.41792,0.000437059,0.23883,0.0350206
Hessenberg basic,938,0,0,7,1e-12,1.66592,1.65584e-05,0.27956,0.0300428
Hessenberg basic,938,0,1,7,1e-12,3.2746,0.00106786,0.195853,0.0335326
Hessenberg basic,939,0,0,7,1e-12,1.79755,1.32099e-05,0.218152,0.0290706
Hessenberg basic,939,0,1,7,1e-12,3.09642,0.00126703,0.292999,0.0334703
Hessenberg basic,940,0,0,7,1e-12,1.56353,8.90777e-05,0.263931,0.0311513
Hessenberg basic,940,0,1,7,1e-12,2.89249,0.00104563,0.212462,0.0327468
Hessenberg basic,941,0,0,7,1e-12,1.58169,2.30787e-05,0.237584,0.0317634
Hessenberg basic,941,0,1,7,1e-12,2.91134,0.000507555,0.289446,0.03392
Hessenberg basic,942,0,0,7,1e-12,1.60515,1.12781e-05,0.2042,0.0299767
Hessenberg basic,942,0,1,7,1e-12,2.78323,0.000132259,0.283489,0.0346904
Hessenberg basic,943,0,0,7,1e-12,1.51318,6.53846e-05,0.470832,0.0310446
Hessenberg basic,943,0,1,7,1e-12,2.8737,0.000764284,0.326655,0.0345358
Hessenberg basic,944,0,0,7,1e-12,1.6257,5.35883e-05,0.319364,0.0313498
Hessenberg basic,944,0,1,7,1e-12,3.05294,0.00130577,0.257272,0.034184
Hessenberg basic,945,0,0,7,1e-12,1.68546,7.50326e-05,0.285811,0.0304801
Hessenberg basic,945,0,1,7,1e-12,3.1298,0.000263682,0.27652,0.0331155
Hessenberg basic,946,0,0,7,1e-12,1.61296,0.000264818,0.247523,0.0321886
Hessenberg basic,946,0,1,7,1e-12,2.88337,0.00110888,0.27723,0.0355105
Hessenberg basic,947,0,0,7,1e-12,1.59151,0.000121883,0.300139,0.0299951
Hessenberg basic,947,0,1,7,1e-12,2.93199,0.00145881,0.281423,0.0327499
Hessenberg basic,948,0,0,7,1e-12,1.70318,0.000110609,0.260244,0.0303766
Hessenberg basic,948,0,1,7,1e-12,2.95799,0.0013706,0.236353,0.0328944
Hessenberg basic,949,0,0,7,1e-12,1.87579,4.52425e-05,0.233108,0.0299181
Hessenberg basic,949,0,1,7,1e-12,2.75588,0.00106019,0.333955,0.0332428
Hessenberg basic,950,0,0,7,1e-12,1.55466,2.29351e-05,0.189328,0.030365
Hessenberg basic,950,0,1,7,1e-12,2.94841,0.000726911,0.210664,0.0336735
Hessenberg basic,951,0,0,7,1e-12,1.5117,0.000132165,0.277045,0.0285619
Hessenberg basic,951,0,1,7,1e-12,3.23486,0.000367969,0.222068,0.0340674
Hessenberg basic,952,0,0,7,1e-12,1.8795,7.21439e-05,0.347308,0.0294154
Hessenberg basic,952,0,1,7,1e-12,3.16621,0.000703499,0.245276,0.0331112
Hessenberg basic,953,0,0,7,1e-12,2.06144,2.72068e-05,0.26398,0.0293669
Hessenberg basic,953,0,1,7,1e-12,3.08125,0.000455006,0.195242,0.0331176
Hessenberg basic,954,0,0,7,1e-12,1.61127,6.95166e-05,0.215812,0.0305986
Hessenberg basic,954,0,1,7,1e-12,2.6789,0.00046319,0.392651,0.0347339
Hessenberg basic,955,0,0,7,1e-12,1.7286,2.28127e-05,0.244967,0.0288355
Hessenberg basic,955,0,1,7,1e-12,2.75262,0.000555482,0.286733,0.0338897
Hessenberg basic,956,0,0,7,1e-12,1.93309,2.82202e-05,0.295511,0.0303581
Hessenberg basic,956,0,1,7,1e-12,2.9213,0.00139138,0.260553,0.0333941
Hessenberg basic,957,0,0,7,1e-12,1.59977,0.000100718,0.202927,0.0308151
Hessenberg basic,957,0,1,7,1e-12,2.93669,0.00109871,0.274412,0.0341684
Hessenberg basic,958,0,0,7,1e-12,1.73878,0.000107396,0.360159,0.0301062
Hessenberg basic,958,0,1,7,1e-12,3.38615,0.000420091,0.169281,0.0337651
Hessenberg basic,959,0,0,7,1e-12,2.01636,0.000126214,0.280381,0.0303721
Hessenberg basic,959,0,1,7,1e-12,3.45379,0.00113848,0.244093,0.0337225
Hessenberg basic,960,0,0,7,1e-12,1.73939,5.95868e-05,0.230211,0.0288332
Hessenberg basic,960,0,1,7,1e-12,3.1946,0.000767959,0.236895,0.0342749
Hessenberg basic,961,0,0,7,1e-12,1.66768,0.000564825,0.26009,0.0309771
Hessenberg basic,961,0,1,7,1e-12,2.94657,0.000616355,0.250524,0.0334277
Hessenberg basic,962,0,0,7,1e-12,1.60236,0.000233528,0.236634,0.0299279
Hessenberg basic,962,0,1,7,1e-12,2.84365,0.000866967,0.236223,0.0342195
Hessenberg basic,963,0,0,7,1e-12,1.89591,0.000144001,0.223478,0.0300078
Hessenberg basic,963,0,1,7,1e-12,3.52023,0.000233666,0.300713,0.0342517
Hessenberg basic,964,0,0,7,1e-12,2.33782,3.62041e-06,0.223497,0.0299681
Hessenberg basic,964,0,1,7,1e-12,3.58869,0.0013606,0.347513,0.03292
Hessenberg basic,965,0,0,7,1e-12,1.79436,8.01014e-06,0.29594,0.0304298
Hessenberg basic,965,0,1,7,1e-12,3.26498,0.00154894,0.298042,0.0337539
Hessenberg basic,966,0,0,7,1e-12,1.74765,0.000126136,0.244166,0.0294229
Hessenberg basic,966,0,1,7,1e-12,2.96337,0.000608632,0.353681,0.0342567
Hessenberg basic,967,0,0,7,1e-12,1.62064,1.10979e-05,0.310114,0.0312281
Hessenberg basic,967,0,1,7,1e-12,3.6747,0.000893241,0.220377,0.0337856
Hessenberg basic,968,0,0,7,1e-12,2.21933,0.000268623,0.36847,0.0314594
Hessenberg basic,968,0,1,7,1e-12,3.74225,0.00162318,0.201439,0.0330374
Hessenberg basic,969,0,0,7,1e-12,1.71837,3.54321e-05,0.304168,0.029009
Hessenberg basic,969,0,1,7,1e-12,3.50201,0.000135172,0.341247,0.0330107
Hessenberg basic,970,0,0,7,1e-12,1.96564,1.72848e-05,0.197495,0.028833
Hessenberg basic,970,0,1,7,1e-12,3.22909,0.000897473,0.29112,0.0333899
Hessenberg basic,971,0,0,7,1e-12,1.85509,3.52627e-05,0.308329,0.0290602
Hessenberg basic,971,0,1,7,1e-12,3.66935,6.53209e-05,0.319486,0.0335812
Hessenberg basic,972,0,0,7,1e-12,2.05554,0.000186067,0.273181,0.0293845
Hessenberg basic,972,0,1,7,1e-12,3.39548,0.000496729,0.240272,0.0334298
Hessenberg basic,973,0,0,7,1e-12,1.85549,0.000176283,0.206786,0.0301036
Hessenberg basic,973,0,1,7,1e-12,3.10602,0.00136947,0.323281,0.0329264
Hessenberg basic,974,0,0,7,1e-12,1.73875,6.65447e-05,0.305273,0.0294145
Hessenberg basic,974,0,1,7,1e-12,3.62113,0.00188958,0.226772,0.0335681
Hessenberg basic,975,0,0,7,1e-12,1.94616,0.000243176,0.200744,0.0296225
Hessenberg basic,975,0,1,7,1e-12,3.56716,0.00065199,0.278157,0.0345141
Hessenberg basic,976,0,0,7,1e-12,1.72425,0.000132899,0.272028,0.0295517
Hessenberg basic,976,0,1,7,1e-12,3.40455,0.00178268,0.237533,0.0338255
Hessenberg basic,977,0,0,7,1e-12,1.93103,0.000160815,0.309712,0.0306129
Hessenberg basic,977,0,1,7,1e-12,3.4096,0.0012592,0.207711,0.0328693
Hessenberg basic,978,0,0,7,1e-12,1.98086,4.02359e-06,0.24508,0.0289434
Hessenberg basic,978,0,1,7,1e-12,3.72727,0.000563704,0.26456,0.0334255
Hessenberg basic,979,0,0,7,1e-12,1.71644,7.43506e-05,0.273914,0.0293634
Hessenberg basic,979,0,1,7,1e-12,3.30203,0.000482661,0.264759,0.0339163
Hessenberg basic,980,0,0,7,1e-12,2.07137,0.000223406,0.209076,0.0290397
Hessenberg basic,980,0,1,7,1e-12,3.20656,0.000362304,0.45503,0.0331864
Hessenberg basic,981,0,0,7,1e-12,1.89449,8.59864e-07,0.244355,0.0292828
Hessenberg basic,981,0,1,7,1e-12,3.74148,0.000532415,0.263048,0.033267
Hessenberg basic,982,0,0,7,1e-12,1.9114,5.70052e-05,0.362197,0.0293565
Hessenberg basic,982,0,1,7,1e-12,3.5534,0.000812865,0.280673,0.0324078
Hessenberg basic,983,0,0,7,1e-12,2.00861,3.24004e-05,0.266559,0.0289525
Hessenberg basic,983,0,1,7,1e-12,3.52876,0.00019403,0.277375,0.0317832
Hessenberg basic,984,0,0,7,1e-12,1.97713,7.71073e-05,0.37148,0.0303551
Hessenberg basic,984,0,1,7,1e-12,3.67914,0.000621575,0.253685,0.0333299
Hessenberg basic,985,0,0,7,1e-12,1.8902,4.28292e-05,0.241421,0.0291533
Hessenberg basic,985,0,1,7,1e-12,3.35959,0.000451864,0.240123,0.03343
Hessenberg basic,986,0,0,7,1e-12,1.7081,6.26361e-05,0.2705,0.0294882
Hessenberg basic,986,0,1,7,1e-12,3.68063,0.00102404,0.2381,0.0345424
Hessenberg basic,987,0,0,7,1e-12,2.07451,2.13065e-05,0.183836,0.0295119
Hessenberg basic,987,0,1,7,1e-12,3.78689,0.00132031,0.303059,0.0334961
Hessenberg basic,988,0,0,7,1e-12,1.8999,3.4458e-05,0.191717,0.0318949
Hessenberg basic,988,0,1,7,1e-12,2.93529,0.00106713,0.256808,0.0327255
Hessenberg basic,989,0,0,7,1e-12,1.94908,6.23694e-05,0.329757,0.030168
Hessenberg basic,989,0,1,7,1e-12,3.48786,0.00161051,0.235247,0.0332882
Hessenberg basic,990,0,0,7,1e-12,2.45171,2.30339e-06,0.182221,0.0295568
Hessenberg basic,990,0,1,7,1e-12,3.36155,0.000197392,0.372147,0.0333338
Hessenberg basic,991,0,0,7,1e-12,2.16048,1.75724e-05,0.350798,0.0282331
Hessenberg basic,991,0,1,7,1e-12,2.85367,0.00103072,0.223359,0.0332482
Hessenberg basic,992,0,0,7,1e-12,2.07692,2.06067e-05,0.297278,0.0311794
Hessenberg basic,992,0,1,7,1e-12,3.6058,0.000960166,0.264102,0.0332134
Hessenberg basic,993,0,0,7,1e-12,1.79419,7.40172e-06,0.284128,0.0295981
Hessenberg basic,993,0,1,7,1e-12,3.4116,0.000843256,0.384969,0.0342623
Hessenberg basic,994,0,0,7,1e-12,1.62086,7.64825e-05,0.260304,0.0305807
Hessenberg basic,994,0,1,7,1e-12,3.54774,0.000329849,0.208704,0.0324398
Hessenberg basic,995,0,0,7,1e-12,1.65168,0.000314206,0.399887,0.0297318
Hessenberg basic,995,0,1,7,1e-12,3.53371,0.00300637,0.179078,0.0324173
Hessenberg basic,996,0,0,7,1e-12,1.11208,0.000375697,0.196047,0.0294567
Hessenberg basic,996,0,1,7,1e-12,3.52523,0.0014759,0.420807,0.0334068
Hessenberg basic,997,0,0,7,1e-12,1.40256,5.05349e-05,0.339518,0.0285281
Hessenberg basic,997,0,1,7,1e-12,4.16297,0.000503559,0.287078,0.0326065
Hessenberg basic,998,0,0,7,1e-12,1.66702,0.00012641,0.283623,0.0308462
Hessenberg basic,998,0,1,7,1e-12,4.79097,0.00110364,0.270325,0.0330773
Hessenberg basic,999,0,0,7,1e-12,1.6039,4.24266e-07,0.173865,0.0276724
Hessenberg basic,999,0,1,7,1e-12,3.83664,0.000819741,0.238772,0.0338937
Hessenberg basic,1000,0,0,7,1e-12,1.14435,0.000156521,0.300535,0.0310453
Hessenberg basic,1000,0,1,7,1e-12,4.08784,0.000351355,0.194691,0.0327917
