version, size, hermitian, complex, seed, tol, runtime in s,min_error, max_error, avg_error
Hessenberg basic,900,0,0,8,1e-12,1.0478,0.000105862,0.278716,0.0316425
Hessenberg basic,900,0,1,8,1e-12,3.72557,0.00077793,0.252487,0.0346576
Hessenberg basic,901,0,0,8,1e-12,1.46962,7.87643e-05,0.240353,0.0308144
Hessenberg basic,901,0,1,8,1e-12,3.35916,0.000474945,0.321208,0.0352203
Hessenberg basic,902,0,0,8,1e-12,0.844205,7.81004e-05,0.231579,0.0318724
Hessenberg basic,902,0,1,8,1e-12,3.08363,0.00153695,0.19651,0.0330136
Hessenberg basic,903,0,0,8,1e-12,1.07144,0.000207324,0.302194,0.030881
Hessenberg basic,903,0,1,8,1e-12,3.21649,0.000765862,0.281658,0.033573
Hessenberg basic,904,0,0,8,1e-12,1.3476,0.00029014,0.213765,0.0309881
Hessenberg basic,904,0,1,8,1e-12,2.94716,0.000627944,0.240341,0.0348507
Hessenberg basic,905,0,0,8,1e-12,0.855566,1.30061e-05,0.300576,0.0315867
Hessenberg basic,905,0,1,8,1e-12,3.69417,0.00101922,0.272629,0.0339285
Hessenberg basic,906,0,0,8,1e-12,0.955138,5.67016e-05,0.245423,0.0314952
Hessenberg basic,906,0,1,8,1e-12,2.67386,0.000867029,0.208363,0.0344718
Hessenberg basic,907,0,0,8,1e-12,0.990322,0.000419439,0.226848,0.0301267
Hessenberg basic,907,0,1,8,1e-12,2.54507,0.00041971,0.222162,0.0343695
Hessenberg basic,908,0,0,8,1e-12,1.47906,0.000106925,0.20025,0.0314009
Hessenberg basic,908,0,1,8,1e-12,2.40719,0.000800804,0.322881,0.0342539
Hessenberg basic,909,0,0,8,1e-12,0.946656,4.99452e-05,0.314475,0.0295783
Hessenberg basic,909,0,1,8,1e-12,3.52883,0.000514947,0.175361,0.0325707
Hessenberg basic,910,0,0,8,1e-12,0.841845,7.40165e-05,0.366094,0.030879
Hessenberg basic,910,0,1,8,1e-12,2.52055,0.000453933,0.234438,0.0351411
Hessenberg basic,911,0,0,8,1e-12,0.88662,1.47519e-05,0.357541,0.0314712
Hessenberg basic,911,0,1,8,1e-12,2.89793,0.000890024,0.298498,0.0342631
Hessenberg basic,912,0,0,8,1e-12,1.52328,0.000178436,0.351399,0.0330357
Hessenberg basic,912,0,1,8,1e-12,2.60908,0.000554384,0.261894,0.0340495
Hessenberg basic,913,0,0,8,1e-12,0.895821,4.85697e-05,0.29366,0.0326356
Hessenberg basic,913,0,1,8,1e-12,2.90874,0.00112954,0.196899,0.0329558
Hessenberg basic,914,0,0,8,1e-12,1.03728,2.2632e-05,0.799436,0.0316958
Hessenberg basic,914,0,1,8,1e-12,2.43542,0.000700412,0.254538,0.0350467
Hessenberg basic,915,0,0,8,1e-12,1.20531,7.67821e-06,0.246756,0.0301363
Hessenberg basic,915,0,1,8,1e-12,2.23695,0.00101755,0.282281,0.0339335
Hessenberg basic,916,0,0,8,1e-12,1.14738,9.27717e-05,0.261431,0.0305458
Hessenberg basic,916,0,1,8,1e-12,2.50508,0.000694761,0.313084,0.0338564
Hessenberg basic,917,0,0,8,1e-12,0.872682,0.00010893,0.203946,0.0308337
Hessenberg basic,917,0,1,8,1e-12,3.18317,0.000653895,0.23735,0.0337601
Hessenberg basic,918,0,0,8,1e-12,0.932681,1.88346e-05,0.321162,0.0303487
Hessenberg basic,918,0,1,8,1e-12,3.28038,0.000482319,0.267488,0.0347358
Hessenberg basic,919,0,0,8,1e-12,0.846429,1.05245e-05,0.400162,0.0316854
Hessenberg basic,919,0,1,8,1e-12,3.53737,0.000268391,0.279459,0.034153
Hessenberg basic,920,0,0,8,1e-12,1.41952,4.76498e-05,0.217627,0.030604
Hessenberg basic,920,0,1,8,1e-12,3.13452,0.000998577,0.285668,0.0336995
Hessenberg basic,921,0,0,8,1e-12,1.26222,0.000172423,0.273952,0.0294805
Hessenberg basic,921,0,1,8,1e-12,2.7605,0.000318286,0.225118,0.0349561
Hessenberg basic,922,0,0,8,1e-12,1.56704,2.78127e-05,0.283575,0.0303812
Hessenberg basic,922,0,1,8,1e-12,3.48805,0.00056856,0.239856,0.0345396
Hessenberg basic,923,0,0,8,1e-12,0.892479,0.000111563,0.616324,0.0318255
Hessenberg basic,923,0,1,8,1e-12,2.8732,0.000751835,0.234296,0.0340128
Hessenberg basic,924,0,0,8,1e-12,0.893793,1.67668e-05,0.384338,0.0321983
Hessenberg basic,924,0,1,8,1e-12,3.57009,0.000901593,0.306103,0.0335636
Hessenberg basic,925,0,0,8,1e-12,1.58401,2.731e-05,0.383411,0.0311189
Hessenberg basic,925,0,1,8,1e-12,3.46097,0.000584968,0.229818,0.0344567
Hessenberg basic,926,0,0,8,1e-12,1.18101,2.99315e-05,0.275112,0.0307892
Hessenberg basic,926,0,1,8,1e-12,3.52914,0.000244676,0.216563,0.0332037
Hessenberg basic,927,0,0,8,1e-12,1.37349,1.73533e-05,0.340416,0.0292062
Hessenberg basic,927,0,1,8,1e-12,3.31991,0.000944062,0.217414,0.0338858
Hessenberg basic,928,0,0,8,1e-12,1.32529,2.41535e-05,0.208402,0.0333059
Hessenberg basic,928,0,1,8,1e-12,3.0248,0.000977488,0.2955,0.0348586
Hessenberg basic,929,0,0,8,1e-12,0.984479,8.33102e-05,0.371161,0.0312686
Hessenberg basic,929,0,1,8,1e-12,3.39378,0.000366729,0.314665,0.0342685
Hessenberg basic,930,0,0,8,1e-12,1.3417,0.000236955,0.314495,0.0320004
Hessenberg basic,930,0,1,8,1e-12,3.03631,0.00153176,0.266471,0.0334085
Hessenberg basic,931,0,0,8,1e-12,0.925117,0.000293225,0.221984,0.031085
Hessenberg basic,931,0,1,8,1e-12,3.24504,0.00108394,0.368852,0.0352353
Hessenberg basic,932,0,0,8,1e-12,1.14541,2.10532e-05,0.285542,0.0301099
Hessenberg basic,932,0,1,8,1e-12,3.58374,0.000475586,0.215204,0.0343568
Hessenberg basic,933,0,0,8,1e-12,0.872531,2.28874e-05,0.285531,0.0303817
Hessenberg basic,933,0,1,8,1e-12,3.35989,0.000554076,0.300787,0.0342952
Hessenberg basic,934,0,0,8,1e-12,1.04916,1.55499e-05,0.246401,0.031208
Hessenberg basic,934,0,1,8,1e-12,3.55679,0.00086173,0.24317,0.0339262
Hessenberg basic,935,0,0,8,1e-12,1.39371,5.33613e-05,0.208301,0.0312496
Hessenberg basic,935,0,1,8,1e-12,3.04922,0.00112967,0.242371,0.0343386
Hessenberg basic,936,0,0,8,1e-12,1.06708,1.20542e-05,0.231019,0.0308125
Hessenberg basic,936,0,1,8,1e-12,3.0002,0.00139137,0.228129,0.0330954
Hessenberg basic,937,0,0,8,1e-12,0.941806,9.24925e-06,0.170353,0.0282999
Hessenberg basic,937,0,1,8,1e-12,2.84873,0.000550893,0.212511,0.0348054
Hessenberg basic,938,0,0,8,1e-12,1.32079,0.000327272,0.261305,0.0304354
Hessenberg basic,938,0,1,8,1e-12,2.55602,0.00043178,0.412803,0.0338471
Hessenberg basic,939,0,0,8,1e-12,1.35375,0.000185605,0.255134,0.0312207
Hessenberg basic,939,0,1,8,1e-12,2.46944,0.000508601,0.290848,0.0340734
Hessenberg basic,940,0,0,8,1e-12,1.11365,8.60455e-05,0.405921,0.0308833
Hessenberg basic,940,0,1,8,1e-12,2.72027,0.000465165,0.275556,0.0328077
Hessenberg basic,941,0,0,8,1e-12,1.31495,1.96398e-05,0.279569,0.0312498
Hessenberg basic,941,0,1,8,1e-12,2.58846,0.000380949,0.223587,0.0333218
Hessenberg basic,942,0,0,8,1e-12,1.31788,0.000223194,0.251782,0.0292079
Hessenberg basic,942,0,1,8,1e-12,2.68182,0.000301226,0.303642,0.0342037
Hessenberg basic,943,0,0,8,1e-12,2.0038,3.63471e-05,0.278875,0.0290874
Hessenberg basic,943,0,1,8,1e-12,3.13678,0.000450801,0.287958,0.0336228
Hessenberg basic,944,0,0,8,1e-12,1.42697,0.000206509,0.467655,0.0306333
Hessenberg basic,944,0,1,8,1e-12,2.84513,0.000474809,0.239383,0.0343475
Hessenberg basic,945,0,0,8,1e-12,1.39455,4.2172e-05,0.448766,0.0305726
Hessenberg basic,945,0,1,8,1e-12,2.81791,0.000632996,0.218114,0.0337508
Hessenberg basic,946,0,0,8,1e-12,1.60348,0.000139233,0.312796,0.0307622
Hessenberg basic,946,0,1,8,1e-12,3.2109,0.00125707,0.371959,0.0346408
Hessenberg basic,947,0,0,8,1e-12,1.14804,3.25552e-05,0.307887,0.0303214
Hessenberg basic,947,0,1,8,1e-12,3.64315,0.000966001,0.255454,0.033039
Hessenberg basic,948,0,0,8,1e-12,1.41553,3.99141e-05,0.295862,0.0305967
Hessenberg basic,948,0,1,8,1e-12,3.89809,0.000230345,0.243105,0.0332114
Hessenberg basic,949,0,0,8,1e-12,1.11714,6.89111e-05,0.342276,0.0299394
Hessenberg basic,949,0,1,8,1e-12,3.45772,0.000701595,0.334808,0.0336418
Hessenberg basic,950,0,0,8,1e-12,0.954205,8.86939e-05,0.378836,0.0307001
Hessenberg basic,950,0,1,8,1e-12,3.22386,0.00204158,0.254033,0.0336474
Hessenberg basic,951,0,0,8,1e-12,0.947852,7.79626e-05,0.229459,0.0302715
Hessenberg basic,951,0,1,8,1e-12,3.03401,0.00149089,0.196193,0.034055
Hessenberg basic,952,0,0,8,1e-12,0.969819,0.000168471,0.449962,0.0329401
Hessenberg basic,952,0,1,8,1e-12,2.98527,0.000310178,0.234967,0.0333116
Hessenberg basic,953,0,0,8,1e-12,0.9811,6.05675e-05,0.613525,0.0318023
Hessenberg basic,953,0,1,8,1e-12,3.13326,0.000810167,0.29096,0.0338307
Hessenberg basic,954,0,0,8,1e-12,1.64347,5.3318e-05,0.315207,0.0306845
Hessenberg basic,954,0,1,8,1e-12,3.77558,0.000741885,0.204408,0.0330747
Hessenberg basic,955,0,0,8,1e-12,1.44823,0.000152629,0.247562,0.0290853
Hessenberg basic,955,0,1,8,1e-12,3.80658,0.000292143,0.200769,0.0335143
Hessenberg basic,956,0,0,8,1e-12,1.32799,6.41708e-05,0.397055,0.030696
Hessenberg basic,956,0,1,8,1e-12,3.68522,0.000783524,0.317836,0.032695
Hessenberg basic,957,0,0,8,1e-12,1.05541,0.000100787,0.319348,0.0296532
Hessenberg basic,957,0,1,8,1e-12,3.24214,0.00158734,0.215813,0.0336235
Hessenberg basic,958,0,0,8,1e-12,1.34389,0.000108631,0.211767,0.0308613
Hessenberg basic,958,0,1,8,1e-12,3.46744,0.000890786,0.289458,0.0345832
Hessenberg basic,959,0,0,8,1e-12,1.03332,0.000227473,0.362704,0.0312348
Hessenberg basic,959,0,1,8,1e-12,3.24829,0.00054534,0.221376,0.0334968
Hessenberg basic,960,0,0,8,1e-12,0.975108,0.000139312,0.367961,0.0284946
Hessenberg basic,960,0,1,8,1e-12,3.05314,0.000684234,0.211928,0.0319963
Hessenberg basic,961,0,0,8,1e-12,0.993801,4.6987e-06,0.268603,0.031651
Hessenberg basic,961,0,1,8,1e-12,2.92396,0.000738427,0.270099,0.0341512
Hessenberg basic,962,0,0,8,1e-12,0.992676,2.00611e-05,0.286273,0.0298783
Hessenberg basic,962,0,1,8,1e-12,2.7369,7.66041e-05,0.300494,0.034392
Hessenberg basic,963,0,0,8,1e-12,1.00314,3.52441e-05,0.257497,0.0315042
Hessenberg basic,963,0,1,8,1e-12,3.5054,0.000648048,0.269717,0.0325624
Hessenberg basic,964,0,0,8,1e-12,2.11184,1.75773e-05,0.434944,0.0318122
Hessenberg basic,964,0,1,8,1e-12,4.05144,0.000258366,0.248305,0.0329397
Hessenberg basic,965,0,0,8,1e-12,1.674,3.00971e-05,0.234333,0.0288787
Hessenberg basic,965,0,1,8,1e-12,3.72669,0.00110945,0.209716,0.0330549
Hessenberg basic,966,0,0,8,1e-12,1.52777,2.1138e-05,0.19061,0.0299332
Hessenberg basic,966,0,1,8,1e-12,3.52117,0.00111514,0.210336,0.0332098
Hessenberg basic,967,0,0,8,1e-12,1.48563,1.45403e-05,0.277716,0.0299988
Hessenberg basic,967,0,1,8,1e-12,3.27495,0.000817067,0.322134,0.033074
Hessenberg basic,968,0,0,8,1e-12,1.52582,0.000226969,0.155552,0.030568
Hessenberg basic,968,0,1,8,1e-12,2.93304,0.00056693,0.249086,0.0335128
Hessenberg basic,969,0,0,8,1e-12,1.89365,2.60927e-05,0.237516,0.0308561
Hessenberg basic,969,0,1,8,1e-12,2.64902,0.000869251,0.218641,0.0336703
Hessenberg basic,970,0,0,8,1e-12,1.89217,4.09677e-05,0.456684,0.0305052
Hessenberg basic,970,0,1,8,1e-12,2.88952,0.000334622,0.267133,0.0325552
Hessenberg basic,971,0,0,8,1e-12,1.65803,3.21559e-06,0.308669,0.0317178
Hessenberg basic,971,0,1,8,1e-12,2.87482,0.000314893,0.284067,0.0335418
Hessenberg basic,972,0,0,8,1e-12,1.6308,3.15584e-05,0.265219,0.0302972
Hessenberg basic,972,0,1,8,1e-12,2.60852,0.000194176,0.194394,0.0329432
Hessenberg basic,973,0,0,8,1e-12,1.36009,0.000192122,1.096,0.0320475
Hessenberg basic,973,0,1,8,1e-12,2.94954,0.000842166,0.222169,0.0328753
Hessenberg basic,974,0,0,8,1e-12,1.65747,1.06219e-05,0.366237,0.0291732
Hessenberg basic,974,0,1,8,1e-12,3.19281,0.000446244,0.306065,0.0339043
Hessenberg basic,975,0,0,8,1e-12,1.52056,8.85533e-05,0.350075,0.028485
Hessenberg basic,975,0,1,8,1e-12,2.84906,0.000819146,0.310044,0.0339952
Hessenberg basic,976,0,0,8,1e-12,1.23174,9.22925e-05,0.37271,0.0305224
Hessenberg basic,976,0,1,8,1e-12,2.82997,0.00123967,0.192077,0.0327488
Hessenberg basic,977,0,0,8,1e-12,1.02954,0.000206008,0.479334,0.0319273
Hessenberg basic,977,0,1,8,1e-12,3.99198,0.000508317,0.354697,0.032399
Hessenberg basic,978,0,0,8,1e-12,1.29799,8.09171e-05,0.30036,0.0321853
Hessenberg basic,978,0,1,8,1e-12,4.62393,0.0010449,0.244657,0.0341029
Hessenberg basic,979,0,0,8,1e-12,1.55401,4.9009e-05,0.24206,0.0294301
Hessenberg basic,979,0,1,8,1e-12,4.65071,0.000142393,0.258011,0.0335545
Hessenberg basic,980,0,0,8,1e-12,1.55234,7.06333e-06,0.394112,0.0299917
Hessenberg basic,980,0,1,8,1e-12,4.52334,0.000485934,0.237914,0.0343035
Hessenberg basic,981,0,0,8,1e-12,1.56743,6.07916e-05,0.465762,0.0307863
Hessenberg basic,981,0,1,8,1e-12,4.27926,0.00106479,0.284484,0.0340194
Hessenberg basic,982,0,0,8,1e-12,1.95568,0.000222172,0.29278,0.0301214
Hessenberg basic,982,0,1,8,1e-12,4.31721,0.00015589,0.400095,0.0334735
Hessenberg basic,983,0,0,8,1e-12,1.46428,0.000159279,0.208806,0.0306118
Hessenberg basic,983,0,1,8,1e-12,4.66239,0.00106307,0.236635,0.0336605
Hessenberg basic,984,0,0,8,1e-12,1.4474,0.000103033,0.420311,0.0317516
Hessenberg basic,984,0,1,8,1e-12,4.63831,0.000516115,0.257561,0.0336668
Hessenberg basic,985,0,0,8,1e-12,1.25938,6.39634e-06,0.528764,0.0298604
Hessenberg basic,985,0,1,8,1e-12,4.59794,0.00137337,0.175264,0.0324478
Hessenberg basic,986,0,0,8,1e-12,1.2853,8.51847e-06,0.275556,0.0310802
Hessenberg basic,986,0,1,8,1e-12,4.43898,0.000249805,0.200952,0.0320821
Hessenberg basic,987,0,0,8,1e-12,1.27561,0.000292547,0.185433,0.0293131
Hessenberg basic,987,0,1,8,1e-12,5.00474,0.00076708,0.277705,0.0346305
Hessenberg basic,988,0,0,8,1e-12,1.75884,9.02414e-05,0.231382,0.0296129
Hessenberg basic,988,0,1,8,1e-12,4.33193,0.000323652,0.389169,0.0335819
Hessenberg basic,989,0,0,8,1e-12,1.83471,2.12717e-05,0.196716,0.0304765
Hessenberg basic,989,0,1,8,1e-12,4.27134,5.60416e-05,0.264868,0.0332408
Hessenberg basic,990,0,0,8,1e-12,1.08588,4.41539e-05,0.347109,0.0308124
Hessenberg basic,990,0,1,8,1e-12,4.14904,0.000741782,0.18596,0.0333295
Hessenberg basic,991,0,0,8,1e-12,1.10704,3.30123e-05,0.306565,0.0311445
Hessenberg basic,991,0,1,8,1e-12,3.48202,3.86283e-05,0.342815,0.0329839
Hessenberg basic,992,0,0,8,1e-12,1.4368,3.63094e-05,0.208648,0.028886
Hessenberg basic,992,0,1,8,1e-12,3.84711,0.000441959,0.2247,0.0334631
Hessenberg basic,993,0,0,8,1e-12,1.18298,9.89929e-06,0.382413,0.0307442
Hessenberg basic,993,0,1,8,1e-12,3.74738,0.000819419,0.351977,0.0333323
Hessenberg basic,994,0,0,8,1e-12,1.19576,0.000118512,0.226518,0.0279695
Hessenberg basic,994,0,1,8,1e-12,4.14577,0.00036576,0.335881,0.0332936
Hessenberg basic,995,0,0,8,1e-12,1.36461,1.29158e-06,0.390227,0.0299432
Hessenberg basic,995,0,1,8,1e-12,3.6188,0.000918789,0.245058,0.0330041
Hessenberg basic,996,0,0,8,1e-12,1.72197,1.21297e-05,0.193862,0.0284449
Hessenberg basic,996,0,1,8,1e-12,4.21184,0.000727822,0.244497,0.0334139
Hessenberg basic,997,0,0,8,1e-12,1.29183,6.30717e-05,0.177131,0.0289115
Hessenberg basic,997,0,1,8,1e-12,4.02244,0.00081646,0.408102,0.0321816
Hessenberg basic,998,0,0,8,1e-12,1.61026,0.000219281,0.297885,0.0306507
Hessenberg basic,998,0,1,8,1e-12,4.26512,0.000442067,0.204316,0.0329944
Hessenberg basic,999,0,0,8,1e-12,1.39543,0.000397246,0.176286,0.0289764
Hessenberg basic,999,0,1,8,1e-12,3.75665,0.000389465,0.215022,0.0322523
Hessenberg basic,1000,0,0,8,1e-12,1.68197,2.05612e-05,0.339836,0.0298412
Hessenberg basic,1000,0,1,8,1e-12,4.09304,0.000644512,0.272932,0.0329243
