version, size, hermitian, complex, seed, tol, runtime in s,min_error, max_error, avg_error
Hessenberg basic,900,0,0,5,1e-12,1.71449,1.24158e-05,0.238244,0.0306647
Hessenberg basic,900,0,1,5,1e-12,2.25587,0.000913223,0.224916,0.034375
Hessenberg basic,901,0,0,5,1e-12,1.68226,0.000153044,0.256773,0.0303472
Hessenberg basic,901,0,1,5,1e-12,3.37511,0.000239877,0.233963,0.0349145
Hessenberg basic,902,0,0,5,1e-12,0.847266,0.000118841,0.227529,0.0320894
Hessenberg basic,902,0,1,5,1e-12,2.83441,0.000598694,0.329457,0.0348003
Hessenberg basic,903,0,0,5,1e-12,1.00563,0.000189925,0.224313,0.0292037
Hessenberg basic,903,0,1,5,1e-12,2.32486,0.000326743,0.237806,0.0338201
Hessenberg basic,904,0,0,5,1e-12,0.862584,4.17135e-05,0.24736,0.0304866
Hessenberg basic,904,0,1,5,1e-12,2.81761,0.000469464,0.234082,0.0342048
Hessenberg basic,905,0,0,5,1e-12,1.0618,0.000164034,0.296592,0.0319533
Hessenberg basic,905,0,1,5,1e-12,3.14796,0.00139682,0.229018,0.0340594
Hessenberg basic,906,0,0,5,1e-12,1.10317,0.000639986,0.32994,0.0309124
Hessenberg basic,906,0,1,5,1e-12,3.01624,0.00114877,0.263157,0.0335629
Hessenberg basic,907,0,0,5,1e-12,0.908184,0.000220979,0.200249,0.0317552
Hessenberg basic,907,0,1,5,1e-12,3.31421,0.00011797,0.209705,0.0330651
Hessenberg basic,908,0,0,5,1e-12,1.07389,1.50594e-05,0.352582,0.0318844
Hessenberg basic,908,0,1,5,1e-12,2.6563,0.00110373,0.252182,0.0344507
Hessenberg basic,909,0,0,5,1e-12,1.26315,1.16403e-05,0.302543,0.0308573
Hessenberg basic,909,0,1,5,1e-12,3.515,0.00161143,0.195692,0.0341467
Hessenberg basic,910,0,0,5,1e-12,0.853936,6.98184e-07,0.310321,0.0309082
Hessenberg basic,910,0,1,5,1e-12,2.81511,0.00117224,0.24204,0.0340093
Hessenberg basic,911,0,0,5,1e-12,0.843555,0.000153875,0.375945,0.0329269
Hessenberg basic,911,0,1,5,1e-12,2.34772,0.000578783,0.249163,0.034184
Hessenberg basic,912,0,0,5,1e-12,1.0038,0.000111314,0.313452,0.0323886
Hessenberg basic,912,0,1,5,1e-12,2.63189,0.00193819,0.206321,0.0355415
Hessenberg basic,913,0,0,5,1e-12,0.946816,3.30804e-05,0.353899,0.0311012
Hessenberg basic,913,0,1,5,1e-12,3.34355,0.000619552,0.228866,0.0333243
Hessenberg basic,914,0,0,5,1e-12,1.07207,6.92808e-05,0.262018,0.0295855
Hessenberg basic,914,0,1,5,1e-12,2.23504,0.000993216,0.286563,0.0332815
Hessenberg basic,915,0,0,5,1e-12,1.57832,3.38532e-05,0.300581,0.0309469
Hessenberg basic,915,0,1,5,1e-12,2.59336,0.00123271,0.307785,0.034671
Hessenberg basic,916,0,0,5,1e-12,1.01431,0.000106299,0.491321,0.0322268
Hessenberg basic,916,0,1,5,1e-12,2.92855,0.00139867,0.301798,0.0353285
Hessenberg basic,917,0,0,5,1e-12,1.5392,0.000187515,0.368056,0.0310437
Hessenberg basic,917,0,1,5,1e-12,3.28538,0.000274637,0.204862,0.0332173
Hessenberg basic,918,0,0,5,1e-12,1.19472,0.000181502,0.280512,0.030938
Hessenberg basic,918,0,1,5,1e-12,2.69134,0.000186701,0.283363,0.0345225
Hessenberg basic,919,0,0,5,1e-12,0.848943,0.000233834,0.481485,0.0316403
Hessenberg basic,919,0,1,5,1e-12,2.6882,0.000817521,0.211154,0.0345074
Hessenberg basic,920,0,0,5,1e-12,1.00027,0.000229252,0.396269,0.0311044
Hessenberg basic,920,0,1,5,1e-12,2.44981,0.000739787,0.257829,0.0343575
Hessenberg basic,921,0,0,5,1e-12,1.24168,6.3596e-05,0.294588,0.0315485
Hessenberg basic,921,0,1,5,1e-12,2.65903,0.000855343,0.251577,0.0339777
Hessenberg basic,922,0,0,5,1e-12,0.854331,0.000238087,0.301568,0.0312456
Hessenberg basic,922,0,1,5,1e-12,2.73591,0.00115919,0.181203,0.0352415
Hessenberg basic,923,0,0,5,1e-12,1.03686,2.66058e-05,0.420016,0.0302594
Hessenberg basic,923,0,1,5,1e-12,2.43803,0.00110741,0.239546,0.033834
Hessenberg basic,924,0,0,5,1e-12,1.1689,9.72552e-05,0.406369,0.0300142
Hessenberg basic,924,0,1,5,1e-12,2.86497,0.00160938,0.382834,0.0347205
Hessenberg basic,925,0,0,5,1e-12,0.843358,2.50881e-05,0.254164,0.0297479
Hessenberg basic,925,0,1,5,1e-12,2.87717,0.000762689,0.301333,0.0335992
Hessenberg basic,926,0,0,5,1e-12,1.04215,0.000102897,0.268584,0.0306791
Hessenberg basic,926,0,1,5,1e-12,2.53308,0.000610879,0.336874,0.03474
Hessenberg basic,927,0,0,5,1e-12,1.21979,4.55513e-06,0.269232,0.030206
Hessenberg basic,927,0,1,5,1e-12,2.83255,0.00101736,0.213515,0.0338861
Hessenberg basic,928,0,0,5,1e-12,0.860751,1.35484e-05,0.236107,0.0301676
Hessenberg basic,928,0,1,5,1e-12,2.74119,0.00126057,0.193743,0.0338576
Hessenberg basic,929,0,0,5,1e-12,1.07318,0.000127852,0.262268,0.0297894
Hessenberg basic,929,0,1,5,1e-12,2.82261,0.000882502,0.193774,0.0335234
Hessenberg basic,930,0,0,5,1e-12,1.27539,2.05464e-05,0.273479,0.0321465
Hessenberg basic,930,0,1,5,1e-12,3.21007,0.00102418,0.348555,0.0340279
Hessenberg basic,931,0,0,5,1e-12,0.858685,7.6976e-07,0.447504,0.0309109
Hessenberg basic,931,0,1,5,1e-12,3.14751,0.0005284,0.197035,0.0334096
Hessenberg basic,932,0,0,5,1e-12,1.09263,0.000470654,0.306863,0.0324043
Hessenberg basic,932,0,1,5,1e-12,2.83831,0.0010984,0.221168,0.0345324
Hessenberg basic,933,0,0,5,1e-12,1.24047,0.000150833,0.173797,0.0300751
Hessenberg basic,933,0,1,5,1e-12,3.39148,0.00116291,0.265983,0.0349092
Hessenberg basic,934,0,0,5,1e-12,0.874388,5.3973e-05,0.239495,0.0310163
Hessenberg basic,934,0,1,5,1e-12,3.42923,0.000720835,0.241696,0.0341157
Hessenberg basic,935,0,0,5,1e-12,1.06575,2.65247e-05,0.421264,0.0315701
Hessenberg basic,935,0,1,5,1e-12,3.40676,0.000570122,0.272713,0.0335695
Hessenberg basic,936,0,0,5,1e-12,1.605,2.2293e-05,0.351487,0.0297861
Hessenberg basic,936,0,1,5,1e-12,4.14936,0.00153944,0.225977,0.0331679
Hessenberg basic,937,0,0,5,1e-12,1.42574,6.57214e-05,0.313734,0.0322153
Hessenberg basic,937,0,1,5,1e-12,4.38784,0.0009089,0.199766,0.0323744
Hessenberg basic,938,0,0,5,1e-12,1.37579,0.000107332,0.396719,0.0307609
Hessenberg basic,938,0,1,5,1e-12,3.88037,0.00140555,0.278229,0.0336972
Hessenberg basic,939,0,0,5,1e-12,1.24696,7.93901e-05,0.185224,0.0297773
Hessenberg basic,939,0,1,5,1e-12,3.97549,0.00166807,0.270143,0.03331
Hessenberg basic,940,0,0,5,1e-12,1.57508,0.000130355,0.327786,0.0319386
Hessenberg basic,940,0,1,5,1e-12,4.28183,0.00158619,0.283718,0.0345117
Hessenberg basic,941,0,0,5,1e-12,1.28736,6.02586e-05,0.393689,0.030747
Hessenberg basic,941,0,1,5,1e-12,3.68372,0.000577011,0.257988,0.034408
Hessenberg basic,942,0,0,5,1e-12,1.29251,2.73907e-05,0.303434,0.0307458
Hessenberg basic,942,0,1,5,1e-12,4.03382,0.000744203,0.224207,0.0336515
Hessenberg basic,943,0,0,5,1e-12,1.20171,0.00022456,0.227086,0.0304936
Hessenberg basic,943,0,1,5,1e-12,4.20592,0.00156647,0.22368,0.0347033
Hessenberg basic,944,0,0,5,1e-12,1.17877,0.000130941,0.212585,0.029517
Hessenberg basic,944,0,1,5,1e-12,3.82685,0.00221427,0.284662,0.0339947
Hessenberg basic,945,0,0,5,1e-12,1.73548,0.000184136,0.257781,0.0307827
Hessenberg basic,945,0,1,5,1e-12,4.02733,0.00120526,0.368272,0.0349936
Hessenberg basic,946,0,0,5,1e-12,1.11049,1.08104e-06,0.257409,0.0307156
Hessenberg basic,946,0,1,5,1e-12,4.06924,0.00108911,0.316643,0.0354542
Hessenberg basic,947,0,0,5,1e-12,1.4098,7.47149e-07,0.216423,0.0300513
Hessenberg basic,947,0,1,5,1e-12,4.29303,0.000998237,0.239962,0.032674
Hessenberg basic,948,0,0,5,1e-12,1.39389,1.79323e-06,0.270758,0.0301788
Hessenberg basic,948,0,1,5,1e-12,3.76599,0.000261603,0.217806,0.033754
Hessenberg basic,949,0,0,5,1e-12,1.38832,0.000194709,0.522533,0.0327403
Hessenberg basic,949,0,1,5,1e-12,4.15959,0.00122867,0.34865,0.0326596
Hessenberg basic,950,0,0,5,1e-12,1.08123,4.74944e-05,0.22449,0.0288291
Hessenberg basic,950,0,1,5,1e-12,4.25418,0.000559937,0.26262,0.0328787
Hessenberg basic,951,0,0,5,1e-12,1.31274,6.75637e-05,0.322115,0.0298396
Hessenberg basic,951,0,1,5,1e-12,3.95626,0.000915695,0.206402,0.0331033
Hessenberg basic,952,0,0,5,1e-12,1.71995,0.000103378,0.397691,0.0318874
Hessenberg basic,952,0,1,5,1e-12,3.98159,0.000901884,0.27783,0.0338664
Hessenberg basic,953,0,0,5,1e-12,1.20238,7.73567e-05,0.345284,0.0304667
Hessenberg basic,953,0,1,5,1e-12,3.99,0.000362489,0.193932,0.0343896
Hessenberg basic,954,0,0,5,1e-12,1.73901,7.01641e-05,0.19969,0.0307388
Hessenberg basic,954,0,1,5,1e-12,4.53912,0.000961536,0.33103,0.0353323
Hessenberg basic,955,0,0,5,1e-12,1.42501,1.0764e-05,0.305546,0.0309263
Hessenberg basic,955,0,1,5,1e-12,3.65638,0.00101569,0.283117,0.0347109
Hessenberg basic,956,0,0,5,1e-12,1.48114,0.000145027,0.243947,0.0290704
Hessenberg basic,956,0,1,5,1e-12,4.22515,0.0010314,0.336982,0.0339353
Hessenberg basic,957,0,0,5,1e-12,1.26331,4.43043e-05,0.462554,0.0311352
Hessenberg basic,957,0,1,5,1e-12,4.47639,0.000149706,0.230357,0.0340399
Hessenberg basic,958,0,0,5,1e-12,1.48344,2.34339e-06,0.192273,0.0288582
Hessenberg basic,958,0,1,5,1e-12,4.12629,0.000265551,0.253253,0.0334387
Hessenberg basic,959,0,0,5,1e-12,1.69438,0.000363676,0.160275,0.0298209
Hessenberg basic,959,0,1,5,1e-12,4.19716,0.00041309,0.219962,0.0348856
Hessenberg basic,960,0,0,5,1e-12,1.45782,0.000111724,0.34952,0.0322246
Hessenberg basic,960,0,1,5,1e-12,4.29064,0.000395825,0.360193,0.0342241
Hessenberg basic,961,0,0,5,1e-12,1.72105,0.000106231,0.296042,0.0299132
Hessenberg basic,961,0,1,5,1e-12,4.55045,0.000220371,0.264043,0.0340282
Hessenberg basic,962,0,0,5,1e-12,1.46153,0.000144506,0.281271,0.0303393
Hessenberg basic,962,0,1,5,1e-12,3.96547,0.0012262,0.228184,0.0337633
Hessenberg basic,963,0,0,5,1e-12,2.00705,8.13111e-05,0.374224,0.0319057
Hessenberg basic,963,0,1,5,1e-12,4.40856,0.000707826,0.277255,0.0332888
Hessenberg basic,964,0,0,5,1e-12,1.28821,0.000109432,0.250031,0.0316697
Hessenberg basic,964,0,1,5,1e-12,4.28751,0.00157212,0.311535,0.0337986
Hessenberg basic,965,0,0,5,1e-12,1.56645,7.13954e-05,0.280736,0.031421
Hessenberg basic,965,0,1,5,1e-12,4.48487,0.00061629,0.255839,0.032932
Hessenberg basic,966,0,0,5,1e-12,1.43134,4.82999e-06,0.328499,0.0307229
Hessenberg basic,966,0,1,5,1e-12,3.84863,0.00196456,0.210323,0.0333531
Hessenberg basic,967,0,0,5,1e-12,1.64987,0.000110295,0.223521,0.0294759
Hessenberg basic,967,0,1,5,1e-12,4.33832,0.00147373,0.255264,0.0332399
Hessenberg basic,968,0,0,5,1e-12,1.27681,8.69338e-06,0.283273,0.0308722
Hessenberg basic,968,0,1,5,1e-12,4.63416,0.00111995,0.233863,0.0330942
Hessenberg basic,969,0,0,5,1e-12,1.81627,0.000224829,0.197995,0.029964
Hessenberg basic,969,0,1,5,1e-12,4.62835,0.000522302,0.259811,0.0328336
Hessenberg basic,970,0,0,5,1e-12,1.6178,0.000163808,0.235667,0.0301931
Hessenberg basic,970,0,1,5,1e-12,4.1339,0.000584643,0.326809,0.0337041
Hessenberg basic,971,0,0,5,1e-12,1.54635,7.29173e-05,0.186277,0.02854
Hessenberg basic,971,0,1,5,1e-12,4.5106,0.000777258,0.273271,0.0334415
Hessenberg basic,972,0,0,5,1e-12,1.2327,2.74266e-05,0.203532,0.0295947
Hessenberg basic,972,0,1,5,1e-12,4.62277,0.00200945,0.199124,0.032919
Hessenberg basic,973,0,0,5,1e-12,1.52452,2.70908e-05,0.189222,0.0299983
Hessenberg basic,973,0,1,5,1e-12,4.36878,0.000693544,0.288769,0.0335018
Hessenberg basic,974,0,0,5,1e-12,1.74637,5.79857e-05,0.394166,0.0299418
Hessenberg basic,974,0,1,5,1e-12,4.20455,0.00112019,0.338235,0.0352118
Hessenberg basic,975,0,0,5,1e-12,1.48927,3.81481e-05,0.316115,0.0297043
Hessenberg basic,975,0,1,5,1e-12,4.54447,0.000598278,0.409795,0.0337792
Hessenberg basic,976,0,0,5,1e-12,1.34521,3.38956e-05,0.235163,0.0303546
Hessenberg basic,976,0,1,5,1e-12,4.77931,0.000414535,0.24698,0.0329029
Hessenberg basic,977,0,0,5,1e-12,1.55747,0.000103131,0.230076,0.0295316
Hessenberg basic,977,0,1,5,1e-12,4.30011,0.00113803,0.341745,0.0335401
Hessenberg basic,978,0,0,5,1e-12,1.96694,0.000230374,0.201793,0.0302154
Hessenberg basic,978,0,1,5,1e-12,4.33653,0.00142546,0.293009,0.033763
Hessenberg basic,979,0,0,5,1e-12,1.36728,1.7641e-05,0.220126,0.0305078
Hessenberg basic,979,0,1,5,1e-12,4.43899,0.000960046,0.276996,0.0325448
Hessenberg basic,980,0,0,5,1e-12,1.68678,9.45286e-05,0.246695,0.0296891
Hessenberg basic,980,0,1,5,1e-12,4.89501,0.00111939,0.253171,0.0341265
Hessenberg basic,981,0,0,5,1e-12,1.48097,0.000141169,0.289872,0.030763
Hessenberg basic,981,0,1,5,1e-12,4.30072,0.000945404,0.258516,0.0336776
Hessenberg basic,982,0,0,5,1e-12,1.99722,8.28702e-05,0.241016,0.0305796
Hessenberg basic,982,0,1,5,1e-12,4.30111,0.000911514,0.207402,0.0329378
Hessenberg basic,983,0,0,5,1e-12,1.3518,0.000241866,0.258404,0.0297139
Hessenberg basic,983,0,1,5,1e-12,4.55309,0.00107992,0.273734,0.0342393
Hessenberg basic,984,0,0,5,1e-12,1.32356,0.000171112,0.31014,0.0304843
Hessenberg basic,984,0,1,5,1e-12,4.79811,0.000678347,0.363095,0.0331827
Hessenberg basic,985,0,0,5,1e-12,1.62763,5.56642e-05,0.370091,0.0309587
Hessenberg basic,985,0,1,5,1e-12,4.66122,0.00146339,0.285248,0.0333226
Hessenberg basic,986,0,0,5,1e-12,1.64984,0.00016576,0.342703,0.0306373
Hessenberg basic,986,0,1,5,1e-12,4.38553,0.000393368,0.282783,0.0321842
Hessenberg basic,987,0,0,5,1e-12,1.64246,6.99264e-05,0.365228,0.0306821
Hessenberg basic,987,0,1,5,1e-12,4.76198,0.00166347,0.241253,0.0339027
Hessenberg basic,988,0,0,5,1e-12,1.31245,4.24757e-05,0.240271,0.0298682
Hessenberg basic,988,0,1,5,1e-12,4.88838,0.00140592,0.30915,0.0341678
Hessenberg basic,989,0,0,5,1e-12,1.79967,8.00136e-05,0.448565,0.0299532
Hessenberg basic,989,0,1,5,1e-12,4.84951,0.00109664,0.190304,0.0336261
Hessenberg basic,990,0,0,5,1e-12,1.7078,0.000182449,0.22845,0.0307535
Hessenberg basic,990,0,1,5,1e-12,4.46019,0.00137999,0.206327,0.0324898
Hessenberg basic,991,0,0,5,1e-12,1.69199,2.75958e-05,0.405466,0.0307514
Hessenberg basic,991,0,1,5,1e-12,4.81041,0.000993367,0.22388,0.0327168
Hessenberg basic,992,0,0,5,1e-12,1.37541,7.20883e-05,0.202428,0.0295513
Hessenberg basic,992,0,1,5,1e-12,4.95343,0.000964742,0.276397,0.0324498
Hessenberg basic,993,0,0,5,1e-12,1.88441,6.2217e-06,0.54222,0.0307317
Hessenberg basic,993,0,1,5,1e-12,4.89922,0.000220698,0.264305,0.0339155
Hessenberg basic,994,0,0,5,1e-12,1.65736,5.28852e-06,0.249865,0.0285998
Hessenberg basic,994,0,1,5,1e-12,4.24146,0.000785439,0.25721,0.0335251
Hessenberg basic,995,0,0,5,1e-12,1.77636,5.27178e-05,0.363263,0.0295948
Hessenberg basic,995,0,1,5,1e-12,4.83455,0.000760006,0.228729,0.0342973
Hessenberg basic,996,0,0,5,1e-12,1.41901,1.23864e-05,0.409383,0.0291452
Hessenberg basic,996,0,1,5,1e-12,5.06229,0.000394185,0.239413,0.0331268
Hessenberg basic,997,0,0,5,1e-12,1.95398,9.72468e-05,0.279918,0.0293983
Hessenberg basic,997,0,1,5,1e-12,4.97843,0.000492309,0.219325,0.033166
Hessenberg basic,998,0,0,5,1e-12,1.72747,7.67525e-05,0.344227,0.0295716
Hessenberg basic,998,0,1,5,1e-12,3.81562,6.6261e-05,0.343499,0.0335504
Hessenberg basic,999,0,0,5,1e-12,2.17184,2.57721e-05,0.380387,0.0303545
Hessenberg basic,999,0,1,5,1e-12,3.72682,0.00159558,0.279141,0.0338171
Hessenberg basic,1000,0,0,5,1e-12,1.169,0.000189897,0.256946,0.0292419
Hessenberg basic,1000,0,1,5,1e-12,4.00417,0.000110137,0.297175,0.0343797
