version, size, hermitian, complex, seed, tol, runtime in s,min_error, max_error, avg_error
eigen_elementwise,1,1,0,9,1e-12,1.885e-06,0,0,0
eigen_elementwise,2,1,0,9,1e-12,2.375e-06,0,3.55271e-15,1.77636e-15
eigen_elementwise,3,1,0,9,1e-12,1.886e-06,1.42109e-14,2.84217e-14,1.89478e-14
eigen_elementwise,4,1,0,9,1e-12,2.444e-06,3.19744e-14,1.7053e-13,9.32587e-14
eigen_elementwise,5,1,0,9,1e-12,2.934e-06,0,1.13687e-13,3.69482e-14
eigen_elementwise,6,1,0,9,1e-12,3.352e-06,0,1.42109e-13,4.9738e-14
eigen_elementwise,7,1,0,9,1e-12,3.911e-06,4.26326e-14,3.41061e-13,1.55304e-13
eigen_elementwise,8,1,0,9,1e-12,5.168e-06,2.84217e-14,6.25278e-13,2.14939e-13
eigen_elementwise,9,1,0,9,1e-12,5.308e-06,4.9738e-14,4.54747e-13,1.50793e-13
eigen_elementwise,10,1,0,9,1e-12,6.216e-06,1.42109e-14,9.09495e-13,2.13163e-13
eigen_elementwise,11,1,0,9,1e-12,8.102e-06,0,5.68434e-13,1.63102e-13
eigen_elementwise,12,1,0,9,1e-12,8.521e-06,4.26326e-14,5.68434e-13,2.12275e-13
eigen_elementwise,13,1,0,9,1e-12,1.0896e-05,2.13163e-14,5.68434e-13,1.73263e-13
eigen_elementwise,14,1,0,9,1e-12,1.0895e-05,0,5.11591e-13,1.69008e-13
eigen_elementwise,15,1,0,9,1e-12,1.2431e-05,5.68434e-14,6.82121e-13,2.68822e-13
eigen_elementwise,16,1,0,9,1e-12,1.2781e-05,5.68434e-14,7.95808e-13,3.31513e-13
eigen_elementwise,17,1,0,9,1e-12,1.5365e-05,0,6.82121e-13,1.83905e-13
eigen_elementwise,18,1,0,9,1e-12,1.7181e-05,5.68434e-14,1.13687e-12,3.00204e-13
eigen_elementwise,19,1,0,9,1e-12,1.8019e-05,1.42109e-14,1.47793e-12,3.65369e-13
eigen_elementwise,20,1,0,9,1e-12,2.1162e-05,0,1.47793e-12,3.75167e-13
eigen_elementwise,21,1,0,9,1e-12,2.193e-05,2.84217e-14,1.02318e-12,3.85723e-13
eigen_elementwise,22,1,0,9,1e-12,2.3815e-05,1.42109e-14,1.81899e-12,3.59954e-13
eigen_elementwise,23,1,0,9,1e-12,2.4304e-05,2.84217e-14,1.36424e-12,2.71705e-13
eigen_elementwise,24,1,0,9,1e-12,2.8076e-05,0,2.72848e-12,4.67922e-13
eigen_elementwise,25,1,0,9,1e-12,3.0032e-05,1.42109e-14,1.25056e-12,3.26992e-13
eigen_elementwise,26,1,0,9,1e-12,3.1009e-05,4.26326e-14,2.84217e-12,4.85902e-13
eigen_elementwise,27,1,0,9,1e-12,3.2965e-05,0,1.59162e-12,3.39745e-13
eigen_elementwise,28,1,0,9,1e-12,3.6667e-05,0,1.36424e-12,3.20252e-13
eigen_elementwise,29,1,0,9,1e-12,3.8902e-05,0,1.02318e-12,3.34935e-13
eigen_elementwise,30,1,0,9,1e-12,3.974e-05,0,1.47793e-12,4.18865e-13
eigen_elementwise,31,1,0,9,1e-12,4.2743e-05,0,1.47793e-12,3.58939e-13
eigen_elementwise,32,1,0,9,1e-12,4.4699e-05,2.84217e-14,1.47793e-12,3.5949e-13
eigen_elementwise,33,1,0,9,1e-12,4.9866e-05,0,1.25056e-12,2.8454e-13
eigen_elementwise,34,1,0,9,1e-12,5.252e-05,0,2.6148e-12,4.47224e-13
eigen_elementwise,35,1,0,9,1e-12,5.4965e-05,0,2.04636e-12,4.00239e-13
eigen_elementwise,36,1,0,9,1e-12,5.7759e-05,0,1.93268e-12,2.95665e-13
eigen_elementwise,37,1,0,9,1e-12,5.9575e-05,0,2.04636e-12,3.30594e-13
eigen_elementwise,38,1,0,9,1e-12,6.2508e-05,0,2.27374e-12,3.93416e-13
eigen_elementwise,39,1,0,9,1e-12,6.9143e-05,0,2.38742e-12,3.87701e-13
eigen_elementwise,40,1,0,9,1e-12,7.1448e-05,0,1.93268e-12,4.26681e-13
eigen_elementwise,41,1,0,9,1e-12,7.3962e-05,0,1.59162e-12,3.98684e-13
eigen_elementwise,42,1,0,9,1e-12,7.906e-05,0,2.27374e-12,5.26732e-13
eigen_elementwise,43,1,0,9,1e-12,7.9969e-05,0,1.59162e-12,3.1016e-13
eigen_elementwise,44,1,0,9,1e-12,8.5416e-05,0,1.19371e-12,4.0937e-13
eigen_elementwise,45,1,0,9,1e-12,8.9746e-05,0,1.81899e-12,4.03272e-13
eigen_elementwise,46,1,0,9,1e-12,8.8838e-05,0,1.36424e-12,2.97269e-13
eigen_elementwise,47,1,0,9,1e-12,9.7988e-05,0,3.06954e-12,5.50217e-13
eigen_elementwise,48,1,0,9,1e-12,9.9524e-05,0,1.36424e-12,3.13009e-13
eigen_elementwise,49,1,0,9,1e-12,0.000110908,0,2.27374e-12,4.49745e-13
eigen_elementwise,50,1,0,9,1e-12,0.000106648,0,2.50111e-12,4.08846e-13
eigen_elementwise,51,1,0,9,1e-12,0.000119079,4.26326e-14,1.59162e-12,4.20544e-13
eigen_elementwise,52,1,0,9,1e-12,0.000117823,0,2.72848e-12,4.47232e-13
eigen_elementwise,53,1,0,9,1e-12,0.000130464,0,2.50111e-12,4.77471e-13
eigen_elementwise,54,1,0,9,1e-12,0.000132349,0,1.7053e-12,3.8593e-13
eigen_elementwise,55,1,0,9,1e-12,0.000137308,0,3.52429e-12,6.41814e-13
eigen_elementwise,56,1,0,9,1e-12,0.000138216,0,2.6148e-12,5.13494e-13
eigen_elementwise,57,1,0,9,1e-12,0.000145899,0,2.6148e-12,4.60606e-13
eigen_elementwise,58,1,0,9,1e-12,0.000148413,0,2.38742e-12,5.04853e-13
eigen_elementwise,59,1,0,9,1e-12,0.000150229,0,4.66116e-12,5.49045e-13
eigen_elementwise,60,1,0,9,1e-12,0.00016727,0,2.38742e-12,4.27451e-13
eigen_elementwise,61,1,0,9,1e-12,0.000155816,0,2.38742e-12,4.36967e-13
eigen_elementwise,62,1,0,9,1e-12,0.000161473,0,3.75167e-12,5.61438e-13
eigen_elementwise,63,1,0,9,1e-12,0.000166083,0,1.93268e-12,4.27126e-13
eigen_elementwise,64,1,0,9,1e-12,0.000181937,0,1.81899e-12,4.71631e-13
eigen_elementwise,65,1,0,9,1e-12,0.000175163,0,2.16005e-12,5.23347e-13
eigen_elementwise,66,1,0,9,1e-12,0.00018934,0,2.50111e-12,4.40876e-13
eigen_elementwise,67,1,0,9,1e-12,0.000188083,0,2.38742e-12,5.29303e-13
eigen_elementwise,68,1,0,9,1e-12,0.000194648,0,4.20641e-12,4.78121e-13
eigen_elementwise,69,1,0,9,1e-12,0.000210013,0,2.50111e-12,4.79327e-13
eigen_elementwise,70,1,0,9,1e-12,0.000212598,0,2.72848e-12,4.27122e-13
eigen_elementwise,71,1,0,9,1e-12,0.000221398,0,2.16005e-12,4.52356e-13
eigen_elementwise,72,1,0,9,1e-12,0.00022035,0,3.97904e-12,6.07912e-13
eigen_elementwise,73,1,0,9,1e-12,0.000224471,0,2.38742e-12,4.65212e-13
eigen_elementwise,74,1,0,9,1e-12,0.000230966,0,3.29692e-12,5.43316e-13
eigen_elementwise,75,1,0,9,1e-12,0.000243328,0,3.52429e-12,5.26478e-13
eigen_elementwise,76,1,0,9,1e-12,0.00025576,0,3.18323e-12,5.69869e-13
eigen_elementwise,77,1,0,9,1e-12,0.000256458,0,4.43379e-12,6.74373e-13
eigen_elementwise,78,1,0,9,1e-12,0.000261556,0,2.72848e-12,6.39648e-13
eigen_elementwise,79,1,0,9,1e-12,0.000265327,0,3.29692e-12,4.6196e-13
eigen_elementwise,80,1,0,9,1e-12,0.000272941,0,2.50111e-12,4.82894e-13
eigen_elementwise,81,1,0,9,1e-12,0.000282928,0,3.06954e-12,5.65992e-13
eigen_elementwise,82,1,0,9,1e-12,0.000287607,0,2.38742e-12,5.28713e-13
eigen_elementwise,83,1,0,9,1e-12,0.000289563,0,2.84217e-12,5.8372e-13
eigen_elementwise,84,1,0,9,1e-12,0.00029976,0,3.63798e-12,6.10978e-13
eigen_elementwise,85,1,0,9,1e-12,0.000298991,0,3.41061e-12,5.06691e-13
eigen_elementwise,86,1,0,9,1e-12,0.000309747,0,2.16005e-12,4.92046e-13
eigen_elementwise,87,1,0,9,1e-12,0.000314356,0,2.6148e-12,4.94607e-13
eigen_elementwise,88,1,0,9,1e-12,0.000314915,0,3.06954e-12,5.12166e-13
eigen_elementwise,89,1,0,9,1e-12,0.000337334,0,3.18323e-12,6.14542e-13
eigen_elementwise,90,1,0,9,1e-12,0.000339918,0,3.75167e-12,6.44275e-13
eigen_elementwise,91,1,0,9,1e-12,0.000346344,0,3.86535e-12,6.97626e-13
eigen_elementwise,92,1,0,9,1e-12,0.000353258,0,3.06954e-12,5.33109e-13
eigen_elementwise,93,1,0,9,1e-12,0.000363105,0,4.54747e-12,7.5295e-13
eigen_elementwise,94,1,0,9,1e-12,0.000365061,0,2.16005e-12,5.20839e-13
eigen_elementwise,95,1,0,9,1e-12,0.000384896,0,2.50111e-12,5.43476e-13
eigen_elementwise,96,1,0,9,1e-12,0.000388668,0,2.6148e-12,5.39801e-13
eigen_elementwise,97,1,0,9,1e-12,0.000387201,0,3.41061e-12,5.65037e-13
eigen_elementwise,98,1,0,9,1e-12,0.000410458,0,3.41061e-12,6.102e-13
eigen_elementwise,99,1,0,9,1e-12,0.000408712,0,3.75167e-12,5.42512e-13
eigen_elementwise,100,1,0,9,1e-12,0.000415277,0,2.04636e-12,4.55891e-13
eigen_elementwise,101,1,0,9,1e-12,0.000424985,0,4.3201e-12,6.2954e-13
eigen_elementwise,102,1,0,9,1e-12,0.000428826,0,4.09273e-12,5.56532e-13
eigen_elementwise,103,1,0,9,1e-12,0.000458998,0,2.6148e-12,5.14188e-13
eigen_elementwise,104,1,0,9,1e-12,0.000448173,0,2.38742e-12,5.05793e-13
eigen_elementwise,105,1,0,9,1e-12,0.000455855,0,2.38742e-12,4.4991e-13
eigen_elementwise,106,1,0,9,1e-12,0.000473874,0,4.09273e-12,5.78067e-13
eigen_elementwise,107,1,0,9,1e-12,0.000460185,0,2.6148e-12,5.38439e-13
eigen_elementwise,108,1,0,9,1e-12,0.000476668,0,3.41061e-12,4.70466e-13
eigen_elementwise,109,1,0,9,1e-12,0.000495316,0,4.77485e-12,6.35356e-13
eigen_elementwise,110,1,0,9,1e-12,0.000496154,0,3.52429e-12,5.90241e-13
eigen_elementwise,111,1,0,9,1e-12,0.00051117,0,3.06954e-12,6.1741e-13
eigen_elementwise,112,1,0,9,1e-12,0.000524579,0,2.50111e-12,5.61453e-13
eigen_elementwise,113,1,0,9,1e-12,0.000531564,0,2.50111e-12,5.4141e-13
eigen_elementwise,114,1,0,9,1e-12,0.000532401,0,3.86535e-12,5.16526e-13
eigen_elementwise,115,1,0,9,1e-12,0.00055084,0,2.84217e-12,6.08923e-13
eigen_elementwise,116,1,0,9,1e-12,0.000558033,0,2.84217e-12,5.54824e-13
eigen_elementwise,117,1,0,9,1e-12,0.00056816,0,2.72848e-12,5.1774e-13
eigen_elementwise,118,1,0,9,1e-12,0.000579056,0,4.3201e-12,6.97982e-13
eigen_elementwise,119,1,0,9,1e-12,0.00057235,0,2.95586e-12,5.36358e-13
eigen_elementwise,120,1,0,9,1e-12,0.000592884,0,5.57066e-12,6.94997e-13
eigen_elementwise,121,1,0,9,1e-12,0.000619773,0,3.63798e-12,6.54421e-13
eigen_elementwise,122,1,0,9,1e-12,0.000610973,0,3.41061e-12,5.92463e-13
eigen_elementwise,123,1,0,9,1e-12,0.000612928,0,3.86535e-12,7.58994e-13
eigen_elementwise,124,1,0,9,1e-12,0.00063416,0,4.88853e-12,5.42004e-13
eigen_elementwise,125,1,0,9,1e-12,0.000645334,0,4.3201e-12,5.72562e-13
eigen_elementwise,126,1,0,9,1e-12,0.000605805,0,2.6148e-12,5.75288e-13
eigen_elementwise,127,1,0,9,1e-12,0.000657907,0,3.75167e-12,5.77921e-13
eigen_elementwise,128,1,0,9,1e-12,0.000638281,0,3.86535e-12,6.21105e-13
eigen_elementwise,129,1,0,9,1e-12,0.000637512,0,3.29692e-12,6.49258e-13
eigen_elementwise,130,1,0,9,1e-12,0.000644357,0,3.86535e-12,5.30543e-13
eigen_elementwise,131,1,0,9,1e-12,0.000655322,0,5.91172e-12,7.15167e-13
eigen_elementwise,132,1,0,9,1e-12,0.000671037,0,4.66116e-12,6.43897e-13
eigen_elementwise,133,1,0,9,1e-12,0.000680605,0,3.41061e-12,5.73883e-13
eigen_elementwise,134,1,0,9,1e-12,0.000696528,0,4.88853e-12,6.1677e-13
eigen_elementwise,135,1,0,9,1e-12,0.000716294,0,5.45697e-12,6.51993e-13
eigen_elementwise,136,1,0,9,1e-12,0.000756033,0,5.00222e-12,5.94377e-13
eigen_elementwise,137,1,0,9,1e-12,0.000723697,0,3.29692e-12,5.91214e-13
eigen_elementwise,138,1,0,9,1e-12,0.000738363,0,4.88853e-12,6.54577e-13
eigen_elementwise,139,1,0,9,1e-12,0.000743531,0,6.25278e-12,6.46603e-13
eigen_elementwise,140,1,0,9,1e-12,0.000764484,0,3.63798e-12,5.95302e-13
eigen_elementwise,141,1,0,9,1e-12,0.000767348,0,3.18323e-12,7.5439e-13
eigen_elementwise,142,1,0,9,1e-12,0.000810649,0,5.00222e-12,6.54142e-13
eigen_elementwise,143,1,0,9,1e-12,0.000803596,0,5.22959e-12,6.00774e-13
eigen_elementwise,144,1,0,9,1e-12,0.000834186,0,2.84217e-12,5.20742e-13
eigen_elementwise,145,1,0,9,1e-12,0.000826783,0,2.72848e-12,5.09677e-13
eigen_elementwise,146,1,0,9,1e-12,0.00082385,0,3.97904e-12,6.09104e-13
eigen_elementwise,147,1,0,9,1e-12,0.000853113,0,4.09273e-12,6.84177e-13
eigen_elementwise,148,1,0,9,1e-12,0.000843754,0,4.09273e-12,6.65163e-13
eigen_elementwise,149,1,0,9,1e-12,0.000872879,0,3.63798e-12,6.37873e-13
eigen_elementwise,150,1,0,9,1e-12,0.000855208,0,2.95586e-12,6.06298e-13
eigen_elementwise,151,1,0,9,1e-12,0.000878745,0,2.84217e-12,6.09866e-13
eigen_elementwise,152,1,0,9,1e-12,0.000937691,0,2.84217e-12,5.71369e-13
eigen_elementwise,153,1,0,9,1e-12,0.000875322,0,4.3201e-12,7.31353e-13
eigen_elementwise,154,1,0,9,1e-12,0.000913596,0,4.43379e-12,7.25857e-13
eigen_elementwise,155,1,0,9,1e-12,0.00092924,0,4.20641e-12,7.1675e-13
eigen_elementwise,156,1,0,9,1e-12,0.000948097,0,5.11591e-12,7.20027e-13
eigen_elementwise,157,1,0,9,1e-12,0.000970726,0,3.29692e-12,6.20848e-13
eigen_elementwise,158,1,0,9,1e-12,0.00096458,0,5.22959e-12,6.71026e-13
eigen_elementwise,159,1,0,9,1e-12,0.00100439,0,3.63798e-12,6.73159e-13
eigen_elementwise,160,1,0,9,1e-12,0.00102904,0,4.09273e-12,6.26877e-13
eigen_elementwise,161,1,0,9,1e-12,0.000999291,0,3.06954e-12,6.68687e-13
eigen_elementwise,162,1,0,9,1e-12,0.00102052,0,5.45697e-12,6.27014e-13
eigen_elementwise,163,1,0,9,1e-12,0.000995939,0,2.95586e-12,6.42502e-13
eigen_elementwise,164,1,0,9,1e-12,0.00104741,0,3.75167e-12,5.41708e-13
eigen_elementwise,165,1,0,9,1e-12,0.00106131,0,5.57066e-12,6.52333e-13
eigen_elementwise,166,1,0,9,1e-12,0.00103414,0,3.86535e-12,6.70886e-13
eigen_elementwise,167,1,0,9,1e-12,0.00107996,0,4.66116e-12,5.63225e-13
eigen_elementwise,168,1,0,9,1e-12,0.00115036,0,5.11591e-12,7.383e-13
eigen_elementwise,169,1,0,9,1e-12,0.0010861,0,3.63798e-12,5.94519e-13
eigen_elementwise,170,1,0,9,1e-12,0.00112508,0,4.54747e-12,6.98258e-13
eigen_elementwise,171,1,0,9,1e-12,0.00115203,0,5.34328e-12,6.49623e-13
eigen_elementwise,172,1,0,9,1e-12,0.00112878,0,4.09273e-12,5.66654e-13
eigen_elementwise,173,1,0,9,1e-12,0.00117515,0,5.00222e-12,7.46595e-13
eigen_elementwise,174,1,0,9,1e-12,0.00119317,0,4.20641e-12,6.77605e-13
eigen_elementwise,175,1,0,9,1e-12,0.00119967,0,3.41061e-12,6.30207e-13
eigen_elementwise,176,1,0,9,1e-12,0.00127391,0,4.77485e-12,6.01126e-13
eigen_elementwise,177,1,0,9,1e-12,0.00131218,0,5.68434e-12,6.90771e-13
eigen_elementwise,178,1,0,9,1e-12,0.00123864,0,3.18323e-12,6.6159e-13
eigen_elementwise,179,1,0,9,1e-12,0.00133432,0,3.52429e-12,6.16697e-13
eigen_elementwise,180,1,0,9,1e-12,0.00133355,0,4.3201e-12,6.00118e-13
eigen_elementwise,181,1,0,9,1e-12,0.00131365,0,5.22959e-12,7.4198e-13
eigen_elementwise,182,1,0,9,1e-12,0.00138461,0,3.86535e-12,6.56876e-13
eigen_elementwise,183,1,0,9,1e-12,0.00143762,0,4.66116e-12,6.05619e-13
eigen_elementwise,184,1,0,9,1e-12,0.00141953,0,5.11591e-12,6.10974e-13
eigen_elementwise,185,1,0,9,1e-12,0.00134061,0,4.09273e-12,6.64689e-13
eigen_elementwise,186,1,0,9,1e-12,0.00140123,0,4.54747e-12,6.31578e-13
eigen_elementwise,187,1,0,9,1e-12,0.00141855,0,6.59384e-12,6.52348e-13
eigen_elementwise,188,1,0,9,1e-12,0.00141981,0,6.0254e-12,7.64141e-13
eigen_elementwise,189,1,0,9,1e-12,0.00138558,0,5.22959e-12,7.55102e-13
eigen_elementwise,190,1,0,9,1e-12,0.0014321,0,5.22959e-12,6.24853e-13
eigen_elementwise,191,1,0,9,1e-12,0.00145103,0,6.25278e-12,7.02617e-13
eigen_elementwise,192,1,0,9,1e-12,0.00149942,0,4.54747e-12,6.74632e-13
eigen_elementwise,193,1,0,9,1e-12,0.00139466,0,5.11591e-12,5.94486e-13
eigen_elementwise,194,1,0,9,1e-12,0.00148092,0,4.43379e-12,6.79238e-13
eigen_elementwise,195,1,0,9,1e-12,0.00146569,0,8.07177e-12,7.8873e-13
eigen_elementwise,196,1,0,9,1e-12,0.00152715,0,3.06954e-12,6.38967e-13
eigen_elementwise,197,1,0,9,1e-12,0.00145892,0,4.66116e-12,6.38012e-13
eigen_elementwise,198,1,0,9,1e-12,0.00157276,0,4.3201e-12,7.31724e-13
eigen_elementwise,199,1,0,9,1e-12,0.00156473,0,5.34328e-12,6.49363e-13
eigen_elementwise,200,1,0,9,1e-12,0.00165503,0,5.11591e-12,7.20336e-13
eigen_elementwise,201,1,0,9,1e-12,0.00157297,0,3.41061e-12,5.89705e-13
eigen_elementwise,202,1,0,9,1e-12,0.00164456,0,3.75167e-12,6.30593e-13
eigen_elementwise,203,1,0,9,1e-12,0.00163373,0,3.63798e-12,5.26837e-13
eigen_elementwise,204,1,0,9,1e-12,0.00169924,0,4.77485e-12,7.80306e-13
eigen_elementwise,205,1,0,9,1e-12,0.00167487,0,5.00222e-12,7.24415e-13
eigen_elementwise,206,1,0,9,1e-12,0.00161208,0,6.13909e-12,8.14854e-13
eigen_elementwise,207,1,0,9,1e-12,0.0017475,0,5.91172e-12,7.74223e-13
eigen_elementwise,208,1,0,9,1e-12,0.00176475,0,4.88853e-12,6.57646e-13
eigen_elementwise,209,1,0,9,1e-12,0.00173235,0,4.88853e-12,6.73684e-13
eigen_elementwise,210,1,0,9,1e-12,0.00176783,0,3.63798e-12,6.34225e-13
eigen_elementwise,211,1,0,9,1e-12,0.00170755,0,8.29914e-12,6.66964e-13
eigen_elementwise,212,1,0,9,1e-12,0.00179234,0,6.0254e-12,7.34619e-13
eigen_elementwise,213,1,0,9,1e-12,0.0018017,0,3.97904e-12,6.29262e-13
eigen_elementwise,214,1,0,9,1e-12,0.00183173,0,4.66116e-12,7.52584e-13
eigen_elementwise,215,1,0,9,1e-12,0.0018603,0,3.86535e-12,6.9797e-13
eigen_elementwise,216,1,0,9,1e-12,0.0018765,0,4.88853e-12,8.60303e-13
eigen_elementwise,217,1,0,9,1e-12,0.00178333,0,3.86535e-12,6.69914e-13
eigen_elementwise,218,1,0,9,1e-12,0.00187119,0,4.20641e-12,6.99528e-13
eigen_elementwise,219,1,0,9,1e-12,0.00190115,0,7.04858e-12,6.5394e-13
eigen_elementwise,220,1,0,9,1e-12,0.00192218,0,4.09273e-12,7.36402e-13
eigen_elementwise,221,1,0,9,1e-12,0.00193147,0,5.68434e-12,7.63922e-13
eigen_elementwise,222,1,0,9,1e-12,0.00194355,0,4.09273e-12,7.13526e-13
eigen_elementwise,223,1,0,9,1e-12,0.00202198,0,5.45697e-12,7.33422e-13
eigen_elementwise,224,1,0,9,1e-12,0.00204998,0,5.45697e-12,6.52027e-13
eigen_elementwise,225,1,0,9,1e-12,0.00191079,0,5.79803e-12,7.30803e-13
eigen_elementwise,226,1,0,9,1e-12,0.00205948,0,7.50333e-12,6.61614e-13
eigen_elementwise,227,1,0,9,1e-12,0.00206619,0,4.66116e-12,6.87801e-13
eigen_elementwise,228,1,0,9,1e-12,0.00209929,0,3.97904e-12,6.84251e-13
eigen_elementwise,229,1,0,9,1e-12,0.00205571,0,4.43379e-12,6.89533e-13
eigen_elementwise,230,1,0,9,1e-12,0.0021391,0,7.84439e-12,8.38284e-13
eigen_elementwise,231,1,0,9,1e-12,0.00214588,0,5.91172e-12,7.0058e-13
eigen_elementwise,232,1,0,9,1e-12,0.00219037,0,6.36646e-12,6.68282e-13
eigen_elementwise,233,1,0,9,1e-12,0.0021954,0,5.22959e-12,7.49055e-13
eigen_elementwise,234,1,0,9,1e-12,0.00208477,0,4.88853e-12,6.91637e-13
eigen_elementwise,235,1,0,9,1e-12,0.00220482,0,3.75167e-12,7.4139e-13
eigen_elementwise,236,1,0,9,1e-12,0.0022343,0,3.97904e-12,7.09349e-13
eigen_elementwise,237,1,0,9,1e-12,0.00224184,0,5.57066e-12,7.72136e-13
eigen_elementwise,238,1,0,9,1e-12,0.00227795,0,4.54747e-12,6.63359e-13
eigen_elementwise,239,1,0,9,1e-12,0.00229722,0,5.00222e-12,7.76995e-13
eigen_elementwise,240,1,0,9,1e-12,0.00234646,0,7.16227e-12,7.49671e-13
eigen_elementwise,241,1,0,9,1e-12,0.00230812,0,6.25278e-12,8.07034e-13
eigen_elementwise,242,1,0,9,1e-12,0.00232991,0,6.59384e-12,7.99901e-13
eigen_elementwise,243,1,0,9,1e-12,0.00232516,0,4.3201e-12,7.7023e-13
eigen_elementwise,244,1,0,9,1e-12,0.00232481,0,5.22959e-12,7.41162e-13
eigen_elementwise,245,1,0,9,1e-12,0.00236916,0,6.82121e-12,7.46232e-13
eigen_elementwise,246,1,0,9,1e-12,0.00242496,0,5.22959e-12,7.13484e-13
eigen_elementwise,247,1,0,9,1e-12,0.00242881,0,4.3201e-12,7.49242e-13
eigen_elementwise,248,1,0,9,1e-12,0.0024962,0,9.09495e-12,7.44383e-13
eigen_elementwise,249,1,0,9,1e-12,0.00248957,0,6.48015e-12,6.68479e-13
eigen_elementwise,250,1,0,9,1e-12,0.00250891,0,3.97904e-12,7.24604e-13
eigen_elementwise,251,1,0,9,1e-12,0.00247902,0,4.77485e-12,7.64505e-13
eigen_elementwise,252,1,0,9,1e-12,0.00259195,0,4.43379e-12,7.06384e-13
eigen_elementwise,253,1,0,9,1e-12,0.00255976,0,6.13909e-12,7.21518e-13
eigen_elementwise,254,1,0,9,1e-12,0.00256025,0,6.70752e-12,7.73594e-13
eigen_elementwise,255,1,0,9,1e-12,0.0025923,0,6.70752e-12,7.75723e-13
eigen_elementwise,256,1,0,9,1e-12,0.00266208,0,7.50333e-12,7.95351e-13
eigen_elementwise,257,1,0,9,1e-12,0.00260585,0,4.66116e-12,7.78946e-13
eigen_elementwise,258,1,0,9,1e-12,0.00250849,0,5.57066e-12,6.54521e-13
eigen_elementwise,259,1,0,9,1e-12,0.00262799,0,4.66116e-12,7.36183e-13
eigen_elementwise,260,1,0,9,1e-12,0.00267758,0,6.13909e-12,7.3932e-13
eigen_elementwise,261,1,0,9,1e-12,0.00270908,0,6.36646e-12,7.66881e-13
eigen_elementwise,262,1,0,9,1e-12,0.00273017,0,7.04858e-12,7.01833e-13
eigen_elementwise,263,1,0,9,1e-12,0.00276614,0,5.57066e-12,6.34015e-13
eigen_elementwise,264,1,0,9,1e-12,0.00277459,0,5.68434e-12,6.93448e-13
eigen_elementwise,265,1,0,9,1e-12,0.00283668,0,5.79803e-12,6.91199e-13
eigen_elementwise,266,1,0,9,1e-12,0.00283822,0,5.68434e-12,7.17937e-13
eigen_elementwise,267,1,0,9,1e-12,0.0028255,0,8.07177e-12,8.08691e-13
eigen_elementwise,268,1,0,9,1e-12,0.00283605,0,4.66116e-12,7.33893e-13
eigen_elementwise,269,1,0,9,1e-12,0.00290596,0,6.13909e-12,7.51672e-13
eigen_elementwise,270,1,0,9,1e-12,0.00289465,0,4.20641e-12,7.04521e-13
eigen_elementwise,271,1,0,9,1e-12,0.00294186,0,4.3201e-12,7.49326e-13
eigen_elementwise,272,1,0,9,1e-12,0.00292468,0,6.59384e-12,7.54786e-13
eigen_elementwise,273,1,0,9,1e-12,0.00303028,0,6.82121e-12,7.30813e-13
eigen_elementwise,274,1,0,9,1e-12,0.00298244,0,7.61702e-12,8.09521e-13
eigen_elementwise,275,1,0,9,1e-12,0.00298754,0,5.45697e-12,7.70683e-13
eigen_elementwise,276,1,0,9,1e-12,0.00299997,0,6.13909e-12,6.49042e-13
eigen_elementwise,277,1,0,9,1e-12,0.00301645,0,6.36646e-12,7.65241e-13
eigen_elementwise,278,1,0,9,1e-12,0.00312883,0,7.38964e-12,8.03968e-13
eigen_elementwise,279,1,0,9,1e-12,0.00312897,0,5.00222e-12,7.67436e-13
eigen_elementwise,280,1,0,9,1e-12,0.00314901,0,5.22959e-12,8.03857e-13
eigen_elementwise,281,1,0,9,1e-12,0.0031671,0,3.97904e-12,7.68522e-13
eigen_elementwise,282,1,0,9,1e-12,0.00315739,0,4.66116e-12,6.89687e-13
eigen_elementwise,283,1,0,9,1e-12,0.00318323,0,4.43379e-12,8.02123e-13
eigen_elementwise,284,1,0,9,1e-12,0.00319895,0,4.66116e-12,6.68567e-13
eigen_elementwise,285,1,0,9,1e-12,0.00326572,0,6.13909e-12,7.8163e-13
eigen_elementwise,286,1,0,9,1e-12,0.00321564,0,6.70752e-12,8.03748e-13
eigen_elementwise,287,1,0,9,1e-12,0.00334066,0,6.59384e-12,8.29167e-13
eigen_elementwise,288,1,0,9,1e-12,0.00329442,0,4.20641e-12,7.76546e-13
eigen_elementwise,289,1,0,9,1e-12,0.0033424,0,4.09273e-12,7.31042e-13
eigen_elementwise,290,1,0,9,1e-12,0.00333479,0,6.13909e-12,8.23537e-13
eigen_elementwise,291,1,0,9,1e-12,0.00338514,0,5.45697e-12,8.67353e-13
eigen_elementwise,292,1,0,9,1e-12,0.00338165,0,4.66116e-12,6.77473e-13
eigen_elementwise,293,1,0,9,1e-12,0.00344193,0,4.88853e-12,7.37872e-13
eigen_elementwise,294,1,0,9,1e-12,0.00347419,0,9.20863e-12,7.95991e-13
eigen_elementwise,295,1,0,9,1e-12,0.00344458,0,8.18545e-12,7.66704e-13
eigen_elementwise,296,1,0,9,1e-12,0.00346895,0,5.22959e-12,7.1733e-13
eigen_elementwise,297,1,0,9,1e-12,0.00354774,0,3.97904e-12,6.78879e-13
eigen_elementwise,298,1,0,9,1e-12,0.00357253,0,4.88853e-12,7.54725e-13
eigen_elementwise,299,1,0,9,1e-12,0.0036261,0,5.45697e-12,8.07814e-13
eigen_elementwise,300,1,0,9,1e-12,0.00361471,0,6.9349e-12,7.77014e-13
eigen_elementwise,301,1,0,9,1e-12,0.00361031,0,5.57066e-12,7.03489e-13
eigen_elementwise,302,1,0,9,1e-12,0.00367701,0,8.18545e-12,8.31932e-13
eigen_elementwise,303,1,0,9,1e-12,0.00370187,0,4.77485e-12,8.19202e-13
eigen_elementwise,304,1,0,9,1e-12,0.00365599,0,6.13909e-12,8.78515e-13
eigen_elementwise,305,1,0,9,1e-12,0.00371095,0,5.22959e-12,7.78177e-13
eigen_elementwise,306,1,0,9,1e-12,0.00377863,0,8.86757e-12,7.591e-13
eigen_elementwise,307,1,0,9,1e-12,0.00375831,0,4.3201e-12,8.40969e-13
eigen_elementwise,308,1,0,9,1e-12,0.0037787,0,5.45697e-12,7.63509e-13
eigen_elementwise,309,1,0,9,1e-12,0.00377849,0,4.54747e-12,7.28971e-13
eigen_elementwise,310,1,0,9,1e-12,0.00371689,0,7.38964e-12,8.21127e-13
eigen_elementwise,311,1,0,9,1e-12,0.00389673,0,5.45697e-12,8.13117e-13
eigen_elementwise,312,1,0,9,1e-12,0.00389066,0,6.9349e-12,8.12886e-13
eigen_elementwise,313,1,0,9,1e-12,0.00391789,0,4.77485e-12,7.3455e-13
eigen_elementwise,314,1,0,9,1e-12,0.00392816,0,5.57066e-12,7.27536e-13
eigen_elementwise,315,1,0,9,1e-12,0.00397468,0,5.68434e-12,7.69204e-13
eigen_elementwise,316,1,0,9,1e-12,0.00399765,0,3.75167e-12,7.16345e-13
eigen_elementwise,317,1,0,9,1e-12,0.00402042,0,6.0254e-12,7.85058e-13
eigen_elementwise,318,1,0,9,1e-12,0.00400163,0,4.77485e-12,8.30945e-13
eigen_elementwise,319,1,0,9,1e-12,0.0040543,0,9.43601e-12,7.4261e-13
eigen_elementwise,320,1,0,9,1e-12,0.00407853,0,7.38964e-12,8.31921e-13
eigen_elementwise,321,1,0,9,1e-12,0.00411904,0,4.66116e-12,7.60139e-13
eigen_elementwise,322,1,0,9,1e-12,0.00414069,0,6.36646e-12,8.45668e-13
eigen_elementwise,323,1,0,9,1e-12,0.00418532,0,4.88853e-12,8.13141e-13
eigen_elementwise,324,1,0,9,1e-12,0.00420676,0,7.04858e-12,7.96918e-13
eigen_elementwise,325,1,0,9,1e-12,0.00425174,0,5.57066e-12,7.42195e-13
eigen_elementwise,326,1,0,9,1e-12,0.00420725,0,6.36646e-12,8.78496e-13
eigen_elementwise,327,1,0,9,1e-12,0.00430705,0,5.91172e-12,8.81501e-13
eigen_elementwise,328,1,0,9,1e-12,0.00426124,0,4.66116e-12,6.82278e-13
eigen_elementwise,329,1,0,9,1e-12,0.00429183,0,8.52651e-12,7.59585e-13
eigen_elementwise,330,1,0,9,1e-12,0.00432807,0,6.25278e-12,7.55333e-13
eigen_elementwise,331,1,0,9,1e-12,0.00435161,0,1.47793e-11,8.48873e-13
eigen_elementwise,332,1,0,9,1e-12,0.00438346,0,6.70752e-12,7.69399e-13
eigen_elementwise,333,1,0,9,1e-12,0.00440623,0,6.0254e-12,8.18298e-13
eigen_elementwise,334,1,0,9,1e-12,0.00447802,0,8.41283e-12,8.34881e-13
eigen_elementwise,335,1,0,9,1e-12,0.00448682,0,7.84439e-12,7.91653e-13
eigen_elementwise,336,1,0,9,1e-12,0.00435615,0,7.84439e-12,7.48224e-13
eigen_elementwise,337,1,0,9,1e-12,0.00450275,0,4.88853e-12,7.9982e-13
eigen_elementwise,338,1,0,9,1e-12,0.00455617,0,6.0254e-12,8.59919e-13
eigen_elementwise,339,1,0,9,1e-12,0.00452293,0,5.68434e-12,8.36937e-13
eigen_elementwise,340,1,0,9,1e-12,0.00458118,0,6.82121e-12,8.01264e-13
eigen_elementwise,341,1,0,9,1e-12,0.00456931,0,4.54747e-12,7.17152e-13
eigen_elementwise,342,1,0,9,1e-12,0.00458984,0,6.36646e-12,7.67449e-13
eigen_elementwise,343,1,0,9,1e-12,0.00461344,0,6.13909e-12,7.65086e-13
eigen_elementwise,344,1,0,9,1e-12,0.004693,0,8.6402e-12,8.28438e-13
eigen_elementwise,345,1,0,9,1e-12,0.00472771,0,6.36646e-12,7.0228e-13
eigen_elementwise,346,1,0,9,1e-12,0.00471646,0,5.34328e-12,7.67313e-13
eigen_elementwise,347,1,0,9,1e-12,0.00470913,0,5.45697e-12,8.18806e-13
eigen_elementwise,348,1,0,9,1e-12,0.00481843,0,6.70752e-12,8.95904e-13
eigen_elementwise,349,1,0,9,1e-12,0.00482025,0,5.22959e-12,7.16543e-13
eigen_elementwise,350,1,0,9,1e-12,0.00484259,0,5.91172e-12,8.52291e-13
eigen_elementwise,351,1,0,9,1e-12,0.00500127,0,8.6402e-12,9.44881e-13
eigen_elementwise,352,1,0,9,1e-12,0.00483959,0,1.15961e-11,8.43821e-13
eigen_elementwise,353,1,0,9,1e-12,0.00487933,0,9.32232e-12,7.00467e-13
eigen_elementwise,354,1,0,9,1e-12,0.00495336,0,6.25278e-12,7.72779e-13
eigen_elementwise,355,1,0,9,1e-12,0.00492438,0,6.59384e-12,8.44161e-13
eigen_elementwise,356,1,0,9,1e-12,0.0049931,0,5.22959e-12,7.92834e-13
eigen_elementwise,357,1,0,9,1e-12,0.00499282,0,7.27596e-12,7.67735e-13
eigen_elementwise,358,1,0,9,1e-12,0.00502621,0,4.3201e-12,6.81944e-13
eigen_elementwise,359,1,0,9,1e-12,0.00504486,0,5.34328e-12,7.67402e-13
eigen_elementwise,360,1,0,9,1e-12,0.00501413,0,6.48015e-12,8.24603e-13
eigen_elementwise,361,1,0,9,1e-12,0.00516827,0,7.95808e-12,7.9369e-13
eigen_elementwise,362,1,0,9,1e-12,0.00511498,0,5.68434e-12,8.42222e-13
eigen_elementwise,363,1,0,9,1e-12,0.00512552,0,5.11591e-12,8.14571e-13
eigen_elementwise,364,1,0,9,1e-12,0.00510876,0,8.18545e-12,7.90536e-13
eigen_elementwise,365,1,0,9,1e-12,0.00524328,0,9.09495e-12,9.20925e-13
eigen_elementwise,366,1,0,9,1e-12,0.00520032,0,7.04858e-12,8.36041e-13
eigen_elementwise,367,1,0,9,1e-12,0.00536773,0,6.59384e-12,7.07432e-13
eigen_elementwise,368,1,0,9,1e-12,0.00532702,0,4.20641e-12,8.15201e-13
eigen_elementwise,369,1,0,9,1e-12,0.0053942,0,9.89075e-12,8.466e-13
eigen_elementwise,370,1,0,9,1e-12,0.0054285,0,7.04858e-12,7.55666e-13
eigen_elementwise,371,1,0,9,1e-12,0.0054366,0,5.79803e-12,8.30108e-13
eigen_elementwise,372,1,0,9,1e-12,0.00538701,0,5.57066e-12,7.80601e-13
eigen_elementwise,373,1,0,9,1e-12,0.00544868,0,7.50333e-12,8.41488e-13
eigen_elementwise,374,1,0,9,1e-12,0.00550518,0,6.0254e-12,7.8423e-13
eigen_elementwise,375,1,0,9,1e-12,0.0055253,0,7.16227e-12,8.09809e-13
eigen_elementwise,376,1,0,9,1e-12,0.00548381,0,6.82121e-12,8.69186e-13
eigen_elementwise,377,1,0,9,1e-12,0.00554024,0,7.84439e-12,8.5353e-13
eigen_elementwise,378,1,0,9,1e-12,0.00553856,0,8.41283e-12,8.36511e-13
eigen_elementwise,379,1,0,9,1e-12,0.00558459,0,6.9349e-12,8.99177e-13
eigen_elementwise,380,1,0,9,1e-12,0.00562391,0,8.98126e-12,8.41497e-13
eigen_elementwise,381,1,0,9,1e-12,0.00555421,0,8.29914e-12,9.15878e-13
eigen_elementwise,382,1,0,9,1e-12,0.00562636,0,5.45697e-12,7.85636e-13
eigen_elementwise,383,1,0,9,1e-12,0.0057513,0,5.34328e-12,8.72577e-13
eigen_elementwise,384,1,0,9,1e-12,0.00568314,0,1.25056e-11,8.57286e-13
eigen_elementwise,385,1,0,9,1e-12,0.00580089,0,1.08002e-11,8.88923e-13
eigen_elementwise,386,1,0,9,1e-12,0.00587841,0,7.27596e-12,9.23198e-13
eigen_elementwise,387,1,0,9,1e-12,0.00582219,0,8.75389e-12,8.16308e-13
eigen_elementwise,388,1,0,9,1e-12,0.00582198,0,7.61702e-12,8.56839e-13
eigen_elementwise,389,1,0,9,1e-12,0.00586445,0,4.3201e-12,8.48351e-13
eigen_elementwise,390,1,0,9,1e-12,0.00594637,0,6.0254e-12,8.62229e-13
eigen_elementwise,391,1,0,9,1e-12,0.00597382,0,5.45697e-12,7.92987e-13
eigen_elementwise,392,1,0,9,1e-12,0.00598255,0,7.84439e-12,8.32585e-13
eigen_elementwise,393,1,0,9,1e-12,0.00606363,0,8.41283e-12,8.61634e-13
eigen_elementwise,394,1,0,9,1e-12,0.00605364,0,8.07177e-12,8.29001e-13
eigen_elementwise,395,1,0,9,1e-12,0.00611734,0,5.68434e-12,9.20616e-13
eigen_elementwise,396,1,0,9,1e-12,0.00609562,0,7.04858e-12,7.27085e-13
eigen_elementwise,397,1,0,9,1e-12,0.00612551,0,5.68434e-12,7.95975e-13
eigen_elementwise,398,1,0,9,1e-12,0.00628489,0,6.82121e-12,7.48629e-13
eigen_elementwise,399,1,0,9,1e-12,0.00628692,0,5.68434e-12,7.98958e-13
eigen_elementwise,400,1,0,9,1e-12,0.00622273,0,6.13909e-12,7.98218e-13
eigen_elementwise,401,1,0,9,1e-12,0.00622846,0,6.36646e-12,7.75885e-13
eigen_elementwise,402,1,0,9,1e-12,0.00637603,0,5.68434e-12,8.22465e-13
eigen_elementwise,403,1,0,9,1e-12,0.0063694,0,6.36646e-12,7.98375e-13
eigen_elementwise,404,1,0,9,1e-12,0.00641494,0,5.57066e-12,8.45646e-13
eigen_elementwise,405,1,0,9,1e-12,0.00640746,0,6.36646e-12,7.98536e-13
eigen_elementwise,406,1,0,9,1e-12,0.0064574,0,1.3415e-11,7.99337e-13
eigen_elementwise,407,1,0,9,1e-12,0.00647228,0,5.00222e-12,7.79007e-13
eigen_elementwise,408,1,0,9,1e-12,0.00657068,0,7.16227e-12,8.66994e-13
eigen_elementwise,409,1,0,9,1e-12,0.00655839,0,6.36646e-12,8.3923e-13
eigen_elementwise,410,1,0,9,1e-12,0.00656537,0,5.79803e-12,8.17678e-13
eigen_elementwise,411,1,0,9,1e-12,0.00660735,0,6.59384e-12,8.46786e-13
eigen_elementwise,412,1,0,9,1e-12,0.00670373,0,7.04858e-12,8.64043e-13
eigen_elementwise,413,1,0,9,1e-12,0.00665086,0,7.04858e-12,8.98206e-13
eigen_elementwise,414,1,0,9,1e-12,0.00673579,0,6.13909e-12,8.18623e-13
eigen_elementwise,415,1,0,9,1e-12,0.00688581,0,7.04858e-12,8.32045e-13
eigen_elementwise,416,1,0,9,1e-12,0.00679019,0,5.57066e-12,7.56407e-13
eigen_elementwise,417,1,0,9,1e-12,0.00688748,0,6.59384e-12,7.62833e-13
eigen_elementwise,418,1,0,9,1e-12,0.00684264,0,7.7307e-12,8.41188e-13
eigen_elementwise,419,1,0,9,1e-12,0.00693714,0,9.09495e-12,8.73142e-13
eigen_elementwise,420,1,0,9,1e-12,0.00692219,0,5.68434e-12,7.93632e-13
eigen_elementwise,421,1,0,9,1e-12,0.00701089,0,7.04858e-12,8.3381e-13
eigen_elementwise,422,1,0,9,1e-12,0.00712124,0,6.70752e-12,8.0258e-13
eigen_elementwise,423,1,0,9,1e-12,0.00704162,0,7.27596e-12,8.24179e-13
eigen_elementwise,424,1,0,9,1e-12,0.00709337,0,7.04858e-12,9.27858e-13
eigen_elementwise,425,1,0,9,1e-12,0.00712487,0,6.70752e-12,8.47539e-13
eigen_elementwise,426,1,0,9,1e-12,0.00715309,0,6.9349e-12,7.87022e-13
eigen_elementwise,427,1,0,9,1e-12,0.00719877,0,6.82121e-12,8.72044e-13
eigen_elementwise,428,1,0,9,1e-12,0.00702228,0,6.0254e-12,8.13162e-13
eigen_elementwise,429,1,0,9,1e-12,0.00731764,0,5.45697e-12,8.40377e-13
eigen_elementwise,430,1,0,9,1e-12,0.0072156,0,9.32232e-12,9.06679e-13
eigen_elementwise,431,1,0,9,1e-12,0.00735521,0,9.09495e-12,8.47482e-13
eigen_elementwise,432,1,0,9,1e-12,0.0073367,0,6.0254e-12,7.99422e-13
eigen_elementwise,433,1,0,9,1e-12,0.00735633,0,5.57066e-12,8.34114e-13
eigen_elementwise,434,1,0,9,1e-12,0.00740585,0,1.25056e-11,8.45906e-13
eigen_elementwise,435,1,0,9,1e-12,0.00746682,0,7.7307e-12,9.34723e-13
eigen_elementwise,436,1,0,9,1e-12,0.00744279,0,6.0254e-12,8.47349e-13
eigen_elementwise,437,1,0,9,1e-12,0.00763569,0,5.79803e-12,7.94572e-13
eigen_elementwise,438,1,0,9,1e-12,0.00767006,0,5.34328e-12,8.05648e-13
eigen_elementwise,439,1,0,9,1e-12,0.00766866,0,8.75389e-12,8.35823e-13
eigen_elementwise,440,1,0,9,1e-12,0.00765267,0,8.86757e-12,8.8001e-13
eigen_elementwise,441,1,0,9,1e-12,0.00773543,0,7.7307e-12,8.23684e-13
eigen_elementwise,442,1,0,9,1e-12,0.00777608,0,7.50333e-12,9.60499e-13
eigen_elementwise,443,1,0,9,1e-12,0.0077568,0,6.9349e-12,8.81126e-13
eigen_elementwise,444,1,0,9,1e-12,0.00780946,0,6.36646e-12,8.90231e-13
eigen_elementwise,445,1,0,9,1e-12,0.00795284,0,7.50333e-12,8.69281e-13
eigen_elementwise,446,1,0,9,1e-12,0.007814,0,7.50333e-12,7.86077e-13
eigen_elementwise,447,1,0,9,1e-12,0.00794677,0,5.79803e-12,7.70979e-13
eigen_elementwise,448,1,0,9,1e-12,0.00791688,0,6.59384e-12,8.47416e-13
eigen_elementwise,449,1,0,9,1e-12,0.00795117,0,8.07177e-12,1.06235e-12
eigen_elementwise,450,1,0,9,1e-12,0.00794858,0,5.91172e-12,8.13465e-13
eigen_elementwise,451,1,0,9,1e-12,0.00804692,0,4.66116e-12,7.60036e-13
eigen_elementwise,452,1,0,9,1e-12,0.00810182,0,5.91172e-12,8.85203e-13
eigen_elementwise,453,1,0,9,1e-12,0.00812123,0,1.02318e-11,7.76705e-13
eigen_elementwise,454,1,0,9,1e-12,0.00819373,0,7.50333e-12,9.2143e-13
eigen_elementwise,455,1,0,9,1e-12,0.00833348,0,7.7307e-12,8.24879e-13
eigen_elementwise,456,1,0,9,1e-12,0.00820455,0,8.86757e-12,8.62762e-13
eigen_elementwise,457,1,0,9,1e-12,0.00823633,0,6.13909e-12,7.63513e-13
eigen_elementwise,458,1,0,9,1e-12,0.00835366,0,7.95808e-12,8.75447e-13
eigen_elementwise,459,1,0,9,1e-12,0.0083464,0,7.7307e-12,8.68032e-13
eigen_elementwise,460,1,0,9,1e-12,0.00836302,0,8.41283e-12,8.5444e-13
eigen_elementwise,461,1,0,9,1e-12,0.0083867,0,6.25278e-12,7.83133e-13
eigen_elementwise,462,1,0,9,1e-12,0.00839599,0,4.43379e-12,7.31443e-13
eigen_elementwise,463,1,0,9,1e-12,0.00849034,0,6.9349e-12,8.08253e-13
eigen_elementwise,464,1,0,9,1e-12,0.00849481,0,6.9349e-12,8.37105e-13
eigen_elementwise,465,1,0,9,1e-12,0.00861892,0,7.61702e-12,8.94866e-13
eigen_elementwise,466,1,0,9,1e-12,0.00862618,0,6.25278e-12,8.42792e-13
eigen_elementwise,467,1,0,9,1e-12,0.00868087,0,6.48015e-12,8.39982e-13
eigen_elementwise,468,1,0,9,1e-12,0.00864965,0,6.70752e-12,8.64527e-13
eigen_elementwise,469,1,0,9,1e-12,0.00871384,0,6.36646e-12,8.78794e-13
eigen_elementwise,470,1,0,9,1e-12,0.00879862,0,9.20863e-12,8.97021e-13
eigen_elementwise,471,1,0,9,1e-12,0.00875777,0,6.36646e-12,9.24058e-13
eigen_elementwise,472,1,0,9,1e-12,0.00880288,0,1.10276e-11,8.44351e-13
eigen_elementwise,473,1,0,9,1e-12,0.00890087,0,7.04858e-12,9.24176e-13
eigen_elementwise,474,1,0,9,1e-12,0.00888879,0,6.36646e-12,8.70214e-13
eigen_elementwise,475,1,0,9,1e-12,0.0089895,0,7.38964e-12,9.43581e-13
eigen_elementwise,476,1,0,9,1e-12,0.00896226,0,9.54969e-12,9.51327e-13
eigen_elementwise,477,1,0,9,1e-12,0.00911347,0,6.82121e-12,8.47615e-13
eigen_elementwise,478,1,0,9,1e-12,0.00910271,0,1.36424e-11,8.39398e-13
eigen_elementwise,479,1,0,9,1e-12,0.00933654,0,7.7307e-12,9.44225e-13
eigen_elementwise,480,1,0,9,1e-12,0.00913323,0,8.75389e-12,8.53138e-13
eigen_elementwise,481,1,0,9,1e-12,0.00923835,0,8.98126e-12,9.04733e-13
eigen_elementwise,482,1,0,9,1e-12,0.00928053,0,5.22959e-12,8.31604e-13
eigen_elementwise,483,1,0,9,1e-12,0.00933005,0,5.91172e-12,8.42645e-13
eigen_elementwise,484,1,0,9,1e-12,0.00936951,0,6.59384e-12,9.0382e-13
eigen_elementwise,485,1,0,9,1e-12,0.00926028,0,6.25278e-12,8.41368e-13
eigen_elementwise,486,1,0,9,1e-12,0.00931517,0,7.84439e-12,8.96584e-13
eigen_elementwise,487,1,0,9,1e-12,0.00939751,0,8.52651e-12,8.2958e-13
eigen_elementwise,488,1,0,9,1e-12,0.00941539,0,7.50333e-12,8.8062e-13
eigen_elementwise,489,1,0,9,1e-12,0.00952791,0,7.04858e-12,8.77167e-13
eigen_elementwise,490,1,0,9,1e-12,0.00948265,0,7.95808e-12,9.20503e-13
eigen_elementwise,491,1,0,9,1e-12,0.00945101,0,6.25278e-12,8.25104e-13
eigen_elementwise,492,1,0,9,1e-12,0.00954132,0,1.3074e-11,9.78641e-13
eigen_elementwise,493,1,0,9,1e-12,0.00963944,0,8.41283e-12,8.56256e-13
eigen_elementwise,494,1,0,9,1e-12,0.00969811,0,9.54969e-12,9.207e-13
eigen_elementwise,495,1,0,9,1e-12,0.00983751,0,8.52651e-12,9.10117e-13
eigen_elementwise,496,1,0,9,1e-12,0.00971983,0,8.52651e-12,9.68659e-13
eigen_elementwise,497,1,0,9,1e-12,0.00970796,0,6.59384e-12,9.20268e-13
eigen_elementwise,498,1,0,9,1e-12,0.0098241,0,7.27596e-12,8.31726e-13
eigen_elementwise,499,1,0,9,1e-12,0.00988675,0,5.91172e-12,7.97436e-13
eigen_elementwise,500,1,0,9,1e-12,0.00983702,0,6.9349e-12,8.4391e-13
eigen_elementwise,501,1,0,9,1e-12,0.00991057,0,7.38964e-12,7.83535e-13
eigen_elementwise,502,1,0,9,1e-12,0.00994863,0,7.95808e-12,8.92565e-13
eigen_elementwise,503,1,0,9,1e-12,0.0100072,0,7.61702e-12,9.18525e-13
eigen_elementwise,504,1,0,9,1e-12,0.0100599,0,1.09139e-11,8.01444e-13
eigen_elementwise,505,1,0,9,1e-12,0.0100391,0,7.04858e-12,8.69244e-13
eigen_elementwise,506,1,0,9,1e-12,0.0100547,0,8.75389e-12,8.46336e-13
eigen_elementwise,507,1,0,9,1e-12,0.0101841,0,8.52651e-12,9.15345e-13
eigen_elementwise,508,1,0,9,1e-12,0.0102825,0,7.7307e-12,8.30163e-13
eigen_elementwise,509,1,0,9,1e-12,0.010301,0,7.16227e-12,8.6049e-13
eigen_elementwise,510,1,0,9,1e-12,0.010368,0,7.50333e-12,9.29359e-13
eigen_elementwise,511,1,0,9,1e-12,0.0114393,0,6.25278e-12,8.78797e-13
eigen_elementwise,512,1,0,9,1e-12,0.0115039,0,8.6402e-12,8.9167e-13
eigen_elementwise,513,1,0,9,1e-12,0.0107945,0,7.95808e-12,9.33249e-13
eigen_elementwise,514,1,0,9,1e-12,0.0105028,0,7.27596e-12,8.90315e-13
eigen_elementwise,515,1,0,9,1e-12,0.0104463,0,1.03455e-11,8.81781e-13
eigen_elementwise,516,1,0,9,1e-12,0.0105326,0,9.43601e-12,9.00442e-13
eigen_elementwise,517,1,0,9,1e-12,0.0106341,0,5.68434e-12,9.55973e-13
eigen_elementwise,518,1,0,9,1e-12,0.0105055,0,8.41283e-12,9.16779e-13
eigen_elementwise,519,1,0,9,1e-12,0.0106044,0,8.86757e-12,9.87513e-13
eigen_elementwise,520,1,0,9,1e-12,0.0107196,0,7.38964e-12,8.38592e-13
eigen_elementwise,521,1,0,9,1e-12,0.0107487,0,7.04858e-12,8.96913e-13
eigen_elementwise,522,1,0,9,1e-12,0.0107407,0,8.07177e-12,8.69599e-13
eigen_elementwise,523,1,0,9,1e-12,0.0106619,0,7.27596e-12,8.56139e-13
eigen_elementwise,524,1,0,9,1e-12,0.0108825,0,9.43601e-12,8.24193e-13
eigen_elementwise,525,1,0,9,1e-12,0.0108386,0,7.61702e-12,9.92916e-13
eigen_elementwise,526,1,0,9,1e-12,0.0109114,0,6.70752e-12,1.017e-12
eigen_elementwise,527,1,0,9,1e-12,0.0110256,0,7.38964e-12,1.07131e-12
eigen_elementwise,528,1,0,9,1e-12,0.0109597,0,4.88853e-12,8.60797e-13
eigen_elementwise,529,1,0,9,1e-12,0.0110662,0,7.04858e-12,8.85059e-13
eigen_elementwise,530,1,0,9,1e-12,0.0110826,0,8.41283e-12,9.1355e-13
eigen_elementwise,531,1,0,9,1e-12,0.0111815,0,8.41283e-12,8.56209e-13
eigen_elementwise,532,1,0,9,1e-12,0.0111781,0,7.04858e-12,8.34048e-13
eigen_elementwise,533,1,0,9,1e-12,0.0112557,0,8.52651e-12,8.94375e-13
eigen_elementwise,534,1,0,9,1e-12,0.0113163,0,6.25278e-12,8.58336e-13
eigen_elementwise,535,1,0,9,1e-12,0.0113638,0,6.13909e-12,8.63441e-13
eigen_elementwise,536,1,0,9,1e-12,0.0113224,0,8.07177e-12,9.38376e-13
eigen_elementwise,537,1,0,9,1e-12,0.0113674,0,6.48015e-12,9.11339e-13
eigen_elementwise,538,1,0,9,1e-12,0.0114437,0,9.09495e-12,9.23112e-13
eigen_elementwise,539,1,0,9,1e-12,0.0114293,0,7.50333e-12,9.37275e-13
eigen_elementwise,540,1,0,9,1e-12,0.0113705,0,1.10276e-11,9.03351e-13
eigen_elementwise,541,1,0,9,1e-12,0.0116283,0,7.16227e-12,9.02722e-13
eigen_elementwise,542,1,0,9,1e-12,0.0114293,0,7.27596e-12,8.19933e-13
eigen_elementwise,543,1,0,9,1e-12,0.0118049,0,8.07177e-12,9.17227e-13
eigen_elementwise,544,1,0,9,1e-12,0.0116595,0,7.50333e-12,8.63272e-13
eigen_elementwise,545,1,0,9,1e-12,0.0116685,0,7.27596e-12,8.91105e-13
eigen_elementwise,546,1,0,9,1e-12,0.0118484,0,5.57066e-12,8.61395e-13
eigen_elementwise,547,1,0,9,1e-12,0.011971,0,1.03455e-11,8.82249e-13
eigen_elementwise,548,1,0,9,1e-12,0.0118422,0,9.43601e-12,8.70004e-13
eigen_elementwise,549,1,0,9,1e-12,0.0117816,0,5.68434e-12,7.96101e-13
eigen_elementwise,550,1,0,9,1e-12,0.0117487,0,7.16227e-12,8.563e-13
eigen_elementwise,551,1,0,9,1e-12,0.0119914,0,7.16227e-12,8.60623e-13
eigen_elementwise,552,1,0,9,1e-12,0.0120878,0,1.00044e-11,8.4363e-13
eigen_elementwise,553,1,0,9,1e-12,0.0121181,0,7.61702e-12,8.94517e-13
eigen_elementwise,554,1,0,9,1e-12,0.012053,0,8.18545e-12,8.89638e-13
eigen_elementwise,555,1,0,9,1e-12,0.0121627,0,1.00044e-11,9.41767e-13
eigen_elementwise,556,1,0,9,1e-12,0.0121166,0,7.95808e-12,8.47024e-13
eigen_elementwise,557,1,0,9,1e-12,0.0120731,0,8.52651e-12,9.72386e-13
eigen_elementwise,558,1,0,9,1e-12,0.0121462,0,1.01181e-11,9.36712e-13
eigen_elementwise,559,1,0,9,1e-12,0.0122951,0,1.04592e-11,9.72397e-13
eigen_elementwise,560,1,0,9,1e-12,0.0124341,0,1.14824e-11,9.46671e-13
eigen_elementwise,561,1,0,9,1e-12,0.0124602,0,7.84439e-12,8.23529e-13
eigen_elementwise,562,1,0,9,1e-12,0.012509,0,6.36646e-12,9.30348e-13
eigen_elementwise,563,1,0,9,1e-12,0.0125406,0,7.84439e-12,9.78921e-13
eigen_elementwise,564,1,0,9,1e-12,0.0126039,0,9.89075e-12,9.46465e-13
eigen_elementwise,565,1,0,9,1e-12,0.0124732,0,7.84439e-12,9.36089e-13
eigen_elementwise,566,1,0,9,1e-12,0.0126178,0,1.03455e-11,9.71296e-13
eigen_elementwise,567,1,0,9,1e-12,0.0126429,0,7.38964e-12,8.53475e-13
eigen_elementwise,568,1,0,9,1e-12,0.0126671,0,7.50333e-12,8.39129e-13
eigen_elementwise,569,1,0,9,1e-12,0.0127498,0,9.89075e-12,9.11957e-13
eigen_elementwise,570,1,0,9,1e-12,0.0127264,0,9.54969e-12,9.38802e-13
eigen_elementwise,571,1,0,9,1e-12,0.0129063,0,7.7307e-12,9.6772e-13
eigen_elementwise,572,1,0,9,1e-12,0.0128537,0,6.70752e-12,8.82154e-13
eigen_elementwise,573,1,0,9,1e-12,0.0128079,0,9.32232e-12,9.58444e-13
eigen_elementwise,574,1,0,9,1e-12,0.0125809,0,6.48015e-12,9.46874e-13
eigen_elementwise,575,1,0,9,1e-12,0.0125629,0,1.17097e-11,8.72695e-13
eigen_elementwise,576,1,0,9,1e-12,0.0124856,0,8.29914e-12,8.79729e-13
eigen_elementwise,577,1,0,9,1e-12,0.0125824,0,7.50333e-12,8.83373e-13
eigen_elementwise,578,1,0,9,1e-12,0.01274,0,9.09495e-12,9.11968e-13
eigen_elementwise,579,1,0,9,1e-12,0.0127236,0,7.38964e-12,9.50937e-13
eigen_elementwise,580,1,0,9,1e-12,0.0127262,0,7.27596e-12,9.34263e-13
eigen_elementwise,581,1,0,9,1e-12,0.0127506,0,8.6402e-12,8.97064e-13
eigen_elementwise,582,1,0,9,1e-12,0.0128865,0,8.6402e-12,9.82391e-13
eigen_elementwise,583,1,0,9,1e-12,0.0128505,0,8.29914e-12,9.13763e-13
eigen_elementwise,584,1,0,9,1e-12,0.012979,0,8.86757e-12,8.41563e-13
eigen_elementwise,585,1,0,9,1e-12,0.0128621,0,6.48015e-12,8.54236e-13
eigen_elementwise,586,1,0,9,1e-12,0.013007,0,8.18545e-12,8.89111e-13
eigen_elementwise,587,1,0,9,1e-12,0.0130481,0,5.45697e-12,8.78416e-13
eigen_elementwise,588,1,0,9,1e-12,0.0129971,0,7.95808e-12,9.50992e-13
eigen_elementwise,589,1,0,9,1e-12,0.0131602,0,7.61702e-12,8.64705e-13
eigen_elementwise,590,1,0,9,1e-12,0.0132105,0,6.59384e-12,8.8755e-13
eigen_elementwise,591,1,0,9,1e-12,0.0133147,0,1.06866e-11,9.65988e-13
eigen_elementwise,592,1,0,9,1e-12,0.013381,0,9.32232e-12,8.98987e-13
eigen_elementwise,593,1,0,9,1e-12,0.0132264,0,7.50333e-12,9.61082e-13
eigen_elementwise,594,1,0,9,1e-12,0.013362,0,7.7307e-12,9.3183e-13
eigen_elementwise,595,1,0,9,1e-12,0.013345,0,9.32232e-12,9.3047e-13
eigen_elementwise,596,1,0,9,1e-12,0.0133758,0,8.98126e-12,8.66681e-13
eigen_elementwise,597,1,0,9,1e-12,0.0134531,0,1.01181e-11,9.2042e-13
eigen_elementwise,598,1,0,9,1e-12,0.0135355,0,7.7307e-12,9.11449e-13
eigen_elementwise,599,1,0,9,1e-12,0.0136161,0,6.9349e-12,9.41775e-13
eigen_elementwise,600,1,0,9,1e-12,0.0137106,0,6.36646e-12,8.89957e-13
eigen_elementwise,601,1,0,9,1e-12,0.0136331,0,1.36424e-11,9.25167e-13
eigen_elementwise,602,1,0,9,1e-12,0.0137915,0,8.07177e-12,9.5458e-13
eigen_elementwise,603,1,0,9,1e-12,0.0138259,0,6.9349e-12,8.48524e-13
eigen_elementwise,604,1,0,9,1e-12,0.0137484,0,8.6402e-12,8.9192e-13
eigen_elementwise,605,1,0,9,1e-12,0.0138722,0,9.32232e-12,8.74013e-13
eigen_elementwise,606,1,0,9,1e-12,0.0139321,0,8.52651e-12,1.01436e-12
eigen_elementwise,607,1,0,9,1e-12,0.0141496,0,6.36646e-12,8.75195e-13
eigen_elementwise,608,1,0,9,1e-12,0.0140089,0,8.86757e-12,8.93815e-13
eigen_elementwise,609,1,0,9,1e-12,0.0141714,0,9.32232e-12,9.35774e-13
eigen_elementwise,610,1,0,9,1e-12,0.0141638,0,9.09495e-12,8.90494e-13
eigen_elementwise,611,1,0,9,1e-12,0.0142243,0,8.29914e-12,1.06891e-12
eigen_elementwise,612,1,0,9,1e-12,0.0141602,0,9.32232e-12,9.63975e-13
eigen_elementwise,613,1,0,9,1e-12,0.0144186,0,9.66338e-12,9.7825e-13
eigen_elementwise,614,1,0,9,1e-12,0.0141877,0,7.38964e-12,9.46254e-13
eigen_elementwise,615,1,0,9,1e-12,0.0143521,0,9.66338e-12,9.17942e-13
eigen_elementwise,616,1,0,9,1e-12,0.0143509,0,5.45697e-12,8.96403e-13
eigen_elementwise,617,1,0,9,1e-12,0.0144219,0,7.61702e-12,8.85279e-13
eigen_elementwise,618,1,0,9,1e-12,0.0145953,0,9.43601e-12,9.24366e-13
eigen_elementwise,619,1,0,9,1e-12,0.0144672,0,1.03455e-11,8.83041e-13
eigen_elementwise,620,1,0,9,1e-12,0.0145883,0,1.08002e-11,9.98815e-13
eigen_elementwise,621,1,0,9,1e-12,0.0145193,0,7.27596e-12,9.34918e-13
eigen_elementwise,622,1,0,9,1e-12,0.0147311,0,8.07177e-12,9.99382e-13
eigen_elementwise,623,1,0,9,1e-12,0.0147005,0,8.98126e-12,1.04278e-12
eigen_elementwise,624,1,0,9,1e-12,0.014933,0,7.50333e-12,8.83691e-13
eigen_elementwise,625,1,0,9,1e-12,0.0149236,0,1.1255e-11,1.04187e-12
eigen_elementwise,626,1,0,9,1e-12,0.0148013,0,1.09139e-11,9.0994e-13
eigen_elementwise,627,1,0,9,1e-12,0.0149827,0,7.38964e-12,8.91859e-13
eigen_elementwise,628,1,0,9,1e-12,0.0149641,0,1.19371e-11,8.89856e-13
eigen_elementwise,629,1,0,9,1e-12,0.0151446,0,9.09495e-12,9.6689e-13
eigen_elementwise,630,1,0,9,1e-12,0.0151022,0,8.6402e-12,9.89986e-13
eigen_elementwise,631,1,0,9,1e-12,0.0150461,0,7.38964e-12,9.62868e-13
eigen_elementwise,632,1,0,9,1e-12,0.0151482,0,7.38964e-12,8.90302e-13
eigen_elementwise,633,1,0,9,1e-12,0.0151735,0,8.18545e-12,9.3444e-13
eigen_elementwise,634,1,0,9,1e-12,0.0153045,0,6.70752e-12,8.83093e-13
eigen_elementwise,635,1,0,9,1e-12,0.0153,0,7.38964e-12,8.79585e-13
eigen_elementwise,636,1,0,9,1e-12,0.0154012,0,7.50333e-12,9.15855e-13
eigen_elementwise,637,1,0,9,1e-12,0.0153651,0,9.89075e-12,9.86226e-13
eigen_elementwise,638,1,0,9,1e-12,0.015346,0,8.6402e-12,9.47591e-13
eigen_elementwise,639,1,0,9,1e-12,0.0158256,0,8.52651e-12,9.34291e-13
eigen_elementwise,640,1,0,9,1e-12,0.0156,0,9.09495e-12,9.71243e-13
eigen_elementwise,641,1,0,9,1e-12,0.0156722,0,1.04592e-11,9.31911e-13
eigen_elementwise,642,1,0,9,1e-12,0.0162652,0,5.91172e-12,9.65979e-13
eigen_elementwise,643,1,0,9,1e-12,0.0163423,0,8.75389e-12,8.81293e-13
eigen_elementwise,644,1,0,9,1e-12,0.0164062,0,8.07177e-12,9.53385e-13
eigen_elementwise,645,1,0,9,1e-12,0.0164645,0,1.08002e-11,9.62306e-13
eigen_elementwise,646,1,0,9,1e-12,0.0165488,0,6.0254e-12,8.9938e-13
eigen_elementwise,647,1,0,9,1e-12,0.0165609,0,7.50333e-12,8.62103e-13
eigen_elementwise,648,1,0,9,1e-12,0.0166739,0,9.09495e-12,9.76658e-13
eigen_elementwise,649,1,0,9,1e-12,0.0166586,0,7.61702e-12,8.92374e-13
eigen_elementwise,650,1,0,9,1e-12,0.0167884,0,6.9349e-12,9.36129e-13
eigen_elementwise,651,1,0,9,1e-12,0.016785,0,9.66338e-12,1.03514e-12
eigen_elementwise,652,1,0,9,1e-12,0.0167598,0,8.18545e-12,9.9824e-13
eigen_elementwise,653,1,0,9,1e-12,0.0167946,0,7.04858e-12,8.91855e-13
eigen_elementwise,654,1,0,9,1e-12,0.0168673,0,9.43601e-12,9.31575e-13
eigen_elementwise,655,1,0,9,1e-12,0.0170286,0,1.11413e-11,9.26949e-13
eigen_elementwise,656,1,0,9,1e-12,0.017145,0,9.66338e-12,9.73161e-13
eigen_elementwise,657,1,0,9,1e-12,0.017235,0,8.07177e-12,8.92652e-13
eigen_elementwise,658,1,0,9,1e-12,0.0170316,0,9.43601e-12,8.82665e-13
eigen_elementwise,659,1,0,9,1e-12,0.017336,0,1.26192e-11,9.99869e-13
eigen_elementwise,660,1,0,9,1e-12,0.0170927,0,6.82121e-12,8.08742e-13
eigen_elementwise,661,1,0,9,1e-12,0.0173082,0,1.22782e-11,8.8897e-13
eigen_elementwise,662,1,0,9,1e-12,0.0172953,0,8.86757e-12,9.90935e-13
eigen_elementwise,663,1,0,9,1e-12,0.0172894,0,1.5234e-11,9.04246e-13
eigen_elementwise,664,1,0,9,1e-12,0.0174648,0,1.00044e-11,9.97397e-13
eigen_elementwise,665,1,0,9,1e-12,0.0175468,0,9.43601e-12,1.05355e-12
eigen_elementwise,666,1,0,9,1e-12,0.0175088,0,8.75389e-12,1.02283e-12
eigen_elementwise,667,1,0,9,1e-12,0.0174668,0,8.75389e-12,9.86583e-13
eigen_elementwise,668,1,0,9,1e-12,0.0176768,0,9.43601e-12,9.94371e-13
eigen_elementwise,669,1,0,9,1e-12,0.0175486,0,5.79803e-12,8.82558e-13
eigen_elementwise,670,1,0,9,1e-12,0.0176327,0,8.07177e-12,9.28714e-13
eigen_elementwise,671,1,0,9,1e-12,0.0179203,0,1.00044e-11,8.90655e-13
eigen_elementwise,672,1,0,9,1e-12,0.0177938,0,1.1255e-11,9.78153e-13
eigen_elementwise,673,1,0,9,1e-12,0.0176813,0,9.77707e-12,9.46244e-13
eigen_elementwise,674,1,0,9,1e-12,0.0180199,0,1.1255e-11,8.91805e-13
eigen_elementwise,675,1,0,9,1e-12,0.0179639,0,7.16227e-12,8.68936e-13
eigen_elementwise,676,1,0,9,1e-12,0.0178758,0,1.03455e-11,9.03804e-13
eigen_elementwise,677,1,0,9,1e-12,0.0180449,0,6.70752e-12,8.24192e-13
eigen_elementwise,678,1,0,9,1e-12,0.0177162,0,1.05729e-11,1.02461e-12
eigen_elementwise,679,1,0,9,1e-12,0.0174376,0,9.43601e-12,9.44283e-13
eigen_elementwise,680,1,0,9,1e-12,0.0175542,0,7.16227e-12,9.53436e-13
eigen_elementwise,681,1,0,9,1e-12,0.0176771,0,6.70752e-12,8.86594e-13
eigen_elementwise,682,1,0,9,1e-12,0.0179476,0,1.14824e-11,9.23518e-13
eigen_elementwise,683,1,0,9,1e-12,0.0177637,0,7.95808e-12,9.59677e-13
eigen_elementwise,684,1,0,9,1e-12,0.017859,0,5.79803e-12,8.672e-13
eigen_elementwise,685,1,0,9,1e-12,0.017697,0,7.38964e-12,9.74166e-13
eigen_elementwise,686,1,0,9,1e-12,0.0177869,0,9.32232e-12,9.12558e-13
eigen_elementwise,687,1,0,9,1e-12,0.0180778,0,1.06866e-11,9.36152e-13
eigen_elementwise,688,1,0,9,1e-12,0.0178675,0,1.03455e-11,9.66886e-13
eigen_elementwise,689,1,0,9,1e-12,0.0179958,0,7.50333e-12,9.56619e-13
eigen_elementwise,690,1,0,9,1e-12,0.0181734,0,9.66338e-12,1.01357e-12
eigen_elementwise,691,1,0,9,1e-12,0.0180601,0,7.61702e-12,9.28339e-13
eigen_elementwise,692,1,0,9,1e-12,0.0181342,0,1.46656e-11,8.89711e-13
eigen_elementwise,693,1,0,9,1e-12,0.0181345,0,8.98126e-12,9.99241e-13
eigen_elementwise,694,1,0,9,1e-12,0.0182941,0,9.20863e-12,1.02008e-12
eigen_elementwise,695,1,0,9,1e-12,0.018515,0,8.07177e-12,9.99452e-13
eigen_elementwise,696,1,0,9,1e-12,0.0184148,0,1.13687e-11,1.0078e-12
eigen_elementwise,697,1,0,9,1e-12,0.0183712,0,9.89075e-12,9.93096e-13
eigen_elementwise,698,1,0,9,1e-12,0.018509,0,9.20863e-12,9.15228e-13
eigen_elementwise,699,1,0,9,1e-12,0.0182507,0,1.03455e-11,9.6784e-13
eigen_elementwise,700,1,0,9,1e-12,0.0186747,0,6.70752e-12,8.94884e-13
eigen_elementwise,701,1,0,9,1e-12,0.0186285,0,8.86757e-12,1.00123e-12
eigen_elementwise,702,1,0,9,1e-12,0.0187566,0,7.7307e-12,9.60403e-13
eigen_elementwise,703,1,0,9,1e-12,0.0187639,0,8.98126e-12,9.73851e-13
eigen_elementwise,704,1,0,9,1e-12,0.0188612,0,7.16227e-12,8.83697e-13
eigen_elementwise,705,1,0,9,1e-12,0.0188056,0,8.86757e-12,9.38317e-13
eigen_elementwise,706,1,0,9,1e-12,0.0189629,0,7.61702e-12,9.2502e-13
eigen_elementwise,707,1,0,9,1e-12,0.0191044,0,1.05729e-11,9.09038e-13
eigen_elementwise,708,1,0,9,1e-12,0.0191019,0,8.41283e-12,9.80429e-13
eigen_elementwise,709,1,0,9,1e-12,0.019029,0,9.54969e-12,1.09216e-12
eigen_elementwise,710,1,0,9,1e-12,0.0190195,0,1.06866e-11,1.02912e-12
eigen_elementwise,711,1,0,9,1e-12,0.0189689,0,9.20863e-12,9.32658e-13
eigen_elementwise,712,1,0,9,1e-12,0.0191899,0,7.38964e-12,9.11247e-13
eigen_elementwise,713,1,0,9,1e-12,0.0192003,0,6.82121e-12,8.69045e-13
eigen_elementwise,714,1,0,9,1e-12,0.019339,0,8.52651e-12,1.02993e-12
eigen_elementwise,715,1,0,9,1e-12,0.0194126,0,1.02318e-11,9.96831e-13
eigen_elementwise,716,1,0,9,1e-12,0.0196965,0,8.86757e-12,9.47096e-13
eigen_elementwise,717,1,0,9,1e-12,0.0193811,0,1.11413e-11,9.45965e-13
eigen_elementwise,718,1,0,9,1e-12,0.019472,0,8.98126e-12,9.36695e-13
eigen_elementwise,719,1,0,9,1e-12,0.0197069,0,7.38964e-12,9.41093e-13
eigen_elementwise,720,1,0,9,1e-12,0.0195384,0,8.98126e-12,9.12947e-13
eigen_elementwise,721,1,0,9,1e-12,0.0198568,0,8.29914e-12,9.16323e-13
eigen_elementwise,722,1,0,9,1e-12,0.0198471,0,9.77707e-12,9.23449e-13
eigen_elementwise,723,1,0,9,1e-12,0.0198528,0,9.09495e-12,9.52118e-13
eigen_elementwise,724,1,0,9,1e-12,0.0200001,0,1.05729e-11,9.39022e-13
eigen_elementwise,725,1,0,9,1e-12,0.0198327,0,9.20863e-12,9.19605e-13
eigen_elementwise,726,1,0,9,1e-12,0.0199979,0,9.43601e-12,9.22441e-13
eigen_elementwise,727,1,0,9,1e-12,0.019923,0,7.7307e-12,9.38641e-13
eigen_elementwise,728,1,0,9,1e-12,0.02008,0,1.00044e-11,9.70372e-13
eigen_elementwise,729,1,0,9,1e-12,0.0202551,0,7.61702e-12,9.44796e-13
eigen_elementwise,730,1,0,9,1e-12,0.0201583,0,6.82121e-12,9.119e-13
eigen_elementwise,731,1,0,9,1e-12,0.0201047,0,7.7307e-12,9.11551e-13
eigen_elementwise,732,1,0,9,1e-12,0.0203836,0,1.03455e-11,9.40796e-13
eigen_elementwise,733,1,0,9,1e-12,0.0202211,0,6.9349e-12,9.49391e-13
eigen_elementwise,734,1,0,9,1e-12,0.0203503,0,1.44382e-11,9.99789e-13
eigen_elementwise,735,1,0,9,1e-12,0.0206029,0,1.05729e-11,9.14937e-13
eigen_elementwise,736,1,0,9,1e-12,0.0206843,0,1.01181e-11,9.50578e-13
eigen_elementwise,737,1,0,9,1e-12,0.0203908,0,8.41283e-12,9.13938e-13
eigen_elementwise,738,1,0,9,1e-12,0.020348,0,9.66338e-12,9.31381e-13
eigen_elementwise,739,1,0,9,1e-12,0.0205082,0,9.89075e-12,9.92697e-13
eigen_elementwise,740,1,0,9,1e-12,0.020481,0,1.15961e-11,1.00068e-12
eigen_elementwise,741,1,0,9,1e-12,0.0206641,0,1.1255e-11,9.68682e-13
eigen_elementwise,742,1,0,9,1e-12,0.0207453,0,9.54969e-12,9.93129e-13
eigen_elementwise,743,1,0,9,1e-12,0.0207988,0,8.52651e-12,1.00245e-12
eigen_elementwise,744,1,0,9,1e-12,0.0209062,0,9.43601e-12,9.91489e-13
eigen_elementwise,745,1,0,9,1e-12,0.0210439,0,1.00044e-11,1.04855e-12
eigen_elementwise,746,1,0,9,1e-12,0.0211425,0,8.86757e-12,9.27319e-13
eigen_elementwise,747,1,0,9,1e-12,0.0212356,0,7.50333e-12,8.63538e-13
eigen_elementwise,748,1,0,9,1e-12,0.0211337,0,9.66338e-12,9.01106e-13
eigen_elementwise,749,1,0,9,1e-12,0.020966,0,9.66338e-12,9.98884e-13
eigen_elementwise,750,1,0,9,1e-12,0.0213219,0,7.7307e-12,9.66688e-13
eigen_elementwise,751,1,0,9,1e-12,0.0212164,0,9.89075e-12,1.00511e-12
eigen_elementwise,752,1,0,9,1e-12,0.0215201,0,6.9349e-12,9.4842e-13
eigen_elementwise,753,1,0,9,1e-12,0.0211501,0,9.09495e-12,1.00372e-12
eigen_elementwise,754,1,0,9,1e-12,0.0216094,0,8.6402e-12,9.94307e-13
eigen_elementwise,755,1,0,9,1e-12,0.0215605,0,1.00044e-11,9.20862e-13
eigen_elementwise,756,1,0,9,1e-12,0.0215692,0,7.95808e-12,9.29995e-13
eigen_elementwise,757,1,0,9,1e-12,0.0216218,0,8.29914e-12,9.73414e-13
eigen_elementwise,758,1,0,9,1e-12,0.0217157,0,1.19371e-11,9.68562e-13
eigen_elementwise,759,1,0,9,1e-12,0.0217332,0,8.52651e-12,9.89665e-13
eigen_elementwise,760,1,0,9,1e-12,0.0217825,0,8.75389e-12,9.46448e-13
eigen_elementwise,761,1,0,9,1e-12,0.0219589,0,8.07177e-12,9.87023e-13
eigen_elementwise,762,1,0,9,1e-12,0.0219989,0,1.3415e-11,1.02128e-12
eigen_elementwise,763,1,0,9,1e-12,0.0221593,0,9.77707e-12,1.06962e-12
eigen_elementwise,764,1,0,9,1e-12,0.0221132,0,1.06866e-11,9.66599e-13
eigen_elementwise,765,1,0,9,1e-12,0.0221594,0,9.54969e-12,9.48916e-13
eigen_elementwise,766,1,0,9,1e-12,0.0222396,0,1.08002e-11,9.68185e-13
eigen_elementwise,767,1,0,9,1e-12,0.0232181,0,9.66338e-12,9.6146e-13
eigen_elementwise,768,1,0,9,1e-12,0.0221527,0,7.7307e-12,9.18473e-13
eigen_elementwise,769,1,0,9,1e-12,0.0220294,0,1.06866e-11,9.79088e-13
eigen_elementwise,770,1,0,9,1e-12,0.021884,0,1.47793e-11,1.07088e-12
eigen_elementwise,771,1,0,9,1e-12,0.0218831,0,1.08002e-11,9.74783e-13
eigen_elementwise,772,1,0,9,1e-12,0.0220946,0,1.08002e-11,1.00144e-12
eigen_elementwise,773,1,0,9,1e-12,0.0220244,0,8.6402e-12,9.60476e-13
eigen_elementwise,774,1,0,9,1e-12,0.0219101,0,1.25056e-11,9.23084e-13
eigen_elementwise,775,1,0,9,1e-12,0.0219595,0,9.43601e-12,9.71233e-13
eigen_elementwise,776,1,0,9,1e-12,0.0219431,0,7.7307e-12,9.34081e-13
eigen_elementwise,777,1,0,9,1e-12,0.022312,0,1.00044e-11,1.00964e-12
eigen_elementwise,778,1,0,9,1e-12,0.0221284,0,1.02318e-11,1.03882e-12
eigen_elementwise,779,1,0,9,1e-12,0.0221799,0,7.7307e-12,1.01513e-12
eigen_elementwise,780,1,0,9,1e-12,0.0222546,0,1.02318e-11,9.97977e-13
eigen_elementwise,781,1,0,9,1e-12,0.0222218,0,1.46656e-11,1.00198e-12
eigen_elementwise,782,1,0,9,1e-12,0.0224048,0,9.89075e-12,9.96602e-13
eigen_elementwise,783,1,0,9,1e-12,0.0227631,0,1.18234e-11,1.07751e-12
eigen_elementwise,784,1,0,9,1e-12,0.0227589,0,9.20863e-12,1.0235e-12
eigen_elementwise,785,1,0,9,1e-12,0.0226794,0,9.32232e-12,9.19007e-13
eigen_elementwise,786,1,0,9,1e-12,0.0225694,0,1.09139e-11,1.01121e-12
eigen_elementwise,787,1,0,9,1e-12,0.0227981,0,8.41283e-12,9.46296e-13
eigen_elementwise,788,1,0,9,1e-12,0.0226135,0,1.15961e-11,9.9484e-13
eigen_elementwise,789,1,0,9,1e-12,0.0230323,0,8.52651e-12,9.40471e-13
eigen_elementwise,790,1,0,9,1e-12,0.0230111,0,1.33014e-11,1.06342e-12
eigen_elementwise,791,1,0,9,1e-12,0.0230567,0,1.06866e-11,1.01701e-12
eigen_elementwise,792,1,0,9,1e-12,0.023041,0,1.09139e-11,1.02766e-12
eigen_elementwise,793,1,0,9,1e-12,0.0231626,0,7.27596e-12,1.00279e-12
eigen_elementwise,794,1,0,9,1e-12,0.0231688,0,1.21645e-11,1.01167e-12
eigen_elementwise,795,1,0,9,1e-12,0.0230051,0,1.39835e-11,9.93186e-13
eigen_elementwise,796,1,0,9,1e-12,0.0232846,0,1.02318e-11,9.97809e-13
eigen_elementwise,797,1,0,9,1e-12,0.0234261,0,1.35287e-11,9.65463e-13
eigen_elementwise,798,1,0,9,1e-12,0.0233094,0,1.13687e-11,9.4348e-13
eigen_elementwise,799,1,0,9,1e-12,0.0238651,0,1.19371e-11,1.00174e-12
eigen_elementwise,800,1,0,9,1e-12,0.0234553,0,7.95808e-12,9.54175e-13
eigen_elementwise,801,1,0,9,1e-12,0.0235802,0,1.00044e-11,9.82537e-13
eigen_elementwise,802,1,0,9,1e-12,0.0233784,0,7.7307e-12,9.34047e-13
eigen_elementwise,803,1,0,9,1e-12,0.0237014,0,1.06866e-11,1.01939e-12
eigen_elementwise,804,1,0,9,1e-12,0.0236525,0,1.37561e-11,9.73612e-13
eigen_elementwise,805,1,0,9,1e-12,0.0237326,0,8.6402e-12,1.03653e-12
eigen_elementwise,806,1,0,9,1e-12,0.0237029,0,1.20508e-11,9.90793e-13
eigen_elementwise,807,1,0,9,1e-12,0.0239323,0,9.09495e-12,1.0131e-12
eigen_elementwise,808,1,0,9,1e-12,0.0238955,0,1.29603e-11,9.99076e-13
eigen_elementwise,809,1,0,9,1e-12,0.023941,0,1.15961e-11,1.04639e-12
eigen_elementwise,810,1,0,9,1e-12,0.0244998,0,1.15961e-11,1.01104e-12
eigen_elementwise,811,1,0,9,1e-12,0.0240534,0,1.06866e-11,9.43385e-13
eigen_elementwise,812,1,0,9,1e-12,0.0241262,0,9.77707e-12,1.02991e-12
eigen_elementwise,813,1,0,9,1e-12,0.024136,0,1.20508e-11,1.05078e-12
eigen_elementwise,814,1,0,9,1e-12,0.0242212,0,8.98126e-12,9.75447e-13
eigen_elementwise,815,1,0,9,1e-12,0.0243571,0,1.01181e-11,1.03665e-12
eigen_elementwise,816,1,0,9,1e-12,0.0243659,0,9.32232e-12,1.05236e-12
eigen_elementwise,817,1,0,9,1e-12,0.0247342,0,7.61702e-12,9.51805e-13
eigen_elementwise,818,1,0,9,1e-12,0.024541,0,1.20508e-11,9.90571e-13
eigen_elementwise,819,1,0,9,1e-12,0.0243463,0,9.66338e-12,1.02428e-12
eigen_elementwise,820,1,0,9,1e-12,0.0248954,0,1.23919e-11,9.63572e-13
eigen_elementwise,821,1,0,9,1e-12,0.025734,0,7.38964e-12,1.03013e-12
eigen_elementwise,822,1,0,9,1e-12,0.0256884,0,8.75389e-12,9.98146e-13
eigen_elementwise,823,1,0,9,1e-12,0.0257849,0,9.32232e-12,9.83621e-13
eigen_elementwise,824,1,0,9,1e-12,0.0255158,0,7.7307e-12,1.01647e-12
eigen_elementwise,825,1,0,9,1e-12,0.0254545,0,8.18545e-12,9.81895e-13
eigen_elementwise,826,1,0,9,1e-12,0.0259037,0,1.00044e-11,1.06432e-12
eigen_elementwise,827,1,0,9,1e-12,0.0260411,0,1.02318e-11,1.0605e-12
eigen_elementwise,828,1,0,9,1e-12,0.0259647,0,7.50333e-12,9.44284e-13
eigen_elementwise,829,1,0,9,1e-12,0.0258067,0,1.11413e-11,9.84391e-13
eigen_elementwise,830,1,0,9,1e-12,0.0259555,0,9.20863e-12,1.0327e-12
eigen_elementwise,831,1,0,9,1e-12,0.0262336,0,1.45519e-11,1.01426e-12
eigen_elementwise,832,1,0,9,1e-12,0.0257964,0,1.68257e-11,1.04122e-12
eigen_elementwise,833,1,0,9,1e-12,0.0261134,0,1.94404e-11,1.07671e-12
eigen_elementwise,834,1,0,9,1e-12,0.0260893,0,8.6402e-12,9.86367e-13
eigen_elementwise,835,1,0,9,1e-12,0.0262212,0,9.43601e-12,1.01545e-12
eigen_elementwise,836,1,0,9,1e-12,0.026495,0,1.56888e-11,1.05049e-12
eigen_elementwise,837,1,0,9,1e-12,0.0265011,0,1.03455e-11,1.0111e-12
eigen_elementwise,838,1,0,9,1e-12,0.0267302,0,8.98126e-12,1.04805e-12
eigen_elementwise,839,1,0,9,1e-12,0.0266906,0,9.89075e-12,1.01467e-12
eigen_elementwise,840,1,0,9,1e-12,0.0266897,0,9.43601e-12,1.01002e-12
eigen_elementwise,841,1,0,9,1e-12,0.0266509,0,1.14824e-11,1.0109e-12
eigen_elementwise,842,1,0,9,1e-12,0.0269079,0,1.09139e-11,9.68298e-13
eigen_elementwise,843,1,0,9,1e-12,0.0269218,0,9.66338e-12,9.96865e-13
eigen_elementwise,844,1,0,9,1e-12,0.0265205,0,1.10276e-11,1.00376e-12
eigen_elementwise,845,1,0,9,1e-12,0.0269031,0,8.41283e-12,9.77827e-13
eigen_elementwise,846,1,0,9,1e-12,0.0270291,0,1.20508e-11,1.04764e-12
eigen_elementwise,847,1,0,9,1e-12,0.0273421,0,1.58025e-11,1.09031e-12
eigen_elementwise,848,1,0,9,1e-12,0.0273832,0,1.01181e-11,1.00721e-12
eigen_elementwise,849,1,0,9,1e-12,0.02702,0,8.98126e-12,1.04224e-12
eigen_elementwise,850,1,0,9,1e-12,0.0266544,0,1.19371e-11,9.87513e-13
eigen_elementwise,851,1,0,9,1e-12,0.0267054,0,9.32232e-12,9.60955e-13
eigen_elementwise,852,1,0,9,1e-12,0.0268403,0,1.10276e-11,1.00737e-12
eigen_elementwise,853,1,0,9,1e-12,0.027039,0,1.02318e-11,1.08415e-12
eigen_elementwise,854,1,0,9,1e-12,0.026787,0,9.20863e-12,9.25488e-13
eigen_elementwise,855,1,0,9,1e-12,0.0268718,0,1.03455e-11,1.04819e-12
eigen_elementwise,856,1,0,9,1e-12,0.0267362,0,1.10276e-11,1.00926e-12
eigen_elementwise,857,1,0,9,1e-12,0.0270733,0,1.43245e-11,9.78025e-13
eigen_elementwise,858,1,0,9,1e-12,0.0269635,0,1.25056e-11,9.76626e-13
eigen_elementwise,859,1,0,9,1e-12,0.0270974,0,1.00044e-11,1.03923e-12
eigen_elementwise,860,1,0,9,1e-12,0.0272753,0,8.41283e-12,9.61344e-13
eigen_elementwise,861,1,0,9,1e-12,0.0271041,0,1.08002e-11,9.59384e-13
eigen_elementwise,862,1,0,9,1e-12,0.0272289,0,9.66338e-12,1.12455e-12
eigen_elementwise,863,1,0,9,1e-12,0.0279612,0,1.13687e-11,1.04705e-12
eigen_elementwise,864,1,0,9,1e-12,0.0275558,0,8.29914e-12,9.33659e-13
eigen_elementwise,865,1,0,9,1e-12,0.0274434,0,8.75389e-12,9.6047e-13
eigen_elementwise,866,1,0,9,1e-12,0.0275047,0,9.20863e-12,1.04764e-12
eigen_elementwise,867,1,0,9,1e-12,0.027878,0,9.09495e-12,1.02407e-12
eigen_elementwise,868,1,0,9,1e-12,0.0279534,0,9.77707e-12,1.03837e-12
eigen_elementwise,869,1,0,9,1e-12,0.0280938,0,8.52651e-12,9.73895e-13
eigen_elementwise,870,1,0,9,1e-12,0.0278801,0,8.98126e-12,9.76638e-13
eigen_elementwise,871,1,0,9,1e-12,0.0280267,0,1.1255e-11,9.66126e-13
eigen_elementwise,872,1,0,9,1e-12,0.0277037,0,8.98126e-12,9.81719e-13
eigen_elementwise,873,1,0,9,1e-12,0.028291,0,9.66338e-12,1.02771e-12
eigen_elementwise,874,1,0,9,1e-12,0.0282391,0,1.01181e-11,1.0458e-12
eigen_elementwise,875,1,0,9,1e-12,0.0282173,0,1.45519e-11,1.03556e-12
eigen_elementwise,876,1,0,9,1e-12,0.0280967,0,1.1255e-11,9.74505e-13
eigen_elementwise,877,1,0,9,1e-12,0.0283886,0,1.13687e-11,1.02899e-12
eigen_elementwise,878,1,0,9,1e-12,0.0282679,0,7.84439e-12,9.98024e-13
eigen_elementwise,879,1,0,9,1e-12,0.0289683,0,1.10276e-11,1.00808e-12
eigen_elementwise,880,1,0,9,1e-12,0.028457,0,9.43601e-12,1.01974e-12
eigen_elementwise,881,1,0,9,1e-12,0.0286134,0,9.54969e-12,1.03229e-12
eigen_elementwise,882,1,0,9,1e-12,0.0284447,0,1.10276e-11,1.03972e-12
eigen_elementwise,883,1,0,9,1e-12,0.0285695,0,9.77707e-12,1.03998e-12
eigen_elementwise,884,1,0,9,1e-12,0.0288433,0,1.28466e-11,1.00564e-12
eigen_elementwise,885,1,0,9,1e-12,0.0290091,0,7.61702e-12,9.85033e-13
eigen_elementwise,886,1,0,9,1e-12,0.0290922,0,8.52651e-12,1.0874e-12
eigen_elementwise,887,1,0,9,1e-12,0.0288188,0,1.28466e-11,1.04129e-12
eigen_elementwise,888,1,0,9,1e-12,0.0290305,0,1.25056e-11,9.76191e-13
eigen_elementwise,889,1,0,9,1e-12,0.029271,0,1.25056e-11,1.05266e-12
eigen_elementwise,890,1,0,9,1e-12,0.0292847,0,1.18234e-11,1.01077e-12
eigen_elementwise,891,1,0,9,1e-12,0.029507,0,1.11413e-11,1.04922e-12
eigen_elementwise,892,1,0,9,1e-12,0.0293857,0,1.37561e-11,1.00727e-12
eigen_elementwise,893,1,0,9,1e-12,0.0292527,0,1.45519e-11,1.01031e-12
eigen_elementwise,894,1,0,9,1e-12,0.0295125,0,1.11413e-11,1.03622e-12
eigen_elementwise,895,1,0,9,1e-12,0.0304244,0,8.52651e-12,1.0096e-12
eigen_elementwise,896,1,0,9,1e-12,0.0293114,0,1.17097e-11,9.33528e-13
eigen_elementwise,897,1,0,9,1e-12,0.0297748,0,9.09495e-12,9.92904e-13
eigen_elementwise,898,1,0,9,1e-12,0.0297485,0,8.98126e-12,9.44071e-13
eigen_elementwise,899,1,0,9,1e-12,0.0299773,0,1.17097e-11,1.03759e-12
eigen_elementwise,900,1,0,9,1e-12,0.029653,0,1.26192e-11,1.0597e-12
eigen_elementwise,901,1,0,9,1e-12,0.0300795,0,7.61702e-12,1.01581e-12
eigen_elementwise,902,1,0,9,1e-12,0.0300286,0,1.31877e-11,1.02329e-12
eigen_elementwise,903,1,0,9,1e-12,0.0300915,0,1.09139e-11,1.01368e-12
eigen_elementwise,904,1,0,9,1e-12,0.0299963,0,1.13687e-11,1.06683e-12
eigen_elementwise,905,1,0,9,1e-12,0.0304134,0,1.10276e-11,9.71032e-13
eigen_elementwise,906,1,0,9,1e-12,0.0304251,0,1.18234e-11,9.99621e-13
eigen_elementwise,907,1,0,9,1e-12,0.0306165,0,6.48015e-12,1.00598e-12
eigen_elementwise,908,1,0,9,1e-12,0.0307934,0,1.23919e-11,1.03707e-12
eigen_elementwise,909,1,0,9,1e-12,0.0304362,0,1.03455e-11,1.08253e-12
eigen_elementwise,910,1,0,9,1e-12,0.0307498,0,9.20863e-12,1.02857e-12
eigen_elementwise,911,1,0,9,1e-12,0.0307823,0,1.3415e-11,1.06332e-12
eigen_elementwise,912,1,0,9,1e-12,0.030906,0,8.41283e-12,1.01342e-12
eigen_elementwise,913,1,0,9,1e-12,0.0310096,0,1.11413e-11,9.82213e-13
eigen_elementwise,914,1,0,9,1e-12,0.0303764,0,9.09495e-12,9.99148e-13
eigen_elementwise,915,1,0,9,1e-12,0.0309467,0,8.98126e-12,1.02807e-12
eigen_elementwise,916,1,0,9,1e-12,0.0311922,0,7.7307e-12,1.03739e-12
eigen_elementwise,917,1,0,9,1e-12,0.0309685,0,9.32232e-12,1.07267e-12
eigen_elementwise,918,1,0,9,1e-12,0.0312592,0,9.43601e-12,9.57146e-13
eigen_elementwise,919,1,0,9,1e-12,0.0312211,0,9.54969e-12,1.00361e-12
eigen_elementwise,920,1,0,9,1e-12,0.0316644,0,7.7307e-12,9.8759e-13
eigen_elementwise,921,1,0,9,1e-12,0.0314532,0,1.35287e-11,9.97211e-13
eigen_elementwise,922,1,0,9,1e-12,0.0316665,0,1.14824e-11,1.0556e-12
eigen_elementwise,923,1,0,9,1e-12,0.0315537,0,9.89075e-12,1.03655e-12
eigen_elementwise,924,1,0,9,1e-12,0.0311374,0,9.09495e-12,9.99333e-13
eigen_elementwise,925,1,0,9,1e-12,0.0310294,0,1.42109e-11,1.01715e-12
eigen_elementwise,926,1,0,9,1e-12,0.0308788,0,9.77707e-12,1.03119e-12
eigen_elementwise,927,1,0,9,1e-12,0.0315201,0,1.08002e-11,1.048e-12
eigen_elementwise,928,1,0,9,1e-12,0.0314698,0,1.3415e-11,1.07374e-12
eigen_elementwise,929,1,0,9,1e-12,0.0310046,0,8.75389e-12,1.0293e-12
eigen_elementwise,930,1,0,9,1e-12,0.0310054,0,1.01181e-11,9.97785e-13
eigen_elementwise,931,1,0,9,1e-12,0.0313008,0,8.41283e-12,1.05995e-12
eigen_elementwise,932,1,0,9,1e-12,0.0310394,0,1.22782e-11,1.19578e-12
eigen_elementwise,933,1,0,9,1e-12,0.0316706,0,1.14824e-11,1.02408e-12
eigen_elementwise,934,1,0,9,1e-12,0.0313914,0,7.38964e-12,1.01248e-12
eigen_elementwise,935,1,0,9,1e-12,0.0316357,0,1.1255e-11,1.00186e-12
eigen_elementwise,936,1,0,9,1e-12,0.0315658,0,1.18234e-11,1.07961e-12
eigen_elementwise,937,1,0,9,1e-12,0.0317522,0,1.37561e-11,1.06262e-12
eigen_elementwise,938,1,0,9,1e-12,0.0317793,0,8.98126e-12,1.01354e-12
eigen_elementwise,939,1,0,9,1e-12,0.0316524,0,8.41283e-12,1.05738e-12
eigen_elementwise,940,1,0,9,1e-12,0.0318862,0,9.20863e-12,9.97676e-13
eigen_elementwise,941,1,0,9,1e-12,0.032141,0,1.23919e-11,9.7494e-13
eigen_elementwise,942,1,0,9,1e-12,0.032144,0,1.17097e-11,1.13683e-12
eigen_elementwise,943,1,0,9,1e-12,0.03215,0,9.32232e-12,9.65619e-13
eigen_elementwise,944,1,0,9,1e-12,0.0322766,0,9.09495e-12,1.01291e-12
eigen_elementwise,945,1,0,9,1e-12,0.0321683,0,1.10276e-11,1.03915e-12
eigen_elementwise,946,1,0,9,1e-12,0.032366,0,1.27329e-11,1.02507e-12
eigen_elementwise,947,1,0,9,1e-12,0.0325773,0,1.10276e-11,1.10696e-12
eigen_elementwise,948,1,0,9,1e-12,0.0324402,0,9.43601e-12,1.05453e-12
eigen_elementwise,949,1,0,9,1e-12,0.0325482,0,1.11413e-11,9.75234e-13
eigen_elementwise,950,1,0,9,1e-12,0.0325938,0,8.52651e-12,1.0071e-12
eigen_elementwise,951,1,0,9,1e-12,0.032644,0,9.89075e-12,9.85306e-13
eigen_elementwise,952,1,0,9,1e-12,0.0327943,0,1.14824e-11,9.08614e-13
eigen_elementwise,953,1,0,9,1e-12,0.0326837,0,7.84439e-12,9.8277e-13
eigen_elementwise,954,1,0,9,1e-12,0.0330055,0,9.43601e-12,1.04856e-12
eigen_elementwise,955,1,0,9,1e-12,0.0330194,0,1.02318e-11,1.00422e-12
eigen_elementwise,956,1,0,9,1e-12,0.0332923,0,1.26192e-11,1.04862e-12
eigen_elementwise,957,1,0,9,1e-12,0.0329832,0,1.28466e-11,1.03133e-12
eigen_elementwise,958,1,0,9,1e-12,0.0332704,0,8.07177e-12,9.7947e-13
eigen_elementwise,959,1,0,9,1e-12,0.0335856,0,1.11413e-11,1.04158e-12
eigen_elementwise,960,1,0,9,1e-12,0.0334624,0,1.01181e-11,1.04953e-12
eigen_elementwise,961,1,0,9,1e-12,0.0333572,0,1.00044e-11,1.08798e-12
eigen_elementwise,962,1,0,9,1e-12,0.0334642,0,9.66338e-12,1.01771e-12
eigen_elementwise,963,1,0,9,1e-12,0.0333632,0,9.09495e-12,1.02956e-12
eigen_elementwise,964,1,0,9,1e-12,0.0336798,0,1.18234e-11,1.07146e-12
eigen_elementwise,965,1,0,9,1e-12,0.0334784,0,1.06866e-11,1.07299e-12
eigen_elementwise,966,1,0,9,1e-12,0.0337677,0,1.37561e-11,1.04303e-12
eigen_elementwise,967,1,0,9,1e-12,0.0339656,0,9.77707e-12,1.04024e-12
eigen_elementwise,968,1,0,9,1e-12,0.0345779,0,1.10276e-11,1.0623e-12
eigen_elementwise,969,1,0,9,1e-12,0.0345169,0,1.22782e-11,1.04632e-12
eigen_elementwise,970,1,0,9,1e-12,0.0344496,0,7.84439e-12,9.897e-13
eigen_elementwise,971,1,0,9,1e-12,0.0345389,0,1.19371e-11,1.04539e-12
eigen_elementwise,972,1,0,9,1e-12,0.0347092,0,9.66338e-12,1.04491e-12
eigen_elementwise,973,1,0,9,1e-12,0.0347422,0,8.98126e-12,1.05203e-12
eigen_elementwise,974,1,0,9,1e-12,0.0349941,0,1.11413e-11,9.84036e-13
eigen_elementwise,975,1,0,9,1e-12,0.0349384,0,8.18545e-12,9.94356e-13
eigen_elementwise,976,1,0,9,1e-12,0.03511,0,1.13687e-11,1.03064e-12
eigen_elementwise,977,1,0,9,1e-12,0.0352201,0,9.89075e-12,1.0355e-12
eigen_elementwise,978,1,0,9,1e-12,0.0352747,0,1.06866e-11,1.02059e-12
eigen_elementwise,979,1,0,9,1e-12,0.0352164,0,1.4893e-11,1.12656e-12
eigen_elementwise,980,1,0,9,1e-12,0.0353074,0,1.37561e-11,1.04646e-12
eigen_elementwise,981,1,0,9,1e-12,0.0353335,0,1.1255e-11,1.05382e-12
eigen_elementwise,982,1,0,9,1e-12,0.0357515,0,1.00044e-11,9.962e-13
eigen_elementwise,983,1,0,9,1e-12,0.0355186,0,1.11413e-11,9.62508e-13
eigen_elementwise,984,1,0,9,1e-12,0.0355606,0,9.20863e-12,9.38246e-13
eigen_elementwise,985,1,0,9,1e-12,0.0356923,0,1.54614e-11,1.08544e-12
eigen_elementwise,986,1,0,9,1e-12,0.0357367,0,1.09139e-11,1.05504e-12
eigen_elementwise,987,1,0,9,1e-12,0.0355682,0,1.20508e-11,1.04859e-12
eigen_elementwise,988,1,0,9,1e-12,0.0359283,0,8.98126e-12,1.00836e-12
eigen_elementwise,989,1,0,9,1e-12,0.0359439,0,1.17097e-11,9.7583e-13
eigen_elementwise,990,1,0,9,1e-12,0.0362554,0,8.18545e-12,1.01678e-12
eigen_elementwise,991,1,0,9,1e-12,0.0366194,0,1.09139e-11,9.98321e-13
eigen_elementwise,992,1,0,9,1e-12,0.0364165,0,1.05729e-11,1.08091e-12
eigen_elementwise,993,1,0,9,1e-12,0.0358083,0,8.86757e-12,1.05392e-12
eigen_elementwise,994,1,0,9,1e-12,0.0358506,0,1.25056e-11,1.10517e-12
eigen_elementwise,995,1,0,9,1e-12,0.0360312,0,1.26192e-11,1.00649e-12
eigen_elementwise,996,1,0,9,1e-12,0.0362218,0,9.66338e-12,1.01539e-12
eigen_elementwise,997,1,0,9,1e-12,0.035885,0,1.43245e-11,9.76839e-13
eigen_elementwise,998,1,0,9,1e-12,0.0364398,0,9.32232e-12,1.0597e-12
eigen_elementwise,999,1,0,9,1e-12,0.0363051,0,9.20863e-12,1.02689e-12
eigen_elementwise,1000,1,0,9,1e-12,0.0360315,0,1.40972e-11,1.0496e-12
