version, size, hermitian, complex, seed, tol, runtime in s,min_error, max_error, avg_error
eigen_elementwise,1,1,0,2,1e-12,1.955e-06,0,0,0
eigen_elementwise,2,1,0,2,1e-12,3.352e-06,1.42109e-14,2.84217e-14,2.13163e-14
eigen_elementwise,3,1,0,2,1e-12,2.374e-06,2.84217e-14,7.10543e-14,4.73695e-14
eigen_elementwise,4,1,0,2,1e-12,2.934e-06,0,7.10543e-14,3.55271e-14
eigen_elementwise,5,1,0,2,1e-12,2.864e-06,1.13687e-13,2.27374e-13,1.53477e-13
eigen_elementwise,6,1,0,2,1e-12,3.352e-06,0,2.84217e-13,1.32635e-13
eigen_elementwise,7,1,0,2,1e-12,3.842e-06,1.42109e-14,2.27374e-13,9.54157e-14
eigen_elementwise,8,1,0,2,1e-12,4.749e-06,2.84217e-14,4.54747e-13,1.26121e-13
eigen_elementwise,9,1,0,2,1e-12,5.587e-06,4.26326e-14,2.27374e-13,1.12108e-13
eigen_elementwise,10,1,0,2,1e-12,6.146e-06,1.42109e-14,3.41061e-13,1.36779e-13
eigen_elementwise,11,1,0,2,1e-12,7.683e-06,0,4.54747e-13,1.4986e-13
eigen_elementwise,12,1,0,2,1e-12,1.0057e-05,0,7.95808e-13,2.31519e-13
eigen_elementwise,13,1,0,2,1e-12,9.499e-06,0,4.54747e-13,1.81735e-13
eigen_elementwise,14,1,0,2,1e-12,1.1454e-05,1.42109e-14,7.95808e-13,1.88294e-13
eigen_elementwise,15,1,0,2,1e-12,1.1873e-05,0,9.09495e-13,2.06531e-13
eigen_elementwise,16,1,0,2,1e-12,1.327e-05,1.42109e-14,6.82121e-13,2.12497e-13
eigen_elementwise,17,1,0,2,1e-12,1.5435e-05,0,1.59162e-12,2.57676e-13
eigen_elementwise,18,1,0,2,1e-12,1.5366e-05,0,2.38742e-12,3.23297e-13
eigen_elementwise,19,1,0,2,1e-12,1.7111e-05,2.84217e-14,5.68434e-13,1.64547e-13
eigen_elementwise,20,1,0,2,1e-12,1.7531e-05,0,1.13687e-12,2.3217e-13
eigen_elementwise,21,1,0,2,1e-12,2.0184e-05,0,1.02318e-12,2.80495e-13
eigen_elementwise,22,1,0,2,1e-12,2.186e-05,0,7.95808e-13,2.23498e-13
eigen_elementwise,23,1,0,2,1e-12,2.4305e-05,0,5.68434e-13,2.01269e-13
eigen_elementwise,24,1,0,2,1e-12,2.5702e-05,0,1.59162e-12,3.42097e-13
eigen_elementwise,25,1,0,2,1e-12,2.8635e-05,0,1.7053e-12,2.57216e-13
eigen_elementwise,26,1,0,2,1e-12,2.9613e-05,0,1.36424e-12,2.86028e-13
eigen_elementwise,27,1,0,2,1e-12,3.2406e-05,7.10543e-15,1.13687e-12,2.92211e-13
eigen_elementwise,28,1,0,2,1e-12,3.6318e-05,0,1.59162e-12,2.6658e-13
eigen_elementwise,29,1,0,2,1e-12,3.6667e-05,0,1.13687e-12,2.39104e-13
eigen_elementwise,30,1,0,2,1e-12,3.8133e-05,0,1.25056e-12,2.74566e-13
eigen_elementwise,31,1,0,2,1e-12,4.3371e-05,0,1.36424e-12,3.04731e-13
eigen_elementwise,32,1,0,2,1e-12,4.4628e-05,0,2.50111e-12,4.17721e-13
eigen_elementwise,33,1,0,2,1e-12,4.9028e-05,0,7.95808e-13,2.48528e-13
eigen_elementwise,34,1,0,2,1e-12,5.3289e-05,7.10543e-15,1.93268e-12,4.95003e-13
eigen_elementwise,35,1,0,2,1e-12,5.4337e-05,0,1.7053e-12,2.85156e-13
eigen_elementwise,36,1,0,2,1e-12,5.6782e-05,0,1.36424e-12,3.2268e-13
eigen_elementwise,37,1,0,2,1e-12,5.9714e-05,0,1.08002e-12,2.73007e-13
eigen_elementwise,38,1,0,2,1e-12,6.1879e-05,0,1.59162e-12,3.08128e-13
eigen_elementwise,39,1,0,2,1e-12,6.6838e-05,0,1.81899e-12,3.52789e-13
eigen_elementwise,40,1,0,2,1e-12,6.5791e-05,0,1.47793e-12,3.19345e-13
eigen_elementwise,41,1,0,2,1e-12,6.9143e-05,0,6.82121e-13,2.1756e-13
eigen_elementwise,42,1,0,2,1e-12,7.2636e-05,0,2.50111e-12,3.08853e-13
eigen_elementwise,43,1,0,2,1e-12,7.6337e-05,0,1.7053e-12,2.86799e-13
eigen_elementwise,44,1,0,2,1e-12,7.7803e-05,0,1.81899e-12,3.70128e-13
eigen_elementwise,45,1,0,2,1e-12,8.5277e-05,0,1.25056e-12,3.04803e-13
eigen_elementwise,46,1,0,2,1e-12,8.7232e-05,0,2.27374e-12,3.96243e-13
eigen_elementwise,47,1,0,2,1e-12,9.3029e-05,1.42109e-14,2.84217e-12,4.0499e-13
eigen_elementwise,48,1,0,2,1e-12,9.4287e-05,0,2.04636e-12,3.94666e-13
eigen_elementwise,49,1,0,2,1e-12,0.000108604,0,2.95586e-12,4.01819e-13
eigen_elementwise,50,1,0,2,1e-12,0.000111398,0,1.36424e-12,2.94005e-13
eigen_elementwise,51,1,0,2,1e-12,0.000112585,0,3.52429e-12,5.06453e-13
eigen_elementwise,52,1,0,2,1e-12,0.000119499,0,2.72848e-12,3.83949e-13
eigen_elementwise,53,1,0,2,1e-12,0.000113982,0,3.29692e-12,3.69884e-13
eigen_elementwise,54,1,0,2,1e-12,0.00011894,0,2.50111e-12,4.27872e-13
eigen_elementwise,55,1,0,2,1e-12,0.000128858,0,2.6148e-12,4.04331e-13
eigen_elementwise,56,1,0,2,1e-12,0.000131722,0,2.50111e-12,3.81425e-13
eigen_elementwise,57,1,0,2,1e-12,0.000138705,0,3.06954e-12,5.16546e-13
eigen_elementwise,58,1,0,2,1e-12,0.000144083,0,2.95586e-12,3.85531e-13
eigen_elementwise,59,1,0,2,1e-12,0.000189201,0,2.6148e-12,4.79737e-13
eigen_elementwise,60,1,0,2,1e-12,0.000176699,0,3.06954e-12,4.5232e-13
eigen_elementwise,61,1,0,2,1e-12,0.000169296,0,2.6148e-12,4.24549e-13
eigen_elementwise,62,1,0,2,1e-12,0.000161823,0,2.27374e-12,4.19106e-13
eigen_elementwise,63,1,0,2,1e-12,0.00016776,0,2.16005e-12,4.01851e-13
eigen_elementwise,64,1,0,2,1e-12,0.00017195,0,2.04636e-12,4.42368e-13
eigen_elementwise,65,1,0,2,1e-12,0.000173068,0,1.81899e-12,2.93085e-13
eigen_elementwise,66,1,0,2,1e-12,0.000188083,0,2.50111e-12,4.50616e-13
eigen_elementwise,67,1,0,2,1e-12,0.00018962,0,3.52429e-12,4.37434e-13
eigen_elementwise,68,1,0,2,1e-12,0.000195138,0,1.7053e-12,3.30651e-13
eigen_elementwise,69,1,0,2,1e-12,0.000196255,0,3.52429e-12,4.82551e-13
eigen_elementwise,70,1,0,2,1e-12,0.000204705,0,3.52429e-12,4.03867e-13
eigen_elementwise,71,1,0,2,1e-12,0.000214344,0,3.41061e-12,5.68372e-13
eigen_elementwise,72,1,0,2,1e-12,0.000212248,0,2.72848e-12,4.7087e-13
eigen_elementwise,73,1,0,2,1e-12,0.000225728,0,3.86535e-12,5.79445e-13
eigen_elementwise,74,1,0,2,1e-12,0.000227055,0,2.95586e-12,4.53919e-13
eigen_elementwise,75,1,0,2,1e-12,0.000243817,0,2.50111e-12,3.80117e-13
eigen_elementwise,76,1,0,2,1e-12,0.000235645,0,2.95586e-12,4.75035e-13
eigen_elementwise,77,1,0,2,1e-12,0.000248985,0,4.3201e-12,5.19896e-13
eigen_elementwise,78,1,0,2,1e-12,0.000252896,0,3.29692e-12,5.38988e-13
eigen_elementwise,79,1,0,2,1e-12,0.000256668,0,2.04636e-12,4.21795e-13
eigen_elementwise,80,1,0,2,1e-12,0.000267074,0,2.84217e-12,4.62097e-13
eigen_elementwise,81,1,0,2,1e-12,0.000266795,2.04281e-14,2.6148e-12,5.68555e-13
eigen_elementwise,82,1,0,2,1e-12,0.000275455,0,1.81899e-12,4.31882e-13
eigen_elementwise,83,1,0,2,1e-12,0.000291029,0,4.20641e-12,4.48519e-13
eigen_elementwise,84,1,0,2,1e-12,0.000296268,0,3.06954e-12,5.97015e-13
eigen_elementwise,85,1,0,2,1e-12,0.000286281,0,2.50111e-12,4.84841e-13
eigen_elementwise,86,1,0,2,1e-12,0.00029997,0,2.38742e-12,4.65189e-13
eigen_elementwise,87,1,0,2,1e-12,0.000308979,0,2.50111e-12,4.60127e-13
eigen_elementwise,88,1,0,2,1e-12,0.000315614,0,3.86535e-12,5.68232e-13
eigen_elementwise,89,1,0,2,1e-12,0.000315824,0,2.27374e-12,4.23581e-13
eigen_elementwise,90,1,0,2,1e-12,0.000332445,0,3.63798e-12,4.88094e-13
eigen_elementwise,91,1,0,2,1e-12,0.000339709,0,2.84217e-12,5.00796e-13
eigen_elementwise,92,1,0,2,1e-12,0.000341246,0,2.84217e-12,4.30564e-13
eigen_elementwise,93,1,0,2,1e-12,0.000349208,0,2.27374e-12,4.26402e-13
eigen_elementwise,94,1,0,2,1e-12,0.000362897,0,4.3201e-12,5.11629e-13
eigen_elementwise,95,1,0,2,1e-12,0.000366808,0,2.84217e-12,4.74661e-13
eigen_elementwise,96,1,0,2,1e-12,0.000368065,0,2.72848e-12,4.09756e-13
eigen_elementwise,97,1,0,2,1e-12,0.000384338,0,2.84217e-12,5.2766e-13
eigen_elementwise,98,1,0,2,1e-12,0.000385595,0,3.06954e-12,5.54423e-13
eigen_elementwise,99,1,0,2,1e-12,0.00038769,0,3.86535e-12,5.49101e-13
eigen_elementwise,100,1,0,2,1e-12,0.000397817,0,3.41061e-12,5.28928e-13
eigen_elementwise,101,1,0,2,1e-12,0.00040578,0,4.20641e-12,6.12861e-13
eigen_elementwise,102,1,0,2,1e-12,0.000417792,0,5.11591e-12,7.42622e-13
eigen_elementwise,103,1,0,2,1e-12,0.000443145,0,4.3201e-12,5.40711e-13
eigen_elementwise,104,1,0,2,1e-12,0.000442167,0,3.52429e-12,4.9843e-13
eigen_elementwise,105,1,0,2,1e-12,0.000434415,0,5.45697e-12,5.68189e-13
eigen_elementwise,106,1,0,2,1e-12,0.000443075,0,3.41061e-12,4.61166e-13
eigen_elementwise,107,1,0,2,1e-12,0.000456763,0,5.00222e-12,6.62581e-13
eigen_elementwise,108,1,0,2,1e-12,0.000455925,0,2.95586e-12,5.178e-13
eigen_elementwise,109,1,0,2,1e-12,0.000469893,0,5.68434e-12,6.81412e-13
eigen_elementwise,110,1,0,2,1e-12,0.000473316,0,4.09273e-12,6.00142e-13
eigen_elementwise,111,1,0,2,1e-12,0.000487075,0,3.52429e-12,5.52547e-13
eigen_elementwise,112,1,0,2,1e-12,0.000501043,0,3.18323e-12,4.83577e-13
eigen_elementwise,113,1,0,2,1e-12,0.00049825,0,3.63798e-12,5.32758e-13
eigen_elementwise,114,1,0,2,1e-12,0.000508097,0,2.6148e-12,4.50762e-13
eigen_elementwise,115,1,0,2,1e-12,0.00052018,0,2.95586e-12,4.65093e-13
eigen_elementwise,116,1,0,2,1e-12,0.000526465,0,2.6148e-12,5.38133e-13
eigen_elementwise,117,1,0,2,1e-12,0.000536802,0,3.75167e-12,6.50226e-13
eigen_elementwise,118,1,0,2,1e-12,0.000547138,0,4.20641e-12,5.99806e-13
eigen_elementwise,119,1,0,2,1e-12,0.000561177,0,2.72848e-12,4.90136e-13
eigen_elementwise,120,1,0,2,1e-12,0.000563412,0,4.88853e-12,5.05673e-13
eigen_elementwise,121,1,0,2,1e-12,0.000568789,0,3.41061e-12,5.70431e-13
eigen_elementwise,122,1,0,2,1e-12,0.000584155,0,4.09273e-12,5.98083e-13
eigen_elementwise,123,1,0,2,1e-12,0.000585761,0,4.43379e-12,6.07922e-13
eigen_elementwise,124,1,0,2,1e-12,0.00061237,0,3.86535e-12,5.03296e-13
eigen_elementwise,125,1,0,2,1e-12,0.00061726,0,3.52429e-12,5.96813e-13
eigen_elementwise,126,1,0,2,1e-12,0.000616491,0,3.75167e-12,4.45524e-13
eigen_elementwise,127,1,0,2,1e-12,0.000633044,0,3.18323e-12,6.53542e-13
eigen_elementwise,128,1,0,2,1e-12,0.000649806,0,4.66116e-12,6.9179e-13
eigen_elementwise,129,1,0,2,1e-12,0.000672294,0,6.48015e-12,5.59039e-13
eigen_elementwise,130,1,0,2,1e-12,0.00066992,0,5.00222e-12,5.53557e-13
eigen_elementwise,131,1,0,2,1e-12,0.000679628,0,3.63798e-12,5.73319e-13
eigen_elementwise,132,1,0,2,1e-12,0.000685006,0,3.63798e-12,5.58816e-13
eigen_elementwise,133,1,0,2,1e-12,0.000702466,0,2.72848e-12,5.72064e-13
eigen_elementwise,134,1,0,2,1e-12,0.000720974,0,4.43379e-12,5.72643e-13
eigen_elementwise,135,1,0,2,1e-12,0.00071853,0,4.66116e-12,6.37903e-13
eigen_elementwise,136,1,0,2,1e-12,0.000781597,0,3.06954e-12,5.94139e-13
eigen_elementwise,137,1,0,2,1e-12,0.000765463,0,3.97904e-12,6.28179e-13
eigen_elementwise,138,1,0,2,1e-12,0.000768326,0,5.79803e-12,6.82417e-13
eigen_elementwise,139,1,0,2,1e-12,0.000755057,0,4.20641e-12,5.67156e-13
eigen_elementwise,140,1,0,2,1e-12,0.000786765,0,4.09273e-12,6.39473e-13
eigen_elementwise,141,1,0,2,1e-12,0.000781876,0,4.88853e-12,6.33744e-13
eigen_elementwise,142,1,0,2,1e-12,0.000796263,0,3.97904e-12,5.29214e-13
eigen_elementwise,143,1,0,2,1e-12,0.000805832,0,4.77485e-12,7.4062e-13
eigen_elementwise,144,1,0,2,1e-12,0.000856187,0,3.86535e-12,5.52219e-13
eigen_elementwise,145,1,0,2,1e-12,0.00083726,0,4.66116e-12,6.44076e-13
eigen_elementwise,146,1,0,2,1e-12,0.000832441,0,2.95586e-12,5.4157e-13
eigen_elementwise,147,1,0,2,1e-12,0.000888524,0,2.6148e-12,5.04902e-13
eigen_elementwise,148,1,0,2,1e-12,0.000859609,0,3.18323e-12,5.98593e-13
eigen_elementwise,149,1,0,2,1e-12,0.00089041,0,3.97904e-12,6.12313e-13
eigen_elementwise,150,1,0,2,1e-12,0.000879026,0,4.54747e-12,5.67753e-13
eigen_elementwise,151,1,0,2,1e-12,0.0009078,0,5.57066e-12,6.18016e-13
eigen_elementwise,152,1,0,2,1e-12,0.000962486,0,6.0254e-12,6.53626e-13
eigen_elementwise,153,1,0,2,1e-12,0.000915833,0,5.22959e-12,7.50711e-13
eigen_elementwise,154,1,0,2,1e-12,0.000924702,0,4.3201e-12,6.00593e-13
eigen_elementwise,155,1,0,2,1e-12,0.000934899,0,3.97904e-12,6.39408e-13
eigen_elementwise,156,1,0,2,1e-12,0.000964163,0,6.48015e-12,7.06552e-13
eigen_elementwise,157,1,0,2,1e-12,0.000980575,0,2.6148e-12,5.16563e-13
eigen_elementwise,158,1,0,2,1e-12,0.000979877,0,3.63798e-12,6.47083e-13
eigen_elementwise,159,1,0,2,1e-12,0.000997407,0,6.25278e-12,6.63313e-13
eigen_elementwise,160,1,0,2,1e-12,0.00104602,0,4.66116e-12,6.41354e-13
eigen_elementwise,161,1,0,2,1e-12,0.000997686,0,3.52429e-12,5.5122e-13
eigen_elementwise,162,1,0,2,1e-12,0.00103798,0,3.86535e-12,6.02651e-13
eigen_elementwise,163,1,0,2,1e-12,0.00102499,0,7.27596e-12,6.59963e-13
eigen_elementwise,164,1,0,2,1e-12,0.00105063,0,4.43379e-12,6.05443e-13
eigen_elementwise,165,1,0,2,1e-12,0.00108604,0,3.75167e-12,6.12388e-13
eigen_elementwise,166,1,0,2,1e-12,0.00105985,0,3.63798e-12,5.42022e-13
eigen_elementwise,167,1,0,2,1e-12,0.00110049,0,3.97904e-12,5.94556e-13
eigen_elementwise,168,1,0,2,1e-12,0.00116126,0,4.3201e-12,6.62951e-13
eigen_elementwise,169,1,0,2,1e-12,0.00110971,0,5.22959e-12,6.55872e-13
eigen_elementwise,170,1,0,2,1e-12,0.00116649,0,5.45697e-12,6.16477e-13
eigen_elementwise,171,1,0,2,1e-12,0.00114247,0,6.70752e-12,6.12978e-13
eigen_elementwise,172,1,0,2,1e-12,0.00113339,0,6.13909e-12,5.67843e-13
eigen_elementwise,173,1,0,2,1e-12,0.0011901,0,5.22959e-12,6.63346e-13
eigen_elementwise,174,1,0,2,1e-12,0.00120833,0,4.20641e-12,7.42101e-13
eigen_elementwise,175,1,0,2,1e-12,0.00118703,0,6.70752e-12,6.08019e-13
eigen_elementwise,176,1,0,2,1e-12,0.00126267,0,3.18323e-12,6.30897e-13
eigen_elementwise,177,1,0,2,1e-12,0.00131169,0,4.43379e-12,6.7417e-13
eigen_elementwise,178,1,0,2,1e-12,0.00121943,0,4.54747e-12,6.12559e-13
eigen_elementwise,179,1,0,2,1e-12,0.00129877,0,3.97904e-12,6.20817e-13
eigen_elementwise,180,1,0,2,1e-12,0.00135039,0,6.36646e-12,6.18291e-13
eigen_elementwise,181,1,0,2,1e-12,0.00126092,0,5.00222e-12,6.33786e-13
eigen_elementwise,182,1,0,2,1e-12,0.0013543,0,7.50333e-12,6.61795e-13
eigen_elementwise,183,1,0,2,1e-12,0.00137343,0,4.54747e-12,6.16134e-13
eigen_elementwise,184,1,0,2,1e-12,0.00140326,0,4.20641e-12,6.42761e-13
eigen_elementwise,185,1,0,2,1e-12,0.00130366,0,4.54747e-12,5.89815e-13
eigen_elementwise,186,1,0,2,1e-12,0.00139983,0,5.45697e-12,6.47809e-13
eigen_elementwise,187,1,0,2,1e-12,0.00137714,0,5.45697e-12,7.03053e-13
eigen_elementwise,188,1,0,2,1e-12,0.00140298,0,3.41061e-12,6.15531e-13
eigen_elementwise,189,1,0,2,1e-12,0.00138426,0,3.86535e-12,6.58652e-13
eigen_elementwise,190,1,0,2,1e-12,0.00147876,0,4.77485e-12,6.4873e-13
eigen_elementwise,191,1,0,2,1e-12,0.00149468,0,4.09273e-12,7.43236e-13
eigen_elementwise,192,1,0,2,1e-12,0.0015282,0,5.68434e-12,6.95437e-13
eigen_elementwise,193,1,0,2,1e-12,0.0014386,0,3.41061e-12,6.52926e-13
eigen_elementwise,194,1,0,2,1e-12,0.00149363,0,6.13909e-12,6.51619e-13
eigen_elementwise,195,1,0,2,1e-12,0.0015414,0,5.79803e-12,6.79737e-13
eigen_elementwise,196,1,0,2,1e-12,0.00157199,0,5.34328e-12,6.64011e-13
eigen_elementwise,197,1,0,2,1e-12,0.00151312,0,4.77485e-12,7.11735e-13
eigen_elementwise,198,1,0,2,1e-12,0.00158903,0,6.59384e-12,7.6218e-13
eigen_elementwise,199,1,0,2,1e-12,0.00159993,0,5.79803e-12,7.61153e-13
eigen_elementwise,200,1,0,2,1e-12,0.00164903,0,3.75167e-12,6.71765e-13
eigen_elementwise,201,1,0,2,1e-12,0.00154147,0,4.77485e-12,7.11848e-13
eigen_elementwise,202,1,0,2,1e-12,0.00164616,0,5.68434e-12,7.16006e-13
eigen_elementwise,203,1,0,2,1e-12,0.00162752,0,4.88853e-12,6.26555e-13
eigen_elementwise,204,1,0,2,1e-12,0.0016593,0,7.16227e-12,6.46307e-13
eigen_elementwise,205,1,0,2,1e-12,0.00168116,0,5.68434e-12,7.37433e-13
eigen_elementwise,206,1,0,2,1e-12,0.00163569,0,6.70752e-12,6.84337e-13
eigen_elementwise,207,1,0,2,1e-12,0.00172592,0,5.22959e-12,6.38446e-13
eigen_elementwise,208,1,0,2,1e-12,0.00180799,0,6.59384e-12,6.66582e-13
eigen_elementwise,209,1,0,2,1e-12,0.00173284,0,5.11591e-12,6.63036e-13
eigen_elementwise,210,1,0,2,1e-12,0.0017848,0,6.36646e-12,7.20357e-13
eigen_elementwise,211,1,0,2,1e-12,0.00171084,0,4.09273e-12,6.78421e-13
eigen_elementwise,212,1,0,2,1e-12,0.00180003,0,5.22959e-12,7.25776e-13
eigen_elementwise,213,1,0,2,1e-12,0.00181679,0,4.54747e-12,7.55354e-13
eigen_elementwise,214,1,0,2,1e-12,0.0018265,0,5.45697e-12,7.30438e-13
eigen_elementwise,215,1,0,2,1e-12,0.00186798,0,5.79803e-12,6.90158e-13
eigen_elementwise,216,1,0,2,1e-12,0.00195081,0,6.70752e-12,6.3933e-13
eigen_elementwise,217,1,0,2,1e-12,0.00179723,0,8.6402e-12,6.88232e-13
eigen_elementwise,218,1,0,2,1e-12,0.0018925,0,3.97904e-12,7.41185e-13
eigen_elementwise,219,1,0,2,1e-12,0.00192218,0,7.7307e-12,6.37236e-13
eigen_elementwise,220,1,0,2,1e-12,0.0019608,0,7.04858e-12,7.52937e-13
eigen_elementwise,221,1,0,2,1e-12,0.00192246,0,4.3201e-12,6.84558e-13
eigen_elementwise,222,1,0,2,1e-12,0.00202275,0,5.91172e-12,6.78764e-13
eigen_elementwise,223,1,0,2,1e-12,0.00201472,0,6.25278e-12,6.40211e-13
eigen_elementwise,224,1,0,2,1e-12,0.00207234,0,5.22959e-12,6.86732e-13
eigen_elementwise,225,1,0,2,1e-12,0.00194376,0,8.6402e-12,7.74294e-13
eigen_elementwise,226,1,0,2,1e-12,0.00206996,0,5.00222e-12,7.35661e-13
eigen_elementwise,227,1,0,2,1e-12,0.00208484,0,4.66116e-12,8.25308e-13
eigen_elementwise,228,1,0,2,1e-12,0.00210286,0,5.45697e-12,7.06254e-13
eigen_elementwise,229,1,0,2,1e-12,0.00211396,0,5.68434e-12,7.15645e-13
eigen_elementwise,230,1,0,2,1e-12,0.00212968,0,5.45697e-12,6.69248e-13
eigen_elementwise,231,1,0,2,1e-12,0.00215433,0,5.00222e-12,6.83567e-13
eigen_elementwise,232,1,0,2,1e-12,0.00222606,0,7.16227e-12,7.9313e-13
eigen_elementwise,233,1,0,2,1e-12,0.00215363,0,5.22959e-12,7.24847e-13
eigen_elementwise,234,1,0,2,1e-12,0.00209448,0,6.25278e-12,6.45998e-13
eigen_elementwise,235,1,0,2,1e-12,0.00221565,0,5.11591e-12,6.8327e-13
eigen_elementwise,236,1,0,2,1e-12,0.0022357,0,4.43379e-12,7.5056e-13
eigen_elementwise,237,1,0,2,1e-12,0.00226706,0,9.77707e-12,7.50507e-13
eigen_elementwise,238,1,0,2,1e-12,0.00227083,0,5.11591e-12,6.44967e-13
eigen_elementwise,239,1,0,2,1e-12,0.00230917,0,1.1255e-11,9.19283e-13
eigen_elementwise,240,1,0,2,1e-12,0.00235785,0,3.63798e-12,5.88929e-13
eigen_elementwise,241,1,0,2,1e-12,0.00233843,0,5.91172e-12,7.49954e-13
eigen_elementwise,242,1,0,2,1e-12,0.00232775,0,4.54747e-12,5.95254e-13
eigen_elementwise,243,1,0,2,1e-12,0.00238781,0,6.25278e-12,6.53623e-13
eigen_elementwise,244,1,0,2,1e-12,0.00243635,0,6.0254e-12,7.48077e-13
eigen_elementwise,245,1,0,2,1e-12,0.00241491,0,8.29914e-12,7.62148e-13
eigen_elementwise,246,1,0,2,1e-12,0.00243572,0,6.0254e-12,6.83872e-13
eigen_elementwise,247,1,0,2,1e-12,0.00247854,0,6.13909e-12,7.79224e-13
eigen_elementwise,248,1,0,2,1e-12,0.00253015,0,8.98126e-12,8.99635e-13
eigen_elementwise,249,1,0,2,1e-12,0.00250612,0,6.9349e-12,7.67855e-13
eigen_elementwise,250,1,0,2,1e-12,0.00249746,0,1.04592e-11,7.79044e-13
eigen_elementwise,251,1,0,2,1e-12,0.00250466,0,6.0254e-12,7.33082e-13
eigen_elementwise,252,1,0,2,1e-12,0.0025613,0,6.70752e-12,7.38402e-13
eigen_elementwise,253,1,0,2,1e-12,0.00258148,0,6.48015e-12,7.35835e-13
eigen_elementwise,254,1,0,2,1e-12,0.0026111,0,5.11591e-12,6.98991e-13
eigen_elementwise,255,1,0,2,1e-12,0.00267172,0,7.7307e-12,8.32279e-13
eigen_elementwise,256,1,0,2,1e-12,0.00270468,0,1.01181e-11,7.72311e-13
eigen_elementwise,257,1,0,2,1e-12,0.00266431,0,4.54747e-12,6.60829e-13
eigen_elementwise,258,1,0,2,1e-12,0.00250298,0,6.0254e-12,7.13386e-13
eigen_elementwise,259,1,0,2,1e-12,0.00264232,0,5.91172e-12,6.27862e-13
eigen_elementwise,260,1,0,2,1e-12,0.00266669,0,8.41283e-12,8.21104e-13
eigen_elementwise,261,1,0,2,1e-12,0.00272459,0,6.48015e-12,8.96798e-13
eigen_elementwise,262,1,0,2,1e-12,0.0026977,0,4.20641e-12,6.91749e-13
eigen_elementwise,263,1,0,2,1e-12,0.00273793,0,6.9349e-12,8.51312e-13
eigen_elementwise,264,1,0,2,1e-12,0.00275434,0,5.57066e-12,7.17961e-13
eigen_elementwise,265,1,0,2,1e-12,0.00277348,0,6.13909e-12,7.22354e-13
eigen_elementwise,266,1,0,2,1e-12,0.0028253,0,5.57066e-12,7.2768e-13
eigen_elementwise,267,1,0,2,1e-12,0.0028276,0,5.34328e-12,7.34356e-13
eigen_elementwise,268,1,0,2,1e-12,0.00283089,0,7.7307e-12,7.40885e-13
eigen_elementwise,269,1,0,2,1e-12,0.00284793,0,6.13909e-12,7.36622e-13
eigen_elementwise,270,1,0,2,1e-12,0.00284018,0,4.77485e-12,7.24576e-13
eigen_elementwise,271,1,0,2,1e-12,0.00290855,0,6.36646e-12,7.12e-13
eigen_elementwise,272,1,0,2,1e-12,0.00295262,0,6.59384e-12,7.0837e-13
eigen_elementwise,273,1,0,2,1e-12,0.00297735,0,6.0254e-12,7.46921e-13
eigen_elementwise,274,1,0,2,1e-12,0.00293726,0,6.0254e-12,7.47726e-13
eigen_elementwise,275,1,0,2,1e-12,0.00298873,0,7.7307e-12,8.16519e-13
eigen_elementwise,276,1,0,2,1e-12,0.00299515,0,5.00222e-12,7.17383e-13
eigen_elementwise,277,1,0,2,1e-12,0.0030416,0,7.04858e-12,8.43008e-13
eigen_elementwise,278,1,0,2,1e-12,0.00311298,0,6.70752e-12,7.62255e-13
eigen_elementwise,279,1,0,2,1e-12,0.00311368,0,6.48015e-12,8.36492e-13
eigen_elementwise,280,1,0,2,1e-12,0.0032352,0,7.04858e-12,8.18204e-13
eigen_elementwise,281,1,0,2,1e-12,0.00314531,0,4.54747e-12,6.32663e-13
eigen_elementwise,282,1,0,2,1e-12,0.0032271,0,6.82121e-12,7.59241e-13
eigen_elementwise,283,1,0,2,1e-12,0.0031993,0,5.34328e-12,8.10122e-13
eigen_elementwise,284,1,0,2,1e-12,0.00322584,0,7.95808e-12,7.72343e-13
eigen_elementwise,285,1,0,2,1e-12,0.00330071,0,9.43601e-12,7.95512e-13
eigen_elementwise,286,1,0,2,1e-12,0.00329631,0,7.95808e-12,6.86345e-13
eigen_elementwise,287,1,0,2,1e-12,0.00334338,0,7.61702e-12,7.43152e-13
eigen_elementwise,288,1,0,2,1e-12,0.0033334,0,6.9349e-12,7.97021e-13
eigen_elementwise,289,1,0,2,1e-12,0.00330092,0,6.59384e-12,6.69537e-13
eigen_elementwise,290,1,0,2,1e-12,0.00337677,0,7.95808e-12,7.88419e-13
eigen_elementwise,291,1,0,2,1e-12,0.0033408,0,7.38964e-12,7.32163e-13
eigen_elementwise,292,1,0,2,1e-12,0.00335686,0,5.00222e-12,7.18431e-13
eigen_elementwise,293,1,0,2,1e-12,0.00343837,0,7.50333e-12,7.41693e-13
eigen_elementwise,294,1,0,2,1e-12,0.00341281,0,6.0254e-12,7.50877e-13
eigen_elementwise,295,1,0,2,1e-12,0.00346749,0,6.36646e-12,7.20403e-13
eigen_elementwise,296,1,0,2,1e-12,0.00350381,0,7.7307e-12,8.69008e-13
eigen_elementwise,297,1,0,2,1e-12,0.00346889,0,4.54747e-12,6.96927e-13
eigen_elementwise,298,1,0,2,1e-12,0.00352993,0,5.34328e-12,7.93508e-13
eigen_elementwise,299,1,0,2,1e-12,0.00354236,0,7.84439e-12,7.34906e-13
eigen_elementwise,300,1,0,2,1e-12,0.00357295,0,5.57066e-12,7.57278e-13
eigen_elementwise,301,1,0,2,1e-12,0.00363281,0,7.27596e-12,8.48677e-13
eigen_elementwise,302,1,0,2,1e-12,0.00360634,0,8.86757e-12,7.20074e-13
eigen_elementwise,303,1,0,2,1e-12,0.0036694,0,8.07177e-12,8.31138e-13
eigen_elementwise,304,1,0,2,1e-12,0.00366808,0,5.45697e-12,7.28659e-13
eigen_elementwise,305,1,0,2,1e-12,0.00366584,0,1.02318e-11,7.71649e-13
eigen_elementwise,306,1,0,2,1e-12,0.00375419,0,7.38964e-12,8.54126e-13
eigen_elementwise,307,1,0,2,1e-12,0.00376069,0,7.84439e-12,7.77428e-13
eigen_elementwise,308,1,0,2,1e-12,0.00370852,0,5.45697e-12,7.62879e-13
eigen_elementwise,309,1,0,2,1e-12,0.00374525,0,6.36646e-12,7.89692e-13
eigen_elementwise,310,1,0,2,1e-12,0.0037625,0,6.13909e-12,7.37826e-13
eigen_elementwise,311,1,0,2,1e-12,0.00386594,0,5.57066e-12,7.69943e-13
eigen_elementwise,312,1,0,2,1e-12,0.00387146,0,7.27596e-12,9.00574e-13
eigen_elementwise,313,1,0,2,1e-12,0.00391664,0,6.0254e-12,7.26787e-13
eigen_elementwise,314,1,0,2,1e-12,0.00392782,0,5.68434e-12,6.56359e-13
eigen_elementwise,315,1,0,2,1e-12,0.0039429,0,5.91172e-12,7.64413e-13
eigen_elementwise,316,1,0,2,1e-12,0.00397782,0,6.59384e-12,7.81645e-13
eigen_elementwise,317,1,0,2,1e-12,0.00398732,0,6.36646e-12,8.90882e-13
eigen_elementwise,318,1,0,2,1e-12,0.00400995,0,5.57066e-12,7.64071e-13
eigen_elementwise,319,1,0,2,1e-12,0.00406729,0,5.79803e-12,7.00251e-13
eigen_elementwise,320,1,0,2,1e-12,0.00404795,0,7.27596e-12,8.30948e-13
eigen_elementwise,321,1,0,2,1e-12,0.00405165,0,7.04858e-12,8.2085e-13
eigen_elementwise,322,1,0,2,1e-12,0.00408915,0,9.66338e-12,8.3688e-13
eigen_elementwise,323,1,0,2,1e-12,0.00409244,0,7.04858e-12,8.04047e-13
eigen_elementwise,324,1,0,2,1e-12,0.00422262,0,7.61702e-12,8.63659e-13
eigen_elementwise,325,1,0,2,1e-12,0.00418113,0,7.38964e-12,7.96792e-13
eigen_elementwise,326,1,0,2,1e-12,0.00417883,0,5.68434e-12,6.42227e-13
eigen_elementwise,327,1,0,2,1e-12,0.00425314,0,5.57066e-12,7.34003e-13
eigen_elementwise,328,1,0,2,1e-12,0.00434449,0,5.11591e-12,7.31088e-13
eigen_elementwise,329,1,0,2,1e-12,0.00425174,0,7.27596e-12,7.21916e-13
eigen_elementwise,330,1,0,2,1e-12,0.00433374,0,8.07177e-12,8.97786e-13
eigen_elementwise,331,1,0,2,1e-12,0.004379,0,5.91172e-12,7.89518e-13
eigen_elementwise,332,1,0,2,1e-12,0.00435197,0,5.45697e-12,7.17765e-13
eigen_elementwise,333,1,0,2,1e-12,0.00431034,0,6.13909e-12,8.43849e-13
eigen_elementwise,334,1,0,2,1e-12,0.00436971,0,4.20641e-12,7.69741e-13
eigen_elementwise,335,1,0,2,1e-12,0.00446986,0,7.38964e-12,8.15518e-13
eigen_elementwise,336,1,0,2,1e-12,0.00441818,0,5.68434e-12,8.05905e-13
eigen_elementwise,337,1,0,2,1e-12,0.00448215,0,7.16227e-12,7.67596e-13
eigen_elementwise,338,1,0,2,1e-12,0.00450352,0,6.0254e-12,7.92778e-13
eigen_elementwise,339,1,0,2,1e-12,0.00455814,0,6.48015e-12,7.86253e-13
eigen_elementwise,340,1,0,2,1e-12,0.00461841,0,6.9349e-12,7.82663e-13
eigen_elementwise,341,1,0,2,1e-12,0.00461988,0,7.04858e-12,7.6227e-13
eigen_elementwise,342,1,0,2,1e-12,0.00465836,0,6.36646e-12,7.82635e-13
eigen_elementwise,343,1,0,2,1e-12,0.00462805,0,1.06866e-11,8.25238e-13
eigen_elementwise,344,1,0,2,1e-12,0.00462756,0,6.25278e-12,7.5776e-13
eigen_elementwise,345,1,0,2,1e-12,0.00470041,0,7.04858e-12,8.13612e-13
eigen_elementwise,346,1,0,2,1e-12,0.00473288,0,6.70752e-12,8.03616e-13
eigen_elementwise,347,1,0,2,1e-12,0.0047428,0,5.22959e-12,7.7098e-13
eigen_elementwise,348,1,0,2,1e-12,0.00479288,0,7.84439e-12,8.58889e-13
eigen_elementwise,349,1,0,2,1e-12,0.00481879,0,6.25278e-12,8.58218e-13
eigen_elementwise,350,1,0,2,1e-12,0.00482584,0,7.04858e-12,8.70317e-13
eigen_elementwise,351,1,0,2,1e-12,0.00490448,0,7.95808e-12,8.1066e-13
eigen_elementwise,352,1,0,2,1e-12,0.0049086,0,1.01181e-11,8.30255e-13
eigen_elementwise,353,1,0,2,1e-12,0.00495617,0,7.50333e-12,8.45457e-13
eigen_elementwise,354,1,0,2,1e-12,0.00496154,0,7.7307e-12,7.92673e-13
eigen_elementwise,355,1,0,2,1e-12,0.00494569,0,1.03455e-11,7.60599e-13
eigen_elementwise,356,1,0,2,1e-12,0.00504738,0,1.04592e-11,8.26047e-13
eigen_elementwise,357,1,0,2,1e-12,0.00503585,0,6.25278e-12,8.55833e-13
eigen_elementwise,358,1,0,2,1e-12,0.00503816,0,8.98126e-12,7.72758e-13
eigen_elementwise,359,1,0,2,1e-12,0.00506812,0,7.84439e-12,7.53147e-13
eigen_elementwise,360,1,0,2,1e-12,0.00516101,0,6.13909e-12,7.56763e-13
eigen_elementwise,361,1,0,2,1e-12,0.00514348,0,6.82121e-12,8.30539e-13
eigen_elementwise,362,1,0,2,1e-12,0.00514998,0,5.22959e-12,8.29061e-13
eigen_elementwise,363,1,0,2,1e-12,0.005196,0,1.15961e-11,8.15331e-13
eigen_elementwise,364,1,0,2,1e-12,0.0051974,0,6.9349e-12,9.08113e-13
eigen_elementwise,365,1,0,2,1e-12,0.00522038,0,7.50333e-12,8.12517e-13
eigen_elementwise,366,1,0,2,1e-12,0.00530335,0,5.79803e-12,8.28114e-13
eigen_elementwise,367,1,0,2,1e-12,0.0052993,0,6.13909e-12,7.35585e-13
eigen_elementwise,368,1,0,2,1e-12,0.00536055,0,8.41283e-12,8.62326e-13
eigen_elementwise,369,1,0,2,1e-12,0.00541237,0,7.95808e-12,7.86728e-13
eigen_elementwise,370,1,0,2,1e-12,0.00547264,0,7.27596e-12,9.21958e-13
eigen_elementwise,371,1,0,2,1e-12,0.00537479,0,7.50333e-12,8.3228e-13
eigen_elementwise,372,1,0,2,1e-12,0.00545476,0,5.22959e-12,7.31293e-13
eigen_elementwise,373,1,0,2,1e-12,0.00548179,0,1.01181e-11,9.49316e-13
eigen_elementwise,374,1,0,2,1e-12,0.00552607,0,8.18545e-12,8.04798e-13
eigen_elementwise,375,1,0,2,1e-12,0.00557496,0,7.27596e-12,7.18005e-13
eigen_elementwise,376,1,0,2,1e-12,0.00564208,0,6.48015e-12,8.67788e-13
eigen_elementwise,377,1,0,2,1e-12,0.0057078,0,9.09495e-12,8.34425e-13
eigen_elementwise,378,1,0,2,1e-12,0.00566191,0,7.50333e-12,8.35439e-13
eigen_elementwise,379,1,0,2,1e-12,0.0057189,0,5.91172e-12,8.84971e-13
eigen_elementwise,380,1,0,2,1e-12,0.00566254,0,6.59384e-12,7.8595e-13
eigen_elementwise,381,1,0,2,1e-12,0.00578595,0,1.04592e-11,8.84446e-13
eigen_elementwise,382,1,0,2,1e-12,0.00573643,0,7.61702e-12,8.85285e-13
eigen_elementwise,383,1,0,2,1e-12,0.00584336,0,9.77707e-12,8.97371e-13
eigen_elementwise,384,1,0,2,1e-12,0.00576067,0,6.59384e-12,8.84076e-13
eigen_elementwise,385,1,0,2,1e-12,0.00587242,0,7.16227e-12,8.2484e-13
eigen_elementwise,386,1,0,2,1e-12,0.00587584,0,7.27596e-12,8.20031e-13
eigen_elementwise,387,1,0,2,1e-12,0.00591893,0,1.06866e-11,8.20503e-13
eigen_elementwise,388,1,0,2,1e-12,0.00597243,0,7.95808e-12,7.75054e-13
eigen_elementwise,389,1,0,2,1e-12,0.00587444,0,6.59384e-12,7.69659e-13
eigen_elementwise,390,1,0,2,1e-12,0.00597732,0,8.86757e-12,8.31642e-13
eigen_elementwise,391,1,0,2,1e-12,0.00594456,0,1.08002e-11,7.90891e-13
eigen_elementwise,392,1,0,2,1e-12,0.00608802,0,6.9349e-12,9.32542e-13
eigen_elementwise,393,1,0,2,1e-12,0.00616233,0,7.04858e-12,8.45999e-13
eigen_elementwise,394,1,0,2,1e-12,0.00615255,0,6.13909e-12,9.90066e-13
eigen_elementwise,395,1,0,2,1e-12,0.0061411,0,9.09495e-12,8.18481e-13
eigen_elementwise,396,1,0,2,1e-12,0.00624788,0,7.16227e-12,8.95627e-13
eigen_elementwise,397,1,0,2,1e-12,0.00612399,0,8.6402e-12,9.02303e-13
eigen_elementwise,398,1,0,2,1e-12,0.00619278,0,6.82121e-12,8.84246e-13
eigen_elementwise,399,1,0,2,1e-12,0.00622519,0,6.36646e-12,8.10945e-13
eigen_elementwise,400,1,0,2,1e-12,0.00623671,0,1.05729e-11,8.39066e-13
eigen_elementwise,401,1,0,2,1e-12,0.00634566,0,1.10276e-11,7.40237e-13
eigen_elementwise,402,1,0,2,1e-12,0.00634308,0,8.29914e-12,8.55429e-13
eigen_elementwise,403,1,0,2,1e-12,0.00633994,0,6.82121e-12,8.08842e-13
eigen_elementwise,404,1,0,2,1e-12,0.0064528,0,8.29914e-12,8.18127e-13
eigen_elementwise,405,1,0,2,1e-12,0.00637954,0,7.38964e-12,7.87072e-13
eigen_elementwise,406,1,0,2,1e-12,0.00646167,0,8.98126e-12,8.40904e-13
eigen_elementwise,407,1,0,2,1e-12,0.0064785,0,1.36424e-11,8.22453e-13
eigen_elementwise,408,1,0,2,1e-12,0.00641851,0,7.38964e-12,7.67308e-13
eigen_elementwise,409,1,0,2,1e-12,0.00656238,0,6.13909e-12,7.56989e-13
eigen_elementwise,410,1,0,2,1e-12,0.00667888,0,6.82121e-12,8.5382e-13
eigen_elementwise,411,1,0,2,1e-12,0.00658641,0,9.09495e-12,8.37944e-13
eigen_elementwise,412,1,0,2,1e-12,0.00672099,0,7.16227e-12,8.8429e-13
eigen_elementwise,413,1,0,2,1e-12,0.0067367,0,8.29914e-12,9.57606e-13
eigen_elementwise,414,1,0,2,1e-12,0.00679887,0,7.95808e-12,8.86156e-13
eigen_elementwise,415,1,0,2,1e-12,0.00678594,0,7.04858e-12,8.78826e-13
eigen_elementwise,416,1,0,2,1e-12,0.00682652,0,1.21645e-11,9.09234e-13
eigen_elementwise,417,1,0,2,1e-12,0.00679586,0,7.50333e-12,8.06714e-13
eigen_elementwise,418,1,0,2,1e-12,0.00692186,0,7.38964e-12,9.01478e-13
eigen_elementwise,419,1,0,2,1e-12,0.00689748,0,8.52651e-12,9.08839e-13
eigen_elementwise,420,1,0,2,1e-12,0.00696683,0,8.86757e-12,9.09042e-13
eigen_elementwise,421,1,0,2,1e-12,0.00689029,0,7.7307e-12,8.42012e-13
eigen_elementwise,422,1,0,2,1e-12,0.00699037,0,9.89075e-12,8.85724e-13
eigen_elementwise,423,1,0,2,1e-12,0.00702431,0,6.13909e-12,8.52918e-13
eigen_elementwise,424,1,0,2,1e-12,0.00706035,0,1.02318e-11,8.6474e-13
eigen_elementwise,425,1,0,2,1e-12,0.00714681,0,6.0254e-12,8.93324e-13
eigen_elementwise,426,1,0,2,1e-12,0.00718285,0,8.29914e-12,8.40771e-13
eigen_elementwise,427,1,0,2,1e-12,0.00711504,0,8.98126e-12,8.43155e-13
eigen_elementwise,428,1,0,2,1e-12,0.00717328,0,5.34328e-12,8.21879e-13
eigen_elementwise,429,1,0,2,1e-12,0.00727211,0,6.48015e-12,7.62441e-13
eigen_elementwise,430,1,0,2,1e-12,0.00728636,0,6.70752e-12,7.51395e-13
eigen_elementwise,431,1,0,2,1e-12,0.00728796,0,9.89075e-12,8.75192e-13
eigen_elementwise,432,1,0,2,1e-12,0.00744308,0,6.82121e-12,8.11865e-13
eigen_elementwise,433,1,0,2,1e-12,0.00737101,0,1.02318e-11,8.46136e-13
eigen_elementwise,434,1,0,2,1e-12,0.00743463,0,7.95808e-12,9.0746e-13
eigen_elementwise,435,1,0,2,1e-12,0.00743303,0,7.84439e-12,9.12776e-13
eigen_elementwise,436,1,0,2,1e-12,0.0074412,0,8.07177e-12,8.36103e-13
eigen_elementwise,437,1,0,2,1e-12,0.00751977,0,8.86757e-12,8.10947e-13
eigen_elementwise,438,1,0,2,1e-12,0.00762865,0,7.50333e-12,8.00698e-13
eigen_elementwise,439,1,0,2,1e-12,0.00756433,0,8.6402e-12,8.88345e-13
eigen_elementwise,440,1,0,2,1e-12,0.0076619,0,1.18234e-11,8.81476e-13
eigen_elementwise,441,1,0,2,1e-12,0.00771162,0,9.43601e-12,8.27376e-13
eigen_elementwise,442,1,0,2,1e-12,0.00764108,0,7.50333e-12,8.31874e-13
eigen_elementwise,443,1,0,2,1e-12,0.00774913,0,5.57066e-12,7.32166e-13
eigen_elementwise,444,1,0,2,1e-12,0.00780898,0,9.43601e-12,8.30165e-13
eigen_elementwise,445,1,0,2,1e-12,0.00789258,0,7.38964e-12,8.17032e-13
eigen_elementwise,446,1,0,2,1e-12,0.0078606,0,9.43601e-12,9.12785e-13
eigen_elementwise,447,1,0,2,1e-12,0.0079891,0,1.19371e-11,8.99543e-13
eigen_elementwise,448,1,0,2,1e-12,0.00788162,0,8.75389e-12,9.0793e-13
eigen_elementwise,449,1,0,2,1e-12,0.00794573,0,7.04858e-12,8.4147e-13
eigen_elementwise,450,1,0,2,1e-12,0.00804344,0,9.89075e-12,8.89364e-13
eigen_elementwise,451,1,0,2,1e-12,0.00809477,0,8.75389e-12,8.92478e-13
eigen_elementwise,452,1,0,2,1e-12,0.00811559,0,6.36646e-12,9.79517e-13
eigen_elementwise,453,1,0,2,1e-12,0.00809603,0,9.54969e-12,9.08822e-13
eigen_elementwise,454,1,0,2,1e-12,0.00819716,0,1.06866e-11,8.26963e-13
eigen_elementwise,455,1,0,2,1e-12,0.0082397,0,6.82121e-12,1.00896e-12
eigen_elementwise,456,1,0,2,1e-12,0.00811363,0,7.84439e-12,7.57895e-13
eigen_elementwise,457,1,0,2,1e-12,0.00833901,0,8.07177e-12,8.36042e-13
eigen_elementwise,458,1,0,2,1e-12,0.00822747,0,9.09495e-12,8.77033e-13
eigen_elementwise,459,1,0,2,1e-12,0.00826931,0,8.41283e-12,9.35458e-13
eigen_elementwise,460,1,0,2,1e-12,0.00829305,0,1.01181e-11,8.88262e-13
eigen_elementwise,461,1,0,2,1e-12,0.00845558,0,8.29914e-12,8.6527e-13
eigen_elementwise,462,1,0,2,1e-12,0.00838462,0,9.32232e-12,9.24821e-13
eigen_elementwise,463,1,0,2,1e-12,0.00856942,0,7.95808e-12,9.25885e-13
eigen_elementwise,464,1,0,2,1e-12,0.00854001,0,8.18545e-12,8.41511e-13
eigen_elementwise,465,1,0,2,1e-12,0.00867844,0,1.17097e-11,8.72891e-13
eigen_elementwise,466,1,0,2,1e-12,0.00867229,0,1.05729e-11,8.96717e-13
eigen_elementwise,467,1,0,2,1e-12,0.00862697,0,8.18545e-12,8.90372e-13
eigen_elementwise,468,1,0,2,1e-12,0.00865365,0,9.32232e-12,7.96562e-13
eigen_elementwise,469,1,0,2,1e-12,0.00860636,0,1.47793e-11,7.99766e-13
eigen_elementwise,470,1,0,2,1e-12,0.00895403,0,1.13687e-11,8.56614e-13
eigen_elementwise,471,1,0,2,1e-12,0.0086204,0,8.52651e-12,8.75209e-13
eigen_elementwise,472,1,0,2,1e-12,0.00884913,0,9.89075e-12,8.93629e-13
eigen_elementwise,473,1,0,2,1e-12,0.00892086,0,9.89075e-12,8.86036e-13
eigen_elementwise,474,1,0,2,1e-12,0.00881631,0,7.27596e-12,8.7769e-13
eigen_elementwise,475,1,0,2,1e-12,0.00884802,0,1.04592e-11,9.2164e-13
eigen_elementwise,476,1,0,2,1e-12,0.00885591,0,8.98126e-12,8.84589e-13
eigen_elementwise,477,1,0,2,1e-12,0.009053,0,1.09139e-11,9.23299e-13
eigen_elementwise,478,1,0,2,1e-12,0.00899336,0,7.04858e-12,8.19518e-13
eigen_elementwise,479,1,0,2,1e-12,0.00909861,0,1.01181e-11,8.43202e-13
eigen_elementwise,480,1,0,2,1e-12,0.00902723,0,6.25278e-12,8.43702e-13
eigen_elementwise,481,1,0,2,1e-12,0.00913262,0,6.48015e-12,9.27618e-13
eigen_elementwise,482,1,0,2,1e-12,0.0091549,0,6.36646e-12,8.45348e-13
eigen_elementwise,483,1,0,2,1e-12,0.00910426,0,9.89075e-12,8.90417e-13
eigen_elementwise,484,1,0,2,1e-12,0.0091829,0,7.16227e-12,8.58605e-13
eigen_elementwise,485,1,0,2,1e-12,0.00929277,0,8.41283e-12,8.96001e-13
eigen_elementwise,486,1,0,2,1e-12,0.00927887,0,9.43601e-12,8.69023e-13
eigen_elementwise,487,1,0,2,1e-12,0.00929088,0,9.20863e-12,9.57547e-13
eigen_elementwise,488,1,0,2,1e-12,0.00935025,0,8.75389e-12,8.68411e-13
eigen_elementwise,489,1,0,2,1e-12,0.00945215,0,8.86757e-12,9.28663e-13
eigen_elementwise,490,1,0,2,1e-12,0.00943496,0,8.86757e-12,9.50186e-13
eigen_elementwise,491,1,0,2,1e-12,0.0094416,0,6.70752e-12,8.53554e-13
eigen_elementwise,492,1,0,2,1e-12,0.00960461,0,6.0254e-12,8.87741e-13
eigen_elementwise,493,1,0,2,1e-12,0.0095384,0,1.00044e-11,8.91084e-13
eigen_elementwise,494,1,0,2,1e-12,0.00951689,0,1.1255e-11,8.29503e-13
eigen_elementwise,495,1,0,2,1e-12,0.00966474,0,1.36424e-11,8.82776e-13
eigen_elementwise,496,1,0,2,1e-12,0.00967194,0,9.54969e-12,8.90064e-13
eigen_elementwise,497,1,0,2,1e-12,0.00963799,0,1.05729e-11,8.82218e-13
eigen_elementwise,498,1,0,2,1e-12,0.00998573,0,7.16227e-12,8.89741e-13
eigen_elementwise,499,1,0,2,1e-12,0.00977677,0,1.04592e-11,1.00242e-12
eigen_elementwise,500,1,0,2,1e-12,0.00974017,0,8.41283e-12,9.36073e-13
eigen_elementwise,501,1,0,2,1e-12,0.00977502,0,1.28466e-11,8.64129e-13
eigen_elementwise,502,1,0,2,1e-12,0.00991952,0,8.75389e-12,8.36281e-13
eigen_elementwise,503,1,0,2,1e-12,0.00997114,0,7.61702e-12,9.297e-13
eigen_elementwise,504,1,0,2,1e-12,0.00999914,0,1.53477e-11,9.35324e-13
eigen_elementwise,505,1,0,2,1e-12,0.00995074,0,1.01181e-11,9.6247e-13
eigen_elementwise,506,1,0,2,1e-12,0.0100818,0,6.70752e-12,8.94977e-13
eigen_elementwise,507,1,0,2,1e-12,0.010146,0,6.82121e-12,8.93066e-13
eigen_elementwise,508,1,0,2,1e-12,0.0102019,0,1.06866e-11,8.22383e-13
eigen_elementwise,509,1,0,2,1e-12,0.0102652,0,6.70752e-12,9.20008e-13
eigen_elementwise,510,1,0,2,1e-12,0.0102032,0,1.19371e-11,9.02391e-13
eigen_elementwise,511,1,0,2,1e-12,0.011353,0,1.04592e-11,9.20298e-13
eigen_elementwise,512,1,0,2,1e-12,0.0114164,0,7.27596e-12,8.88791e-13
eigen_elementwise,513,1,0,2,1e-12,0.0107904,0,9.54969e-12,9.48203e-13
eigen_elementwise,514,1,0,2,1e-12,0.0103931,0,8.98126e-12,9.01311e-13
eigen_elementwise,515,1,0,2,1e-12,0.0103094,0,1.20508e-11,9.21639e-13
eigen_elementwise,516,1,0,2,1e-12,0.0104537,0,8.86757e-12,8.65837e-13
eigen_elementwise,517,1,0,2,1e-12,0.0105032,0,1.08002e-11,9.12514e-13
eigen_elementwise,518,1,0,2,1e-12,0.0105562,0,8.29914e-12,9.43198e-13
eigen_elementwise,519,1,0,2,1e-12,0.010601,0,1.1255e-11,9.26824e-13
eigen_elementwise,520,1,0,2,1e-12,0.0106635,0,8.6402e-12,9.19351e-13
eigen_elementwise,521,1,0,2,1e-12,0.0106402,0,8.86757e-12,9.08679e-13
eigen_elementwise,522,1,0,2,1e-12,0.0106402,0,9.09495e-12,8.22997e-13
eigen_elementwise,523,1,0,2,1e-12,0.0106984,0,1.33014e-11,9.21756e-13
eigen_elementwise,524,1,0,2,1e-12,0.0109196,0,7.95808e-12,8.57591e-13
eigen_elementwise,525,1,0,2,1e-12,0.0109682,0,9.32232e-12,8.91205e-13
eigen_elementwise,526,1,0,2,1e-12,0.0109273,0,8.52651e-12,9.38966e-13
eigen_elementwise,527,1,0,2,1e-12,0.0109875,0,8.29914e-12,8.88392e-13
eigen_elementwise,528,1,0,2,1e-12,0.0109912,0,8.75389e-12,9.44681e-13
eigen_elementwise,529,1,0,2,1e-12,0.0110788,0,1.3415e-11,8.69457e-13
eigen_elementwise,530,1,0,2,1e-12,0.0111988,0,1.25056e-11,9.90387e-13
eigen_elementwise,531,1,0,2,1e-12,0.0112347,0,8.6402e-12,8.65186e-13
eigen_elementwise,532,1,0,2,1e-12,0.0113008,0,7.38964e-12,9.20792e-13
eigen_elementwise,533,1,0,2,1e-12,0.0113137,0,7.04858e-12,9.85026e-13
eigen_elementwise,534,1,0,2,1e-12,0.0112528,0,1.18234e-11,9.00682e-13
eigen_elementwise,535,1,0,2,1e-12,0.0114419,0,7.95808e-12,8.5899e-13
eigen_elementwise,536,1,0,2,1e-12,0.0113199,0,1.11413e-11,9.64814e-13
eigen_elementwise,537,1,0,2,1e-12,0.0114802,0,1.02318e-11,8.85475e-13
eigen_elementwise,538,1,0,2,1e-12,0.0113392,0,8.75389e-12,9.6404e-13
eigen_elementwise,539,1,0,2,1e-12,0.0116255,0,1.14824e-11,9.22301e-13
eigen_elementwise,540,1,0,2,1e-12,0.0116725,0,8.07177e-12,8.90853e-13
eigen_elementwise,541,1,0,2,1e-12,0.0116094,0,6.25278e-12,8.2471e-13
eigen_elementwise,542,1,0,2,1e-12,0.0117103,0,7.7307e-12,8.98881e-13
eigen_elementwise,543,1,0,2,1e-12,0.011845,0,9.43601e-12,8.77508e-13
eigen_elementwise,544,1,0,2,1e-12,0.011597,0,9.89075e-12,1.02285e-12
eigen_elementwise,545,1,0,2,1e-12,0.0116406,0,8.86757e-12,8.67138e-13
eigen_elementwise,546,1,0,2,1e-12,0.0118509,0,1.01181e-11,9.32118e-13
eigen_elementwise,547,1,0,2,1e-12,0.0118833,0,9.20863e-12,8.81972e-13
eigen_elementwise,548,1,0,2,1e-12,0.0118923,0,1.01181e-11,8.99583e-13
eigen_elementwise,549,1,0,2,1e-12,0.0119671,0,8.98126e-12,9.60688e-13
eigen_elementwise,550,1,0,2,1e-12,0.0119863,0,9.32232e-12,9.8006e-13
eigen_elementwise,551,1,0,2,1e-12,0.0119151,0,6.59384e-12,9.10353e-13
eigen_elementwise,552,1,0,2,1e-12,0.0118705,0,8.6402e-12,8.62062e-13
eigen_elementwise,553,1,0,2,1e-12,0.0121319,0,1.01181e-11,9.40621e-13
eigen_elementwise,554,1,0,2,1e-12,0.0120975,0,6.82121e-12,9.58206e-13
eigen_elementwise,555,1,0,2,1e-12,0.0122381,0,6.59384e-12,8.83219e-13
eigen_elementwise,556,1,0,2,1e-12,0.0121952,0,9.32232e-12,9.27548e-13
eigen_elementwise,557,1,0,2,1e-12,0.0123041,0,8.18545e-12,8.8229e-13
eigen_elementwise,558,1,0,2,1e-12,0.0123489,0,8.52651e-12,8.75621e-13
eigen_elementwise,559,1,0,2,1e-12,0.0124091,0,6.82121e-12,9.05003e-13
eigen_elementwise,560,1,0,2,1e-12,0.0125151,0,1.02318e-11,1.01319e-12
eigen_elementwise,561,1,0,2,1e-12,0.01252,0,1.22782e-11,9.0038e-13
eigen_elementwise,562,1,0,2,1e-12,0.0126531,0,8.29914e-12,9.76526e-13
eigen_elementwise,563,1,0,2,1e-12,0.0125898,0,9.89075e-12,9.80695e-13
eigen_elementwise,564,1,0,2,1e-12,0.012597,0,1.33014e-11,9.62286e-13
eigen_elementwise,565,1,0,2,1e-12,0.0126649,0,1.20508e-11,1.03059e-12
eigen_elementwise,566,1,0,2,1e-12,0.0126878,0,9.77707e-12,9.52694e-13
eigen_elementwise,567,1,0,2,1e-12,0.0127515,0,8.6402e-12,9.18158e-13
eigen_elementwise,568,1,0,2,1e-12,0.0122991,0,7.61702e-12,8.53706e-13
eigen_elementwise,569,1,0,2,1e-12,0.0124963,0,7.84439e-12,9.35736e-13
eigen_elementwise,570,1,0,2,1e-12,0.0125596,0,9.54969e-12,9.83253e-13
eigen_elementwise,571,1,0,2,1e-12,0.0123781,0,1.17097e-11,8.64534e-13
eigen_elementwise,572,1,0,2,1e-12,0.0125618,0,9.32232e-12,9.88679e-13
eigen_elementwise,573,1,0,2,1e-12,0.0125893,0,8.6402e-12,9.75653e-13
eigen_elementwise,574,1,0,2,1e-12,0.0126598,0,9.32232e-12,9.80972e-13
eigen_elementwise,575,1,0,2,1e-12,0.012799,0,8.29914e-12,9.14234e-13
eigen_elementwise,576,1,0,2,1e-12,0.0127193,0,8.6402e-12,8.46237e-13
eigen_elementwise,577,1,0,2,1e-12,0.0126572,0,1.22782e-11,8.94057e-13
eigen_elementwise,578,1,0,2,1e-12,0.0128554,0,1.23919e-11,9.45285e-13
eigen_elementwise,579,1,0,2,1e-12,0.0127566,0,8.18545e-12,9.57066e-13
eigen_elementwise,580,1,0,2,1e-12,0.0128383,0,8.18545e-12,9.70732e-13
eigen_elementwise,581,1,0,2,1e-12,0.0129397,0,1.00044e-11,9.05282e-13
eigen_elementwise,582,1,0,2,1e-12,0.0129627,0,1.10276e-11,9.55044e-13
eigen_elementwise,583,1,0,2,1e-12,0.0129505,0,1.7053e-11,9.47813e-13
eigen_elementwise,584,1,0,2,1e-12,0.0128731,0,1.1255e-11,9.30447e-13
eigen_elementwise,585,1,0,2,1e-12,0.012987,0,1.08002e-11,9.76965e-13
eigen_elementwise,586,1,0,2,1e-12,0.0132191,0,8.6402e-12,1.06683e-12
eigen_elementwise,587,1,0,2,1e-12,0.0130755,0,6.82121e-12,9.03397e-13
eigen_elementwise,588,1,0,2,1e-12,0.0131713,0,9.43601e-12,1.02876e-12
eigen_elementwise,589,1,0,2,1e-12,0.0132551,0,1.09139e-11,9.73594e-13
eigen_elementwise,590,1,0,2,1e-12,0.0133039,0,8.75389e-12,9.7394e-13
eigen_elementwise,591,1,0,2,1e-12,0.01346,0,8.52651e-12,9.24647e-13
eigen_elementwise,592,1,0,2,1e-12,0.0134279,0,1.06866e-11,9.78377e-13
eigen_elementwise,593,1,0,2,1e-12,0.0134988,0,1.14824e-11,9.8461e-13
eigen_elementwise,594,1,0,2,1e-12,0.0134903,0,9.54969e-12,9.89406e-13
eigen_elementwise,595,1,0,2,1e-12,0.0135602,0,1.09139e-11,9.69614e-13
eigen_elementwise,596,1,0,2,1e-12,0.013456,0,8.52651e-12,9.70491e-13
eigen_elementwise,597,1,0,2,1e-12,0.0136754,0,8.18545e-12,9.57184e-13
eigen_elementwise,598,1,0,2,1e-12,0.013716,0,8.98126e-12,8.887e-13
eigen_elementwise,599,1,0,2,1e-12,0.0135731,0,1.36424e-11,9.77879e-13
eigen_elementwise,600,1,0,2,1e-12,0.01386,0,9.43601e-12,9.83487e-13
eigen_elementwise,601,1,0,2,1e-12,0.0138186,0,1.3074e-11,9.32161e-13
eigen_elementwise,602,1,0,2,1e-12,0.0138554,0,1.04592e-11,9.65398e-13
eigen_elementwise,603,1,0,2,1e-12,0.0140233,0,9.43601e-12,8.97725e-13
eigen_elementwise,604,1,0,2,1e-12,0.0140179,0,9.66338e-12,9.25811e-13
eigen_elementwise,605,1,0,2,1e-12,0.0141363,0,8.41283e-12,9.20842e-13
eigen_elementwise,606,1,0,2,1e-12,0.0141724,0,8.07177e-12,9.9512e-13
eigen_elementwise,607,1,0,2,1e-12,0.0142049,0,9.09495e-12,1.00232e-12
eigen_elementwise,608,1,0,2,1e-12,0.0140985,0,1.06866e-11,9.6699e-13
eigen_elementwise,609,1,0,2,1e-12,0.0142697,0,8.52651e-12,9.67651e-13
eigen_elementwise,610,1,0,2,1e-12,0.0141787,0,8.07177e-12,9.25293e-13
eigen_elementwise,611,1,0,2,1e-12,0.014345,0,8.75389e-12,9.3871e-13
eigen_elementwise,612,1,0,2,1e-12,0.0142534,0,8.86757e-12,9.16459e-13
eigen_elementwise,613,1,0,2,1e-12,0.0143818,0,9.43601e-12,8.98244e-13
eigen_elementwise,614,1,0,2,1e-12,0.0144122,0,1.37561e-11,9.67017e-13
eigen_elementwise,615,1,0,2,1e-12,0.0141803,0,9.77707e-12,9.21855e-13
eigen_elementwise,616,1,0,2,1e-12,0.0145951,0,9.09495e-12,9.00084e-13
eigen_elementwise,617,1,0,2,1e-12,0.0144337,0,1.29603e-11,1.0117e-12
eigen_elementwise,618,1,0,2,1e-12,0.0145033,0,1.13687e-11,9.53908e-13
eigen_elementwise,619,1,0,2,1e-12,0.0145779,0,8.98126e-12,1.00012e-12
eigen_elementwise,620,1,0,2,1e-12,0.0147358,0,9.09495e-12,9.29472e-13
eigen_elementwise,621,1,0,2,1e-12,0.0148466,0,9.20863e-12,9.35658e-13
eigen_elementwise,622,1,0,2,1e-12,0.0148896,0,9.43601e-12,9.89253e-13
eigen_elementwise,623,1,0,2,1e-12,0.0148302,0,8.98126e-12,9.67492e-13
eigen_elementwise,624,1,0,2,1e-12,0.01493,0,1.17097e-11,1.02028e-12
eigen_elementwise,625,1,0,2,1e-12,0.0149844,0,8.98126e-12,8.99051e-13
eigen_elementwise,626,1,0,2,1e-12,0.0151356,0,1.09139e-11,9.68445e-13
eigen_elementwise,627,1,0,2,1e-12,0.0151199,0,1.01181e-11,1.01947e-12
eigen_elementwise,628,1,0,2,1e-12,0.0148556,0,8.18545e-12,9.55837e-13
eigen_elementwise,629,1,0,2,1e-12,0.0152204,0,1.3415e-11,1.03487e-12
eigen_elementwise,630,1,0,2,1e-12,0.0152588,0,9.09495e-12,9.66756e-13
eigen_elementwise,631,1,0,2,1e-12,0.0157457,0,1.43245e-11,9.58323e-13
eigen_elementwise,632,1,0,2,1e-12,0.0159309,0,1.23919e-11,9.40296e-13
eigen_elementwise,633,1,0,2,1e-12,0.0158889,0,8.86757e-12,9.0483e-13
eigen_elementwise,634,1,0,2,1e-12,0.0160047,0,9.77707e-12,9.76689e-13
eigen_elementwise,635,1,0,2,1e-12,0.0159508,0,7.84439e-12,1.03037e-12
eigen_elementwise,636,1,0,2,1e-12,0.016156,0,9.77707e-12,9.29041e-13
eigen_elementwise,637,1,0,2,1e-12,0.0161379,0,1.05729e-11,9.22048e-13
eigen_elementwise,638,1,0,2,1e-12,0.0163806,0,7.95808e-12,9.43549e-13
eigen_elementwise,639,1,0,2,1e-12,0.0163941,0,7.7307e-12,9.29033e-13
eigen_elementwise,640,1,0,2,1e-12,0.0163549,0,9.20863e-12,9.72358e-13
eigen_elementwise,641,1,0,2,1e-12,0.0163169,0,8.86757e-12,1.00933e-12
eigen_elementwise,642,1,0,2,1e-12,0.0164596,0,8.18545e-12,9.99593e-13
eigen_elementwise,643,1,0,2,1e-12,0.0163522,0,1.28466e-11,1.00299e-12
eigen_elementwise,644,1,0,2,1e-12,0.0165665,0,1.31877e-11,1.003e-12
eigen_elementwise,645,1,0,2,1e-12,0.0166934,0,1.6712e-11,9.86074e-13
eigen_elementwise,646,1,0,2,1e-12,0.0166094,0,1.08002e-11,1.00509e-12
eigen_elementwise,647,1,0,2,1e-12,0.0166374,0,1.02318e-11,1.03761e-12
eigen_elementwise,648,1,0,2,1e-12,0.0167306,0,1.01181e-11,9.29345e-13
eigen_elementwise,649,1,0,2,1e-12,0.0167274,0,9.43601e-12,8.88195e-13
eigen_elementwise,650,1,0,2,1e-12,0.0168103,0,1.03455e-11,9.50198e-13
eigen_elementwise,651,1,0,2,1e-12,0.0169614,0,1.11413e-11,1.04626e-12
eigen_elementwise,652,1,0,2,1e-12,0.0169065,0,9.66338e-12,9.80958e-13
eigen_elementwise,653,1,0,2,1e-12,0.0169653,0,1.06866e-11,9.58585e-13
eigen_elementwise,654,1,0,2,1e-12,0.0170987,0,7.04858e-12,9.42145e-13
eigen_elementwise,655,1,0,2,1e-12,0.0169805,0,2.19416e-11,1.01895e-12
eigen_elementwise,656,1,0,2,1e-12,0.0169917,0,7.95808e-12,8.98718e-13
eigen_elementwise,657,1,0,2,1e-12,0.0172518,0,8.52651e-12,9.31697e-13
eigen_elementwise,658,1,0,2,1e-12,0.0173506,0,1.01181e-11,8.53896e-13
eigen_elementwise,659,1,0,2,1e-12,0.0171552,0,9.77707e-12,1.02182e-12
eigen_elementwise,660,1,0,2,1e-12,0.0173884,0,7.50333e-12,1.0318e-12
eigen_elementwise,661,1,0,2,1e-12,0.0174054,0,9.20863e-12,9.11429e-13
eigen_elementwise,662,1,0,2,1e-12,0.0172886,0,9.09495e-12,9.24179e-13
eigen_elementwise,663,1,0,2,1e-12,0.017469,0,8.18545e-12,9.16811e-13
eigen_elementwise,664,1,0,2,1e-12,0.0174169,0,1.1255e-11,9.82008e-13
eigen_elementwise,665,1,0,2,1e-12,0.0176781,0,9.32232e-12,1.0182e-12
eigen_elementwise,666,1,0,2,1e-12,0.0176231,0,1.06866e-11,9.75987e-13
eigen_elementwise,667,1,0,2,1e-12,0.0177238,0,1.63709e-11,1.05106e-12
eigen_elementwise,668,1,0,2,1e-12,0.0177221,0,8.41283e-12,9.09459e-13
eigen_elementwise,669,1,0,2,1e-12,0.0178773,0,9.43601e-12,9.81413e-13
eigen_elementwise,670,1,0,2,1e-12,0.0179206,0,8.41283e-12,9.6658e-13
eigen_elementwise,671,1,0,2,1e-12,0.0182059,0,1.00044e-11,9.50927e-13
eigen_elementwise,672,1,0,2,1e-12,0.0180361,0,9.20863e-12,9.85732e-13
eigen_elementwise,673,1,0,2,1e-12,0.0174672,0,1.09139e-11,1.00675e-12
eigen_elementwise,674,1,0,2,1e-12,0.0174735,0,7.95808e-12,9.46269e-13
eigen_elementwise,675,1,0,2,1e-12,0.0174896,0,9.54969e-12,9.4583e-13
eigen_elementwise,676,1,0,2,1e-12,0.0175847,0,1.08002e-11,9.61564e-13
eigen_elementwise,677,1,0,2,1e-12,0.017547,0,9.32232e-12,9.4015e-13
eigen_elementwise,678,1,0,2,1e-12,0.0176786,0,9.09495e-12,9.53074e-13
eigen_elementwise,679,1,0,2,1e-12,0.0178963,0,1.00044e-11,9.31576e-13
eigen_elementwise,680,1,0,2,1e-12,0.017775,0,9.32232e-12,1.00449e-12
eigen_elementwise,681,1,0,2,1e-12,0.0176973,0,8.18545e-12,9.67997e-13
eigen_elementwise,682,1,0,2,1e-12,0.0179319,0,9.54969e-12,9.98724e-13
eigen_elementwise,683,1,0,2,1e-12,0.0177539,0,1.06866e-11,9.66358e-13
eigen_elementwise,684,1,0,2,1e-12,0.0178634,0,1.11413e-11,9.73464e-13
eigen_elementwise,685,1,0,2,1e-12,0.0179942,0,1.08002e-11,1.05147e-12
eigen_elementwise,686,1,0,2,1e-12,0.0180248,0,8.07177e-12,9.23151e-13
eigen_elementwise,687,1,0,2,1e-12,0.0180129,0,9.09495e-12,9.24479e-13
eigen_elementwise,688,1,0,2,1e-12,0.0179577,0,9.20863e-12,8.86734e-13
eigen_elementwise,689,1,0,2,1e-12,0.0180116,0,1.26192e-11,9.37006e-13
eigen_elementwise,690,1,0,2,1e-12,0.0183506,0,9.43601e-12,1.00907e-12
eigen_elementwise,691,1,0,2,1e-12,0.0183324,0,9.77707e-12,9.9863e-13
eigen_elementwise,692,1,0,2,1e-12,0.0183541,0,9.20863e-12,9.34682e-13
eigen_elementwise,693,1,0,2,1e-12,0.0185487,0,1.23919e-11,1.01059e-12
eigen_elementwise,694,1,0,2,1e-12,0.0184359,0,9.89075e-12,9.09555e-13
eigen_elementwise,695,1,0,2,1e-12,0.0184041,0,8.07177e-12,9.11319e-13
eigen_elementwise,696,1,0,2,1e-12,0.0184978,0,1.60298e-11,9.99184e-13
eigen_elementwise,697,1,0,2,1e-12,0.0184989,0,1.44382e-11,1.09112e-12
eigen_elementwise,698,1,0,2,1e-12,0.0184885,0,1.11413e-11,9.96171e-13
eigen_elementwise,699,1,0,2,1e-12,0.0186889,0,9.09495e-12,9.91837e-13
eigen_elementwise,700,1,0,2,1e-12,0.0186938,0,8.98126e-12,1.00188e-12
eigen_elementwise,701,1,0,2,1e-12,0.0188115,0,1.21645e-11,9.14792e-13
eigen_elementwise,702,1,0,2,1e-12,0.0188362,0,9.32232e-12,9.64885e-13
eigen_elementwise,703,1,0,2,1e-12,0.0191436,0,1.10276e-11,1.00877e-12
eigen_elementwise,704,1,0,2,1e-12,0.018888,0,7.50333e-12,9.49008e-13
eigen_elementwise,705,1,0,2,1e-12,0.0188106,0,1.35287e-11,9.64099e-13
eigen_elementwise,706,1,0,2,1e-12,0.0189432,0,1.03455e-11,9.22101e-13
eigen_elementwise,707,1,0,2,1e-12,0.0191086,0,1.23919e-11,1.02906e-12
eigen_elementwise,708,1,0,2,1e-12,0.0191945,0,1.09139e-11,1.10563e-12
eigen_elementwise,709,1,0,2,1e-12,0.019099,0,1.79625e-11,9.56974e-13
eigen_elementwise,710,1,0,2,1e-12,0.0191275,0,1.01181e-11,9.28516e-13
eigen_elementwise,711,1,0,2,1e-12,0.0191823,0,1.04592e-11,1.01005e-12
eigen_elementwise,712,1,0,2,1e-12,0.019166,0,1.08002e-11,9.51422e-13
eigen_elementwise,713,1,0,2,1e-12,0.0192962,0,1.11413e-11,1.0135e-12
eigen_elementwise,714,1,0,2,1e-12,0.0196158,0,8.29914e-12,9.96999e-13
eigen_elementwise,715,1,0,2,1e-12,0.0194266,0,1.14824e-11,1.02474e-12
eigen_elementwise,716,1,0,2,1e-12,0.0194384,0,1.14824e-11,9.41726e-13
eigen_elementwise,717,1,0,2,1e-12,0.0195298,0,1.06866e-11,1.07225e-12
eigen_elementwise,718,1,0,2,1e-12,0.0195095,0,1.05729e-11,9.79269e-13
eigen_elementwise,719,1,0,2,1e-12,0.0194109,0,1.01181e-11,9.48118e-13
eigen_elementwise,720,1,0,2,1e-12,0.019815,0,1.26192e-11,1.01323e-12
eigen_elementwise,721,1,0,2,1e-12,0.0196948,0,9.09495e-12,9.24757e-13
eigen_elementwise,722,1,0,2,1e-12,0.019868,0,1.15961e-11,9.97586e-13
eigen_elementwise,723,1,0,2,1e-12,0.0200308,0,9.20863e-12,9.43281e-13
eigen_elementwise,724,1,0,2,1e-12,0.0199857,0,9.20863e-12,9.85604e-13
eigen_elementwise,725,1,0,2,1e-12,0.020318,0,8.98126e-12,9.6399e-13
eigen_elementwise,726,1,0,2,1e-12,0.0199735,0,1.18234e-11,1.01991e-12
eigen_elementwise,727,1,0,2,1e-12,0.0200946,0,9.43601e-12,9.88261e-13
eigen_elementwise,728,1,0,2,1e-12,0.0198319,0,1.84173e-11,1.05716e-12
eigen_elementwise,729,1,0,2,1e-12,0.020272,0,8.86757e-12,9.55125e-13
eigen_elementwise,730,1,0,2,1e-12,0.0204553,0,9.32232e-12,1.00441e-12
eigen_elementwise,731,1,0,2,1e-12,0.0204342,0,8.75389e-12,9.52205e-13
eigen_elementwise,732,1,0,2,1e-12,0.0204864,0,1.29603e-11,9.85586e-13
eigen_elementwise,733,1,0,2,1e-12,0.0203342,0,1.28466e-11,9.98337e-13
eigen_elementwise,734,1,0,2,1e-12,0.0205741,0,6.82121e-12,9.26848e-13
eigen_elementwise,735,1,0,2,1e-12,0.0206459,0,1.03455e-11,9.40561e-13
eigen_elementwise,736,1,0,2,1e-12,0.0207917,0,9.20863e-12,9.55349e-13
eigen_elementwise,737,1,0,2,1e-12,0.0206341,0,1.09139e-11,1.00431e-12
eigen_elementwise,738,1,0,2,1e-12,0.0207642,0,1.3415e-11,1.04909e-12
eigen_elementwise,739,1,0,2,1e-12,0.0206156,0,9.66338e-12,1.04771e-12
eigen_elementwise,740,1,0,2,1e-12,0.0209208,0,9.77707e-12,9.91357e-13
eigen_elementwise,741,1,0,2,1e-12,0.020857,0,8.41283e-12,9.94954e-13
eigen_elementwise,742,1,0,2,1e-12,0.0209571,0,1.10276e-11,9.44774e-13
eigen_elementwise,743,1,0,2,1e-12,0.0211692,0,1.09139e-11,1.00693e-12
eigen_elementwise,744,1,0,2,1e-12,0.021091,0,1.56888e-11,1.0029e-12
eigen_elementwise,745,1,0,2,1e-12,0.0211287,0,8.75389e-12,9.95462e-13
eigen_elementwise,746,1,0,2,1e-12,0.0213104,0,8.6402e-12,9.49996e-13
eigen_elementwise,747,1,0,2,1e-12,0.0212932,0,1.05729e-11,1.03133e-12
eigen_elementwise,748,1,0,2,1e-12,0.0213825,0,8.52651e-12,9.36592e-13
eigen_elementwise,749,1,0,2,1e-12,0.0213733,0,1.38698e-11,8.96408e-13
eigen_elementwise,750,1,0,2,1e-12,0.021541,0,9.89075e-12,1.06604e-12
eigen_elementwise,751,1,0,2,1e-12,0.0216589,0,1.15961e-11,9.16763e-13
eigen_elementwise,752,1,0,2,1e-12,0.021735,0,1.17097e-11,9.11408e-13
eigen_elementwise,753,1,0,2,1e-12,0.0218123,0,9.43601e-12,9.91322e-13
eigen_elementwise,754,1,0,2,1e-12,0.021773,0,7.7307e-12,1.03449e-12
eigen_elementwise,755,1,0,2,1e-12,0.0219469,0,1.40972e-11,9.96272e-13
eigen_elementwise,756,1,0,2,1e-12,0.0217245,0,1.13687e-11,1.09087e-12
eigen_elementwise,757,1,0,2,1e-12,0.0219632,0,8.98126e-12,1.00698e-12
eigen_elementwise,758,1,0,2,1e-12,0.0219894,0,1.22782e-11,1.00725e-12
eigen_elementwise,759,1,0,2,1e-12,0.0220248,0,9.89075e-12,9.78818e-13
eigen_elementwise,760,1,0,2,1e-12,0.0221594,0,9.77707e-12,1.01798e-12
eigen_elementwise,761,1,0,2,1e-12,0.0220902,0,1.21645e-11,1.06674e-12
eigen_elementwise,762,1,0,2,1e-12,0.0221926,0,1.02318e-11,1.01143e-12
eigen_elementwise,763,1,0,2,1e-12,0.0222561,0,9.89075e-12,9.44723e-13
eigen_elementwise,764,1,0,2,1e-12,0.0217853,0,7.7307e-12,9.80099e-13
eigen_elementwise,765,1,0,2,1e-12,0.0217835,0,7.7307e-12,9.56022e-13
eigen_elementwise,766,1,0,2,1e-12,0.0218293,0,1.56888e-11,1.00089e-12
eigen_elementwise,767,1,0,2,1e-12,0.0228276,0,1.37561e-11,1.04586e-12
eigen_elementwise,768,1,0,2,1e-12,0.0220884,0,1.27329e-11,1.04703e-12
eigen_elementwise,769,1,0,2,1e-12,0.0220909,0,1.03455e-11,1.05734e-12
eigen_elementwise,770,1,0,2,1e-12,0.02203,0,1.35287e-11,1.13405e-12
eigen_elementwise,771,1,0,2,1e-12,0.0220752,0,1.09139e-11,1.07193e-12
eigen_elementwise,772,1,0,2,1e-12,0.0222253,0,1.05729e-11,9.82689e-13
eigen_elementwise,773,1,0,2,1e-12,0.0221789,0,1.11413e-11,9.61257e-13
eigen_elementwise,774,1,0,2,1e-12,0.0221891,0,9.77707e-12,9.91299e-13
eigen_elementwise,775,1,0,2,1e-12,0.0220883,0,1.09139e-11,1.064e-12
eigen_elementwise,776,1,0,2,1e-12,0.0224017,0,1.10276e-11,1.00841e-12
eigen_elementwise,777,1,0,2,1e-12,0.022482,0,8.75389e-12,9.67958e-13
eigen_elementwise,778,1,0,2,1e-12,0.0224138,0,1.14824e-11,1.07288e-12
eigen_elementwise,779,1,0,2,1e-12,0.0223341,0,1.01181e-11,9.86168e-13
eigen_elementwise,780,1,0,2,1e-12,0.0225489,0,9.20863e-12,9.61832e-13
eigen_elementwise,781,1,0,2,1e-12,0.0226164,0,9.66338e-12,1.03301e-12
eigen_elementwise,782,1,0,2,1e-12,0.0225878,0,9.09495e-12,1.01711e-12
eigen_elementwise,783,1,0,2,1e-12,0.022749,0,1.14824e-11,1.03943e-12
eigen_elementwise,784,1,0,2,1e-12,0.0229164,0,6.9349e-12,9.43509e-13
eigen_elementwise,785,1,0,2,1e-12,0.0229486,0,1.23919e-11,1.04641e-12
eigen_elementwise,786,1,0,2,1e-12,0.02311,0,1.56888e-11,1.09108e-12
eigen_elementwise,787,1,0,2,1e-12,0.022954,0,1.55751e-11,1.04575e-12
eigen_elementwise,788,1,0,2,1e-12,0.0231987,0,8.98126e-12,1.06133e-12
eigen_elementwise,789,1,0,2,1e-12,0.0231625,0,1.03455e-11,1.04399e-12
eigen_elementwise,790,1,0,2,1e-12,0.023204,0,1.29603e-11,1.05617e-12
eigen_elementwise,791,1,0,2,1e-12,0.023335,0,1.21645e-11,1.01627e-12
eigen_elementwise,792,1,0,2,1e-12,0.0232161,0,8.41283e-12,9.34779e-13
eigen_elementwise,793,1,0,2,1e-12,0.0235268,0,1.44382e-11,1.00715e-12
eigen_elementwise,794,1,0,2,1e-12,0.0233665,0,1.37561e-11,1.0639e-12
eigen_elementwise,795,1,0,2,1e-12,0.0236169,0,8.98126e-12,1.02916e-12
eigen_elementwise,796,1,0,2,1e-12,0.0236969,0,1.03455e-11,1.00581e-12
eigen_elementwise,797,1,0,2,1e-12,0.0236619,0,1.43245e-11,1.14685e-12
eigen_elementwise,798,1,0,2,1e-12,0.0233886,0,1.22782e-11,1.02365e-12
eigen_elementwise,799,1,0,2,1e-12,0.0238694,0,1.37561e-11,1.08438e-12
eigen_elementwise,800,1,0,2,1e-12,0.0238259,0,1.06866e-11,1.00176e-12
eigen_elementwise,801,1,0,2,1e-12,0.0235955,0,7.38964e-12,9.77683e-13
eigen_elementwise,802,1,0,2,1e-12,0.0240376,0,1.10276e-11,1.02996e-12
eigen_elementwise,803,1,0,2,1e-12,0.0235722,0,1.3074e-11,1.04615e-12
eigen_elementwise,804,1,0,2,1e-12,0.0238795,0,9.54969e-12,1.01813e-12
eigen_elementwise,805,1,0,2,1e-12,0.0237819,0,8.07177e-12,9.34212e-13
eigen_elementwise,806,1,0,2,1e-12,0.0240207,0,1.44382e-11,9.78252e-13
eigen_elementwise,807,1,0,2,1e-12,0.0242105,0,1.63709e-11,1.12131e-12
eigen_elementwise,808,1,0,2,1e-12,0.0240577,0,1.06866e-11,1.00186e-12
eigen_elementwise,809,1,0,2,1e-12,0.0241891,0,1.26192e-11,1.00158e-12
eigen_elementwise,810,1,0,2,1e-12,0.023933,0,9.20863e-12,9.97519e-13
eigen_elementwise,811,1,0,2,1e-12,0.0243525,0,1.10276e-11,1.06234e-12
eigen_elementwise,812,1,0,2,1e-12,0.0242547,0,9.09495e-12,1.03228e-12
eigen_elementwise,813,1,0,2,1e-12,0.0250716,0,9.32232e-12,9.83043e-13
eigen_elementwise,814,1,0,2,1e-12,0.0253083,0,1.11413e-11,1.01787e-12
eigen_elementwise,815,1,0,2,1e-12,0.0254236,0,8.52651e-12,9.89875e-13
eigen_elementwise,816,1,0,2,1e-12,0.0253675,0,1.18234e-11,1.02512e-12
eigen_elementwise,817,1,0,2,1e-12,0.0253964,0,1.46656e-11,1.04755e-12
eigen_elementwise,818,1,0,2,1e-12,0.0255754,0,1.08002e-11,1.04713e-12
eigen_elementwise,819,1,0,2,1e-12,0.0250517,0,1.21645e-11,9.50839e-13
eigen_elementwise,820,1,0,2,1e-12,0.0253854,0,1.14824e-11,1.01786e-12
eigen_elementwise,821,1,0,2,1e-12,0.0255512,0,1.15961e-11,9.72041e-13
eigen_elementwise,822,1,0,2,1e-12,0.0255409,0,1.00044e-11,1.00198e-12
eigen_elementwise,823,1,0,2,1e-12,0.0257664,0,9.89075e-12,1.0048e-12
eigen_elementwise,824,1,0,2,1e-12,0.0258262,0,1.17097e-11,1.0903e-12
eigen_elementwise,825,1,0,2,1e-12,0.0259185,0,1.19371e-11,1.0102e-12
eigen_elementwise,826,1,0,2,1e-12,0.0261129,0,9.32232e-12,1.06177e-12
eigen_elementwise,827,1,0,2,1e-12,0.0262742,0,1.04592e-11,1.05629e-12
eigen_elementwise,828,1,0,2,1e-12,0.0261353,0,8.29914e-12,1.05585e-12
eigen_elementwise,829,1,0,2,1e-12,0.0261298,0,1.09139e-11,1.04276e-12
eigen_elementwise,830,1,0,2,1e-12,0.0263064,0,1.25056e-11,1.09068e-12
eigen_elementwise,831,1,0,2,1e-12,0.0267683,0,1.20508e-11,1.11495e-12
eigen_elementwise,832,1,0,2,1e-12,0.0265017,0,1.26192e-11,1.09313e-12
eigen_elementwise,833,1,0,2,1e-12,0.0264989,0,1.62572e-11,1.05179e-12
eigen_elementwise,834,1,0,2,1e-12,0.0265542,0,1.06866e-11,9.85565e-13
eigen_elementwise,835,1,0,2,1e-12,0.0265655,0,9.89075e-12,1.10597e-12
eigen_elementwise,836,1,0,2,1e-12,0.0269222,0,1.33014e-11,1.05666e-12
eigen_elementwise,837,1,0,2,1e-12,0.0268525,0,1.44382e-11,1.12268e-12
eigen_elementwise,838,1,0,2,1e-12,0.0269831,0,9.32232e-12,1.02835e-12
eigen_elementwise,839,1,0,2,1e-12,0.0269756,0,1.36424e-11,1.04205e-12
eigen_elementwise,840,1,0,2,1e-12,0.0270989,0,1.11413e-11,1.01942e-12
eigen_elementwise,841,1,0,2,1e-12,0.0269961,0,1.02318e-11,1.05575e-12
eigen_elementwise,842,1,0,2,1e-12,0.0272686,0,1.10276e-11,9.95984e-13
eigen_elementwise,843,1,0,2,1e-12,0.0269615,0,2.11458e-11,1.0216e-12
eigen_elementwise,844,1,0,2,1e-12,0.0273623,0,9.09495e-12,1.03762e-12
eigen_elementwise,845,1,0,2,1e-12,0.0273022,0,1.26192e-11,1.07078e-12
eigen_elementwise,846,1,0,2,1e-12,0.0268122,0,1.14824e-11,1.08033e-12
eigen_elementwise,847,1,0,2,1e-12,0.0269529,0,9.32232e-12,1.01625e-12
eigen_elementwise,848,1,0,2,1e-12,0.0267197,0,1.10276e-11,1.01846e-12
eigen_elementwise,849,1,0,2,1e-12,0.0268923,0,9.89075e-12,9.94158e-13
eigen_elementwise,850,1,0,2,1e-12,0.0270619,0,8.41283e-12,1.02577e-12
eigen_elementwise,851,1,0,2,1e-12,0.0270689,0,1.37561e-11,1.12068e-12
eigen_elementwise,852,1,0,2,1e-12,0.0271297,0,1.02318e-11,1.01254e-12
eigen_elementwise,853,1,0,2,1e-12,0.0270913,0,1.05729e-11,1.00861e-12
eigen_elementwise,854,1,0,2,1e-12,0.0272314,0,1.1255e-11,1.09445e-12
eigen_elementwise,855,1,0,2,1e-12,0.0271963,0,2.02363e-11,1.00113e-12
eigen_elementwise,856,1,0,2,1e-12,0.0272044,0,1.15961e-11,1.04125e-12
eigen_elementwise,857,1,0,2,1e-12,0.0273941,0,9.66338e-12,1.01783e-12
eigen_elementwise,858,1,0,2,1e-12,0.0271091,0,1.17097e-11,1.03219e-12
eigen_elementwise,859,1,0,2,1e-12,0.0273316,0,6.36646e-12,9.62497e-13
eigen_elementwise,860,1,0,2,1e-12,0.0275324,0,1.71667e-11,1.09352e-12
eigen_elementwise,861,1,0,2,1e-12,0.0275377,0,1.1255e-11,1.0308e-12
eigen_elementwise,862,1,0,2,1e-12,0.0280165,0,1.09139e-11,1.01103e-12
eigen_elementwise,863,1,0,2,1e-12,0.0278799,0,1.59162e-11,1.05763e-12
eigen_elementwise,864,1,0,2,1e-12,0.0278499,0,1.22782e-11,1.0235e-12
eigen_elementwise,865,1,0,2,1e-12,0.0278347,0,1.23919e-11,1.06308e-12
eigen_elementwise,866,1,0,2,1e-12,0.0280102,0,9.89075e-12,9.97202e-13
eigen_elementwise,867,1,0,2,1e-12,0.0279388,0,1.01181e-11,1.0934e-12
eigen_elementwise,868,1,0,2,1e-12,0.0278618,0,1.17097e-11,1.01998e-12
eigen_elementwise,869,1,0,2,1e-12,0.0285224,0,9.43601e-12,1.0173e-12
eigen_elementwise,870,1,0,2,1e-12,0.0282677,0,1.35287e-11,1.10621e-12
eigen_elementwise,871,1,0,2,1e-12,0.0283477,0,1.11413e-11,1.04643e-12
eigen_elementwise,872,1,0,2,1e-12,0.0283886,0,1.25056e-11,1.07159e-12
eigen_elementwise,873,1,0,2,1e-12,0.0288504,0,1.31877e-11,1.05394e-12
eigen_elementwise,874,1,0,2,1e-12,0.0287878,0,1.80762e-11,1.0157e-12
eigen_elementwise,875,1,0,2,1e-12,0.0285121,0,1.50067e-11,1.10078e-12
eigen_elementwise,876,1,0,2,1e-12,0.0286867,0,1.28466e-11,1.11506e-12
eigen_elementwise,877,1,0,2,1e-12,0.0285021,0,1.13687e-11,9.99027e-13
eigen_elementwise,878,1,0,2,1e-12,0.0289404,0,1.02318e-11,1.04018e-12
eigen_elementwise,879,1,0,2,1e-12,0.0289841,0,1.35287e-11,1.0813e-12
eigen_elementwise,880,1,0,2,1e-12,0.0290757,0,1.43245e-11,1.05475e-12
eigen_elementwise,881,1,0,2,1e-12,0.0289423,0,1.01181e-11,1.11372e-12
eigen_elementwise,882,1,0,2,1e-12,0.0290649,0,1.23919e-11,1.04462e-12
eigen_elementwise,883,1,0,2,1e-12,0.0289762,0,1.19371e-11,1.04211e-12
eigen_elementwise,884,1,0,2,1e-12,0.0291812,0,1.37561e-11,1.05554e-12
eigen_elementwise,885,1,0,2,1e-12,0.0292956,0,1.36424e-11,1.04479e-12
eigen_elementwise,886,1,0,2,1e-12,0.0296083,0,2.54659e-11,1.13842e-12
eigen_elementwise,887,1,0,2,1e-12,0.0296393,0,1.3415e-11,1.06687e-12
eigen_elementwise,888,1,0,2,1e-12,0.0293297,0,9.66338e-12,1.06294e-12
eigen_elementwise,889,1,0,2,1e-12,0.0296581,0,1.36424e-11,1.0992e-12
eigen_elementwise,890,1,0,2,1e-12,0.0297461,0,1.03455e-11,1.0526e-12
eigen_elementwise,891,1,0,2,1e-12,0.0298461,0,1.31877e-11,1.07584e-12
eigen_elementwise,892,1,0,2,1e-12,0.0299832,0,1.40972e-11,1.08778e-12
eigen_elementwise,893,1,0,2,1e-12,0.0297122,0,1.33014e-11,1.13564e-12
eigen_elementwise,894,1,0,2,1e-12,0.0301417,0,1.13687e-11,1.01023e-12
eigen_elementwise,895,1,0,2,1e-12,0.0305224,0,1.22782e-11,1.09964e-12
eigen_elementwise,896,1,0,2,1e-12,0.0300852,0,8.6402e-12,1.12723e-12
eigen_elementwise,897,1,0,2,1e-12,0.0299483,0,1.05729e-11,1.09799e-12
eigen_elementwise,898,1,0,2,1e-12,0.0302314,0,1.68257e-11,1.02839e-12
eigen_elementwise,899,1,0,2,1e-12,0.0301486,0,1.29603e-11,1.02043e-12
eigen_elementwise,900,1,0,2,1e-12,0.0305079,0,1.03455e-11,1.08981e-12
eigen_elementwise,901,1,0,2,1e-12,0.0303412,0,1.15961e-11,1.02875e-12
eigen_elementwise,902,1,0,2,1e-12,0.0301857,0,1.40972e-11,1.07328e-12
eigen_elementwise,903,1,0,2,1e-12,0.0304206,0,1.21645e-11,1.14546e-12
eigen_elementwise,904,1,0,2,1e-12,0.0307292,0,1.20508e-11,1.05313e-12
eigen_elementwise,905,1,0,2,1e-12,0.0308322,0,1.09139e-11,1.05191e-12
eigen_elementwise,906,1,0,2,1e-12,0.0307715,0,1.13687e-11,1.03903e-12
eigen_elementwise,907,1,0,2,1e-12,0.030859,0,9.66338e-12,1.09747e-12
eigen_elementwise,908,1,0,2,1e-12,0.0307829,0,1.40972e-11,1.03178e-12
eigen_elementwise,909,1,0,2,1e-12,0.0308975,0,1.08002e-11,1.06311e-12
eigen_elementwise,910,1,0,2,1e-12,0.0308131,0,1.06866e-11,9.62498e-13
eigen_elementwise,911,1,0,2,1e-12,0.0309685,0,1.11413e-11,1.05739e-12
eigen_elementwise,912,1,0,2,1e-12,0.0311569,0,1.02318e-11,9.80453e-13
eigen_elementwise,913,1,0,2,1e-12,0.0311066,0,1.08002e-11,1.04043e-12
eigen_elementwise,914,1,0,2,1e-12,0.0309408,0,1.47793e-11,1.11573e-12
eigen_elementwise,915,1,0,2,1e-12,0.0311901,0,7.84439e-12,1.08082e-12
eigen_elementwise,916,1,0,2,1e-12,0.0312553,0,1.36424e-11,1.13293e-12
eigen_elementwise,917,1,0,2,1e-12,0.0312562,0,9.54969e-12,1.07519e-12
eigen_elementwise,918,1,0,2,1e-12,0.0315218,0,1.06866e-11,1.01605e-12
eigen_elementwise,919,1,0,2,1e-12,0.0317116,0,1.37561e-11,1.00766e-12
eigen_elementwise,920,1,0,2,1e-12,0.0312949,0,9.09495e-12,1.01793e-12
eigen_elementwise,921,1,0,2,1e-12,0.0311479,0,1.39835e-11,1.04589e-12
eigen_elementwise,922,1,0,2,1e-12,0.0313081,0,1.04592e-11,1.15948e-12
eigen_elementwise,923,1,0,2,1e-12,0.0311474,0,1.94404e-11,1.08003e-12
eigen_elementwise,924,1,0,2,1e-12,0.0313634,0,1.03455e-11,1.09843e-12
eigen_elementwise,925,1,0,2,1e-12,0.0314517,0,1.22782e-11,1.05538e-12
eigen_elementwise,926,1,0,2,1e-12,0.0314361,0,1.38698e-11,1.08742e-12
eigen_elementwise,927,1,0,2,1e-12,0.0315751,0,1.01181e-11,1.08275e-12
eigen_elementwise,928,1,0,2,1e-12,0.0317956,0,8.86757e-12,1.04607e-12
eigen_elementwise,929,1,0,2,1e-12,0.031353,0,1.89857e-11,1.10286e-12
eigen_elementwise,930,1,0,2,1e-12,0.0318391,0,1.08002e-11,1.04642e-12
eigen_elementwise,931,1,0,2,1e-12,0.0316205,0,1.45519e-11,1.03824e-12
eigen_elementwise,932,1,0,2,1e-12,0.0316839,0,1.14824e-11,1.07514e-12
eigen_elementwise,933,1,0,2,1e-12,0.0318311,0,1.17097e-11,1.04701e-12
eigen_elementwise,934,1,0,2,1e-12,0.0316494,0,1.28466e-11,1.10673e-12
eigen_elementwise,935,1,0,2,1e-12,0.031509,0,1.01181e-11,1.05545e-12
eigen_elementwise,936,1,0,2,1e-12,0.0319129,0,1.19371e-11,1.07994e-12
eigen_elementwise,937,1,0,2,1e-12,0.0319483,0,1.25056e-11,1.08282e-12
eigen_elementwise,938,1,0,2,1e-12,0.0321184,0,1.65983e-11,1.12647e-12
eigen_elementwise,939,1,0,2,1e-12,0.0322304,0,1.76215e-11,1.13484e-12
eigen_elementwise,940,1,0,2,1e-12,0.0323417,0,1.20508e-11,1.01907e-12
eigen_elementwise,941,1,0,2,1e-12,0.0324128,0,1.05729e-11,1.09042e-12
eigen_elementwise,942,1,0,2,1e-12,0.0319195,0,1.28466e-11,1.13225e-12
eigen_elementwise,943,1,0,2,1e-12,0.032139,0,1.06866e-11,1.01641e-12
eigen_elementwise,944,1,0,2,1e-12,0.0324704,0,1.64846e-11,1.09265e-12
eigen_elementwise,945,1,0,2,1e-12,0.0325588,0,1.3074e-11,1.00019e-12
eigen_elementwise,946,1,0,2,1e-12,0.0326087,0,1.65983e-11,1.00825e-12
eigen_elementwise,947,1,0,2,1e-12,0.0330803,0,1.43245e-11,1.13666e-12
eigen_elementwise,948,1,0,2,1e-12,0.0329937,0,1.28466e-11,1.1794e-12
eigen_elementwise,949,1,0,2,1e-12,0.0330223,0,1.84173e-11,1.10933e-12
eigen_elementwise,950,1,0,2,1e-12,0.0329229,0,1.13687e-11,9.99232e-13
eigen_elementwise,951,1,0,2,1e-12,0.0331363,0,1.72804e-11,1.09152e-12
eigen_elementwise,952,1,0,2,1e-12,0.0330058,0,1.19371e-11,1.18205e-12
eigen_elementwise,953,1,0,2,1e-12,0.0330577,0,1.36424e-11,1.05476e-12
eigen_elementwise,954,1,0,2,1e-12,0.0333777,0,1.27329e-11,1.07128e-12
eigen_elementwise,955,1,0,2,1e-12,0.0331754,0,8.86757e-12,1.03053e-12
eigen_elementwise,956,1,0,2,1e-12,0.0335834,0,1.3415e-11,1.12382e-12
eigen_elementwise,957,1,0,2,1e-12,0.0336012,0,1.22782e-11,1.07125e-12
eigen_elementwise,958,1,0,2,1e-12,0.0334894,0,1.15961e-11,1.07347e-12
eigen_elementwise,959,1,0,2,1e-12,0.0345393,0,1.18234e-11,1.06911e-12
eigen_elementwise,960,1,0,2,1e-12,0.0339653,0,8.41283e-12,1.06983e-12
eigen_elementwise,961,1,0,2,1e-12,0.0341479,0,1.09139e-11,1.05374e-12
eigen_elementwise,962,1,0,2,1e-12,0.0345612,0,9.77707e-12,1.12265e-12
eigen_elementwise,963,1,0,2,1e-12,0.0346279,0,1.69393e-11,1.05467e-12
eigen_elementwise,964,1,0,2,1e-12,0.0345891,0,1.04592e-11,1.07864e-12
eigen_elementwise,965,1,0,2,1e-12,0.0347693,0,1.06866e-11,1.01199e-12
eigen_elementwise,966,1,0,2,1e-12,0.0348323,0,8.98126e-12,1.11128e-12
eigen_elementwise,967,1,0,2,1e-12,0.034873,0,1.93268e-11,1.17005e-12
eigen_elementwise,968,1,0,2,1e-12,0.0352342,0,1.04592e-11,1.10338e-12
eigen_elementwise,969,1,0,2,1e-12,0.0352675,0,1.08002e-11,1.08991e-12
eigen_elementwise,970,1,0,2,1e-12,0.0351077,0,1.02318e-11,1.13074e-12
eigen_elementwise,971,1,0,2,1e-12,0.0352776,0,1.55751e-11,1.11655e-12
eigen_elementwise,972,1,0,2,1e-12,0.0352297,0,1.28466e-11,1.09182e-12
eigen_elementwise,973,1,0,2,1e-12,0.0353358,0,9.20863e-12,9.88651e-13
eigen_elementwise,974,1,0,2,1e-12,0.0354692,0,1.00044e-11,1.04066e-12
eigen_elementwise,975,1,0,2,1e-12,0.035473,0,1.26192e-11,1.06876e-12
eigen_elementwise,976,1,0,2,1e-12,0.0354822,0,1.22782e-11,1.05063e-12
eigen_elementwise,977,1,0,2,1e-12,0.0357577,0,1.65983e-11,1.16629e-12
eigen_elementwise,978,1,0,2,1e-12,0.0359075,0,1.40972e-11,9.96746e-13
eigen_elementwise,979,1,0,2,1e-12,0.0356955,0,1.10276e-11,1.11565e-12
eigen_elementwise,980,1,0,2,1e-12,0.0359758,0,1.05729e-11,1.11098e-12
eigen_elementwise,981,1,0,2,1e-12,0.0359694,0,1.35287e-11,1.06794e-12
eigen_elementwise,982,1,0,2,1e-12,0.0364631,0,1.46656e-11,1.12892e-12
eigen_elementwise,983,1,0,2,1e-12,0.0357546,0,1.38698e-11,1.07407e-12
eigen_elementwise,984,1,0,2,1e-12,0.0361173,0,1.17097e-11,1.07433e-12
eigen_elementwise,985,1,0,2,1e-12,0.036147,0,9.32232e-12,1.0085e-12
eigen_elementwise,986,1,0,2,1e-12,0.036471,0,1.00044e-11,1.16959e-12
eigen_elementwise,987,1,0,2,1e-12,0.036453,0,1.02318e-11,1.14432e-12
eigen_elementwise,988,1,0,2,1e-12,0.0365565,0,1.3074e-11,1.15468e-12
eigen_elementwise,989,1,0,2,1e-12,0.036305,0,1.96678e-11,1.04462e-12
eigen_elementwise,990,1,0,2,1e-12,0.0361589,0,1.80762e-11,1.11411e-12
eigen_elementwise,991,1,0,2,1e-12,0.03596,0,1.50067e-11,1.06113e-12
eigen_elementwise,992,1,0,2,1e-12,0.0364626,0,1.29603e-11,1.03351e-12
eigen_elementwise,993,1,0,2,1e-12,0.0361134,0,1.42109e-11,1.10626e-12
eigen_elementwise,994,1,0,2,1e-12,0.0363135,0,1.19371e-11,1.14406e-12
eigen_elementwise,995,1,0,2,1e-12,0.0362417,0,1.15961e-11,1.12253e-12
eigen_elementwise,996,1,0,2,1e-12,0.0361823,0,1.22782e-11,1.00389e-12
eigen_elementwise,997,1,0,2,1e-12,0.036449,0,1.08002e-11,1.03376e-12
eigen_elementwise,998,1,0,2,1e-12,0.0368155,0,1.3415e-11,1.17612e-12
eigen_elementwise,999,1,0,2,1e-12,0.0364084,0,1.10276e-11,1.0727e-12
eigen_elementwise,1000,1,0,2,1e-12,0.0363826,0,1.42109e-11,1.17698e-12
