version, size, hermitian, complex, seed, tol, runtime in s,min_error, max_error, avg_error
eigen_elementwise,1,1,0,7,1e-12,1.886e-06,0,0,0
eigen_elementwise,2,1,0,7,1e-12,2.375e-06,5.68434e-14,1.13687e-13,8.52651e-14
eigen_elementwise,3,1,0,7,1e-12,1.956e-06,5.68434e-14,7.95808e-13,3.12639e-13
eigen_elementwise,4,1,0,7,1e-12,2.374e-06,5.68434e-14,5.68434e-13,3.12639e-13
eigen_elementwise,5,1,0,7,1e-12,2.864e-06,2.84217e-14,4.54747e-13,2.10321e-13
eigen_elementwise,6,1,0,7,1e-12,2.864e-06,0,2.27374e-13,1.13687e-13
eigen_elementwise,7,1,0,7,1e-12,4.261e-06,0,1.13687e-12,2.35494e-13
eigen_elementwise,8,1,0,7,1e-12,4.819e-06,5.68434e-14,3.97904e-13,1.98952e-13
eigen_elementwise,9,1,0,7,1e-12,5.727e-06,5.68434e-14,4.54747e-13,2.14742e-13
eigen_elementwise,10,1,0,7,1e-12,6.216e-06,0,5.11591e-13,2.27374e-13
eigen_elementwise,11,1,0,7,1e-12,8.102e-06,0,2.84217e-13,1.16271e-13
eigen_elementwise,12,1,0,7,1e-12,9.987e-06,5.68434e-14,7.95808e-13,2.51058e-13
eigen_elementwise,13,1,0,7,1e-12,1.1733e-05,5.68434e-14,1.02318e-12,2.66727e-13
eigen_elementwise,14,1,0,7,1e-12,1.1314e-05,0,5.68434e-13,2.59856e-13
eigen_elementwise,15,1,0,7,1e-12,1.3899e-05,0,6.82121e-13,2.93691e-13
eigen_elementwise,16,1,0,7,1e-12,1.4736e-05,0,5.68434e-13,1.7053e-13
eigen_elementwise,17,1,0,7,1e-12,2.7587e-05,0,7.95808e-13,2.9592e-13
eigen_elementwise,18,1,0,7,1e-12,1.8508e-05,5.68434e-14,1.25056e-12,3.52113e-13
eigen_elementwise,19,1,0,7,1e-12,1.9765e-05,0,2.04636e-12,4.56243e-13
eigen_elementwise,20,1,0,7,1e-12,2.1372e-05,0,6.82121e-13,2.10321e-13
eigen_elementwise,21,1,0,7,1e-12,2.1302e-05,0,1.25056e-12,2.59856e-13
eigen_elementwise,22,1,0,7,1e-12,2.3886e-05,0,2.16005e-12,4.63791e-13
eigen_elementwise,23,1,0,7,1e-12,2.5841e-05,0,1.13687e-12,4.01611e-13
eigen_elementwise,24,1,0,7,1e-12,2.8635e-05,0,1.13687e-12,2.49874e-13
eigen_elementwise,25,1,0,7,1e-12,3.0032e-05,0,9.09495e-13,3.58114e-13
eigen_elementwise,26,1,0,7,1e-12,3.534e-05,0,1.81899e-12,5.20336e-13
eigen_elementwise,27,1,0,7,1e-12,3.527e-05,2.84217e-14,1.81899e-12,4.32642e-13
eigen_elementwise,28,1,0,7,1e-12,3.7365e-05,2.84217e-14,1.81899e-12,3.40045e-13
eigen_elementwise,29,1,0,7,1e-12,4.1416e-05,0,2.50111e-12,4.07705e-13
eigen_elementwise,30,1,0,7,1e-12,4.3721e-05,2.84217e-14,1.47793e-12,4.33905e-13
eigen_elementwise,31,1,0,7,1e-12,4.5607e-05,0,1.59162e-12,3.90569e-13
eigen_elementwise,32,1,0,7,1e-12,5.0915e-05,0,1.25056e-12,4.02345e-13
eigen_elementwise,33,1,0,7,1e-12,5.5663e-05,0,2.04636e-12,2.82495e-13
eigen_elementwise,34,1,0,7,1e-12,5.9923e-05,0,1.42109e-12,4.932e-13
eigen_elementwise,35,1,0,7,1e-12,6.2438e-05,0,5.34328e-12,5.21335e-13
eigen_elementwise,36,1,0,7,1e-12,6.4813e-05,2.84217e-14,1.36424e-12,3.51324e-13
eigen_elementwise,37,1,0,7,1e-12,6.6699e-05,0,2.38742e-12,2.73079e-13
eigen_elementwise,38,1,0,7,1e-12,6.9212e-05,0,2.04636e-12,3.62564e-13
eigen_elementwise,39,1,0,7,1e-12,7.459e-05,0,1.93268e-12,4.59484e-13
eigen_elementwise,40,1,0,7,1e-12,7.927e-05,0,1.25056e-12,3.10152e-13
eigen_elementwise,41,1,0,7,1e-12,7.9968e-05,0,2.27374e-12,3.67922e-13
eigen_elementwise,42,1,0,7,1e-12,8.1574e-05,0,1.7053e-12,3.54341e-13
eigen_elementwise,43,1,0,7,1e-12,8.7301e-05,0,2.38742e-12,4.37232e-13
eigen_elementwise,44,1,0,7,1e-12,8.9676e-05,0,1.81899e-12,3.56402e-13
eigen_elementwise,45,1,0,7,1e-12,9.7289e-05,0,2.6148e-12,6.24014e-13
eigen_elementwise,46,1,0,7,1e-12,0.000108604,0,1.7053e-12,4.97843e-13
eigen_elementwise,47,1,0,7,1e-12,0.000108114,0,2.27374e-12,4.77802e-13
eigen_elementwise,48,1,0,7,1e-12,0.000109581,0,1.81899e-12,4.17814e-13
eigen_elementwise,49,1,0,7,1e-12,0.0001188,0,1.25056e-12,3.57592e-13
eigen_elementwise,50,1,0,7,1e-12,0.000121524,0,2.38742e-12,4.62279e-13
eigen_elementwise,51,1,0,7,1e-12,0.000126831,0,1.7053e-12,4.84562e-13
eigen_elementwise,52,1,0,7,1e-12,0.000128368,0,2.50111e-12,3.76793e-13
eigen_elementwise,53,1,0,7,1e-12,0.000134584,0,1.81899e-12,4.41743e-13
eigen_elementwise,54,1,0,7,1e-12,0.000144501,0,2.04636e-12,4.02707e-13
eigen_elementwise,55,1,0,7,1e-12,0.000144781,0,2.38742e-12,3.9939e-13
eigen_elementwise,56,1,0,7,1e-12,0.000147854,0,2.04636e-12,4.50306e-13
eigen_elementwise,57,1,0,7,1e-12,0.000152114,0,2.50111e-12,4.64097e-13
eigen_elementwise,58,1,0,7,1e-12,0.000163149,2.84217e-14,2.50111e-12,4.96277e-13
eigen_elementwise,59,1,0,7,1e-12,0.000161194,0,3.75167e-12,5.55367e-13
eigen_elementwise,60,1,0,7,1e-12,0.000169365,0,2.27374e-12,4.41839e-13
eigen_elementwise,61,1,0,7,1e-12,0.000165593,0,2.50111e-12,5.62435e-13
eigen_elementwise,62,1,0,7,1e-12,0.000180261,0,2.38742e-12,4.13318e-13
eigen_elementwise,63,1,0,7,1e-12,0.000192762,0,2.95586e-12,5.15651e-13
eigen_elementwise,64,1,0,7,1e-12,0.000186406,0,4.43379e-12,6.05738e-13
eigen_elementwise,65,1,0,7,1e-12,0.000193182,0,2.72848e-12,5.70019e-13
eigen_elementwise,66,1,0,7,1e-12,0.000207918,5.68434e-14,2.50111e-12,4.88175e-13
eigen_elementwise,67,1,0,7,1e-12,0.000211829,0,2.95586e-12,5.17371e-13
eigen_elementwise,68,1,0,7,1e-12,0.000210781,0,2.6148e-12,4.63159e-13
eigen_elementwise,69,1,0,7,1e-12,0.000216578,0,4.09273e-12,6.09985e-13
eigen_elementwise,70,1,0,7,1e-12,0.000219302,0,2.72848e-12,4.55255e-13
eigen_elementwise,71,1,0,7,1e-12,0.000241093,0,2.38742e-12,4.99682e-13
eigen_elementwise,72,1,0,7,1e-12,0.000243187,0,2.84217e-12,4.47445e-13
eigen_elementwise,73,1,0,7,1e-12,0.000246889,0,3.18323e-12,4.97623e-13
eigen_elementwise,74,1,0,7,1e-12,0.000257644,0,2.27374e-12,5.72227e-13
eigen_elementwise,75,1,0,7,1e-12,0.000266165,0,3.29692e-12,6.54836e-13
eigen_elementwise,76,1,0,7,1e-12,0.000273219,0,2.95586e-12,5.31692e-13
eigen_elementwise,77,1,0,7,1e-12,0.00026847,0,4.09273e-12,5.84121e-13
eigen_elementwise,78,1,0,7,1e-12,0.000275803,0,2.72848e-12,5.2899e-13
eigen_elementwise,79,1,0,7,1e-12,0.000283975,0,2.50111e-12,4.46023e-13
eigen_elementwise,80,1,0,7,1e-12,0.000291657,0,2.50111e-12,4.40536e-13
eigen_elementwise,81,1,0,7,1e-12,0.000302902,0,3.29692e-12,6.20979e-13
eigen_elementwise,82,1,0,7,1e-12,0.000315822,0,3.75167e-12,5.40099e-13
eigen_elementwise,83,1,0,7,1e-12,0.00030353,0,3.75167e-12,5.07268e-13
eigen_elementwise,84,1,0,7,1e-12,0.000329023,0,2.72848e-12,4.90486e-13
eigen_elementwise,85,1,0,7,1e-12,0.000319804,0,3.97904e-12,4.80494e-13
eigen_elementwise,86,1,0,7,1e-12,0.000329022,0,3.97904e-12,5.73929e-13
eigen_elementwise,87,1,0,7,1e-12,0.000346762,0,2.84217e-12,5.47118e-13
eigen_elementwise,88,1,0,7,1e-12,0.000357657,0,5.11591e-12,5.71624e-13
eigen_elementwise,89,1,0,7,1e-12,0.000355772,0,3.06954e-12,5.49433e-13
eigen_elementwise,90,1,0,7,1e-12,0.000367785,0,3.86535e-12,5.29315e-13
eigen_elementwise,91,1,0,7,1e-12,0.000364781,0,2.6148e-12,5.5231e-13
eigen_elementwise,92,1,0,7,1e-12,0.00037393,0,3.06954e-12,5.06725e-13
eigen_elementwise,93,1,0,7,1e-12,0.000379658,0,3.29692e-12,7.00343e-13
eigen_elementwise,94,1,0,7,1e-12,0.000406476,0,3.97904e-12,5.43225e-13
eigen_elementwise,95,1,0,7,1e-12,0.000401727,0,3.75167e-12,5.19145e-13
eigen_elementwise,96,1,0,7,1e-12,0.000419677,0,3.06954e-12,5.08852e-13
eigen_elementwise,97,1,0,7,1e-12,0.000427429,0,4.66116e-12,6.49194e-13
eigen_elementwise,98,1,0,7,1e-12,0.000424705,0,3.63798e-12,4.72366e-13
eigen_elementwise,99,1,0,7,1e-12,0.000431898,0,3.75167e-12,5.20132e-13
eigen_elementwise,100,1,0,7,1e-12,0.000444959,0,2.38742e-12,4.78195e-13
eigen_elementwise,101,1,0,7,1e-12,0.000443842,0,3.52429e-12,6.31855e-13
eigen_elementwise,102,1,0,7,1e-12,0.000453898,0,4.43379e-12,6.68537e-13
eigen_elementwise,103,1,0,7,1e-12,0.000497619,0,3.63798e-12,6.63495e-13
eigen_elementwise,104,1,0,7,1e-12,0.000477086,0,3.75167e-12,4.93417e-13
eigen_elementwise,105,1,0,7,1e-12,0.000485676,0,4.77485e-12,6.28424e-13
eigen_elementwise,106,1,0,7,1e-12,0.000486375,0,4.09273e-12,6.51085e-13
eigen_elementwise,107,1,0,7,1e-12,0.000495384,0,4.3201e-12,5.70626e-13
eigen_elementwise,108,1,0,7,1e-12,0.000501321,0,4.20641e-12,5.0636e-13
eigen_elementwise,109,1,0,7,1e-12,0.000508096,0,3.29692e-12,4.42688e-13
eigen_elementwise,110,1,0,7,1e-12,0.000523461,0,4.77485e-12,6.06577e-13
eigen_elementwise,111,1,0,7,1e-12,0.000529257,0,4.20641e-12,5.37612e-13
eigen_elementwise,112,1,0,7,1e-12,0.000553981,0,3.75167e-12,6.88053e-13
eigen_elementwise,113,1,0,7,1e-12,0.000564458,0,5.57066e-12,5.50325e-13
eigen_elementwise,114,1,0,7,1e-12,0.000566064,7.10543e-15,4.54747e-12,7.04403e-13
eigen_elementwise,115,1,0,7,1e-12,0.000583314,0,3.52429e-12,6.03313e-13
eigen_elementwise,116,1,0,7,1e-12,0.000620959,0,5.00222e-12,5.3597e-13
eigen_elementwise,117,1,0,7,1e-12,0.00062054,0,6.70752e-12,5.7806e-13
eigen_elementwise,118,1,0,7,1e-12,0.000616908,0,3.75167e-12,5.16137e-13
eigen_elementwise,119,1,0,7,1e-12,0.000619283,0,3.75167e-12,6.54326e-13
eigen_elementwise,120,1,0,7,1e-12,0.000630667,0,3.29692e-12,5.97034e-13
eigen_elementwise,121,1,0,7,1e-12,0.000636604,0,3.63798e-12,5.66849e-13
eigen_elementwise,122,1,0,7,1e-12,0.000670966,0,5.22959e-12,6.72133e-13
eigen_elementwise,123,1,0,7,1e-12,0.00069073,0,3.29692e-12,6.4515e-13
eigen_elementwise,124,1,0,7,1e-12,0.000676064,0,2.50111e-12,6.52238e-13
eigen_elementwise,125,1,0,7,1e-12,0.000685422,0,5.34328e-12,6.14619e-13
eigen_elementwise,126,1,0,7,1e-12,0.000681093,0,2.84217e-12,6.41067e-13
eigen_elementwise,127,1,0,7,1e-12,0.000722299,0,2.95586e-12,5.80883e-13
eigen_elementwise,128,1,0,7,1e-12,0.000694991,0,4.43379e-12,6.75043e-13
eigen_elementwise,129,1,0,7,1e-12,0.000712032,0,4.09273e-12,5.79202e-13
eigen_elementwise,130,1,0,7,1e-12,0.00073913,0,2.84217e-12,5.76277e-13
eigen_elementwise,131,1,0,7,1e-12,0.000741854,0,5.91172e-12,7.48185e-13
eigen_elementwise,132,1,0,7,1e-12,0.000766508,0,4.77485e-12,6.82928e-13
eigen_elementwise,133,1,0,7,1e-12,0.000751143,0,3.18323e-12,5.66324e-13
eigen_elementwise,134,1,0,7,1e-12,0.00080101,0,5.79803e-12,6.72523e-13
eigen_elementwise,135,1,0,7,1e-12,0.000800801,0,3.63798e-12,6.68542e-13
eigen_elementwise,136,1,0,7,1e-12,0.000855556,0,3.63798e-12,6.43146e-13
eigen_elementwise,137,1,0,7,1e-12,0.000808204,0,3.41061e-12,5.74321e-13
eigen_elementwise,138,1,0,7,1e-12,0.000828667,0,3.29692e-12,5.78706e-13
eigen_elementwise,139,1,0,7,1e-12,0.000829924,0,3.75167e-12,5.80396e-13
eigen_elementwise,140,1,0,7,1e-12,0.000872248,0,4.43379e-12,6.21547e-13
eigen_elementwise,141,1,0,7,1e-12,0.000873645,0,2.95586e-12,5.64025e-13
eigen_elementwise,142,1,0,7,1e-12,0.00087134,0,4.09273e-12,6.61005e-13
eigen_elementwise,143,1,0,7,1e-12,0.000913176,0,4.66116e-12,6.83015e-13
eigen_elementwise,144,1,0,7,1e-12,0.000936293,0,5.11591e-12,6.23625e-13
eigen_elementwise,145,1,0,7,1e-12,0.000923093,0,4.54747e-12,6.71683e-13
eigen_elementwise,146,1,0,7,1e-12,0.000923582,0,3.52429e-12,6.2776e-13
eigen_elementwise,147,1,0,7,1e-12,0.00092861,0,4.77485e-12,6.82556e-13
eigen_elementwise,148,1,0,7,1e-12,0.00095075,0,6.48015e-12,6.72087e-13
eigen_elementwise,149,1,0,7,1e-12,0.000945511,0,4.66116e-12,6.16527e-13
eigen_elementwise,150,1,0,7,1e-12,0.000983366,0,4.77485e-12,6.89321e-13
eigen_elementwise,151,1,0,7,1e-12,0.000974356,0,3.41061e-12,5.52341e-13
eigen_elementwise,152,1,0,7,1e-12,0.00103114,0,5.11591e-12,6.45671e-13
eigen_elementwise,153,1,0,7,1e-12,0.000996427,0,5.68434e-12,6.28494e-13
eigen_elementwise,154,1,0,7,1e-12,0.00102744,0,4.54747e-12,6.03483e-13
eigen_elementwise,155,1,0,7,1e-12,0.0010384,0,4.3201e-12,6.98971e-13
eigen_elementwise,156,1,0,7,1e-12,0.00107276,0,4.3201e-12,6.75471e-13
eigen_elementwise,157,1,0,7,1e-12,0.00105027,0,4.77485e-12,6.07831e-13
eigen_elementwise,158,1,0,7,1e-12,0.00106634,0,5.45697e-12,7.23657e-13
eigen_elementwise,159,1,0,7,1e-12,0.00110426,0,4.77485e-12,7.12082e-13
eigen_elementwise,160,1,0,7,1e-12,0.0011417,0,4.88853e-12,6.22152e-13
eigen_elementwise,161,1,0,7,1e-12,0.00110091,0,3.75167e-12,6.37723e-13
eigen_elementwise,162,1,0,7,1e-12,0.00112018,0,2.84217e-12,5.50586e-13
eigen_elementwise,163,1,0,7,1e-12,0.00112787,0,6.9349e-12,7.40128e-13
eigen_elementwise,164,1,0,7,1e-12,0.00117522,0,4.3201e-12,6.82576e-13
eigen_elementwise,165,1,0,7,1e-12,0.00116439,0,5.00222e-12,6.36041e-13
eigen_elementwise,166,1,0,7,1e-12,0.00114372,0,5.57066e-12,7.10318e-13
eigen_elementwise,167,1,0,7,1e-12,0.00120819,0,4.09273e-12,6.65147e-13
eigen_elementwise,168,1,0,7,1e-12,0.00127593,0,5.22959e-12,7.78224e-13
eigen_elementwise,169,1,0,7,1e-12,0.00120784,0,7.04858e-12,7.02983e-13
eigen_elementwise,170,1,0,7,1e-12,0.00123214,0,7.04858e-12,6.79281e-13
eigen_elementwise,171,1,0,7,1e-12,0.00126524,0,6.0254e-12,7.14067e-13
eigen_elementwise,172,1,0,7,1e-12,0.00123689,0,4.3201e-12,6.13197e-13
eigen_elementwise,173,1,0,7,1e-12,0.00130513,0,3.97904e-12,6.30009e-13
eigen_elementwise,174,1,0,7,1e-12,0.0013353,0,5.45697e-12,6.43554e-13
eigen_elementwise,175,1,0,7,1e-12,0.00127712,0,4.3201e-12,5.94455e-13
eigen_elementwise,176,1,0,7,1e-12,0.00138838,0,5.45697e-12,7.32043e-13
eigen_elementwise,177,1,0,7,1e-12,0.00140276,0,4.88853e-12,6.74331e-13
eigen_elementwise,178,1,0,7,1e-12,0.0013318,0,4.88853e-12,6.98747e-13
eigen_elementwise,179,1,0,7,1e-12,0.00143601,0,4.66116e-12,6.34179e-13
eigen_elementwise,180,1,0,7,1e-12,0.0014513,0,5.11591e-12,7.23059e-13
eigen_elementwise,181,1,0,7,1e-12,0.00137985,0,5.00222e-12,6.80055e-13
eigen_elementwise,182,1,0,7,1e-12,0.0014865,0,4.54747e-12,7.11211e-13
eigen_elementwise,183,1,0,7,1e-12,0.00152869,0,4.54747e-12,6.84921e-13
eigen_elementwise,184,1,0,7,1e-12,0.0015113,0,3.18323e-12,6.23854e-13
eigen_elementwise,185,1,0,7,1e-12,0.00145507,0,4.88853e-12,7.61106e-13
eigen_elementwise,186,1,0,7,1e-12,0.00149935,0,4.3201e-12,7.24663e-13
eigen_elementwise,187,1,0,7,1e-12,0.00153001,0,3.75167e-12,5.89209e-13
eigen_elementwise,188,1,0,7,1e-12,0.00155236,0,4.54747e-12,7.81129e-13
eigen_elementwise,189,1,0,7,1e-12,0.00150969,0,6.13909e-12,6.79092e-13
eigen_elementwise,190,1,0,7,1e-12,0.0015606,0,5.45697e-12,6.54898e-13
eigen_elementwise,191,1,0,7,1e-12,0.00154461,0,4.77485e-12,6.28516e-13
eigen_elementwise,192,1,0,7,1e-12,0.00165133,0,7.61702e-12,6.23062e-13
eigen_elementwise,193,1,0,7,1e-12,0.00155725,0,4.20641e-12,6.8028e-13
eigen_elementwise,194,1,0,7,1e-12,0.00165943,0,6.0254e-12,6.89394e-13
eigen_elementwise,195,1,0,7,1e-12,0.00164735,0,5.34328e-12,7.26851e-13
eigen_elementwise,196,1,0,7,1e-12,0.0017028,0,5.91172e-12,7.21733e-13
eigen_elementwise,197,1,0,7,1e-12,0.00164176,0,4.66116e-12,6.1886e-13
eigen_elementwise,198,1,0,7,1e-12,0.00166551,0,6.9349e-12,7.76672e-13
eigen_elementwise,199,1,0,7,1e-12,0.00172934,0,4.54747e-12,7.25662e-13
eigen_elementwise,200,1,0,7,1e-12,0.00176789,0,5.11591e-12,6.96341e-13
eigen_elementwise,201,1,0,7,1e-12,0.00168192,0,7.50333e-12,6.8532e-13
eigen_elementwise,202,1,0,7,1e-12,0.0017526,0,5.34328e-12,6.75053e-13
eigen_elementwise,203,1,0,7,1e-12,0.00179946,0,3.41061e-12,7.09145e-13
eigen_elementwise,204,1,0,7,1e-12,0.00176042,0,4.43379e-12,6.62263e-13
eigen_elementwise,205,1,0,7,1e-12,0.00184674,0,6.36646e-12,6.88915e-13
eigen_elementwise,206,1,0,7,1e-12,0.00175804,0,8.75389e-12,7.47212e-13
eigen_elementwise,207,1,0,7,1e-12,0.00187803,0,6.25278e-12,7.95591e-13
eigen_elementwise,208,1,0,7,1e-12,0.00193153,0,7.27596e-12,7.05916e-13
eigen_elementwise,209,1,0,7,1e-12,0.00190276,0,6.70752e-12,6.74079e-13
eigen_elementwise,210,1,0,7,1e-12,0.00191295,0,6.48015e-12,7.8165e-13
eigen_elementwise,211,1,0,7,1e-12,0.00187021,0,4.43379e-12,6.50418e-13
eigen_elementwise,212,1,0,7,1e-12,0.00192064,0,6.82121e-12,7.14667e-13
eigen_elementwise,213,1,0,7,1e-12,0.00196087,0,3.97904e-12,6.7935e-13
eigen_elementwise,214,1,0,7,1e-12,0.00200675,0,5.91172e-12,8.27039e-13
eigen_elementwise,215,1,0,7,1e-12,0.00198594,0,4.3201e-12,6.51623e-13
eigen_elementwise,216,1,0,7,1e-12,0.00204956,0,5.00222e-12,7.06873e-13
eigen_elementwise,217,1,0,7,1e-12,0.0019617,0,7.38964e-12,8.09828e-13
eigen_elementwise,218,1,0,7,1e-12,0.002062,0,3.97904e-12,7.32134e-13
eigen_elementwise,219,1,0,7,1e-12,0.00205292,0,3.86535e-12,7.32064e-13
eigen_elementwise,220,1,0,7,1e-12,0.00217206,0,8.86757e-12,6.78528e-13
eigen_elementwise,221,1,0,7,1e-12,0.00211396,0,5.34328e-12,6.87364e-13
eigen_elementwise,222,1,0,7,1e-12,0.00215684,0,6.13909e-12,7.4803e-13
eigen_elementwise,223,1,0,7,1e-12,0.00218114,0,6.36646e-12,7.33153e-13
eigen_elementwise,224,1,0,7,1e-12,0.00227997,0,5.34328e-12,6.56542e-13
eigen_elementwise,225,1,0,7,1e-12,0.002071,0,5.11591e-12,7.03189e-13
eigen_elementwise,226,1,0,7,1e-12,0.00222899,0,1.08002e-11,7.06756e-13
eigen_elementwise,227,1,0,7,1e-12,0.00226216,0,7.04858e-12,7.76906e-13
eigen_elementwise,228,1,0,7,1e-12,0.0022822,0,4.77485e-12,6.71734e-13
eigen_elementwise,229,1,0,7,1e-12,0.00228206,0,6.70752e-12,7.18311e-13
eigen_elementwise,230,1,0,7,1e-12,0.00228081,0,5.79803e-12,7.58062e-13
eigen_elementwise,231,1,0,7,1e-12,0.00229827,0,5.57066e-12,6.96837e-13
eigen_elementwise,232,1,0,7,1e-12,0.00239165,0,6.0254e-12,7.29231e-13
eigen_elementwise,233,1,0,7,1e-12,0.00234702,0,6.0254e-12,7.35153e-13
eigen_elementwise,234,1,0,7,1e-12,0.00228654,0,5.91172e-12,7.55289e-13
eigen_elementwise,235,1,0,7,1e-12,0.00238285,0,5.45697e-12,6.85396e-13
eigen_elementwise,236,1,0,7,1e-12,0.00246896,0,1.08002e-11,8.08096e-13
eigen_elementwise,237,1,0,7,1e-12,0.00243634,0,7.61702e-12,7.28424e-13
eigen_elementwise,238,1,0,7,1e-12,0.00244501,0,4.88853e-12,6.80434e-13
eigen_elementwise,239,1,0,7,1e-12,0.00246261,0,5.57066e-12,7.00178e-13
eigen_elementwise,240,1,0,7,1e-12,0.00252609,0,7.16227e-12,6.63164e-13
eigen_elementwise,241,1,0,7,1e-12,0.00250912,0,6.25278e-12,7.01178e-13
eigen_elementwise,242,1,0,7,1e-12,0.00254886,0,5.79803e-12,7.12982e-13
eigen_elementwise,243,1,0,7,1e-12,0.00259579,0,6.70752e-12,7.5213e-13
eigen_elementwise,244,1,0,7,1e-12,0.00245883,0,6.36646e-12,8.63366e-13
eigen_elementwise,245,1,0,7,1e-12,0.00260047,0,8.52651e-12,8.21813e-13
eigen_elementwise,246,1,0,7,1e-12,0.00265229,0,7.61702e-12,7.44503e-13
eigen_elementwise,247,1,0,7,1e-12,0.00258504,0,4.43379e-12,6.93067e-13
eigen_elementwise,248,1,0,7,1e-12,0.00276516,0,8.98126e-12,7.78318e-13
eigen_elementwise,249,1,0,7,1e-12,0.00267031,0,6.13909e-12,6.67653e-13
eigen_elementwise,250,1,0,7,1e-12,0.00266801,0,5.22959e-12,7.98103e-13
eigen_elementwise,251,1,0,7,1e-12,0.00272556,0,8.07177e-12,7.86102e-13
eigen_elementwise,252,1,0,7,1e-12,0.00278841,0,5.00222e-12,7.07656e-13
eigen_elementwise,253,1,0,7,1e-12,0.00277389,0,7.95808e-12,7.8555e-13
eigen_elementwise,254,1,0,7,1e-12,0.00276592,0,5.22959e-12,6.44809e-13
eigen_elementwise,255,1,0,7,1e-12,0.00289548,0,4.43379e-12,7.49551e-13
eigen_elementwise,256,1,0,7,1e-12,0.00291085,0,5.00222e-12,7.38007e-13
eigen_elementwise,257,1,0,7,1e-12,0.00288033,0,5.00222e-12,7.49399e-13
eigen_elementwise,258,1,0,7,1e-12,0.00277263,0,7.16227e-12,8.47833e-13
eigen_elementwise,259,1,0,7,1e-12,0.00289171,0,7.27596e-12,7.3559e-13
eigen_elementwise,260,1,0,7,1e-12,0.00291874,0,4.77485e-12,7.70177e-13
eigen_elementwise,261,1,0,7,1e-12,0.00300192,0,6.25278e-12,7.24921e-13
eigen_elementwise,262,1,0,7,1e-12,0.00295156,0,6.9349e-12,6.69579e-13
eigen_elementwise,263,1,0,7,1e-12,0.00303419,0,4.88853e-12,8.20317e-13
eigen_elementwise,264,1,0,7,1e-12,0.00303649,0,5.57066e-12,7.6274e-13
eigen_elementwise,265,1,0,7,1e-12,0.00304592,0,5.00222e-12,7.02423e-13
eigen_elementwise,266,1,0,7,1e-12,0.00306366,0,5.57066e-12,7.48026e-13
eigen_elementwise,267,1,0,7,1e-12,0.00306974,0,5.68434e-12,7.52433e-13
eigen_elementwise,268,1,0,7,1e-12,0.00313553,0,5.57066e-12,7.68827e-13
eigen_elementwise,269,1,0,7,1e-12,0.00311646,0,6.9349e-12,7.75639e-13
eigen_elementwise,270,1,0,7,1e-12,0.0031173,0,5.22959e-12,7.57682e-13
eigen_elementwise,271,1,0,7,1e-12,0.00317233,0,8.52651e-12,8.19058e-13
eigen_elementwise,272,1,0,7,1e-12,0.00318029,0,6.59384e-12,7.5379e-13
eigen_elementwise,273,1,0,7,1e-12,0.00323959,0,5.00222e-12,8.05515e-13
eigen_elementwise,274,1,0,7,1e-12,0.00323002,0,6.82121e-12,7.48602e-13
eigen_elementwise,275,1,0,7,1e-12,0.00321375,0,7.04858e-12,8.07095e-13
eigen_elementwise,276,1,0,7,1e-12,0.00331607,0,6.48015e-12,7.91951e-13
eigen_elementwise,277,1,0,7,1e-12,0.00331292,0,6.70752e-12,8.26707e-13
eigen_elementwise,278,1,0,7,1e-12,0.00336789,0,5.45697e-12,7.90351e-13
eigen_elementwise,279,1,0,7,1e-12,0.00339813,0,5.79803e-12,7.23013e-13
eigen_elementwise,280,1,0,7,1e-12,0.00338612,0,6.36646e-12,8.46802e-13
eigen_elementwise,281,1,0,7,1e-12,0.00337313,0,5.34328e-12,7.5979e-13
eigen_elementwise,282,1,0,7,1e-12,0.00340232,0,9.43601e-12,8.90783e-13
eigen_elementwise,283,1,0,7,1e-12,0.00341678,0,5.11591e-12,7.35166e-13
eigen_elementwise,284,1,0,7,1e-12,0.00347363,0,4.20641e-12,6.95514e-13
eigen_elementwise,285,1,0,7,1e-12,0.00355562,0,4.20641e-12,7.29012e-13
eigen_elementwise,286,1,0,7,1e-12,0.0035515,0,4.88853e-12,7.35681e-13
eigen_elementwise,287,1,0,7,1e-12,0.00360011,0,5.79803e-12,8.84663e-13
eigen_elementwise,288,1,0,7,1e-12,0.00355737,0,8.18545e-12,7.50658e-13
eigen_elementwise,289,1,0,7,1e-12,0.00362623,0,5.34328e-12,7.00385e-13
eigen_elementwise,290,1,0,7,1e-12,0.00361582,0,7.7307e-12,8.20212e-13
eigen_elementwise,291,1,0,7,1e-12,0.00365598,0,7.16227e-12,8.18867e-13
eigen_elementwise,292,1,0,7,1e-12,0.00366374,0,5.34328e-12,7.82084e-13
eigen_elementwise,293,1,0,7,1e-12,0.00364481,0,5.79803e-12,7.1207e-13
eigen_elementwise,294,1,0,7,1e-12,0.0037509,0,8.41283e-12,7.44773e-13
eigen_elementwise,295,1,0,7,1e-12,0.00380873,0,7.27596e-12,8.21913e-13
eigen_elementwise,296,1,0,7,1e-12,0.00378344,0,5.00222e-12,6.88639e-13
eigen_elementwise,297,1,0,7,1e-12,0.00379594,0,4.09273e-12,7.53976e-13
eigen_elementwise,298,1,0,7,1e-12,0.00381285,0,5.45697e-12,7.99266e-13
eigen_elementwise,299,1,0,7,1e-12,0.00385755,0,6.9349e-12,8.5017e-13
eigen_elementwise,300,1,0,7,1e-12,0.00391677,0,1.08002e-11,8.56896e-13
eigen_elementwise,301,1,0,7,1e-12,0.00385496,0,5.68434e-12,7.30016e-13
eigen_elementwise,302,1,0,7,1e-12,0.00397711,0,9.43601e-12,8.01193e-13
eigen_elementwise,303,1,0,7,1e-12,0.00398068,0,6.82121e-12,7.65759e-13
eigen_elementwise,304,1,0,7,1e-12,0.00402803,0,6.48015e-12,8.4405e-13
eigen_elementwise,305,1,0,7,1e-12,0.00398738,0,6.82121e-12,8.40861e-13
eigen_elementwise,306,1,0,7,1e-12,0.00417058,0,7.61702e-12,8.22978e-13
eigen_elementwise,307,1,0,7,1e-12,0.00409305,0,6.70752e-12,8.96345e-13
eigen_elementwise,308,1,0,7,1e-12,0.00414292,0,5.68434e-12,7.3956e-13
eigen_elementwise,309,1,0,7,1e-12,0.00405261,0,7.27596e-12,8.47489e-13
eigen_elementwise,310,1,0,7,1e-12,0.0041351,0,7.38964e-12,7.4454e-13
eigen_elementwise,311,1,0,7,1e-12,0.00430732,0,1.04592e-11,8.63786e-13
eigen_elementwise,312,1,0,7,1e-12,0.00418098,0,5.34328e-12,8.30093e-13
eigen_elementwise,313,1,0,7,1e-12,0.00422121,0,9.09495e-12,8.26818e-13
eigen_elementwise,314,1,0,7,1e-12,0.00430446,0,8.07177e-12,7.86707e-13
eigen_elementwise,315,1,0,7,1e-12,0.00433177,0,6.82121e-12,8.14805e-13
eigen_elementwise,316,1,0,7,1e-12,0.00434839,0,7.04858e-12,7.61932e-13
eigen_elementwise,317,1,0,7,1e-12,0.00445224,0,6.13909e-12,7.94584e-13
eigen_elementwise,318,1,0,7,1e-12,0.0044315,0,6.70752e-12,8.72377e-13
eigen_elementwise,319,1,0,7,1e-12,0.00445769,0,7.04858e-12,8.12932e-13
eigen_elementwise,320,1,0,7,1e-12,0.00451098,0,7.95808e-12,7.60679e-13
eigen_elementwise,321,1,0,7,1e-12,0.00444121,0,5.79803e-12,7.71572e-13
eigen_elementwise,322,1,0,7,1e-12,0.00449122,0,6.9349e-12,7.97668e-13
eigen_elementwise,323,1,0,7,1e-12,0.00457901,0,1.05729e-11,8.65538e-13
eigen_elementwise,324,1,0,7,1e-12,0.0044989,0,1.27329e-11,7.85278e-13
eigen_elementwise,325,1,0,7,1e-12,0.00457831,0,5.45697e-12,7.91769e-13
eigen_elementwise,326,1,0,7,1e-12,0.00465576,0,9.20863e-12,9.32871e-13
eigen_elementwise,327,1,0,7,1e-12,0.00466757,0,8.52651e-12,7.9396e-13
eigen_elementwise,328,1,0,7,1e-12,0.00470388,0,8.29914e-12,8.44543e-13
eigen_elementwise,329,1,0,7,1e-12,0.00465709,0,6.25278e-12,8.38407e-13
eigen_elementwise,330,1,0,7,1e-12,0.00472337,0,5.91172e-12,8.46526e-13
eigen_elementwise,331,1,0,7,1e-12,0.00471303,0,8.07177e-12,9.19746e-13
eigen_elementwise,332,1,0,7,1e-12,0.00490977,0,8.6402e-12,8.12291e-13
eigen_elementwise,333,1,0,7,1e-12,0.00473566,0,6.59384e-12,8.02667e-13
eigen_elementwise,334,1,0,7,1e-12,0.00478539,0,8.18545e-12,7.71317e-13
eigen_elementwise,335,1,0,7,1e-12,0.0048282,0,8.18545e-12,9.48575e-13
eigen_elementwise,336,1,0,7,1e-12,0.00489616,0,6.82121e-12,8.10956e-13
eigen_elementwise,337,1,0,7,1e-12,0.00488107,0,5.91172e-12,7.66036e-13
eigen_elementwise,338,1,0,7,1e-12,0.00497508,0,8.18545e-12,8.43971e-13
eigen_elementwise,339,1,0,7,1e-12,0.0049037,0,8.86757e-12,7.7587e-13
eigen_elementwise,340,1,0,7,1e-12,0.00498402,0,7.27596e-12,8.03352e-13
eigen_elementwise,341,1,0,7,1e-12,0.00502879,0,8.98126e-12,7.29432e-13
eigen_elementwise,342,1,0,7,1e-12,0.00508976,0,8.75389e-12,8.26445e-13
eigen_elementwise,343,1,0,7,1e-12,0.0051135,0,5.11591e-12,7.96676e-13
eigen_elementwise,344,1,0,7,1e-12,0.00510226,0,4.66116e-12,7.63391e-13
eigen_elementwise,345,1,0,7,1e-12,0.00514221,0,6.70752e-12,7.8057e-13
eigen_elementwise,346,1,0,7,1e-12,0.00517133,0,6.70752e-12,8.67091e-13
eigen_elementwise,347,1,0,7,1e-12,0.00517824,0,8.6402e-12,8.07887e-13
eigen_elementwise,348,1,0,7,1e-12,0.00515604,0,8.29914e-12,8.22455e-13
eigen_elementwise,349,1,0,7,1e-12,0.00526904,0,7.04858e-12,8.50638e-13
eigen_elementwise,350,1,0,7,1e-12,0.00535187,0,7.04858e-12,8.09726e-13
eigen_elementwise,351,1,0,7,1e-12,0.00533532,0,8.52651e-12,8.45681e-13
eigen_elementwise,352,1,0,7,1e-12,0.00533134,0,7.84439e-12,8.87555e-13
eigen_elementwise,353,1,0,7,1e-12,0.00524802,0,8.07177e-12,8.39603e-13
eigen_elementwise,354,1,0,7,1e-12,0.00535941,0,5.45697e-12,8.09194e-13
eigen_elementwise,355,1,0,7,1e-12,0.00542178,0,6.25278e-12,8.04771e-13
eigen_elementwise,356,1,0,7,1e-12,0.00547228,0,6.70752e-12,7.92647e-13
eigen_elementwise,357,1,0,7,1e-12,0.005544,0,6.0254e-12,7.45775e-13
eigen_elementwise,358,1,0,7,1e-12,0.00555148,0,5.79803e-12,8.64219e-13
eigen_elementwise,359,1,0,7,1e-12,0.00567726,0,5.79803e-12,7.12712e-13
eigen_elementwise,360,1,0,7,1e-12,0.00559401,0,8.41283e-12,9.3414e-13
eigen_elementwise,361,1,0,7,1e-12,0.0056554,0,1.17097e-11,9.33506e-13
eigen_elementwise,362,1,0,7,1e-12,0.00556104,0,6.82121e-12,7.8881e-13
eigen_elementwise,363,1,0,7,1e-12,0.00571239,0,8.98126e-12,7.87175e-13
eigen_elementwise,364,1,0,7,1e-12,0.00571009,0,6.70752e-12,8.91306e-13
eigen_elementwise,365,1,0,7,1e-12,0.00577273,0,8.18545e-12,8.66292e-13
eigen_elementwise,366,1,0,7,1e-12,0.00580933,0,8.6402e-12,8.56922e-13
eigen_elementwise,367,1,0,7,1e-12,0.00573656,0,8.41283e-12,8.07457e-13
eigen_elementwise,368,1,0,7,1e-12,0.00557033,0,6.0254e-12,8.48249e-13
eigen_elementwise,369,1,0,7,1e-12,0.00588965,0,5.79803e-12,8.09949e-13
eigen_elementwise,370,1,0,7,1e-12,0.00583238,0,7.50333e-12,9.37993e-13
eigen_elementwise,371,1,0,7,1e-12,0.00587533,0,9.77707e-12,8.69496e-13
eigen_elementwise,372,1,0,7,1e-12,0.00595293,0,6.48015e-12,7.59424e-13
eigen_elementwise,373,1,0,7,1e-12,0.00565889,0,7.38964e-12,8.17573e-13
eigen_elementwise,374,1,0,7,1e-12,0.00603904,0,6.0254e-12,7.70893e-13
eigen_elementwise,375,1,0,7,1e-12,0.00603904,0,9.09495e-12,9.41085e-13
eigen_elementwise,376,1,0,7,1e-12,0.00605957,0,7.50333e-12,8.65736e-13
eigen_elementwise,377,1,0,7,1e-12,0.00611063,0,8.29914e-12,7.07036e-13
eigen_elementwise,378,1,0,7,1e-12,0.00606181,0,6.82121e-12,8.51139e-13
eigen_elementwise,379,1,0,7,1e-12,0.00606279,0,6.36646e-12,8.12657e-13
eigen_elementwise,380,1,0,7,1e-12,0.00618131,0,6.82121e-12,8.8505e-13
eigen_elementwise,381,1,0,7,1e-12,0.00618138,0,8.29914e-12,8.76875e-13
eigen_elementwise,382,1,0,7,1e-12,0.00616713,0,6.59384e-12,8.98782e-13
eigen_elementwise,383,1,0,7,1e-12,0.00623941,0,8.52651e-12,8.44855e-13
eigen_elementwise,384,1,0,7,1e-12,0.00635214,0,7.27596e-12,8.15401e-13
eigen_elementwise,385,1,0,7,1e-12,0.00638021,0,8.41283e-12,8.22201e-13
eigen_elementwise,386,1,0,7,1e-12,0.00641409,0,7.38964e-12,8.84253e-13
eigen_elementwise,387,1,0,7,1e-12,0.00618459,0,7.27596e-12,8.14251e-13
eigen_elementwise,388,1,0,7,1e-12,0.00588036,0,5.79803e-12,7.40857e-13
eigen_elementwise,389,1,0,7,1e-12,0.00647164,0,9.66338e-12,9.75582e-13
eigen_elementwise,390,1,0,7,1e-12,0.0065787,0,6.36646e-12,9.07617e-13
eigen_elementwise,391,1,0,7,1e-12,0.00660943,0,1.13687e-11,8.29948e-13
eigen_elementwise,392,1,0,7,1e-12,0.00660762,0,8.6402e-12,8.71503e-13
eigen_elementwise,393,1,0,7,1e-12,0.00665469,0,1.01181e-11,8.81884e-13
eigen_elementwise,394,1,0,7,1e-12,0.00672551,0,5.45697e-12,8.05033e-13
eigen_elementwise,395,1,0,7,1e-12,0.00668807,0,1.08002e-11,8.85732e-13
eigen_elementwise,396,1,0,7,1e-12,0.00667446,0,5.68434e-12,9.59957e-13
eigen_elementwise,397,1,0,7,1e-12,0.0063622,0,1.1255e-11,8.16249e-13
eigen_elementwise,398,1,0,7,1e-12,0.00677167,0,6.9349e-12,8.46288e-13
eigen_elementwise,399,1,0,7,1e-12,0.00679828,0,8.52651e-12,8.76383e-13
eigen_elementwise,400,1,0,7,1e-12,0.0069585,0,8.52651e-12,9.23861e-13
eigen_elementwise,401,1,0,7,1e-12,0.00651382,0,1.02318e-11,8.20271e-13
eigen_elementwise,402,1,0,7,1e-12,0.00684885,0,8.29914e-12,8.49903e-13
eigen_elementwise,403,1,0,7,1e-12,0.00691415,0,9.89075e-12,9.10262e-13
eigen_elementwise,404,1,0,7,1e-12,0.00693915,0,6.70752e-12,7.69622e-13
eigen_elementwise,405,1,0,7,1e-12,0.00699405,0,8.6402e-12,8.51094e-13
eigen_elementwise,406,1,0,7,1e-12,0.00706242,0,6.82121e-12,8.93849e-13
eigen_elementwise,407,1,0,7,1e-12,0.00702499,0,6.0254e-12,7.94297e-13
eigen_elementwise,408,1,0,7,1e-12,0.00713778,0,9.32232e-12,9.37045e-13
eigen_elementwise,409,1,0,7,1e-12,0.00706333,0,7.16227e-12,8.64872e-13
eigen_elementwise,410,1,0,7,1e-12,0.0071697,0,6.70752e-12,7.86158e-13
eigen_elementwise,411,1,0,7,1e-12,0.00723661,0,6.25278e-12,7.70432e-13
eigen_elementwise,412,1,0,7,1e-12,0.00719261,0,8.75389e-12,9.58502e-13
eigen_elementwise,413,1,0,7,1e-12,0.00729374,0,7.50333e-12,8.29959e-13
eigen_elementwise,414,1,0,7,1e-12,0.00741121,0,1.08002e-11,9.25619e-13
eigen_elementwise,415,1,0,7,1e-12,0.00738914,0,5.79803e-12,9.18376e-13
eigen_elementwise,416,1,0,7,1e-12,0.00739927,0,8.07177e-12,9.14386e-13
eigen_elementwise,417,1,0,7,1e-12,0.00752889,0,7.38964e-12,8.98075e-13
eigen_elementwise,418,1,0,7,1e-12,0.00745968,0,6.82121e-12,7.79531e-13
eigen_elementwise,419,1,0,7,1e-12,0.0075136,0,8.98126e-12,8.58379e-13
eigen_elementwise,420,1,0,7,1e-12,0.00707171,0,6.48015e-12,8.43931e-13
eigen_elementwise,421,1,0,7,1e-12,0.00759238,0,6.9349e-12,8.1193e-13
eigen_elementwise,422,1,0,7,1e-12,0.007625,0,6.36646e-12,8.38689e-13
eigen_elementwise,423,1,0,7,1e-12,0.00768967,0,9.32232e-12,9.15812e-13
eigen_elementwise,424,1,0,7,1e-12,0.0076882,0,8.07177e-12,8.86396e-13
eigen_elementwise,425,1,0,7,1e-12,0.00778919,0,1.00044e-11,8.78735e-13
eigen_elementwise,426,1,0,7,1e-12,0.0077718,0,5.11591e-12,7.9358e-13
eigen_elementwise,427,1,0,7,1e-12,0.00734298,0,9.09495e-12,9.6432e-13
eigen_elementwise,428,1,0,7,1e-12,0.00792454,0,8.75389e-12,8.38743e-13
eigen_elementwise,429,1,0,7,1e-12,0.00788306,0,1.06866e-11,9.94923e-13
eigen_elementwise,430,1,0,7,1e-12,0.00791204,0,6.70752e-12,9.70921e-13
eigen_elementwise,431,1,0,7,1e-12,0.00795381,0,6.25278e-12,9.19423e-13
eigen_elementwise,432,1,0,7,1e-12,0.00793467,0,7.27596e-12,8.7117e-13
eigen_elementwise,433,1,0,7,1e-12,0.00801618,0,1.06866e-11,9.48114e-13
eigen_elementwise,434,1,0,7,1e-12,0.0081178,0,7.50333e-12,9.11928e-13
eigen_elementwise,435,1,0,7,1e-12,0.00814008,0,6.36646e-12,9.34966e-13
eigen_elementwise,436,1,0,7,1e-12,0.00828283,0,7.50333e-12,9.27908e-13
eigen_elementwise,437,1,0,7,1e-12,0.00816962,0,7.84439e-12,8.45518e-13
eigen_elementwise,438,1,0,7,1e-12,0.00824638,0,1.14824e-11,9.02761e-13
eigen_elementwise,439,1,0,7,1e-12,0.00827948,0,8.07177e-12,8.69217e-13
eigen_elementwise,440,1,0,7,1e-12,0.00831922,0,9.54969e-12,9.18927e-13
eigen_elementwise,441,1,0,7,1e-12,0.00834443,0,7.16227e-12,8.42322e-13
eigen_elementwise,442,1,0,7,1e-12,0.00846372,0,8.6402e-12,8.47769e-13
eigen_elementwise,443,1,0,7,1e-12,0.00840701,0,1.15961e-11,9.37376e-13
eigen_elementwise,444,1,0,7,1e-12,0.00849717,0,7.27596e-12,8.84746e-13
eigen_elementwise,445,1,0,7,1e-12,0.00849578,0,6.48015e-12,8.84624e-13
eigen_elementwise,446,1,0,7,1e-12,0.00862275,0,9.09495e-12,9.47461e-13
eigen_elementwise,447,1,0,7,1e-12,0.00851191,0,7.95808e-12,8.21925e-13
eigen_elementwise,448,1,0,7,1e-12,0.00793202,0,1.1255e-11,8.54264e-13
eigen_elementwise,449,1,0,7,1e-12,0.00862422,0,9.66338e-12,9.16954e-13
eigen_elementwise,450,1,0,7,1e-12,0.00860396,0,6.48015e-12,8.60604e-13
eigen_elementwise,451,1,0,7,1e-12,0.00859733,0,1.3074e-11,8.36308e-13
eigen_elementwise,452,1,0,7,1e-12,0.00844654,0,7.95808e-12,8.85385e-13
eigen_elementwise,453,1,0,7,1e-12,0.00864985,0,1.14824e-11,9.32804e-13
eigen_elementwise,454,1,0,7,1e-12,0.00875482,0,8.41283e-12,8.89235e-13
eigen_elementwise,455,1,0,7,1e-12,0.00881397,0,8.86757e-12,9.22828e-13
eigen_elementwise,456,1,0,7,1e-12,0.00895512,0,8.86757e-12,9.48805e-13
eigen_elementwise,457,1,0,7,1e-12,0.00899144,0,8.29914e-12,7.79257e-13
eigen_elementwise,458,1,0,7,1e-12,0.0088109,0,1.05729e-11,8.592e-13
eigen_elementwise,459,1,0,7,1e-12,0.00895827,0,8.07177e-12,8.7571e-13
eigen_elementwise,460,1,0,7,1e-12,0.00902685,0,8.52651e-12,9.24598e-13
eigen_elementwise,461,1,0,7,1e-12,0.00907462,0,7.04858e-12,8.70936e-13
eigen_elementwise,462,1,0,7,1e-12,0.00929364,0,7.50333e-12,9.73379e-13
eigen_elementwise,463,1,0,7,1e-12,0.00913755,0,7.27596e-12,8.44319e-13
eigen_elementwise,464,1,0,7,1e-12,0.0092273,0,9.66338e-12,8.67079e-13
eigen_elementwise,465,1,0,7,1e-12,0.00934344,0,7.95808e-12,8.65131e-13
eigen_elementwise,466,1,0,7,1e-12,0.00925579,0,7.38964e-12,9.63557e-13
eigen_elementwise,467,1,0,7,1e-12,0.00927598,0,6.82121e-12,7.797e-13
eigen_elementwise,468,1,0,7,1e-12,0.00940532,0,1.35287e-11,8.77749e-13
eigen_elementwise,469,1,0,7,1e-12,0.00933876,0,1.02318e-11,9.14299e-13
eigen_elementwise,470,1,0,7,1e-12,0.00947921,0,8.6402e-12,9.35806e-13
eigen_elementwise,471,1,0,7,1e-12,0.00960968,0,8.18545e-12,9.25925e-13
eigen_elementwise,472,1,0,7,1e-12,0.00927744,0,1.01181e-11,8.84729e-13
eigen_elementwise,473,1,0,7,1e-12,0.0094825,0,9.66338e-12,8.57667e-13
eigen_elementwise,474,1,0,7,1e-12,0.00955632,0,7.84439e-12,9.92244e-13
eigen_elementwise,475,1,0,7,1e-12,0.00957567,0,7.50333e-12,9.02768e-13
eigen_elementwise,476,1,0,7,1e-12,0.0097738,0,6.25278e-12,9.03044e-13
eigen_elementwise,477,1,0,7,1e-12,0.00949814,0,7.7307e-12,8.65953e-13
eigen_elementwise,478,1,0,7,1e-12,0.0097525,0,9.89075e-12,9.10488e-13
eigen_elementwise,479,1,0,7,1e-12,0.00985587,0,9.32232e-12,9.17479e-13
eigen_elementwise,480,1,0,7,1e-12,0.00991055,0,1.09139e-11,8.42287e-13
eigen_elementwise,481,1,0,7,1e-12,0.00985321,0,9.77707e-12,1.00604e-12
eigen_elementwise,482,1,0,7,1e-12,0.00993262,0,9.20863e-12,8.62199e-13
eigen_elementwise,483,1,0,7,1e-12,0.00991775,0,9.09495e-12,9.44403e-13
eigen_elementwise,484,1,0,7,1e-12,0.0101879,0,6.70752e-12,8.68989e-13
eigen_elementwise,485,1,0,7,1e-12,0.0100428,0,8.41283e-12,9.22979e-13
eigen_elementwise,486,1,0,7,1e-12,0.0100392,0,1.15961e-11,8.88009e-13
eigen_elementwise,487,1,0,7,1e-12,0.0100855,0,1.06866e-11,8.88593e-13
eigen_elementwise,488,1,0,7,1e-12,0.0101866,0,6.9349e-12,8.94009e-13
eigen_elementwise,489,1,0,7,1e-12,0.0101861,0,6.48015e-12,9.40493e-13
eigen_elementwise,490,1,0,7,1e-12,0.0100919,0,9.77707e-12,9.09155e-13
eigen_elementwise,491,1,0,7,1e-12,0.0102959,0,1.03455e-11,8.5178e-13
eigen_elementwise,492,1,0,7,1e-12,0.0105124,0,8.07177e-12,8.73658e-13
eigen_elementwise,493,1,0,7,1e-12,0.0104472,0,6.36646e-12,9.1275e-13
eigen_elementwise,494,1,0,7,1e-12,0.0104183,0,7.27596e-12,8.73336e-13
eigen_elementwise,495,1,0,7,1e-12,0.0104548,0,7.84439e-12,8.81693e-13
eigen_elementwise,496,1,0,7,1e-12,0.0105723,0,9.32232e-12,9.24563e-13
eigen_elementwise,497,1,0,7,1e-12,0.0104545,0,8.07177e-12,8.98275e-13
eigen_elementwise,498,1,0,7,1e-12,0.0105415,0,6.9349e-12,9.51895e-13
eigen_elementwise,499,1,0,7,1e-12,0.0107234,0,8.07177e-12,9.43263e-13
eigen_elementwise,500,1,0,7,1e-12,0.0106901,0,7.84439e-12,9.75759e-13
eigen_elementwise,501,1,0,7,1e-12,0.0106911,0,7.04858e-12,8.71965e-13
eigen_elementwise,502,1,0,7,1e-12,0.0107681,0,7.16227e-12,8.37937e-13
eigen_elementwise,503,1,0,7,1e-12,0.0107937,0,1.01181e-11,9.41951e-13
eigen_elementwise,504,1,0,7,1e-12,0.0107597,0,8.07177e-12,9.07489e-13
eigen_elementwise,505,1,0,7,1e-12,0.0107899,0,1.18234e-11,8.92332e-13
eigen_elementwise,506,1,0,7,1e-12,0.0110475,0,1.47793e-11,9.36696e-13
eigen_elementwise,507,1,0,7,1e-12,0.0109826,0,1.23919e-11,9.46277e-13
eigen_elementwise,508,1,0,7,1e-12,0.0109154,0,7.50333e-12,9.32729e-13
eigen_elementwise,509,1,0,7,1e-12,0.0112315,0,1.10276e-11,9.88066e-13
eigen_elementwise,510,1,0,7,1e-12,0.0112235,0,1.01181e-11,9.64498e-13
eigen_elementwise,511,1,0,7,1e-12,0.0122866,0,6.82121e-12,8.8149e-13
eigen_elementwise,512,1,0,7,1e-12,0.0122586,0,7.27596e-12,8.95347e-13
eigen_elementwise,513,1,0,7,1e-12,0.0113829,0,8.07177e-12,8.68179e-13
eigen_elementwise,514,1,0,7,1e-12,0.0107232,0,8.75389e-12,9.70683e-13
eigen_elementwise,515,1,0,7,1e-12,0.0107221,0,9.32232e-12,8.53202e-13
eigen_elementwise,516,1,0,7,1e-12,0.0113399,0,9.43601e-12,9.78837e-13
eigen_elementwise,517,1,0,7,1e-12,0.0113197,0,8.6402e-12,9.2952e-13
eigen_elementwise,518,1,0,7,1e-12,0.0114321,0,1.03455e-11,9.80928e-13
eigen_elementwise,519,1,0,7,1e-12,0.0114709,0,8.18545e-12,9.03151e-13
eigen_elementwise,520,1,0,7,1e-12,0.0115587,0,6.59384e-12,8.60842e-13
eigen_elementwise,521,1,0,7,1e-12,0.0116518,0,7.04858e-12,8.85453e-13
eigen_elementwise,522,1,0,7,1e-12,0.0116847,0,8.6402e-12,9.12563e-13
eigen_elementwise,523,1,0,7,1e-12,0.0117926,0,1.26192e-11,9.05734e-13
eigen_elementwise,524,1,0,7,1e-12,0.0117909,0,1.03455e-11,8.8332e-13
eigen_elementwise,525,1,0,7,1e-12,0.0118402,0,8.18545e-12,8.49419e-13
eigen_elementwise,526,1,0,7,1e-12,0.011817,0,9.32232e-12,8.90108e-13
eigen_elementwise,527,1,0,7,1e-12,0.0118983,0,1.04592e-11,8.95618e-13
eigen_elementwise,528,1,0,7,1e-12,0.0117942,0,6.9349e-12,8.97307e-13
eigen_elementwise,529,1,0,7,1e-12,0.0118405,0,6.36646e-12,8.47495e-13
eigen_elementwise,530,1,0,7,1e-12,0.0120483,0,1.01181e-11,9.64995e-13
eigen_elementwise,531,1,0,7,1e-12,0.0119343,0,8.86757e-12,9.07199e-13
eigen_elementwise,532,1,0,7,1e-12,0.0121053,0,1.11413e-11,9.27857e-13
eigen_elementwise,533,1,0,7,1e-12,0.012101,0,7.04858e-12,8.65581e-13
eigen_elementwise,534,1,0,7,1e-12,0.0121281,0,1.1255e-11,8.86694e-13
eigen_elementwise,535,1,0,7,1e-12,0.0117067,0,6.82121e-12,8.57805e-13
eigen_elementwise,536,1,0,7,1e-12,0.0118308,0,8.29914e-12,9.66858e-13
eigen_elementwise,537,1,0,7,1e-12,0.0117846,0,1.00044e-11,9.96252e-13
eigen_elementwise,538,1,0,7,1e-12,0.0117861,0,7.50333e-12,8.8341e-13
eigen_elementwise,539,1,0,7,1e-12,0.0117739,0,8.29914e-12,9.16169e-13
eigen_elementwise,540,1,0,7,1e-12,0.0118024,0,7.50333e-12,8.01002e-13
eigen_elementwise,541,1,0,7,1e-12,0.0119713,0,8.75389e-12,9.7741e-13
eigen_elementwise,542,1,0,7,1e-12,0.0119142,0,6.9349e-12,8.3704e-13
eigen_elementwise,543,1,0,7,1e-12,0.0119729,0,7.61702e-12,8.21293e-13
eigen_elementwise,544,1,0,7,1e-12,0.0120114,0,7.16227e-12,9.72293e-13
eigen_elementwise,545,1,0,7,1e-12,0.0121495,0,8.29914e-12,9.20524e-13
eigen_elementwise,546,1,0,7,1e-12,0.0119661,0,1.21645e-11,1.00033e-12
eigen_elementwise,547,1,0,7,1e-12,0.0121291,0,8.41283e-12,9.42592e-13
eigen_elementwise,548,1,0,7,1e-12,0.0120036,0,6.59384e-12,8.58582e-13
eigen_elementwise,549,1,0,7,1e-12,0.011629,0,8.98126e-12,9.47863e-13
eigen_elementwise,550,1,0,7,1e-12,0.0123749,0,7.50333e-12,9.23333e-13
eigen_elementwise,551,1,0,7,1e-12,0.011785,0,1.10276e-11,9.96417e-13
eigen_elementwise,552,1,0,7,1e-12,0.0121122,0,9.32232e-12,1.00337e-12
eigen_elementwise,553,1,0,7,1e-12,0.0122921,0,1.11413e-11,9.16505e-13
eigen_elementwise,554,1,0,7,1e-12,0.0122604,0,8.52651e-12,9.59057e-13
eigen_elementwise,555,1,0,7,1e-12,0.0124102,0,8.18545e-12,9.2278e-13
eigen_elementwise,556,1,0,7,1e-12,0.0125162,0,1.06866e-11,9.19406e-13
eigen_elementwise,557,1,0,7,1e-12,0.0125776,0,6.70752e-12,9.85296e-13
eigen_elementwise,558,1,0,7,1e-12,0.0126257,0,8.86757e-12,8.3548e-13
eigen_elementwise,559,1,0,7,1e-12,0.0127613,0,9.43601e-12,9.82715e-13
eigen_elementwise,560,1,0,7,1e-12,0.01264,0,8.86757e-12,8.69688e-13
eigen_elementwise,561,1,0,7,1e-12,0.0125976,0,7.84439e-12,9.76135e-13
eigen_elementwise,562,1,0,7,1e-12,0.0128648,0,7.27596e-12,8.87925e-13
eigen_elementwise,563,1,0,7,1e-12,0.0129725,0,1.08002e-11,9.07659e-13
eigen_elementwise,564,1,0,7,1e-12,0.0130321,0,1.13687e-11,9.30336e-13
eigen_elementwise,565,1,0,7,1e-12,0.012892,0,7.84439e-12,8.81087e-13
eigen_elementwise,566,1,0,7,1e-12,0.0131112,0,7.50333e-12,8.34906e-13
eigen_elementwise,567,1,0,7,1e-12,0.0121669,0,1.13687e-11,9.26172e-13
eigen_elementwise,568,1,0,7,1e-12,0.0131043,0,1.29603e-11,9.51376e-13
eigen_elementwise,569,1,0,7,1e-12,0.0131501,0,5.91172e-12,8.67515e-13
eigen_elementwise,570,1,0,7,1e-12,0.0133281,0,8.41283e-12,9.65014e-13
eigen_elementwise,571,1,0,7,1e-12,0.0138192,0,8.6402e-12,9.62618e-13
eigen_elementwise,572,1,0,7,1e-12,0.013861,0,9.09495e-12,9.19162e-13
eigen_elementwise,573,1,0,7,1e-12,0.0138208,0,6.59384e-12,9.85733e-13
eigen_elementwise,574,1,0,7,1e-12,0.013934,0,8.52651e-12,9.06309e-13
eigen_elementwise,575,1,0,7,1e-12,0.014474,0,1.27329e-11,9.44656e-13
eigen_elementwise,576,1,0,7,1e-12,0.0140452,0,8.6402e-12,8.9795e-13
eigen_elementwise,577,1,0,7,1e-12,0.0141994,0,1.09139e-11,9.97649e-13
eigen_elementwise,578,1,0,7,1e-12,0.0141942,0,8.18545e-12,9.56329e-13
eigen_elementwise,579,1,0,7,1e-12,0.0141671,0,7.50333e-12,9.13024e-13
eigen_elementwise,580,1,0,7,1e-12,0.0143354,0,8.41283e-12,9.12186e-13
eigen_elementwise,581,1,0,7,1e-12,0.0136528,0,8.6402e-12,8.98276e-13
eigen_elementwise,582,1,0,7,1e-12,0.0143286,0,1.22782e-11,1.01561e-12
eigen_elementwise,583,1,0,7,1e-12,0.0142139,0,9.09495e-12,1.04057e-12
eigen_elementwise,584,1,0,7,1e-12,0.0143709,0,8.18545e-12,8.92238e-13
eigen_elementwise,585,1,0,7,1e-12,0.0145225,0,7.27596e-12,9.36451e-13
eigen_elementwise,586,1,0,7,1e-12,0.0147582,0,8.29914e-12,9.79465e-13
eigen_elementwise,587,1,0,7,1e-12,0.0145853,0,9.43601e-12,9.74118e-13
eigen_elementwise,588,1,0,7,1e-12,0.0145001,0,9.43601e-12,9.7477e-13
eigen_elementwise,589,1,0,7,1e-12,0.0146806,0,7.7307e-12,9.58536e-13
eigen_elementwise,590,1,0,7,1e-12,0.0147855,0,8.41283e-12,9.11201e-13
eigen_elementwise,591,1,0,7,1e-12,0.0149258,0,1.04592e-11,9.99351e-13
eigen_elementwise,592,1,0,7,1e-12,0.0138491,0,1.03455e-11,9.31617e-13
eigen_elementwise,593,1,0,7,1e-12,0.0149273,0,9.89075e-12,9.27379e-13
eigen_elementwise,594,1,0,7,1e-12,0.0149096,0,1.36424e-11,1.12812e-12
eigen_elementwise,595,1,0,7,1e-12,0.0149616,0,1.01181e-11,9.67728e-13
eigen_elementwise,596,1,0,7,1e-12,0.0151258,0,1.02318e-11,9.62141e-13
eigen_elementwise,597,1,0,7,1e-12,0.0148777,0,1.02318e-11,8.80367e-13
eigen_elementwise,598,1,0,7,1e-12,0.015142,0,9.43601e-12,9.68835e-13
eigen_elementwise,599,1,0,7,1e-12,0.0152596,0,8.07177e-12,9.24574e-13
eigen_elementwise,600,1,0,7,1e-12,0.0153106,0,7.61702e-12,8.74292e-13
eigen_elementwise,601,1,0,7,1e-12,0.0154412,0,8.29914e-12,1.00019e-12
eigen_elementwise,602,1,0,7,1e-12,0.0149154,0,1.06866e-11,9.87194e-13
eigen_elementwise,603,1,0,7,1e-12,0.0150514,0,1.08002e-11,9.67043e-13
eigen_elementwise,604,1,0,7,1e-12,0.0155078,0,8.52651e-12,8.93634e-13
eigen_elementwise,605,1,0,7,1e-12,0.0156686,0,6.36646e-12,9.07381e-13
eigen_elementwise,606,1,0,7,1e-12,0.0157218,0,1.18234e-11,9.50056e-13
eigen_elementwise,607,1,0,7,1e-12,0.0155728,0,1.14824e-11,9.61724e-13
eigen_elementwise,608,1,0,7,1e-12,0.0155997,0,7.04858e-12,9.97364e-13
eigen_elementwise,609,1,0,7,1e-12,0.0157061,0,7.04858e-12,9.24396e-13
eigen_elementwise,610,1,0,7,1e-12,0.0157485,0,1.27329e-11,9.20045e-13
eigen_elementwise,611,1,0,7,1e-12,0.0158235,0,7.38964e-12,8.97546e-13
eigen_elementwise,612,1,0,7,1e-12,0.0158897,0,1.00044e-11,9.3939e-13
eigen_elementwise,613,1,0,7,1e-12,0.0158888,0,1.21645e-11,9.2319e-13
eigen_elementwise,614,1,0,7,1e-12,0.0160114,0,9.32232e-12,9.14886e-13
eigen_elementwise,615,1,0,7,1e-12,0.0161394,0,7.84439e-12,9.41937e-13
eigen_elementwise,616,1,0,7,1e-12,0.0160847,0,1.18234e-11,1.00281e-12
eigen_elementwise,617,1,0,7,1e-12,0.0158819,0,1.33014e-11,9.03212e-13
eigen_elementwise,618,1,0,7,1e-12,0.0162586,0,1.05729e-11,9.79847e-13
eigen_elementwise,619,1,0,7,1e-12,0.0162679,0,1.55751e-11,1.02602e-12
eigen_elementwise,620,1,0,7,1e-12,0.0162012,0,9.66338e-12,9.86756e-13
eigen_elementwise,621,1,0,7,1e-12,0.0164541,0,7.84439e-12,9.08263e-13
eigen_elementwise,622,1,0,7,1e-12,0.0163555,0,1.00044e-11,9.63023e-13
eigen_elementwise,623,1,0,7,1e-12,0.0164997,0,1.02318e-11,9.2393e-13
eigen_elementwise,624,1,0,7,1e-12,0.0164252,0,1.19371e-11,9.70932e-13
eigen_elementwise,625,1,0,7,1e-12,0.0164891,0,7.04858e-12,8.99356e-13
eigen_elementwise,626,1,0,7,1e-12,0.0166387,0,8.07177e-12,9.14934e-13
eigen_elementwise,627,1,0,7,1e-12,0.0167935,0,8.6402e-12,9.4903e-13
eigen_elementwise,628,1,0,7,1e-12,0.0166574,0,8.98126e-12,9.14161e-13
eigen_elementwise,629,1,0,7,1e-12,0.0167828,0,1.17097e-11,9.45911e-13
eigen_elementwise,630,1,0,7,1e-12,0.0169427,0,9.43601e-12,9.44136e-13
eigen_elementwise,631,1,0,7,1e-12,0.0168811,0,1.10276e-11,9.49015e-13
eigen_elementwise,632,1,0,7,1e-12,0.0168492,0,1.31877e-11,9.05891e-13
eigen_elementwise,633,1,0,7,1e-12,0.0171041,0,8.75389e-12,9.61011e-13
eigen_elementwise,634,1,0,7,1e-12,0.0171433,0,1.06866e-11,1.1065e-12
eigen_elementwise,635,1,0,7,1e-12,0.0171326,0,1.00044e-11,8.98895e-13
eigen_elementwise,636,1,0,7,1e-12,0.0172144,0,6.82121e-12,9.50934e-13
eigen_elementwise,637,1,0,7,1e-12,0.0172147,0,8.29914e-12,8.66723e-13
eigen_elementwise,638,1,0,7,1e-12,0.0169441,0,8.07177e-12,9.45441e-13
eigen_elementwise,639,1,0,7,1e-12,0.0174054,0,9.54969e-12,9.93322e-13
eigen_elementwise,640,1,0,7,1e-12,0.0173941,0,8.41283e-12,9.49042e-13
eigen_elementwise,641,1,0,7,1e-12,0.017348,0,1.19371e-11,9.77379e-13
eigen_elementwise,642,1,0,7,1e-12,0.0176557,0,6.59384e-12,9.67574e-13
eigen_elementwise,643,1,0,7,1e-12,0.0173535,0,1.27329e-11,1.06778e-12
eigen_elementwise,644,1,0,7,1e-12,0.0174755,0,1.11413e-11,9.65989e-13
eigen_elementwise,645,1,0,7,1e-12,0.0177977,0,8.29914e-12,1.02042e-12
eigen_elementwise,646,1,0,7,1e-12,0.0173599,0,8.6402e-12,9.85675e-13
eigen_elementwise,647,1,0,7,1e-12,0.0160442,0,8.52651e-12,9.08936e-13
eigen_elementwise,648,1,0,7,1e-12,0.017294,0,9.66338e-12,9.71725e-13
eigen_elementwise,649,1,0,7,1e-12,0.0173926,0,8.86757e-12,9.30352e-13
eigen_elementwise,650,1,0,7,1e-12,0.0173464,0,9.54969e-12,9.18393e-13
eigen_elementwise,651,1,0,7,1e-12,0.0175572,0,7.16227e-12,9.72122e-13
eigen_elementwise,652,1,0,7,1e-12,0.0172889,0,1.20508e-11,9.07712e-13
eigen_elementwise,653,1,0,7,1e-12,0.0174413,0,1.14824e-11,1.00575e-12
eigen_elementwise,654,1,0,7,1e-12,0.0173839,0,1.04592e-11,9.19659e-13
eigen_elementwise,655,1,0,7,1e-12,0.0165597,0,7.95808e-12,9.72268e-13
eigen_elementwise,656,1,0,7,1e-12,0.0175073,0,8.29914e-12,1.01859e-12
eigen_elementwise,657,1,0,7,1e-12,0.0168874,0,1.00044e-11,1.036e-12
eigen_elementwise,658,1,0,7,1e-12,0.0176775,0,1.08002e-11,9.38355e-13
eigen_elementwise,659,1,0,7,1e-12,0.0168732,0,8.07177e-12,9.22619e-13
eigen_elementwise,660,1,0,7,1e-12,0.0178591,0,1.4893e-11,9.90693e-13
eigen_elementwise,661,1,0,7,1e-12,0.0179029,0,7.7307e-12,9.53416e-13
eigen_elementwise,662,1,0,7,1e-12,0.018118,0,1.27329e-11,1.0204e-12
eigen_elementwise,663,1,0,7,1e-12,0.0178184,0,1.04592e-11,9.50439e-13
eigen_elementwise,664,1,0,7,1e-12,0.0175822,0,9.43601e-12,9.90842e-13
eigen_elementwise,665,1,0,7,1e-12,0.0180808,0,6.36646e-12,8.56351e-13
eigen_elementwise,666,1,0,7,1e-12,0.0181628,0,1.22782e-11,1.06079e-12
eigen_elementwise,667,1,0,7,1e-12,0.0181506,0,9.54969e-12,9.42618e-13
eigen_elementwise,668,1,0,7,1e-12,0.0170669,0,8.98126e-12,1.02746e-12
eigen_elementwise,669,1,0,7,1e-12,0.0183104,0,7.61702e-12,9.72654e-13
eigen_elementwise,670,1,0,7,1e-12,0.0183373,0,1.15961e-11,9.84896e-13
eigen_elementwise,671,1,0,7,1e-12,0.0177209,0,8.18545e-12,9.51085e-13
eigen_elementwise,672,1,0,7,1e-12,0.0185763,0,7.27596e-12,9.57541e-13
eigen_elementwise,673,1,0,7,1e-12,0.0185348,0,7.38964e-12,9.17129e-13
eigen_elementwise,674,1,0,7,1e-12,0.0184627,0,8.6402e-12,9.05217e-13
eigen_elementwise,675,1,0,7,1e-12,0.0175117,0,1.31877e-11,1.00235e-12
eigen_elementwise,676,1,0,7,1e-12,0.0175553,0,1.00044e-11,9.70755e-13
eigen_elementwise,677,1,0,7,1e-12,0.0187509,0,9.43601e-12,9.22261e-13
eigen_elementwise,678,1,0,7,1e-12,0.0187775,0,8.98126e-12,1.03071e-12
eigen_elementwise,679,1,0,7,1e-12,0.019008,0,1.15961e-11,9.58105e-13
eigen_elementwise,680,1,0,7,1e-12,0.0190793,0,7.04858e-12,9.38627e-13
eigen_elementwise,681,1,0,7,1e-12,0.0188507,0,9.09495e-12,9.70102e-13
eigen_elementwise,682,1,0,7,1e-12,0.0190468,0,7.16227e-12,9.74386e-13
eigen_elementwise,683,1,0,7,1e-12,0.0190553,0,9.32232e-12,9.9648e-13
eigen_elementwise,684,1,0,7,1e-12,0.0191608,0,8.29914e-12,9.96188e-13
eigen_elementwise,685,1,0,7,1e-12,0.0191854,0,7.50333e-12,9.32348e-13
eigen_elementwise,686,1,0,7,1e-12,0.0192538,0,7.16227e-12,9.08176e-13
eigen_elementwise,687,1,0,7,1e-12,0.0189971,0,9.32232e-12,9.59704e-13
eigen_elementwise,688,1,0,7,1e-12,0.0194866,0,6.9349e-12,9.33476e-13
eigen_elementwise,689,1,0,7,1e-12,0.0193964,0,1.26192e-11,1.05152e-12
eigen_elementwise,690,1,0,7,1e-12,0.0195089,0,1.61435e-11,9.46427e-13
eigen_elementwise,691,1,0,7,1e-12,0.0186926,0,9.20863e-12,9.77763e-13
eigen_elementwise,692,1,0,7,1e-12,0.0195788,0,9.43601e-12,1.05416e-12
eigen_elementwise,693,1,0,7,1e-12,0.019545,0,7.38964e-12,9.86016e-13
eigen_elementwise,694,1,0,7,1e-12,0.0186929,0,8.86757e-12,9.43667e-13
eigen_elementwise,695,1,0,7,1e-12,0.0194939,0,1.23919e-11,9.46309e-13
eigen_elementwise,696,1,0,7,1e-12,0.0197203,0,1.13687e-11,9.6574e-13
eigen_elementwise,697,1,0,7,1e-12,0.0197997,0,1.01181e-11,1.02121e-12
eigen_elementwise,698,1,0,7,1e-12,0.0198763,0,1.15961e-11,9.94553e-13
eigen_elementwise,699,1,0,7,1e-12,0.0198458,0,8.98126e-12,9.30181e-13
eigen_elementwise,700,1,0,7,1e-12,0.0200307,0,8.86757e-12,8.89093e-13
eigen_elementwise,701,1,0,7,1e-12,0.0200695,0,8.52651e-12,9.81539e-13
eigen_elementwise,702,1,0,7,1e-12,0.0193849,0,8.41283e-12,9.34918e-13
eigen_elementwise,703,1,0,7,1e-12,0.0192819,0,1.3415e-11,9.85201e-13
eigen_elementwise,704,1,0,7,1e-12,0.0203092,0,1.06866e-11,9.54088e-13
eigen_elementwise,705,1,0,7,1e-12,0.0202872,0,8.29914e-12,1.0032e-12
eigen_elementwise,706,1,0,7,1e-12,0.0202325,0,8.98126e-12,1.05424e-12
eigen_elementwise,707,1,0,7,1e-12,0.0203759,0,1.03455e-11,9.30472e-13
eigen_elementwise,708,1,0,7,1e-12,0.0200831,0,7.95808e-12,9.54213e-13
eigen_elementwise,709,1,0,7,1e-12,0.0206703,0,8.52651e-12,9.77362e-13
eigen_elementwise,710,1,0,7,1e-12,0.0205579,0,1.20508e-11,1.02959e-12
eigen_elementwise,711,1,0,7,1e-12,0.020689,0,1.56888e-11,1.00124e-12
eigen_elementwise,712,1,0,7,1e-12,0.0206523,0,9.09495e-12,9.11813e-13
eigen_elementwise,713,1,0,7,1e-12,0.0208037,0,8.18545e-12,9.83373e-13
eigen_elementwise,714,1,0,7,1e-12,0.02078,0,1.03455e-11,9.72853e-13
eigen_elementwise,715,1,0,7,1e-12,0.0200383,0,1.13687e-11,1.00247e-12
eigen_elementwise,716,1,0,7,1e-12,0.02106,0,1.10276e-11,1.06071e-12
eigen_elementwise,717,1,0,7,1e-12,0.0208731,0,7.27596e-12,9.61175e-13
eigen_elementwise,718,1,0,7,1e-12,0.0212018,0,1.10276e-11,9.63764e-13
eigen_elementwise,719,1,0,7,1e-12,0.0211804,0,2.251e-11,9.79142e-13
eigen_elementwise,720,1,0,7,1e-12,0.0211319,0,1.35287e-11,9.11363e-13
eigen_elementwise,721,1,0,7,1e-12,0.0211061,0,9.09495e-12,9.79708e-13
eigen_elementwise,722,1,0,7,1e-12,0.021193,0,9.54969e-12,1.01687e-12
eigen_elementwise,723,1,0,7,1e-12,0.0214276,0,1.09139e-11,9.46143e-13
eigen_elementwise,724,1,0,7,1e-12,0.0215852,0,9.89075e-12,1.00199e-12
eigen_elementwise,725,1,0,7,1e-12,0.0214657,0,1.3415e-11,1.04477e-12
eigen_elementwise,726,1,0,7,1e-12,0.0213918,0,9.09495e-12,1.0088e-12
eigen_elementwise,727,1,0,7,1e-12,0.0215889,0,1.39835e-11,9.1669e-13
eigen_elementwise,728,1,0,7,1e-12,0.0214793,0,1.17097e-11,9.46471e-13
eigen_elementwise,729,1,0,7,1e-12,0.0216216,0,9.66338e-12,9.62877e-13
eigen_elementwise,730,1,0,7,1e-12,0.0217645,0,8.86757e-12,9.19111e-13
eigen_elementwise,731,1,0,7,1e-12,0.0218902,0,1.05729e-11,9.6727e-13
eigen_elementwise,732,1,0,7,1e-12,0.0219904,0,9.32232e-12,9.89787e-13
eigen_elementwise,733,1,0,7,1e-12,0.0219265,0,8.52651e-12,9.07046e-13
eigen_elementwise,734,1,0,7,1e-12,0.0218329,0,7.84439e-12,1.01843e-12
eigen_elementwise,735,1,0,7,1e-12,0.021729,0,8.75389e-12,9.61278e-13
eigen_elementwise,736,1,0,7,1e-12,0.0220447,0,1.04592e-11,9.89935e-13
eigen_elementwise,737,1,0,7,1e-12,0.0222839,0,8.18545e-12,9.14511e-13
eigen_elementwise,738,1,0,7,1e-12,0.0221583,0,7.95808e-12,9.59587e-13
eigen_elementwise,739,1,0,7,1e-12,0.022249,0,8.18545e-12,1.04943e-12
eigen_elementwise,740,1,0,7,1e-12,0.0218112,0,7.04858e-12,8.77111e-13
eigen_elementwise,741,1,0,7,1e-12,0.0217408,0,9.66338e-12,1.02968e-12
eigen_elementwise,742,1,0,7,1e-12,0.0220268,0,8.75389e-12,9.81531e-13
eigen_elementwise,743,1,0,7,1e-12,0.0220459,0,7.61702e-12,9.15412e-13
eigen_elementwise,744,1,0,7,1e-12,0.0219737,0,1.02318e-11,9.61706e-13
eigen_elementwise,745,1,0,7,1e-12,0.022228,0,9.20863e-12,9.95898e-13
eigen_elementwise,746,1,0,7,1e-12,0.0220964,0,8.41283e-12,1.0338e-12
eigen_elementwise,747,1,0,7,1e-12,0.0223378,0,8.41283e-12,1.00465e-12
eigen_elementwise,748,1,0,7,1e-12,0.0221879,0,1.23919e-11,1.04374e-12
eigen_elementwise,749,1,0,7,1e-12,0.0221974,0,1.22782e-11,9.8107e-13
eigen_elementwise,750,1,0,7,1e-12,0.0223821,0,9.54969e-12,1.0262e-12
eigen_elementwise,751,1,0,7,1e-12,0.0219909,0,9.32232e-12,9.51208e-13
eigen_elementwise,752,1,0,7,1e-12,0.0223911,0,8.86757e-12,1.02522e-12
eigen_elementwise,753,1,0,7,1e-12,0.0223959,0,9.54969e-12,9.70235e-13
eigen_elementwise,754,1,0,7,1e-12,0.0226662,0,1.20508e-11,1.0154e-12
eigen_elementwise,755,1,0,7,1e-12,0.0224533,0,1.20508e-11,9.98751e-13
eigen_elementwise,756,1,0,7,1e-12,0.0228235,0,8.29914e-12,9.955e-13
eigen_elementwise,757,1,0,7,1e-12,0.0218985,0,1.02318e-11,9.71231e-13
eigen_elementwise,758,1,0,7,1e-12,0.0229279,0,1.6712e-11,1.07127e-12
eigen_elementwise,759,1,0,7,1e-12,0.0229357,0,1.13687e-11,9.94128e-13
eigen_elementwise,760,1,0,7,1e-12,0.022862,0,1.28466e-11,9.68721e-13
eigen_elementwise,761,1,0,7,1e-12,0.0228492,0,1.02318e-11,1.01991e-12
eigen_elementwise,762,1,0,7,1e-12,0.0227366,0,1.01181e-11,1.02375e-12
eigen_elementwise,763,1,0,7,1e-12,0.0231852,0,1.22782e-11,9.80714e-13
eigen_elementwise,764,1,0,7,1e-12,0.022414,0,1.26192e-11,1.02065e-12
eigen_elementwise,765,1,0,7,1e-12,0.0231181,0,1.10276e-11,1.0098e-12
eigen_elementwise,766,1,0,7,1e-12,0.0234548,0,1.27329e-11,9.95738e-13
eigen_elementwise,767,1,0,7,1e-12,0.0248572,0,1.3415e-11,1.00457e-12
eigen_elementwise,768,1,0,7,1e-12,0.0241191,0,9.09495e-12,9.98574e-13
eigen_elementwise,769,1,0,7,1e-12,0.0243585,0,1.00044e-11,9.43102e-13
eigen_elementwise,770,1,0,7,1e-12,0.0242159,0,1.01181e-11,1.00664e-12
eigen_elementwise,771,1,0,7,1e-12,0.0243136,0,9.09495e-12,9.31169e-13
eigen_elementwise,772,1,0,7,1e-12,0.0243829,0,1.25056e-11,9.9422e-13
eigen_elementwise,773,1,0,7,1e-12,0.0245184,0,9.32232e-12,9.63748e-13
eigen_elementwise,774,1,0,7,1e-12,0.0244045,0,7.7307e-12,9.80787e-13
eigen_elementwise,775,1,0,7,1e-12,0.0244449,0,8.86757e-12,9.3611e-13
eigen_elementwise,776,1,0,7,1e-12,0.0246667,0,9.54969e-12,1.02477e-12
eigen_elementwise,777,1,0,7,1e-12,0.0244445,0,8.29914e-12,1.02828e-12
eigen_elementwise,778,1,0,7,1e-12,0.0245244,0,1.05729e-11,9.97596e-13
eigen_elementwise,779,1,0,7,1e-12,0.0239827,0,1.02318e-11,1.09015e-12
eigen_elementwise,780,1,0,7,1e-12,0.0249275,0,9.77707e-12,9.67036e-13
eigen_elementwise,781,1,0,7,1e-12,0.0249306,0,8.07177e-12,9.24971e-13
eigen_elementwise,782,1,0,7,1e-12,0.0248014,0,1.03455e-11,9.86907e-13
eigen_elementwise,783,1,0,7,1e-12,0.0250222,0,1.09139e-11,1.00478e-12
eigen_elementwise,784,1,0,7,1e-12,0.0251446,0,1.17097e-11,9.60903e-13
eigen_elementwise,785,1,0,7,1e-12,0.0251207,0,1.33014e-11,1.00452e-12
eigen_elementwise,786,1,0,7,1e-12,0.0253544,0,1.22782e-11,1.01771e-12
eigen_elementwise,787,1,0,7,1e-12,0.0253336,0,1.08002e-11,9.6369e-13
eigen_elementwise,788,1,0,7,1e-12,0.0253878,0,9.32232e-12,9.98369e-13
eigen_elementwise,789,1,0,7,1e-12,0.024663,0,1.04592e-11,9.89379e-13
eigen_elementwise,790,1,0,7,1e-12,0.0254204,0,7.7307e-12,9.29434e-13
eigen_elementwise,791,1,0,7,1e-12,0.0256916,0,8.75389e-12,1.01493e-12
eigen_elementwise,792,1,0,7,1e-12,0.0255631,0,1.00044e-11,9.35589e-13
eigen_elementwise,793,1,0,7,1e-12,0.0257649,0,1.14824e-11,9.83466e-13
eigen_elementwise,794,1,0,7,1e-12,0.0258157,0,1.19371e-11,1.05011e-12
eigen_elementwise,795,1,0,7,1e-12,0.0249202,0,8.18545e-12,1.05306e-12
eigen_elementwise,796,1,0,7,1e-12,0.0258573,0,1.02318e-11,9.7484e-13
eigen_elementwise,797,1,0,7,1e-12,0.0258205,0,1.08002e-11,9.13244e-13
eigen_elementwise,798,1,0,7,1e-12,0.0260288,0,8.29914e-12,9.8432e-13
eigen_elementwise,799,1,0,7,1e-12,0.0261963,0,6.82121e-12,9.63514e-13
eigen_elementwise,800,1,0,7,1e-12,0.0248068,0,1.03455e-11,1.06193e-12
eigen_elementwise,801,1,0,7,1e-12,0.0260885,0,9.09495e-12,9.41975e-13
eigen_elementwise,802,1,0,7,1e-12,0.02641,0,1.1255e-11,1.04666e-12
eigen_elementwise,803,1,0,7,1e-12,0.0260211,0,8.07177e-12,1.02795e-12
eigen_elementwise,804,1,0,7,1e-12,0.0264181,0,1.27329e-11,9.83805e-13
eigen_elementwise,805,1,0,7,1e-12,0.0265593,0,7.7307e-12,9.46797e-13
eigen_elementwise,806,1,0,7,1e-12,0.0262109,0,9.89075e-12,1.03632e-12
eigen_elementwise,807,1,0,7,1e-12,0.0267521,0,7.7307e-12,9.5166e-13
eigen_elementwise,808,1,0,7,1e-12,0.0266348,0,1.06866e-11,9.85749e-13
eigen_elementwise,809,1,0,7,1e-12,0.0267001,0,9.20863e-12,1.00182e-12
eigen_elementwise,810,1,0,7,1e-12,0.0261821,0,1.13687e-11,1.03258e-12
eigen_elementwise,811,1,0,7,1e-12,0.0271126,0,1.04592e-11,9.93819e-13
eigen_elementwise,812,1,0,7,1e-12,0.0269611,0,1.08002e-11,9.53949e-13
eigen_elementwise,813,1,0,7,1e-12,0.0271005,0,1.35287e-11,1.07304e-12
eigen_elementwise,814,1,0,7,1e-12,0.0273104,0,9.43601e-12,1.03466e-12
eigen_elementwise,815,1,0,7,1e-12,0.0273323,0,1.13687e-11,1.01117e-12
eigen_elementwise,816,1,0,7,1e-12,0.0273726,0,9.09495e-12,1.04479e-12
eigen_elementwise,817,1,0,7,1e-12,0.0273517,0,1.28466e-11,1.02017e-12
eigen_elementwise,818,1,0,7,1e-12,0.0272311,0,1.08002e-11,1.02645e-12
eigen_elementwise,819,1,0,7,1e-12,0.0276345,0,8.41283e-12,9.82173e-13
eigen_elementwise,820,1,0,7,1e-12,0.0277913,0,1.29603e-11,1.03729e-12
eigen_elementwise,821,1,0,7,1e-12,0.0278433,0,8.52651e-12,1.00362e-12
eigen_elementwise,822,1,0,7,1e-12,0.027758,0,9.20863e-12,1.07688e-12
eigen_elementwise,823,1,0,7,1e-12,0.0276746,0,1.8531e-11,9.43102e-13
eigen_elementwise,824,1,0,7,1e-12,0.0272043,0,8.6402e-12,9.64251e-13
eigen_elementwise,825,1,0,7,1e-12,0.0276813,0,8.75389e-12,9.69845e-13
eigen_elementwise,826,1,0,7,1e-12,0.0274465,0,9.32232e-12,1.00549e-12
eigen_elementwise,827,1,0,7,1e-12,0.027823,0,1.75078e-11,1.01767e-12
eigen_elementwise,828,1,0,7,1e-12,0.0277764,0,1.40972e-11,1.02154e-12
eigen_elementwise,829,1,0,7,1e-12,0.0272457,0,1.05729e-11,1.1197e-12
eigen_elementwise,830,1,0,7,1e-12,0.0277476,0,1.06866e-11,1.00259e-12
eigen_elementwise,831,1,0,7,1e-12,0.0277367,0,1.10276e-11,1.09828e-12
eigen_elementwise,832,1,0,7,1e-12,0.0278714,0,1.04592e-11,1.03716e-12
eigen_elementwise,833,1,0,7,1e-12,0.0279773,0,8.6402e-12,1.01854e-12
eigen_elementwise,834,1,0,7,1e-12,0.0279291,0,1.00044e-11,1.05009e-12
eigen_elementwise,835,1,0,7,1e-12,0.0278652,0,1.03455e-11,9.945e-13
eigen_elementwise,836,1,0,7,1e-12,0.0280934,0,9.77707e-12,1.05274e-12
eigen_elementwise,837,1,0,7,1e-12,0.0276154,0,8.52651e-12,1.00714e-12
eigen_elementwise,838,1,0,7,1e-12,0.0281297,0,1.18234e-11,1.04697e-12
eigen_elementwise,839,1,0,7,1e-12,0.0284912,0,1.25056e-11,1.06084e-12
eigen_elementwise,840,1,0,7,1e-12,0.0283074,0,1.13687e-11,9.71064e-13
eigen_elementwise,841,1,0,7,1e-12,0.0284472,0,1.03455e-11,9.97947e-13
eigen_elementwise,842,1,0,7,1e-12,0.0284224,0,9.20863e-12,9.86628e-13
eigen_elementwise,843,1,0,7,1e-12,0.028653,0,1.01181e-11,9.90145e-13
eigen_elementwise,844,1,0,7,1e-12,0.0284138,0,1.26192e-11,1.09898e-12
eigen_elementwise,845,1,0,7,1e-12,0.0284631,0,1.3415e-11,1.09553e-12
eigen_elementwise,846,1,0,7,1e-12,0.0286234,0,8.75389e-12,1.13258e-12
eigen_elementwise,847,1,0,7,1e-12,0.0286702,0,9.77707e-12,9.57369e-13
eigen_elementwise,848,1,0,7,1e-12,0.0288541,0,1.17097e-11,1.05866e-12
eigen_elementwise,849,1,0,7,1e-12,0.0292146,0,1.01181e-11,9.28342e-13
eigen_elementwise,850,1,0,7,1e-12,0.0291079,0,1.01181e-11,9.74915e-13
eigen_elementwise,851,1,0,7,1e-12,0.0291023,0,1.00044e-11,9.8007e-13
eigen_elementwise,852,1,0,7,1e-12,0.0293144,0,1.06866e-11,1.04374e-12
eigen_elementwise,853,1,0,7,1e-12,0.0293999,0,8.41283e-12,9.76637e-13
eigen_elementwise,854,1,0,7,1e-12,0.0292607,0,8.07177e-12,1.10026e-12
eigen_elementwise,855,1,0,7,1e-12,0.0291743,0,1.05729e-11,1.00646e-12
eigen_elementwise,856,1,0,7,1e-12,0.0295151,0,9.09495e-12,9.40724e-13
eigen_elementwise,857,1,0,7,1e-12,0.0294896,0,9.32232e-12,1.04234e-12
eigen_elementwise,858,1,0,7,1e-12,0.0294483,0,7.38964e-12,1.04829e-12
eigen_elementwise,859,1,0,7,1e-12,0.0295178,0,1.75078e-11,1.08634e-12
eigen_elementwise,860,1,0,7,1e-12,0.0297956,0,1.20508e-11,1.03346e-12
eigen_elementwise,861,1,0,7,1e-12,0.0298658,0,9.77707e-12,9.43984e-13
eigen_elementwise,862,1,0,7,1e-12,0.0279104,0,1.06866e-11,1.07032e-12
eigen_elementwise,863,1,0,7,1e-12,0.0299311,0,1.06866e-11,1.12074e-12
eigen_elementwise,864,1,0,7,1e-12,0.0298877,0,8.98126e-12,9.48571e-13
eigen_elementwise,865,1,0,7,1e-12,0.0299671,0,7.61702e-12,1.02286e-12
eigen_elementwise,866,1,0,7,1e-12,0.028077,0,7.61702e-12,1.03485e-12
eigen_elementwise,867,1,0,7,1e-12,0.0302393,0,1.25056e-11,1.09773e-12
eigen_elementwise,868,1,0,7,1e-12,0.030104,0,9.32232e-12,1.03032e-12
eigen_elementwise,869,1,0,7,1e-12,0.0304156,0,1.29603e-11,1.04618e-12
eigen_elementwise,870,1,0,7,1e-12,0.0304504,0,1.01181e-11,9.97788e-13
eigen_elementwise,871,1,0,7,1e-12,0.0305013,0,9.77707e-12,8.99018e-13
eigen_elementwise,872,1,0,7,1e-12,0.0305258,0,1.04592e-11,9.51502e-13
eigen_elementwise,873,1,0,7,1e-12,0.0287822,0,9.66338e-12,9.44416e-13
eigen_elementwise,874,1,0,7,1e-12,0.0307913,0,1.20508e-11,1.01721e-12
eigen_elementwise,875,1,0,7,1e-12,0.030681,0,1.27329e-11,1.08082e-12
eigen_elementwise,876,1,0,7,1e-12,0.0308412,0,1.25056e-11,9.65998e-13
eigen_elementwise,877,1,0,7,1e-12,0.0309679,0,1.43245e-11,1.02434e-12
eigen_elementwise,878,1,0,7,1e-12,0.0311488,0,1.23919e-11,1.0257e-12
eigen_elementwise,879,1,0,7,1e-12,0.0311483,0,6.70752e-12,9.68164e-13
eigen_elementwise,880,1,0,7,1e-12,0.0310323,0,1.20508e-11,1.0151e-12
eigen_elementwise,881,1,0,7,1e-12,0.031369,0,7.50333e-12,9.27828e-13
eigen_elementwise,882,1,0,7,1e-12,0.0313213,0,1.04592e-11,1.12416e-12
eigen_elementwise,883,1,0,7,1e-12,0.0315318,0,1.39835e-11,1.04592e-12
eigen_elementwise,884,1,0,7,1e-12,0.0296029,0,1.15961e-11,1.01156e-12
eigen_elementwise,885,1,0,7,1e-12,0.0301053,0,7.27596e-12,9.41275e-13
eigen_elementwise,886,1,0,7,1e-12,0.0316095,0,1.53477e-11,1.02158e-12
eigen_elementwise,887,1,0,7,1e-12,0.0317578,0,1.06866e-11,1.03603e-12
eigen_elementwise,888,1,0,7,1e-12,0.0317162,0,1.18234e-11,1.0125e-12
eigen_elementwise,889,1,0,7,1e-12,0.0316556,0,1.36424e-11,1.08027e-12
eigen_elementwise,890,1,0,7,1e-12,0.032055,0,1.33014e-11,1.10539e-12
eigen_elementwise,891,1,0,7,1e-12,0.0318766,0,1.28466e-11,1.08387e-12
eigen_elementwise,892,1,0,7,1e-12,0.0316505,0,1.00044e-11,1.11284e-12
eigen_elementwise,893,1,0,7,1e-12,0.0319597,0,1.59162e-11,1.03619e-12
eigen_elementwise,894,1,0,7,1e-12,0.0322921,0,1.00044e-11,1.00078e-12
eigen_elementwise,895,1,0,7,1e-12,0.0327411,0,1.08002e-11,1.01258e-12
eigen_elementwise,896,1,0,7,1e-12,0.0311251,0,8.07177e-12,1.03736e-12
eigen_elementwise,897,1,0,7,1e-12,0.0302722,0,1.59162e-11,1.03482e-12
eigen_elementwise,898,1,0,7,1e-12,0.0315315,0,1.27329e-11,1.0081e-12
eigen_elementwise,899,1,0,7,1e-12,0.0316568,0,1.46656e-11,1.06179e-12
eigen_elementwise,900,1,0,7,1e-12,0.0319687,0,1.09139e-11,1.06293e-12
eigen_elementwise,901,1,0,7,1e-12,0.0316723,0,1.02318e-11,1.04541e-12
eigen_elementwise,902,1,0,7,1e-12,0.0323669,0,1.01181e-11,9.88923e-13
eigen_elementwise,903,1,0,7,1e-12,0.0323025,0,1.10276e-11,1.02499e-12
eigen_elementwise,904,1,0,7,1e-12,0.0321363,0,1.28466e-11,1.16227e-12
eigen_elementwise,905,1,0,7,1e-12,0.0323454,0,9.32232e-12,1.06606e-12
eigen_elementwise,906,1,0,7,1e-12,0.0322571,0,1.15961e-11,1.10283e-12
eigen_elementwise,907,1,0,7,1e-12,0.0324213,0,1.55751e-11,1.11939e-12
eigen_elementwise,908,1,0,7,1e-12,0.0323181,0,8.86757e-12,1.01336e-12
eigen_elementwise,909,1,0,7,1e-12,0.0323912,0,1.00044e-11,1.05055e-12
eigen_elementwise,910,1,0,7,1e-12,0.0326802,0,8.29914e-12,1.00239e-12
eigen_elementwise,911,1,0,7,1e-12,0.032818,0,1.17097e-11,9.41164e-13
eigen_elementwise,912,1,0,7,1e-12,0.0327871,0,8.29914e-12,9.74661e-13
eigen_elementwise,913,1,0,7,1e-12,0.0303147,0,9.32232e-12,1.08601e-12
eigen_elementwise,914,1,0,7,1e-12,0.0327671,0,1.00044e-11,9.56309e-13
eigen_elementwise,915,1,0,7,1e-12,0.0328675,0,1.10276e-11,1.07179e-12
eigen_elementwise,916,1,0,7,1e-12,0.0325005,0,9.43601e-12,9.53323e-13
eigen_elementwise,917,1,0,7,1e-12,0.0331231,0,1.23919e-11,1.08228e-12
eigen_elementwise,918,1,0,7,1e-12,0.0317604,0,1.17097e-11,1.04019e-12
eigen_elementwise,919,1,0,7,1e-12,0.0321547,0,1.72804e-11,1.09677e-12
eigen_elementwise,920,1,0,7,1e-12,0.0325569,0,1.31877e-11,1.01605e-12
eigen_elementwise,921,1,0,7,1e-12,0.0330079,0,9.43601e-12,1.0457e-12
eigen_elementwise,922,1,0,7,1e-12,0.0343051,0,1.03455e-11,1.01883e-12
eigen_elementwise,923,1,0,7,1e-12,0.0342138,0,1.11413e-11,1.02423e-12
eigen_elementwise,924,1,0,7,1e-12,0.0338418,0,1.18234e-11,1.00428e-12
eigen_elementwise,925,1,0,7,1e-12,0.0343702,0,1.13687e-11,1.02662e-12
eigen_elementwise,926,1,0,7,1e-12,0.0337716,0,1.19371e-11,1.13864e-12
eigen_elementwise,927,1,0,7,1e-12,0.0348505,0,9.20863e-12,1.08197e-12
eigen_elementwise,928,1,0,7,1e-12,0.0351405,0,1.04592e-11,1.08271e-12
eigen_elementwise,929,1,0,7,1e-12,0.0347781,0,9.43601e-12,1.10257e-12
eigen_elementwise,930,1,0,7,1e-12,0.0347386,0,1.02318e-11,9.73785e-13
eigen_elementwise,931,1,0,7,1e-12,0.0348215,0,9.89075e-12,1.01313e-12
eigen_elementwise,932,1,0,7,1e-12,0.0350681,0,1.71667e-11,1.0621e-12
eigen_elementwise,933,1,0,7,1e-12,0.0346823,0,1.40972e-11,1.03296e-12
eigen_elementwise,934,1,0,7,1e-12,0.0350706,0,1.25056e-11,1.07259e-12
eigen_elementwise,935,1,0,7,1e-12,0.0357255,0,1.39835e-11,1.11853e-12
eigen_elementwise,936,1,0,7,1e-12,0.0351052,0,1.02318e-11,1.02708e-12
eigen_elementwise,937,1,0,7,1e-12,0.0354541,0,8.41283e-12,1.0509e-12
eigen_elementwise,938,1,0,7,1e-12,0.0352563,0,7.95808e-12,1.12263e-12
eigen_elementwise,939,1,0,7,1e-12,0.0358196,0,1.68257e-11,1.05458e-12
eigen_elementwise,940,1,0,7,1e-12,0.035915,0,1.50067e-11,1.11961e-12
eigen_elementwise,941,1,0,7,1e-12,0.0359083,0,1.58025e-11,1.05106e-12
eigen_elementwise,942,1,0,7,1e-12,0.0359543,0,1.06866e-11,1.10805e-12
eigen_elementwise,943,1,0,7,1e-12,0.0351983,0,1.20508e-11,1.09044e-12
eigen_elementwise,944,1,0,7,1e-12,0.0359263,0,1.00044e-11,1.07264e-12
eigen_elementwise,945,1,0,7,1e-12,0.0358621,0,1.04592e-11,1.05573e-12
eigen_elementwise,946,1,0,7,1e-12,0.0360961,0,9.32232e-12,9.70527e-13
eigen_elementwise,947,1,0,7,1e-12,0.0359569,0,1.06866e-11,1.09455e-12
eigen_elementwise,948,1,0,7,1e-12,0.0343188,0,1.08002e-11,1.08542e-12
eigen_elementwise,949,1,0,7,1e-12,0.0366928,0,8.6402e-12,1.03132e-12
eigen_elementwise,950,1,0,7,1e-12,0.0345285,0,1.1255e-11,1.14345e-12
eigen_elementwise,951,1,0,7,1e-12,0.0366924,0,2.18279e-11,1.0433e-12
eigen_elementwise,952,1,0,7,1e-12,0.0364197,0,1.38698e-11,1.05061e-12
eigen_elementwise,953,1,0,7,1e-12,0.0364726,0,9.43601e-12,1.08357e-12
eigen_elementwise,954,1,0,7,1e-12,0.0365606,0,1.47793e-11,1.1152e-12
eigen_elementwise,955,1,0,7,1e-12,0.036549,0,1.18234e-11,1.09126e-12
eigen_elementwise,956,1,0,7,1e-12,0.0371691,0,9.43601e-12,1.05718e-12
eigen_elementwise,957,1,0,7,1e-12,0.0368824,0,1.55751e-11,1.05144e-12
eigen_elementwise,958,1,0,7,1e-12,0.0366078,0,1.06866e-11,1.03382e-12
eigen_elementwise,959,1,0,7,1e-12,0.0371853,0,8.98126e-12,1.05611e-12
eigen_elementwise,960,1,0,7,1e-12,0.0370942,0,1.1255e-11,1.10895e-12
eigen_elementwise,961,1,0,7,1e-12,0.0369986,0,1.05729e-11,1.11931e-12
eigen_elementwise,962,1,0,7,1e-12,0.037342,0,1.10276e-11,1.02164e-12
eigen_elementwise,963,1,0,7,1e-12,0.0373383,0,1.11413e-11,1.03514e-12
eigen_elementwise,964,1,0,7,1e-12,0.0372262,0,1.04592e-11,1.10377e-12
eigen_elementwise,965,1,0,7,1e-12,0.0354612,0,1.20508e-11,1.13553e-12
eigen_elementwise,966,1,0,7,1e-12,0.0375395,0,1.04592e-11,1.10881e-12
eigen_elementwise,967,1,0,7,1e-12,0.0376731,0,1.05729e-11,1.08568e-12
eigen_elementwise,968,1,0,7,1e-12,0.0375401,0,1.31877e-11,1.03472e-12
eigen_elementwise,969,1,0,7,1e-12,0.0380723,0,1.3074e-11,1.1407e-12
eigen_elementwise,970,1,0,7,1e-12,0.0374165,0,1.21645e-11,1.10602e-12
eigen_elementwise,971,1,0,7,1e-12,0.0368298,0,1.10276e-11,1.07423e-12
eigen_elementwise,972,1,0,7,1e-12,0.0362443,0,9.66338e-12,9.58597e-13
eigen_elementwise,973,1,0,7,1e-12,0.0374327,0,1.04592e-11,1.0146e-12
eigen_elementwise,974,1,0,7,1e-12,0.0380551,0,1.1255e-11,1.11296e-12
eigen_elementwise,975,1,0,7,1e-12,0.037618,0,8.98126e-12,1.11999e-12
eigen_elementwise,976,1,0,7,1e-12,0.0378373,0,1.61435e-11,1.107e-12
eigen_elementwise,977,1,0,7,1e-12,0.0377914,0,8.75389e-12,9.71225e-13
eigen_elementwise,978,1,0,7,1e-12,0.0378758,0,7.38964e-12,1.04194e-12
eigen_elementwise,979,1,0,7,1e-12,0.0365637,0,1.50067e-11,1.02876e-12
eigen_elementwise,980,1,0,7,1e-12,0.0374914,0,1.58025e-11,1.06772e-12
eigen_elementwise,981,1,0,7,1e-12,0.0379153,0,1.01181e-11,1.04719e-12
eigen_elementwise,982,1,0,7,1e-12,0.0383987,0,1.10276e-11,1.01052e-12
eigen_elementwise,983,1,0,7,1e-12,0.03726,0,9.09495e-12,1.11931e-12
eigen_elementwise,984,1,0,7,1e-12,0.038176,0,1.13687e-11,1.05385e-12
eigen_elementwise,985,1,0,7,1e-12,0.0384859,0,1.76215e-11,1.07259e-12
eigen_elementwise,986,1,0,7,1e-12,0.0384941,0,1.08002e-11,1.07482e-12
eigen_elementwise,987,1,0,7,1e-12,0.0385604,0,7.7307e-12,1.02959e-12
eigen_elementwise,988,1,0,7,1e-12,0.0384889,0,9.54969e-12,1.05747e-12
eigen_elementwise,989,1,0,7,1e-12,0.0387558,0,8.52651e-12,1.04096e-12
eigen_elementwise,990,1,0,7,1e-12,0.0389092,0,1.14824e-11,1.0642e-12
eigen_elementwise,991,1,0,7,1e-12,0.0381463,0,1.76215e-11,1.06133e-12
eigen_elementwise,992,1,0,7,1e-12,0.0390834,0,1.77351e-11,1.1397e-12
eigen_elementwise,993,1,0,7,1e-12,0.0385499,0,1.06866e-11,1.03514e-12
eigen_elementwise,994,1,0,7,1e-12,0.0389562,0,1.61435e-11,1.07865e-12
eigen_elementwise,995,1,0,7,1e-12,0.0391074,0,1.09139e-11,1.0349e-12
eigen_elementwise,996,1,0,7,1e-12,0.0390057,0,1.44382e-11,1.08186e-12
eigen_elementwise,997,1,0,7,1e-12,0.0392672,0,7.7307e-12,1.0631e-12
eigen_elementwise,998,1,0,7,1e-12,0.0396327,0,1.18234e-11,1.05298e-12
eigen_elementwise,999,1,0,7,1e-12,0.0396938,0,1.22782e-11,1.01771e-12
eigen_elementwise,1000,1,0,7,1e-12,0.0401636,0,1.06866e-11,1.10707e-12
