version, size, hermitian, complex, seed, tol, runtime in s,min_error, max_error, avg_error
basic,1,1,0,3,1e-12,2.444e-06,0,0,0
basic,2,1,0,3,1e-12,2.374e-06,5.68434e-14,5.68434e-14,5.68434e-14
basic,3,1,0,3,1e-12,1.886e-06,0,2.27374e-13,8.52651e-14
basic,4,1,0,3,1e-12,1.955e-06,0,1.7053e-13,8.52651e-14
basic,5,1,0,3,1e-12,2.793e-06,5.68434e-14,1.7053e-13,1.19371e-13
basic,6,1,0,3,1e-12,2.864e-06,5.68434e-14,4.54747e-13,2.03689e-13
basic,7,1,0,3,1e-12,3.911e-06,5.68434e-14,3.41061e-13,1.78651e-13
basic,8,1,0,3,1e-12,1.2712e-05,5.68434e-14,3.41061e-13,1.45661e-13
basic,9,1,0,3,1e-12,5.727e-06,2.84217e-14,2.84217e-13,1.95794e-13
basic,10,1,0,3,1e-12,7.193e-06,0,5.68434e-13,1.79057e-13
basic,11,1,0,3,1e-12,8.171e-06,0,7.95808e-13,2.06703e-13
basic,12,1,0,3,1e-12,9.638e-06,2.84217e-14,4.54747e-13,2.36848e-13
basic,13,1,0,3,1e-12,9.498e-06,2.84217e-14,5.11591e-13,1.79275e-13
basic,14,1,0,3,1e-12,1.1873e-05,0,6.82121e-13,1.84741e-13
basic,15,1,0,3,1e-12,1.2362e-05,0,6.82121e-13,2.48216e-13
basic,16,1,0,3,1e-12,1.5295e-05,0,6.25278e-13,2.89546e-13
basic,17,1,0,3,1e-12,1.6273e-05,0,1.25056e-12,3.39389e-13
basic,18,1,0,3,1e-12,1.753e-05,0,1.47793e-12,3.45797e-13
basic,19,1,0,3,1e-12,1.753e-05,0,4.54747e-13,2.0344e-13
basic,20,1,0,3,1e-12,2.1441e-05,0,1.13687e-12,3.29692e-13
basic,21,1,0,3,1e-12,2.4305e-05,0,1.02318e-12,2.39554e-13
basic,22,1,0,3,1e-12,2.5771e-05,0,6.82121e-13,1.96045e-13
basic,23,1,0,3,1e-12,2.8634e-05,0,1.13687e-12,3.18663e-13
basic,24,1,0,3,1e-12,2.8565e-05,0,1.13687e-12,2.00284e-13
basic,25,1,0,3,1e-12,3.2407e-05,0,1.02318e-12,2.2581e-13
basic,26,1,0,3,1e-12,3.4781e-05,0,1.81899e-12,3.02254e-13
basic,27,1,0,3,1e-12,3.7714e-05,0,1.81899e-12,4.49616e-13
basic,28,1,0,3,1e-12,4.0089e-05,0,1.59162e-12,3.31417e-13
basic,29,1,0,3,1e-12,4.0368e-05,4.61853e-14,1.7053e-12,3.21092e-13
basic,30,1,0,3,1e-12,4.4698e-05,0,1.47793e-12,2.93099e-13
basic,31,1,0,3,1e-12,4.7283e-05,0,1.59162e-12,3.94466e-13
basic,32,1,0,3,1e-12,5.7689e-05,0,1.7053e-12,4.41758e-13
basic,33,1,0,3,1e-12,5.1473e-05,0,1.47793e-12,3.52472e-13
basic,34,1,0,3,1e-12,5.5454e-05,0,2.27374e-12,4.33849e-13
basic,35,1,0,3,1e-12,5.9714e-05,0,2.16005e-12,4.61244e-13
basic,36,1,0,3,1e-12,6.3277e-05,0,2.6148e-12,3.51127e-13
basic,37,1,0,3,1e-12,6.5301e-05,0,2.6148e-12,5.86678e-13
basic,38,1,0,3,1e-12,7.068e-05,0,1.7053e-12,4.27728e-13
basic,39,1,0,3,1e-12,7.3892e-05,2.84217e-14,1.36424e-12,3.76952e-13
basic,40,1,0,3,1e-12,7.7804e-05,0,1.7053e-12,4.13536e-13
basic,41,1,0,3,1e-12,8.2832e-05,0,1.02318e-12,3.53972e-13
basic,42,1,0,3,1e-12,8.7372e-05,0,1.93268e-12,3.90291e-13
basic,43,1,0,3,1e-12,8.849e-05,0,2.16005e-12,5.60998e-13
basic,44,1,0,3,1e-12,9.2819e-05,0,1.59162e-12,4.14699e-13
basic,45,1,0,3,1e-12,9.4356e-05,0,1.7053e-12,3.67666e-13
basic,46,1,0,3,1e-12,9.8686e-05,0,1.81899e-12,4.047e-13
basic,47,1,0,3,1e-12,0.000107835,0,7.95808e-13,3.09464e-13
basic,48,1,0,3,1e-12,0.000110908,0,2.84217e-12,5.54963e-13
basic,49,1,0,3,1e-12,0.000118032,2.84217e-14,1.7053e-12,5.52556e-13
basic,50,1,0,3,1e-12,0.000119638,0,2.38742e-12,5.03846e-13
basic,51,1,0,3,1e-12,0.000133956,0,1.93268e-12,4.58927e-13
basic,52,1,0,3,1e-12,0.000130325,0,1.7053e-12,5.02846e-13
basic,53,1,0,3,1e-12,0.000131721,0,3.75167e-12,5.52749e-13
basic,54,1,0,3,1e-12,0.000126622,0,1.7053e-12,4.73695e-13
basic,55,1,0,3,1e-12,0.000145619,0,3.06954e-12,5.05842e-13
basic,56,1,0,3,1e-12,0.000135492,0,2.72848e-12,6.2071e-13
basic,57,1,0,3,1e-12,0.000141918,0,1.59162e-12,3.71726e-13
basic,58,1,0,3,1e-12,0.000145829,0,2.50111e-12,5.60532e-13
basic,59,1,0,3,1e-12,0.000148623,0,3.18323e-12,4.8636e-13
basic,60,1,0,3,1e-12,0.000157492,0,2.04636e-12,4.88143e-13
basic,61,1,0,3,1e-12,0.000182007,0,2.38742e-12,4.85033e-13
basic,62,1,0,3,1e-12,0.000173137,0,3.29692e-12,5.66199e-13
basic,63,1,0,3,1e-12,0.000181658,0,2.16005e-12,4.64221e-13
basic,64,1,0,3,1e-12,0.000186546,0,2.04636e-12,4.996e-13
basic,65,1,0,3,1e-12,0.000195695,0,2.04636e-12,4.73221e-13
basic,66,1,0,3,1e-12,0.000194159,0,2.84217e-12,5.03624e-13
basic,67,1,0,3,1e-12,0.00020261,0,1.47793e-12,4.61376e-13
basic,68,1,0,3,1e-12,0.000202959,0,1.81899e-12,4.58823e-13
basic,69,1,0,3,1e-12,0.000214833,0,2.72848e-12,5.48869e-13
basic,70,1,0,3,1e-12,0.000214832,0,2.38742e-12,4.11455e-13
basic,71,1,0,3,1e-12,0.000220349,0,3.63798e-12,6.80069e-13
basic,72,1,0,3,1e-12,0.000232363,0,2.04636e-12,4.41671e-13
basic,73,1,0,3,1e-12,0.000237112,0,2.95586e-12,5.97732e-13
basic,74,1,0,3,1e-12,0.000315334,0,2.50111e-12,4.19844e-13
basic,75,1,0,3,1e-12,0.000257575,0,2.16005e-12,4.32673e-13
basic,76,1,0,3,1e-12,0.000261975,0,2.6148e-12,6.00409e-13
basic,77,1,0,3,1e-12,0.00026889,0,3.06954e-12,5.72956e-13
basic,78,1,0,3,1e-12,0.000277061,0,1.81899e-12,4.50511e-13
basic,79,1,0,3,1e-12,0.000279506,0,2.27374e-12,5.78688e-13
basic,80,1,0,3,1e-12,0.000284743,0,2.95586e-12,5.6759e-13
basic,81,1,0,3,1e-12,0.000290959,0,2.27374e-12,4.20054e-13
basic,82,1,0,3,1e-12,0.000306115,0,1.59162e-12,4.0254e-13
basic,83,1,0,3,1e-12,0.000307651,0,2.84217e-12,4.5616e-13
basic,84,1,0,3,1e-12,0.000318896,0,3.29692e-12,5.77908e-13
basic,85,1,0,3,1e-12,0.000316312,0,2.50111e-12,4.89313e-13
basic,86,1,0,3,1e-12,0.000319664,0,2.72848e-12,5.80125e-13
basic,87,1,0,3,1e-12,0.000338661,0,2.16005e-12,4.71898e-13
basic,88,1,0,3,1e-12,0.00034376,0,3.86535e-12,5.17202e-13
basic,89,1,0,3,1e-12,0.000358356,0,2.27374e-12,5.12549e-13
basic,90,1,0,3,1e-12,0.000351931,0,3.06954e-12,6.61121e-13
basic,91,1,0,3,1e-12,0.000366318,2.84217e-14,3.52429e-12,6.13917e-13
basic,92,1,0,3,1e-12,0.000381125,0,4.09273e-12,5.5264e-13
basic,93,1,0,3,1e-12,0.000381963,0,2.95586e-12,6.00943e-13
basic,94,1,0,3,1e-12,0.000389785,0,3.06954e-12,6.34386e-13
basic,95,1,0,3,1e-12,0.000408363,0,4.77485e-12,7.12188e-13
basic,96,1,0,3,1e-12,0.000411646,0,6.25278e-12,6.38526e-13
basic,97,1,0,3,1e-12,0.000417302,0,3.63798e-12,5.95867e-13
basic,98,1,0,3,1e-12,0.00042736,0,4.43379e-12,6.20202e-13
basic,99,1,0,3,1e-12,0.000434344,0,2.27374e-12,6.04177e-13
basic,100,1,0,3,1e-12,0.000443772,0,3.86535e-12,5.34506e-13
basic,101,1,0,3,1e-12,0.000446356,0,2.84217e-12,5.27596e-13
basic,102,1,0,3,1e-12,0.000465423,0,2.38742e-12,4.71187e-13
basic,103,1,0,3,1e-12,0.000464795,0,3.97904e-12,5.8205e-13
basic,104,1,0,3,1e-12,0.0004759,0,5.11591e-12,6.08073e-13
basic,105,1,0,3,1e-12,0.000481626,0,2.95586e-12,5.71771e-13
basic,106,1,0,3,1e-12,0.000500344,0,3.86535e-12,7.33099e-13
basic,107,1,0,3,1e-12,0.000505023,0,3.06954e-12,6.75983e-13
basic,108,1,0,3,1e-12,0.000504953,0,2.38742e-12,5.70309e-13
basic,109,1,0,3,1e-12,0.00052863,0,3.06954e-12,6.25807e-13
basic,110,1,0,3,1e-12,0.000532332,0,4.3201e-12,6.13037e-13
basic,111,1,0,3,1e-12,0.000529747,0,3.75167e-12,5.96764e-13
basic,112,1,0,3,1e-12,0.000549094,0,4.66116e-12,6.13648e-13
basic,113,1,0,3,1e-12,0.000564389,0,4.88853e-12,5.75681e-13
basic,114,1,0,3,1e-12,0.000579614,0,4.20641e-12,5.6443e-13
basic,115,1,0,3,1e-12,0.000573608,0,4.09273e-12,5.98343e-13
basic,116,1,0,3,1e-12,0.000586668,0,3.52429e-12,6.28195e-13
basic,117,1,0,3,1e-12,0.000593094,0,5.79803e-12,6.31916e-13
basic,118,1,0,3,1e-12,0.000611182,0,4.09273e-12,5.74505e-13
basic,119,1,0,3,1e-12,0.000636255,0,3.52429e-12,5.93363e-13
basic,120,1,0,3,1e-12,0.000630319,0,2.6148e-12,5.1894e-13
basic,121,1,0,3,1e-12,0.000641982,0,6.59384e-12,5.6341e-13
basic,122,1,0,3,1e-12,0.000642681,0,4.09273e-12,6.97977e-13
basic,123,1,0,3,1e-12,0.000662097,0,5.00222e-12,5.72243e-13
basic,124,1,0,3,1e-12,0.000679627,0,3.52429e-12,5.72191e-13
basic,125,1,0,3,1e-12,0.000671316,0,3.29692e-12,5.66143e-13
basic,126,1,0,3,1e-12,0.000687938,0,2.6148e-12,5.17515e-13
basic,127,1,0,3,1e-12,0.000711126,0,3.06954e-12,5.65458e-13
basic,128,1,0,3,1e-12,0.00071343,0,2.72848e-12,5.43197e-13
basic,129,1,0,3,1e-12,0.000746185,0,4.66116e-12,6.31237e-13
basic,130,1,0,3,1e-12,0.000748351,0,4.77485e-12,6.38429e-13
basic,131,1,0,3,1e-12,0.000758967,0,3.97904e-12,6.65774e-13
basic,132,1,0,3,1e-12,0.000754078,0,2.95586e-12,6.29607e-13
basic,133,1,0,3,1e-12,0.000771957,0,4.3201e-12,6.43392e-13
basic,134,1,0,3,1e-12,0.000774402,0,3.75167e-12,5.22368e-13
basic,135,1,0,3,1e-12,0.000785088,0,3.41061e-12,7.71222e-13
basic,136,1,0,3,1e-12,0.000831044,0,3.75167e-12,6.82451e-13
basic,137,1,0,3,1e-12,0.000807996,0,4.3201e-12,6.28996e-13
basic,138,1,0,3,1e-12,0.000819031,0,3.41061e-12,5.76775e-13
basic,139,1,0,3,1e-12,0.000815539,0,6.25278e-12,7.1838e-13
basic,140,1,0,3,1e-12,0.000841589,0,2.50111e-12,5.71286e-13
basic,141,1,0,3,1e-12,0.000851367,0,3.63798e-12,7.27976e-13
basic,142,1,0,3,1e-12,0.000875253,0,4.66116e-12,7.40244e-13
basic,143,1,0,3,1e-12,0.00086324,0,5.91172e-12,8.29913e-13
basic,144,1,0,3,1e-12,0.000940415,0,4.66116e-12,5.85075e-13
basic,145,1,0,3,1e-12,0.000904167,0,4.20641e-12,6.41975e-13
basic,146,1,0,3,1e-12,0.000882866,0,4.20641e-12,7.25724e-13
basic,147,1,0,3,1e-12,0.000947329,0,4.54747e-12,6.33552e-13
basic,148,1,0,3,1e-12,0.000923793,0,4.43379e-12,6.54705e-13
basic,149,1,0,3,1e-12,0.000971984,0,3.86535e-12,5.59236e-13
basic,150,1,0,3,1e-12,0.000946771,0,3.97904e-12,5.72706e-13
basic,151,1,0,3,1e-12,0.000981203,0,1.03455e-11,7.58275e-13
basic,152,1,0,3,1e-12,0.00101738,0,3.29692e-12,5.753e-13
basic,153,1,0,3,1e-12,0.00103016,0,5.22959e-12,6.93923e-13
basic,154,1,0,3,1e-12,0.0010178,0,3.29692e-12,5.92432e-13
basic,155,1,0,3,1e-12,0.00101738,0,3.63798e-12,6.03695e-13
basic,156,1,0,3,1e-12,0.00109518,0,5.79803e-12,6.36289e-13
basic,157,1,0,3,1e-12,0.00103701,0,4.20641e-12,6.77211e-13
basic,158,1,0,3,1e-12,0.00106354,0,4.20641e-12,7.3734e-13
basic,159,1,0,3,1e-12,0.00107598,0,3.41061e-12,7.17581e-13
basic,160,1,0,3,1e-12,0.00116069,0,3.06954e-12,5.94497e-13
basic,161,1,0,3,1e-12,0.00109407,0,3.63798e-12,6.37058e-13
basic,162,1,0,3,1e-12,0.00112738,0,4.77485e-12,6.67751e-13
basic,163,1,0,3,1e-12,0.00111243,0,5.22959e-12,6.71226e-13
basic,164,1,0,3,1e-12,0.00113325,0,7.50333e-12,7.02896e-13
basic,165,1,0,3,1e-12,0.00114896,0,4.09273e-12,6.40786e-13
basic,166,1,0,3,1e-12,0.00117257,0,4.20641e-12,7.60915e-13
basic,167,1,0,3,1e-12,0.00120812,0,4.54747e-12,6.03246e-13
basic,168,1,0,3,1e-12,0.00128375,0,4.54747e-12,6.14033e-13
basic,169,1,0,3,1e-12,0.00118919,0,5.79803e-12,6.74658e-13
basic,170,1,0,3,1e-12,0.00125016,0,6.48015e-12,6.78127e-13
basic,171,1,0,3,1e-12,0.00129179,0,4.20641e-12,6.87811e-13
basic,172,1,0,3,1e-12,0.00127042,0,4.43379e-12,7.25631e-13
basic,173,1,0,3,1e-12,0.00129346,0,3.97904e-12,6.47993e-13
basic,174,1,0,3,1e-12,0.00128424,0,4.88853e-12,7.13406e-13
basic,175,1,0,3,1e-12,0.00128837,0,5.68434e-12,6.71498e-13
basic,176,1,0,3,1e-12,0.00137888,0,3.97904e-12,6.48267e-13
basic,177,1,0,3,1e-12,0.00137469,0,5.22959e-12,6.7075e-13
basic,178,1,0,3,1e-12,0.00132461,0,5.22959e-12,6.2431e-13
basic,179,1,0,3,1e-12,0.00143056,0,5.11591e-12,6.65238e-13
basic,180,1,0,3,1e-12,0.00147324,0,6.25278e-12,6.55434e-13
basic,181,1,0,3,1e-12,0.00136777,0,4.88853e-12,6.22319e-13
basic,182,1,0,3,1e-12,0.00148378,0,3.75167e-12,6.49285e-13
basic,183,1,0,3,1e-12,0.0014379,0,3.06954e-12,6.25156e-13
basic,184,1,0,3,1e-12,0.00150844,0,5.68434e-12,7.44417e-13
basic,185,1,0,3,1e-12,0.00144418,0,5.00222e-12,6.59244e-13
basic,186,1,0,3,1e-12,0.00153972,0,3.75167e-12,7.64831e-13
basic,187,1,0,3,1e-12,0.00152967,0,3.63798e-12,6.08241e-13
basic,188,1,0,3,1e-12,0.00151319,0,6.25278e-12,8.1416e-13
basic,189,1,0,3,1e-12,0.00152352,0,5.22959e-12,6.98642e-13
basic,190,1,0,3,1e-12,0.00157744,0,5.79803e-12,8.09311e-13
basic,191,1,0,3,1e-12,0.00160545,0,4.43379e-12,6.12271e-13
basic,192,1,0,3,1e-12,0.00166202,0,4.77485e-12,7.11362e-13
basic,193,1,0,3,1e-12,0.00156955,0,5.57066e-12,7.21705e-13
basic,194,1,0,3,1e-12,0.00161892,0,3.97904e-12,6.31531e-13
basic,195,1,0,3,1e-12,0.00166565,0,5.00222e-12,6.7968e-13
basic,196,1,0,3,1e-12,0.00169701,0,5.57066e-12,7.09963e-13
basic,197,1,0,3,1e-12,0.00160789,0,3.29692e-12,6.28454e-13
basic,198,1,0,3,1e-12,0.00172047,0,3.86535e-12,7.24161e-13
basic,199,1,0,3,1e-12,0.00172746,0,4.54747e-12,7.0637e-13
basic,200,1,0,3,1e-12,0.00177181,0,7.04858e-12,6.95513e-13
basic,201,1,0,3,1e-12,0.00170755,0,3.86535e-12,6.72727e-13
basic,202,1,0,3,1e-12,0.0017716,0,4.54747e-12,6.57511e-13
basic,203,1,0,3,1e-12,0.00179004,0,4.09273e-12,7.62035e-13
basic,204,1,0,3,1e-12,0.00182719,0,4.43379e-12,6.90173e-13
basic,205,1,0,3,1e-12,0.00181022,0,5.11591e-12,6.96743e-13
basic,206,1,0,3,1e-12,0.00174387,0,4.20641e-12,6.98559e-13
basic,207,1,0,3,1e-12,0.0018962,0,4.77485e-12,6.83586e-13
basic,208,1,0,3,1e-12,0.00192916,0,3.75167e-12,6.5457e-13
basic,209,1,0,3,1e-12,0.00191945,0,3.63798e-12,6.29404e-13
basic,210,1,0,3,1e-12,0.00190632,0,6.13909e-12,7.12461e-13
basic,211,1,0,3,1e-12,0.00185771,0,3.63798e-12,6.09063e-13
basic,212,1,0,3,1e-12,0.00196366,0,6.0254e-12,8.42674e-13
basic,213,1,0,3,1e-12,0.00192902,0,3.75167e-12,5.9165e-13
basic,214,1,0,3,1e-12,0.00198804,0,3.06954e-12,5.60681e-13
basic,215,1,0,3,1e-12,0.00198413,0,7.27596e-12,7.06631e-13
basic,216,1,0,3,1e-12,0.00208092,0,4.66116e-12,7.24852e-13
basic,217,1,0,3,1e-12,0.0019448,0,5.34328e-12,7.15188e-13
basic,218,1,0,3,1e-12,0.0020796,0,3.86535e-12,6.36192e-13
basic,219,1,0,3,1e-12,0.00209245,0,3.86535e-12,6.24181e-13
basic,220,1,0,3,1e-12,0.00210809,0,6.13909e-12,7.92142e-13
basic,221,1,0,3,1e-12,0.00212583,0,5.79803e-12,7.30762e-13
basic,222,1,0,3,1e-12,0.0021324,0,3.52429e-12,6.30721e-13
basic,223,1,0,3,1e-12,0.00215531,0,4.54747e-12,7.22862e-13
basic,224,1,0,3,1e-12,0.00217738,0,4.43379e-12,7.38237e-13
basic,225,1,0,3,1e-12,0.0021449,0,6.36646e-12,7.51425e-13
basic,226,1,0,3,1e-12,0.00220273,0,4.88853e-12,7.18992e-13
basic,227,1,0,3,1e-12,0.00221446,0,3.41061e-12,6.8602e-13
basic,228,1,0,3,1e-12,0.002235,0,5.57066e-12,6.56935e-13
basic,229,1,0,3,1e-12,0.00228123,0,6.25278e-12,7.08475e-13
basic,230,1,0,3,1e-12,0.00226656,0,6.70752e-12,6.75328e-13
basic,231,1,0,3,1e-12,0.00228507,0,5.00222e-12,8.12324e-13
basic,232,1,0,3,1e-12,0.00235519,0,4.66116e-12,6.98996e-13
basic,233,1,0,3,1e-12,0.00233431,0,6.0254e-12,7.69553e-13
basic,234,1,0,3,1e-12,0.00224645,0,5.34328e-12,6.79233e-13
basic,235,1,0,3,1e-12,0.00235428,0,6.13909e-12,6.63934e-13
basic,236,1,0,3,1e-12,0.00236965,0,4.3201e-12,7.10355e-13
basic,237,1,0,3,1e-12,0.00240932,0,8.29914e-12,8.40946e-13
basic,238,1,0,3,1e-12,0.00243034,0,7.38964e-12,6.32754e-13
basic,239,1,0,3,1e-12,0.0024654,0,7.27596e-12,7.82998e-13
basic,240,1,0,3,1e-12,0.00252763,0,7.61702e-12,7.36048e-13
basic,241,1,0,3,1e-12,0.00250025,0,3.86535e-12,6.78262e-13
basic,242,1,0,3,1e-12,0.00252267,0,3.86535e-12,7.77422e-13
basic,243,1,0,3,1e-12,0.0025254,0,5.11591e-12,7.45125e-13
basic,244,1,0,3,1e-12,0.002609,0,5.22959e-12,7.52365e-13
basic,245,1,0,3,1e-12,0.00255347,0,5.79803e-12,7.74363e-13
basic,246,1,0,3,1e-12,0.0026076,0,5.45697e-12,7.92528e-13
basic,247,1,0,3,1e-12,0.00260453,0,5.34328e-12,6.35112e-13
basic,248,1,0,3,1e-12,0.002659,0,3.06954e-12,6.35594e-13
basic,249,1,0,3,1e-12,0.00264909,0,3.97904e-12,6.77807e-13
basic,250,1,0,3,1e-12,0.00266452,0,7.04858e-12,7.14014e-13
basic,251,1,0,3,1e-12,0.00271348,0,5.34328e-12,7.68391e-13
basic,252,1,0,3,1e-12,0.00273206,0,4.20641e-12,7.12379e-13
basic,253,1,0,3,1e-12,0.00274665,0,6.36646e-12,7.72847e-13
basic,254,1,0,3,1e-12,0.00273995,0,3.97904e-12,6.70192e-13
basic,255,1,0,3,1e-12,0.00283039,0,6.70752e-12,6.87032e-13
basic,256,1,0,3,1e-12,0.00300437,0,5.00222e-12,6.95026e-13
basic,257,1,0,3,1e-12,0.00281859,0,4.3201e-12,6.9139e-13
basic,258,1,0,3,1e-12,0.00274526,0,4.3201e-12,7.43376e-13
basic,259,1,0,3,1e-12,0.00283424,0,6.70752e-12,7.56461e-13
basic,260,1,0,3,1e-12,0.0029061,0,6.59384e-12,7.47593e-13
basic,261,1,0,3,1e-12,0.00288445,0,4.66116e-12,6.81754e-13
basic,262,1,0,3,1e-12,0.00292559,0,5.79803e-12,7.78955e-13
basic,263,1,0,3,1e-12,0.00295052,0,5.79803e-12,8.11186e-13
basic,264,1,0,3,1e-12,0.00298474,0,6.82121e-12,7.65479e-13
basic,265,1,0,3,1e-12,0.00300898,0,5.79803e-12,8.32872e-13
basic,266,1,0,3,1e-12,0.00300395,0,5.00222e-12,7.37731e-13
basic,267,1,0,3,1e-12,0.00304879,0,8.52651e-12,7.42401e-13
basic,268,1,0,3,1e-12,0.00306744,0,8.29914e-12,7.30071e-13
basic,269,1,0,3,1e-12,0.00310913,0,8.29914e-12,8.33828e-13
basic,270,1,0,3,1e-12,0.00312966,0,5.57066e-12,7.28206e-13
basic,271,1,0,3,1e-12,0.00314713,0,5.34328e-12,7.96018e-13
basic,272,1,0,3,1e-12,0.0032053,0,7.38964e-12,7.49023e-13
basic,273,1,0,3,1e-12,0.00320405,0,3.86535e-12,6.82168e-13
basic,274,1,0,3,1e-12,0.00320963,0,4.3201e-12,6.48464e-13
basic,275,1,0,3,1e-12,0.00323142,0,4.54747e-12,7.25496e-13
basic,276,1,0,3,1e-12,0.00325363,0,5.00222e-12,7.52693e-13
basic,277,1,0,3,1e-12,0.00331118,0,5.11591e-12,7.02857e-13
basic,278,1,0,3,1e-12,0.00333172,0,5.68434e-12,8.01586e-13
basic,279,1,0,3,1e-12,0.00333814,0,4.77485e-12,7.35698e-13
basic,280,1,0,3,1e-12,0.00335413,0,9.66338e-12,6.84816e-13
basic,281,1,0,3,1e-12,0.0033343,0,6.36646e-12,7.44957e-13
basic,282,1,0,3,1e-12,0.00340742,0,6.36646e-12,7.2319e-13
basic,283,1,0,3,1e-12,0.00340135,0,4.88853e-12,7.86094e-13
basic,284,1,0,3,1e-12,0.0034552,0,5.68434e-12,7.28986e-13
basic,285,1,0,3,1e-12,0.00346777,0,5.00222e-12,7.32612e-13
basic,286,1,0,3,1e-12,0.00349703,0,6.70752e-12,8.87504e-13
basic,287,1,0,3,1e-12,0.00351861,0,7.50333e-12,7.01726e-13
basic,288,1,0,3,1e-12,0.00350653,0,3.52429e-12,6.50891e-13
basic,289,1,0,3,1e-12,0.00359104,0,5.79803e-12,6.94872e-13
basic,290,1,0,3,1e-12,0.00357463,0,5.11591e-12,6.56087e-13
basic,291,1,0,3,1e-12,0.0036189,0,7.61702e-12,7.27604e-13
basic,292,1,0,3,1e-12,0.00363734,0,6.9349e-12,8.40064e-13
basic,293,1,0,3,1e-12,0.00367534,0,5.68434e-12,7.69426e-13
basic,294,1,0,3,1e-12,0.00367569,0,4.88853e-12,8.17305e-13
basic,295,1,0,3,1e-12,0.00374546,0,6.36646e-12,8.19185e-13
basic,296,1,0,3,1e-12,0.00373631,0,7.38964e-12,7.41585e-13
basic,297,1,0,3,1e-12,0.00373512,0,4.88853e-12,7.53094e-13
basic,298,1,0,3,1e-12,0.00383178,0,8.29914e-12,7.73587e-13
basic,299,1,0,3,1e-12,0.00385602,0,8.41283e-12,8.30292e-13
basic,300,1,0,3,1e-12,0.00389834,0,5.00222e-12,8.33456e-13
basic,301,1,0,3,1e-12,0.00393347,0,4.77485e-12,7.84134e-13
basic,302,1,0,3,1e-12,0.00389429,0,6.48015e-12,7.07164e-13
basic,303,1,0,3,1e-12,0.00394499,0,8.07177e-12,8.18942e-13
basic,304,1,0,3,1e-12,0.00395554,0,6.0254e-12,7.58729e-13
basic,305,1,0,3,1e-12,0.00395645,0,6.48015e-12,7.50313e-13
basic,306,1,0,3,1e-12,0.00397558,0,5.68434e-12,7.4221e-13
basic,307,1,0,3,1e-12,0.00407762,0,8.52651e-12,9.1907e-13
basic,308,1,0,3,1e-12,0.0040566,0,6.9349e-12,7.87356e-13
basic,309,1,0,3,1e-12,0.00407308,0,4.3201e-12,7.28448e-13
basic,310,1,0,3,1e-12,0.00411003,0,6.48015e-12,8.64458e-13
basic,311,1,0,3,1e-12,0.00414628,0,5.57066e-12,7.29982e-13
basic,312,1,0,3,1e-12,0.0042136,0,6.82121e-12,6.99702e-13
basic,313,1,0,3,1e-12,0.00417226,0,6.82121e-12,7.80942e-13
basic,314,1,0,3,1e-12,0.00420732,0,4.88853e-12,7.98991e-13
basic,315,1,0,3,1e-12,0.00433052,0,7.16227e-12,7.5182e-13
basic,316,1,0,3,1e-12,0.00428799,0,5.45697e-12,7.08371e-13
basic,317,1,0,3,1e-12,0.00431585,0,7.38964e-12,7.06525e-13
basic,318,1,0,3,1e-12,0.00434903,0,7.50333e-12,7.32405e-13
basic,319,1,0,3,1e-12,0.00438953,0,5.45697e-12,8.59525e-13
basic,320,1,0,3,1e-12,0.0043264,0,6.0254e-12,6.67699e-13
basic,321,1,0,3,1e-12,0.0043632,0,6.82121e-12,7.70373e-13
basic,322,1,0,3,1e-12,0.00439491,0,6.13909e-12,7.61224e-13
basic,323,1,0,3,1e-12,0.00447348,0,5.91172e-12,6.96948e-13
basic,324,1,0,3,1e-12,0.00458404,0,6.9349e-12,8.2952e-13
basic,325,1,0,3,1e-12,0.00461645,0,6.13909e-12,8.54092e-13
basic,326,1,0,3,1e-12,0.00451252,0,7.84439e-12,9.09351e-13
basic,327,1,0,3,1e-12,0.00458802,0,5.11591e-12,7.66146e-13
basic,328,1,0,3,1e-12,0.00464955,0,7.7307e-12,7.76311e-13
basic,329,1,0,3,1e-12,0.00464669,0,4.20641e-12,6.99611e-13
basic,330,1,0,3,1e-12,0.00462965,0,9.43601e-12,8.13265e-13
basic,331,1,0,3,1e-12,0.00467581,0,5.57066e-12,7.64123e-13
basic,332,1,0,3,1e-12,0.00467016,0,6.48015e-12,7.93099e-13
basic,333,1,0,3,1e-12,0.00479671,0,5.91172e-12,9.04798e-13
basic,334,1,0,3,1e-12,0.00479769,0,9.09495e-12,7.96913e-13
basic,335,1,0,3,1e-12,0.00477408,0,6.13909e-12,8.52833e-13
basic,336,1,0,3,1e-12,0.00479643,0,7.04858e-12,7.5055e-13
basic,337,1,0,3,1e-12,0.00485936,0,7.27596e-12,7.83867e-13
basic,338,1,0,3,1e-12,0.00484316,0,9.32232e-12,7.96962e-13
basic,339,1,0,3,1e-12,0.00491663,0,7.27596e-12,7.2254e-13
basic,340,1,0,3,1e-12,0.00500602,0,4.77485e-12,7.83425e-13
basic,341,1,0,3,1e-12,0.00500568,0,4.43379e-12,7.4364e-13
basic,342,1,0,3,1e-12,0.00495749,0,6.36646e-12,8.43395e-13
basic,343,1,0,3,1e-12,0.00504772,0,4.77485e-12,7.7087e-13
basic,344,1,0,3,1e-12,0.00506057,0,5.34328e-12,7.13636e-13
basic,345,1,0,3,1e-12,0.00507698,0,7.38964e-12,7.89058e-13
basic,346,1,0,3,1e-12,0.00515374,0,8.07177e-12,7.6329e-13
basic,347,1,0,3,1e-12,0.00517972,0,9.54969e-12,7.87022e-13
basic,348,1,0,3,1e-12,0.00520801,0,6.0254e-12,8.40235e-13
basic,349,1,0,3,1e-12,0.00524663,0,8.75389e-12,8.24896e-13
basic,350,1,0,3,1e-12,0.00519711,0,6.70752e-12,8.56203e-13
basic,351,1,0,3,1e-12,0.00527903,0,6.70752e-12,8.90157e-13
basic,352,1,0,3,1e-12,0.00530446,0,5.22959e-12,7.36393e-13
basic,353,1,0,3,1e-12,0.00529803,0,5.34328e-12,8.15784e-13
basic,354,1,0,3,1e-12,0.0052833,0,6.36646e-12,7.83233e-13
basic,355,1,0,3,1e-12,0.00544079,0,7.38964e-12,8.42677e-13
basic,356,1,0,3,1e-12,0.00537982,0,5.91172e-12,8.55303e-13
basic,357,1,0,3,1e-12,0.00541411,0,7.95808e-12,7.61495e-13
basic,358,1,0,3,1e-12,0.00551482,0,5.91172e-12,8.21292e-13
basic,359,1,0,3,1e-12,0.00547801,0,7.61702e-12,8.08184e-13
basic,360,1,0,3,1e-12,0.00552579,0,6.59384e-12,7.7533e-13
basic,361,1,0,3,1e-12,0.00560128,0,8.75389e-12,7.44365e-13
basic,362,1,0,3,1e-12,0.00562733,0,6.70752e-12,8.64766e-13
basic,363,1,0,3,1e-12,0.00567497,0,7.38964e-12,8.18926e-13
basic,364,1,0,3,1e-12,0.00561986,0,7.04858e-12,8.64278e-13
basic,365,1,0,3,1e-12,0.00573824,0,7.84439e-12,8.79505e-13
basic,366,1,0,3,1e-12,0.00572847,0,6.70752e-12,8.76481e-13
basic,367,1,0,3,1e-12,0.00579712,0,6.9349e-12,9.42692e-13
basic,368,1,0,3,1e-12,0.0057504,0,5.34328e-12,7.92919e-13
basic,369,1,0,3,1e-12,0.00582666,0,7.27596e-12,9.04331e-13
basic,370,1,0,3,1e-12,0.00588407,0,6.59384e-12,8.17998e-13
basic,371,1,0,3,1e-12,0.00581744,0,7.38964e-12,8.63773e-13
basic,372,1,0,3,1e-12,0.00588323,0,8.41283e-12,8.82646e-13
basic,373,1,0,3,1e-12,0.00594665,0,4.43379e-12,7.30427e-13
basic,374,1,0,3,1e-12,0.00597067,0,7.04858e-12,8.28587e-13
basic,375,1,0,3,1e-12,0.00601272,0,6.0254e-12,9.32269e-13
basic,376,1,0,3,1e-12,0.00604953,0,6.25278e-12,8.40043e-13
basic,377,1,0,3,1e-12,0.00610484,0,6.59384e-12,8.75162e-13
basic,378,1,0,3,1e-12,0.00612314,0,6.48015e-12,8.58945e-13
basic,379,1,0,3,1e-12,0.00623083,0,5.34328e-12,8.41384e-13
basic,380,1,0,3,1e-12,0.00605344,0,6.9349e-12,7.69349e-13
basic,381,1,0,3,1e-12,0.00620548,0,9.77707e-12,8.52875e-13
basic,382,1,0,3,1e-12,0.00619731,0,6.70752e-12,9.01884e-13
basic,383,1,0,3,1e-12,0.006368,0,6.82121e-12,7.85091e-13
basic,384,1,0,3,1e-12,0.00623223,0,6.13909e-12,8.05021e-13
basic,385,1,0,3,1e-12,0.00633888,0,7.27596e-12,8.12361e-13
basic,386,1,0,3,1e-12,0.0064127,0,5.45697e-12,7.6457e-13
basic,387,1,0,3,1e-12,0.00635236,0,4.88853e-12,7.02382e-13
basic,388,1,0,3,1e-12,0.00647151,0,8.41283e-12,8.79247e-13
basic,389,1,0,3,1e-12,0.00644001,0,5.45697e-12,8.03321e-13
basic,390,1,0,3,1e-12,0.00652256,0,8.18545e-12,8.60313e-13
basic,391,1,0,3,1e-12,0.00657634,0,5.11591e-12,7.87119e-13
basic,392,1,0,3,1e-12,0.00652305,0,6.25278e-12,8.13264e-13
basic,393,1,0,3,1e-12,0.00667314,0,6.36646e-12,7.49346e-13
basic,394,1,0,3,1e-12,0.00659939,0,6.9349e-12,8.18164e-13
basic,395,1,0,3,1e-12,0.00663096,0,5.22959e-12,7.66069e-13
basic,396,1,0,3,1e-12,0.00665792,0,5.34328e-12,8.23059e-13
basic,397,1,0,3,1e-12,0.00666392,0,7.04858e-12,7.96018e-13
basic,398,1,0,3,1e-12,0.00673495,0,6.36646e-12,9.7041e-13
basic,399,1,0,3,1e-12,0.00685431,0,7.95808e-12,8.67312e-13
basic,400,1,0,3,1e-12,0.00681206,0,8.18545e-12,8.34499e-13
basic,401,1,0,3,1e-12,0.00685599,0,5.91172e-12,8.19551e-13
basic,402,1,0,3,1e-12,0.00685696,0,7.27596e-12,8.06915e-13
basic,403,1,0,3,1e-12,0.0068775,0,7.95808e-12,8.59939e-13
basic,404,1,0,3,1e-12,0.00697087,0,7.04858e-12,8.54028e-13
basic,405,1,0,3,1e-12,0.00704141,0,6.70752e-12,8.76905e-13
basic,406,1,0,3,1e-12,0.00704519,0,8.29914e-12,8.73061e-13
basic,407,1,0,3,1e-12,0.00701955,0,7.7307e-12,8.45477e-13
basic,408,1,0,3,1e-12,0.00709086,0,6.82121e-12,8.62105e-13
basic,409,1,0,3,1e-12,0.00716818,0,6.0254e-12,8.35107e-13
basic,410,1,0,3,1e-12,0.00714338,0,7.84439e-12,9.55816e-13
basic,411,1,0,3,1e-12,0.00720324,0,8.18545e-12,8.7715e-13
basic,412,1,0,3,1e-12,0.00720016,0,7.27596e-12,7.71001e-13
basic,413,1,0,3,1e-12,0.00730981,0,6.82121e-12,9.88743e-13
basic,414,1,0,3,1e-12,0.007437,0,7.04858e-12,8.81928e-13
basic,415,1,0,3,1e-12,0.00733119,0,1.00044e-11,8.06015e-13
basic,416,1,0,3,1e-12,0.00739816,0,7.16227e-12,8.65889e-13
basic,417,1,0,3,1e-12,0.00733384,0,5.79803e-12,8.03333e-13
basic,418,1,0,3,1e-12,0.00749196,0,6.9349e-12,9.12966e-13
basic,419,1,0,3,1e-12,0.00746675,0,8.41283e-12,9.21669e-13
basic,420,1,0,3,1e-12,0.00756411,0,8.86757e-12,9.27506e-13
basic,421,1,0,3,1e-12,0.00754986,0,7.50333e-12,8.05242e-13
basic,422,1,0,3,1e-12,0.00766915,0,7.84439e-12,8.51063e-13
basic,423,1,0,3,1e-12,0.00771259,0,7.04858e-12,9.00863e-13
basic,424,1,0,3,1e-12,0.00771503,0,5.45697e-12,8.32852e-13
basic,425,1,0,3,1e-12,0.00782748,0,9.54969e-12,8.64734e-13
basic,426,1,0,3,1e-12,0.00767243,0,1.38698e-11,9.28423e-13
basic,427,1,0,3,1e-12,0.00777119,0,6.13909e-12,8.45468e-13
basic,428,1,0,3,1e-12,0.00779039,0,8.29914e-12,8.73186e-13
basic,429,1,0,3,1e-12,0.00782224,0,8.18545e-12,8.52031e-13
basic,430,1,0,3,1e-12,0.0078587,0,7.27596e-12,8.87869e-13
basic,431,1,0,3,1e-12,0.00786617,0,7.04858e-12,7.94391e-13
basic,432,1,0,3,1e-12,0.00797156,0,9.54969e-12,9.04251e-13
basic,433,1,0,3,1e-12,0.00803638,0,9.43601e-12,8.92689e-13
basic,434,1,0,3,1e-12,0.00808387,0,8.75389e-12,9.22133e-13
basic,435,1,0,3,1e-12,0.00804336,0,8.52651e-12,8.80174e-13
basic,436,1,0,3,1e-12,0.00809839,0,6.13909e-12,8.31032e-13
basic,437,1,0,3,1e-12,0.00818046,0,7.61702e-12,7.92179e-13
basic,438,1,0,3,1e-12,0.00820825,0,6.9349e-12,8.62929e-13
basic,439,1,0,3,1e-12,0.00814163,0,8.75389e-12,9.11841e-13
basic,440,1,0,3,1e-12,0.00821356,0,7.38964e-12,9.12314e-13
basic,441,1,0,3,1e-12,0.00832091,0,1.23919e-11,8.73805e-13
basic,442,1,0,3,1e-12,0.00832496,0,8.86757e-12,8.76462e-13
basic,443,1,0,3,1e-12,0.0083918,0,7.7307e-12,9.04147e-13
basic,444,1,0,3,1e-12,0.00850466,0,8.29914e-12,9.50638e-13
basic,445,1,0,3,1e-12,0.00840137,0,1.18234e-11,8.62473e-13
basic,446,1,0,3,1e-12,0.00842288,0,8.18545e-12,8.97639e-13
basic,447,1,0,3,1e-12,0.00862605,0,7.38964e-12,9.25402e-13
basic,448,1,0,3,1e-12,0.00854461,0,6.25278e-12,8.72306e-13
basic,449,1,0,3,1e-12,0.0086551,0,7.04858e-12,9.08227e-13
basic,450,1,0,3,1e-12,0.00868332,0,6.59384e-12,9.08725e-13
basic,451,1,0,3,1e-12,0.00865028,0,8.07177e-12,8.46826e-13
basic,452,1,0,3,1e-12,0.00884137,0,9.43601e-12,9.71088e-13
basic,453,1,0,3,1e-12,0.00888516,0,6.82121e-12,8.87385e-13
basic,454,1,0,3,1e-12,0.00873521,0,1.03455e-11,9.16317e-13
basic,455,1,0,3,1e-12,0.00879108,0,7.38964e-12,8.73195e-13
basic,456,1,0,3,1e-12,0.00885296,0,7.04858e-12,8.5953e-13
basic,457,1,0,3,1e-12,0.00895402,0,7.7307e-12,8.7238e-13
basic,458,1,0,3,1e-12,0.0089205,0,7.27596e-12,8.95463e-13
basic,459,1,0,3,1e-12,0.00905005,0,1.21645e-11,8.89124e-13
basic,460,1,0,3,1e-12,0.00896017,0,9.20863e-12,9.29381e-13
basic,461,1,0,3,1e-12,0.00909762,0,7.61702e-12,8.92557e-13
basic,462,1,0,3,1e-12,0.009134,0,5.79803e-12,7.98707e-13
basic,463,1,0,3,1e-12,0.00919169,0,6.25278e-12,8.24289e-13
basic,464,1,0,3,1e-12,0.00924736,0,5.11591e-12,7.96304e-13
basic,465,1,0,3,1e-12,0.00913184,0,9.09495e-12,9.22713e-13
basic,466,1,0,3,1e-12,0.00928214,0,7.84439e-12,9.8272e-13
basic,467,1,0,3,1e-12,0.00934793,0,7.7307e-12,8.41255e-13
basic,468,1,0,3,1e-12,0.00933124,0,7.50333e-12,9.22639e-13
basic,469,1,0,3,1e-12,0.00938837,0,6.13909e-12,9.38038e-13
basic,470,1,0,3,1e-12,0.00940806,0,7.95808e-12,8.55659e-13
basic,471,1,0,3,1e-12,0.00951073,0,9.09495e-12,8.93309e-13
basic,472,1,0,3,1e-12,0.00948531,0,1.05729e-11,9.29192e-13
basic,473,1,0,3,1e-12,0.00957219,0,6.25278e-12,8.56096e-13
basic,474,1,0,3,1e-12,0.00958092,0,7.95808e-12,8.93893e-13
basic,475,1,0,3,1e-12,0.00957275,0,9.09495e-12,9.15772e-13
basic,476,1,0,3,1e-12,0.00964713,0,7.50333e-12,8.73906e-13
basic,477,1,0,3,1e-12,0.00968645,0,6.48015e-12,8.79197e-13
basic,478,1,0,3,1e-12,0.0096986,0,6.82121e-12,8.58073e-13
basic,479,1,0,3,1e-12,0.00978835,0,8.98126e-12,9.46316e-13
basic,480,1,0,3,1e-12,0.00984464,0,1.18234e-11,1.02381e-12
basic,481,1,0,3,1e-12,0.00987202,0,1.15961e-11,9.56013e-13
basic,482,1,0,3,1e-12,0.00980748,0,9.09495e-12,8.92504e-13
basic,483,1,0,3,1e-12,0.00984045,0,7.27596e-12,8.87612e-13
basic,484,1,0,3,1e-12,0.00993732,0,6.70752e-12,8.3328e-13
basic,485,1,0,3,1e-12,0.0099897,0,8.29914e-12,8.94582e-13
basic,486,1,0,3,1e-12,0.00993921,0,8.18545e-12,8.43648e-13
basic,487,1,0,3,1e-12,0.0100892,0,6.9349e-12,8.50428e-13
basic,488,1,0,3,1e-12,0.0101065,0,6.70752e-12,8.88081e-13
basic,489,1,0,3,1e-12,0.0101534,0,8.6402e-12,8.94477e-13
basic,490,1,0,3,1e-12,0.0103411,0,7.27596e-12,8.88663e-13
basic,491,1,0,3,1e-12,0.0102906,0,9.54969e-12,9.05503e-13
basic,492,1,0,3,1e-12,0.0102748,0,7.7307e-12,8.59274e-13
basic,493,1,0,3,1e-12,0.0103293,0,8.52651e-12,8.78326e-13
basic,494,1,0,3,1e-12,0.0104208,0,6.59384e-12,9.51379e-13
basic,495,1,0,3,1e-12,0.0105046,0,9.09495e-12,9.07235e-13
basic,496,1,0,3,1e-12,0.0105658,0,7.16227e-12,8.89363e-13
basic,497,1,0,3,1e-12,0.0107462,0,7.7307e-12,9.27426e-13
basic,498,1,0,3,1e-12,0.010714,0,6.36646e-12,8.86859e-13
basic,499,1,0,3,1e-12,0.0106761,0,8.41283e-12,8.89525e-13
basic,500,1,0,3,1e-12,0.0107198,0,8.29914e-12,9.08547e-13
basic,501,1,0,3,1e-12,0.0108172,0,1.15961e-11,9.78444e-13
basic,502,1,0,3,1e-12,0.0107662,0,9.09495e-12,8.98499e-13
basic,503,1,0,3,1e-12,0.0108738,0,7.27596e-12,8.32282e-13
basic,504,1,0,3,1e-12,0.010777,0,9.54969e-12,8.8806e-13
basic,505,1,0,3,1e-12,0.0109269,0,5.79803e-12,8.59881e-13
basic,506,1,0,3,1e-12,0.0109163,0,7.61702e-12,8.71434e-13
basic,507,1,0,3,1e-12,0.0109752,0,7.84439e-12,8.6727e-13
basic,508,1,0,3,1e-12,0.0110303,0,1.27329e-11,9.22839e-13
basic,509,1,0,3,1e-12,0.0111067,0,7.27596e-12,9.49809e-13
basic,510,1,0,3,1e-12,0.0117464,0,8.75389e-12,8.98022e-13
basic,511,1,0,3,1e-12,0.0135094,0,9.77707e-12,9.78371e-13
basic,512,1,0,3,1e-12,0.0127236,0,9.43601e-12,9.2886e-13
basic,513,1,0,3,1e-12,0.0120173,0,8.18545e-12,9.38799e-13
basic,514,1,0,3,1e-12,0.0123575,0,7.04858e-12,8.63706e-13
basic,515,1,0,3,1e-12,0.011823,0,6.36646e-12,1.01668e-12
basic,516,1,0,3,1e-12,0.0114428,0,5.34328e-12,8.6507e-13
basic,517,1,0,3,1e-12,0.011443,0,9.66338e-12,1.00266e-12
basic,518,1,0,3,1e-12,0.0114745,0,6.59384e-12,9.41542e-13
basic,519,1,0,3,1e-12,0.011432,0,8.07177e-12,8.50233e-13
basic,520,1,0,3,1e-12,0.0114906,0,8.41283e-12,8.99497e-13
basic,521,1,0,3,1e-12,0.0114553,0,7.7307e-12,9.36623e-13
basic,522,1,0,3,1e-12,0.0116556,0,6.70752e-12,8.73009e-13
basic,523,1,0,3,1e-12,0.0116651,0,7.61702e-12,1.01247e-12
basic,524,1,0,3,1e-12,0.0117263,0,7.95808e-12,8.95947e-13
basic,525,1,0,3,1e-12,0.0117492,0,1.38698e-11,9.16203e-13
basic,526,1,0,3,1e-12,0.0117007,0,1.1255e-11,9.51851e-13
basic,527,1,0,3,1e-12,0.0118116,0,8.41283e-12,9.09717e-13
basic,528,1,0,3,1e-12,0.011785,0,5.22959e-12,8.76584e-13
basic,529,1,0,3,1e-12,0.0119221,0,6.70752e-12,9.1583e-13
basic,530,1,0,3,1e-12,0.0120101,0,8.07177e-12,9.03849e-13
basic,531,1,0,3,1e-12,0.0120877,0,8.18545e-12,8.83592e-13
basic,532,1,0,3,1e-12,0.012195,0,7.16227e-12,9.30953e-13
basic,533,1,0,3,1e-12,0.0121928,0,7.38964e-12,9.39752e-13
basic,534,1,0,3,1e-12,0.0121732,0,8.41283e-12,1.00786e-12
basic,535,1,0,3,1e-12,0.0121159,0,8.18545e-12,9.15273e-13
basic,536,1,0,3,1e-12,0.0122484,0,6.70752e-12,9.11746e-13
basic,537,1,0,3,1e-12,0.0122746,0,9.20863e-12,9.63513e-13
basic,538,1,0,3,1e-12,0.0123441,0,8.6402e-12,9.23983e-13
basic,539,1,0,3,1e-12,0.0123714,0,7.50333e-12,9.15654e-13
basic,540,1,0,3,1e-12,0.0124053,0,6.70752e-12,8.8944e-13
basic,541,1,0,3,1e-12,0.0125547,0,7.04858e-12,8.83027e-13
basic,542,1,0,3,1e-12,0.012569,0,8.86757e-12,9.00061e-13
basic,543,1,0,3,1e-12,0.0126881,0,7.50333e-12,9.00527e-13
basic,544,1,0,3,1e-12,0.012572,0,5.91172e-12,8.95681e-13
basic,545,1,0,3,1e-12,0.012659,0,8.41283e-12,1.02986e-12
basic,546,1,0,3,1e-12,0.0127192,0,8.86757e-12,9.49633e-13
basic,547,1,0,3,1e-12,0.0128306,0,7.27596e-12,9.35919e-13
basic,548,1,0,3,1e-12,0.0128208,0,8.18545e-12,9.40352e-13
basic,549,1,0,3,1e-12,0.0129156,0,1.14824e-11,9.15487e-13
basic,550,1,0,3,1e-12,0.0128152,0,6.70752e-12,9.22574e-13
basic,551,1,0,3,1e-12,0.0130383,0,8.52651e-12,8.61797e-13
basic,552,1,0,3,1e-12,0.0130069,0,7.95808e-12,9.29406e-13
basic,553,1,0,3,1e-12,0.0130686,0,8.41283e-12,9.95905e-13
basic,554,1,0,3,1e-12,0.0130289,0,7.61702e-12,9.47592e-13
basic,555,1,0,3,1e-12,0.0130632,0,1.1255e-11,9.23325e-13
basic,556,1,0,3,1e-12,0.0131682,0,6.9349e-12,8.97125e-13
basic,557,1,0,3,1e-12,0.0132912,0,9.77707e-12,1.01087e-12
basic,558,1,0,3,1e-12,0.0132518,0,8.6402e-12,8.83414e-13
basic,559,1,0,3,1e-12,0.0133538,0,7.38964e-12,9.39573e-13
basic,560,1,0,3,1e-12,0.0132059,0,8.29914e-12,9.05427e-13
basic,561,1,0,3,1e-12,0.0134427,0,6.13909e-12,8.44283e-13
basic,562,1,0,3,1e-12,0.0134453,0,9.09495e-12,9.48619e-13
basic,563,1,0,3,1e-12,0.0133982,0,8.29914e-12,9.27297e-13
basic,564,1,0,3,1e-12,0.01359,0,9.32232e-12,9.19689e-13
basic,565,1,0,3,1e-12,0.0136913,0,7.04858e-12,8.75477e-13
basic,566,1,0,3,1e-12,0.0136951,0,7.50333e-12,9.28333e-13
basic,567,1,0,3,1e-12,0.0136525,0,8.07177e-12,9.44311e-13
basic,568,1,0,3,1e-12,0.0137867,0,8.07177e-12,8.75943e-13
basic,569,1,0,3,1e-12,0.0138513,0,8.6402e-12,8.88945e-13
basic,570,1,0,3,1e-12,0.0139112,0,9.77707e-12,9.17837e-13
basic,571,1,0,3,1e-12,0.0139824,0,7.84439e-12,8.9606e-13
basic,572,1,0,3,1e-12,0.0137917,0,7.84439e-12,9.29934e-13
basic,573,1,0,3,1e-12,0.0140103,0,8.98126e-12,9.75568e-13
basic,574,1,0,3,1e-12,0.0140732,0,8.6402e-12,1.00933e-12
basic,575,1,0,3,1e-12,0.0141426,0,9.20863e-12,9.00869e-13
basic,576,1,0,3,1e-12,0.0143324,0,1.21645e-11,8.93846e-13
basic,577,1,0,3,1e-12,0.014174,0,8.41283e-12,9.30029e-13
basic,578,1,0,3,1e-12,0.0141167,0,1.25056e-11,9.3133e-13
basic,579,1,0,3,1e-12,0.0144123,0,8.6402e-12,9.3777e-13
basic,580,1,0,3,1e-12,0.014293,0,8.75389e-12,9.51994e-13
basic,581,1,0,3,1e-12,0.0143298,0,8.98126e-12,9.26271e-13
basic,582,1,0,3,1e-12,0.0144569,0,6.9349e-12,8.67948e-13
basic,583,1,0,3,1e-12,0.0145016,0,8.86757e-12,9.71164e-13
basic,584,1,0,3,1e-12,0.014501,0,8.41283e-12,9.5571e-13
basic,585,1,0,3,1e-12,0.014637,0,9.43601e-12,9.99173e-13
basic,586,1,0,3,1e-12,0.0145482,0,8.75389e-12,9.67616e-13
basic,587,1,0,3,1e-12,0.0147476,0,7.7307e-12,9.01442e-13
basic,588,1,0,3,1e-12,0.014773,0,8.07177e-12,9.78227e-13
basic,589,1,0,3,1e-12,0.0148181,0,7.7307e-12,9.70983e-13
basic,590,1,0,3,1e-12,0.0147977,0,8.18545e-12,9.38384e-13
basic,591,1,0,3,1e-12,0.0149147,0,9.43601e-12,9.31639e-13
basic,592,1,0,3,1e-12,0.0146145,0,7.95808e-12,9.74193e-13
basic,593,1,0,3,1e-12,0.0146141,0,9.43601e-12,9.80463e-13
basic,594,1,0,3,1e-12,0.014672,0,7.7307e-12,9.04552e-13
basic,595,1,0,3,1e-12,0.0146891,0,7.50333e-12,9.04713e-13
basic,596,1,0,3,1e-12,0.0144671,0,1.35287e-11,1.01176e-12
basic,597,1,0,3,1e-12,0.0146301,0,6.70752e-12,9.71111e-13
basic,598,1,0,3,1e-12,0.0147739,0,9.77707e-12,1.00672e-12
basic,599,1,0,3,1e-12,0.0148252,0,6.25278e-12,1.09521e-12
basic,600,1,0,3,1e-12,0.014753,0,9.32232e-12,1.02229e-12
basic,601,1,0,3,1e-12,0.0147669,0,7.84439e-12,8.98483e-13
basic,602,1,0,3,1e-12,0.0148451,0,1.02318e-11,9.11567e-13
basic,603,1,0,3,1e-12,0.0149155,0,9.09495e-12,9.62221e-13
basic,604,1,0,3,1e-12,0.0149637,0,9.43601e-12,9.28415e-13
basic,605,1,0,3,1e-12,0.0150498,0,8.07177e-12,9.43715e-13
basic,606,1,0,3,1e-12,0.015115,0,8.29914e-12,9.56261e-13
basic,607,1,0,3,1e-12,0.0152569,0,7.7307e-12,9.92922e-13
basic,608,1,0,3,1e-12,0.0151794,0,7.27596e-12,9.38951e-13
basic,609,1,0,3,1e-12,0.0151998,0,7.50333e-12,9.36247e-13
basic,610,1,0,3,1e-12,0.0153751,0,1.01181e-11,9.21623e-13
basic,611,1,0,3,1e-12,0.0154141,0,8.41283e-12,9.86684e-13
basic,612,1,0,3,1e-12,0.0153063,0,7.27596e-12,9.38142e-13
basic,613,1,0,3,1e-12,0.0154023,0,7.61702e-12,9.23108e-13
basic,614,1,0,3,1e-12,0.0155414,0,7.50333e-12,9.16847e-13
basic,615,1,0,3,1e-12,0.0156153,0,7.50333e-12,8.91169e-13
basic,616,1,0,3,1e-12,0.0157321,0,8.41283e-12,9.21491e-13
basic,617,1,0,3,1e-12,0.015769,0,7.27596e-12,9.23886e-13
basic,618,1,0,3,1e-12,0.0157819,0,7.7307e-12,9.19646e-13
basic,619,1,0,3,1e-12,0.0158148,0,9.09495e-12,9.84387e-13
basic,620,1,0,3,1e-12,0.0158114,0,9.32232e-12,9.25651e-13
basic,621,1,0,3,1e-12,0.0159848,0,8.98126e-12,8.9748e-13
basic,622,1,0,3,1e-12,0.016025,0,7.95808e-12,9.4096e-13
basic,623,1,0,3,1e-12,0.0159837,0,8.86757e-12,9.47665e-13
basic,624,1,0,3,1e-12,0.0161246,0,1.42109e-11,9.52709e-13
basic,625,1,0,3,1e-12,0.0162059,0,1.01181e-11,8.68173e-13
basic,626,1,0,3,1e-12,0.0163786,0,1.03455e-11,9.65649e-13
basic,627,1,0,3,1e-12,0.0162857,0,8.98126e-12,9.69013e-13
basic,628,1,0,3,1e-12,0.0163821,0,1.26192e-11,9.85669e-13
basic,629,1,0,3,1e-12,0.0163389,0,8.07177e-12,9.66694e-13
basic,630,1,0,3,1e-12,0.0164887,0,8.98126e-12,9.18796e-13
basic,631,1,0,3,1e-12,0.016633,0,7.27596e-12,1.00983e-12
basic,632,1,0,3,1e-12,0.0165606,0,1.23919e-11,9.44775e-13
basic,633,1,0,3,1e-12,0.0167316,0,7.04858e-12,9.49425e-13
basic,634,1,0,3,1e-12,0.0167097,0,7.38964e-12,9.68284e-13
basic,635,1,0,3,1e-12,0.0167227,0,9.54969e-12,9.87323e-13
basic,636,1,0,3,1e-12,0.0167164,0,6.48015e-12,9.57282e-13
basic,637,1,0,3,1e-12,0.0168733,0,1.05729e-11,9.94476e-13
basic,638,1,0,3,1e-12,0.0168919,0,7.84439e-12,9.95486e-13
basic,639,1,0,3,1e-12,0.0170139,0,9.20863e-12,9.92377e-13
basic,640,1,0,3,1e-12,0.0168522,0,8.07177e-12,9.6844e-13
basic,641,1,0,3,1e-12,0.0168864,0,6.9349e-12,9.07962e-13
basic,642,1,0,3,1e-12,0.0169484,0,8.18545e-12,9.30299e-13
basic,643,1,0,3,1e-12,0.0171614,0,8.75389e-12,9.7837e-13
basic,644,1,0,3,1e-12,0.0172218,0,1.25056e-11,9.83523e-13
basic,645,1,0,3,1e-12,0.0172834,0,1.02318e-11,9.43145e-13
basic,646,1,0,3,1e-12,0.0171899,0,8.98126e-12,1.05168e-12
basic,647,1,0,3,1e-12,0.0171835,0,8.6402e-12,1.01406e-12
basic,648,1,0,3,1e-12,0.0172385,0,1.06866e-11,1.01109e-12
basic,649,1,0,3,1e-12,0.017302,0,8.29914e-12,9.48583e-13
basic,650,1,0,3,1e-12,0.0173833,0,1.25056e-11,1.00338e-12
basic,651,1,0,3,1e-12,0.0177563,0,8.29914e-12,1.0361e-12
basic,652,1,0,3,1e-12,0.0175373,0,1.1255e-11,9.33104e-13
basic,653,1,0,3,1e-12,0.0174806,0,8.07177e-12,9.54325e-13
basic,654,1,0,3,1e-12,0.0178472,0,9.77707e-12,9.88131e-13
basic,655,1,0,3,1e-12,0.0178024,0,7.95808e-12,9.31927e-13
basic,656,1,0,3,1e-12,0.0178264,0,8.52651e-12,9.85836e-13
basic,657,1,0,3,1e-12,0.0177883,0,1.14824e-11,9.93707e-13
basic,658,1,0,3,1e-12,0.018106,0,8.07177e-12,9.91816e-13
basic,659,1,0,3,1e-12,0.0176419,0,9.20863e-12,9.88349e-13
basic,660,1,0,3,1e-12,0.0180328,0,1.86446e-11,1.04777e-12
basic,661,1,0,3,1e-12,0.0179054,0,8.86757e-12,9.92296e-13
basic,662,1,0,3,1e-12,0.0180239,0,7.50333e-12,1.01376e-12
basic,663,1,0,3,1e-12,0.0181252,0,7.95808e-12,9.61207e-13
basic,664,1,0,3,1e-12,0.0184009,0,8.6402e-12,1.02134e-12
basic,665,1,0,3,1e-12,0.0182535,0,9.32232e-12,9.15659e-13
basic,666,1,0,3,1e-12,0.018177,0,9.89075e-12,1.01153e-12
basic,667,1,0,3,1e-12,0.0184263,0,7.27596e-12,9.42805e-13
basic,668,1,0,3,1e-12,0.0183874,0,8.86757e-12,9.86445e-13
basic,669,1,0,3,1e-12,0.0184715,0,8.6402e-12,9.47766e-13
basic,670,1,0,3,1e-12,0.0185159,0,1.15961e-11,9.6318e-13
basic,671,1,0,3,1e-12,0.0185502,0,9.32232e-12,9.10697e-13
basic,672,1,0,3,1e-12,0.0188233,0,1.09139e-11,9.57181e-13
basic,673,1,0,3,1e-12,0.018597,0,1.08002e-11,1.00895e-12
basic,674,1,0,3,1e-12,0.0194784,0,1.00044e-11,9.70765e-13
basic,675,1,0,3,1e-12,0.019661,0,7.27596e-12,9.619e-13
basic,676,1,0,3,1e-12,0.0196977,0,8.75389e-12,9.71961e-13
basic,677,1,0,3,1e-12,0.0195416,0,6.59384e-12,9.42457e-13
basic,678,1,0,3,1e-12,0.0197513,0,7.27596e-12,9.82207e-13
basic,679,1,0,3,1e-12,0.0196684,0,7.84439e-12,9.27022e-13
basic,680,1,0,3,1e-12,0.0198119,0,7.50333e-12,9.28468e-13
basic,681,1,0,3,1e-12,0.0198961,0,9.54969e-12,9.70249e-13
basic,682,1,0,3,1e-12,0.0201812,0,9.32232e-12,9.78377e-13
basic,683,1,0,3,1e-12,0.0198814,0,7.84439e-12,9.18767e-13
basic,684,1,0,3,1e-12,0.0201255,0,1.15961e-11,9.64205e-13
basic,685,1,0,3,1e-12,0.0202463,0,1.25056e-11,1.08143e-12
basic,686,1,0,3,1e-12,0.0202197,0,1.58025e-11,1.00517e-12
basic,687,1,0,3,1e-12,0.0200617,0,8.29914e-12,8.84749e-13
basic,688,1,0,3,1e-12,0.0201123,0,1.36424e-11,9.7732e-13
basic,689,1,0,3,1e-12,0.0201512,0,7.04858e-12,1.02656e-12
basic,690,1,0,3,1e-12,0.0201179,0,8.52651e-12,9.49752e-13
basic,691,1,0,3,1e-12,0.0204051,0,1.02318e-11,1.00115e-12
basic,692,1,0,3,1e-12,0.0205114,0,1.19371e-11,9.34874e-13
basic,693,1,0,3,1e-12,0.0204041,0,1.43245e-11,1.04355e-12
basic,694,1,0,3,1e-12,0.0200238,0,8.29914e-12,1.02615e-12
basic,695,1,0,3,1e-12,0.0199411,0,9.43601e-12,9.64133e-13
basic,696,1,0,3,1e-12,0.0198922,0,8.29914e-12,9.75953e-13
basic,697,1,0,3,1e-12,0.020064,0,9.20863e-12,9.47118e-13
basic,698,1,0,3,1e-12,0.0202326,0,1.36424e-11,9.72689e-13
basic,699,1,0,3,1e-12,0.020387,0,8.86757e-12,9.75002e-13
basic,700,1,0,3,1e-12,0.0202535,0,8.18545e-12,1.00458e-12
basic,701,1,0,3,1e-12,0.0203722,0,1.02318e-11,9.19341e-13
basic,702,1,0,3,1e-12,0.0203391,0,1.06866e-11,1.00278e-12
basic,703,1,0,3,1e-12,0.0206231,0,1.03455e-11,9.85715e-13
basic,704,1,0,3,1e-12,0.0205089,0,1.09139e-11,1.00706e-12
basic,705,1,0,3,1e-12,0.0205868,0,9.32232e-12,1.02879e-12
basic,706,1,0,3,1e-12,0.0205894,0,9.09495e-12,9.90822e-13
basic,707,1,0,3,1e-12,0.0206404,0,9.66338e-12,9.9279e-13
basic,708,1,0,3,1e-12,0.0206866,0,1.02318e-11,9.55033e-13
basic,709,1,0,3,1e-12,0.0207858,0,9.66338e-12,1.02982e-12
basic,710,1,0,3,1e-12,0.0208973,0,7.50333e-12,9.42843e-13
basic,711,1,0,3,1e-12,0.020731,0,7.04858e-12,9.81419e-13
basic,712,1,0,3,1e-12,0.0210333,0,9.66338e-12,9.85586e-13
basic,713,1,0,3,1e-12,0.0210092,0,9.20863e-12,9.66401e-13
basic,714,1,0,3,1e-12,0.0210629,0,1.45519e-11,1.07456e-12
basic,715,1,0,3,1e-12,0.0210849,0,7.7307e-12,9.77237e-13
basic,716,1,0,3,1e-12,0.0212171,0,1.06866e-11,1.05358e-12
basic,717,1,0,3,1e-12,0.0211546,0,1.20508e-11,1.13597e-12
basic,718,1,0,3,1e-12,0.0213161,0,1.01181e-11,9.97387e-13
basic,719,1,0,3,1e-12,0.0213056,0,1.18234e-11,9.85893e-13
basic,720,1,0,3,1e-12,0.0214159,0,1.09139e-11,1.03204e-12
basic,721,1,0,3,1e-12,0.0214693,0,7.84439e-12,9.35169e-13
basic,722,1,0,3,1e-12,0.0216664,0,8.07177e-12,9.05322e-13
basic,723,1,0,3,1e-12,0.0215422,0,8.75389e-12,9.53322e-13
basic,724,1,0,3,1e-12,0.0216637,0,1.00044e-11,9.0884e-13
basic,725,1,0,3,1e-12,0.0217041,0,9.66338e-12,1.01495e-12
basic,726,1,0,3,1e-12,0.0218011,0,8.52651e-12,1.0092e-12
basic,727,1,0,3,1e-12,0.0217372,0,1.37561e-11,1.00013e-12
basic,728,1,0,3,1e-12,0.0219939,0,8.6402e-12,9.90246e-13
basic,729,1,0,3,1e-12,0.0219602,0,1.17097e-11,1.01971e-12
basic,730,1,0,3,1e-12,0.0221714,0,1.21645e-11,1.04239e-12
basic,731,1,0,3,1e-12,0.0220719,0,9.09495e-12,9.53496e-13
basic,732,1,0,3,1e-12,0.0222546,0,8.86757e-12,1.02136e-12
basic,733,1,0,3,1e-12,0.0222805,0,9.20863e-12,1.0229e-12
basic,734,1,0,3,1e-12,0.0221599,0,6.70752e-12,9.02063e-13
basic,735,1,0,3,1e-12,0.0223874,0,8.29914e-12,9.81985e-13
basic,736,1,0,3,1e-12,0.0224698,0,7.16227e-12,9.4725e-13
basic,737,1,0,3,1e-12,0.0223578,0,8.75389e-12,1.04661e-12
basic,738,1,0,3,1e-12,0.0224676,0,6.9349e-12,8.90682e-13
basic,739,1,0,3,1e-12,0.0224294,0,7.38964e-12,9.54351e-13
basic,740,1,0,3,1e-12,0.0227056,0,8.07177e-12,9.80032e-13
basic,741,1,0,3,1e-12,0.0226842,0,1.14824e-11,1.03143e-12
basic,742,1,0,3,1e-12,0.0225439,0,1.11413e-11,8.82002e-13
basic,743,1,0,3,1e-12,0.0227184,0,7.95808e-12,9.55614e-13
basic,744,1,0,3,1e-12,0.0228138,0,8.52651e-12,1.01627e-12
basic,745,1,0,3,1e-12,0.0229238,0,1.01181e-11,1.00429e-12
basic,746,1,0,3,1e-12,0.02301,0,1.08002e-11,9.77983e-13
basic,747,1,0,3,1e-12,0.0230263,0,1.33014e-11,1.06066e-12
basic,748,1,0,3,1e-12,0.0231874,0,7.50333e-12,1.0077e-12
basic,749,1,0,3,1e-12,0.0230816,0,7.50333e-12,9.61505e-13
basic,750,1,0,3,1e-12,0.0232386,0,1.00044e-11,9.52552e-13
basic,751,1,0,3,1e-12,0.0233409,0,1.09139e-11,9.64241e-13
basic,752,1,0,3,1e-12,0.0232363,0,1.03455e-11,1.00814e-12
basic,753,1,0,3,1e-12,0.0232038,0,9.43601e-12,1.00042e-12
basic,754,1,0,3,1e-12,0.0234301,0,1.26192e-11,1.02819e-12
basic,755,1,0,3,1e-12,0.0235755,0,9.66338e-12,1.04777e-12
basic,756,1,0,3,1e-12,0.0237856,0,1.00044e-11,1.00808e-12
basic,757,1,0,3,1e-12,0.0235339,0,1.26192e-11,1.04738e-12
basic,758,1,0,3,1e-12,0.0235169,0,1.02318e-11,1.00062e-12
basic,759,1,0,3,1e-12,0.0237617,0,1.18234e-11,1.01958e-12
basic,760,1,0,3,1e-12,0.0238615,0,7.27596e-12,9.03256e-13
basic,761,1,0,3,1e-12,0.0236699,0,8.41283e-12,9.32297e-13
basic,762,1,0,3,1e-12,0.0239731,0,1.13687e-11,9.35279e-13
basic,763,1,0,3,1e-12,0.024013,0,1.01181e-11,9.55332e-13
basic,764,1,0,3,1e-12,0.0241312,0,6.82121e-12,9.61487e-13
basic,765,1,0,3,1e-12,0.0239613,0,1.33014e-11,1.12322e-12
basic,766,1,0,3,1e-12,0.024239,0,9.09495e-12,9.96944e-13
basic,767,1,0,3,1e-12,0.0251611,0,8.07177e-12,9.84129e-13
basic,768,1,0,3,1e-12,0.0256695,0,8.07177e-12,1.02385e-12
basic,769,1,0,3,1e-12,0.0246038,0,7.61702e-12,9.57056e-13
basic,770,1,0,3,1e-12,0.0244884,0,1.08002e-11,9.93523e-13
basic,771,1,0,3,1e-12,0.0246477,0,7.50333e-12,9.59068e-13
basic,772,1,0,3,1e-12,0.0247726,0,1.02318e-11,1.02894e-12
basic,773,1,0,3,1e-12,0.0246878,0,1.03455e-11,9.1119e-13
basic,774,1,0,3,1e-12,0.0248714,0,9.54969e-12,9.99589e-13
basic,775,1,0,3,1e-12,0.0246952,0,9.54969e-12,1.04738e-12
basic,776,1,0,3,1e-12,0.0249659,0,9.20863e-12,9.65979e-13
basic,777,1,0,3,1e-12,0.024912,0,8.29914e-12,1.09147e-12
basic,778,1,0,3,1e-12,0.0247957,0,1.27329e-11,1.0124e-12
basic,779,1,0,3,1e-12,0.0252447,0,9.09495e-12,9.24866e-13
basic,780,1,0,3,1e-12,0.0248888,0,7.50333e-12,9.6553e-13
basic,781,1,0,3,1e-12,0.0251527,0,1.11413e-11,9.70393e-13
basic,782,1,0,3,1e-12,0.0246851,0,1.01181e-11,9.46241e-13
basic,783,1,0,3,1e-12,0.0247469,0,9.20863e-12,9.29966e-13
basic,784,1,0,3,1e-12,0.0247012,0,8.29914e-12,9.77491e-13
basic,785,1,0,3,1e-12,0.0250088,0,1.26192e-11,1.01084e-12
basic,786,1,0,3,1e-12,0.0249329,0,8.6402e-12,9.83796e-13
basic,787,1,0,3,1e-12,0.0249266,0,8.86757e-12,1.03998e-12
basic,788,1,0,3,1e-12,0.0249286,0,1.3415e-11,1.03567e-12
basic,789,1,0,3,1e-12,0.0247182,0,1.55751e-11,9.84286e-13
basic,790,1,0,3,1e-12,0.0251307,0,9.66338e-12,1.00339e-12
basic,791,1,0,3,1e-12,0.0248677,0,8.86757e-12,9.92766e-13
basic,792,1,0,3,1e-12,0.0249029,0,1.43245e-11,1.02725e-12
basic,793,1,0,3,1e-12,0.0249381,0,1.00044e-11,1.10785e-12
basic,794,1,0,3,1e-12,0.0251354,0,7.95808e-12,1.02085e-12
basic,795,1,0,3,1e-12,0.0253002,0,8.18545e-12,1.02377e-12
basic,796,1,0,3,1e-12,0.0252663,0,1.27329e-11,9.79719e-13
basic,797,1,0,3,1e-12,0.0253626,0,1.04592e-11,1.03674e-12
basic,798,1,0,3,1e-12,0.0256226,0,9.89075e-12,1.06595e-12
basic,799,1,0,3,1e-12,0.0255129,0,8.52651e-12,1.04325e-12
basic,800,1,0,3,1e-12,0.0256226,0,8.18545e-12,1.02638e-12
basic,801,1,0,3,1e-12,0.0255271,0,8.29914e-12,1.00575e-12
basic,802,1,0,3,1e-12,0.0258475,0,8.29914e-12,1.06229e-12
basic,803,1,0,3,1e-12,0.0256741,0,1.29603e-11,1.04842e-12
basic,804,1,0,3,1e-12,0.025774,0,9.66338e-12,1.05702e-12
basic,805,1,0,3,1e-12,0.0257796,0,1.25056e-11,1.06885e-12
basic,806,1,0,3,1e-12,0.0261357,0,9.54969e-12,1.01696e-12
basic,807,1,0,3,1e-12,0.0258323,0,1.06866e-11,9.60258e-13
basic,808,1,0,3,1e-12,0.0258642,0,9.66338e-12,9.63918e-13
basic,809,1,0,3,1e-12,0.0261917,0,1.19371e-11,1.03683e-12
basic,810,1,0,3,1e-12,0.0261744,0,1.29603e-11,9.82084e-13
basic,811,1,0,3,1e-12,0.0264616,0,9.43601e-12,1.00487e-12
basic,812,1,0,3,1e-12,0.0266845,0,8.75389e-12,9.87582e-13
basic,813,1,0,3,1e-12,0.0264244,0,1.26192e-11,1.04795e-12
basic,814,1,0,3,1e-12,0.02648,0,8.75389e-12,1.01851e-12
basic,815,1,0,3,1e-12,0.0269077,0,1.00044e-11,9.97888e-13
basic,816,1,0,3,1e-12,0.026691,0,8.29914e-12,9.83119e-13
basic,817,1,0,3,1e-12,0.0268202,0,8.98126e-12,9.77494e-13
basic,818,1,0,3,1e-12,0.0270057,0,1.08002e-11,1.00198e-12
basic,819,1,0,3,1e-12,0.0268434,0,1.18234e-11,1.02567e-12
basic,820,1,0,3,1e-12,0.0269062,0,7.50333e-12,1.00282e-12
basic,821,1,0,3,1e-12,0.0271108,0,1.20508e-11,1.0259e-12
basic,822,1,0,3,1e-12,0.0272316,0,8.07177e-12,1.03744e-12
basic,823,1,0,3,1e-12,0.0272669,0,8.98126e-12,9.80244e-13
basic,824,1,0,3,1e-12,0.0275115,0,8.98126e-12,1.03742e-12
basic,825,1,0,3,1e-12,0.0275717,0,1.31877e-11,9.88198e-13
basic,826,1,0,3,1e-12,0.0274246,0,8.07177e-12,9.57532e-13
basic,827,1,0,3,1e-12,0.0272626,0,7.61702e-12,1.04535e-12
basic,828,1,0,3,1e-12,0.0274447,0,9.66338e-12,1.05583e-12
basic,829,1,0,3,1e-12,0.0277476,0,1.02318e-11,1.04365e-12
basic,830,1,0,3,1e-12,0.0277122,0,9.77707e-12,1.00761e-12
basic,831,1,0,3,1e-12,0.0282055,0,1.25056e-11,1.07742e-12
basic,832,1,0,3,1e-12,0.0280046,0,8.29914e-12,1.02275e-12
basic,833,1,0,3,1e-12,0.027741,0,9.89075e-12,1.06977e-12
basic,834,1,0,3,1e-12,0.0281229,0,1.21645e-11,1.05272e-12
basic,835,1,0,3,1e-12,0.0280139,0,7.27596e-12,9.48544e-13
basic,836,1,0,3,1e-12,0.0281173,0,1.02318e-11,1.02035e-12
basic,837,1,0,3,1e-12,0.0279348,0,8.07177e-12,9.67709e-13
basic,838,1,0,3,1e-12,0.0282991,0,1.14824e-11,9.65071e-13
basic,839,1,0,3,1e-12,0.028176,0,8.75389e-12,9.8747e-13
basic,840,1,0,3,1e-12,0.0281958,0,1.1255e-11,1.00917e-12
basic,841,1,0,3,1e-12,0.0284172,0,9.43601e-12,1.0259e-12
basic,842,1,0,3,1e-12,0.0286024,0,9.89075e-12,1.05234e-12
basic,843,1,0,3,1e-12,0.0286166,0,1.08002e-11,9.85747e-13
basic,844,1,0,3,1e-12,0.028698,0,1.08002e-11,1.03398e-12
basic,845,1,0,3,1e-12,0.0286881,0,1.13687e-11,1.08514e-12
basic,846,1,0,3,1e-12,0.0294727,0,1.14824e-11,1.04964e-12
basic,847,1,0,3,1e-12,0.0295494,0,1.21645e-11,9.98406e-13
basic,848,1,0,3,1e-12,0.0294403,0,9.54969e-12,1.01623e-12
basic,849,1,0,3,1e-12,0.0298733,0,9.32232e-12,1.05824e-12
basic,850,1,0,3,1e-12,0.0297459,0,9.43601e-12,1.00468e-12
basic,851,1,0,3,1e-12,0.0297374,0,1.15961e-11,9.96094e-13
basic,852,1,0,3,1e-12,0.0300389,0,1.47793e-11,1.10584e-12
basic,853,1,0,3,1e-12,0.0299528,0,1.00044e-11,9.954e-13
basic,854,1,0,3,1e-12,0.0302393,0,8.29914e-12,1.04782e-12
basic,855,1,0,3,1e-12,0.030042,0,1.20508e-11,1.02546e-12
basic,856,1,0,3,1e-12,0.0300098,0,1.13687e-11,9.46674e-13
basic,857,1,0,3,1e-12,0.030283,0,8.29914e-12,9.84303e-13
basic,858,1,0,3,1e-12,0.030515,0,9.66338e-12,1.01251e-12
basic,859,1,0,3,1e-12,0.030349,0,1.15961e-11,1.06556e-12
basic,860,1,0,3,1e-12,0.0306205,0,1.42109e-11,1.06537e-12
basic,861,1,0,3,1e-12,0.0302221,0,7.95808e-12,1.03267e-12
basic,862,1,0,3,1e-12,0.0304271,0,6.9349e-12,1.01476e-12
basic,863,1,0,3,1e-12,0.0303388,0,1.09139e-11,1.08256e-12
basic,864,1,0,3,1e-12,0.0301415,0,9.32232e-12,1.06995e-12
basic,865,1,0,3,1e-12,0.0304521,0,9.32232e-12,1.1089e-12
basic,866,1,0,3,1e-12,0.0306193,0,7.27596e-12,1.01132e-12
basic,867,1,0,3,1e-12,0.0302797,0,9.43601e-12,1.02912e-12
basic,868,1,0,3,1e-12,0.0303483,0,1.3415e-11,9.97525e-13
basic,869,1,0,3,1e-12,0.0304853,0,1.03455e-11,9.81424e-13
basic,870,1,0,3,1e-12,0.0307292,0,1.19371e-11,1.07411e-12
basic,871,1,0,3,1e-12,0.0304055,0,1.77351e-11,1.04002e-12
basic,872,1,0,3,1e-12,0.0307062,0,1.19371e-11,1.09612e-12
basic,873,1,0,3,1e-12,0.0305224,0,1.15961e-11,1.02677e-12
basic,874,1,0,3,1e-12,0.0309125,0,9.89075e-12,1.04164e-12
basic,875,1,0,3,1e-12,0.0311585,0,9.77707e-12,1.0723e-12
basic,876,1,0,3,1e-12,0.031038,0,1.11413e-11,1.0314e-12
basic,877,1,0,3,1e-12,0.0309755,0,1.25056e-11,1.07468e-12
basic,878,1,0,3,1e-12,0.0311458,0,1.18234e-11,1.09271e-12
basic,879,1,0,3,1e-12,0.0312829,0,1.11413e-11,1.0859e-12
basic,880,1,0,3,1e-12,0.0312159,0,1.10276e-11,1.0294e-12
basic,881,1,0,3,1e-12,0.031361,0,1.26192e-11,1.05794e-12
basic,882,1,0,3,1e-12,0.0317724,0,8.6402e-12,1.10411e-12
basic,883,1,0,3,1e-12,0.0316009,0,8.75389e-12,1.00206e-12
basic,884,1,0,3,1e-12,0.0314832,0,8.29914e-12,9.77198e-13
basic,885,1,0,3,1e-12,0.0315065,0,1.29603e-11,1.08646e-12
basic,886,1,0,3,1e-12,0.0317144,0,1.11413e-11,1.06225e-12
basic,887,1,0,3,1e-12,0.0318108,0,1.02318e-11,1.0328e-12
basic,888,1,0,3,1e-12,0.0318392,0,1.15961e-11,1.05805e-12
basic,889,1,0,3,1e-12,0.0319353,0,9.77707e-12,1.03353e-12
basic,890,1,0,3,1e-12,0.0321439,0,1.13687e-11,1.03054e-12
basic,891,1,0,3,1e-12,0.0322633,0,1.1255e-11,1.02551e-12
basic,892,1,0,3,1e-12,0.0323727,0,9.54969e-12,1.0126e-12
basic,893,1,0,3,1e-12,0.0322561,0,1.47793e-11,1.11536e-12
basic,894,1,0,3,1e-12,0.0322739,0,1.40972e-11,1.10201e-12
basic,895,1,0,3,1e-12,0.0327609,0,9.54969e-12,1.10912e-12
basic,896,1,0,3,1e-12,0.0320919,0,1.11413e-11,1.00592e-12
basic,897,1,0,3,1e-12,0.032223,0,9.66338e-12,1.07163e-12
basic,898,1,0,3,1e-12,0.0325367,0,1.98952e-11,1.05469e-12
basic,899,1,0,3,1e-12,0.0325248,0,1.35287e-11,1.08111e-12
basic,900,1,0,3,1e-12,0.0325099,0,9.89075e-12,9.85292e-13
basic,901,1,0,3,1e-12,0.0324977,0,9.89075e-12,1.01246e-12
basic,902,1,0,3,1e-12,0.0326567,0,8.86757e-12,1.07715e-12
basic,903,1,0,3,1e-12,0.0328751,0,7.38964e-12,9.57153e-13
basic,904,1,0,3,1e-12,0.0327074,0,1.04592e-11,9.85994e-13
basic,905,1,0,3,1e-12,0.0328054,0,1.33014e-11,1.05958e-12
basic,906,1,0,3,1e-12,0.0331064,0,1.02318e-11,1.06089e-12
basic,907,1,0,3,1e-12,0.0330924,0,8.98126e-12,1.07199e-12
basic,908,1,0,3,1e-12,0.0331481,0,1.11413e-11,1.04004e-12
basic,909,1,0,3,1e-12,0.0330981,0,8.6402e-12,1.09322e-12
basic,910,1,0,3,1e-12,0.0334239,0,1.05729e-11,1.09197e-12
basic,911,1,0,3,1e-12,0.0337959,0,8.52651e-12,1.07569e-12
basic,912,1,0,3,1e-12,0.0336296,0,7.84439e-12,9.94635e-13
basic,913,1,0,3,1e-12,0.0335016,0,1.11413e-11,1.01464e-12
basic,914,1,0,3,1e-12,0.0336818,0,1.71667e-11,1.0445e-12
basic,915,1,0,3,1e-12,0.0336446,0,1.25056e-11,1.14674e-12
basic,916,1,0,3,1e-12,0.0339343,0,9.66338e-12,1.06334e-12
basic,917,1,0,3,1e-12,0.0341225,0,9.89075e-12,1.13515e-12
basic,918,1,0,3,1e-12,0.0338557,0,1.20508e-11,1.06799e-12
basic,919,1,0,3,1e-12,0.0339086,0,1.1255e-11,1.07466e-12
basic,920,1,0,3,1e-12,0.0343312,0,1.17097e-11,1.05569e-12
basic,921,1,0,3,1e-12,0.0342539,0,1.44382e-11,1.12563e-12
basic,922,1,0,3,1e-12,0.0342836,0,8.98126e-12,1.06035e-12
basic,923,1,0,3,1e-12,0.0342856,0,1.35287e-11,1.08565e-12
basic,924,1,0,3,1e-12,0.0344417,0,1.11413e-11,1.02251e-12
basic,925,1,0,3,1e-12,0.0345384,0,1.1255e-11,1.07156e-12
basic,926,1,0,3,1e-12,0.0346601,0,1.36424e-11,1.01667e-12
basic,927,1,0,3,1e-12,0.0344642,0,8.07177e-12,1.00655e-12
basic,928,1,0,3,1e-12,0.0348335,0,7.84439e-12,1.00101e-12
basic,929,1,0,3,1e-12,0.0347277,0,8.86757e-12,1.00273e-12
basic,930,1,0,3,1e-12,0.034714,0,1.23919e-11,1.13406e-12
basic,931,1,0,3,1e-12,0.0349825,0,8.86757e-12,1.11123e-12
basic,932,1,0,3,1e-12,0.0350996,0,1.11413e-11,9.79882e-13
basic,933,1,0,3,1e-12,0.0351872,0,1.04592e-11,1.00948e-12
basic,934,1,0,3,1e-12,0.0354089,0,1.20508e-11,1.04569e-12
basic,935,1,0,3,1e-12,0.0347938,0,1.15961e-11,1.06608e-12
basic,936,1,0,3,1e-12,0.0348972,0,1.05729e-11,1.02251e-12
basic,937,1,0,3,1e-12,0.0349254,0,1.31877e-11,1.05633e-12
basic,938,1,0,3,1e-12,0.0350532,0,1.13687e-11,1.09394e-12
basic,939,1,0,3,1e-12,0.035281,0,1.53477e-11,1.16962e-12
basic,940,1,0,3,1e-12,0.0347967,0,1.22782e-11,1.00342e-12
basic,941,1,0,3,1e-12,0.0350886,0,1.02318e-11,1.05434e-12
basic,942,1,0,3,1e-12,0.0351286,0,1.3415e-11,1.08717e-12
basic,943,1,0,3,1e-12,0.035139,0,1.42109e-11,1.11214e-12
basic,944,1,0,3,1e-12,0.0352224,0,1.01181e-11,1.04631e-12
basic,945,1,0,3,1e-12,0.0354288,0,1.21645e-11,1.15973e-12
basic,946,1,0,3,1e-12,0.0353752,0,1.15961e-11,1.13973e-12
basic,947,1,0,3,1e-12,0.0355915,0,1.56888e-11,1.08656e-12
basic,948,1,0,3,1e-12,0.035583,0,1.04592e-11,1.16287e-12
basic,949,1,0,3,1e-12,0.0355476,0,8.52651e-12,1.05584e-12
basic,950,1,0,3,1e-12,0.0358289,0,1.03455e-11,1.02564e-12
basic,951,1,0,3,1e-12,0.0358344,0,1.18234e-11,1.02903e-12
basic,952,1,0,3,1e-12,0.0358464,0,1.17097e-11,9.92832e-13
basic,953,1,0,3,1e-12,0.0358684,0,1.43245e-11,1.05336e-12
basic,954,1,0,3,1e-12,0.0362369,0,8.75389e-12,1.02021e-12
basic,955,1,0,3,1e-12,0.035935,0,1.08002e-11,1.09471e-12
basic,956,1,0,3,1e-12,0.0360415,0,1.25056e-11,1.0264e-12
basic,957,1,0,3,1e-12,0.0360998,0,9.43601e-12,1.06753e-12
basic,958,1,0,3,1e-12,0.0362021,0,1.10276e-11,1.17408e-12
basic,959,1,0,3,1e-12,0.0368657,0,9.89075e-12,1.08485e-12
basic,960,1,0,3,1e-12,0.0366683,0,1.25056e-11,1.05909e-12
basic,961,1,0,3,1e-12,0.0363745,0,1.05729e-11,1.23684e-12
basic,962,1,0,3,1e-12,0.0366823,0,1.29603e-11,1.03891e-12
basic,963,1,0,3,1e-12,0.0367791,0,1.04592e-11,1.02258e-12
basic,964,1,0,3,1e-12,0.0366661,0,1.03455e-11,1.00534e-12
basic,965,1,0,3,1e-12,0.0369253,0,1.01181e-11,1.0411e-12
basic,966,1,0,3,1e-12,0.0368894,0,1.28466e-11,1.10477e-12
basic,967,1,0,3,1e-12,0.0369768,0,1.46656e-11,1.06264e-12
basic,968,1,0,3,1e-12,0.0370809,0,1.40972e-11,1.03053e-12
basic,969,1,0,3,1e-12,0.0374377,0,1.14824e-11,1.13195e-12
basic,970,1,0,3,1e-12,0.0370202,0,8.41283e-12,1.05786e-12
basic,971,1,0,3,1e-12,0.0373694,0,8.6402e-12,9.92377e-13
basic,972,1,0,3,1e-12,0.0375917,0,1.11413e-11,1.10798e-12
basic,973,1,0,3,1e-12,0.0373326,0,1.31877e-11,1.10026e-12
basic,974,1,0,3,1e-12,0.0376874,0,1.00044e-11,1.05082e-12
basic,975,1,0,3,1e-12,0.0380545,0,1.47793e-11,1.05078e-12
basic,976,1,0,3,1e-12,0.0378692,0,9.20863e-12,1.0623e-12
basic,977,1,0,3,1e-12,0.038286,0,1.27329e-11,1.10181e-12
basic,978,1,0,3,1e-12,0.037947,0,1.04592e-11,1.11518e-12
basic,979,1,0,3,1e-12,0.0380523,0,1.08002e-11,1.04475e-12
basic,980,1,0,3,1e-12,0.038047,0,1.86446e-11,1.11096e-12
basic,981,1,0,3,1e-12,0.0381051,0,1.33014e-11,1.03641e-12
basic,982,1,0,3,1e-12,0.0387121,0,9.66338e-12,1.03566e-12
basic,983,1,0,3,1e-12,0.0383085,0,1.00044e-11,1.12688e-12
basic,984,1,0,3,1e-12,0.0383993,0,1.15961e-11,1.02471e-12
basic,985,1,0,3,1e-12,0.0386325,0,1.11413e-11,1.09026e-12
basic,986,1,0,3,1e-12,0.0388108,0,9.54969e-12,1.04049e-12
basic,987,1,0,3,1e-12,0.038792,0,8.98126e-12,1.09172e-12
basic,988,1,0,3,1e-12,0.0389605,0,1.00044e-11,1.02006e-12
basic,989,1,0,3,1e-12,0.0395887,0,9.20863e-12,1.16715e-12
basic,990,1,0,3,1e-12,0.0397217,0,1.09139e-11,1.07476e-12
basic,991,1,0,3,1e-12,0.0395494,0,1.10276e-11,1.12426e-12
basic,992,1,0,3,1e-12,0.0399689,0,9.66338e-12,1.03128e-12
basic,993,1,0,3,1e-12,0.0400502,0,1.23919e-11,1.09787e-12
basic,994,1,0,3,1e-12,0.0399332,0,1.40972e-11,1.05342e-12
basic,995,1,0,3,1e-12,0.040309,0,1.27329e-11,1.1217e-12
basic,996,1,0,3,1e-12,0.0400323,0,1.89857e-11,1.07663e-12
basic,997,1,0,3,1e-12,0.0404588,0,1.38698e-11,9.95303e-13
basic,998,1,0,3,1e-12,0.0406734,0,1.27329e-11,1.01022e-12
basic,999,1,0,3,1e-12,0.0402109,0,1.08002e-11,1.01125e-12
basic,1000,1,0,3,1e-12,0.0402614,0,1.01181e-11,1.08738e-12
