version, size, hermitian, complex, seed, tol, runtime in s,min_error, max_error, avg_error
eigen_elementwise,1,1,0,4,1e-12,1.886e-06,0,0,0
eigen_elementwise,2,1,0,4,1e-12,1.466e-06,5.68434e-14,2.27374e-13,1.42109e-13
eigen_elementwise,3,1,0,4,1e-12,1.885e-06,3.41061e-13,4.54747e-13,3.78956e-13
eigen_elementwise,4,1,0,4,1e-12,1.885e-06,5.68434e-14,1.13687e-13,9.9476e-14
eigen_elementwise,5,1,0,4,1e-12,3.283e-06,5.68434e-14,6.82121e-13,3.29692e-13
eigen_elementwise,6,1,0,4,1e-12,2.374e-06,0,5.68434e-13,1.7053e-13
eigen_elementwise,7,1,0,4,1e-12,3.283e-06,0,3.41061e-13,8.12049e-14
eigen_elementwise,8,1,0,4,1e-12,4.261e-06,4.26326e-14,7.95808e-13,3.53495e-13
eigen_elementwise,9,1,0,4,1e-12,5.238e-06,5.68434e-14,7.95808e-13,2.74743e-13
eigen_elementwise,10,1,0,4,1e-12,5.797e-06,0,5.68434e-13,2.46203e-13
eigen_elementwise,11,1,0,4,1e-12,7.752e-06,0,6.82121e-13,2.92937e-13
eigen_elementwise,12,1,0,4,1e-12,9.219e-06,2.84217e-14,7.95808e-13,2.89842e-13
eigen_elementwise,13,1,0,4,1e-12,9.987e-06,2.84217e-14,6.82121e-13,3.08266e-13
eigen_elementwise,14,1,0,4,1e-12,1.0755e-05,0,7.95808e-13,1.61902e-13
eigen_elementwise,15,1,0,4,1e-12,1.3828e-05,5.68434e-14,9.09495e-13,3.01507e-13
eigen_elementwise,16,1,0,4,1e-12,1.3899e-05,0,7.95808e-13,2.7045e-13
eigen_elementwise,17,1,0,4,1e-12,1.5644e-05,4.61853e-14,1.02318e-12,2.3009e-13
eigen_elementwise,18,1,0,4,1e-12,1.7251e-05,0,7.95808e-13,2.37637e-13
eigen_elementwise,19,1,0,4,1e-12,1.9067e-05,0,6.82121e-13,2.2326e-13
eigen_elementwise,20,1,0,4,1e-12,2.0533e-05,0,7.95808e-13,3.12994e-13
eigen_elementwise,21,1,0,4,1e-12,2.1093e-05,0,1.25056e-12,2.8371e-13
eigen_elementwise,22,1,0,4,1e-12,2.2838e-05,2.84217e-14,1.25056e-12,4.06301e-13
eigen_elementwise,23,1,0,4,1e-12,2.5212e-05,0,7.95808e-13,3.12948e-13
eigen_elementwise,24,1,0,4,1e-12,2.6749e-05,0,9.09495e-13,3.27886e-13
eigen_elementwise,25,1,0,4,1e-12,2.8635e-05,2.84217e-14,1.59162e-12,3.91935e-13
eigen_elementwise,26,1,0,4,1e-12,3.4571e-05,0,1.02318e-12,3.36415e-13
eigen_elementwise,27,1,0,4,1e-12,3.5201e-05,0,9.09495e-13,3.07704e-13
eigen_elementwise,28,1,0,4,1e-12,4.2813e-05,0,1.81899e-12,3.22663e-13
eigen_elementwise,29,1,0,4,1e-12,4.0857e-05,0,1.36424e-12,3.29116e-13
eigen_elementwise,30,1,0,4,1e-12,4.386e-05,0,1.47793e-12,3.60423e-13
eigen_elementwise,31,1,0,4,1e-12,4.1905e-05,0,2.04636e-12,4.33374e-13
eigen_elementwise,32,1,0,4,1e-12,4.6724e-05,4.26326e-14,1.02318e-12,2.69507e-13
eigen_elementwise,33,1,0,4,1e-12,5.3009e-05,0,1.81899e-12,5.24402e-13
eigen_elementwise,34,1,0,4,1e-12,5.4546e-05,0,1.25056e-12,2.65983e-13
eigen_elementwise,35,1,0,4,1e-12,5.734e-05,0,1.25056e-12,3.73847e-13
eigen_elementwise,36,1,0,4,1e-12,6.0063e-05,0,1.7053e-12,3.88677e-13
eigen_elementwise,37,1,0,4,1e-12,6.0553e-05,1.42109e-14,2.6148e-12,5.44429e-13
eigen_elementwise,38,1,0,4,1e-12,6.4394e-05,0,2.04636e-12,3.08899e-13
eigen_elementwise,39,1,0,4,1e-12,7.4032e-05,0,1.36424e-12,3.46572e-13
eigen_elementwise,40,1,0,4,1e-12,6.8654e-05,0,1.25056e-12,3.56826e-13
eigen_elementwise,41,1,0,4,1e-12,7.5499e-05,0,9.09495e-13,3.0445e-13
eigen_elementwise,42,1,0,4,1e-12,7.8711e-05,0,3.18323e-12,4.97845e-13
eigen_elementwise,43,1,0,4,1e-12,8.0597e-05,0,1.7053e-12,3.68036e-13
eigen_elementwise,44,1,0,4,1e-12,8.6254e-05,0,1.93268e-12,4.74408e-13
eigen_elementwise,45,1,0,4,1e-12,9.1562e-05,0,2.95586e-12,4.00786e-13
eigen_elementwise,46,1,0,4,1e-12,9.1981e-05,0,1.7053e-12,4.31771e-13
eigen_elementwise,47,1,0,4,1e-12,9.5753e-05,0,1.93268e-12,3.41212e-13
eigen_elementwise,48,1,0,4,1e-12,0.000102947,0,3.29692e-12,5.36867e-13
eigen_elementwise,49,1,0,4,1e-12,9.8756e-05,0,2.27374e-12,3.49072e-13
eigen_elementwise,50,1,0,4,1e-12,0.000111048,0,1.93268e-12,4.06963e-13
eigen_elementwise,51,1,0,4,1e-12,0.000108674,0,2.84217e-12,4.65893e-13
eigen_elementwise,52,1,0,4,1e-12,0.000116007,0,1.47793e-12,3.43178e-13
eigen_elementwise,53,1,0,4,1e-12,0.000120686,0,2.27374e-12,4.18818e-13
eigen_elementwise,54,1,0,4,1e-12,0.00012781,0,2.38742e-12,6.89786e-13
eigen_elementwise,55,1,0,4,1e-12,0.000132279,0,1.93268e-12,4.95797e-13
eigen_elementwise,56,1,0,4,1e-12,0.000137169,0,2.04636e-12,4.20457e-13
eigen_elementwise,57,1,0,4,1e-12,0.000135493,0,2.6148e-12,4.68148e-13
eigen_elementwise,58,1,0,4,1e-12,0.000146667,0,2.50111e-12,5.64055e-13
eigen_elementwise,59,1,0,4,1e-12,0.000151137,0,1.47793e-12,4.81453e-13
eigen_elementwise,60,1,0,4,1e-12,0.000145131,0,2.6148e-12,4.74524e-13
eigen_elementwise,61,1,0,4,1e-12,0.000148483,0,1.47793e-12,3.33547e-13
eigen_elementwise,62,1,0,4,1e-12,0.000151486,0,2.72848e-12,5.60899e-13
eigen_elementwise,63,1,0,4,1e-12,0.00016315,0,2.38742e-12,4.17106e-13
eigen_elementwise,64,1,0,4,1e-12,0.000157143,0,1.7053e-12,4.1725e-13
eigen_elementwise,65,1,0,4,1e-12,0.000173836,0,2.38742e-12,4.19958e-13
eigen_elementwise,66,1,0,4,1e-12,0.000180959,0,2.72848e-12,4.66859e-13
eigen_elementwise,67,1,0,4,1e-12,0.000181658,0,2.50111e-12,4.62648e-13
eigen_elementwise,68,1,0,4,1e-12,0.000191086,0,2.6148e-12,4.83378e-13
eigen_elementwise,69,1,0,4,1e-12,0.00018948,2.84217e-14,2.95586e-12,4.85486e-13
eigen_elementwise,70,1,0,4,1e-12,0.000199048,0,2.6148e-12,4.25006e-13
eigen_elementwise,71,1,0,4,1e-12,0.000202191,0,2.50111e-12,5.09539e-13
eigen_elementwise,72,1,0,4,1e-12,0.000215322,0,2.38742e-12,4.93556e-13
eigen_elementwise,73,1,0,4,1e-12,0.000213366,0,2.38742e-12,4.40001e-13
eigen_elementwise,74,1,0,4,1e-12,0.000218045,0,2.6148e-12,4.57028e-13
eigen_elementwise,75,1,0,4,1e-12,0.000227823,0,2.50111e-12,3.99514e-13
eigen_elementwise,76,1,0,4,1e-12,0.000231455,0,3.18323e-12,5.27274e-13
eigen_elementwise,77,1,0,4,1e-12,0.000234877,0,2.38742e-12,4.55878e-13
eigen_elementwise,78,1,0,4,1e-12,0.00025101,0,2.84217e-12,5.05077e-13
eigen_elementwise,79,1,0,4,1e-12,0.000263792,0,1.93268e-12,4.6255e-13
eigen_elementwise,80,1,0,4,1e-12,0.000271963,0,2.27374e-12,4.87699e-13
eigen_elementwise,81,1,0,4,1e-12,0.000272033,0,1.47793e-12,3.93386e-13
eigen_elementwise,82,1,0,4,1e-12,0.000321131,0,2.84217e-12,5.23419e-13
eigen_elementwise,83,1,0,4,1e-12,0.000280903,0,3.18323e-12,5.42131e-13
eigen_elementwise,84,1,0,4,1e-12,0.000292497,0,3.29692e-12,5.03978e-13
eigen_elementwise,85,1,0,4,1e-12,0.000295919,0,2.27374e-12,3.93202e-13
eigen_elementwise,86,1,0,4,1e-12,0.000300948,0,2.95586e-12,5.94067e-13
eigen_elementwise,87,1,0,4,1e-12,0.000305138,0,3.06954e-12,5.76254e-13
eigen_elementwise,88,1,0,4,1e-12,0.000321061,0,3.97904e-12,6.37813e-13
eigen_elementwise,89,1,0,4,1e-12,0.000327627,0,1.93268e-12,4.9263e-13
eigen_elementwise,90,1,0,4,1e-12,0.000327627,0,5.45697e-12,6.67081e-13
eigen_elementwise,91,1,0,4,1e-12,0.00033957,0,3.06954e-12,4.63473e-13
eigen_elementwise,92,1,0,4,1e-12,0.000385805,0,2.95586e-12,5.8836e-13
eigen_elementwise,93,1,0,4,1e-12,0.000352072,0,4.66116e-12,7.13389e-13
eigen_elementwise,94,1,0,4,1e-12,0.000353817,0,2.50111e-12,6.56326e-13
eigen_elementwise,95,1,0,4,1e-12,0.000359055,0,3.29692e-12,4.61797e-13
eigen_elementwise,96,1,0,4,1e-12,0.000366668,0,2.6148e-12,5.94672e-13
eigen_elementwise,97,1,0,4,1e-12,0.000381405,0,5.79803e-12,6.04511e-13
eigen_elementwise,98,1,0,4,1e-12,0.000396211,0,3.29692e-12,4.91e-13
eigen_elementwise,99,1,0,4,1e-12,0.000399773,0,4.20641e-12,5.60683e-13
eigen_elementwise,100,1,0,4,1e-12,0.000393417,0,3.63798e-12,6.25882e-13
eigen_elementwise,101,1,0,4,1e-12,0.00040536,0,7.61702e-12,6.44378e-13
eigen_elementwise,102,1,0,4,1e-12,0.000411855,0,2.38742e-12,5.6833e-13
eigen_elementwise,103,1,0,4,1e-12,0.000413462,0,5.57066e-12,6.44542e-13
eigen_elementwise,104,1,0,4,1e-12,0.000430084,0,3.52429e-12,6.22494e-13
eigen_elementwise,105,1,0,4,1e-12,0.00046277,0,3.06954e-12,4.96246e-13
eigen_elementwise,106,1,0,4,1e-12,0.000443773,0,4.54747e-12,5.80651e-13
eigen_elementwise,107,1,0,4,1e-12,0.00047171,0,4.09273e-12,5.58722e-13
eigen_elementwise,108,1,0,4,1e-12,0.000455576,0,2.95586e-12,5.99899e-13
eigen_elementwise,109,1,0,4,1e-12,0.000488053,0,4.20641e-12,4.9399e-13
eigen_elementwise,110,1,0,4,1e-12,0.000478484,0,3.52429e-12,5.53174e-13
eigen_elementwise,111,1,0,4,1e-12,0.000511729,0,3.29692e-12,4.60797e-13
eigen_elementwise,112,1,0,4,1e-12,0.000492103,0,3.63798e-12,4.7259e-13
eigen_elementwise,113,1,0,4,1e-12,0.000502091,0,3.41061e-12,5.30345e-13
eigen_elementwise,114,1,0,4,1e-12,0.000512847,0,4.20641e-12,6.50038e-13
eigen_elementwise,115,1,0,4,1e-12,0.000525487,0,3.97904e-12,6.16489e-13
eigen_elementwise,116,1,0,4,1e-12,0.000535755,0,3.18323e-12,6.06871e-13
eigen_elementwise,117,1,0,4,1e-12,0.000543367,0,3.52429e-12,6.94586e-13
eigen_elementwise,118,1,0,4,1e-12,0.000542948,0,3.97904e-12,4.63298e-13
eigen_elementwise,119,1,0,4,1e-12,0.00057319,0,4.20641e-12,5.83212e-13
eigen_elementwise,120,1,0,4,1e-12,0.000563272,0,4.43379e-12,5.67812e-13
eigen_elementwise,121,1,0,4,1e-12,0.000576752,0,3.41061e-12,5.46399e-13
eigen_elementwise,122,1,0,4,1e-12,0.000587856,0,3.29692e-12,6.51151e-13
eigen_elementwise,123,1,0,4,1e-12,0.000593374,0,3.18323e-12,5.45082e-13
eigen_elementwise,124,1,0,4,1e-12,0.000604269,0,3.97904e-12,5.42219e-13
eigen_elementwise,125,1,0,4,1e-12,0.000602453,0,2.95586e-12,5.77145e-13
eigen_elementwise,126,1,0,4,1e-12,0.000625291,0,3.86535e-12,5.88834e-13
eigen_elementwise,127,1,0,4,1e-12,0.000646732,0,5.34328e-12,5.00121e-13
eigen_elementwise,128,1,0,4,1e-12,0.00063919,0,2.84217e-12,5.20084e-13
eigen_elementwise,129,1,0,4,1e-12,0.000653717,0,3.18323e-12,5.18627e-13
eigen_elementwise,130,1,0,4,1e-12,0.000689895,0,3.41061e-12,6.37562e-13
eigen_elementwise,131,1,0,4,1e-12,0.000698136,0,3.63798e-12,5.8335e-13
eigen_elementwise,132,1,0,4,1e-12,0.000707495,0,4.66116e-12,6.349e-13
eigen_elementwise,133,1,0,4,1e-12,0.000704631,0,3.29692e-12,5.75072e-13
eigen_elementwise,134,1,0,4,1e-12,0.00070959,0,3.75167e-12,5.98844e-13
eigen_elementwise,135,1,0,4,1e-12,0.000719298,0,3.18323e-12,5.34381e-13
eigen_elementwise,136,1,0,4,1e-12,0.000786765,0,4.09273e-12,5.54367e-13
eigen_elementwise,137,1,0,4,1e-12,0.000725583,0,3.29692e-12,6.07086e-13
eigen_elementwise,138,1,0,4,1e-12,0.000766441,0,4.43379e-12,6.52927e-13
eigen_elementwise,139,1,0,4,1e-12,0.000746815,0,3.52429e-12,5.70594e-13
eigen_elementwise,140,1,0,4,1e-12,0.000768327,0,3.63798e-12,6.00523e-13
eigen_elementwise,141,1,0,4,1e-12,0.000778872,0,5.34328e-12,5.81247e-13
eigen_elementwise,142,1,0,4,1e-12,0.000815121,0,4.88853e-12,6.02886e-13
eigen_elementwise,143,1,0,4,1e-12,0.000799755,0,4.43379e-12,6.15911e-13
eigen_elementwise,144,1,0,4,1e-12,0.000849902,0,2.6148e-12,5.61304e-13
eigen_elementwise,145,1,0,4,1e-12,0.000860796,0,3.75167e-12,6.10589e-13
eigen_elementwise,146,1,0,4,1e-12,0.000847946,0,4.20641e-12,6.61182e-13
eigen_elementwise,147,1,0,4,1e-12,0.000862054,0,5.00222e-12,6.37567e-13
eigen_elementwise,148,1,0,4,1e-12,0.000852486,0,5.45697e-12,5.35944e-13
eigen_elementwise,149,1,0,4,1e-12,0.000884962,0,5.22959e-12,6.41515e-13
eigen_elementwise,150,1,0,4,1e-12,0.000884264,0,4.66116e-12,6.06164e-13
eigen_elementwise,151,1,0,4,1e-12,0.000918486,0,3.86535e-12,5.44377e-13
eigen_elementwise,152,1,0,4,1e-12,0.000960391,0,3.52429e-12,5.39989e-13
eigen_elementwise,153,1,0,4,1e-12,0.000910524,0,3.52429e-12,5.21297e-13
eigen_elementwise,154,1,0,4,1e-12,0.000951102,0,3.97904e-12,5.10587e-13
eigen_elementwise,155,1,0,4,1e-12,0.000962067,0,3.41061e-12,5.82691e-13
eigen_elementwise,156,1,0,4,1e-12,0.000955711,0,2.84217e-12,5.92506e-13
eigen_elementwise,157,1,0,4,1e-12,0.000986302,0,4.43379e-12,6.24463e-13
eigen_elementwise,158,1,0,4,1e-12,0.000983229,0,7.27596e-12,6.84774e-13
eigen_elementwise,159,1,0,4,1e-12,0.00101941,0,5.79803e-12,7.07817e-13
eigen_elementwise,160,1,0,4,1e-12,0.00105314,0,3.06954e-12,6.19094e-13
eigen_elementwise,161,1,0,4,1e-12,0.00100076,0,5.45697e-12,5.9562e-13
eigen_elementwise,162,1,0,4,1e-12,0.00107612,0,4.43379e-12,7.13942e-13
eigen_elementwise,163,1,0,4,1e-12,0.00103533,0,4.54747e-12,6.21616e-13
eigen_elementwise,164,1,0,4,1e-12,0.00106648,0,4.43379e-12,6.50547e-13
eigen_elementwise,165,1,0,4,1e-12,0.00109847,0,7.38964e-12,7.26627e-13
eigen_elementwise,166,1,0,4,1e-12,0.00106969,0,7.7307e-12,6.77637e-13
eigen_elementwise,167,1,0,4,1e-12,0.00112082,0,5.11591e-12,7.10585e-13
eigen_elementwise,168,1,0,4,1e-12,0.00119981,0,3.29692e-12,6.80556e-13
eigen_elementwise,169,1,0,4,1e-12,0.00108653,0,6.25278e-12,6.5722e-13
eigen_elementwise,170,1,0,4,1e-12,0.00115979,0,6.48015e-12,6.86186e-13
eigen_elementwise,171,1,0,4,1e-12,0.00116824,0,4.43379e-12,6.93465e-13
eigen_elementwise,172,1,0,4,1e-12,0.00116656,0,5.22959e-12,6.87171e-13
eigen_elementwise,173,1,0,4,1e-12,0.00119268,0,3.18323e-12,6.16735e-13
eigen_elementwise,174,1,0,4,1e-12,0.00122251,0,4.3201e-12,6.92555e-13
eigen_elementwise,175,1,0,4,1e-12,0.00119387,0,4.66116e-12,6.86425e-13
eigen_elementwise,176,1,0,4,1e-12,0.00127782,0,3.41061e-12,6.60502e-13
eigen_elementwise,177,1,0,4,1e-12,0.00128641,0,4.09273e-12,6.08307e-13
eigen_elementwise,178,1,0,4,1e-12,0.00124052,0,6.13909e-12,7.13906e-13
eigen_elementwise,179,1,0,4,1e-12,0.00137274,0,4.88853e-12,6.95052e-13
eigen_elementwise,180,1,0,4,1e-12,0.00135444,0,5.57066e-12,6.84371e-13
eigen_elementwise,181,1,0,4,1e-12,0.00125875,0,3.41061e-12,6.09065e-13
eigen_elementwise,182,1,0,4,1e-12,0.00139292,0,4.43379e-12,6.54832e-13
eigen_elementwise,183,1,0,4,1e-12,0.00139432,0,6.48015e-12,6.03922e-13
eigen_elementwise,184,1,0,4,1e-12,0.00144663,0,5.91172e-12,7.52963e-13
eigen_elementwise,185,1,0,4,1e-12,0.00131861,0,4.54747e-12,6.60661e-13
eigen_elementwise,186,1,0,4,1e-12,0.00140549,0,3.86535e-12,6.42029e-13
eigen_elementwise,187,1,0,4,1e-12,0.00142414,0,6.25278e-12,6.8745e-13
eigen_elementwise,188,1,0,4,1e-12,0.00142107,0,3.52429e-12,6.1496e-13
eigen_elementwise,189,1,0,4,1e-12,0.00138265,0,5.91172e-12,7.71399e-13
eigen_elementwise,190,1,0,4,1e-12,0.00146053,0,4.54747e-12,6.70322e-13
eigen_elementwise,191,1,0,4,1e-12,0.00147324,0,6.25278e-12,7.48581e-13
eigen_elementwise,192,1,0,4,1e-12,0.00154776,0,6.36646e-12,7.85446e-13
eigen_elementwise,193,1,0,4,1e-12,0.00141841,0,7.27596e-12,7.12586e-13
eigen_elementwise,194,1,0,4,1e-12,0.00148448,0,6.0254e-12,7.53459e-13
eigen_elementwise,195,1,0,4,1e-12,0.00151046,0,5.00222e-12,7.39957e-13
eigen_elementwise,196,1,0,4,1e-12,0.00154811,0,7.04858e-12,6.88048e-13
eigen_elementwise,197,1,0,4,1e-12,0.00148832,0,5.00222e-12,6.80489e-13
eigen_elementwise,198,1,0,4,1e-12,0.00157325,0,5.45697e-12,6.83574e-13
eigen_elementwise,199,1,0,4,1e-12,0.00157178,0,4.54747e-12,6.48397e-13
eigen_elementwise,200,1,0,4,1e-12,0.00165301,0,8.75389e-12,7.34524e-13
eigen_elementwise,201,1,0,4,1e-12,0.00158694,0,3.97904e-12,5.79304e-13
eigen_elementwise,202,1,0,4,1e-12,0.00164009,0,7.16227e-12,7.05988e-13
eigen_elementwise,203,1,0,4,1e-12,0.00167745,0,4.66116e-12,7.80564e-13
eigen_elementwise,204,1,0,4,1e-12,0.00170057,0,6.9349e-12,8.07197e-13
eigen_elementwise,205,1,0,4,1e-12,0.0016681,0,6.59384e-12,6.98082e-13
eigen_elementwise,206,1,0,4,1e-12,0.00167026,0,5.11591e-12,8.60128e-13
eigen_elementwise,207,1,0,4,1e-12,0.00171671,0,4.43379e-12,5.82396e-13
eigen_elementwise,208,1,0,4,1e-12,0.00175295,0,4.54747e-12,6.87851e-13
eigen_elementwise,209,1,0,4,1e-12,0.00173584,0,6.13909e-12,6.96842e-13
eigen_elementwise,210,1,0,4,1e-12,0.00179674,0,8.18545e-12,7.83965e-13
eigen_elementwise,211,1,0,4,1e-12,0.00173409,0,5.45697e-12,6.95406e-13
eigen_elementwise,212,1,0,4,1e-12,0.00178522,0,4.43379e-12,7.00521e-13
eigen_elementwise,213,1,0,4,1e-12,0.00188921,0,5.11591e-12,6.77492e-13
eigen_elementwise,214,1,0,4,1e-12,0.00189333,0,3.63798e-12,6.0822e-13
eigen_elementwise,215,1,0,4,1e-12,0.00186009,0,3.29692e-12,5.8733e-13
eigen_elementwise,216,1,0,4,1e-12,0.00190646,0,4.77485e-12,7.44598e-13
eigen_elementwise,217,1,0,4,1e-12,0.00178696,0,4.43379e-12,7.27717e-13
eigen_elementwise,218,1,0,4,1e-12,0.00189159,0,4.88853e-12,7.42762e-13
eigen_elementwise,219,1,0,4,1e-12,0.00193126,0,5.68434e-12,7.14363e-13
eigen_elementwise,220,1,0,4,1e-12,0.00192211,0,5.22959e-12,7.11923e-13
eigen_elementwise,221,1,0,4,1e-12,0.00194788,0,8.18545e-12,7.49229e-13
eigen_elementwise,222,1,0,4,1e-12,0.00201102,0,6.9349e-12,7.28586e-13
eigen_elementwise,223,1,0,4,1e-12,0.00198448,0,5.91172e-12,7.43696e-13
eigen_elementwise,224,1,0,4,1e-12,0.00209154,0,5.11591e-12,7.07846e-13
eigen_elementwise,225,1,0,4,1e-12,0.00192511,0,4.77485e-12,7.42999e-13
eigen_elementwise,226,1,0,4,1e-12,0.00201772,0,7.61702e-12,7.77321e-13
eigen_elementwise,227,1,0,4,1e-12,0.00207646,0,4.43379e-12,6.74742e-13
eigen_elementwise,228,1,0,4,1e-12,0.0021002,0,4.88853e-12,7.09234e-13
eigen_elementwise,229,1,0,4,1e-12,0.00214518,0,6.70752e-12,6.70067e-13
eigen_elementwise,230,1,0,4,1e-12,0.00211829,0,5.22959e-12,6.53607e-13
eigen_elementwise,231,1,0,4,1e-12,0.00214155,0,7.27596e-12,7.73876e-13
eigen_elementwise,232,1,0,4,1e-12,0.00214134,0,4.20641e-12,6.69319e-13
eigen_elementwise,233,1,0,4,1e-12,0.00213575,0,5.22959e-12,7.99566e-13
eigen_elementwise,234,1,0,4,1e-12,0.00205893,0,4.66116e-12,7.10831e-13
eigen_elementwise,235,1,0,4,1e-12,0.00223695,0,5.57066e-12,7.32592e-13
eigen_elementwise,236,1,0,4,1e-12,0.00220546,0,6.70752e-12,8.30665e-13
eigen_elementwise,237,1,0,4,1e-12,0.00222222,0,3.41061e-12,6.91003e-13
eigen_elementwise,238,1,0,4,1e-12,0.0022408,0,8.86757e-12,7.49033e-13
eigen_elementwise,239,1,0,4,1e-12,0.00232293,0,7.38964e-12,8.20008e-13
eigen_elementwise,240,1,0,4,1e-12,0.00231518,0,5.79803e-12,7.57091e-13
eigen_elementwise,241,1,0,4,1e-12,0.00230247,0,3.75167e-12,7.07388e-13
eigen_elementwise,242,1,0,4,1e-12,0.00234095,0,6.0254e-12,6.86562e-13
eigen_elementwise,243,1,0,4,1e-12,0.00233208,0,3.97904e-12,6.71295e-13
eigen_elementwise,244,1,0,4,1e-12,0.00235904,0,5.11591e-12,7.12013e-13
eigen_elementwise,245,1,0,4,1e-12,0.00237964,0,5.34328e-12,7.38957e-13
eigen_elementwise,246,1,0,4,1e-12,0.00235576,0,5.79803e-12,6.44471e-13
eigen_elementwise,247,1,0,4,1e-12,0.00243817,0,6.9349e-12,8.25999e-13
eigen_elementwise,248,1,0,4,1e-12,0.00252659,0,5.34328e-12,6.67144e-13
eigen_elementwise,249,1,0,4,1e-12,0.00246143,0,6.82121e-12,8.08699e-13
eigen_elementwise,250,1,0,4,1e-12,0.00246457,0,4.88853e-12,7.30822e-13
eigen_elementwise,251,1,0,4,1e-12,0.0025277,0,4.66116e-12,7.77655e-13
eigen_elementwise,252,1,0,4,1e-12,0.00247511,0,4.3201e-12,7.309e-13
eigen_elementwise,253,1,0,4,1e-12,0.00253902,0,7.84439e-12,8.08362e-13
eigen_elementwise,254,1,0,4,1e-12,0.00256409,0,6.0254e-12,7.57686e-13
eigen_elementwise,255,1,0,4,1e-12,0.00259482,0,4.77485e-12,7.59751e-13
eigen_elementwise,256,1,0,4,1e-12,0.00264797,0,4.88853e-12,7.09766e-13
eigen_elementwise,257,1,0,4,1e-12,0.00266194,0,5.22959e-12,8.05733e-13
eigen_elementwise,258,1,0,4,1e-12,0.00249732,0,6.0254e-12,7.42758e-13
eigen_elementwise,259,1,0,4,1e-12,0.00263016,0,6.59384e-12,6.8579e-13
eigen_elementwise,260,1,0,4,1e-12,0.00263575,0,8.98126e-12,7.58156e-13
eigen_elementwise,261,1,0,4,1e-12,0.00275092,0,6.25278e-12,7.075e-13
eigen_elementwise,262,1,0,4,1e-12,0.00278758,0,6.25278e-12,8.6533e-13
eigen_elementwise,263,1,0,4,1e-12,0.00274596,0,7.04858e-12,7.76862e-13
eigen_elementwise,264,1,0,4,1e-12,0.00275127,0,6.0254e-12,7.63006e-13
eigen_elementwise,265,1,0,4,1e-12,0.00281594,0,6.70752e-12,7.4479e-13
eigen_elementwise,266,1,0,4,1e-12,0.00284297,0,6.9349e-12,7.61209e-13
eigen_elementwise,267,1,0,4,1e-12,0.00284842,0,6.59384e-12,7.12938e-13
eigen_elementwise,268,1,0,4,1e-12,0.00282216,0,4.66116e-12,7.05161e-13
eigen_elementwise,269,1,0,4,1e-12,0.00286294,0,7.16227e-12,7.35504e-13
eigen_elementwise,270,1,0,4,1e-12,0.00291204,0,4.66116e-12,7.45129e-13
eigen_elementwise,271,1,0,4,1e-12,0.00293216,0,3.75167e-12,6.66396e-13
eigen_elementwise,272,1,0,4,1e-12,0.00294885,0,5.34328e-12,7.40839e-13
eigen_elementwise,273,1,0,4,1e-12,0.0030013,0,5.11591e-12,7.61406e-13
eigen_elementwise,274,1,0,4,1e-12,0.00300437,0,5.57066e-12,8.74052e-13
eigen_elementwise,275,1,0,4,1e-12,0.00304432,0,6.48015e-12,8.26135e-13
eigen_elementwise,276,1,0,4,1e-12,0.00305578,0,5.34328e-12,7.56882e-13
eigen_elementwise,277,1,0,4,1e-12,0.00309119,0,7.38964e-12,9.03159e-13
eigen_elementwise,278,1,0,4,1e-12,0.00309384,0,8.29914e-12,8.01706e-13
eigen_elementwise,279,1,0,4,1e-12,0.00311081,0,5.79803e-12,7.67972e-13
eigen_elementwise,280,1,0,4,1e-12,0.00314315,0,6.25278e-12,8.01454e-13
eigen_elementwise,281,1,0,4,1e-12,0.00315216,0,6.36646e-12,7.80636e-13
eigen_elementwise,282,1,0,4,1e-12,0.00319902,0,7.04858e-12,7.70517e-13
eigen_elementwise,283,1,0,4,1e-12,0.0032067,0,5.00222e-12,7.41513e-13
eigen_elementwise,284,1,0,4,1e-12,0.00325154,0,5.57066e-12,7.67305e-13
eigen_elementwise,285,1,0,4,1e-12,0.00326998,0,5.57066e-12,7.44873e-13
eigen_elementwise,286,1,0,4,1e-12,0.00331161,0,6.36646e-12,7.99075e-13
eigen_elementwise,287,1,0,4,1e-12,0.00335044,0,4.88853e-12,7.53448e-13
eigen_elementwise,288,1,0,4,1e-12,0.00332306,0,8.07177e-12,8.16298e-13
eigen_elementwise,289,1,0,4,1e-12,0.00335595,0,6.9349e-12,8.97724e-13
eigen_elementwise,290,1,0,4,1e-12,0.00342133,0,7.04858e-12,7.8869e-13
eigen_elementwise,291,1,0,4,1e-12,0.00338564,0,5.22959e-12,7.71836e-13
eigen_elementwise,292,1,0,4,1e-12,0.00341525,0,9.32232e-12,8.45728e-13
eigen_elementwise,293,1,0,4,1e-12,0.0034596,0,7.50333e-12,7.89885e-13
eigen_elementwise,294,1,0,4,1e-12,0.00349005,0,3.86535e-12,7.13437e-13
eigen_elementwise,295,1,0,4,1e-12,0.00343648,0,6.9349e-12,7.87588e-13
eigen_elementwise,296,1,0,4,1e-12,0.00353922,0,7.50333e-12,8.07384e-13
eigen_elementwise,297,1,0,4,1e-12,0.00352665,0,5.45697e-12,7.32379e-13
eigen_elementwise,298,1,0,4,1e-12,0.00349333,0,6.82121e-12,8.60293e-13
eigen_elementwise,299,1,0,4,1e-12,0.00352665,0,7.50333e-12,7.99943e-13
eigen_elementwise,300,1,0,4,1e-12,0.003615,0,5.57066e-12,7.81224e-13
eigen_elementwise,301,1,0,4,1e-12,0.00357728,0,6.82121e-12,7.53447e-13
eigen_elementwise,302,1,0,4,1e-12,0.00368372,0,5.79803e-12,7.84062e-13
eigen_elementwise,303,1,0,4,1e-12,0.0036935,0,4.43379e-12,7.12952e-13
eigen_elementwise,304,1,0,4,1e-12,0.00367778,0,9.54969e-12,8.92397e-13
eigen_elementwise,305,1,0,4,1e-12,0.00367485,0,4.66116e-12,7.71807e-13
eigen_elementwise,306,1,0,4,1e-12,0.00376138,0,5.91172e-12,7.09271e-13
eigen_elementwise,307,1,0,4,1e-12,0.00376949,0,5.57066e-12,7.7945e-13
eigen_elementwise,308,1,0,4,1e-12,0.00374979,0,6.0254e-12,7.31807e-13
eigen_elementwise,309,1,0,4,1e-12,0.00384918,0,7.84439e-12,7.95814e-13
eigen_elementwise,310,1,0,4,1e-12,0.00385965,0,1.08002e-11,7.00177e-13
eigen_elementwise,311,1,0,4,1e-12,0.00382382,0,5.91172e-12,7.74994e-13
eigen_elementwise,312,1,0,4,1e-12,0.00393208,0,5.22959e-12,8.29052e-13
eigen_elementwise,313,1,0,4,1e-12,0.00394395,0,9.66338e-12,8.70182e-13
eigen_elementwise,314,1,0,4,1e-12,0.00389667,0,6.9349e-12,8.64871e-13
eigen_elementwise,315,1,0,4,1e-12,0.00398362,0,5.68434e-12,7.57461e-13
eigen_elementwise,316,1,0,4,1e-12,0.00407532,0,6.36646e-12,8.59099e-13
eigen_elementwise,317,1,0,4,1e-12,0.00402022,0,8.75389e-12,7.4895e-13
eigen_elementwise,318,1,0,4,1e-12,0.00403719,0,5.45697e-12,8.30849e-13
eigen_elementwise,319,1,0,4,1e-12,0.00408992,0,6.13909e-12,8.30812e-13
eigen_elementwise,320,1,0,4,1e-12,0.00411276,0,7.27596e-12,7.79338e-13
eigen_elementwise,321,1,0,4,1e-12,0.00415767,0,6.9349e-12,8.57017e-13
eigen_elementwise,322,1,0,4,1e-12,0.00416758,0,9.43601e-12,8.48911e-13
eigen_elementwise,323,1,0,4,1e-12,0.00419922,0,6.70752e-12,8.11322e-13
eigen_elementwise,324,1,0,4,1e-12,0.00423337,0,8.18545e-12,8.22382e-13
eigen_elementwise,325,1,0,4,1e-12,0.00416248,0,1.05729e-11,8.75252e-13
eigen_elementwise,326,1,0,4,1e-12,0.00419496,0,6.82121e-12,8.01458e-13
eigen_elementwise,327,1,0,4,1e-12,0.00423687,0,5.91172e-12,8.35675e-13
eigen_elementwise,328,1,0,4,1e-12,0.00429965,0,7.38964e-12,8.29456e-13
eigen_elementwise,329,1,0,4,1e-12,0.00430985,0,6.48015e-12,8.20628e-13
eigen_elementwise,330,1,0,4,1e-12,0.00437501,0,6.13909e-12,8.44507e-13
eigen_elementwise,331,1,0,4,1e-12,0.00436223,0,6.9349e-12,7.34816e-13
eigen_elementwise,332,1,0,4,1e-12,0.00439869,0,9.77707e-12,8.3699e-13
eigen_elementwise,333,1,0,4,1e-12,0.00444066,0,5.22959e-12,8.4832e-13
eigen_elementwise,334,1,0,4,1e-12,0.00436928,0,7.50333e-12,7.64296e-13
eigen_elementwise,335,1,0,4,1e-12,0.00444031,0,5.22959e-12,6.6835e-13
eigen_elementwise,336,1,0,4,1e-12,0.0043908,0,6.0254e-12,8.57298e-13
eigen_elementwise,337,1,0,4,1e-12,0.00452357,0,6.25278e-12,8.62693e-13
eigen_elementwise,338,1,0,4,1e-12,0.00454508,0,7.50333e-12,7.72363e-13
eigen_elementwise,339,1,0,4,1e-12,0.00457364,0,6.0254e-12,8.1823e-13
eigen_elementwise,340,1,0,4,1e-12,0.00469719,0,4.09273e-12,7.89293e-13
eigen_elementwise,341,1,0,4,1e-12,0.004646,0,5.57066e-12,8.16072e-13
eigen_elementwise,342,1,0,4,1e-12,0.00466297,0,8.18545e-12,8.11333e-13
eigen_elementwise,343,1,0,4,1e-12,0.00475118,0,7.95808e-12,7.47266e-13
eigen_elementwise,344,1,0,4,1e-12,0.00466744,0,6.48015e-12,7.56418e-13
eigen_elementwise,345,1,0,4,1e-12,0.00470585,0,7.16227e-12,7.55508e-13
eigen_elementwise,346,1,0,4,1e-12,0.00483303,0,5.68434e-12,8.33948e-13
eigen_elementwise,347,1,0,4,1e-12,0.00486041,0,8.6402e-12,9.17255e-13
eigen_elementwise,348,1,0,4,1e-12,0.00478896,0,6.25278e-12,8.3571e-13
eigen_elementwise,349,1,0,4,1e-12,0.00492641,0,1.22782e-11,7.70639e-13
eigen_elementwise,350,1,0,4,1e-12,0.00481508,0,6.70752e-12,7.54642e-13
eigen_elementwise,351,1,0,4,1e-12,0.00486439,0,6.25278e-12,8.00676e-13
eigen_elementwise,352,1,0,4,1e-12,0.00490071,0,5.45697e-12,7.8187e-13
eigen_elementwise,353,1,0,4,1e-12,0.00517896,0,1.1255e-11,8.54936e-13
eigen_elementwise,354,1,0,4,1e-12,0.005039,0,6.59384e-12,8.76175e-13
eigen_elementwise,355,1,0,4,1e-12,0.00502049,0,4.43379e-12,7.30633e-13
eigen_elementwise,356,1,0,4,1e-12,0.00495672,0,7.61702e-12,7.54692e-13
eigen_elementwise,357,1,0,4,1e-12,0.00504305,0,7.84439e-12,8.75381e-13
eigen_elementwise,358,1,0,4,1e-12,0.00503928,0,5.79803e-12,8.49044e-13
eigen_elementwise,359,1,0,4,1e-12,0.00514362,0,6.9349e-12,8.3322e-13
eigen_elementwise,360,1,0,4,1e-12,0.00506253,0,7.04858e-12,8.54808e-13
eigen_elementwise,361,1,0,4,1e-12,0.00519984,0,6.59384e-12,8.44837e-13
eigen_elementwise,362,1,0,4,1e-12,0.00511645,0,5.11591e-12,7.3049e-13
eigen_elementwise,363,1,0,4,1e-12,0.00522973,0,5.79803e-12,8.40373e-13
eigen_elementwise,364,1,0,4,1e-12,0.00521709,0,7.27596e-12,7.79786e-13
eigen_elementwise,365,1,0,4,1e-12,0.0053632,0,8.18545e-12,9.0108e-13
eigen_elementwise,366,1,0,4,1e-12,0.00532451,0,6.36646e-12,7.32208e-13
eigen_elementwise,367,1,0,4,1e-12,0.0053727,0,8.29914e-12,8.39771e-13
eigen_elementwise,368,1,0,4,1e-12,0.00537787,0,7.50333e-12,8.20648e-13
eigen_elementwise,369,1,0,4,1e-12,0.00546321,0,7.04858e-12,8.35952e-13
eigen_elementwise,370,1,0,4,1e-12,0.00534965,0,6.36646e-12,7.94555e-13
eigen_elementwise,371,1,0,4,1e-12,0.00550072,0,7.04858e-12,8.38622e-13
eigen_elementwise,372,1,0,4,1e-12,0.00551643,0,1.02318e-11,9.64571e-13
eigen_elementwise,373,1,0,4,1e-12,0.00546615,0,7.38964e-12,8.02547e-13
eigen_elementwise,374,1,0,4,1e-12,0.00544114,0,7.7307e-12,9.10041e-13
eigen_elementwise,375,1,0,4,1e-12,0.00566813,0,4.77485e-12,7.38415e-13
eigen_elementwise,376,1,0,4,1e-12,0.0055457,0,5.91172e-12,8.3237e-13
eigen_elementwise,377,1,0,4,1e-12,0.00561205,0,8.52651e-12,8.75023e-13
eigen_elementwise,378,1,0,4,1e-12,0.00568119,0,6.36646e-12,8.164e-13
eigen_elementwise,379,1,0,4,1e-12,0.0056008,0,7.27596e-12,8.33955e-13
eigen_elementwise,380,1,0,4,1e-12,0.00568936,0,5.79803e-12,8.32443e-13
eigen_elementwise,381,1,0,4,1e-12,0.00575655,0,7.61702e-12,9.44602e-13
eigen_elementwise,382,1,0,4,1e-12,0.00578057,0,8.07177e-12,9.62572e-13
eigen_elementwise,383,1,0,4,1e-12,0.00582765,0,8.75389e-12,7.77145e-13
eigen_elementwise,384,1,0,4,1e-12,0.00583959,0,5.22959e-12,7.32951e-13
eigen_elementwise,385,1,0,4,1e-12,0.00579678,0,4.3201e-12,7.39901e-13
eigen_elementwise,386,1,0,4,1e-12,0.00589162,0,8.07177e-12,8.1174e-13
eigen_elementwise,387,1,0,4,1e-12,0.00591306,0,7.16227e-12,8.80072e-13
eigen_elementwise,388,1,0,4,1e-12,0.00597033,0,8.75389e-12,7.16751e-13
eigen_elementwise,389,1,0,4,1e-12,0.0059931,0,8.41283e-12,8.36495e-13
eigen_elementwise,390,1,0,4,1e-12,0.00600937,0,7.95808e-12,8.7e-13
eigen_elementwise,391,1,0,4,1e-12,0.0060239,0,9.54969e-12,8.17638e-13
eigen_elementwise,392,1,0,4,1e-12,0.00606217,0,7.27596e-12,8.14904e-13
eigen_elementwise,393,1,0,4,1e-12,0.00612084,0,5.79803e-12,7.78966e-13
eigen_elementwise,394,1,0,4,1e-12,0.0061325,0,7.27596e-12,8.20055e-13
eigen_elementwise,395,1,0,4,1e-12,0.00610464,0,5.68434e-12,8.68301e-13
eigen_elementwise,396,1,0,4,1e-12,0.00616093,0,8.29914e-12,7.24848e-13
eigen_elementwise,397,1,0,4,1e-12,0.00617972,0,8.41283e-12,8.32382e-13
eigen_elementwise,398,1,0,4,1e-12,0.0062152,0,5.91172e-12,7.82204e-13
eigen_elementwise,399,1,0,4,1e-12,0.00627778,0,7.16227e-12,9.22552e-13
eigen_elementwise,400,1,0,4,1e-12,0.00626981,0,8.29914e-12,8.47993e-13
eigen_elementwise,401,1,0,4,1e-12,0.00626925,0,1.09139e-11,8.1187e-13
eigen_elementwise,402,1,0,4,1e-12,0.00640908,0,7.7307e-12,9.26808e-13
eigen_elementwise,403,1,0,4,1e-12,0.00641194,0,6.82121e-12,8.47829e-13
eigen_elementwise,404,1,0,4,1e-12,0.00639518,0,8.6402e-12,8.69988e-13
eigen_elementwise,405,1,0,4,1e-12,0.00642696,0,1.04592e-11,8.19852e-13
eigen_elementwise,406,1,0,4,1e-12,0.00644155,0,6.0254e-12,7.90667e-13
eigen_elementwise,407,1,0,4,1e-12,0.006554,0,1.08002e-11,8.23946e-13
eigen_elementwise,408,1,0,4,1e-12,0.00656,0,7.50333e-12,8.86938e-13
eigen_elementwise,409,1,0,4,1e-12,0.0065855,0,4.20641e-12,6.96588e-13
eigen_elementwise,410,1,0,4,1e-12,0.00663851,0,5.79803e-12,7.49055e-13
eigen_elementwise,411,1,0,4,1e-12,0.00663215,0,8.41283e-12,8.99878e-13
eigen_elementwise,412,1,0,4,1e-12,0.00656503,0,8.29914e-12,8.58916e-13
eigen_elementwise,413,1,0,4,1e-12,0.00664088,0,7.50333e-12,9.30325e-13
eigen_elementwise,414,1,0,4,1e-12,0.00668914,0,7.95808e-12,9.30227e-13
eigen_elementwise,415,1,0,4,1e-12,0.00673272,0,1.03455e-11,9.19185e-13
eigen_elementwise,416,1,0,4,1e-12,0.00676513,0,8.07177e-12,9.19713e-13
eigen_elementwise,417,1,0,4,1e-12,0.0068275,0,8.6402e-12,8.69128e-13
eigen_elementwise,418,1,0,4,1e-12,0.00695803,0,6.48015e-12,7.47443e-13
eigen_elementwise,419,1,0,4,1e-12,0.00686305,0,7.38964e-12,8.31636e-13
eigen_elementwise,420,1,0,4,1e-12,0.00690593,0,6.13909e-12,9.27089e-13
eigen_elementwise,421,1,0,4,1e-12,0.00689259,0,8.18545e-12,8.91478e-13
eigen_elementwise,422,1,0,4,1e-12,0.00698988,0,7.27596e-12,8.50214e-13
eigen_elementwise,423,1,0,4,1e-12,0.00697053,0,7.04858e-12,8.03434e-13
eigen_elementwise,424,1,0,4,1e-12,0.00696606,0,1.13687e-11,8.70235e-13
eigen_elementwise,425,1,0,4,1e-12,0.00716211,0,7.61702e-12,8.47891e-13
eigen_elementwise,426,1,0,4,1e-12,0.00706587,0,6.9349e-12,7.90892e-13
eigen_elementwise,427,1,0,4,1e-12,0.0071311,0,6.0254e-12,8.48462e-13
eigen_elementwise,428,1,0,4,1e-12,0.00717936,0,5.91172e-12,8.39495e-13
eigen_elementwise,429,1,0,4,1e-12,0.0071906,0,7.27596e-12,8.6885e-13
eigen_elementwise,430,1,0,4,1e-12,0.00713725,0,6.9349e-12,9.14435e-13
eigen_elementwise,431,1,0,4,1e-12,0.00730968,0,1.33014e-11,8.28289e-13
eigen_elementwise,432,1,0,4,1e-12,0.0073101,0,6.0254e-12,7.86614e-13
eigen_elementwise,433,1,0,4,1e-12,0.00737855,0,6.25278e-12,8.00029e-13
eigen_elementwise,434,1,0,4,1e-12,0.00738162,0,7.27596e-12,8.48558e-13
eigen_elementwise,435,1,0,4,1e-12,0.00742946,0,6.59384e-12,9.33306e-13
eigen_elementwise,436,1,0,4,1e-12,0.00737582,0,6.59384e-12,7.90544e-13
eigen_elementwise,437,1,0,4,1e-12,0.00753492,0,7.16227e-12,8.41932e-13
eigen_elementwise,438,1,0,4,1e-12,0.00767111,0,7.95808e-12,8.77176e-13
eigen_elementwise,439,1,0,4,1e-12,0.0075572,0,6.59384e-12,7.37746e-13
eigen_elementwise,440,1,0,4,1e-12,0.00768117,0,9.54969e-12,8.61731e-13
eigen_elementwise,441,1,0,4,1e-12,0.00774598,0,8.75389e-12,8.79929e-13
eigen_elementwise,442,1,0,4,1e-12,0.00759303,0,6.36646e-12,8.47306e-13
eigen_elementwise,443,1,0,4,1e-12,0.00780975,0,8.41283e-12,8.34463e-13
eigen_elementwise,444,1,0,4,1e-12,0.00779892,0,9.32232e-12,9.07202e-13
eigen_elementwise,445,1,0,4,1e-12,0.00784306,0,8.29914e-12,8.45518e-13
eigen_elementwise,446,1,0,4,1e-12,0.0078307,0,6.25278e-12,9.23761e-13
eigen_elementwise,447,1,0,4,1e-12,0.00794964,0,7.04858e-12,8.83084e-13
eigen_elementwise,448,1,0,4,1e-12,0.00789558,0,7.16227e-12,9.04102e-13
eigen_elementwise,449,1,0,4,1e-12,0.00802793,0,7.27596e-12,8.82549e-13
eigen_elementwise,450,1,0,4,1e-12,0.00798058,0,5.79803e-12,8.42917e-13
eigen_elementwise,451,1,0,4,1e-12,0.00793679,0,5.68434e-12,8.15119e-13
eigen_elementwise,452,1,0,4,1e-12,0.00820533,0,7.38964e-12,9.43615e-13
eigen_elementwise,453,1,0,4,1e-12,0.00815086,0,7.61702e-12,7.77746e-13
eigen_elementwise,454,1,0,4,1e-12,0.00818543,0,7.04858e-12,8.54795e-13
eigen_elementwise,455,1,0,4,1e-12,0.00821797,0,9.77707e-12,9.2164e-13
eigen_elementwise,456,1,0,4,1e-12,0.00827936,0,7.16227e-12,8.65954e-13
eigen_elementwise,457,1,0,4,1e-12,0.00800447,0,8.75389e-12,8.92198e-13
eigen_elementwise,458,1,0,4,1e-12,0.00827866,0,8.07177e-12,9.04406e-13
eigen_elementwise,459,1,0,4,1e-12,0.00824332,0,8.18545e-12,8.95551e-13
eigen_elementwise,460,1,0,4,1e-12,0.00825911,0,8.18545e-12,8.84958e-13
eigen_elementwise,461,1,0,4,1e-12,0.00840354,0,7.38964e-12,8.50382e-13
eigen_elementwise,462,1,0,4,1e-12,0.00836415,0,9.89075e-12,8.91893e-13
eigen_elementwise,463,1,0,4,1e-12,0.00860629,0,7.95808e-12,8.71102e-13
eigen_elementwise,464,1,0,4,1e-12,0.00847345,0,7.7307e-12,8.89955e-13
eigen_elementwise,465,1,0,4,1e-12,0.00853345,0,8.52651e-12,8.47972e-13
eigen_elementwise,466,1,0,4,1e-12,0.00869073,0,5.57066e-12,8.27946e-13
eigen_elementwise,467,1,0,4,1e-12,0.0086542,0,6.0254e-12,8.82754e-13
eigen_elementwise,468,1,0,4,1e-12,0.00870805,0,8.41283e-12,9.19231e-13
eigen_elementwise,469,1,0,4,1e-12,0.00867997,0,7.95808e-12,7.61481e-13
eigen_elementwise,470,1,0,4,1e-12,0.00886114,0,5.34328e-12,8.62417e-13
eigen_elementwise,471,1,0,4,1e-12,0.00878138,0,8.86757e-12,8.45048e-13
eigen_elementwise,472,1,0,4,1e-12,0.00886177,0,8.18545e-12,8.65304e-13
eigen_elementwise,473,1,0,4,1e-12,0.00890473,0,8.29914e-12,7.49784e-13
eigen_elementwise,474,1,0,4,1e-12,0.008861,0,7.16227e-12,8.67046e-13
eigen_elementwise,475,1,0,4,1e-12,0.00893084,0,6.82121e-12,8.64656e-13
eigen_elementwise,476,1,0,4,1e-12,0.00894558,0,1.01181e-11,8.8061e-13
eigen_elementwise,477,1,0,4,1e-12,0.00891269,0,1.01181e-11,9.93021e-13
eigen_elementwise,478,1,0,4,1e-12,0.00898441,0,6.9349e-12,7.84856e-13
eigen_elementwise,479,1,0,4,1e-12,0.00908198,0,1.14824e-11,9.05326e-13
eigen_elementwise,480,1,0,4,1e-12,0.00907151,0,9.32232e-12,9.62075e-13
eigen_elementwise,481,1,0,4,1e-12,0.00927265,0,6.48015e-12,8.56204e-13
eigen_elementwise,482,1,0,4,1e-12,0.00921042,0,6.0254e-12,8.62458e-13
eigen_elementwise,483,1,0,4,1e-12,0.00923368,0,8.75389e-12,8.2281e-13
eigen_elementwise,484,1,0,4,1e-12,0.0091887,0,1.05729e-11,8.81014e-13
eigen_elementwise,485,1,0,4,1e-12,0.00920735,0,8.41283e-12,8.331e-13
eigen_elementwise,486,1,0,4,1e-12,0.00944495,0,7.7307e-12,8.39171e-13
eigen_elementwise,487,1,0,4,1e-12,0.00933285,0,8.52651e-12,8.72082e-13
eigen_elementwise,488,1,0,4,1e-12,0.00945647,0,6.48015e-12,8.86169e-13
eigen_elementwise,489,1,0,4,1e-12,0.00938859,0,9.54969e-12,9.14159e-13
eigen_elementwise,490,1,0,4,1e-12,0.00935443,0,1.00044e-11,8.85608e-13
eigen_elementwise,491,1,0,4,1e-12,0.00958764,0,7.95808e-12,9.29089e-13
eigen_elementwise,492,1,0,4,1e-12,0.00958044,0,7.7307e-12,8.63114e-13
eigen_elementwise,493,1,0,4,1e-12,0.00970657,0,8.98126e-12,9.43263e-13
eigen_elementwise,494,1,0,4,1e-12,0.00951786,0,8.41283e-12,8.80228e-13
eigen_elementwise,495,1,0,4,1e-12,0.00961452,0,7.84439e-12,7.71463e-13
eigen_elementwise,496,1,0,4,1e-12,0.00964008,0,7.7307e-12,8.703e-13
eigen_elementwise,497,1,0,4,1e-12,0.00975148,0,7.84439e-12,8.64232e-13
eigen_elementwise,498,1,0,4,1e-12,0.00974122,0,1.29603e-11,9.14e-13
eigen_elementwise,499,1,0,4,1e-12,0.0098258,0,9.32232e-12,9.0382e-13
eigen_elementwise,500,1,0,4,1e-12,0.00991386,0,8.41283e-12,9.0683e-13
eigen_elementwise,501,1,0,4,1e-12,0.00991442,0,1.09139e-11,9.07899e-13
eigen_elementwise,502,1,0,4,1e-12,0.00998385,0,7.27596e-12,9.6718e-13
eigen_elementwise,503,1,0,4,1e-12,0.0100216,0,6.59384e-12,8.57945e-13
eigen_elementwise,504,1,0,4,1e-12,0.0100512,0,8.07177e-12,8.62978e-13
eigen_elementwise,505,1,0,4,1e-12,0.0100526,0,9.43601e-12,8.6835e-13
eigen_elementwise,506,1,0,4,1e-12,0.00998357,0,7.7307e-12,9.38945e-13
eigen_elementwise,507,1,0,4,1e-12,0.0101601,0,6.48015e-12,8.63499e-13
eigen_elementwise,508,1,0,4,1e-12,0.010239,0,9.89075e-12,8.52011e-13
eigen_elementwise,509,1,0,4,1e-12,0.0101385,0,1.08002e-11,8.87662e-13
eigen_elementwise,510,1,0,4,1e-12,0.0103036,0,7.38964e-12,9.48484e-13
eigen_elementwise,511,1,0,4,1e-12,0.0112664,0,8.18545e-12,8.62833e-13
eigen_elementwise,512,1,0,4,1e-12,0.0114082,0,7.7307e-12,9.0741e-13
eigen_elementwise,513,1,0,4,1e-12,0.0106682,0,1.27329e-11,8.64542e-13
eigen_elementwise,514,1,0,4,1e-12,0.0104244,0,7.7307e-12,8.30848e-13
eigen_elementwise,515,1,0,4,1e-12,0.010437,0,1.50067e-11,9.39682e-13
eigen_elementwise,516,1,0,4,1e-12,0.0103651,0,6.82121e-12,9.61766e-13
eigen_elementwise,517,1,0,4,1e-12,0.0104507,0,9.77707e-12,8.71597e-13
eigen_elementwise,518,1,0,4,1e-12,0.0104834,0,6.9349e-12,9.24011e-13
eigen_elementwise,519,1,0,4,1e-12,0.0105109,0,6.48015e-12,8.41641e-13
eigen_elementwise,520,1,0,4,1e-12,0.0106197,0,7.16227e-12,8.08891e-13
eigen_elementwise,521,1,0,4,1e-12,0.0106728,0,7.95808e-12,9.41155e-13
eigen_elementwise,522,1,0,4,1e-12,0.0106505,0,7.38964e-12,8.86007e-13
eigen_elementwise,523,1,0,4,1e-12,0.0107975,0,1.1255e-11,9.49787e-13
eigen_elementwise,524,1,0,4,1e-12,0.0107689,0,8.18545e-12,9.31238e-13
eigen_elementwise,525,1,0,4,1e-12,0.0107714,0,8.6402e-12,9.03032e-13
eigen_elementwise,526,1,0,4,1e-12,0.0108805,0,1.04592e-11,8.623e-13
eigen_elementwise,527,1,0,4,1e-12,0.0108832,0,7.38964e-12,9.12171e-13
eigen_elementwise,528,1,0,4,1e-12,0.0108428,0,8.52651e-12,9.39107e-13
eigen_elementwise,529,1,0,4,1e-12,0.0110759,0,7.61702e-12,9.20542e-13
eigen_elementwise,530,1,0,4,1e-12,0.0110347,0,8.29914e-12,9.25599e-13
eigen_elementwise,531,1,0,4,1e-12,0.0110205,0,9.20863e-12,9.21705e-13
eigen_elementwise,532,1,0,4,1e-12,0.0111151,0,8.6402e-12,8.94032e-13
eigen_elementwise,533,1,0,4,1e-12,0.0110801,0,7.38964e-12,8.63046e-13
eigen_elementwise,534,1,0,4,1e-12,0.0110971,0,9.43601e-12,8.92885e-13
eigen_elementwise,535,1,0,4,1e-12,0.011207,0,8.52651e-12,9.42156e-13
eigen_elementwise,536,1,0,4,1e-12,0.0113117,0,8.6402e-12,9.75568e-13
eigen_elementwise,537,1,0,4,1e-12,0.0112545,0,1.64846e-11,9.9826e-13
eigen_elementwise,538,1,0,4,1e-12,0.0112726,0,7.84439e-12,7.90789e-13
eigen_elementwise,539,1,0,4,1e-12,0.0113022,0,6.9349e-12,8.59974e-13
eigen_elementwise,540,1,0,4,1e-12,0.0115046,0,1.05729e-11,9.68256e-13
eigen_elementwise,541,1,0,4,1e-12,0.0113812,0,8.29914e-12,8.59941e-13
eigen_elementwise,542,1,0,4,1e-12,0.0115238,0,8.41283e-12,8.73751e-13
eigen_elementwise,543,1,0,4,1e-12,0.0115756,0,1.09139e-11,9.49497e-13
eigen_elementwise,544,1,0,4,1e-12,0.0116666,0,8.18545e-12,8.82676e-13
eigen_elementwise,545,1,0,4,1e-12,0.0116746,0,7.27596e-12,8.63648e-13
eigen_elementwise,546,1,0,4,1e-12,0.0117105,0,1.06866e-11,9.39657e-13
eigen_elementwise,547,1,0,4,1e-12,0.0116666,0,9.32232e-12,9.42492e-13
eigen_elementwise,548,1,0,4,1e-12,0.011789,0,1.40972e-11,9.53511e-13
eigen_elementwise,549,1,0,4,1e-12,0.0118803,0,1.22782e-11,9.10317e-13
eigen_elementwise,550,1,0,4,1e-12,0.0119775,0,8.98126e-12,8.98107e-13
eigen_elementwise,551,1,0,4,1e-12,0.0120401,0,8.86757e-12,9.27568e-13
eigen_elementwise,552,1,0,4,1e-12,0.0119521,0,9.66338e-12,1.0044e-12
eigen_elementwise,553,1,0,4,1e-12,0.0118727,0,9.09495e-12,8.6567e-13
eigen_elementwise,554,1,0,4,1e-12,0.0121957,0,9.66338e-12,7.67774e-13
eigen_elementwise,555,1,0,4,1e-12,0.0120713,0,9.89075e-12,8.92915e-13
eigen_elementwise,556,1,0,4,1e-12,0.0121848,0,9.20863e-12,8.1529e-13
eigen_elementwise,557,1,0,4,1e-12,0.0121906,0,8.07177e-12,8.88201e-13
eigen_elementwise,558,1,0,4,1e-12,0.0121996,0,9.66338e-12,9.14633e-13
eigen_elementwise,559,1,0,4,1e-12,0.0122553,0,8.41283e-12,9.76882e-13
eigen_elementwise,560,1,0,4,1e-12,0.0123703,0,8.18545e-12,8.8368e-13
eigen_elementwise,561,1,0,4,1e-12,0.012491,0,6.9349e-12,8.85772e-13
eigen_elementwise,562,1,0,4,1e-12,0.0124065,0,7.50333e-12,9.13335e-13
eigen_elementwise,563,1,0,4,1e-12,0.0125587,0,8.6402e-12,8.62331e-13
eigen_elementwise,564,1,0,4,1e-12,0.0123487,0,6.48015e-12,8.67605e-13
eigen_elementwise,565,1,0,4,1e-12,0.012611,0,6.59384e-12,9.16173e-13
eigen_elementwise,566,1,0,4,1e-12,0.0120034,0,9.09495e-12,8.29201e-13
eigen_elementwise,567,1,0,4,1e-12,0.0120905,0,9.66338e-12,8.78601e-13
eigen_elementwise,568,1,0,4,1e-12,0.0122737,0,1.00044e-11,8.53245e-13
eigen_elementwise,569,1,0,4,1e-12,0.0122369,0,1.08002e-11,9.15354e-13
eigen_elementwise,570,1,0,4,1e-12,0.012027,0,9.89075e-12,8.66142e-13
eigen_elementwise,571,1,0,4,1e-12,0.012311,0,7.95808e-12,8.85767e-13
eigen_elementwise,572,1,0,4,1e-12,0.0122906,0,8.6402e-12,9.49053e-13
eigen_elementwise,573,1,0,4,1e-12,0.012411,0,6.36646e-12,8.14452e-13
eigen_elementwise,574,1,0,4,1e-12,0.0123671,0,1.04592e-11,9.81267e-13
eigen_elementwise,575,1,0,4,1e-12,0.0124316,0,8.29914e-12,8.93962e-13
eigen_elementwise,576,1,0,4,1e-12,0.0124159,0,8.86757e-12,9.45565e-13
eigen_elementwise,577,1,0,4,1e-12,0.0124717,0,8.86757e-12,9.54753e-13
eigen_elementwise,578,1,0,4,1e-12,0.0125115,0,9.32232e-12,9.45744e-13
eigen_elementwise,579,1,0,4,1e-12,0.0126211,0,1.42109e-11,1.02587e-12
eigen_elementwise,580,1,0,4,1e-12,0.0125397,0,8.29914e-12,9.22888e-13
eigen_elementwise,581,1,0,4,1e-12,0.0126196,0,7.27596e-12,8.51682e-13
eigen_elementwise,582,1,0,4,1e-12,0.0127169,0,1.08002e-11,9.46066e-13
eigen_elementwise,583,1,0,4,1e-12,0.012758,0,9.43601e-12,9.12411e-13
eigen_elementwise,584,1,0,4,1e-12,0.0127927,0,9.54969e-12,9.84321e-13
eigen_elementwise,585,1,0,4,1e-12,0.0129163,0,9.09495e-12,8.58864e-13
eigen_elementwise,586,1,0,4,1e-12,0.0130391,0,1.08002e-11,9.35761e-13
eigen_elementwise,587,1,0,4,1e-12,0.0130085,0,1.3415e-11,9.62304e-13
eigen_elementwise,588,1,0,4,1e-12,0.012896,0,9.32232e-12,8.72798e-13
eigen_elementwise,589,1,0,4,1e-12,0.01307,0,9.77707e-12,9.9061e-13
eigen_elementwise,590,1,0,4,1e-12,0.0131958,0,1.37561e-11,9.70451e-13
eigen_elementwise,591,1,0,4,1e-12,0.0131368,0,9.54969e-12,9.25034e-13
eigen_elementwise,592,1,0,4,1e-12,0.0132113,0,8.29914e-12,9.03536e-13
eigen_elementwise,593,1,0,4,1e-12,0.0133024,0,9.09495e-12,8.90626e-13
eigen_elementwise,594,1,0,4,1e-12,0.0133597,0,1.14824e-11,8.77786e-13
eigen_elementwise,595,1,0,4,1e-12,0.013455,0,9.66338e-12,9.67305e-13
eigen_elementwise,596,1,0,4,1e-12,0.0133876,0,9.20863e-12,8.6891e-13
eigen_elementwise,597,1,0,4,1e-12,0.0133848,0,8.75389e-12,9.0042e-13
eigen_elementwise,598,1,0,4,1e-12,0.0135808,0,1.01181e-11,1.01041e-12
eigen_elementwise,599,1,0,4,1e-12,0.0135557,0,1.26192e-11,9.26085e-13
eigen_elementwise,600,1,0,4,1e-12,0.0135184,0,8.52651e-12,9.04573e-13
eigen_elementwise,601,1,0,4,1e-12,0.0135106,0,1.45519e-11,9.87836e-13
eigen_elementwise,602,1,0,4,1e-12,0.0137371,0,8.41283e-12,1.02678e-12
eigen_elementwise,603,1,0,4,1e-12,0.0137262,0,7.7307e-12,9.42426e-13
eigen_elementwise,604,1,0,4,1e-12,0.013779,0,1.15961e-11,9.06073e-13
eigen_elementwise,605,1,0,4,1e-12,0.0138749,0,6.25278e-12,8.65264e-13
eigen_elementwise,606,1,0,4,1e-12,0.0139109,0,1.27329e-11,9.33503e-13
eigen_elementwise,607,1,0,4,1e-12,0.0138967,0,7.7307e-12,8.83862e-13
eigen_elementwise,608,1,0,4,1e-12,0.0138607,0,7.38964e-12,8.64626e-13
eigen_elementwise,609,1,0,4,1e-12,0.0139576,0,1.08002e-11,1.10127e-12
eigen_elementwise,610,1,0,4,1e-12,0.0140996,0,9.43601e-12,9.57559e-13
eigen_elementwise,611,1,0,4,1e-12,0.0140671,0,8.75389e-12,9.46763e-13
eigen_elementwise,612,1,0,4,1e-12,0.0139847,0,9.89075e-12,9.654e-13
eigen_elementwise,613,1,0,4,1e-12,0.0141611,0,1.3074e-11,8.62948e-13
eigen_elementwise,614,1,0,4,1e-12,0.0142888,0,9.77707e-12,9.44842e-13
eigen_elementwise,615,1,0,4,1e-12,0.0144598,0,8.18545e-12,9.77064e-13
eigen_elementwise,616,1,0,4,1e-12,0.0142056,0,1.01181e-11,9.43568e-13
eigen_elementwise,617,1,0,4,1e-12,0.0145914,0,8.6402e-12,9.34808e-13
eigen_elementwise,618,1,0,4,1e-12,0.0144297,0,1.19371e-11,9.22012e-13
eigen_elementwise,619,1,0,4,1e-12,0.0144804,0,9.77707e-12,9.67194e-13
eigen_elementwise,620,1,0,4,1e-12,0.0144511,0,1.22782e-11,8.63885e-13
eigen_elementwise,621,1,0,4,1e-12,0.0144784,0,1.08002e-11,9.23375e-13
eigen_elementwise,622,1,0,4,1e-12,0.0146837,0,9.20863e-12,9.10559e-13
eigen_elementwise,623,1,0,4,1e-12,0.0147817,0,1.21645e-11,9.04945e-13
eigen_elementwise,624,1,0,4,1e-12,0.0147439,0,1.25056e-11,9.72675e-13
eigen_elementwise,625,1,0,4,1e-12,0.0147108,0,8.18545e-12,8.78618e-13
eigen_elementwise,626,1,0,4,1e-12,0.0149855,0,8.52651e-12,1.04362e-12
eigen_elementwise,627,1,0,4,1e-12,0.0148605,0,1.1255e-11,9.80192e-13
eigen_elementwise,628,1,0,4,1e-12,0.0148818,0,7.38964e-12,8.96661e-13
eigen_elementwise,629,1,0,4,1e-12,0.0155196,0,9.43601e-12,9.62425e-13
eigen_elementwise,630,1,0,4,1e-12,0.0156699,0,9.43601e-12,9.16247e-13
eigen_elementwise,631,1,0,4,1e-12,0.0156882,0,9.89075e-12,9.64049e-13
eigen_elementwise,632,1,0,4,1e-12,0.0157055,0,8.98126e-12,8.69924e-13
eigen_elementwise,633,1,0,4,1e-12,0.0156444,0,9.32232e-12,1.06369e-12
eigen_elementwise,634,1,0,4,1e-12,0.015916,0,8.07177e-12,8.65541e-13
eigen_elementwise,635,1,0,4,1e-12,0.0158616,0,9.54969e-12,8.8016e-13
eigen_elementwise,636,1,0,4,1e-12,0.0159432,0,7.50333e-12,8.84702e-13
eigen_elementwise,637,1,0,4,1e-12,0.0159536,0,1.03455e-11,9.60543e-13
eigen_elementwise,638,1,0,4,1e-12,0.0161393,0,1.14824e-11,9.92299e-13
eigen_elementwise,639,1,0,4,1e-12,0.016001,0,1.21645e-11,8.88621e-13
eigen_elementwise,640,1,0,4,1e-12,0.0160886,0,8.18545e-12,9.17954e-13
eigen_elementwise,641,1,0,4,1e-12,0.0161658,0,9.32232e-12,9.41022e-13
eigen_elementwise,642,1,0,4,1e-12,0.0161444,0,7.61702e-12,8.22073e-13
eigen_elementwise,643,1,0,4,1e-12,0.0159776,0,9.54969e-12,1.00771e-12
eigen_elementwise,644,1,0,4,1e-12,0.0162433,0,9.09495e-12,8.84471e-13
eigen_elementwise,645,1,0,4,1e-12,0.0162929,0,7.61702e-12,8.78685e-13
eigen_elementwise,646,1,0,4,1e-12,0.0165125,0,1.37561e-11,9.51401e-13
eigen_elementwise,647,1,0,4,1e-12,0.0165925,0,1.00044e-11,9.83715e-13
eigen_elementwise,648,1,0,4,1e-12,0.0165377,0,7.50333e-12,9.25082e-13
eigen_elementwise,649,1,0,4,1e-12,0.0166605,0,9.77707e-12,9.38272e-13
eigen_elementwise,650,1,0,4,1e-12,0.0165821,0,9.77707e-12,9.86669e-13
eigen_elementwise,651,1,0,4,1e-12,0.01674,0,6.0254e-12,9.39333e-13
eigen_elementwise,652,1,0,4,1e-12,0.0165737,0,7.95808e-12,9.11476e-13
eigen_elementwise,653,1,0,4,1e-12,0.0168059,0,1.33014e-11,9.62245e-13
eigen_elementwise,654,1,0,4,1e-12,0.0166585,0,1.02318e-11,9.63492e-13
eigen_elementwise,655,1,0,4,1e-12,0.0170419,0,8.29914e-12,9.14603e-13
eigen_elementwise,656,1,0,4,1e-12,0.017051,0,8.98126e-12,9.41441e-13
eigen_elementwise,657,1,0,4,1e-12,0.0168641,0,6.82121e-12,9.47669e-13
eigen_elementwise,658,1,0,4,1e-12,0.0168206,0,7.7307e-12,8.69357e-13
eigen_elementwise,659,1,0,4,1e-12,0.0172142,0,9.09495e-12,9.45077e-13
eigen_elementwise,660,1,0,4,1e-12,0.0170797,0,7.95808e-12,9.3078e-13
eigen_elementwise,661,1,0,4,1e-12,0.0171677,0,9.54969e-12,8.77218e-13
eigen_elementwise,662,1,0,4,1e-12,0.0173839,0,9.54969e-12,1.03041e-12
eigen_elementwise,663,1,0,4,1e-12,0.0173018,0,1.02318e-11,9.16411e-13
eigen_elementwise,664,1,0,4,1e-12,0.0173784,0,9.66338e-12,9.66766e-13
eigen_elementwise,665,1,0,4,1e-12,0.0173849,0,8.6402e-12,8.9453e-13
eigen_elementwise,666,1,0,4,1e-12,0.0174474,0,1.53477e-11,1.0282e-12
eigen_elementwise,667,1,0,4,1e-12,0.0175717,0,1.22782e-11,9.31302e-13
eigen_elementwise,668,1,0,4,1e-12,0.0176647,0,1.01181e-11,9.05358e-13
eigen_elementwise,669,1,0,4,1e-12,0.0177089,0,9.89075e-12,9.47616e-13
eigen_elementwise,670,1,0,4,1e-12,0.0177447,0,8.86757e-12,1.01095e-12
eigen_elementwise,671,1,0,4,1e-12,0.0176502,0,9.09495e-12,1.01794e-12
eigen_elementwise,672,1,0,4,1e-12,0.0173226,0,9.20863e-12,1.03852e-12
eigen_elementwise,673,1,0,4,1e-12,0.0173273,0,8.86757e-12,9.3022e-13
eigen_elementwise,674,1,0,4,1e-12,0.0173897,0,8.98126e-12,1.03022e-12
eigen_elementwise,675,1,0,4,1e-12,0.0174005,0,8.75389e-12,9.04216e-13
eigen_elementwise,676,1,0,4,1e-12,0.017126,0,8.07177e-12,9.78127e-13
eigen_elementwise,677,1,0,4,1e-12,0.0172279,0,1.05729e-11,9.95631e-13
eigen_elementwise,678,1,0,4,1e-12,0.0174148,0,8.18545e-12,9.12102e-13
eigen_elementwise,679,1,0,4,1e-12,0.0175445,0,9.20863e-12,9.48935e-13
eigen_elementwise,680,1,0,4,1e-12,0.0175353,0,1.31877e-11,9.83492e-13
eigen_elementwise,681,1,0,4,1e-12,0.0176154,0,7.84439e-12,9.38686e-13
eigen_elementwise,682,1,0,4,1e-12,0.017774,0,1.56888e-11,9.64201e-13
eigen_elementwise,683,1,0,4,1e-12,0.0177708,0,9.32232e-12,9.0608e-13
eigen_elementwise,684,1,0,4,1e-12,0.017825,0,1.25056e-11,8.84907e-13
eigen_elementwise,685,1,0,4,1e-12,0.0176717,0,1.09139e-11,9.35893e-13
eigen_elementwise,686,1,0,4,1e-12,0.0175739,0,9.09495e-12,1.00758e-12
eigen_elementwise,687,1,0,4,1e-12,0.0180501,0,1.04592e-11,9.61538e-13
eigen_elementwise,688,1,0,4,1e-12,0.0178194,0,1.31877e-11,9.92856e-13
eigen_elementwise,689,1,0,4,1e-12,0.0180102,0,1.10276e-11,8.4635e-13
eigen_elementwise,690,1,0,4,1e-12,0.0179564,0,1.39835e-11,1.03467e-12
eigen_elementwise,691,1,0,4,1e-12,0.0180457,0,9.09495e-12,1.01701e-12
eigen_elementwise,692,1,0,4,1e-12,0.0181486,0,7.38964e-12,1.01673e-12
eigen_elementwise,693,1,0,4,1e-12,0.0182921,0,8.29914e-12,9.32742e-13
eigen_elementwise,694,1,0,4,1e-12,0.0181492,0,8.86757e-12,1.01358e-12
eigen_elementwise,695,1,0,4,1e-12,0.0182183,0,7.61702e-12,8.95124e-13
eigen_elementwise,696,1,0,4,1e-12,0.0183889,0,1.50067e-11,9.13758e-13
eigen_elementwise,697,1,0,4,1e-12,0.018532,0,1.05729e-11,9.54941e-13
eigen_elementwise,698,1,0,4,1e-12,0.0184904,0,9.66338e-12,9.27923e-13
eigen_elementwise,699,1,0,4,1e-12,0.0184881,0,9.66338e-12,9.30712e-13
eigen_elementwise,700,1,0,4,1e-12,0.0184368,0,1.05729e-11,9.03717e-13
eigen_elementwise,701,1,0,4,1e-12,0.0185918,0,9.77707e-12,9.84947e-13
eigen_elementwise,702,1,0,4,1e-12,0.0186504,0,8.29914e-12,9.20589e-13
eigen_elementwise,703,1,0,4,1e-12,0.0187204,0,9.77707e-12,1.02065e-12
eigen_elementwise,704,1,0,4,1e-12,0.0188714,0,8.07177e-12,8.96135e-13
eigen_elementwise,705,1,0,4,1e-12,0.0189418,0,9.66338e-12,9.66444e-13
eigen_elementwise,706,1,0,4,1e-12,0.0189393,0,1.18234e-11,1.02257e-12
eigen_elementwise,707,1,0,4,1e-12,0.0190562,0,8.75389e-12,1.01537e-12
eigen_elementwise,708,1,0,4,1e-12,0.0192429,0,9.32232e-12,1.03939e-12
eigen_elementwise,709,1,0,4,1e-12,0.0190947,0,9.54969e-12,9.68148e-13
eigen_elementwise,710,1,0,4,1e-12,0.0191211,0,1.03455e-11,1.0353e-12
eigen_elementwise,711,1,0,4,1e-12,0.019257,0,8.86757e-12,8.59831e-13
eigen_elementwise,712,1,0,4,1e-12,0.0192943,0,1.33014e-11,9.63156e-13
eigen_elementwise,713,1,0,4,1e-12,0.019269,0,1.42109e-11,1.066e-12
eigen_elementwise,714,1,0,4,1e-12,0.0193731,0,8.18545e-12,9.67015e-13
eigen_elementwise,715,1,0,4,1e-12,0.0195466,0,1.20508e-11,9.82641e-13
eigen_elementwise,716,1,0,4,1e-12,0.0196711,0,7.7307e-12,1.01393e-12
eigen_elementwise,717,1,0,4,1e-12,0.0198012,0,1.21645e-11,9.67989e-13
eigen_elementwise,718,1,0,4,1e-12,0.0196943,0,9.09495e-12,1.03467e-12
eigen_elementwise,719,1,0,4,1e-12,0.0197515,0,9.43601e-12,1.00779e-12
eigen_elementwise,720,1,0,4,1e-12,0.019899,0,1.10276e-11,9.92398e-13
eigen_elementwise,721,1,0,4,1e-12,0.0197755,0,8.07177e-12,9.40419e-13
eigen_elementwise,722,1,0,4,1e-12,0.0198086,0,1.23919e-11,1.09818e-12
eigen_elementwise,723,1,0,4,1e-12,0.0198762,0,8.29914e-12,1.00348e-12
eigen_elementwise,724,1,0,4,1e-12,0.0202031,0,7.16227e-12,9.62064e-13
eigen_elementwise,725,1,0,4,1e-12,0.0200839,0,1.02318e-11,9.97275e-13
eigen_elementwise,726,1,0,4,1e-12,0.0201781,0,1.1255e-11,9.54594e-13
eigen_elementwise,727,1,0,4,1e-12,0.0200946,0,8.86757e-12,9.19282e-13
eigen_elementwise,728,1,0,4,1e-12,0.020365,0,7.95808e-12,1.03638e-12
eigen_elementwise,729,1,0,4,1e-12,0.0201892,0,9.09495e-12,9.43567e-13
eigen_elementwise,730,1,0,4,1e-12,0.0201584,0,9.54969e-12,1.035e-12
eigen_elementwise,731,1,0,4,1e-12,0.0203051,0,1.20508e-11,9.67311e-13
eigen_elementwise,732,1,0,4,1e-12,0.0201092,0,8.98126e-12,9.5558e-13
eigen_elementwise,733,1,0,4,1e-12,0.0202881,0,9.20863e-12,1.013e-12
eigen_elementwise,734,1,0,4,1e-12,0.0201801,0,9.66338e-12,9.88439e-13
eigen_elementwise,735,1,0,4,1e-12,0.0206723,0,1.45519e-11,9.97416e-13
eigen_elementwise,736,1,0,4,1e-12,0.0208193,0,1.25056e-11,9.26576e-13
eigen_elementwise,737,1,0,4,1e-12,0.0203671,0,1.03455e-11,9.90475e-13
eigen_elementwise,738,1,0,4,1e-12,0.020502,0,7.16227e-12,9.88789e-13
eigen_elementwise,739,1,0,4,1e-12,0.0205791,0,1.29603e-11,8.94536e-13
eigen_elementwise,740,1,0,4,1e-12,0.0206536,0,9.54969e-12,1.03502e-12
eigen_elementwise,741,1,0,4,1e-12,0.0207958,0,1.02318e-11,9.81084e-13
eigen_elementwise,742,1,0,4,1e-12,0.0207269,0,1.00044e-11,9.62123e-13
eigen_elementwise,743,1,0,4,1e-12,0.0208039,0,9.20863e-12,9.34387e-13
eigen_elementwise,744,1,0,4,1e-12,0.0208721,0,1.4893e-11,1.04618e-12
eigen_elementwise,745,1,0,4,1e-12,0.0214487,0,1.3415e-11,1.02836e-12
eigen_elementwise,746,1,0,4,1e-12,0.0209634,0,1.37561e-11,9.30366e-13
eigen_elementwise,747,1,0,4,1e-12,0.0211392,0,1.19371e-11,9.92726e-13
eigen_elementwise,748,1,0,4,1e-12,0.0211495,0,1.23919e-11,9.87482e-13
eigen_elementwise,749,1,0,4,1e-12,0.0212438,0,1.11413e-11,1.01348e-12
eigen_elementwise,750,1,0,4,1e-12,0.0210703,0,9.43601e-12,9.62786e-13
eigen_elementwise,751,1,0,4,1e-12,0.0214859,0,1.02318e-11,9.72359e-13
eigen_elementwise,752,1,0,4,1e-12,0.0212528,0,1.01181e-11,9.9376e-13
eigen_elementwise,753,1,0,4,1e-12,0.0213964,0,1.3415e-11,9.9925e-13
eigen_elementwise,754,1,0,4,1e-12,0.0214444,0,1.44382e-11,1.02597e-12
eigen_elementwise,755,1,0,4,1e-12,0.0214119,0,9.54969e-12,9.67469e-13
eigen_elementwise,756,1,0,4,1e-12,0.0216043,0,1.02318e-11,1.02938e-12
eigen_elementwise,757,1,0,4,1e-12,0.0214812,0,9.54969e-12,1.00741e-12
eigen_elementwise,758,1,0,4,1e-12,0.021786,0,1.35287e-11,9.72691e-13
eigen_elementwise,759,1,0,4,1e-12,0.0218216,0,1.3074e-11,9.09861e-13
eigen_elementwise,760,1,0,4,1e-12,0.0215974,0,7.61702e-12,1.01687e-12
eigen_elementwise,761,1,0,4,1e-12,0.0217158,0,8.86757e-12,1.00515e-12
eigen_elementwise,762,1,0,4,1e-12,0.0221075,0,1.00044e-11,1.01389e-12
eigen_elementwise,763,1,0,4,1e-12,0.0220568,0,1.23919e-11,1.04097e-12
eigen_elementwise,764,1,0,4,1e-12,0.0214578,0,1.59162e-11,1.06727e-12
eigen_elementwise,765,1,0,4,1e-12,0.0213696,0,1.06866e-11,9.9256e-13
eigen_elementwise,766,1,0,4,1e-12,0.0216029,0,1.55751e-11,1.07213e-12
eigen_elementwise,767,1,0,4,1e-12,0.022476,0,1.06866e-11,9.8976e-13
eigen_elementwise,768,1,0,4,1e-12,0.0220011,0,1.08002e-11,9.8735e-13
eigen_elementwise,769,1,0,4,1e-12,0.0217796,0,8.07177e-12,9.83811e-13
eigen_elementwise,770,1,0,4,1e-12,0.0217279,0,1.21645e-11,1.00289e-12
eigen_elementwise,771,1,0,4,1e-12,0.0217592,0,1.25056e-11,9.56325e-13
eigen_elementwise,772,1,0,4,1e-12,0.0216625,0,1.3074e-11,1.01322e-12
eigen_elementwise,773,1,0,4,1e-12,0.0220001,0,1.26192e-11,9.71393e-13
eigen_elementwise,774,1,0,4,1e-12,0.021863,0,1.06866e-11,9.37666e-13
eigen_elementwise,775,1,0,4,1e-12,0.0219214,0,1.08002e-11,9.79702e-13
eigen_elementwise,776,1,0,4,1e-12,0.0220507,0,1.00044e-11,9.70209e-13
eigen_elementwise,777,1,0,4,1e-12,0.0219849,0,9.43601e-12,9.93338e-13
eigen_elementwise,778,1,0,4,1e-12,0.0221364,0,1.00044e-11,1.00327e-12
eigen_elementwise,779,1,0,4,1e-12,0.0222611,0,9.54969e-12,9.66761e-13
eigen_elementwise,780,1,0,4,1e-12,0.0223224,0,8.6402e-12,1.00854e-12
eigen_elementwise,781,1,0,4,1e-12,0.0224967,0,8.41283e-12,1.0327e-12
eigen_elementwise,782,1,0,4,1e-12,0.0224424,0,1.02318e-11,1.0337e-12
eigen_elementwise,783,1,0,4,1e-12,0.0225082,0,1.17097e-11,9.92445e-13
eigen_elementwise,784,1,0,4,1e-12,0.0223502,0,7.61702e-12,9.50345e-13
eigen_elementwise,785,1,0,4,1e-12,0.0224519,0,1.19371e-11,9.70374e-13
eigen_elementwise,786,1,0,4,1e-12,0.022662,0,1.04592e-11,9.82253e-13
eigen_elementwise,787,1,0,4,1e-12,0.0226712,0,1.08002e-11,9.9348e-13
eigen_elementwise,788,1,0,4,1e-12,0.0225368,0,1.10276e-11,9.99317e-13
eigen_elementwise,789,1,0,4,1e-12,0.0228112,0,1.06866e-11,9.37058e-13
eigen_elementwise,790,1,0,4,1e-12,0.0228091,0,1.23919e-11,9.32776e-13
eigen_elementwise,791,1,0,4,1e-12,0.0227012,0,1.23919e-11,1.01177e-12
eigen_elementwise,792,1,0,4,1e-12,0.0230521,0,1.03455e-11,9.90025e-13
eigen_elementwise,793,1,0,4,1e-12,0.0230914,0,1.11413e-11,9.73122e-13
eigen_elementwise,794,1,0,4,1e-12,0.0230825,0,9.77707e-12,1.03383e-12
eigen_elementwise,795,1,0,4,1e-12,0.0232739,0,1.25056e-11,1.04256e-12
eigen_elementwise,796,1,0,4,1e-12,0.0232704,0,9.20863e-12,9.9356e-13
eigen_elementwise,797,1,0,4,1e-12,0.0232721,0,1.09139e-11,1.03197e-12
eigen_elementwise,798,1,0,4,1e-12,0.0231491,0,9.54969e-12,1.00886e-12
eigen_elementwise,799,1,0,4,1e-12,0.0233452,0,2.19416e-11,1.15491e-12
eigen_elementwise,800,1,0,4,1e-12,0.0235737,0,1.08002e-11,1.08997e-12
eigen_elementwise,801,1,0,4,1e-12,0.0235197,0,1.25056e-11,1.08237e-12
eigen_elementwise,802,1,0,4,1e-12,0.0235377,0,8.6402e-12,9.29294e-13
eigen_elementwise,803,1,0,4,1e-12,0.0235701,0,7.95808e-12,9.63646e-13
eigen_elementwise,804,1,0,4,1e-12,0.0237378,0,1.05729e-11,1.05014e-12
eigen_elementwise,805,1,0,4,1e-12,0.0239372,0,9.54969e-12,9.71886e-13
eigen_elementwise,806,1,0,4,1e-12,0.0238874,0,8.75389e-12,9.641e-13
eigen_elementwise,807,1,0,4,1e-12,0.0237911,0,1.37561e-11,1.01256e-12
eigen_elementwise,808,1,0,4,1e-12,0.0239567,0,1.38698e-11,1.03675e-12
eigen_elementwise,809,1,0,4,1e-12,0.0237711,0,8.98126e-12,1.02284e-12
eigen_elementwise,810,1,0,4,1e-12,0.0240529,0,7.27596e-12,9.05638e-13
eigen_elementwise,811,1,0,4,1e-12,0.0249313,0,1.26192e-11,1.01193e-12
eigen_elementwise,812,1,0,4,1e-12,0.0249811,0,1.04592e-11,9.94831e-13
eigen_elementwise,813,1,0,4,1e-12,0.0252938,0,1.53477e-11,1.11127e-12
eigen_elementwise,814,1,0,4,1e-12,0.0244634,0,1.09139e-11,1.01251e-12
eigen_elementwise,815,1,0,4,1e-12,0.0250694,0,7.50333e-12,1.01046e-12
eigen_elementwise,816,1,0,4,1e-12,0.0251188,0,1.4893e-11,1.08007e-12
eigen_elementwise,817,1,0,4,1e-12,0.0255375,0,1.22782e-11,1.00073e-12
eigen_elementwise,818,1,0,4,1e-12,0.0253298,0,7.84439e-12,1.04378e-12
eigen_elementwise,819,1,0,4,1e-12,0.0252768,0,7.27596e-12,9.96417e-13
eigen_elementwise,820,1,0,4,1e-12,0.0257437,0,1.05729e-11,1.10735e-12
eigen_elementwise,821,1,0,4,1e-12,0.0259683,0,1.38698e-11,1.03342e-12
eigen_elementwise,822,1,0,4,1e-12,0.0256195,0,9.20863e-12,9.70145e-13
eigen_elementwise,823,1,0,4,1e-12,0.0261299,0,1.01181e-11,1.01705e-12
eigen_elementwise,824,1,0,4,1e-12,0.0256174,0,7.95808e-12,1.02928e-12
eigen_elementwise,825,1,0,4,1e-12,0.0260658,0,1.53477e-11,9.78429e-13
eigen_elementwise,826,1,0,4,1e-12,0.0262245,0,1.36424e-11,1.08867e-12
eigen_elementwise,827,1,0,4,1e-12,0.0261467,0,1.27329e-11,9.91163e-13
eigen_elementwise,828,1,0,4,1e-12,0.0262853,0,1.43245e-11,1.05361e-12
eigen_elementwise,829,1,0,4,1e-12,0.0263323,0,1.23919e-11,9.88916e-13
eigen_elementwise,830,1,0,4,1e-12,0.0263305,0,1.33014e-11,1.02548e-12
eigen_elementwise,831,1,0,4,1e-12,0.0267258,0,1.10276e-11,9.7443e-13
eigen_elementwise,832,1,0,4,1e-12,0.0265461,0,1.03455e-11,1.06614e-12
eigen_elementwise,833,1,0,4,1e-12,0.0265469,0,1.39835e-11,9.87761e-13
eigen_elementwise,834,1,0,4,1e-12,0.0265246,0,8.29914e-12,8.71868e-13
eigen_elementwise,835,1,0,4,1e-12,0.026745,0,8.86757e-12,9.90707e-13
eigen_elementwise,836,1,0,4,1e-12,0.0268308,0,8.29914e-12,1.00142e-12
eigen_elementwise,837,1,0,4,1e-12,0.02667,0,1.14824e-11,1.0218e-12
eigen_elementwise,838,1,0,4,1e-12,0.0267935,0,1.01181e-11,1.01173e-12
eigen_elementwise,839,1,0,4,1e-12,0.027078,0,1.59162e-11,1.03775e-12
eigen_elementwise,840,1,0,4,1e-12,0.0268308,0,9.54969e-12,1.03635e-12
eigen_elementwise,841,1,0,4,1e-12,0.0266305,0,1.72804e-11,9.9978e-13
eigen_elementwise,842,1,0,4,1e-12,0.0269681,0,1.76215e-11,1.04027e-12
eigen_elementwise,843,1,0,4,1e-12,0.0271883,0,1.05729e-11,9.87596e-13
eigen_elementwise,844,1,0,4,1e-12,0.0269908,0,1.10276e-11,9.6004e-13
eigen_elementwise,845,1,0,4,1e-12,0.0268159,0,1.14824e-11,9.98682e-13
eigen_elementwise,846,1,0,4,1e-12,0.0265909,0,9.09495e-12,1.01543e-12
eigen_elementwise,847,1,0,4,1e-12,0.0270259,0,1.19371e-11,1.06137e-12
eigen_elementwise,848,1,0,4,1e-12,0.0268516,0,1.46656e-11,9.52451e-13
eigen_elementwise,849,1,0,4,1e-12,0.0270801,0,1.28466e-11,1.04807e-12
eigen_elementwise,850,1,0,4,1e-12,0.0270306,0,1.02318e-11,1.0078e-12
eigen_elementwise,851,1,0,4,1e-12,0.0270638,0,1.3074e-11,9.94938e-13
eigen_elementwise,852,1,0,4,1e-12,0.027086,0,9.43601e-12,9.98997e-13
eigen_elementwise,853,1,0,4,1e-12,0.027207,0,1.09139e-11,1.08664e-12
eigen_elementwise,854,1,0,4,1e-12,0.0270469,0,1.26192e-11,1.16738e-12
eigen_elementwise,855,1,0,4,1e-12,0.0269495,0,1.10276e-11,1.05212e-12
eigen_elementwise,856,1,0,4,1e-12,0.0272276,0,1.23919e-11,1.05013e-12
eigen_elementwise,857,1,0,4,1e-12,0.0272374,0,8.98126e-12,1.006e-12
eigen_elementwise,858,1,0,4,1e-12,0.0272478,0,1.43245e-11,1.01562e-12
eigen_elementwise,859,1,0,4,1e-12,0.0274566,0,1.39835e-11,1.05553e-12
eigen_elementwise,860,1,0,4,1e-12,0.0277036,0,1.05729e-11,9.79312e-13
eigen_elementwise,861,1,0,4,1e-12,0.0275596,0,1.44382e-11,1.04025e-12
eigen_elementwise,862,1,0,4,1e-12,0.0278802,0,9.77707e-12,1.00667e-12
eigen_elementwise,863,1,0,4,1e-12,0.027716,0,1.27329e-11,1.04306e-12
eigen_elementwise,864,1,0,4,1e-12,0.0277348,0,1.00044e-11,1.0742e-12
eigen_elementwise,865,1,0,4,1e-12,0.0276514,0,1.55751e-11,1.03496e-12
eigen_elementwise,866,1,0,4,1e-12,0.0280785,0,8.41283e-12,1.00693e-12
eigen_elementwise,867,1,0,4,1e-12,0.0279655,0,9.54969e-12,9.91676e-13
eigen_elementwise,868,1,0,4,1e-12,0.0280674,0,2.12594e-11,1.03134e-12
eigen_elementwise,869,1,0,4,1e-12,0.0281699,0,9.66338e-12,1.01872e-12
eigen_elementwise,870,1,0,4,1e-12,0.0281484,0,2.18279e-11,1.0945e-12
eigen_elementwise,871,1,0,4,1e-12,0.0283106,0,1.22782e-11,1.08895e-12
eigen_elementwise,872,1,0,4,1e-12,0.0283905,0,1.04592e-11,9.55833e-13
eigen_elementwise,873,1,0,4,1e-12,0.0281049,0,1.00044e-11,1.01919e-12
eigen_elementwise,874,1,0,4,1e-12,0.0283763,0,1.5234e-11,1.07494e-12
eigen_elementwise,875,1,0,4,1e-12,0.0283904,0,1.37561e-11,1.05915e-12
eigen_elementwise,876,1,0,4,1e-12,0.0282128,0,1.11413e-11,9.96061e-13
eigen_elementwise,877,1,0,4,1e-12,0.0286652,0,1.1255e-11,1.08593e-12
eigen_elementwise,878,1,0,4,1e-12,0.0288618,0,1.36424e-11,1.07799e-12
eigen_elementwise,879,1,0,4,1e-12,0.028755,0,1.18234e-11,1.02269e-12
eigen_elementwise,880,1,0,4,1e-12,0.0290111,0,1.17097e-11,1.05272e-12
eigen_elementwise,881,1,0,4,1e-12,0.0290159,0,1.40972e-11,1.05631e-12
eigen_elementwise,882,1,0,4,1e-12,0.0293505,0,1.7053e-11,1.0467e-12
eigen_elementwise,883,1,0,4,1e-12,0.0284045,0,1.38698e-11,1.07868e-12
eigen_elementwise,884,1,0,4,1e-12,0.029141,0,8.98126e-12,1.10881e-12
eigen_elementwise,885,1,0,4,1e-12,0.0287545,0,9.89075e-12,1.10492e-12
eigen_elementwise,886,1,0,4,1e-12,0.0286876,0,1.38698e-11,1.0742e-12
eigen_elementwise,887,1,0,4,1e-12,0.0290018,0,1.01181e-11,1.01364e-12
eigen_elementwise,888,1,0,4,1e-12,0.0288708,0,1.33014e-11,1.01075e-12
eigen_elementwise,889,1,0,4,1e-12,0.0288408,0,9.20863e-12,1.04408e-12
eigen_elementwise,890,1,0,4,1e-12,0.0289968,0,1.13687e-11,1.03326e-12
eigen_elementwise,891,1,0,4,1e-12,0.0292223,0,1.14824e-11,9.98905e-13
eigen_elementwise,892,1,0,4,1e-12,0.0295935,0,1.65983e-11,1.05688e-12
eigen_elementwise,893,1,0,4,1e-12,0.0293881,0,1.3074e-11,1.03237e-12
eigen_elementwise,894,1,0,4,1e-12,0.0297504,0,1.23919e-11,1.01527e-12
eigen_elementwise,895,1,0,4,1e-12,0.0300104,0,1.59162e-11,1.10655e-12
eigen_elementwise,896,1,0,4,1e-12,0.0298656,0,1.5234e-11,1.04153e-12
eigen_elementwise,897,1,0,4,1e-12,0.029335,0,9.43601e-12,9.77881e-13
eigen_elementwise,898,1,0,4,1e-12,0.0300875,0,1.04592e-11,1.14851e-12
eigen_elementwise,899,1,0,4,1e-12,0.0297126,0,1.06866e-11,1.00915e-12
eigen_elementwise,900,1,0,4,1e-12,0.0298589,0,1.22782e-11,1.06579e-12
eigen_elementwise,901,1,0,4,1e-12,0.0297153,0,1.03455e-11,1.01779e-12
eigen_elementwise,902,1,0,4,1e-12,0.029785,0,1.18234e-11,1.06862e-12
eigen_elementwise,903,1,0,4,1e-12,0.0300412,0,1.84173e-11,9.94403e-13
eigen_elementwise,904,1,0,4,1e-12,0.0301726,0,1.40972e-11,1.00314e-12
eigen_elementwise,905,1,0,4,1e-12,0.030157,0,8.98126e-12,1.03897e-12
eigen_elementwise,906,1,0,4,1e-12,0.030241,0,1.21645e-11,9.97281e-13
eigen_elementwise,907,1,0,4,1e-12,0.0303059,0,1.13687e-11,1.12949e-12
eigen_elementwise,908,1,0,4,1e-12,0.0304793,0,1.83036e-11,1.02032e-12
eigen_elementwise,909,1,0,4,1e-12,0.0303888,0,1.20508e-11,1.06016e-12
eigen_elementwise,910,1,0,4,1e-12,0.0306008,0,1.56888e-11,1.03816e-12
eigen_elementwise,911,1,0,4,1e-12,0.0306349,0,1.01181e-11,1.04279e-12
eigen_elementwise,912,1,0,4,1e-12,0.0307444,0,9.77707e-12,1.02714e-12
eigen_elementwise,913,1,0,4,1e-12,0.0303125,0,9.66338e-12,9.77154e-13
eigen_elementwise,914,1,0,4,1e-12,0.030944,0,1.37561e-11,9.62975e-13
eigen_elementwise,915,1,0,4,1e-12,0.030917,0,1.43245e-11,1.05786e-12
eigen_elementwise,916,1,0,4,1e-12,0.0312423,0,1.40972e-11,1.14176e-12
eigen_elementwise,917,1,0,4,1e-12,0.0309481,0,1.43245e-11,9.79466e-13
eigen_elementwise,918,1,0,4,1e-12,0.0312244,0,1.06866e-11,9.76249e-13
eigen_elementwise,919,1,0,4,1e-12,0.0308335,0,1.4893e-11,1.03448e-12
eigen_elementwise,920,1,0,4,1e-12,0.0306495,0,1.08002e-11,1.05094e-12
eigen_elementwise,921,1,0,4,1e-12,0.0304957,0,1.09139e-11,1.00476e-12
eigen_elementwise,922,1,0,4,1e-12,0.03114,0,8.18545e-12,1.01938e-12
eigen_elementwise,923,1,0,4,1e-12,0.0306897,0,1.13687e-11,1.03177e-12
eigen_elementwise,924,1,0,4,1e-12,0.0304726,0,1.26192e-11,1.06579e-12
eigen_elementwise,925,1,0,4,1e-12,0.0307051,0,1.23919e-11,1.06152e-12
eigen_elementwise,926,1,0,4,1e-12,0.0308794,0,1.47793e-11,1.04203e-12
eigen_elementwise,927,1,0,4,1e-12,0.0308051,0,1.04592e-11,1.04678e-12
eigen_elementwise,928,1,0,4,1e-12,0.031268,0,9.66338e-12,1.11308e-12
eigen_elementwise,929,1,0,4,1e-12,0.0311353,0,1.58025e-11,1.09185e-12
eigen_elementwise,930,1,0,4,1e-12,0.0312687,0,9.77707e-12,1.06918e-12
eigen_elementwise,931,1,0,4,1e-12,0.0314851,0,1.11413e-11,1.03281e-12
eigen_elementwise,932,1,0,4,1e-12,0.0312766,0,1.77351e-11,1.01471e-12
eigen_elementwise,933,1,0,4,1e-12,0.0311656,0,1.39835e-11,1.05285e-12
eigen_elementwise,934,1,0,4,1e-12,0.0319001,0,1.35287e-11,1.14748e-12
eigen_elementwise,935,1,0,4,1e-12,0.0318206,0,1.46656e-11,1.00855e-12
eigen_elementwise,936,1,0,4,1e-12,0.03162,0,1.64846e-11,1.05599e-12
eigen_elementwise,937,1,0,4,1e-12,0.0316467,0,1.23919e-11,1.01204e-12
eigen_elementwise,938,1,0,4,1e-12,0.0319401,0,1.56888e-11,1.05936e-12
eigen_elementwise,939,1,0,4,1e-12,0.0320307,0,1.03455e-11,1.06903e-12
eigen_elementwise,940,1,0,4,1e-12,0.0320522,0,1.40972e-11,1.02233e-12
eigen_elementwise,941,1,0,4,1e-12,0.0323463,0,9.89075e-12,9.40929e-13
eigen_elementwise,942,1,0,4,1e-12,0.0319487,0,1.42109e-11,9.95003e-13
eigen_elementwise,943,1,0,4,1e-12,0.0322465,0,1.08002e-11,1.09776e-12
eigen_elementwise,944,1,0,4,1e-12,0.0321727,0,1.11413e-11,1.05728e-12
eigen_elementwise,945,1,0,4,1e-12,0.031831,0,1.35287e-11,1.06485e-12
eigen_elementwise,946,1,0,4,1e-12,0.0320935,0,1.31877e-11,9.85012e-13
eigen_elementwise,947,1,0,4,1e-12,0.0323417,0,1.68257e-11,1.0543e-12
eigen_elementwise,948,1,0,4,1e-12,0.032812,0,1.43245e-11,1.08459e-12
eigen_elementwise,949,1,0,4,1e-12,0.0323491,0,1.23919e-11,1.04509e-12
eigen_elementwise,950,1,0,4,1e-12,0.0329262,0,9.09495e-12,1.12595e-12
eigen_elementwise,951,1,0,4,1e-12,0.0330749,0,9.20863e-12,1.07101e-12
eigen_elementwise,952,1,0,4,1e-12,0.0327612,0,1.63709e-11,9.91987e-13
eigen_elementwise,953,1,0,4,1e-12,0.0328613,0,1.3074e-11,1.08837e-12
eigen_elementwise,954,1,0,4,1e-12,0.0326837,0,9.66338e-12,9.66274e-13
eigen_elementwise,955,1,0,4,1e-12,0.0328787,0,1.11413e-11,1.11327e-12
eigen_elementwise,956,1,0,4,1e-12,0.0330158,0,1.21645e-11,9.91528e-13
eigen_elementwise,957,1,0,4,1e-12,0.0328248,0,8.98126e-12,1.05765e-12
eigen_elementwise,958,1,0,4,1e-12,0.0330668,0,1.03455e-11,1.0893e-12
eigen_elementwise,959,1,0,4,1e-12,0.0338761,0,1.29603e-11,1.07111e-12
eigen_elementwise,960,1,0,4,1e-12,0.0340832,0,1.75078e-11,1.08028e-12
eigen_elementwise,961,1,0,4,1e-12,0.0339647,0,1.21645e-11,1.1094e-12
eigen_elementwise,962,1,0,4,1e-12,0.0339931,0,1.04592e-11,1.01469e-12
eigen_elementwise,963,1,0,4,1e-12,0.033805,0,1.18234e-11,9.94127e-13
eigen_elementwise,964,1,0,4,1e-12,0.0342812,0,1.27329e-11,1.05173e-12
eigen_elementwise,965,1,0,4,1e-12,0.0340635,0,8.6402e-12,1.00789e-12
eigen_elementwise,966,1,0,4,1e-12,0.0341461,0,1.11413e-11,1.02096e-12
eigen_elementwise,967,1,0,4,1e-12,0.0345057,0,1.17097e-11,1.09518e-12
eigen_elementwise,968,1,0,4,1e-12,0.0342706,0,1.13687e-11,1.05711e-12
eigen_elementwise,969,1,0,4,1e-12,0.0345808,0,1.33014e-11,1.05627e-12
eigen_elementwise,970,1,0,4,1e-12,0.0348858,0,1.13687e-11,1.02454e-12
eigen_elementwise,971,1,0,4,1e-12,0.0348562,0,9.89075e-12,1.1108e-12
eigen_elementwise,972,1,0,4,1e-12,0.0347523,0,1.90994e-11,1.19118e-12
eigen_elementwise,973,1,0,4,1e-12,0.0347337,0,9.54969e-12,1.10069e-12
eigen_elementwise,974,1,0,4,1e-12,0.0349453,0,1.13687e-11,1.01689e-12
eigen_elementwise,975,1,0,4,1e-12,0.0352461,0,1.44382e-11,1.069e-12
eigen_elementwise,976,1,0,4,1e-12,0.035182,0,1.06866e-11,1.08633e-12
eigen_elementwise,977,1,0,4,1e-12,0.035298,0,1.04592e-11,1.03432e-12
eigen_elementwise,978,1,0,4,1e-12,0.0353047,0,1.02318e-11,1.12214e-12
eigen_elementwise,979,1,0,4,1e-12,0.0352584,0,1.10276e-11,1.05885e-12
eigen_elementwise,980,1,0,4,1e-12,0.0355414,0,1.13687e-11,1.03911e-12
eigen_elementwise,981,1,0,4,1e-12,0.0352945,0,2.20552e-11,1.07157e-12
eigen_elementwise,982,1,0,4,1e-12,0.0357691,0,9.43601e-12,1.08563e-12
eigen_elementwise,983,1,0,4,1e-12,0.0356378,0,1.27329e-11,1.08055e-12
eigen_elementwise,984,1,0,4,1e-12,0.0355692,0,1.17097e-11,1.07732e-12
eigen_elementwise,985,1,0,4,1e-12,0.0357085,0,9.09495e-12,1.0866e-12
eigen_elementwise,986,1,0,4,1e-12,0.0357996,0,1.20508e-11,1.08407e-12
eigen_elementwise,987,1,0,4,1e-12,0.0357167,0,9.77707e-12,9.66096e-13
eigen_elementwise,988,1,0,4,1e-12,0.0354536,0,1.69393e-11,1.08176e-12
eigen_elementwise,989,1,0,4,1e-12,0.0352689,0,1.27329e-11,9.97366e-13
eigen_elementwise,990,1,0,4,1e-12,0.0355993,0,1.20508e-11,1.20667e-12
eigen_elementwise,991,1,0,4,1e-12,0.0354301,0,1.45519e-11,1.04322e-12
eigen_elementwise,992,1,0,4,1e-12,0.0360584,0,1.20508e-11,1.0127e-12
eigen_elementwise,993,1,0,4,1e-12,0.035686,0,1.13687e-11,1.07633e-12
eigen_elementwise,994,1,0,4,1e-12,0.0354388,0,1.17097e-11,1.0428e-12
eigen_elementwise,995,1,0,4,1e-12,0.0358909,0,1.23919e-11,1.1564e-12
eigen_elementwise,996,1,0,4,1e-12,0.035894,0,1.13687e-11,1.1153e-12
eigen_elementwise,997,1,0,4,1e-12,0.0356763,0,1.3074e-11,1.08373e-12
eigen_elementwise,998,1,0,4,1e-12,0.0361083,0,1.63709e-11,1.05592e-12
eigen_elementwise,999,1,0,4,1e-12,0.0359611,0,1.13687e-11,1.07338e-12
eigen_elementwise,1000,1,0,4,1e-12,0.0361476,0,1.09139e-11,1.08517e-12
