version, size, hermitian, complex, seed, tol, runtime in s,min_error, max_error, avg_error
eigen_elementwise,1,1,0,10,1e-12,1.886e-06,0,0,0
eigen_elementwise,2,1,0,10,1e-12,2.864e-06,0,5.68434e-14,2.84217e-14
eigen_elementwise,3,1,0,10,1e-12,1.886e-06,5.68434e-14,3.41061e-13,1.89478e-13
eigen_elementwise,4,1,0,10,1e-12,2.375e-06,0,1.13687e-13,8.52651e-14
eigen_elementwise,5,1,0,10,1e-12,2.864e-06,1.13687e-13,2.27374e-13,1.7053e-13
eigen_elementwise,6,1,0,10,1e-12,3.283e-06,7.81597e-14,9.09495e-13,2.8777e-13
eigen_elementwise,7,1,0,10,1e-12,3.841e-06,0,3.41061e-13,1.41093e-13
eigen_elementwise,8,1,0,10,1e-12,4.749e-06,0,7.95808e-13,2.4869e-13
eigen_elementwise,9,1,0,10,1e-12,5.727e-06,7.10543e-15,4.54747e-13,2.27571e-13
eigen_elementwise,10,1,0,10,1e-12,6.565e-06,0,6.82121e-13,2.42828e-13
eigen_elementwise,11,1,0,10,1e-12,7.543e-06,0,4.54747e-13,2.33026e-13
eigen_elementwise,12,1,0,10,1e-12,8.869e-06,0,1.02318e-12,4.80505e-13
eigen_elementwise,13,1,0,10,1e-12,9.428e-06,0,5.68434e-13,2.54429e-13
eigen_elementwise,14,1,0,10,1e-12,9.987e-06,2.13163e-14,3.97904e-13,2.08088e-13
eigen_elementwise,15,1,0,10,1e-12,1.2362e-05,2.84217e-14,7.95808e-13,2.36255e-13
eigen_elementwise,16,1,0,10,1e-12,1.3829e-05,0,1.02318e-12,3.83471e-13
eigen_elementwise,17,1,0,10,1e-12,1.6063e-05,0,2.27374e-12,5.63419e-13
eigen_elementwise,18,1,0,10,1e-12,1.6692e-05,0,1.47793e-12,3.57048e-13
eigen_elementwise,19,1,0,10,1e-12,1.8089e-05,6.92779e-14,6.82121e-13,2.61311e-13
eigen_elementwise,20,1,0,10,1e-12,1.9136e-05,0,1.93268e-12,4.49241e-13
eigen_elementwise,21,1,0,10,1e-12,2.207e-05,3.19744e-14,2.04636e-12,5.63359e-13
eigen_elementwise,22,1,0,10,1e-12,2.2769e-05,0,7.95808e-13,2.46994e-13
eigen_elementwise,23,1,0,10,1e-12,2.5213e-05,0,9.09495e-13,2.68771e-13
eigen_elementwise,24,1,0,10,1e-12,2.7657e-05,0,1.81899e-12,5.41345e-13
eigen_elementwise,25,1,0,10,1e-12,2.8565e-05,0,1.36424e-12,3.60245e-13
eigen_elementwise,26,1,0,10,1e-12,3.1499e-05,0,2.27374e-12,3.96606e-13
eigen_elementwise,27,1,0,10,1e-12,3.2476e-05,0,2.27374e-12,4.18431e-13
eigen_elementwise,28,1,0,10,1e-12,3.5689e-05,0,2.27374e-12,4.44343e-13
eigen_elementwise,29,1,0,10,1e-12,3.8552e-05,0,1.47793e-12,3.51167e-13
eigen_elementwise,30,1,0,10,1e-12,4.2114e-05,0,2.38742e-12,3.7564e-13
eigen_elementwise,31,1,0,10,1e-12,4.2324e-05,0,1.36424e-12,3.89939e-13
eigen_elementwise,32,1,0,10,1e-12,4.3372e-05,0,1.7053e-12,4.55525e-13
eigen_elementwise,33,1,0,10,1e-12,4.5397e-05,0,1.36424e-12,3.83047e-13
eigen_elementwise,34,1,0,10,1e-12,5.1124e-05,0,1.59162e-12,3.51562e-13
eigen_elementwise,35,1,0,10,1e-12,5.1333e-05,0,2.16005e-12,5.70515e-13
eigen_elementwise,36,1,0,10,1e-12,5.4336e-05,0,1.25056e-12,4.05947e-13
eigen_elementwise,37,1,0,10,1e-12,5.7689e-05,0,1.59162e-12,4.44809e-13
eigen_elementwise,38,1,0,10,1e-12,6.2299e-05,0,2.16005e-12,4.67416e-13
eigen_elementwise,39,1,0,10,1e-12,6.9143e-05,0,1.7053e-12,4.49737e-13
eigen_elementwise,40,1,0,10,1e-12,6.9213e-05,0,2.27374e-12,3.98392e-13
eigen_elementwise,41,1,0,10,1e-12,7.3124e-05,0,1.47793e-12,4.41923e-13
eigen_elementwise,42,1,0,10,1e-12,7.5359e-05,0,1.7053e-12,4.87906e-13
eigen_elementwise,43,1,0,10,1e-12,8.395e-05,0,1.25056e-12,4.02118e-13
eigen_elementwise,44,1,0,10,1e-12,7.906e-05,0,1.7053e-12,4.0513e-13
eigen_elementwise,45,1,0,10,1e-12,8.7302e-05,0,2.50111e-12,4.96314e-13
eigen_elementwise,46,1,0,10,1e-12,9.254e-05,0,2.27374e-12,4.78072e-13
eigen_elementwise,47,1,0,10,1e-12,9.2051e-05,0,1.7053e-12,3.77721e-13
eigen_elementwise,48,1,0,10,1e-12,9.7568e-05,0,3.41061e-12,5.49856e-13
eigen_elementwise,49,1,0,10,1e-12,9.7917e-05,0,2.72848e-12,5.49946e-13
eigen_elementwise,50,1,0,10,1e-12,0.000109581,0,2.04636e-12,4.71161e-13
eigen_elementwise,51,1,0,10,1e-12,0.000112166,0,1.36424e-12,3.2678e-13
eigen_elementwise,52,1,0,10,1e-12,0.000112934,0,1.81899e-12,3.84308e-13
eigen_elementwise,53,1,0,10,1e-12,0.00011866,0,1.81899e-12,4.87861e-13
eigen_elementwise,54,1,0,10,1e-12,0.000125017,0,2.95586e-12,5.50671e-13
eigen_elementwise,55,1,0,10,1e-12,0.000128787,0,3.75167e-12,4.56556e-13
eigen_elementwise,56,1,0,10,1e-12,0.000132489,0,3.75167e-12,5.4439e-13
eigen_elementwise,57,1,0,10,1e-12,0.000134445,0,2.04636e-12,4.46271e-13
eigen_elementwise,58,1,0,10,1e-12,0.000137727,0,1.36424e-12,4.09634e-13
eigen_elementwise,59,1,0,10,1e-12,0.000139613,0,2.95586e-12,5.60937e-13
eigen_elementwise,60,1,0,10,1e-12,0.000158819,0,4.09273e-12,4.27895e-13
eigen_elementwise,61,1,0,10,1e-12,0.000153092,0,2.84217e-12,5.29063e-13
eigen_elementwise,62,1,0,10,1e-12,0.000158401,0,1.81899e-12,4.47957e-13
eigen_elementwise,63,1,0,10,1e-12,0.000162032,0,2.38742e-12,5.07305e-13
eigen_elementwise,64,1,0,10,1e-12,0.000170762,0,2.84217e-12,7.14734e-13
eigen_elementwise,65,1,0,10,1e-12,0.000182636,0,2.16005e-12,4.40673e-13
eigen_elementwise,66,1,0,10,1e-12,0.000186896,0,2.72848e-12,5.2817e-13
eigen_elementwise,67,1,0,10,1e-12,0.00019374,0,3.06954e-12,6.1393e-13
eigen_elementwise,68,1,0,10,1e-12,0.00018913,0,1.93268e-12,5.17991e-13
eigen_elementwise,69,1,0,10,1e-12,0.000203029,0,2.50111e-12,4.62471e-13
eigen_elementwise,70,1,0,10,1e-12,0.000204146,0,3.86535e-12,5.57345e-13
eigen_elementwise,71,1,0,10,1e-12,0.000215111,0,2.27374e-12,6.4149e-13
eigen_elementwise,72,1,0,10,1e-12,0.000210293,0,2.16005e-12,4.93975e-13
eigen_elementwise,73,1,0,10,1e-12,0.000221816,0,1.93268e-12,4.62388e-13
eigen_elementwise,74,1,0,10,1e-12,0.000227823,0,2.16005e-12,5.53071e-13
eigen_elementwise,75,1,0,10,1e-12,0.000238718,0,1.93268e-12,5.36862e-13
eigen_elementwise,76,1,0,10,1e-12,0.000240743,0,2.50111e-12,5.26035e-13
eigen_elementwise,77,1,0,10,1e-12,0.000250661,0,2.27374e-12,4.32601e-13
eigen_elementwise,78,1,0,10,1e-12,0.000252407,0,3.41061e-12,5.83693e-13
eigen_elementwise,79,1,0,10,1e-12,0.000253454,0,3.06954e-12,5.23328e-13
eigen_elementwise,80,1,0,10,1e-12,0.000265886,0,2.84217e-12,5.88041e-13
eigen_elementwise,81,1,0,10,1e-12,0.000275175,0,2.72848e-12,6.47383e-13
eigen_elementwise,82,1,0,10,1e-12,0.00028223,0,1.93268e-12,4.87372e-13
eigen_elementwise,83,1,0,10,1e-12,0.000284604,0,1.93268e-12,5.29483e-13
eigen_elementwise,84,1,0,10,1e-12,0.000297595,0,2.38742e-12,5.31046e-13
eigen_elementwise,85,1,0,10,1e-12,0.00029948,0,3.97904e-12,6.22206e-13
eigen_elementwise,86,1,0,10,1e-12,0.000298921,0,2.84217e-12,6.25877e-13
eigen_elementwise,87,1,0,10,1e-12,0.000316312,0,3.06954e-12,4.84272e-13
eigen_elementwise,88,1,0,10,1e-12,0.000319595,0,2.6148e-12,5.41365e-13
eigen_elementwise,89,1,0,10,1e-12,0.000334261,0,4.43379e-12,5.68454e-13
eigen_elementwise,90,1,0,10,1e-12,0.000339569,0,2.72848e-12,5.50315e-13
eigen_elementwise,91,1,0,10,1e-12,0.000342572,0,4.20641e-12,6.59399e-13
eigen_elementwise,92,1,0,10,1e-12,0.000343131,0,2.16005e-12,5.22481e-13
eigen_elementwise,93,1,0,10,1e-12,0.00035235,0,2.38742e-12,5.79799e-13
eigen_elementwise,94,1,0,10,1e-12,0.000373651,0,2.95586e-12,5.73933e-13
eigen_elementwise,95,1,0,10,1e-12,0.000368623,0,3.06954e-12,4.80215e-13
eigen_elementwise,96,1,0,10,1e-12,0.000380147,0,3.86535e-12,5.32389e-13
eigen_elementwise,97,1,0,10,1e-12,0.00038741,0,2.72848e-12,5.99438e-13
eigen_elementwise,98,1,0,10,1e-12,0.000389855,0,3.29692e-12,6.09889e-13
eigen_elementwise,99,1,0,10,1e-12,0.00040543,0,4.20641e-12,7.67099e-13
eigen_elementwise,100,1,0,10,1e-12,0.000410179,0,5.22959e-12,5.36744e-13
eigen_elementwise,101,1,0,10,1e-12,0.000402078,0,2.27374e-12,4.8243e-13
eigen_elementwise,102,1,0,10,1e-12,0.000419119,0,5.57066e-12,5.6833e-13
eigen_elementwise,103,1,0,10,1e-12,0.000433506,0,2.6148e-12,5.95321e-13
eigen_elementwise,104,1,0,10,1e-12,0.000432807,0,4.54747e-12,7.01456e-13
eigen_elementwise,105,1,0,10,1e-12,0.000437696,0,3.29692e-12,5.53445e-13
eigen_elementwise,106,1,0,10,1e-12,0.000456414,0,3.86535e-12,5.10686e-13
eigen_elementwise,107,1,0,10,1e-12,0.000466261,0,5.45697e-12,7.72715e-13
eigen_elementwise,108,1,0,10,1e-12,0.000479741,0,3.86535e-12,6.74917e-13
eigen_elementwise,109,1,0,10,1e-12,0.000493011,0,6.13909e-12,5.66951e-13
eigen_elementwise,110,1,0,10,1e-12,0.000481068,0,3.63798e-12,5.51672e-13
eigen_elementwise,111,1,0,10,1e-12,0.000504674,0,2.72848e-12,5.65378e-13
eigen_elementwise,112,1,0,10,1e-12,0.000521855,0,4.66116e-12,5.56222e-13
eigen_elementwise,113,1,0,10,1e-12,0.00051969,0,3.29692e-12,5.69519e-13
eigen_elementwise,114,1,0,10,1e-12,0.000521715,0,4.77485e-12,6.49975e-13
eigen_elementwise,115,1,0,10,1e-12,0.00053282,0,3.97904e-12,5.13166e-13
eigen_elementwise,116,1,0,10,1e-12,0.000555798,0,3.52429e-12,6.18463e-13
eigen_elementwise,117,1,0,10,1e-12,0.000549652,0,5.57066e-12,5.87564e-13
eigen_elementwise,118,1,0,10,1e-12,0.000557753,0,2.6148e-12,6.12346e-13
eigen_elementwise,119,1,0,10,1e-12,0.000565855,0,2.38742e-12,5.46237e-13
eigen_elementwise,120,1,0,10,1e-12,0.000577519,0,4.43379e-12,6.03873e-13
eigen_elementwise,121,1,0,10,1e-12,0.000593722,0,3.06954e-12,5.73851e-13
eigen_elementwise,122,1,0,10,1e-12,0.000600636,0,3.52429e-12,6.55956e-13
eigen_elementwise,123,1,0,10,1e-12,0.000593303,0,4.09273e-12,6.03745e-13
eigen_elementwise,124,1,0,10,1e-12,0.000617748,0,3.86535e-12,6.42884e-13
eigen_elementwise,125,1,0,10,1e-12,0.000609366,0,2.84217e-12,5.91186e-13
eigen_elementwise,126,1,0,10,1e-12,0.000629551,0,3.29692e-12,6.28238e-13
eigen_elementwise,127,1,0,10,1e-12,0.000636605,0,2.50111e-12,4.86988e-13
eigen_elementwise,128,1,0,10,1e-12,0.000647081,0,4.20641e-12,6.37698e-13
eigen_elementwise,129,1,0,10,1e-12,0.00066056,0,5.22959e-12,5.38333e-13
eigen_elementwise,130,1,0,10,1e-12,0.000681024,0,3.63798e-12,6.02622e-13
eigen_elementwise,131,1,0,10,1e-12,0.000681512,0,2.72848e-12,4.3518e-13
eigen_elementwise,132,1,0,10,1e-12,0.000686332,0,4.09273e-12,5.30781e-13
eigen_elementwise,133,1,0,10,1e-12,0.000692617,0,6.59384e-12,6.35522e-13
eigen_elementwise,134,1,0,10,1e-12,0.000706376,0,4.09273e-12,6.40231e-13
eigen_elementwise,135,1,0,10,1e-12,0.000710706,0,4.88853e-12,5.91593e-13
eigen_elementwise,136,1,0,10,1e-12,0.00077538,0,3.52429e-12,5.80464e-13
eigen_elementwise,137,1,0,10,1e-12,0.000750376,0,3.52429e-12,5.99527e-13
eigen_elementwise,138,1,0,10,1e-12,0.000750656,0,4.77485e-12,6.11903e-13
eigen_elementwise,139,1,0,10,1e-12,0.00076644,0,4.3201e-12,7.12869e-13
eigen_elementwise,140,1,0,10,1e-12,0.000773634,0,3.41061e-12,5.06312e-13
eigen_elementwise,141,1,0,10,1e-12,0.000792351,0,4.66116e-12,6.45775e-13
eigen_elementwise,142,1,0,10,1e-12,0.000809742,0,5.34328e-12,6.59016e-13
eigen_elementwise,143,1,0,10,1e-12,0.000798357,0,4.3201e-12,6.55277e-13
eigen_elementwise,144,1,0,10,1e-12,0.000879863,2.84217e-14,3.97904e-12,6.565e-13
eigen_elementwise,145,1,0,10,1e-12,0.000818611,0,4.77485e-12,6.16849e-13
eigen_elementwise,146,1,0,10,1e-12,0.000834116,0,4.88853e-12,6.12101e-13
eigen_elementwise,147,1,0,10,1e-12,0.000870503,0,2.95586e-12,6.11284e-13
eigen_elementwise,148,1,0,10,1e-12,0.00086736,0,4.77485e-12,5.7848e-13
eigen_elementwise,149,1,0,10,1e-12,0.000906751,0,2.95586e-12,5.48453e-13
eigen_elementwise,150,1,0,10,1e-12,0.000873787,0,5.34328e-12,6.20837e-13
eigen_elementwise,151,1,0,10,1e-12,0.000914714,0,6.59384e-12,6.35359e-13
eigen_elementwise,152,1,0,10,1e-12,0.000960041,0,3.41061e-12,6.11055e-13
eigen_elementwise,153,1,0,10,1e-12,0.000928822,0,4.43379e-12,5.47095e-13
eigen_elementwise,154,1,0,10,1e-12,0.000934618,0,4.77485e-12,5.86878e-13
eigen_elementwise,155,1,0,10,1e-12,0.000959202,0,6.36646e-12,6.83026e-13
eigen_elementwise,156,1,0,10,1e-12,0.000965838,0,3.75167e-12,6.08391e-13
eigen_elementwise,157,1,0,10,1e-12,0.000977711,0,4.09273e-12,5.55739e-13
eigen_elementwise,158,1,0,10,1e-12,0.00098246,0,4.54747e-12,6.10887e-13
eigen_elementwise,159,1,0,10,1e-12,0.00101661,0,3.63798e-12,6.65922e-13
eigen_elementwise,160,1,0,10,1e-12,0.00106885,0,3.41061e-12,5.7484e-13
eigen_elementwise,161,1,0,10,1e-12,0.00100697,0,4.66116e-12,5.66757e-13
eigen_elementwise,162,1,0,10,1e-12,0.00104155,0,4.09273e-12,6.25639e-13
eigen_elementwise,163,1,0,10,1e-12,0.00105118,0,5.22959e-12,6.23512e-13
eigen_elementwise,164,1,0,10,1e-12,0.00106892,0,3.75167e-12,7.36609e-13
eigen_elementwise,165,1,0,10,1e-12,0.00107507,0,4.54747e-12,6.96725e-13
eigen_elementwise,166,1,0,10,1e-12,0.00105216,0,4.3201e-12,6.0325e-13
eigen_elementwise,167,1,0,10,1e-12,0.00109721,0,4.66116e-12,6.2774e-13
eigen_elementwise,168,1,0,10,1e-12,0.0011345,0,4.54747e-12,5.09397e-13
eigen_elementwise,169,1,0,10,1e-12,0.00108087,0,5.00222e-12,5.42898e-13
eigen_elementwise,170,1,0,10,1e-12,0.00114037,0,5.00222e-12,6.88923e-13
eigen_elementwise,171,1,0,10,1e-12,0.00111418,0,4.66116e-12,6.34211e-13
eigen_elementwise,172,1,0,10,1e-12,0.00110566,0,4.66116e-12,6.28422e-13
eigen_elementwise,173,1,0,10,1e-12,0.00117292,0,5.68434e-12,6.90962e-13
eigen_elementwise,174,1,0,10,1e-12,0.00118849,0,5.22959e-12,7.41139e-13
eigen_elementwise,175,1,0,10,1e-12,0.00117278,0,3.29692e-12,6.24359e-13
eigen_elementwise,176,1,0,10,1e-12,0.00123989,0,6.9349e-12,7.70813e-13
eigen_elementwise,177,1,0,10,1e-12,0.00128026,0,4.54747e-12,5.58107e-13
eigen_elementwise,178,1,0,10,1e-12,0.00119967,0,5.11591e-12,6.76927e-13
eigen_elementwise,179,1,0,10,1e-12,0.0013156,0,5.11591e-12,6.89504e-13
eigen_elementwise,180,1,0,10,1e-12,0.00131896,0,5.11591e-12,7.68689e-13
eigen_elementwise,181,1,0,10,1e-12,0.00124443,0,3.52429e-12,6.03579e-13
eigen_elementwise,182,1,0,10,1e-12,0.00136051,0,4.77485e-12,6.32651e-13
eigen_elementwise,183,1,0,10,1e-12,0.00137657,0,4.54747e-12,6.82335e-13
eigen_elementwise,184,1,0,10,1e-12,0.00138915,0,3.18323e-12,5.53383e-13
eigen_elementwise,185,1,0,10,1e-12,0.0013103,0,6.48015e-12,8.05146e-13
eigen_elementwise,186,1,0,10,1e-12,0.00138104,0,5.57066e-12,6.84427e-13
eigen_elementwise,187,1,0,10,1e-12,0.00138125,0,3.29692e-12,6.14467e-13
eigen_elementwise,188,1,0,10,1e-12,0.0013999,0,5.00222e-12,6.3038e-13
eigen_elementwise,189,1,0,10,1e-12,0.0013809,0,5.11591e-12,6.27778e-13
eigen_elementwise,190,1,0,10,1e-12,0.00142169,0,8.98126e-12,7.3853e-13
eigen_elementwise,191,1,0,10,1e-12,0.00145815,0,5.57066e-12,7.8049e-13
eigen_elementwise,192,1,0,10,1e-12,0.00150641,0,5.68434e-12,6.01796e-13
eigen_elementwise,193,1,0,10,1e-12,0.00142309,0,5.91172e-12,6.14739e-13
eigen_elementwise,194,1,0,10,1e-12,0.00146988,0,5.00222e-12,6.58355e-13
eigen_elementwise,195,1,0,10,1e-12,0.00150243,0,6.36646e-12,7.98668e-13
eigen_elementwise,196,1,0,10,1e-12,0.00152226,0,5.57066e-12,6.43789e-13
eigen_elementwise,197,1,0,10,1e-12,0.00145605,0,5.68434e-12,7.72738e-13
eigen_elementwise,198,1,0,10,1e-12,0.00153498,0,5.57066e-12,6.80977e-13
eigen_elementwise,199,1,0,10,1e-12,0.00155209,0,3.18323e-12,5.30077e-13
eigen_elementwise,200,1,0,10,1e-12,0.00163848,0,4.43379e-12,7.33413e-13
eigen_elementwise,201,1,0,10,1e-12,0.00152806,0,4.3201e-12,6.25622e-13
eigen_elementwise,202,1,0,10,1e-12,0.00162409,0,5.68434e-12,6.9937e-13
eigen_elementwise,203,1,0,10,1e-12,0.00161648,0,5.57066e-12,6.72535e-13
eigen_elementwise,204,1,0,10,1e-12,0.00167836,0,6.48015e-12,6.81451e-13
eigen_elementwise,205,1,0,10,1e-12,0.00169254,0,4.88853e-12,5.9832e-13
eigen_elementwise,206,1,0,10,1e-12,0.00162046,0,6.25278e-12,7.62605e-13
eigen_elementwise,207,1,0,10,1e-12,0.00170553,0,4.20641e-12,6.16126e-13
eigen_elementwise,208,1,0,10,1e-12,0.00176147,0,5.11591e-12,7.13382e-13
eigen_elementwise,209,1,0,10,1e-12,0.00173332,0,4.43379e-12,7.29836e-13
eigen_elementwise,210,1,0,10,1e-12,0.00172068,0,6.13909e-12,6.47038e-13
eigen_elementwise,211,1,0,10,1e-12,0.00169282,0,6.59384e-12,6.88174e-13
eigen_elementwise,212,1,0,10,1e-12,0.00175742,0,5.22959e-12,7.13534e-13
eigen_elementwise,213,1,0,10,1e-12,0.00179828,0,5.00222e-12,7.55248e-13
eigen_elementwise,214,1,0,10,1e-12,0.00182915,0,6.0254e-12,7.25106e-13
eigen_elementwise,215,1,0,10,1e-12,0.0018267,0,5.68434e-12,6.22898e-13
eigen_elementwise,216,1,0,10,1e-12,0.00185632,0,3.86535e-12,6.57075e-13
eigen_elementwise,217,1,0,10,1e-12,0.00176643,0,4.88853e-12,6.30844e-13
eigen_elementwise,218,1,0,10,1e-12,0.00188097,0,6.36646e-12,7.21425e-13
eigen_elementwise,219,1,0,10,1e-12,0.00190541,0,5.79803e-12,6.40758e-13
eigen_elementwise,220,1,0,10,1e-12,0.00193209,0,3.97904e-12,6.23978e-13
eigen_elementwise,221,1,0,10,1e-12,0.00195982,0,5.00222e-12,7.26028e-13
eigen_elementwise,222,1,0,10,1e-12,0.00195766,0,8.18545e-12,7.82345e-13
eigen_elementwise,223,1,0,10,1e-12,0.00196226,0,3.41061e-12,6.56344e-13
eigen_elementwise,224,1,0,10,1e-12,0.00201178,0,5.57066e-12,7.53504e-13
eigen_elementwise,225,1,0,10,1e-12,0.00187203,0,5.57066e-12,6.09436e-13
eigen_elementwise,226,1,0,10,1e-12,0.00199991,0,3.63798e-12,7.02883e-13
eigen_elementwise,227,1,0,10,1e-12,0.00203378,0,5.11591e-12,6.32164e-13
eigen_elementwise,228,1,0,10,1e-12,0.00206563,0,4.77485e-12,6.85358e-13
eigen_elementwise,229,1,0,10,1e-12,0.00206828,0,5.91172e-12,6.61212e-13
eigen_elementwise,230,1,0,10,1e-12,0.00211054,0,4.88853e-12,7.4132e-13
eigen_elementwise,231,1,0,10,1e-12,0.00212227,0,8.52651e-12,7.39049e-13
eigen_elementwise,232,1,0,10,1e-12,0.00217011,0,5.22959e-12,6.92802e-13
eigen_elementwise,233,1,0,10,1e-12,0.00214728,0,4.77485e-12,7.10722e-13
eigen_elementwise,234,1,0,10,1e-12,0.00205997,0,8.07177e-12,7.01748e-13
eigen_elementwise,235,1,0,10,1e-12,0.00220594,0,4.3201e-12,7.22482e-13
eigen_elementwise,236,1,0,10,1e-12,0.00218087,0,6.48015e-12,7.86e-13
eigen_elementwise,237,1,0,10,1e-12,0.0022197,0,5.00222e-12,7.22929e-13
eigen_elementwise,238,1,0,10,1e-12,0.00221446,0,4.43379e-12,6.93272e-13
eigen_elementwise,239,1,0,10,1e-12,0.0022396,0,3.97904e-12,7.78806e-13
eigen_elementwise,240,1,0,10,1e-12,0.00229771,0,5.91172e-12,7.01957e-13
eigen_elementwise,241,1,0,10,1e-12,0.00228794,0,5.34328e-12,7.19148e-13
eigen_elementwise,242,1,0,10,1e-12,0.00237161,0,6.13909e-12,7.19971e-13
eigen_elementwise,243,1,0,10,1e-12,0.00234472,0,5.79803e-12,6.91982e-13
eigen_elementwise,244,1,0,10,1e-12,0.00238502,0,5.91172e-12,7.91159e-13
eigen_elementwise,245,1,0,10,1e-12,0.00237866,0,6.0254e-12,7.24598e-13
eigen_elementwise,246,1,0,10,1e-12,0.00237147,0,7.7307e-12,7.32581e-13
eigen_elementwise,247,1,0,10,1e-12,0.00243118,0,5.34328e-12,7.8237e-13
eigen_elementwise,248,1,0,10,1e-12,0.00246603,0,6.36646e-12,7.54328e-13
eigen_elementwise,249,1,0,10,1e-12,0.00244424,0,6.82121e-12,8.04315e-13
eigen_elementwise,250,1,0,10,1e-12,0.00247057,0,5.68434e-12,7.14277e-13
eigen_elementwise,251,1,0,10,1e-12,0.00250808,0,5.00222e-12,7.14439e-13
eigen_elementwise,252,1,0,10,1e-12,0.00249103,0,5.11591e-12,7.2223e-13
eigen_elementwise,253,1,0,10,1e-12,0.00254628,0,5.79803e-12,7.95408e-13
eigen_elementwise,254,1,0,10,1e-12,0.00255557,0,6.25278e-12,6.49342e-13
eigen_elementwise,255,1,0,10,1e-12,0.00261095,0,6.48015e-12,7.54011e-13
eigen_elementwise,256,1,0,10,1e-12,0.00263302,0,6.59384e-12,8.10008e-13
eigen_elementwise,257,1,0,10,1e-12,0.00264692,0,7.95808e-12,8.07786e-13
eigen_elementwise,258,1,0,10,1e-12,0.00250842,0,7.61702e-12,7.62405e-13
eigen_elementwise,259,1,0,10,1e-12,0.00268701,0,4.66116e-12,6.96037e-13
eigen_elementwise,260,1,0,10,1e-12,0.00268994,0,5.68434e-12,7.13815e-13
eigen_elementwise,261,1,0,10,1e-12,0.00269679,0,5.45697e-12,8.36443e-13
eigen_elementwise,262,1,0,10,1e-12,0.00271641,0,8.29914e-12,6.71182e-13
eigen_elementwise,263,1,0,10,1e-12,0.00274791,0,6.48015e-12,7.10887e-13
eigen_elementwise,264,1,0,10,1e-12,0.00274959,0,5.68434e-12,7.01533e-13
eigen_elementwise,265,1,0,10,1e-12,0.0027748,0,6.0254e-12,6.08174e-13
eigen_elementwise,266,1,0,10,1e-12,0.0028246,0,4.66116e-12,7.90345e-13
eigen_elementwise,267,1,0,10,1e-12,0.00277249,0,3.18323e-12,6.45054e-13
eigen_elementwise,268,1,0,10,1e-12,0.00284813,0,5.68434e-12,7.43303e-13
eigen_elementwise,269,1,0,10,1e-12,0.00286832,0,6.59384e-12,7.60882e-13
eigen_elementwise,270,1,0,10,1e-12,0.00285652,0,4.66116e-12,7.1573e-13
eigen_elementwise,271,1,0,10,1e-12,0.00293278,0,3.86535e-12,7.5797e-13
eigen_elementwise,272,1,0,10,1e-12,0.00297399,0,4.43379e-12,7.76924e-13
eigen_elementwise,273,1,0,10,1e-12,0.00293125,0,5.57066e-12,7.86539e-13
eigen_elementwise,274,1,0,10,1e-12,0.00292615,0,4.54747e-12,7.24329e-13
eigen_elementwise,275,1,0,10,1e-12,0.00292286,0,4.77485e-12,6.63563e-13
eigen_elementwise,276,1,0,10,1e-12,0.00301959,0,5.79803e-12,7.30388e-13
eigen_elementwise,277,1,0,10,1e-12,0.00300074,0,5.68434e-12,7.11819e-13
eigen_elementwise,278,1,0,10,1e-12,0.00301729,0,9.09495e-12,7.54086e-13
eigen_elementwise,279,1,0,10,1e-12,0.00305794,0,6.48015e-12,8.15278e-13
eigen_elementwise,280,1,0,10,1e-12,0.00307163,0,6.0254e-12,7.45036e-13
eigen_elementwise,281,1,0,10,1e-12,0.00308113,0,5.68434e-12,7.00798e-13
eigen_elementwise,282,1,0,10,1e-12,0.00312331,0,5.79803e-12,7.75588e-13
eigen_elementwise,283,1,0,10,1e-12,0.00317129,0,7.61702e-12,8.20288e-13
eigen_elementwise,284,1,0,10,1e-12,0.00316982,0,5.91172e-12,7.84828e-13
eigen_elementwise,285,1,0,10,1e-12,0.00320663,0,4.3201e-12,6.92664e-13
eigen_elementwise,286,1,0,10,1e-12,0.00322758,0,4.66116e-12,7.2176e-13
eigen_elementwise,287,1,0,10,1e-12,0.00325461,0,5.79803e-12,8.69319e-13
eigen_elementwise,288,1,0,10,1e-12,0.0032785,0,8.41283e-12,7.78932e-13
eigen_elementwise,289,1,0,10,1e-12,0.00329393,0,5.79803e-12,7.90411e-13
eigen_elementwise,290,1,0,10,1e-12,0.00332131,0,6.36646e-12,7.51815e-13
eigen_elementwise,291,1,0,10,1e-12,0.00330518,0,4.66116e-12,7.04908e-13
eigen_elementwise,292,1,0,10,1e-12,0.00339995,0,4.88853e-12,8.11521e-13
eigen_elementwise,293,1,0,10,1e-12,0.00336531,0,5.79803e-12,8.32544e-13
eigen_elementwise,294,1,0,10,1e-12,0.00338165,0,6.82121e-12,7.11857e-13
eigen_elementwise,295,1,0,10,1e-12,0.00341706,0,4.88853e-12,7.12166e-13
eigen_elementwise,296,1,0,10,1e-12,0.00345429,0,5.45697e-12,7.7706e-13
eigen_elementwise,297,1,0,10,1e-12,0.00344234,0,5.79803e-12,7.38064e-13
eigen_elementwise,298,1,0,10,1e-12,0.00347671,0,6.36646e-12,7.59971e-13
eigen_elementwise,299,1,0,10,1e-12,0.00351959,0,5.79803e-12,6.93727e-13
eigen_elementwise,300,1,0,10,1e-12,0.00356024,0,6.25278e-12,7.4424e-13
eigen_elementwise,301,1,0,10,1e-12,0.00362037,0,7.84439e-12,8.89636e-13
eigen_elementwise,302,1,0,10,1e-12,0.00367617,0,6.59384e-12,7.95884e-13
eigen_elementwise,303,1,0,10,1e-12,0.00366996,0,4.66116e-12,7.93536e-13
eigen_elementwise,304,1,0,10,1e-12,0.00358042,0,7.95808e-12,7.58145e-13
eigen_elementwise,305,1,0,10,1e-12,0.00369671,0,6.59384e-12,8.26537e-13
eigen_elementwise,306,1,0,10,1e-12,0.00366416,0,7.61702e-12,7.73207e-13
eigen_elementwise,307,1,0,10,1e-12,0.00375118,0,5.68434e-12,8.12196e-13
eigen_elementwise,308,1,0,10,1e-12,0.00372667,0,7.95808e-12,9.03264e-13
eigen_elementwise,309,1,0,10,1e-12,0.00375489,0,6.48015e-12,7.97255e-13
eigen_elementwise,310,1,0,10,1e-12,0.00374623,0,5.34328e-12,8.34713e-13
eigen_elementwise,311,1,0,10,1e-12,0.00376718,0,4.20641e-12,6.87694e-13
eigen_elementwise,312,1,0,10,1e-12,0.00383227,0,7.84439e-12,8.10548e-13
eigen_elementwise,313,1,0,10,1e-12,0.0038417,0,7.7307e-12,8.64657e-13
eigen_elementwise,314,1,0,10,1e-12,0.00384659,0,5.57066e-12,7.90649e-13
eigen_elementwise,315,1,0,10,1e-12,0.00385979,0,5.91172e-12,7.26502e-13
eigen_elementwise,316,1,0,10,1e-12,0.00391161,0,6.0254e-12,8.83558e-13
eigen_elementwise,317,1,0,10,1e-12,0.00394946,0,6.59384e-12,7.32317e-13
eigen_elementwise,318,1,0,10,1e-12,0.00393152,0,7.95808e-12,7.9922e-13
eigen_elementwise,319,1,0,10,1e-12,0.00399884,0,6.25278e-12,8.62711e-13
eigen_elementwise,320,1,0,10,1e-12,0.00398439,0,8.41283e-12,8.02745e-13
eigen_elementwise,321,1,0,10,1e-12,0.0040728,0,6.48015e-12,8.91226e-13
eigen_elementwise,322,1,0,10,1e-12,0.00407071,0,5.22959e-12,7.93869e-13
eigen_elementwise,323,1,0,10,1e-12,0.00406582,0,7.38964e-12,9.02283e-13
eigen_elementwise,324,1,0,10,1e-12,0.00414174,0,6.25278e-12,8.22111e-13
eigen_elementwise,325,1,0,10,1e-12,0.00411499,0,9.09495e-12,8.16752e-13
eigen_elementwise,326,1,0,10,1e-12,0.00421514,0,5.11591e-12,8.05017e-13
eigen_elementwise,327,1,0,10,1e-12,0.0041775,0,5.79803e-12,7.31634e-13
eigen_elementwise,328,1,0,10,1e-12,0.0042296,0,5.34328e-12,7.81104e-13
eigen_elementwise,329,1,0,10,1e-12,0.00431033,0,5.57066e-12,7.9846e-13
eigen_elementwise,330,1,0,10,1e-12,0.00430573,0,5.11591e-12,6.36532e-13
eigen_elementwise,331,1,0,10,1e-12,0.0043748,0,8.98126e-12,9.21477e-13
eigen_elementwise,332,1,0,10,1e-12,0.00434295,0,8.41283e-12,7.74125e-13
eigen_elementwise,333,1,0,10,1e-12,0.00432472,0,8.07177e-12,8.0451e-13
eigen_elementwise,334,1,0,10,1e-12,0.00440169,0,5.91172e-12,8.18833e-13
eigen_elementwise,335,1,0,10,1e-12,0.00445393,0,5.45697e-12,9.01237e-13
eigen_elementwise,336,1,0,10,1e-12,0.00446664,0,6.70752e-12,8.19631e-13
eigen_elementwise,337,1,0,10,1e-12,0.00446049,0,6.36646e-12,7.92013e-13
eigen_elementwise,338,1,0,10,1e-12,0.00445595,0,9.54969e-12,8.50395e-13
eigen_elementwise,339,1,0,10,1e-12,0.00456239,0,5.22959e-12,8.49364e-13
eigen_elementwise,340,1,0,10,1e-12,0.00457839,0,5.45697e-12,7.69955e-13
eigen_elementwise,341,1,0,10,1e-12,0.00457887,0,6.0254e-12,8.30248e-13
eigen_elementwise,342,1,0,10,1e-12,0.00460444,0,6.25278e-12,8.83006e-13
eigen_elementwise,343,1,0,10,1e-12,0.00459452,0,7.50333e-12,7.96693e-13
eigen_elementwise,344,1,0,10,1e-12,0.00464341,0,4.88853e-12,7.36503e-13
eigen_elementwise,345,1,0,10,1e-12,0.00467603,0,6.70752e-12,7.62349e-13
eigen_elementwise,346,1,0,10,1e-12,0.00463957,0,8.6402e-12,8.35169e-13
eigen_elementwise,347,1,0,10,1e-12,0.00477171,0,6.25278e-12,8.15338e-13
eigen_elementwise,348,1,0,10,1e-12,0.00473141,0,5.91172e-12,7.67239e-13
eigen_elementwise,349,1,0,10,1e-12,0.00480425,0,7.16227e-12,8.14267e-13
eigen_elementwise,350,1,0,10,1e-12,0.00478253,0,7.16227e-12,9.18615e-13
eigen_elementwise,351,1,0,10,1e-12,0.0048222,0,6.48015e-12,8.70438e-13
eigen_elementwise,352,1,0,10,1e-12,0.00485768,0,6.48015e-12,9.0609e-13
eigen_elementwise,353,1,0,10,1e-12,0.00489246,0,6.48015e-12,8.09716e-13
eigen_elementwise,354,1,0,10,1e-12,0.00492396,0,7.04858e-12,8.16773e-13
eigen_elementwise,355,1,0,10,1e-12,0.00493548,0,6.36646e-12,8.23408e-13
eigen_elementwise,356,1,0,10,1e-12,0.00502474,0,5.34328e-12,8.0701e-13
eigen_elementwise,357,1,0,10,1e-12,0.00503731,0,9.66338e-12,9.1074e-13
eigen_elementwise,358,1,0,10,1e-12,0.005048,0,9.54969e-12,8.17117e-13
eigen_elementwise,359,1,0,10,1e-12,0.00503201,0,6.70752e-12,8.34061e-13
eigen_elementwise,360,1,0,10,1e-12,0.00510255,0,7.16227e-12,8.44581e-13
eigen_elementwise,361,1,0,10,1e-12,0.00511568,0,1.13687e-11,8.24503e-13
eigen_elementwise,362,1,0,10,1e-12,0.0051221,0,7.27596e-12,7.68868e-13
eigen_elementwise,363,1,0,10,1e-12,0.00519474,0,8.52651e-12,8.85185e-13
eigen_elementwise,364,1,0,10,1e-12,0.00516869,0,5.00222e-12,8.00572e-13
eigen_elementwise,365,1,0,10,1e-12,0.00528441,0,7.38964e-12,7.78418e-13
eigen_elementwise,366,1,0,10,1e-12,0.00530774,0,8.6402e-12,8.79974e-13
eigen_elementwise,367,1,0,10,1e-12,0.0053354,0,7.16227e-12,8.40784e-13
eigen_elementwise,368,1,0,10,1e-12,0.00534734,0,6.82121e-12,9.11584e-13
eigen_elementwise,369,1,0,10,1e-12,0.00537667,0,7.04858e-12,8.13997e-13
eigen_elementwise,370,1,0,10,1e-12,0.0053889,0,6.82121e-12,8.11362e-13
eigen_elementwise,371,1,0,10,1e-12,0.00539022,0,6.36646e-12,8.42849e-13
eigen_elementwise,372,1,0,10,1e-12,0.00545336,0,6.25278e-12,8.30769e-13
eigen_elementwise,373,1,0,10,1e-12,0.00545462,0,5.68434e-12,8.23245e-13
eigen_elementwise,374,1,0,10,1e-12,0.00552537,0,6.13909e-12,8.45604e-13
eigen_elementwise,375,1,0,10,1e-12,0.00549142,0,6.70752e-12,8.67812e-13
eigen_elementwise,376,1,0,10,1e-12,0.00557572,0,6.0254e-12,8.38629e-13
eigen_elementwise,377,1,0,10,1e-12,0.00566987,0,7.84439e-12,8.30217e-13
eigen_elementwise,378,1,0,10,1e-12,0.00564158,0,6.70752e-12,8.90445e-13
eigen_elementwise,379,1,0,10,1e-12,0.00562636,0,6.25278e-12,9.11884e-13
eigen_elementwise,380,1,0,10,1e-12,0.00567322,0,9.32232e-12,9.79027e-13
eigen_elementwise,381,1,0,10,1e-12,0.00571135,0,1.06866e-11,8.52192e-13
eigen_elementwise,382,1,0,10,1e-12,0.00567336,0,7.04858e-12,8.39877e-13
eigen_elementwise,383,1,0,10,1e-12,0.00578566,0,8.75389e-12,8.72233e-13
eigen_elementwise,384,1,0,10,1e-12,0.00577212,0,5.91172e-12,8.2671e-13
eigen_elementwise,385,1,0,10,1e-12,0.00575563,0,9.54969e-12,8.45021e-13
eigen_elementwise,386,1,0,10,1e-12,0.00581584,0,7.04858e-12,8.11812e-13
eigen_elementwise,387,1,0,10,1e-12,0.00593108,0,8.07177e-12,8.45736e-13
eigen_elementwise,388,1,0,10,1e-12,0.00589958,0,5.34328e-12,9.28326e-13
eigen_elementwise,389,1,0,10,1e-12,0.0059537,0,6.36646e-12,8.48813e-13
eigen_elementwise,390,1,0,10,1e-12,0.00597724,0,6.9349e-12,8.46982e-13
eigen_elementwise,391,1,0,10,1e-12,0.00595531,0,6.82121e-12,8.50895e-13
eigen_elementwise,392,1,0,10,1e-12,0.00614989,0,6.36646e-12,8.01726e-13
eigen_elementwise,393,1,0,10,1e-12,0.00604506,0,5.79803e-12,8.60204e-13
eigen_elementwise,394,1,0,10,1e-12,0.00612712,0,6.59384e-12,9.2013e-13
eigen_elementwise,395,1,0,10,1e-12,0.00615415,0,8.6402e-12,8.83181e-13
eigen_elementwise,396,1,0,10,1e-12,0.00614388,0,8.6402e-12,9.1813e-13
eigen_elementwise,397,1,0,10,1e-12,0.00615527,0,8.07177e-12,9.52103e-13
eigen_elementwise,398,1,0,10,1e-12,0.00622783,0,8.6402e-12,8.27645e-13
eigen_elementwise,399,1,0,10,1e-12,0.0062191,0,7.95808e-12,9.21786e-13
eigen_elementwise,400,1,0,10,1e-12,0.00631262,0,7.04858e-12,8.20153e-13
eigen_elementwise,401,1,0,10,1e-12,0.00627791,0,8.98126e-12,9.31901e-13
eigen_elementwise,402,1,0,10,1e-12,0.0063708,0,7.61702e-12,8.75999e-13
eigen_elementwise,403,1,0,10,1e-12,0.0063363,0,7.7307e-12,7.85675e-13
eigen_elementwise,404,1,0,10,1e-12,0.00637799,0,7.50333e-12,8.16494e-13
eigen_elementwise,405,1,0,10,1e-12,0.00645286,0,5.79803e-12,7.01657e-13
eigen_elementwise,406,1,0,10,1e-12,0.00646704,0,1.02318e-11,8.17029e-13
eigen_elementwise,407,1,0,10,1e-12,0.00650762,0,7.95808e-12,9.02627e-13
eigen_elementwise,408,1,0,10,1e-12,0.00654987,0,7.50333e-12,8.43802e-13
eigen_elementwise,409,1,0,10,1e-12,0.00656405,0,9.77707e-12,8.24095e-13
eigen_elementwise,410,1,0,10,1e-12,0.00656985,0,6.82121e-12,9.0027e-13
eigen_elementwise,411,1,0,10,1e-12,0.00667412,0,1.11413e-11,8.31144e-13
eigen_elementwise,412,1,0,10,1e-12,0.00668445,0,7.7307e-12,8.56167e-13
eigen_elementwise,413,1,0,10,1e-12,0.0067235,0,7.27596e-12,9.32543e-13
eigen_elementwise,414,1,0,10,1e-12,0.00673767,0,1.09139e-11,9.19862e-13
eigen_elementwise,415,1,0,10,1e-12,0.00682658,0,5.22959e-12,8.16538e-13
eigen_elementwise,416,1,0,10,1e-12,0.00680786,0,7.38964e-12,8.79886e-13
eigen_elementwise,417,1,0,10,1e-12,0.00679606,0,8.6402e-12,8.70434e-13
eigen_elementwise,418,1,0,10,1e-12,0.00695509,0,7.95808e-12,8.97656e-13
eigen_elementwise,419,1,0,10,1e-12,0.00695788,0,8.6402e-12,9.42822e-13
eigen_elementwise,420,1,0,10,1e-12,0.00693777,0,6.70752e-12,9.15557e-13
eigen_elementwise,421,1,0,10,1e-12,0.00697674,0,7.7307e-12,7.95328e-13
eigen_elementwise,422,1,0,10,1e-12,0.00702326,0,1.35287e-11,8.77414e-13
eigen_elementwise,423,1,0,10,1e-12,0.00704938,0,5.68434e-12,7.95571e-13
eigen_elementwise,424,1,0,10,1e-12,0.00710343,0,6.13909e-12,7.97955e-13
eigen_elementwise,425,1,0,10,1e-12,0.00705531,0,8.41283e-12,9.47259e-13
eigen_elementwise,426,1,0,10,1e-12,0.00713752,0,7.27596e-12,7.94955e-13
eigen_elementwise,427,1,0,10,1e-12,0.00712907,0,7.27596e-12,8.19786e-13
eigen_elementwise,428,1,0,10,1e-12,0.00720051,0,6.9349e-12,9.23221e-13
eigen_elementwise,429,1,0,10,1e-12,0.00730583,0,6.9349e-12,8.3853e-13
eigen_elementwise,430,1,0,10,1e-12,0.0072904,0,7.61702e-12,9.13866e-13
eigen_elementwise,431,1,0,10,1e-12,0.00735584,0,6.59384e-12,8.32071e-13
eigen_elementwise,432,1,0,10,1e-12,0.00742715,0,9.09495e-12,9.41319e-13
eigen_elementwise,433,1,0,10,1e-12,0.00727978,0,8.29914e-12,8.80418e-13
eigen_elementwise,434,1,0,10,1e-12,0.00745264,0,8.07177e-12,9.05206e-13
eigen_elementwise,435,1,0,10,1e-12,0.00745348,0,1.04592e-11,8.62124e-13
eigen_elementwise,436,1,0,10,1e-12,0.00760818,0,8.41283e-12,9.00588e-13
eigen_elementwise,437,1,0,10,1e-12,0.00754742,0,7.16227e-12,8.48413e-13
eigen_elementwise,438,1,0,10,1e-12,0.00768256,0,7.38964e-12,8.41689e-13
eigen_elementwise,439,1,0,10,1e-12,0.0076908,0,5.79803e-12,8.54226e-13
eigen_elementwise,440,1,0,10,1e-12,0.00769548,0,1.25056e-11,9.08876e-13
eigen_elementwise,441,1,0,10,1e-12,0.0076996,0,8.75389e-12,8.69507e-13
eigen_elementwise,442,1,0,10,1e-12,0.00772111,0,9.20863e-12,8.47046e-13
eigen_elementwise,443,1,0,10,1e-12,0.00781707,0,9.20863e-12,8.76226e-13
eigen_elementwise,444,1,0,10,1e-12,0.00787295,0,8.18545e-12,9.02099e-13
eigen_elementwise,445,1,0,10,1e-12,0.00783174,0,4.43379e-12,8.36731e-13
eigen_elementwise,446,1,0,10,1e-12,0.00785807,0,1.00044e-11,9.08233e-13
eigen_elementwise,447,1,0,10,1e-12,0.00788559,0,6.59384e-12,8.90343e-13
eigen_elementwise,448,1,0,10,1e-12,0.00799252,0,8.41283e-12,8.47878e-13
eigen_elementwise,449,1,0,10,1e-12,0.00802031,0,7.95808e-12,8.10032e-13
eigen_elementwise,450,1,0,10,1e-12,0.00799335,0,7.84439e-12,8.27855e-13
eigen_elementwise,451,1,0,10,1e-12,0.00802213,0,7.16227e-12,9.15674e-13
eigen_elementwise,452,1,0,10,1e-12,0.00807172,0,1.00044e-11,9.19689e-13
eigen_elementwise,453,1,0,10,1e-12,0.00802848,0,6.59384e-12,9.95869e-13
eigen_elementwise,454,1,0,10,1e-12,0.00813108,0,6.59384e-12,8.6567e-13
eigen_elementwise,455,1,0,10,1e-12,0.00824765,0,8.75389e-12,9.59962e-13
eigen_elementwise,456,1,0,10,1e-12,0.00823899,0,7.38964e-12,8.61399e-13
eigen_elementwise,457,1,0,10,1e-12,0.00830338,0,5.79803e-12,8.21389e-13
eigen_elementwise,458,1,0,10,1e-12,0.00831148,0,6.70752e-12,8.26744e-13
eigen_elementwise,459,1,0,10,1e-12,0.00837727,0,7.16227e-12,9.56068e-13
eigen_elementwise,460,1,0,10,1e-12,0.00845277,0,8.75389e-12,8.77757e-13
eigen_elementwise,461,1,0,10,1e-12,0.00846925,0,8.86757e-12,9.18255e-13
eigen_elementwise,462,1,0,10,1e-12,0.00852184,0,6.82121e-12,9.3443e-13
eigen_elementwise,463,1,0,10,1e-12,0.00850927,0,1.09139e-11,8.63271e-13
eigen_elementwise,464,1,0,10,1e-12,0.00854713,0,7.38964e-12,9.1247e-13
eigen_elementwise,465,1,0,10,1e-12,0.00873318,0,6.82121e-12,9.38207e-13
eigen_elementwise,466,1,0,10,1e-12,0.00868157,0,6.82121e-12,9.53527e-13
eigen_elementwise,467,1,0,10,1e-12,0.0086088,0,8.86757e-12,9.09435e-13
eigen_elementwise,468,1,0,10,1e-12,0.00865706,0,1.17097e-11,9.15881e-13
eigen_elementwise,469,1,0,10,1e-12,0.00876643,0,7.84439e-12,9.63229e-13
eigen_elementwise,470,1,0,10,1e-12,0.00872508,0,6.59384e-12,8.75496e-13
eigen_elementwise,471,1,0,10,1e-12,0.00885205,0,6.59384e-12,8.67564e-13
eigen_elementwise,472,1,0,10,1e-12,0.00889221,0,9.77707e-12,9.43239e-13
eigen_elementwise,473,1,0,10,1e-12,0.00895102,0,6.70752e-12,9.08564e-13
eigen_elementwise,474,1,0,10,1e-12,0.00896834,0,7.27596e-12,9.99778e-13
eigen_elementwise,475,1,0,10,1e-12,0.00894613,0,1.22782e-11,1.01907e-12
eigen_elementwise,476,1,0,10,1e-12,0.00901143,0,1.13687e-11,9.22246e-13
eigen_elementwise,477,1,0,10,1e-12,0.00895996,0,1.02318e-11,9.88904e-13
eigen_elementwise,478,1,0,10,1e-12,0.00901192,0,7.95808e-12,9.17177e-13
eigen_elementwise,479,1,0,10,1e-12,0.00898154,0,7.7307e-12,9.38158e-13
eigen_elementwise,480,1,0,10,1e-12,0.00917053,0,6.25278e-12,9.55969e-13
eigen_elementwise,481,1,0,10,1e-12,0.00916585,0,6.48015e-12,8.59479e-13
eigen_elementwise,482,1,0,10,1e-12,0.00924114,0,9.66338e-12,8.45577e-13
eigen_elementwise,483,1,0,10,1e-12,0.00931308,0,9.09495e-12,9.3414e-13
eigen_elementwise,484,1,0,10,1e-12,0.00938641,0,7.95808e-12,9.31127e-13
eigen_elementwise,485,1,0,10,1e-12,0.00932719,0,8.18545e-12,8.61137e-13
eigen_elementwise,486,1,0,10,1e-12,0.00948007,0,8.41283e-12,9.19688e-13
eigen_elementwise,487,1,0,10,1e-12,0.00952686,0,7.61702e-12,9.3555e-13
eigen_elementwise,488,1,0,10,1e-12,0.00937615,0,1.02318e-11,9.07214e-13
eigen_elementwise,489,1,0,10,1e-12,0.0094235,0,6.0254e-12,8.75988e-13
eigen_elementwise,490,1,0,10,1e-12,0.00958364,0,7.61702e-12,8.61987e-13
eigen_elementwise,491,1,0,10,1e-12,0.00953629,0,1.01181e-11,9.43116e-13
eigen_elementwise,492,1,0,10,1e-12,0.00968247,0,7.84439e-12,9.38273e-13
eigen_elementwise,493,1,0,10,1e-12,0.00957882,0,5.91172e-12,8.35444e-13
eigen_elementwise,494,1,0,10,1e-12,0.00970594,0,8.29914e-12,8.60816e-13
eigen_elementwise,495,1,0,10,1e-12,0.0097278,0,1.02318e-11,9.51319e-13
eigen_elementwise,496,1,0,10,1e-12,0.00973974,0,8.6402e-12,9.36559e-13
eigen_elementwise,497,1,0,10,1e-12,0.00965837,0,7.38964e-12,9.75809e-13
eigen_elementwise,498,1,0,10,1e-12,0.00985798,0,7.38964e-12,9.62266e-13
eigen_elementwise,499,1,0,10,1e-12,0.00978304,0,5.57066e-12,8.54862e-13
eigen_elementwise,500,1,0,10,1e-12,0.0098408,0,7.7307e-12,8.89675e-13
eigen_elementwise,501,1,0,10,1e-12,0.00992363,0,6.59384e-12,8.67289e-13
eigen_elementwise,502,1,0,10,1e-12,0.00994801,0,5.34328e-12,8.80055e-13
eigen_elementwise,503,1,0,10,1e-12,0.0100686,0,7.50333e-12,9.10926e-13
eigen_elementwise,504,1,0,10,1e-12,0.00999529,0,7.84439e-12,9.76075e-13
eigen_elementwise,505,1,0,10,1e-12,0.0101,0,8.52651e-12,9.6714e-13
eigen_elementwise,506,1,0,10,1e-12,0.0100512,0,8.18545e-12,9.34586e-13
eigen_elementwise,507,1,0,10,1e-12,0.0100591,0,5.34328e-12,8.49222e-13
eigen_elementwise,508,1,0,10,1e-12,0.0102187,0,6.59384e-12,8.71455e-13
eigen_elementwise,509,1,0,10,1e-12,0.0102201,0,9.20863e-12,9.71185e-13
eigen_elementwise,510,1,0,10,1e-12,0.0103212,0,6.70752e-12,8.99598e-13
eigen_elementwise,511,1,0,10,1e-12,0.0114206,0,8.07177e-12,9.116e-13
eigen_elementwise,512,1,0,10,1e-12,0.0115213,0,1.09139e-11,9.20779e-13
eigen_elementwise,513,1,0,10,1e-12,0.0107974,0,7.16227e-12,9.26403e-13
eigen_elementwise,514,1,0,10,1e-12,0.0106423,0,7.16227e-12,9.42598e-13
eigen_elementwise,515,1,0,10,1e-12,0.0104103,0,9.20863e-12,9.60264e-13
eigen_elementwise,516,1,0,10,1e-12,0.0105213,0,9.89075e-12,9.38174e-13
eigen_elementwise,517,1,0,10,1e-12,0.0105137,0,7.27596e-12,1.0228e-12
eigen_elementwise,518,1,0,10,1e-12,0.0106601,0,7.27596e-12,9.42101e-13
eigen_elementwise,519,1,0,10,1e-12,0.0105901,0,9.20863e-12,8.66083e-13
eigen_elementwise,520,1,0,10,1e-12,0.0106849,0,6.59384e-12,9.32168e-13
eigen_elementwise,521,1,0,10,1e-12,0.0108126,0,6.0254e-12,9.0988e-13
eigen_elementwise,522,1,0,10,1e-12,0.0107966,0,7.84439e-12,1.03052e-12
eigen_elementwise,523,1,0,10,1e-12,0.0108729,0,7.27596e-12,9.10509e-13
eigen_elementwise,524,1,0,10,1e-12,0.0108768,0,7.84439e-12,9.97751e-13
eigen_elementwise,525,1,0,10,1e-12,0.0107876,0,6.70752e-12,9.1943e-13
eigen_elementwise,526,1,0,10,1e-12,0.0109289,0,7.95808e-12,9.93347e-13
eigen_elementwise,527,1,0,10,1e-12,0.0105544,0,9.09495e-12,9.78179e-13
eigen_elementwise,528,1,0,10,1e-12,0.0105014,0,8.07177e-12,8.94313e-13
eigen_elementwise,529,1,0,10,1e-12,0.0105519,0,1.31877e-11,1.00899e-12
eigen_elementwise,530,1,0,10,1e-12,0.010714,0,8.75389e-12,9.93076e-13
eigen_elementwise,531,1,0,10,1e-12,0.0106278,0,7.61702e-12,9.01678e-13
eigen_elementwise,532,1,0,10,1e-12,0.0106474,0,8.98126e-12,1.00798e-12
eigen_elementwise,533,1,0,10,1e-12,0.0105998,0,7.16227e-12,9.33228e-13
eigen_elementwise,534,1,0,10,1e-12,0.010761,0,6.9349e-12,9.43511e-13
eigen_elementwise,535,1,0,10,1e-12,0.01081,0,6.13909e-12,8.76435e-13
eigen_elementwise,536,1,0,10,1e-12,0.0107925,0,6.82121e-12,9.53837e-13
eigen_elementwise,537,1,0,10,1e-12,0.0109059,0,7.27596e-12,9.6355e-13
eigen_elementwise,538,1,0,10,1e-12,0.0109804,0,8.6402e-12,8.735e-13
eigen_elementwise,539,1,0,10,1e-12,0.0109588,0,7.84439e-12,9.17361e-13
eigen_elementwise,540,1,0,10,1e-12,0.0109229,0,7.61702e-12,9.0121e-13
eigen_elementwise,541,1,0,10,1e-12,0.0109554,0,6.9349e-12,9.24347e-13
eigen_elementwise,542,1,0,10,1e-12,0.0110851,0,9.43601e-12,9.11628e-13
eigen_elementwise,543,1,0,10,1e-12,0.0110805,0,7.84439e-12,9.32374e-13
eigen_elementwise,544,1,0,10,1e-12,0.011173,0,6.25278e-12,8.82935e-13
eigen_elementwise,545,1,0,10,1e-12,0.011127,0,8.52651e-12,9.73304e-13
eigen_elementwise,546,1,0,10,1e-12,0.0111637,0,9.66338e-12,9.71886e-13
eigen_elementwise,547,1,0,10,1e-12,0.0113357,0,7.50333e-12,1.0272e-12
eigen_elementwise,548,1,0,10,1e-12,0.0113418,0,9.77707e-12,1.04846e-12
eigen_elementwise,549,1,0,10,1e-12,0.0113632,0,9.77707e-12,1.06189e-12
eigen_elementwise,550,1,0,10,1e-12,0.0114426,0,7.27596e-12,8.93414e-13
eigen_elementwise,551,1,0,10,1e-12,0.0114129,0,1.31877e-11,1.01708e-12
eigen_elementwise,552,1,0,10,1e-12,0.0115891,0,7.50333e-12,1.00768e-12
eigen_elementwise,553,1,0,10,1e-12,0.0114504,0,8.86757e-12,8.94976e-13
eigen_elementwise,554,1,0,10,1e-12,0.0115328,0,1.10276e-11,9.29112e-13
eigen_elementwise,555,1,0,10,1e-12,0.0116312,0,9.77707e-12,8.79838e-13
eigen_elementwise,556,1,0,10,1e-12,0.0121691,0,8.07177e-12,8.78682e-13
eigen_elementwise,557,1,0,10,1e-12,0.0123538,0,7.50333e-12,9.46175e-13
eigen_elementwise,558,1,0,10,1e-12,0.012163,0,1.11413e-11,9.88459e-13
eigen_elementwise,559,1,0,10,1e-12,0.0123037,0,9.09495e-12,8.72874e-13
eigen_elementwise,560,1,0,10,1e-12,0.0124329,0,7.84439e-12,8.83817e-13
eigen_elementwise,561,1,0,10,1e-12,0.0124615,0,8.18545e-12,9.28629e-13
eigen_elementwise,562,1,0,10,1e-12,0.0126713,0,8.75389e-12,9.13688e-13
eigen_elementwise,563,1,0,10,1e-12,0.0125279,0,1.02318e-11,9.46135e-13
eigen_elementwise,564,1,0,10,1e-12,0.0126629,0,7.04858e-12,9.52658e-13
eigen_elementwise,565,1,0,10,1e-12,0.0125555,0,7.50333e-12,9.25817e-13
eigen_elementwise,566,1,0,10,1e-12,0.0127042,0,8.18545e-12,9.51062e-13
eigen_elementwise,567,1,0,10,1e-12,0.0128299,0,8.75389e-12,9.50829e-13
eigen_elementwise,568,1,0,10,1e-12,0.0128811,0,1.00044e-11,9.57495e-13
eigen_elementwise,569,1,0,10,1e-12,0.0128672,0,7.04858e-12,9.76895e-13
eigen_elementwise,570,1,0,10,1e-12,0.0129187,0,1.09139e-11,1.01907e-12
eigen_elementwise,571,1,0,10,1e-12,0.0129552,0,7.95808e-12,9.48244e-13
eigen_elementwise,572,1,0,10,1e-12,0.0130418,0,1.29603e-11,1.03645e-12
eigen_elementwise,573,1,0,10,1e-12,0.0130553,0,8.07177e-12,8.98054e-13
eigen_elementwise,574,1,0,10,1e-12,0.0130292,0,8.98126e-12,9.11044e-13
eigen_elementwise,575,1,0,10,1e-12,0.0130439,0,8.18545e-12,9.70149e-13
eigen_elementwise,576,1,0,10,1e-12,0.0132462,0,7.84439e-12,9.42333e-13
eigen_elementwise,577,1,0,10,1e-12,0.0130835,0,8.98126e-12,9.42872e-13
eigen_elementwise,578,1,0,10,1e-12,0.0133017,0,1.05729e-11,9.41063e-13
eigen_elementwise,579,1,0,10,1e-12,0.0133918,0,7.61702e-12,1.03505e-12
eigen_elementwise,580,1,0,10,1e-12,0.0134411,0,9.54969e-12,9.35313e-13
eigen_elementwise,581,1,0,10,1e-12,0.0133904,0,6.82121e-12,9.52662e-13
eigen_elementwise,582,1,0,10,1e-12,0.0134408,0,1.02318e-11,9.4263e-13
eigen_elementwise,583,1,0,10,1e-12,0.0135965,0,9.66338e-12,9.6017e-13
eigen_elementwise,584,1,0,10,1e-12,0.0134809,0,9.09495e-12,9.731e-13
eigen_elementwise,585,1,0,10,1e-12,0.0135164,0,8.07177e-12,9.20953e-13
eigen_elementwise,586,1,0,10,1e-12,0.0136685,0,1.05729e-11,1.0148e-12
eigen_elementwise,587,1,0,10,1e-12,0.0136732,0,8.98126e-12,9.96067e-13
eigen_elementwise,588,1,0,10,1e-12,0.0138502,0,1.1255e-11,9.59206e-13
eigen_elementwise,589,1,0,10,1e-12,0.0138062,0,9.32232e-12,9.93836e-13
eigen_elementwise,590,1,0,10,1e-12,0.0139457,0,8.29914e-12,9.22097e-13
eigen_elementwise,591,1,0,10,1e-12,0.0139857,0,8.41283e-12,1.05496e-12
eigen_elementwise,592,1,0,10,1e-12,0.0140601,0,9.09495e-12,9.67643e-13
eigen_elementwise,593,1,0,10,1e-12,0.0139862,0,7.50333e-12,9.85e-13
eigen_elementwise,594,1,0,10,1e-12,0.014116,0,8.86757e-12,9.06151e-13
eigen_elementwise,595,1,0,10,1e-12,0.0139406,0,7.7307e-12,1.0242e-12
eigen_elementwise,596,1,0,10,1e-12,0.0141083,0,7.27596e-12,9.5669e-13
eigen_elementwise,597,1,0,10,1e-12,0.0140392,0,1.00044e-11,1.00977e-12
eigen_elementwise,598,1,0,10,1e-12,0.0142609,0,7.61702e-12,9.69605e-13
eigen_elementwise,599,1,0,10,1e-12,0.0143069,0,8.52651e-12,9.92438e-13
eigen_elementwise,600,1,0,10,1e-12,0.0143788,0,8.98126e-12,1.06454e-12
eigen_elementwise,601,1,0,10,1e-12,0.0144106,0,1.08002e-11,9.32487e-13
eigen_elementwise,602,1,0,10,1e-12,0.0144206,0,1.00044e-11,1.01986e-12
eigen_elementwise,603,1,0,10,1e-12,0.0142515,0,7.7307e-12,9.57034e-13
eigen_elementwise,604,1,0,10,1e-12,0.0146726,0,1.27329e-11,9.70427e-13
eigen_elementwise,605,1,0,10,1e-12,0.0146346,0,1.15961e-11,1.03156e-12
eigen_elementwise,606,1,0,10,1e-12,0.0146573,0,6.25278e-12,9.03895e-13
eigen_elementwise,607,1,0,10,1e-12,0.0147173,0,8.07177e-12,9.44506e-13
eigen_elementwise,608,1,0,10,1e-12,0.0148059,0,1.29603e-11,1.02702e-12
eigen_elementwise,609,1,0,10,1e-12,0.0144073,0,8.41283e-12,9.53867e-13
eigen_elementwise,610,1,0,10,1e-12,0.0148347,0,1.08002e-11,1.01027e-12
eigen_elementwise,611,1,0,10,1e-12,0.0148581,0,8.86757e-12,9.23077e-13
eigen_elementwise,612,1,0,10,1e-12,0.0148736,0,9.66338e-12,9.40391e-13
eigen_elementwise,613,1,0,10,1e-12,0.0149939,0,1.3415e-11,1.09742e-12
eigen_elementwise,614,1,0,10,1e-12,0.0150707,0,1.15961e-11,9.52159e-13
eigen_elementwise,615,1,0,10,1e-12,0.0151157,0,8.98126e-12,1.03573e-12
eigen_elementwise,616,1,0,10,1e-12,0.015024,0,8.98126e-12,1.07028e-12
eigen_elementwise,617,1,0,10,1e-12,0.0152376,0,1.10276e-11,9.81502e-13
eigen_elementwise,618,1,0,10,1e-12,0.0153019,0,8.29914e-12,1.03527e-12
eigen_elementwise,619,1,0,10,1e-12,0.0153505,0,1.29603e-11,1.03428e-12
eigen_elementwise,620,1,0,10,1e-12,0.0153683,0,7.7307e-12,9.79017e-13
eigen_elementwise,621,1,0,10,1e-12,0.0154296,0,7.7307e-12,1.02126e-12
eigen_elementwise,622,1,0,10,1e-12,0.0154429,0,1.08002e-11,1.01927e-12
eigen_elementwise,623,1,0,10,1e-12,0.0155425,0,8.98126e-12,1.01554e-12
eigen_elementwise,624,1,0,10,1e-12,0.015573,0,9.89075e-12,9.74591e-13
eigen_elementwise,625,1,0,10,1e-12,0.0154262,0,7.61702e-12,9.93608e-13
eigen_elementwise,626,1,0,10,1e-12,0.0154924,0,7.61702e-12,1.01459e-12
eigen_elementwise,627,1,0,10,1e-12,0.0156989,0,1.00044e-11,9.27831e-13
eigen_elementwise,628,1,0,10,1e-12,0.0156279,0,8.6402e-12,9.61813e-13
eigen_elementwise,629,1,0,10,1e-12,0.0157082,0,9.66338e-12,1.00829e-12
eigen_elementwise,630,1,0,10,1e-12,0.015537,0,1.1255e-11,9.18446e-13
eigen_elementwise,631,1,0,10,1e-12,0.0158386,0,9.32232e-12,1.0159e-12
eigen_elementwise,632,1,0,10,1e-12,0.0158117,0,9.09495e-12,1.07609e-12
eigen_elementwise,633,1,0,10,1e-12,0.0158725,0,8.52651e-12,9.31249e-13
eigen_elementwise,634,1,0,10,1e-12,0.0159801,0,1.1255e-11,9.45171e-13
eigen_elementwise,635,1,0,10,1e-12,0.0159669,0,8.98126e-12,9.60337e-13
eigen_elementwise,636,1,0,10,1e-12,0.0160765,0,8.6402e-12,8.98874e-13
eigen_elementwise,637,1,0,10,1e-12,0.0159998,0,1.47793e-11,9.35839e-13
eigen_elementwise,638,1,0,10,1e-12,0.0161062,0,6.70752e-12,9.2192e-13
eigen_elementwise,639,1,0,10,1e-12,0.0157675,0,7.7307e-12,1.00146e-12
eigen_elementwise,640,1,0,10,1e-12,0.0157312,0,8.18545e-12,9.7974e-13
eigen_elementwise,641,1,0,10,1e-12,0.0158425,0,1.04592e-11,1.08153e-12
eigen_elementwise,642,1,0,10,1e-12,0.0158814,0,7.50333e-12,9.48192e-13
eigen_elementwise,643,1,0,10,1e-12,0.0157507,0,1.01181e-11,1.00138e-12
eigen_elementwise,644,1,0,10,1e-12,0.016035,0,6.36646e-12,9.72539e-13
eigen_elementwise,645,1,0,10,1e-12,0.0159417,0,6.36646e-12,1.00472e-12
eigen_elementwise,646,1,0,10,1e-12,0.0158212,0,9.09495e-12,9.03238e-13
eigen_elementwise,647,1,0,10,1e-12,0.0161088,0,8.75389e-12,1.04953e-12
eigen_elementwise,648,1,0,10,1e-12,0.0160853,0,1.00044e-11,9.88214e-13
eigen_elementwise,649,1,0,10,1e-12,0.0160231,0,9.89075e-12,9.42652e-13
eigen_elementwise,650,1,0,10,1e-12,0.0162123,0,7.61702e-12,9.10923e-13
eigen_elementwise,651,1,0,10,1e-12,0.0163771,0,8.07177e-12,9.837e-13
eigen_elementwise,652,1,0,10,1e-12,0.0162407,0,1.21645e-11,1.04329e-12
eigen_elementwise,653,1,0,10,1e-12,0.0162969,0,8.6402e-12,1.03864e-12
eigen_elementwise,654,1,0,10,1e-12,0.0163152,0,8.52651e-12,9.13789e-13
eigen_elementwise,655,1,0,10,1e-12,0.016469,0,7.50333e-12,9.94034e-13
eigen_elementwise,656,1,0,10,1e-12,0.0163912,0,7.95808e-12,9.5906e-13
eigen_elementwise,657,1,0,10,1e-12,0.0165343,0,7.16227e-12,9.0875e-13
eigen_elementwise,658,1,0,10,1e-12,0.0165121,0,8.18545e-12,9.613e-13
eigen_elementwise,659,1,0,10,1e-12,0.0166902,0,1.08002e-11,1.0093e-12
eigen_elementwise,660,1,0,10,1e-12,0.0167139,0,1.22782e-11,1.01806e-12
eigen_elementwise,661,1,0,10,1e-12,0.0166028,0,1.11413e-11,1.01624e-12
eigen_elementwise,662,1,0,10,1e-12,0.0168507,0,9.43601e-12,1.07127e-12
eigen_elementwise,663,1,0,10,1e-12,0.0166212,0,7.95808e-12,9.78489e-13
eigen_elementwise,664,1,0,10,1e-12,0.0168184,0,1.1255e-11,1.03381e-12
eigen_elementwise,665,1,0,10,1e-12,0.0169555,0,8.52651e-12,1.01674e-12
eigen_elementwise,666,1,0,10,1e-12,0.016816,0,1.15961e-11,1.05704e-12
eigen_elementwise,667,1,0,10,1e-12,0.017071,0,7.61702e-12,9.99559e-13
eigen_elementwise,668,1,0,10,1e-12,0.0171537,0,7.16227e-12,1.0205e-12
eigen_elementwise,669,1,0,10,1e-12,0.0172948,0,9.89075e-12,1.07832e-12
eigen_elementwise,670,1,0,10,1e-12,0.0172108,0,1.08002e-11,1.11835e-12
eigen_elementwise,671,1,0,10,1e-12,0.0171374,0,1.08002e-11,1.01986e-12
eigen_elementwise,672,1,0,10,1e-12,0.0172821,0,1.08002e-11,1.07713e-12
eigen_elementwise,673,1,0,10,1e-12,0.0174631,0,9.09495e-12,9.51729e-13
eigen_elementwise,674,1,0,10,1e-12,0.0172483,0,1.03455e-11,9.6608e-13
eigen_elementwise,675,1,0,10,1e-12,0.017603,0,1.13687e-11,9.90202e-13
eigen_elementwise,676,1,0,10,1e-12,0.0175872,0,8.75389e-12,1.01089e-12
eigen_elementwise,677,1,0,10,1e-12,0.0176255,0,6.9349e-12,9.65292e-13
eigen_elementwise,678,1,0,10,1e-12,0.0176195,0,9.43601e-12,9.23603e-13
eigen_elementwise,679,1,0,10,1e-12,0.0177788,0,7.7307e-12,9.56762e-13
eigen_elementwise,680,1,0,10,1e-12,0.0178213,0,1.18234e-11,1.07965e-12
eigen_elementwise,681,1,0,10,1e-12,0.017774,0,8.18545e-12,9.95163e-13
eigen_elementwise,682,1,0,10,1e-12,0.0178214,0,1.1255e-11,9.88975e-13
eigen_elementwise,683,1,0,10,1e-12,0.0178853,0,9.32232e-12,9.29435e-13
eigen_elementwise,684,1,0,10,1e-12,0.0178992,0,6.82121e-12,9.41638e-13
eigen_elementwise,685,1,0,10,1e-12,0.0180131,0,8.75389e-12,1.00903e-12
eigen_elementwise,686,1,0,10,1e-12,0.017993,0,1.5234e-11,1.05099e-12
eigen_elementwise,687,1,0,10,1e-12,0.0181906,0,9.54969e-12,9.84079e-13
eigen_elementwise,688,1,0,10,1e-12,0.0180766,0,8.07177e-12,1.02723e-12
eigen_elementwise,689,1,0,10,1e-12,0.0181392,0,8.41283e-12,1.02117e-12
eigen_elementwise,690,1,0,10,1e-12,0.0182737,0,1.54614e-11,9.8413e-13
eigen_elementwise,691,1,0,10,1e-12,0.018244,0,6.59384e-12,9.80297e-13
eigen_elementwise,692,1,0,10,1e-12,0.0184166,0,7.50333e-12,9.81169e-13
eigen_elementwise,693,1,0,10,1e-12,0.0183934,0,1.37561e-11,1.08967e-12
eigen_elementwise,694,1,0,10,1e-12,0.0185881,0,1.09139e-11,1.01256e-12
eigen_elementwise,695,1,0,10,1e-12,0.0185889,0,1.18234e-11,9.48261e-13
eigen_elementwise,696,1,0,10,1e-12,0.018655,0,8.98126e-12,9.91185e-13
eigen_elementwise,697,1,0,10,1e-12,0.0186161,0,1.17097e-11,9.77704e-13
eigen_elementwise,698,1,0,10,1e-12,0.018696,0,1.09139e-11,1.05595e-12
eigen_elementwise,699,1,0,10,1e-12,0.018693,0,1.00044e-11,1.00825e-12
eigen_elementwise,700,1,0,10,1e-12,0.0188252,0,8.98126e-12,9.333e-13
eigen_elementwise,701,1,0,10,1e-12,0.0188107,0,1.03455e-11,9.98525e-13
eigen_elementwise,702,1,0,10,1e-12,0.0189408,0,7.38964e-12,1.05427e-12
eigen_elementwise,703,1,0,10,1e-12,0.0188916,0,7.95808e-12,9.89242e-13
eigen_elementwise,704,1,0,10,1e-12,0.0190133,0,1.10276e-11,9.31397e-13
eigen_elementwise,705,1,0,10,1e-12,0.0190534,0,7.38964e-12,9.44836e-13
eigen_elementwise,706,1,0,10,1e-12,0.0191691,0,1.13687e-11,1.07365e-12
eigen_elementwise,707,1,0,10,1e-12,0.0191676,0,8.07177e-12,1.02291e-12
eigen_elementwise,708,1,0,10,1e-12,0.019246,0,9.09495e-12,1.01459e-12
eigen_elementwise,709,1,0,10,1e-12,0.0195351,0,1.00044e-11,1.02064e-12
eigen_elementwise,710,1,0,10,1e-12,0.0191554,0,8.52651e-12,1.01072e-12
eigen_elementwise,711,1,0,10,1e-12,0.0195791,0,1.18234e-11,1.03642e-12
eigen_elementwise,712,1,0,10,1e-12,0.0193248,0,8.98126e-12,9.98281e-13
eigen_elementwise,713,1,0,10,1e-12,0.019645,0,9.77707e-12,1.02496e-12
eigen_elementwise,714,1,0,10,1e-12,0.0196346,0,7.50333e-12,1.02977e-12
eigen_elementwise,715,1,0,10,1e-12,0.0195297,0,7.27596e-12,1.01136e-12
eigen_elementwise,716,1,0,10,1e-12,0.0196859,0,8.41283e-12,1.09697e-12
eigen_elementwise,717,1,0,10,1e-12,0.0198384,0,8.6402e-12,1.08376e-12
eigen_elementwise,718,1,0,10,1e-12,0.0197199,0,1.05729e-11,9.90011e-13
eigen_elementwise,719,1,0,10,1e-12,0.0198206,0,9.09495e-12,9.51195e-13
eigen_elementwise,720,1,0,10,1e-12,0.0198556,0,1.06866e-11,1.02535e-12
eigen_elementwise,721,1,0,10,1e-12,0.0199557,0,1.15961e-11,1.0376e-12
eigen_elementwise,722,1,0,10,1e-12,0.0200143,0,1.00044e-11,9.85699e-13
eigen_elementwise,723,1,0,10,1e-12,0.0200807,0,1.06866e-11,1.08309e-12
eigen_elementwise,724,1,0,10,1e-12,0.0202357,0,8.98126e-12,9.40885e-13
eigen_elementwise,725,1,0,10,1e-12,0.0199276,0,1.13687e-11,1.03898e-12
eigen_elementwise,726,1,0,10,1e-12,0.0202491,0,9.89075e-12,9.93871e-13
eigen_elementwise,727,1,0,10,1e-12,0.0203419,0,1.11413e-11,1.06309e-12
eigen_elementwise,728,1,0,10,1e-12,0.0203304,0,8.41283e-12,1.04642e-12
eigen_elementwise,729,1,0,10,1e-12,0.0203952,0,8.07177e-12,1.04798e-12
eigen_elementwise,730,1,0,10,1e-12,0.0205188,0,7.16227e-12,9.53946e-13
eigen_elementwise,731,1,0,10,1e-12,0.0203426,0,1.05729e-11,1.03985e-12
eigen_elementwise,732,1,0,10,1e-12,0.020492,0,9.32232e-12,9.61433e-13
eigen_elementwise,733,1,0,10,1e-12,0.0205716,0,7.27596e-12,9.28726e-13
eigen_elementwise,734,1,0,10,1e-12,0.0203711,0,1.19371e-11,1.07527e-12
eigen_elementwise,735,1,0,10,1e-12,0.020128,0,1.08002e-11,9.46587e-13
eigen_elementwise,736,1,0,10,1e-12,0.0202046,0,8.41283e-12,9.5804e-13
eigen_elementwise,737,1,0,10,1e-12,0.0202825,0,7.50333e-12,9.79554e-13
eigen_elementwise,738,1,0,10,1e-12,0.0203709,0,1.21645e-11,1.00954e-12
eigen_elementwise,739,1,0,10,1e-12,0.0205225,0,1.03455e-11,1.01647e-12
eigen_elementwise,740,1,0,10,1e-12,0.0203093,0,9.89075e-12,1.0555e-12
eigen_elementwise,741,1,0,10,1e-12,0.0202186,0,1.00044e-11,1.03361e-12
eigen_elementwise,742,1,0,10,1e-12,0.0207171,0,9.89075e-12,1.04592e-12
eigen_elementwise,743,1,0,10,1e-12,0.0206935,0,1.3415e-11,1.06441e-12
eigen_elementwise,744,1,0,10,1e-12,0.0206222,0,8.75389e-12,1.04762e-12
eigen_elementwise,745,1,0,10,1e-12,0.0205483,0,8.6402e-12,1.02569e-12
eigen_elementwise,746,1,0,10,1e-12,0.020607,0,1.26192e-11,9.51593e-13
eigen_elementwise,747,1,0,10,1e-12,0.0206827,0,9.89075e-12,1.02211e-12
eigen_elementwise,748,1,0,10,1e-12,0.0207549,0,1.00044e-11,1.05021e-12
eigen_elementwise,749,1,0,10,1e-12,0.0210383,0,1.13687e-11,1.09592e-12
eigen_elementwise,750,1,0,10,1e-12,0.0208968,0,1.13687e-11,1.08972e-12
eigen_elementwise,751,1,0,10,1e-12,0.021133,0,1.01181e-11,9.83105e-13
eigen_elementwise,752,1,0,10,1e-12,0.0209784,0,9.09495e-12,9.92005e-13
eigen_elementwise,753,1,0,10,1e-12,0.0210472,0,1.13687e-11,1.1046e-12
eigen_elementwise,754,1,0,10,1e-12,0.0209989,0,1.17097e-11,1.09998e-12
eigen_elementwise,755,1,0,10,1e-12,0.0213935,0,1.15961e-11,1.05909e-12
eigen_elementwise,756,1,0,10,1e-12,0.0218581,0,9.43601e-12,1.06841e-12
eigen_elementwise,757,1,0,10,1e-12,0.0220658,0,1.06866e-11,1.09133e-12
eigen_elementwise,758,1,0,10,1e-12,0.0220151,0,1.76215e-11,1.21667e-12
eigen_elementwise,759,1,0,10,1e-12,0.0219653,0,1.44382e-11,1.08347e-12
eigen_elementwise,760,1,0,10,1e-12,0.0221455,0,1.31877e-11,1.02518e-12
eigen_elementwise,761,1,0,10,1e-12,0.0223375,0,1.37561e-11,1.06977e-12
eigen_elementwise,762,1,0,10,1e-12,0.0223536,0,1.37561e-11,1.0452e-12
eigen_elementwise,763,1,0,10,1e-12,0.0224437,0,8.07177e-12,1.04328e-12
eigen_elementwise,764,1,0,10,1e-12,0.0225605,0,7.95808e-12,9.34141e-13
eigen_elementwise,765,1,0,10,1e-12,0.0225285,0,1.11413e-11,1.09312e-12
eigen_elementwise,766,1,0,10,1e-12,0.0225183,0,9.20863e-12,9.90891e-13
eigen_elementwise,767,1,0,10,1e-12,0.0235207,0,1.62572e-11,1.01532e-12
eigen_elementwise,768,1,0,10,1e-12,0.0227819,0,8.6402e-12,1.02957e-12
eigen_elementwise,769,1,0,10,1e-12,0.0224702,0,1.18234e-11,1.03612e-12
eigen_elementwise,770,1,0,10,1e-12,0.0226624,0,1.23919e-11,9.77328e-13
eigen_elementwise,771,1,0,10,1e-12,0.023074,0,8.86757e-12,1.02007e-12
eigen_elementwise,772,1,0,10,1e-12,0.0230709,0,9.43601e-12,1.06544e-12
eigen_elementwise,773,1,0,10,1e-12,0.0230109,0,1.35287e-11,1.10902e-12
eigen_elementwise,774,1,0,10,1e-12,0.0230207,0,8.18545e-12,1.03205e-12
eigen_elementwise,775,1,0,10,1e-12,0.0230761,0,7.38964e-12,1.09317e-12
eigen_elementwise,776,1,0,10,1e-12,0.0232522,0,9.77707e-12,1.06764e-12
eigen_elementwise,777,1,0,10,1e-12,0.0232684,0,1.03455e-11,1.04247e-12
eigen_elementwise,778,1,0,10,1e-12,0.0232354,0,1.5234e-11,1.10715e-12
eigen_elementwise,779,1,0,10,1e-12,0.0235379,0,1.26192e-11,1.05581e-12
eigen_elementwise,780,1,0,10,1e-12,0.0232711,0,1.10276e-11,1.03226e-12
eigen_elementwise,781,1,0,10,1e-12,0.023459,0,1.72804e-11,1.12824e-12
eigen_elementwise,782,1,0,10,1e-12,0.0234241,0,1.21645e-11,1.05088e-12
eigen_elementwise,783,1,0,10,1e-12,0.0237191,0,1.92131e-11,1.04051e-12
eigen_elementwise,784,1,0,10,1e-12,0.0237048,0,1.01181e-11,1.06158e-12
eigen_elementwise,785,1,0,10,1e-12,0.0237712,0,1.06866e-11,9.98322e-13
eigen_elementwise,786,1,0,10,1e-12,0.0238322,0,1.08002e-11,1.09595e-12
eigen_elementwise,787,1,0,10,1e-12,0.0234955,0,1.06866e-11,9.88345e-13
eigen_elementwise,788,1,0,10,1e-12,0.0240069,0,9.09495e-12,1.0539e-12
eigen_elementwise,789,1,0,10,1e-12,0.0240884,0,1.47793e-11,1.11853e-12
eigen_elementwise,790,1,0,10,1e-12,0.0241735,0,9.09495e-12,9.49708e-13
eigen_elementwise,791,1,0,10,1e-12,0.0240322,0,1.51203e-11,1.09752e-12
eigen_elementwise,792,1,0,10,1e-12,0.0239946,0,8.52651e-12,1.03554e-12
eigen_elementwise,793,1,0,10,1e-12,0.0240511,0,1.47793e-11,1.13159e-12
eigen_elementwise,794,1,0,10,1e-12,0.024348,0,1.4893e-11,1.04442e-12
eigen_elementwise,795,1,0,10,1e-12,0.0243851,0,1.05729e-11,1.06014e-12
eigen_elementwise,796,1,0,10,1e-12,0.024516,0,1.06866e-11,9.61205e-13
eigen_elementwise,797,1,0,10,1e-12,0.0245562,0,8.07177e-12,1.00057e-12
eigen_elementwise,798,1,0,10,1e-12,0.0242376,0,1.20508e-11,1.07776e-12
eigen_elementwise,799,1,0,10,1e-12,0.0243578,0,1.59162e-11,1.1387e-12
eigen_elementwise,800,1,0,10,1e-12,0.0247251,0,1.02318e-11,1.04655e-12
eigen_elementwise,801,1,0,10,1e-12,0.0248149,0,1.04592e-11,1.04205e-12
eigen_elementwise,802,1,0,10,1e-12,0.0248267,0,9.43601e-12,1.02936e-12
eigen_elementwise,803,1,0,10,1e-12,0.0245182,0,9.43601e-12,9.99735e-13
eigen_elementwise,804,1,0,10,1e-12,0.0250296,0,1.10276e-11,1.03214e-12
eigen_elementwise,805,1,0,10,1e-12,0.0249496,0,1.09139e-11,1.08577e-12
eigen_elementwise,806,1,0,10,1e-12,0.0245184,0,9.77707e-12,1.03663e-12
eigen_elementwise,807,1,0,10,1e-12,0.0249462,0,8.29914e-12,9.60981e-13
eigen_elementwise,808,1,0,10,1e-12,0.0253603,0,1.04592e-11,1.08029e-12
eigen_elementwise,809,1,0,10,1e-12,0.0251954,0,1.20508e-11,1.08688e-12
eigen_elementwise,810,1,0,10,1e-12,0.0251207,0,1.11413e-11,1.09382e-12
eigen_elementwise,811,1,0,10,1e-12,0.0253764,0,1.19371e-11,1.05226e-12
eigen_elementwise,812,1,0,10,1e-12,0.0253135,0,8.18545e-12,1.0388e-12
eigen_elementwise,813,1,0,10,1e-12,0.0253469,0,9.77707e-12,1.08541e-12
eigen_elementwise,814,1,0,10,1e-12,0.0253995,0,1.05729e-11,9.69917e-13
eigen_elementwise,815,1,0,10,1e-12,0.025849,0,1.63709e-11,1.0739e-12
eigen_elementwise,816,1,0,10,1e-12,0.0256256,0,8.07177e-12,1.03737e-12
eigen_elementwise,817,1,0,10,1e-12,0.0255085,0,8.41283e-12,1.0566e-12
eigen_elementwise,818,1,0,10,1e-12,0.0257257,0,1.60298e-11,1.06785e-12
eigen_elementwise,819,1,0,10,1e-12,0.0256188,0,1.39835e-11,1.10291e-12
eigen_elementwise,820,1,0,10,1e-12,0.025445,0,1.09139e-11,1.09637e-12
eigen_elementwise,821,1,0,10,1e-12,0.0252948,0,8.18545e-12,1.07554e-12
eigen_elementwise,822,1,0,10,1e-12,0.0251797,0,1.61435e-11,1.12484e-12
eigen_elementwise,823,1,0,10,1e-12,0.0252378,0,1.19371e-11,1.01956e-12
eigen_elementwise,824,1,0,10,1e-12,0.0253297,0,1.43245e-11,1.03298e-12
eigen_elementwise,825,1,0,10,1e-12,0.0255895,0,8.86757e-12,1.06419e-12
eigen_elementwise,826,1,0,10,1e-12,0.0251263,0,1.04592e-11,1.04039e-12
eigen_elementwise,827,1,0,10,1e-12,0.0255895,0,1.06866e-11,1.0613e-12
eigen_elementwise,828,1,0,10,1e-12,0.0254743,0,7.95808e-12,1.01691e-12
eigen_elementwise,829,1,0,10,1e-12,0.0258694,0,1.37561e-11,1.02426e-12
eigen_elementwise,830,1,0,10,1e-12,0.0258608,0,1.00044e-11,1.00165e-12
eigen_elementwise,831,1,0,10,1e-12,0.0260432,0,1.00044e-11,1.08953e-12
eigen_elementwise,832,1,0,10,1e-12,0.02594,0,1.4893e-11,1.08728e-12
eigen_elementwise,833,1,0,10,1e-12,0.0256331,0,1.03455e-11,1.00491e-12
eigen_elementwise,834,1,0,10,1e-12,0.0260111,0,9.20863e-12,1.08293e-12
eigen_elementwise,835,1,0,10,1e-12,0.0261233,0,9.32232e-12,1.00119e-12
eigen_elementwise,836,1,0,10,1e-12,0.026394,0,1.40972e-11,1.05323e-12
eigen_elementwise,837,1,0,10,1e-12,0.0258504,0,8.41283e-12,1.02571e-12
eigen_elementwise,838,1,0,10,1e-12,0.02634,0,1.18234e-11,1.07611e-12
eigen_elementwise,839,1,0,10,1e-12,0.0266205,0,1.29603e-11,1.0214e-12
eigen_elementwise,840,1,0,10,1e-12,0.0265732,0,1.28466e-11,1.03741e-12
eigen_elementwise,841,1,0,10,1e-12,0.0263493,0,1.00044e-11,1.07488e-12
eigen_elementwise,842,1,0,10,1e-12,0.0266168,0,1.65983e-11,1.11125e-12
eigen_elementwise,843,1,0,10,1e-12,0.026816,0,8.75389e-12,9.90535e-13
eigen_elementwise,844,1,0,10,1e-12,0.0264987,0,9.54969e-12,1.03376e-12
eigen_elementwise,845,1,0,10,1e-12,0.0266916,0,1.02318e-11,1.00423e-12
eigen_elementwise,846,1,0,10,1e-12,0.0268181,0,9.77707e-12,1.00414e-12
eigen_elementwise,847,1,0,10,1e-12,0.026992,0,9.32232e-12,1.04514e-12
eigen_elementwise,848,1,0,10,1e-12,0.0269664,0,1.36424e-11,9.89476e-13
eigen_elementwise,849,1,0,10,1e-12,0.0272929,0,1.87583e-11,1.02314e-12
eigen_elementwise,850,1,0,10,1e-12,0.0270485,0,1.1255e-11,9.8842e-13
eigen_elementwise,851,1,0,10,1e-12,0.0270643,0,1.08002e-11,1.02836e-12
eigen_elementwise,852,1,0,10,1e-12,0.0274945,0,1.23919e-11,1.09592e-12
eigen_elementwise,853,1,0,10,1e-12,0.0268897,0,8.18545e-12,9.51976e-13
eigen_elementwise,854,1,0,10,1e-12,0.0273972,0,1.10276e-11,1.03471e-12
eigen_elementwise,855,1,0,10,1e-12,0.027521,0,1.01181e-11,1.04369e-12
eigen_elementwise,856,1,0,10,1e-12,0.0275659,0,1.51203e-11,1.14465e-12
eigen_elementwise,857,1,0,10,1e-12,0.0275811,0,1.44382e-11,1.08068e-12
eigen_elementwise,858,1,0,10,1e-12,0.0277116,0,1.1255e-11,1.17109e-12
eigen_elementwise,859,1,0,10,1e-12,0.0278288,0,1.31877e-11,1.09893e-12
eigen_elementwise,860,1,0,10,1e-12,0.027737,0,1.40972e-11,1.05519e-12
eigen_elementwise,861,1,0,10,1e-12,0.0276537,0,1.29603e-11,1.0181e-12
eigen_elementwise,862,1,0,10,1e-12,0.0280146,0,9.66338e-12,1.03157e-12
eigen_elementwise,863,1,0,10,1e-12,0.0278411,0,1.25056e-11,1.00652e-12
eigen_elementwise,864,1,0,10,1e-12,0.0281485,0,1.23919e-11,1.04243e-12
eigen_elementwise,865,1,0,10,1e-12,0.0280319,0,1.10276e-11,9.9482e-13
eigen_elementwise,866,1,0,10,1e-12,0.0282759,0,1.04592e-11,1.01941e-12
eigen_elementwise,867,1,0,10,1e-12,0.028217,0,1.27329e-11,1.06152e-12
eigen_elementwise,868,1,0,10,1e-12,0.0284281,0,1.64846e-11,1.18428e-12
eigen_elementwise,869,1,0,10,1e-12,0.0283297,0,1.00044e-11,1.05243e-12
eigen_elementwise,870,1,0,10,1e-12,0.0284032,0,1.20508e-11,9.94124e-13
eigen_elementwise,871,1,0,10,1e-12,0.0286536,0,1.04592e-11,1.07393e-12
eigen_elementwise,872,1,0,10,1e-12,0.0286617,0,1.02318e-11,1.08354e-12
eigen_elementwise,873,1,0,10,1e-12,0.028932,0,1.39835e-11,1.10071e-12
eigen_elementwise,874,1,0,10,1e-12,0.0285583,0,8.98126e-12,1.15205e-12
eigen_elementwise,875,1,0,10,1e-12,0.0288269,0,9.89075e-12,1.15774e-12
eigen_elementwise,876,1,0,10,1e-12,0.0290772,0,1.04592e-11,1.04381e-12
eigen_elementwise,877,1,0,10,1e-12,0.0289535,0,1.11413e-11,1.17673e-12
eigen_elementwise,878,1,0,10,1e-12,0.0287147,0,8.86757e-12,1.01571e-12
eigen_elementwise,879,1,0,10,1e-12,0.0290678,0,8.18545e-12,1.05384e-12
eigen_elementwise,880,1,0,10,1e-12,0.0291773,0,6.36646e-12,9.44073e-13
eigen_elementwise,881,1,0,10,1e-12,0.0293924,0,1.01181e-11,1.01528e-12
eigen_elementwise,882,1,0,10,1e-12,0.0293894,0,1.05729e-11,1.18927e-12
eigen_elementwise,883,1,0,10,1e-12,0.0294413,0,8.41283e-12,1.03369e-12
eigen_elementwise,884,1,0,10,1e-12,0.0294675,0,9.20863e-12,1.10585e-12
eigen_elementwise,885,1,0,10,1e-12,0.0294483,0,9.20863e-12,1.05193e-12
eigen_elementwise,886,1,0,10,1e-12,0.0296409,0,1.09139e-11,1.01083e-12
eigen_elementwise,887,1,0,10,1e-12,0.0296907,0,1.15961e-11,1.10143e-12
eigen_elementwise,888,1,0,10,1e-12,0.0294704,0,1.1255e-11,1.00719e-12
eigen_elementwise,889,1,0,10,1e-12,0.0297282,0,1.05729e-11,1.1207e-12
eigen_elementwise,890,1,0,10,1e-12,0.0297051,0,1.5234e-11,1.10965e-12
eigen_elementwise,891,1,0,10,1e-12,0.0299601,0,8.98126e-12,1.02636e-12
eigen_elementwise,892,1,0,10,1e-12,0.0301823,0,1.13687e-11,9.7167e-13
eigen_elementwise,893,1,0,10,1e-12,0.0300733,0,1.15961e-11,1.01024e-12
eigen_elementwise,894,1,0,10,1e-12,0.029938,0,1.33014e-11,1.09038e-12
eigen_elementwise,895,1,0,10,1e-12,0.0309594,0,1.14824e-11,1.07318e-12
eigen_elementwise,896,1,0,10,1e-12,0.0297433,0,1.1255e-11,1.0577e-12
eigen_elementwise,897,1,0,10,1e-12,0.0298624,0,1.43245e-11,1.07032e-12
eigen_elementwise,898,1,0,10,1e-12,0.0297967,0,7.38964e-12,1.07658e-12
eigen_elementwise,899,1,0,10,1e-12,0.0295067,0,1.03455e-11,1.08436e-12
eigen_elementwise,900,1,0,10,1e-12,0.029963,0,1.3415e-11,1.04199e-12
eigen_elementwise,901,1,0,10,1e-12,0.0301593,0,2.80806e-11,1.10569e-12
eigen_elementwise,902,1,0,10,1e-12,0.0297868,0,1.33014e-11,1.00856e-12
eigen_elementwise,903,1,0,10,1e-12,0.0301458,0,9.20863e-12,9.916e-13
eigen_elementwise,904,1,0,10,1e-12,0.029872,0,1.01181e-11,1.04841e-12
eigen_elementwise,905,1,0,10,1e-12,0.0302573,0,1.43245e-11,1.13019e-12
eigen_elementwise,906,1,0,10,1e-12,0.0300401,0,1.05729e-11,1.04168e-12
eigen_elementwise,907,1,0,10,1e-12,0.0298531,0,1.73941e-11,1.12028e-12
eigen_elementwise,908,1,0,10,1e-12,0.030007,0,1.00044e-11,1.10935e-12
eigen_elementwise,909,1,0,10,1e-12,0.0302579,0,1.17097e-11,1.14175e-12
eigen_elementwise,910,1,0,10,1e-12,0.0304036,0,1.28466e-11,1.09538e-12
eigen_elementwise,911,1,0,10,1e-12,0.030607,0,1.03455e-11,1.09316e-12
eigen_elementwise,912,1,0,10,1e-12,0.0310277,0,1.05729e-11,1.01993e-12
eigen_elementwise,913,1,0,10,1e-12,0.0312714,0,1.50067e-11,1.18494e-12
eigen_elementwise,914,1,0,10,1e-12,0.030831,0,9.66338e-12,1.14681e-12
eigen_elementwise,915,1,0,10,1e-12,0.0314648,0,9.89075e-12,1.14544e-12
eigen_elementwise,916,1,0,10,1e-12,0.0316234,0,1.08002e-11,1.12101e-12
eigen_elementwise,917,1,0,10,1e-12,0.0316204,0,1.00044e-11,1.10344e-12
eigen_elementwise,918,1,0,10,1e-12,0.031735,0,1.15961e-11,1.06057e-12
eigen_elementwise,919,1,0,10,1e-12,0.0318129,0,7.7307e-12,1.0509e-12
eigen_elementwise,920,1,0,10,1e-12,0.0319143,0,8.86757e-12,1.10483e-12
eigen_elementwise,921,1,0,10,1e-12,0.0321033,0,1.17097e-11,1.09254e-12
eigen_elementwise,922,1,0,10,1e-12,0.0319601,0,8.6402e-12,1.02193e-12
eigen_elementwise,923,1,0,10,1e-12,0.0321996,0,1.54614e-11,1.13296e-12
eigen_elementwise,924,1,0,10,1e-12,0.0321165,0,1.40972e-11,1.20045e-12
eigen_elementwise,925,1,0,10,1e-12,0.0320366,0,1.14824e-11,1.07958e-12
eigen_elementwise,926,1,0,10,1e-12,0.0322299,0,1.31877e-11,1.06785e-12
eigen_elementwise,927,1,0,10,1e-12,0.0319358,0,9.77707e-12,1.05885e-12
eigen_elementwise,928,1,0,10,1e-12,0.0324315,0,1.13687e-11,1.02552e-12
eigen_elementwise,929,1,0,10,1e-12,0.0325733,0,1.44382e-11,1.16457e-12
eigen_elementwise,930,1,0,10,1e-12,0.0327794,0,9.66338e-12,1.00421e-12
eigen_elementwise,931,1,0,10,1e-12,0.0323911,0,9.20863e-12,1.01321e-12
eigen_elementwise,932,1,0,10,1e-12,0.0328172,0,1.10276e-11,1.11968e-12
eigen_elementwise,933,1,0,10,1e-12,0.032841,0,1.13687e-11,1.0717e-12
eigen_elementwise,934,1,0,10,1e-12,0.0326065,0,1.4893e-11,1.17501e-12
eigen_elementwise,935,1,0,10,1e-12,0.0330619,0,1.21645e-11,1.14784e-12
eigen_elementwise,936,1,0,10,1e-12,0.0328473,0,1.08002e-11,1.04822e-12
eigen_elementwise,937,1,0,10,1e-12,0.0328935,0,9.09495e-12,1.04535e-12
eigen_elementwise,938,1,0,10,1e-12,0.0333286,0,1.23919e-11,1.09731e-12
eigen_elementwise,939,1,0,10,1e-12,0.0334706,0,1.05729e-11,1.06995e-12
eigen_elementwise,940,1,0,10,1e-12,0.0332944,0,2.02363e-11,1.13956e-12
eigen_elementwise,941,1,0,10,1e-12,0.0333519,0,1.69393e-11,1.14886e-12
eigen_elementwise,942,1,0,10,1e-12,0.033361,0,9.77707e-12,1.0406e-12
eigen_elementwise,943,1,0,10,1e-12,0.0333323,0,1.1255e-11,1.0075e-12
eigen_elementwise,944,1,0,10,1e-12,0.0337577,0,1.1255e-11,1.07799e-12
eigen_elementwise,945,1,0,10,1e-12,0.0334625,0,1.6712e-11,1.01708e-12
eigen_elementwise,946,1,0,10,1e-12,0.0335983,0,1.15961e-11,1.09444e-12
eigen_elementwise,947,1,0,10,1e-12,0.0332047,0,1.35287e-11,1.10578e-12
eigen_elementwise,948,1,0,10,1e-12,0.0339295,0,1.11413e-11,1.05807e-12
eigen_elementwise,949,1,0,10,1e-12,0.0334451,0,1.56888e-11,1.10103e-12
eigen_elementwise,950,1,0,10,1e-12,0.0341185,0,1.37561e-11,1.07974e-12
eigen_elementwise,951,1,0,10,1e-12,0.0342269,0,1.36424e-11,1.06794e-12
eigen_elementwise,952,1,0,10,1e-12,0.0337301,0,1.18234e-11,1.10375e-12
eigen_elementwise,953,1,0,10,1e-12,0.0342908,0,1.08002e-11,1.13273e-12
eigen_elementwise,954,1,0,10,1e-12,0.0341976,0,1.8872e-11,1.1162e-12
eigen_elementwise,955,1,0,10,1e-12,0.0343782,0,1.02318e-11,1.11764e-12
eigen_elementwise,956,1,0,10,1e-12,0.0345035,0,1.64846e-11,1.08094e-12
eigen_elementwise,957,1,0,10,1e-12,0.0343114,0,1.09139e-11,1.08717e-12
eigen_elementwise,958,1,0,10,1e-12,0.0347004,0,2.10321e-11,1.09951e-12
eigen_elementwise,959,1,0,10,1e-12,0.0348266,0,9.77707e-12,1.1101e-12
eigen_elementwise,960,1,0,10,1e-12,0.0347866,0,1.14824e-11,1.06662e-12
eigen_elementwise,961,1,0,10,1e-12,0.0347114,0,1.3415e-11,1.07969e-12
eigen_elementwise,962,1,0,10,1e-12,0.0349219,0,1.17097e-11,1.09116e-12
eigen_elementwise,963,1,0,10,1e-12,0.0343983,0,1.26192e-11,1.13041e-12
eigen_elementwise,964,1,0,10,1e-12,0.0346958,0,1.1255e-11,1.11969e-12
eigen_elementwise,965,1,0,10,1e-12,0.0350612,0,1.09139e-11,1.05294e-12
eigen_elementwise,966,1,0,10,1e-12,0.0344333,0,1.08002e-11,1.02315e-12
eigen_elementwise,967,1,0,10,1e-12,0.0344881,0,1.33014e-11,1.06655e-12
eigen_elementwise,968,1,0,10,1e-12,0.0342516,0,1.00044e-11,1.07721e-12
eigen_elementwise,969,1,0,10,1e-12,0.0348053,0,1.38698e-11,1.08172e-12
eigen_elementwise,970,1,0,10,1e-12,0.0343989,0,1.64846e-11,1.13128e-12
eigen_elementwise,971,1,0,10,1e-12,0.0346495,0,2.05773e-11,1.17448e-12
eigen_elementwise,972,1,0,10,1e-12,0.0347146,0,9.77707e-12,1.02836e-12
eigen_elementwise,973,1,0,10,1e-12,0.0350156,0,1.33014e-11,1.11132e-12
eigen_elementwise,974,1,0,10,1e-12,0.0349069,0,1.09139e-11,1.10282e-12
eigen_elementwise,975,1,0,10,1e-12,0.0351953,0,1.53477e-11,1.14562e-12
eigen_elementwise,976,1,0,10,1e-12,0.0351272,0,1.36424e-11,1.11534e-12
eigen_elementwise,977,1,0,10,1e-12,0.0351893,0,1.13687e-11,1.02314e-12
eigen_elementwise,978,1,0,10,1e-12,0.0349452,0,1.10276e-11,1.11589e-12
eigen_elementwise,979,1,0,10,1e-12,0.035402,0,1.25056e-11,1.14433e-12
eigen_elementwise,980,1,0,10,1e-12,0.0355138,0,1.04592e-11,1.21051e-12
eigen_elementwise,981,1,0,10,1e-12,0.0353576,0,9.89075e-12,1.06533e-12
eigen_elementwise,982,1,0,10,1e-12,0.0359055,0,1.31877e-11,1.12535e-12
eigen_elementwise,983,1,0,10,1e-12,0.0355925,0,1.14824e-11,1.19736e-12
eigen_elementwise,984,1,0,10,1e-12,0.0350526,0,1.28466e-11,1.05143e-12
eigen_elementwise,985,1,0,10,1e-12,0.035813,0,1.17097e-11,1.09923e-12
eigen_elementwise,986,1,0,10,1e-12,0.035769,0,9.20863e-12,1.05448e-12
eigen_elementwise,987,1,0,10,1e-12,0.0360503,0,2.48974e-11,1.18096e-12
eigen_elementwise,988,1,0,10,1e-12,0.0358678,0,1.17097e-11,1.1254e-12
eigen_elementwise,989,1,0,10,1e-12,0.0354906,0,1.11413e-11,1.04684e-12
eigen_elementwise,990,1,0,10,1e-12,0.0361066,0,9.66338e-12,1.10819e-12
eigen_elementwise,991,1,0,10,1e-12,0.0360562,0,1.09139e-11,1.08362e-12
eigen_elementwise,992,1,0,10,1e-12,0.036931,0,1.01181e-11,1.01712e-12
eigen_elementwise,993,1,0,10,1e-12,0.0364737,0,1.3074e-11,1.14884e-12
eigen_elementwise,994,1,0,10,1e-12,0.0363417,0,1.6712e-11,1.10587e-12
eigen_elementwise,995,1,0,10,1e-12,0.0365434,0,9.09495e-12,1.11693e-12
eigen_elementwise,996,1,0,10,1e-12,0.0363557,0,9.66338e-12,1.1009e-12
eigen_elementwise,997,1,0,10,1e-12,0.0365511,0,1.18234e-11,1.10918e-12
eigen_elementwise,998,1,0,10,1e-12,0.0372138,0,1.04592e-11,1.05e-12
eigen_elementwise,999,1,0,10,1e-12,0.0367229,0,9.66338e-12,1.10286e-12
eigen_elementwise,1000,1,0,10,1e-12,0.0366248,0,9.43601e-12,1.08321e-12
