version, size, hermitian, complex, seed, tol, runtime in s,min_error, max_error, avg_error
basic,1,1,0,7,1e-12,2.863e-06,0,0,0
basic,2,1,0,7,1e-12,4.819e-06,5.68434e-14,1.13687e-13,8.52651e-14
basic,3,1,0,7,1e-12,3.422e-06,2.84217e-14,5.68434e-13,2.36848e-13
basic,4,1,0,7,1e-12,4.75e-06,2.84217e-14,5.68434e-13,2.4869e-13
basic,5,1,0,7,1e-12,6.705e-06,5.68434e-14,2.27374e-13,1.36424e-13
basic,6,1,0,7,1e-12,7.543e-06,0,3.41061e-13,1.23161e-13
basic,7,1,0,7,1e-12,1.0266e-05,5.68434e-14,3.41061e-13,1.46169e-13
basic,8,1,0,7,1e-12,2.2978e-05,0,2.55795e-13,9.59233e-14
basic,9,1,0,7,1e-12,1.4247e-05,0,7.95808e-13,1.83162e-13
basic,10,1,0,7,1e-12,1.6203e-05,0,7.95808e-13,1.98952e-13
basic,11,1,0,7,1e-12,2.2978e-05,0,4.54747e-13,1.57611e-13
basic,12,1,0,7,1e-12,2.5771e-05,5.68434e-14,6.82121e-13,2.27374e-13
basic,13,1,0,7,1e-12,1.1803e-05,5.68434e-14,5.68434e-13,2.84217e-13
basic,14,1,0,7,1e-12,1.1314e-05,5.68434e-14,3.41061e-13,2.13163e-13
basic,15,1,0,7,1e-12,1.3968e-05,5.68434e-14,5.68434e-13,3.39166e-13
basic,16,1,0,7,1e-12,1.5085e-05,5.68434e-14,1.13687e-12,3.94351e-13
basic,17,1,0,7,1e-12,1.732e-05,5.68434e-14,1.47793e-12,3.24342e-13
basic,18,1,0,7,1e-12,1.8648e-05,0,1.25056e-12,4.07378e-13
basic,19,1,0,7,1e-12,2.0254e-05,0,1.13687e-12,3.06655e-13
basic,20,1,0,7,1e-12,2.186e-05,0,1.93268e-12,4.12115e-13
basic,21,1,0,7,1e-12,2.193e-05,0,1.13687e-12,2.76097e-13
basic,22,1,0,7,1e-12,2.4375e-05,5.68434e-14,7.95808e-13,3.03596e-13
basic,23,1,0,7,1e-12,2.5563e-05,0,9.09495e-13,2.44674e-13
basic,24,1,0,7,1e-12,2.8704e-05,0,1.19371e-12,2.96059e-13
basic,25,1,0,7,1e-12,2.9543e-05,0,2.16005e-12,4.26326e-13
basic,26,1,0,7,1e-12,3.3105e-05,0,1.7053e-12,3.92438e-13
basic,27,1,0,7,1e-12,3.5201e-05,0,1.7053e-12,5.32644e-13
basic,28,1,0,7,1e-12,3.7295e-05,5.68434e-14,1.81899e-12,4.86214e-13
basic,29,1,0,7,1e-12,4.2394e-05,0,2.16005e-12,3.69482e-13
basic,30,1,0,7,1e-12,4.4629e-05,2.84217e-14,2.72848e-12,4.88853e-13
basic,31,1,0,7,1e-12,4.6584e-05,2.84217e-14,1.93268e-12,4.91421e-13
basic,32,1,0,7,1e-12,5.1613e-05,0,2.38742e-12,5.19584e-13
basic,33,1,0,7,1e-12,5.6223e-05,0,1.47793e-12,3.64315e-13
basic,34,1,0,7,1e-12,6.2508e-05,0,1.7053e-12,4.81497e-13
basic,35,1,0,7,1e-12,6.2438e-05,0,1.13687e-12,3.0533e-13
basic,36,1,0,7,1e-12,6.6699e-05,0,2.16005e-12,4.26326e-13
basic,37,1,0,7,1e-12,6.8375e-05,0,1.36424e-12,3.45093e-13
basic,38,1,0,7,1e-12,7.0609e-05,0,2.27374e-12,3.59759e-13
basic,39,1,0,7,1e-12,7.9759e-05,0,2.6148e-12,4.73149e-13
basic,40,1,0,7,1e-12,8.0248e-05,5.68434e-14,1.13687e-12,3.89644e-13
basic,41,1,0,7,1e-12,8.0527e-05,0,3.41061e-12,4.00157e-13
basic,42,1,0,7,1e-12,8.1924e-05,0,1.25056e-12,4.94166e-13
basic,43,1,0,7,1e-12,8.6394e-05,0,2.27374e-12,3.76092e-13
basic,44,1,0,7,1e-12,9.0166e-05,0,2.04636e-12,4.93666e-13
basic,45,1,0,7,1e-12,9.722e-05,0,3.41061e-12,4.74721e-13
basic,46,1,0,7,1e-12,0.000108673,0,2.72848e-12,5.24257e-13
basic,47,1,0,7,1e-12,0.000108813,0,2.27374e-12,4.33204e-13
basic,48,1,0,7,1e-12,0.000110769,0,2.27374e-12,4.55413e-13
basic,49,1,0,7,1e-12,0.000119219,2.13163e-14,1.59162e-12,4.90419e-13
basic,50,1,0,7,1e-12,0.000122083,0,3.29692e-12,6.00835e-13
basic,51,1,0,7,1e-12,0.000132699,0,2.38742e-12,4.36009e-13
basic,52,1,0,7,1e-12,0.000129557,0,2.38742e-12,4.96355e-13
basic,53,1,0,7,1e-12,0.000135004,0,2.16005e-12,4.72042e-13
basic,54,1,0,7,1e-12,0.000138846,0,3.06954e-12,5.29815e-13
basic,55,1,0,7,1e-12,0.000141569,0,1.93268e-12,3.6341e-13
basic,56,1,0,7,1e-12,0.00014513,0,2.16005e-12,4.56207e-13
basic,57,1,0,7,1e-12,0.000149461,0,1.59162e-12,3.0946e-13
basic,58,1,0,7,1e-12,0.000169087,0,2.72848e-12,6.10638e-13
basic,59,1,0,7,1e-12,0.000161473,0,3.06954e-12,4.32528e-13
basic,60,1,0,7,1e-12,0.000176978,0,2.6148e-12,5.00755e-13
basic,61,1,0,7,1e-12,0.000172299,0,3.18323e-12,6.73734e-13
basic,62,1,0,7,1e-12,0.000183335,0,5.00222e-12,5.28609e-13
basic,63,1,0,7,1e-12,0.00019381,0,2.95586e-12,4.67266e-13
basic,64,1,0,7,1e-12,0.000187106,0,4.54747e-12,6.1301e-13
basic,65,1,0,7,1e-12,0.000194439,0,3.63798e-12,5.3329e-13
basic,66,1,0,7,1e-12,0.000208477,0,4.54747e-12,6.19518e-13
basic,67,1,0,7,1e-12,0.000210013,0,2.27374e-12,6.11544e-13
basic,68,1,0,7,1e-12,0.000221118,0,3.63798e-12,5.7904e-13
basic,69,1,0,7,1e-12,0.000221957,0,2.95586e-12,5.59681e-13
basic,70,1,0,7,1e-12,0.000222795,0,2.16005e-12,5.55137e-13
basic,71,1,0,7,1e-12,0.000241372,0,1.81899e-12,4.35533e-13
basic,72,1,0,7,1e-12,0.00025143,0,3.52429e-12,5.42874e-13
basic,73,1,0,7,1e-12,0.000245982,0,4.54747e-12,6.04448e-13
basic,74,1,0,7,1e-12,0.000258833,0,3.29692e-12,5.80149e-13
basic,75,1,0,7,1e-12,0.000266586,0,3.41061e-12,6.19972e-13
basic,76,1,0,7,1e-12,0.000265748,0,2.04636e-12,4.54934e-13
basic,77,1,0,7,1e-12,0.000269938,0,3.41061e-12,5.65297e-13
basic,78,1,0,7,1e-12,0.000278668,0,4.66116e-12,5.98769e-13
basic,79,1,0,7,1e-12,0.000305766,0,2.95586e-12,4.77728e-13
basic,80,1,0,7,1e-12,0.000287608,0,3.52429e-12,5.45564e-13
basic,81,1,0,7,1e-12,0.000306605,0,3.86535e-12,5.48697e-13
basic,82,1,0,7,1e-12,0.000304719,0,3.63798e-12,5.88494e-13
basic,83,1,0,7,1e-12,0.000306744,0,3.41061e-12,5.99553e-13
basic,84,1,0,7,1e-12,0.000321412,0,3.29692e-12,6.07599e-13
basic,85,1,0,7,1e-12,0.000324414,0,2.95586e-12,5.24882e-13
basic,86,1,0,7,1e-12,0.000332027,0,3.75167e-12,5.39434e-13
basic,87,1,0,7,1e-12,0.000364434,1.42109e-14,2.95586e-12,5.77173e-13
basic,88,1,0,7,1e-12,0.000359335,0,2.84217e-12,4.93262e-13
basic,89,1,0,7,1e-12,0.000354795,0,4.77485e-12,6.12584e-13
basic,90,1,0,7,1e-12,0.000372396,0,2.84217e-12,5.98948e-13
basic,91,1,0,7,1e-12,0.000366529,0,3.18323e-12,5.68434e-13
basic,92,1,0,7,1e-12,0.000380428,0,3.86535e-12,5.50516e-13
basic,93,1,0,7,1e-12,0.000379659,0,2.95586e-12,5.64423e-13
basic,94,1,0,7,1e-12,0.000392649,0,3.29692e-12,5.8941e-13
basic,95,1,0,7,1e-12,0.000400193,0,2.95586e-12,5.57851e-13
basic,96,1,0,7,1e-12,0.00041025,0,3.41061e-12,4.92976e-13
basic,97,1,0,7,1e-12,0.000429735,0,3.75167e-12,6.89117e-13
basic,98,1,0,7,1e-12,0.000435114,0,4.09273e-12,6.87269e-13
basic,99,1,0,7,1e-12,0.000436441,0,3.18323e-12,6.55852e-13
basic,100,1,0,7,1e-12,0.000441958,0,3.97904e-12,5.99023e-13
basic,101,1,0,7,1e-12,0.000446358,0,3.52429e-12,4.57632e-13
basic,102,1,0,7,1e-12,0.000457113,0,3.52429e-12,4.77318e-13
basic,103,1,0,7,1e-12,0.000473806,0,3.97904e-12,6.17413e-13
basic,104,1,0,7,1e-12,0.000481349,0,3.75167e-12,5.79571e-13
basic,105,1,0,7,1e-12,0.000482815,0,4.20641e-12,6.23552e-13
basic,106,1,0,7,1e-12,0.00052898,0,2.84217e-12,5.32036e-13
basic,107,1,0,7,1e-12,0.000501323,0,3.52429e-12,6.69902e-13
basic,108,1,0,7,1e-12,0.00050293,0,2.04636e-12,4.98104e-13
basic,109,1,0,7,1e-12,0.000525419,0,3.06954e-12,5.91576e-13
basic,110,1,0,7,1e-12,0.00052493,0,5.68434e-12,6.84027e-13
basic,111,1,0,7,1e-12,0.000535825,0,4.3201e-12,5.75508e-13
basic,112,1,0,7,1e-12,0.000543368,0,2.84217e-12,6.5205e-13
basic,113,1,0,7,1e-12,0.000554962,0,4.88853e-12,5.54884e-13
basic,114,1,0,7,1e-12,0.000567184,0,3.63798e-12,6.98856e-13
basic,115,1,0,7,1e-12,0.000581083,0,3.97904e-12,6.12302e-13
basic,116,1,0,7,1e-12,0.00058171,0,4.20641e-12,5.92905e-13
basic,117,1,0,7,1e-12,0.000614886,0,5.91172e-12,6.4043e-13
basic,118,1,0,7,1e-12,0.00062173,0,2.72848e-12,6.11308e-13
basic,119,1,0,7,1e-12,0.000625991,0,3.86535e-12,6.40205e-13
basic,120,1,0,7,1e-12,0.000629692,0,2.6148e-12,5.43624e-13
basic,121,1,0,7,1e-12,0.000640936,0,6.25278e-12,7.48008e-13
basic,122,1,0,7,1e-12,0.000655952,0,4.20641e-12,6.67735e-13
basic,123,1,0,7,1e-12,0.000668105,0,4.77485e-12,7.23829e-13
basic,124,1,0,7,1e-12,0.000684657,0,4.66116e-12,6.67595e-13
basic,125,1,0,7,1e-12,0.000698137,0,3.75167e-12,6.41165e-13
basic,126,1,0,7,1e-12,0.000681096,0,3.97904e-12,6.30127e-13
basic,127,1,0,7,1e-12,0.000709172,0,2.84217e-12,5.76407e-13
basic,128,1,0,7,1e-12,0.000697788,0,4.43379e-12,6.9289e-13
basic,129,1,0,7,1e-12,0.000720207,0,4.54747e-12,5.17539e-13
basic,130,1,0,7,1e-12,0.000738086,0,4.54747e-12,6.50147e-13
basic,131,1,0,7,1e-12,0.00074528,0,5.34328e-12,7.9513e-13
basic,132,1,0,7,1e-12,0.000753451,0,3.86535e-12,7.11377e-13
basic,133,1,0,7,1e-12,0.000748283,0,3.52429e-12,5.91887e-13
basic,134,1,0,7,1e-12,0.000792423,0,4.09273e-12,6.10987e-13
basic,135,1,0,7,1e-12,0.00078949,0,3.63798e-12,6.53173e-13
basic,136,1,0,7,1e-12,0.000859471,0,4.20641e-12,7.19372e-13
basic,137,1,0,7,1e-12,0.000810931,0,5.91172e-12,7.35801e-13
basic,138,1,0,7,1e-12,0.000827414,0,3.97904e-12,5.89467e-13
basic,139,1,0,7,1e-12,0.000845921,0,5.57066e-12,6.87412e-13
basic,140,1,0,7,1e-12,0.000863941,0,3.63798e-12,6.37991e-13
basic,141,1,0,7,1e-12,0.000879027,0,3.29692e-12,5.86903e-13
basic,142,1,0,7,1e-12,0.000877769,0,4.66116e-12,5.66258e-13
basic,143,1,0,7,1e-12,0.000906753,0,4.77485e-12,6.20756e-13
basic,144,1,0,7,1e-12,0.000937693,0,4.54747e-12,6.15508e-13
basic,145,1,0,7,1e-12,0.000932875,0,5.22959e-12,6.77931e-13
basic,146,1,0,7,1e-12,0.000914367,0,5.11591e-12,6.65355e-13
basic,147,1,0,7,1e-12,0.000940138,0,5.00222e-12,6.71801e-13
basic,148,1,0,7,1e-12,0.000934621,0,5.79803e-12,7.72115e-13
basic,149,1,0,7,1e-12,0.000957878,0,3.75167e-12,6.14643e-13
basic,150,1,0,7,1e-12,0.000967795,0,4.54747e-12,6.75513e-13
basic,151,1,0,7,1e-12,0.000968424,0,6.59384e-12,6.20266e-13
basic,152,1,0,7,1e-12,0.00103917,0,5.91172e-12,7.15039e-13
basic,153,1,0,7,1e-12,0.00100509,0,5.57066e-12,6.6605e-13
basic,154,1,0,7,1e-12,0.00103352,0,6.13909e-12,6.97687e-13
basic,155,1,0,7,1e-12,0.00104413,0,5.34328e-12,7.41388e-13
basic,156,1,0,7,1e-12,0.00105936,0,5.00222e-12,7.22994e-13
basic,157,1,0,7,1e-12,0.00107458,0,3.86535e-12,6.67763e-13
basic,158,1,0,7,1e-12,0.00107759,0,3.97904e-12,6.60484e-13
basic,159,1,0,7,1e-12,0.00111795,0,3.29692e-12,5.91172e-13
basic,160,1,0,7,1e-12,0.00115651,0,4.54747e-12,6.38484e-13
basic,161,1,0,7,1e-12,0.00111062,0,5.11591e-12,7.49554e-13
basic,162,1,0,7,1e-12,0.00112878,0,2.84217e-12,6.08849e-13
basic,163,1,0,7,1e-12,0.0011262,0,7.27596e-12,6.17303e-13
basic,164,1,0,7,1e-12,0.0011762,0,4.66116e-12,5.96301e-13
basic,165,1,0,7,1e-12,0.00119387,0,3.63798e-12,6.01289e-13
basic,166,1,0,7,1e-12,0.00115748,0,3.41061e-12,6.22929e-13
basic,167,1,0,7,1e-12,0.00120952,0,7.27596e-12,6.71442e-13
basic,168,1,0,7,1e-12,0.0012876,0,4.54747e-12,6.78293e-13
basic,169,1,0,7,1e-12,0.00122928,0,5.11591e-12,8.0809e-13
basic,170,1,0,7,1e-12,0.00126749,0,6.0254e-12,7.19712e-13
basic,171,1,0,7,1e-12,0.00129004,0,3.97904e-12,6.47557e-13
basic,172,1,0,7,1e-12,0.00123424,0,8.41283e-12,7.37968e-13
basic,173,1,0,7,1e-12,0.00128669,0,4.54747e-12,6.15633e-13
basic,174,1,0,7,1e-12,0.00132231,0,5.91172e-12,6.62602e-13
basic,175,1,0,7,1e-12,0.00128271,0,7.16227e-12,7.22926e-13
basic,176,1,0,7,1e-12,0.00140277,0,4.43379e-12,7.04772e-13
basic,177,1,0,7,1e-12,0.0013793,0,3.41061e-12,5.93474e-13
basic,178,1,0,7,1e-12,0.00133391,0,4.54747e-12,7.10765e-13
basic,179,1,0,7,1e-12,0.00144251,0,4.20641e-12,6.2915e-13
basic,180,1,0,7,1e-12,0.00219498,0,4.88853e-12,6.5249e-13
basic,181,1,0,7,1e-12,0.00138901,0,5.79803e-12,7.89745e-13
basic,182,1,0,7,1e-12,0.0014928,0,4.77485e-12,7.62879e-13
basic,183,1,0,7,1e-12,0.00147568,0,4.66116e-12,6.81456e-13
basic,184,1,0,7,1e-12,0.0015157,0,5.45697e-12,8.02689e-13
basic,185,1,0,7,1e-12,0.00146905,0,6.0254e-12,7.7224e-13
basic,186,1,0,7,1e-12,0.00147967,0,5.22959e-12,6.75918e-13
basic,187,1,0,7,1e-12,0.00153177,0,4.09273e-12,6.79487e-13
basic,188,1,0,7,1e-12,0.00155293,0,4.54747e-12,6.86505e-13
basic,189,1,0,7,1e-12,0.00149685,0,4.77485e-12,7.62652e-13
basic,190,1,0,7,1e-12,0.00157004,0,4.3201e-12,7.02654e-13
basic,191,1,0,7,1e-12,0.00155956,0,3.75167e-12,6.6698e-13
basic,192,1,0,7,1e-12,0.00165378,0,5.57066e-12,7.0263e-13
basic,193,1,0,7,1e-12,0.00155782,0,3.75167e-12,6.79484e-13
basic,194,1,0,7,1e-12,0.00164959,0,4.3201e-12,5.39731e-13
basic,195,1,0,7,1e-12,0.00163904,0,5.68434e-12,6.44982e-13
basic,196,1,0,7,1e-12,0.00166377,0,6.70752e-12,8.15203e-13
basic,197,1,0,7,1e-12,0.00164526,0,4.54747e-12,6.55167e-13
basic,198,1,0,7,1e-12,0.00169687,0,5.68434e-12,7.82501e-13
basic,199,1,0,7,1e-12,0.00172048,0,4.66116e-12,6.54369e-13
basic,200,1,0,7,1e-12,0.00178438,0,6.9349e-12,7.55929e-13
basic,201,1,0,7,1e-12,0.00168814,0,3.97904e-12,6.67508e-13
basic,202,1,0,7,1e-12,0.00178019,0,5.79803e-12,7.25802e-13
basic,203,1,0,7,1e-12,0.00180569,0,6.48015e-12,7.51451e-13
basic,204,1,0,7,1e-12,0.00177914,0,5.34328e-12,6.97085e-13
basic,205,1,0,7,1e-12,0.00180764,0,5.00222e-12,7.10863e-13
basic,206,1,0,7,1e-12,0.0017642,0,5.57066e-12,6.79094e-13
basic,207,1,0,7,1e-12,0.00190297,0,5.68434e-12,6.92964e-13
basic,208,1,0,7,1e-12,0.00193266,0,4.66116e-12,6.72994e-13
basic,209,1,0,7,1e-12,0.00189166,0,4.54747e-12,6.36271e-13
basic,210,1,0,7,1e-12,0.00191352,0,7.38964e-12,7.38535e-13
basic,211,1,0,7,1e-12,0.00188461,0,6.9349e-12,7.30487e-13
basic,212,1,0,7,1e-12,0.00194572,0,5.91172e-12,7.66108e-13
basic,213,1,0,7,1e-12,0.00196325,0,4.3201e-12,6.25551e-13
basic,214,1,0,7,1e-12,0.00200131,0,4.54747e-12,6.79156e-13
basic,215,1,0,7,1e-12,0.00198993,0,6.48015e-12,8.11171e-13
basic,216,1,0,7,1e-12,0.00205844,0,4.66116e-12,7.48736e-13
basic,217,1,0,7,1e-12,0.00197261,0,4.66116e-12,6.6792e-13
basic,218,1,0,7,1e-12,0.00205195,0,6.48015e-12,7.823e-13
basic,219,1,0,7,1e-12,0.00209392,0,5.68434e-12,7.13905e-13
basic,220,1,0,7,1e-12,0.00213925,0,5.11591e-12,7.00214e-13
basic,221,1,0,7,1e-12,0.00212402,0,4.77485e-12,7.07709e-13
basic,222,1,0,7,1e-12,0.00217152,0,3.86535e-12,7.6674e-13
basic,223,1,0,7,1e-12,0.00217445,0,6.9349e-12,8.45486e-13
basic,224,1,0,7,1e-12,0.00225127,0,4.66116e-12,7.45941e-13
basic,225,1,0,7,1e-12,0.002081,0,4.77485e-12,6.36248e-13
basic,226,1,0,7,1e-12,0.00222976,0,6.48015e-12,7.66036e-13
basic,227,1,0,7,1e-12,0.00228745,0,4.09273e-12,7.63233e-13
basic,228,1,0,7,1e-12,0.00227425,0,6.25278e-12,7.40939e-13
basic,229,1,0,7,1e-12,0.00228277,0,6.36646e-12,7.68327e-13
basic,230,1,0,7,1e-12,0.00232133,0,6.82121e-12,7.12537e-13
basic,231,1,0,7,1e-12,0.00233439,0,5.79803e-12,6.81444e-13
basic,232,1,0,7,1e-12,0.00236344,0,5.11591e-12,7.48845e-13
basic,233,1,0,7,1e-12,0.00234507,0,5.00222e-12,6.74152e-13
basic,234,1,0,7,1e-12,0.00232056,0,7.50333e-12,9.20409e-13
basic,235,1,0,7,1e-12,0.00238921,0,6.0254e-12,7.64629e-13
basic,236,1,0,7,1e-12,0.00243098,0,6.13909e-12,7.35989e-13
basic,237,1,0,7,1e-12,0.00246555,0,7.84439e-12,7.94521e-13
basic,238,1,0,7,1e-12,0.00246394,0,4.20641e-12,6.32751e-13
basic,239,1,0,7,1e-12,0.0024821,0,7.16227e-12,8.01258e-13
basic,240,1,0,7,1e-12,0.00253211,0,6.0254e-12,7.77989e-13
basic,241,1,0,7,1e-12,0.00250312,0,8.18545e-12,7.09809e-13
basic,242,1,0,7,1e-12,0.00257869,0,5.45697e-12,7.83061e-13
basic,243,1,0,7,1e-12,0.00256025,0,6.25278e-12,7.24655e-13
basic,244,1,0,7,1e-12,0.00262465,0,5.68434e-12,7.23565e-13
basic,245,1,0,7,1e-12,0.00261284,0,5.68434e-12,7.63542e-13
basic,246,1,0,7,1e-12,0.00267445,0,5.11591e-12,7.30792e-13
basic,247,1,0,7,1e-12,0.00262604,0,5.22959e-12,6.89868e-13
basic,248,1,0,7,1e-12,0.00273444,0,8.98126e-12,8.43413e-13
basic,249,1,0,7,1e-12,0.00266062,0,5.57066e-12,7.3396e-13
basic,250,1,0,7,1e-12,0.00268492,0,4.43379e-12,6.60251e-13
basic,251,1,0,7,1e-12,0.00273632,0,5.45697e-12,7.15989e-13
basic,252,1,0,7,1e-12,0.00277369,0,4.66116e-12,7.24877e-13
basic,253,1,0,7,1e-12,0.00281462,0,4.3201e-12,7.83259e-13
basic,254,1,0,7,1e-12,0.00280302,0,5.22959e-12,7.81751e-13
basic,255,1,0,7,1e-12,0.00285855,0,5.22959e-12,7.76515e-13
basic,256,1,0,7,1e-12,0.00303944,0,5.45697e-12,7.13846e-13
basic,257,1,0,7,1e-12,0.00289431,0,6.70752e-12,7.42611e-13
basic,258,1,0,7,1e-12,0.002782,0,5.91172e-12,7.8358e-13
basic,259,1,0,7,1e-12,0.00292497,0,6.59384e-12,8.42789e-13
basic,260,1,0,7,1e-12,0.00294166,0,6.0254e-12,8.00887e-13
basic,261,1,0,7,1e-12,0.00301695,0,5.57066e-12,7.07969e-13
basic,262,1,0,7,1e-12,0.00295395,0,5.22959e-12,6.6597e-13
basic,263,1,0,7,1e-12,0.00304062,0,6.82121e-12,7.88338e-13
basic,264,1,0,7,1e-12,0.00304942,0,5.57066e-12,7.22533e-13
basic,265,1,0,7,1e-12,0.00306591,0,4.66116e-12,6.52093e-13
basic,266,1,0,7,1e-12,0.00305697,0,7.27596e-12,7.22435e-13
basic,267,1,0,7,1e-12,0.00309189,0,6.48015e-12,7.76325e-13
basic,268,1,0,7,1e-12,0.00316732,0,5.57066e-12,7.48795e-13
basic,269,1,0,7,1e-12,0.00314888,0,5.34328e-12,7.50837e-13
basic,270,1,0,7,1e-12,0.00315712,0,6.70752e-12,8.53813e-13
basic,271,1,0,7,1e-12,0.00318701,0,9.66338e-12,8.7095e-13
basic,272,1,0,7,1e-12,0.00319162,0,5.22959e-12,7.0644e-13
basic,273,1,0,7,1e-12,0.00327096,0,7.38964e-12,8.35937e-13
basic,274,1,0,7,1e-12,0.00323269,0,5.79803e-12,7.67709e-13
basic,275,1,0,7,1e-12,0.00329394,0,5.91172e-12,7.17117e-13
basic,276,1,0,7,1e-12,0.00333794,0,5.22959e-12,6.8514e-13
basic,277,1,0,7,1e-12,0.00334548,0,8.75389e-12,7.78041e-13
basic,278,1,0,7,1e-12,0.00337405,0,5.45697e-12,7.40393e-13
basic,279,1,0,7,1e-12,0.00340219,0,9.89075e-12,7.51002e-13
basic,280,1,0,7,1e-12,0.00339465,0,5.57066e-12,7.2177e-13
basic,281,1,0,7,1e-12,0.00339751,0,4.20641e-12,7.4737e-13
basic,282,1,0,7,1e-12,0.00340282,0,7.04858e-12,7.82878e-13
basic,283,1,0,7,1e-12,0.00343055,0,7.84439e-12,8.29747e-13
basic,284,1,0,7,1e-12,0.00349446,0,5.91172e-12,6.53376e-13
basic,285,1,0,7,1e-12,0.00354111,0,7.61702e-12,7.83768e-13
basic,286,1,0,7,1e-12,0.00350249,0,1.03455e-11,7.88872e-13
basic,287,1,0,7,1e-12,0.00358916,0,4.88853e-12,7.91579e-13
basic,288,1,0,7,1e-12,0.00358036,0,7.27596e-12,7.982e-13
basic,289,1,0,7,1e-12,0.00364028,0,9.77707e-12,7.80421e-13
basic,290,1,0,7,1e-12,0.00362869,0,5.34328e-12,7.67428e-13
basic,291,1,0,7,1e-12,0.00363547,0,5.57066e-12,7.73845e-13
basic,292,1,0,7,1e-12,0.00368994,0,5.45697e-12,7.9364e-13
basic,293,1,0,7,1e-12,0.00366187,0,7.04858e-12,8.21496e-13
basic,294,1,0,7,1e-12,0.00370426,0,5.57066e-12,7.14362e-13
basic,295,1,0,7,1e-12,0.00377997,0,6.0254e-12,7.73284e-13
basic,296,1,0,7,1e-12,0.00378255,0,7.27596e-12,7.52718e-13
basic,297,1,0,7,1e-12,0.00380281,0,4.3201e-12,7.00476e-13
basic,298,1,0,7,1e-12,0.00381775,0,5.79803e-12,7.7502e-13
basic,299,1,0,7,1e-12,0.00388047,0,7.50333e-12,7.49623e-13
basic,300,1,0,7,1e-12,0.00391965,0,8.98126e-12,7.75028e-13
basic,301,1,0,7,1e-12,0.00388529,0,6.70752e-12,8.62777e-13
basic,302,1,0,7,1e-12,0.00398893,0,6.82121e-12,7.94294e-13
basic,303,1,0,7,1e-12,0.00397999,0,6.13909e-12,8.43261e-13
basic,304,1,0,7,1e-12,0.00402316,0,4.77485e-12,7.25591e-13
basic,305,1,0,7,1e-12,0.00399222,0,6.48015e-12,6.4689e-13
basic,306,1,0,7,1e-12,0.00417953,0,5.00222e-12,7.45178e-13
basic,307,1,0,7,1e-12,0.00411255,0,6.70752e-12,8.031e-13
basic,308,1,0,7,1e-12,0.00413714,0,4.77485e-12,8.12075e-13
basic,309,1,0,7,1e-12,0.00417052,0,1.02318e-11,7.77511e-13
basic,310,1,0,7,1e-12,0.00418009,0,7.95808e-12,8.27941e-13
basic,311,1,0,7,1e-12,0.00424455,0,7.61702e-12,7.51184e-13
basic,312,1,0,7,1e-12,0.00420544,0,9.32232e-12,8.31765e-13
basic,313,1,0,7,1e-12,0.00423981,0,1.11413e-11,8.3738e-13
basic,314,1,0,7,1e-12,0.00434876,0,9.66338e-12,9.4961e-13
basic,315,1,0,7,1e-12,0.00434513,0,7.61702e-12,8.70579e-13
basic,316,1,0,7,1e-12,0.00438242,0,6.59384e-12,8.32253e-13
basic,317,1,0,7,1e-12,0.00439353,0,6.36646e-12,8.38144e-13
basic,318,1,0,7,1e-12,0.00439381,0,9.32232e-12,8.79166e-13
basic,319,1,0,7,1e-12,0.00446868,0,7.50333e-12,9.07582e-13
basic,320,1,0,7,1e-12,0.00446546,0,7.7307e-12,7.82666e-13
basic,321,1,0,7,1e-12,0.0044691,0,4.66116e-12,7.22314e-13
basic,322,1,0,7,1e-12,0.00449864,0,6.70752e-12,8.10765e-13
basic,323,1,0,7,1e-12,0.00460808,0,6.13909e-12,8.40903e-13
basic,324,1,0,7,1e-12,0.0045235,0,7.38964e-12,8.67968e-13
basic,325,1,0,7,1e-12,0.00458461,0,7.16227e-12,8.70485e-13
basic,326,1,0,7,1e-12,0.00464943,0,8.6402e-12,8.48595e-13
basic,327,1,0,7,1e-12,0.00471333,0,6.70752e-12,8.74168e-13
basic,328,1,0,7,1e-12,0.00471396,0,5.57066e-12,8.22422e-13
basic,329,1,0,7,1e-12,0.00467918,0,6.9349e-12,7.63442e-13
basic,330,1,0,7,1e-12,0.00474511,0,6.82121e-12,7.48598e-13
basic,331,1,0,7,1e-12,0.00470397,0,9.66338e-12,8.94689e-13
basic,332,1,0,7,1e-12,0.00485651,0,9.66338e-12,8.36006e-13
basic,333,1,0,7,1e-12,0.00477165,0,5.68434e-12,7.95593e-13
basic,334,1,0,7,1e-12,0.00482319,0,6.0254e-12,8.23006e-13
basic,335,1,0,7,1e-12,0.00487662,0,6.59384e-12,8.97328e-13
basic,336,1,0,7,1e-12,0.00494046,0,6.9349e-12,8.64016e-13
basic,337,1,0,7,1e-12,0.00487941,0,8.86757e-12,8.64273e-13
basic,338,1,0,7,1e-12,0.00500129,0,6.9349e-12,8.51593e-13
basic,339,1,0,7,1e-12,0.00494081,0,6.70752e-12,8.73853e-13
basic,340,1,0,7,1e-12,0.00501149,0,5.68434e-12,7.61902e-13
basic,341,1,0,7,1e-12,0.00508203,0,6.0254e-12,7.47585e-13
basic,342,1,0,7,1e-12,0.0050779,0,1.04592e-11,8.33106e-13
basic,343,1,0,7,1e-12,0.00512644,0,8.52651e-12,7.9317e-13
basic,344,1,0,7,1e-12,0.00511541,0,7.16227e-12,9.12593e-13
basic,345,1,0,7,1e-12,0.00517331,0,7.38964e-12,7.74408e-13
basic,346,1,0,7,1e-12,0.00514768,0,1.06866e-11,8.97223e-13
basic,347,1,0,7,1e-12,0.00520809,0,6.48015e-12,7.96985e-13
basic,348,1,0,7,1e-12,0.00518511,0,6.13909e-12,8.2286e-13
basic,349,1,0,7,1e-12,0.005319,0,8.52651e-12,9.2127e-13
basic,350,1,0,7,1e-12,0.00537431,0,7.27596e-12,8.51622e-13
basic,351,1,0,7,1e-12,0.00535008,0,6.59384e-12,8.94775e-13
basic,352,1,0,7,1e-12,0.00536062,0,5.79803e-12,8.63479e-13
basic,353,1,0,7,1e-12,0.00542453,0,5.34328e-12,7.88665e-13
basic,354,1,0,7,1e-12,0.00540979,0,5.91172e-12,7.58013e-13
basic,355,1,0,7,1e-12,0.00545533,0,7.38964e-12,8.18141e-13
basic,356,1,0,7,1e-12,0.00551043,0,7.16227e-12,8.32356e-13
basic,357,1,0,7,1e-12,0.00555667,0,7.16227e-12,7.70504e-13
basic,358,1,0,7,1e-12,0.00553236,0,8.07177e-12,8.81745e-13
basic,359,1,0,7,1e-12,0.00561771,0,5.00222e-12,8.42789e-13
basic,360,1,0,7,1e-12,0.00563615,0,7.50333e-12,8.5756e-13
basic,361,1,0,7,1e-12,0.00566667,0,7.16227e-12,9.26188e-13
basic,362,1,0,7,1e-12,0.00563727,0,6.70752e-12,8.28826e-13
basic,363,1,0,7,1e-12,0.0057773,0,9.54969e-12,9.01959e-13
basic,364,1,0,7,1e-12,0.00572729,0,6.82121e-12,8.41494e-13
basic,365,1,0,7,1e-12,0.00580768,0,1.03455e-11,9.1825e-13
basic,366,1,0,7,1e-12,0.00588276,0,1.00044e-11,8.61181e-13
basic,367,1,0,7,1e-12,0.00576354,0,6.0254e-12,8.45664e-13
basic,368,1,0,7,1e-12,0.0057796,0,6.59384e-12,8.82057e-13
basic,369,1,0,7,1e-12,0.00593179,0,7.95808e-12,8.58166e-13
basic,370,1,0,7,1e-12,0.00589805,0,7.38964e-12,7.99299e-13
basic,371,1,0,7,1e-12,0.0059151,0,8.86757e-12,8.63836e-13
basic,372,1,0,7,1e-12,0.0059871,0,7.04858e-12,7.88413e-13
basic,373,1,0,7,1e-12,0.00605925,0,7.84439e-12,8.78145e-13
basic,374,1,0,7,1e-12,0.00607888,0,8.86757e-12,8.5959e-13
basic,375,1,0,7,1e-12,0.00612909,0,5.68434e-12,8.71314e-13
basic,376,1,0,7,1e-12,0.00608705,0,8.86757e-12,8.49984e-13
basic,377,1,0,7,1e-12,0.00616862,0,6.9349e-12,8.98741e-13
basic,378,1,0,7,1e-12,0.00611715,0,9.89075e-12,8.83967e-13
basic,379,1,0,7,1e-12,0.00612602,0,8.18545e-12,8.99526e-13
basic,380,1,0,7,1e-12,0.00619893,0,9.89075e-12,7.78775e-13
basic,381,1,0,7,1e-12,0.00621395,0,5.45697e-12,8.77916e-13
basic,382,1,0,7,1e-12,0.00622163,0,1.00044e-11,8.54195e-13
basic,383,1,0,7,1e-12,0.00632122,0,9.43601e-12,8.94014e-13
basic,384,1,0,7,1e-12,0.00638988,0,1.00044e-11,8.92762e-13
basic,385,1,0,7,1e-12,0.00645804,0,6.36646e-12,8.94347e-13
basic,386,1,0,7,1e-12,0.00653724,0,6.36646e-12,8.97877e-13
basic,387,1,0,7,1e-12,0.00643472,0,9.32232e-12,9.61546e-13
basic,388,1,0,7,1e-12,0.00639128,0,8.6402e-12,7.34082e-13
basic,389,1,0,7,1e-12,0.00650128,0,7.16227e-12,7.9762e-13
basic,390,1,0,7,1e-12,0.0067189,0,7.16227e-12,8.3613e-13
basic,391,1,0,7,1e-12,0.00662951,0,8.52651e-12,8.83734e-13
basic,392,1,0,7,1e-12,0.00667414,0,6.70752e-12,7.93539e-13
basic,393,1,0,7,1e-12,0.00662085,0,6.48015e-12,7.89258e-13
basic,394,1,0,7,1e-12,0.00673329,0,5.79803e-12,8.55185e-13
basic,395,1,0,7,1e-12,0.00678693,0,6.70752e-12,8.81337e-13
basic,396,1,0,7,1e-12,0.00671918,0,5.91172e-12,8.33575e-13
basic,397,1,0,7,1e-12,0.00675941,0,9.54969e-12,9.21862e-13
basic,398,1,0,7,1e-12,0.00682101,0,6.48015e-12,8.27514e-13
basic,399,1,0,7,1e-12,0.00683463,0,8.52651e-12,8.54189e-13
basic,400,1,0,7,1e-12,0.00689281,0,9.20863e-12,9.36162e-13
basic,401,1,0,7,1e-12,0.00685474,0,6.25278e-12,8.96702e-13
basic,402,1,0,7,1e-12,0.00690901,0,6.36646e-12,8.44029e-13
basic,403,1,0,7,1e-12,0.00700484,0,6.48015e-12,8.3743e-13
basic,404,1,0,7,1e-12,0.00698165,0,7.16227e-12,9.00292e-13
basic,405,1,0,7,1e-12,0.00702425,0,8.6402e-12,8.36644e-13
basic,406,1,0,7,1e-12,0.00708781,0,8.41283e-12,9.56136e-13
basic,407,1,0,7,1e-12,0.00707475,0,7.95808e-12,8.58919e-13
basic,408,1,0,7,1e-12,0.00717329,0,8.86757e-12,8.70578e-13
basic,409,1,0,7,1e-12,0.00711532,0,8.07177e-12,9.05375e-13
basic,410,1,0,7,1e-12,0.00718929,0,6.0254e-12,8.16473e-13
basic,411,1,0,7,1e-12,0.00726346,0,7.27596e-12,8.91008e-13
basic,412,1,0,7,1e-12,0.00723538,0,7.50333e-12,8.95572e-13
basic,413,1,0,7,1e-12,0.00732932,0,8.07177e-12,9.05028e-13
basic,414,1,0,7,1e-12,0.00740789,0,1.00044e-11,9.08147e-13
basic,415,1,0,7,1e-12,0.00736529,0,8.18545e-12,8.42218e-13
basic,416,1,0,7,1e-12,0.00751154,0,6.0254e-12,8.49116e-13
basic,417,1,0,7,1e-12,0.00753703,0,6.9349e-12,9.8214e-13
basic,418,1,0,7,1e-12,0.00751237,0,8.18545e-12,8.79476e-13
basic,419,1,0,7,1e-12,0.00755952,0,7.61702e-12,9.43434e-13
basic,420,1,0,7,1e-12,0.00761134,0,7.50333e-12,8.63446e-13
basic,421,1,0,7,1e-12,0.00762705,0,6.25278e-12,8.76721e-13
basic,422,1,0,7,1e-12,0.00765576,0,8.98126e-12,8.85585e-13
basic,423,1,0,7,1e-12,0.00767776,0,7.38964e-12,8.67986e-13
basic,424,1,0,7,1e-12,0.00768858,0,9.89075e-12,9.63443e-13
basic,425,1,0,7,1e-12,0.00782519,0,7.04858e-12,8.24981e-13
basic,426,1,0,7,1e-12,0.00780641,0,6.36646e-12,8.95621e-13
basic,427,1,0,7,1e-12,0.00783371,0,7.38964e-12,8.18211e-13
basic,428,1,0,7,1e-12,0.00790488,0,8.52651e-12,9.04393e-13
basic,429,1,0,7,1e-12,0.00796446,0,7.95808e-12,9.19249e-13
basic,430,1,0,7,1e-12,0.0080225,0,1.01181e-11,9.39864e-13
basic,431,1,0,7,1e-12,0.00798583,0,9.66338e-12,9.03743e-13
basic,432,1,0,7,1e-12,0.00798723,0,1.04592e-11,9.59626e-13
basic,433,1,0,7,1e-12,0.00804785,0,8.52651e-12,9.97672e-13
basic,434,1,0,7,1e-12,0.00812719,0,8.6402e-12,9.4233e-13
basic,435,1,0,7,1e-12,0.008057,0,7.61702e-12,8.74044e-13
basic,436,1,0,7,1e-12,0.00821267,0,7.84439e-12,8.43304e-13
basic,437,1,0,7,1e-12,0.00821121,0,8.29914e-12,8.80458e-13
basic,438,1,0,7,1e-12,0.0082844,0,6.13909e-12,8.78432e-13
basic,439,1,0,7,1e-12,0.00826415,0,8.07177e-12,8.81536e-13
basic,440,1,0,7,1e-12,0.00834209,0,6.9349e-12,9.4822e-13
basic,441,1,0,7,1e-12,0.00842814,0,6.9349e-12,9.18887e-13
basic,442,1,0,7,1e-12,0.00846753,0,6.59384e-12,8.49781e-13
basic,443,1,0,7,1e-12,0.00841095,0,1.04592e-11,8.99538e-13
basic,444,1,0,7,1e-12,0.00843764,0,8.6402e-12,8.16615e-13
basic,445,1,0,7,1e-12,0.00853234,0,9.43601e-12,9.12399e-13
basic,446,1,0,7,1e-12,0.00861594,0,8.29914e-12,9.98614e-13
basic,447,1,0,7,1e-12,0.00856538,0,7.38964e-12,9.39886e-13
basic,448,1,0,7,1e-12,0.00859213,0,7.7307e-12,9.06371e-13
basic,449,1,0,7,1e-12,0.00855979,0,7.50333e-12,8.34722e-13
basic,450,1,0,7,1e-12,0.00860344,0,6.36646e-12,8.18288e-13
basic,451,1,0,7,1e-12,0.00863389,0,9.54969e-12,9.26222e-13
basic,452,1,0,7,1e-12,0.00874808,0,1.06866e-11,8.86335e-13
basic,453,1,0,7,1e-12,0.00870429,0,1.08002e-11,9.48029e-13
basic,454,1,0,7,1e-12,0.00880081,0,1.01181e-11,8.27345e-13
basic,455,1,0,7,1e-12,0.00881939,0,6.70752e-12,9.11151e-13
basic,456,1,0,7,1e-12,0.0089516,0,8.07177e-12,9.27344e-13
basic,457,1,0,7,1e-12,0.00889447,0,8.41283e-12,8.0948e-13
basic,458,1,0,7,1e-12,0.00894022,0,9.54969e-12,9.00697e-13
basic,459,1,0,7,1e-12,0.00901152,0,5.34328e-12,8.763e-13
basic,460,1,0,7,1e-12,0.00908004,0,1.01181e-11,9.45084e-13
basic,461,1,0,7,1e-12,0.00915065,0,1.1255e-11,9.994e-13
basic,462,1,0,7,1e-12,0.00933657,0,7.27596e-12,9.60843e-13
basic,463,1,0,7,1e-12,0.00914744,0,1.20508e-11,9.38273e-13
basic,464,1,0,7,1e-12,0.00928565,0,7.7307e-12,8.97375e-13
basic,465,1,0,7,1e-12,0.00924333,0,7.38964e-12,8.70603e-13
basic,466,1,0,7,1e-12,0.0093108,0,8.29914e-12,9.40706e-13
basic,467,1,0,7,1e-12,0.00937386,0,5.34328e-12,9.47528e-13
basic,468,1,0,7,1e-12,0.00952556,0,1.40972e-11,8.73291e-13
basic,469,1,0,7,1e-12,0.0093849,0,6.25278e-12,8.52182e-13
basic,470,1,0,7,1e-12,0.00959798,0,9.54969e-12,9.09901e-13
basic,471,1,0,7,1e-12,0.00957158,0,6.25278e-12,8.96109e-13
basic,472,1,0,7,1e-12,0.00956104,0,7.16227e-12,9.22472e-13
basic,473,1,0,7,1e-12,0.0095836,0,7.84439e-12,8.88103e-13
basic,474,1,0,7,1e-12,0.00961901,0,8.86757e-12,9.08976e-13
basic,475,1,0,7,1e-12,0.00968522,0,9.66338e-12,8.73867e-13
basic,476,1,0,7,1e-12,0.00975233,0,8.86757e-12,9.54665e-13
basic,477,1,0,7,1e-12,0.0100287,0,8.41283e-12,8.54496e-13
basic,478,1,0,7,1e-12,0.00974346,0,8.6402e-12,9.20136e-13
basic,479,1,0,7,1e-12,0.00986199,0,9.77707e-12,8.82974e-13
basic,480,1,0,7,1e-12,0.00990368,0,7.61702e-12,8.36476e-13
basic,481,1,0,7,1e-12,0.00996982,0,7.7307e-12,9.07916e-13
basic,482,1,0,7,1e-12,0.00998931,0,1.10276e-11,9.68088e-13
basic,483,1,0,7,1e-12,0.0100143,0,8.07177e-12,9.10933e-13
basic,484,1,0,7,1e-12,0.0101969,0,7.38964e-12,9.1441e-13
basic,485,1,0,7,1e-12,0.0100736,0,1.00044e-11,9.00801e-13
basic,486,1,0,7,1e-12,0.0100923,0,9.77707e-12,9.25894e-13
basic,487,1,0,7,1e-12,0.0101532,0,8.29914e-12,8.70436e-13
basic,488,1,0,7,1e-12,0.0101393,0,8.07177e-12,8.39375e-13
basic,489,1,0,7,1e-12,0.0103668,0,7.7307e-12,9.94389e-13
basic,490,1,0,7,1e-12,0.0101532,0,9.54969e-12,8.9542e-13
basic,491,1,0,7,1e-12,0.0104274,0,4.88853e-12,7.99768e-13
basic,492,1,0,7,1e-12,0.0104678,0,7.7307e-12,9.20109e-13
basic,493,1,0,7,1e-12,0.0103744,0,8.86757e-12,9.67477e-13
basic,494,1,0,7,1e-12,0.0104917,0,6.59384e-12,8.60838e-13
basic,495,1,0,7,1e-12,0.0105276,0,8.86757e-12,9.30189e-13
basic,496,1,0,7,1e-12,0.0106439,0,9.32232e-12,8.64044e-13
basic,497,1,0,7,1e-12,0.0105253,0,8.75389e-12,9.43937e-13
basic,498,1,0,7,1e-12,0.0106231,0,9.43601e-12,8.80273e-13
basic,499,1,0,7,1e-12,0.0108124,0,1.27329e-11,8.13771e-13
basic,500,1,0,7,1e-12,0.0108286,0,8.6402e-12,9.35129e-13
basic,501,1,0,7,1e-12,0.010786,0,9.54969e-12,9.58204e-13
basic,502,1,0,7,1e-12,0.0108209,0,1.18234e-11,9.18568e-13
basic,503,1,0,7,1e-12,0.0107923,0,1.03455e-11,9.15487e-13
basic,504,1,0,7,1e-12,0.0107997,0,7.04858e-12,8.86935e-13
basic,505,1,0,7,1e-12,0.0108678,0,1.02318e-11,9.02135e-13
basic,506,1,0,7,1e-12,0.010995,0,7.95808e-12,8.84586e-13
basic,507,1,0,7,1e-12,0.0110992,0,1.46656e-11,9.50861e-13
basic,508,1,0,7,1e-12,0.0110631,0,1.26192e-11,9.19206e-13
basic,509,1,0,7,1e-12,0.0111099,0,7.84439e-12,9.58026e-13
basic,510,1,0,7,1e-12,0.0118807,0,1.09139e-11,9.17514e-13
basic,511,1,0,7,1e-12,0.0136949,0,7.50333e-12,8.76422e-13
basic,512,1,0,7,1e-12,0.0130093,0,6.59384e-12,8.44242e-13
basic,513,1,0,7,1e-12,0.0118127,0,6.13909e-12,9.16324e-13
basic,514,1,0,7,1e-12,0.0122948,0,7.7307e-12,8.45053e-13
basic,515,1,0,7,1e-12,0.0118756,0,6.9349e-12,8.6874e-13
basic,516,1,0,7,1e-12,0.0114027,0,1.00044e-11,1.0034e-12
basic,517,1,0,7,1e-12,0.0113586,0,1.08002e-11,8.83994e-13
basic,518,1,0,7,1e-12,0.0115078,0,7.61702e-12,9.16173e-13
basic,519,1,0,7,1e-12,0.0115545,0,9.32232e-12,9.99342e-13
basic,520,1,0,7,1e-12,0.0116002,0,9.09495e-12,9.3625e-13
basic,521,1,0,7,1e-12,0.0116617,0,8.07177e-12,9.51314e-13
basic,522,1,0,7,1e-12,0.0117544,0,7.16227e-12,8.91711e-13
basic,523,1,0,7,1e-12,0.0118555,0,9.43601e-12,9.62409e-13
basic,524,1,0,7,1e-12,0.0118731,0,9.09495e-12,9.40966e-13
basic,525,1,0,7,1e-12,0.0119528,0,8.98126e-12,9.43165e-13
basic,526,1,0,7,1e-12,0.0119131,0,1.28466e-11,9.77758e-13
basic,527,1,0,7,1e-12,0.0119734,0,8.41283e-12,8.90542e-13
basic,528,1,0,7,1e-12,0.0119003,0,6.82121e-12,9.10349e-13
basic,529,1,0,7,1e-12,0.0119607,0,8.18545e-12,8.87397e-13
basic,530,1,0,7,1e-12,0.0120707,0,7.50333e-12,8.779e-13
basic,531,1,0,7,1e-12,0.0120182,0,9.20863e-12,8.8761e-13
basic,532,1,0,7,1e-12,0.0121618,0,1.19371e-11,1.0017e-12
basic,533,1,0,7,1e-12,0.0122657,0,7.16227e-12,8.58537e-13
basic,534,1,0,7,1e-12,0.0122061,0,8.07177e-12,9.05054e-13
basic,535,1,0,7,1e-12,0.0122329,0,7.16227e-12,9.31341e-13
basic,536,1,0,7,1e-12,0.0121933,0,8.6402e-12,9.84509e-13
basic,537,1,0,7,1e-12,0.0123333,0,1.31877e-11,1.01492e-12
basic,538,1,0,7,1e-12,0.0123099,0,8.98126e-12,8.70987e-13
basic,539,1,0,7,1e-12,0.0119776,0,5.91172e-12,9.30587e-13
basic,540,1,0,7,1e-12,0.0119476,0,7.50333e-12,8.52376e-13
basic,541,1,0,7,1e-12,0.012123,0,8.18545e-12,9.93493e-13
basic,542,1,0,7,1e-12,0.011982,0,1.06866e-11,8.89882e-13
basic,543,1,0,7,1e-12,0.0120116,0,9.77707e-12,9.13354e-13
basic,544,1,0,7,1e-12,0.0120984,0,7.38964e-12,9.2572e-13
basic,545,1,0,7,1e-12,0.0122168,0,7.95808e-12,9.54034e-13
basic,546,1,0,7,1e-12,0.012063,0,8.52651e-12,8.85038e-13
basic,547,1,0,7,1e-12,0.0122852,0,8.98126e-12,9.02877e-13
basic,548,1,0,7,1e-12,0.012283,0,1.35287e-11,9.10357e-13
basic,549,1,0,7,1e-12,0.0122613,0,9.77707e-12,9.82836e-13
basic,550,1,0,7,1e-12,0.0124467,0,8.29914e-12,9.60027e-13
basic,551,1,0,7,1e-12,0.0123326,0,6.82121e-12,9.46733e-13
basic,552,1,0,7,1e-12,0.0124609,0,1.1255e-11,9.56612e-13
basic,553,1,0,7,1e-12,0.0123354,0,8.07177e-12,9.17297e-13
basic,554,1,0,7,1e-12,0.0124223,0,1.02318e-11,1.01946e-12
basic,555,1,0,7,1e-12,0.0124631,0,7.84439e-12,8.96442e-13
basic,556,1,0,7,1e-12,0.0125285,0,9.32232e-12,1.0152e-12
basic,557,1,0,7,1e-12,0.0127675,0,8.75389e-12,9.47305e-13
basic,558,1,0,7,1e-12,0.0125753,0,1.01181e-11,9.71547e-13
basic,559,1,0,7,1e-12,0.0128747,0,9.20863e-12,9.86476e-13
basic,560,1,0,7,1e-12,0.0127927,0,9.32232e-12,9.7227e-13
basic,561,1,0,7,1e-12,0.0129626,0,6.36646e-12,8.8638e-13
basic,562,1,0,7,1e-12,0.0129326,0,8.29914e-12,9.55839e-13
basic,563,1,0,7,1e-12,0.0128997,0,8.75389e-12,9.4147e-13
basic,564,1,0,7,1e-12,0.0129761,0,1.17097e-11,9.67749e-13
basic,565,1,0,7,1e-12,0.0129084,0,7.04858e-12,8.79736e-13
basic,566,1,0,7,1e-12,0.013066,0,7.50333e-12,9.05687e-13
basic,567,1,0,7,1e-12,0.0131343,0,6.13909e-12,9.07088e-13
basic,568,1,0,7,1e-12,0.0131318,0,8.41283e-12,8.81886e-13
basic,569,1,0,7,1e-12,0.0131806,0,6.48015e-12,1.01143e-12
basic,570,1,0,7,1e-12,0.0133268,0,1.14824e-11,9.6377e-13
basic,571,1,0,7,1e-12,0.0133344,0,1.03455e-11,9.6514e-13
basic,572,1,0,7,1e-12,0.0133069,0,8.29914e-12,9.29294e-13
basic,573,1,0,7,1e-12,0.0133581,0,1.09139e-11,9.54528e-13
basic,574,1,0,7,1e-12,0.0135216,0,8.07177e-12,9.50357e-13
basic,575,1,0,7,1e-12,0.0136394,0,9.32232e-12,1.03609e-12
basic,576,1,0,7,1e-12,0.0134215,0,7.84439e-12,9.96871e-13
basic,577,1,0,7,1e-12,0.0136985,0,1.13687e-11,9.65934e-13
basic,578,1,0,7,1e-12,0.0142568,0,6.82121e-12,1.00492e-12
basic,579,1,0,7,1e-12,0.0142609,0,9.32232e-12,8.704e-13
basic,580,1,0,7,1e-12,0.0142193,0,1.18234e-11,8.96011e-13
basic,581,1,0,7,1e-12,0.0144013,0,1.11413e-11,9.29473e-13
basic,582,1,0,7,1e-12,0.0143618,0,7.7307e-12,9.65175e-13
basic,583,1,0,7,1e-12,0.0142313,0,8.6402e-12,9.37822e-13
basic,584,1,0,7,1e-12,0.014395,0,7.84439e-12,8.95398e-13
basic,585,1,0,7,1e-12,0.0145437,0,7.61702e-12,9.48066e-13
basic,586,1,0,7,1e-12,0.0147165,0,7.95808e-12,9.91055e-13
basic,587,1,0,7,1e-12,0.0146299,0,7.95808e-12,9.34407e-13
basic,588,1,0,7,1e-12,0.0145317,0,8.18545e-12,9.76386e-13
basic,589,1,0,7,1e-12,0.0147254,0,8.6402e-12,1.0102e-12
basic,590,1,0,7,1e-12,0.0146849,0,1.08002e-11,9.40481e-13
basic,591,1,0,7,1e-12,0.014848,0,8.41283e-12,9.90321e-13
basic,592,1,0,7,1e-12,0.0147536,0,8.75389e-12,1.02232e-12
basic,593,1,0,7,1e-12,0.0149298,0,8.6402e-12,9.52059e-13
basic,594,1,0,7,1e-12,0.0149793,0,9.66338e-12,9.40034e-13
basic,595,1,0,7,1e-12,0.0150259,0,6.70752e-12,9.41603e-13
basic,596,1,0,7,1e-12,0.0150817,0,1.02318e-11,9.92391e-13
basic,597,1,0,7,1e-12,0.0149884,0,9.77707e-12,9.82957e-13
basic,598,1,0,7,1e-12,0.015213,0,7.95808e-12,9.21796e-13
basic,599,1,0,7,1e-12,0.0152537,0,7.50333e-12,9.42636e-13
basic,600,1,0,7,1e-12,0.0153577,0,6.48015e-12,8.90262e-13
basic,601,1,0,7,1e-12,0.0154546,0,9.66338e-12,8.90534e-13
basic,602,1,0,7,1e-12,0.0153168,0,7.27596e-12,9.29726e-13
basic,603,1,0,7,1e-12,0.0154455,0,1.08002e-11,8.74667e-13
basic,604,1,0,7,1e-12,0.0156093,0,1.25056e-11,9.62141e-13
basic,605,1,0,7,1e-12,0.0156347,0,9.32232e-12,9.25095e-13
basic,606,1,0,7,1e-12,0.015656,0,1.17097e-11,1.01303e-12
basic,607,1,0,7,1e-12,0.0154973,0,1.17097e-11,9.72652e-13
basic,608,1,0,7,1e-12,0.0156425,0,8.98126e-12,8.8665e-13
basic,609,1,0,7,1e-12,0.015704,0,1.11413e-11,9.76836e-13
basic,610,1,0,7,1e-12,0.016061,0,7.61702e-12,8.8736e-13
basic,611,1,0,7,1e-12,0.0159353,0,9.32232e-12,9.81778e-13
basic,612,1,0,7,1e-12,0.015955,0,1.06866e-11,9.33678e-13
basic,613,1,0,7,1e-12,0.0159563,0,1.36424e-11,9.78156e-13
basic,614,1,0,7,1e-12,0.0160663,0,9.89075e-12,9.44926e-13
basic,615,1,0,7,1e-12,0.0161023,0,8.98126e-12,9.56272e-13
basic,616,1,0,7,1e-12,0.0161553,0,7.95808e-12,8.96446e-13
basic,617,1,0,7,1e-12,0.0161518,0,9.77707e-12,9.46637e-13
basic,618,1,0,7,1e-12,0.0163177,0,8.98126e-12,9.82053e-13
basic,619,1,0,7,1e-12,0.016356,0,7.16227e-12,9.27647e-13
basic,620,1,0,7,1e-12,0.01624,0,8.52651e-12,9.69967e-13
basic,621,1,0,7,1e-12,0.0163498,0,7.04858e-12,9.32542e-13
basic,622,1,0,7,1e-12,0.0162739,0,9.09495e-12,9.58694e-13
basic,623,1,0,7,1e-12,0.0164505,0,9.32232e-12,9.49744e-13
basic,624,1,0,7,1e-12,0.0165567,0,8.75389e-12,9.70793e-13
basic,625,1,0,7,1e-12,0.016483,0,9.54969e-12,9.762e-13
basic,626,1,0,7,1e-12,0.0166553,0,9.66338e-12,9.98255e-13
basic,627,1,0,7,1e-12,0.0167941,0,7.84439e-12,9.52274e-13
basic,628,1,0,7,1e-12,0.0166838,0,9.09495e-12,9.29529e-13
basic,629,1,0,7,1e-12,0.0168673,0,7.95808e-12,1.00235e-12
basic,630,1,0,7,1e-12,0.016797,0,9.43601e-12,9.4089e-13
basic,631,1,0,7,1e-12,0.0169552,0,8.29914e-12,8.8171e-13
basic,632,1,0,7,1e-12,0.016863,0,9.09495e-12,1.04504e-12
basic,633,1,0,7,1e-12,0.0170385,0,9.66338e-12,8.7445e-13
basic,634,1,0,7,1e-12,0.0171615,0,1.14824e-11,1.02757e-12
basic,635,1,0,7,1e-12,0.0172032,0,1.09139e-11,1.00448e-12
basic,636,1,0,7,1e-12,0.0172913,0,9.20863e-12,1.00963e-12
basic,637,1,0,7,1e-12,0.01727,0,8.29914e-12,9.37446e-13
basic,638,1,0,7,1e-12,0.0172076,0,7.61702e-12,9.19492e-13
basic,639,1,0,7,1e-12,0.0174807,0,1.22782e-11,1.02576e-12
basic,640,1,0,7,1e-12,0.0174223,0,1.08002e-11,1.00468e-12
basic,641,1,0,7,1e-12,0.017435,0,1.13687e-11,9.18181e-13
basic,642,1,0,7,1e-12,0.0176865,0,8.07177e-12,9.21619e-13
basic,643,1,0,7,1e-12,0.0175121,0,9.32232e-12,8.55972e-13
basic,644,1,0,7,1e-12,0.0174844,0,1.14824e-11,9.85745e-13
basic,645,1,0,7,1e-12,0.0176296,0,1.38698e-11,9.75144e-13
basic,646,1,0,7,1e-12,0.0179096,0,9.20863e-12,1.02858e-12
basic,647,1,0,7,1e-12,0.0178338,0,8.6402e-12,9.87964e-13
basic,648,1,0,7,1e-12,0.0179164,0,8.52651e-12,9.49811e-13
basic,649,1,0,7,1e-12,0.0173407,0,7.95808e-12,9.92276e-13
basic,650,1,0,7,1e-12,0.0173917,0,9.89075e-12,9.9385e-13
basic,651,1,0,7,1e-12,0.0175588,0,7.95808e-12,9.42264e-13
basic,652,1,0,7,1e-12,0.0173842,0,1.06866e-11,9.19274e-13
basic,653,1,0,7,1e-12,0.0175828,0,8.41283e-12,9.42165e-13
basic,654,1,0,7,1e-12,0.0175149,0,1.08002e-11,1.00119e-12
basic,655,1,0,7,1e-12,0.0175948,0,7.95808e-12,8.27826e-13
basic,656,1,0,7,1e-12,0.0175053,0,1.03455e-11,9.50568e-13
basic,657,1,0,7,1e-12,0.0177493,0,1.01181e-11,9.96761e-13
basic,658,1,0,7,1e-12,0.0177274,0,8.18545e-12,9.04383e-13
basic,659,1,0,7,1e-12,0.0177201,0,1.36424e-11,1.00549e-12
basic,660,1,0,7,1e-12,0.0178504,0,8.29914e-12,9.16881e-13
basic,661,1,0,7,1e-12,0.0177463,0,1.13687e-11,1.07964e-12
basic,662,1,0,7,1e-12,0.0180213,0,1.08002e-11,8.92262e-13
basic,663,1,0,7,1e-12,0.0177685,0,1.17097e-11,1.03093e-12
basic,664,1,0,7,1e-12,0.0180564,0,9.66338e-12,9.70621e-13
basic,665,1,0,7,1e-12,0.0182646,0,7.95808e-12,9.35268e-13
basic,666,1,0,7,1e-12,0.0182125,0,9.89075e-12,9.68045e-13
basic,667,1,0,7,1e-12,0.0182703,0,9.66338e-12,9.83841e-13
basic,668,1,0,7,1e-12,0.0183328,0,9.77707e-12,9.25519e-13
basic,669,1,0,7,1e-12,0.0183581,0,7.16227e-12,9.55359e-13
basic,670,1,0,7,1e-12,0.0183504,0,8.86757e-12,9.02085e-13
basic,671,1,0,7,1e-12,0.0183768,0,9.54969e-12,1.02648e-12
basic,672,1,0,7,1e-12,0.0186221,0,6.82121e-12,1.00492e-12
basic,673,1,0,7,1e-12,0.0185452,0,1.11413e-11,9.67056e-13
basic,674,1,0,7,1e-12,0.0184354,0,8.6402e-12,1.02468e-12
basic,675,1,0,7,1e-12,0.0186282,0,7.95808e-12,9.87762e-13
basic,676,1,0,7,1e-12,0.018618,0,8.18545e-12,9.74554e-13
basic,677,1,0,7,1e-12,0.0187532,0,1.01181e-11,8.92565e-13
basic,678,1,0,7,1e-12,0.0188058,0,8.98126e-12,9.47975e-13
basic,679,1,0,7,1e-12,0.0188401,0,1.08002e-11,9.834e-13
basic,680,1,0,7,1e-12,0.0190189,0,8.18545e-12,9.03496e-13
basic,681,1,0,7,1e-12,0.0188054,0,8.29914e-12,9.05597e-13
basic,682,1,0,7,1e-12,0.0191434,0,6.48015e-12,8.84874e-13
basic,683,1,0,7,1e-12,0.0190591,0,1.00044e-11,1.02425e-12
basic,684,1,0,7,1e-12,0.0191562,0,6.70752e-12,9.11386e-13
basic,685,1,0,7,1e-12,0.0192328,0,8.52651e-12,9.17772e-13
basic,686,1,0,7,1e-12,0.0192152,0,9.32232e-12,9.67078e-13
basic,687,1,0,7,1e-12,0.0192583,0,1.14824e-11,1.01412e-12
basic,688,1,0,7,1e-12,0.0194214,0,8.18545e-12,9.75142e-13
basic,689,1,0,7,1e-12,0.019392,0,1.02318e-11,1.01763e-12
basic,690,1,0,7,1e-12,0.0194739,0,1.06866e-11,9.83532e-13
basic,691,1,0,7,1e-12,0.0195538,0,9.66338e-12,9.8932e-13
basic,692,1,0,7,1e-12,0.0195671,0,1.04592e-11,9.90016e-13
basic,693,1,0,7,1e-12,0.0195691,0,8.52651e-12,9.54234e-13
basic,694,1,0,7,1e-12,0.019548,0,1.06866e-11,9.77682e-13
basic,695,1,0,7,1e-12,0.0194128,0,7.95808e-12,9.98683e-13
basic,696,1,0,7,1e-12,0.0196719,0,9.09495e-12,9.63133e-13
basic,697,1,0,7,1e-12,0.0197906,0,7.50333e-12,1.01885e-12
basic,698,1,0,7,1e-12,0.0199232,0,8.07177e-12,9.85368e-13
basic,699,1,0,7,1e-12,0.0198582,0,1.04592e-11,9.46339e-13
basic,700,1,0,7,1e-12,0.020002,0,8.18545e-12,9.29899e-13
basic,701,1,0,7,1e-12,0.020097,0,7.50333e-12,9.46079e-13
basic,702,1,0,7,1e-12,0.0201007,0,7.84439e-12,9.69517e-13
basic,703,1,0,7,1e-12,0.0201747,0,9.89075e-12,1.01048e-12
basic,704,1,0,7,1e-12,0.0201513,0,1.28466e-11,9.6617e-13
basic,705,1,0,7,1e-12,0.0202751,0,1.59162e-11,9.82802e-13
basic,706,1,0,7,1e-12,0.0202645,0,1.18234e-11,9.28831e-13
basic,707,1,0,7,1e-12,0.0204024,0,8.41283e-12,9.29477e-13
basic,708,1,0,7,1e-12,0.0206534,0,1.3415e-11,1.03207e-12
basic,709,1,0,7,1e-12,0.0205996,0,7.95808e-12,9.33399e-13
basic,710,1,0,7,1e-12,0.0205052,0,9.54969e-12,1.01603e-12
basic,711,1,0,7,1e-12,0.0205876,0,9.20863e-12,9.47483e-13
basic,712,1,0,7,1e-12,0.0206237,0,8.86757e-12,9.3494e-13
basic,713,1,0,7,1e-12,0.0208451,0,1.26192e-11,9.57291e-13
basic,714,1,0,7,1e-12,0.0208777,0,1.25056e-11,1.0754e-12
basic,715,1,0,7,1e-12,0.0208094,0,8.75389e-12,1.14632e-12
basic,716,1,0,7,1e-12,0.0209598,0,9.77707e-12,9.72139e-13
basic,717,1,0,7,1e-12,0.0208461,0,1.04592e-11,9.89701e-13
basic,718,1,0,7,1e-12,0.0211697,0,9.77707e-12,1.07195e-12
basic,719,1,0,7,1e-12,0.0211238,0,1.5234e-11,1.0081e-12
basic,720,1,0,7,1e-12,0.0211005,0,9.09495e-12,9.97147e-13
basic,721,1,0,7,1e-12,0.0211224,0,8.41283e-12,9.54516e-13
basic,722,1,0,7,1e-12,0.0212455,0,7.61702e-12,1.00107e-12
basic,723,1,0,7,1e-12,0.021391,0,7.95808e-12,1.00137e-12
basic,724,1,0,7,1e-12,0.0215016,0,1.10276e-11,1.03419e-12
basic,725,1,0,7,1e-12,0.0215188,0,7.50333e-12,9.58694e-13
basic,726,1,0,7,1e-12,0.0213647,0,9.66338e-12,9.78191e-13
basic,727,1,0,7,1e-12,0.0215262,0,1.06866e-11,1.04921e-12
basic,728,1,0,7,1e-12,0.021444,0,1.00044e-11,9.47988e-13
basic,729,1,0,7,1e-12,0.021595,0,1.11413e-11,9.86981e-13
basic,730,1,0,7,1e-12,0.0218018,0,1.21645e-11,9.87346e-13
basic,731,1,0,7,1e-12,0.0219305,0,1.65983e-11,1.01935e-12
basic,732,1,0,7,1e-12,0.0219781,0,1.01181e-11,9.49626e-13
basic,733,1,0,7,1e-12,0.021985,0,1.09139e-11,9.86058e-13
basic,734,1,0,7,1e-12,0.0218822,0,8.6402e-12,9.3855e-13
basic,735,1,0,7,1e-12,0.0219699,0,1.13687e-11,1.00592e-12
basic,736,1,0,7,1e-12,0.0220007,0,1.72804e-11,1.10807e-12
basic,737,1,0,7,1e-12,0.0222243,0,1.02318e-11,9.30863e-13
basic,738,1,0,7,1e-12,0.0221623,0,1.17097e-11,9.89441e-13
basic,739,1,0,7,1e-12,0.0223078,0,1.03455e-11,9.62944e-13
basic,740,1,0,7,1e-12,0.02224,0,7.27596e-12,9.97233e-13
basic,741,1,0,7,1e-12,0.0222448,0,1.40972e-11,1.00019e-12
basic,742,1,0,7,1e-12,0.0225244,0,1.58025e-11,1.06284e-12
basic,743,1,0,7,1e-12,0.0219618,0,1.10276e-11,1.04682e-12
basic,744,1,0,7,1e-12,0.0218905,0,9.20863e-12,9.83881e-13
basic,745,1,0,7,1e-12,0.0222187,0,1.71667e-11,1.00975e-12
basic,746,1,0,7,1e-12,0.022263,0,8.18545e-12,9.92735e-13
basic,747,1,0,7,1e-12,0.0222844,0,9.09495e-12,9.63014e-13
basic,748,1,0,7,1e-12,0.0222585,0,1.02318e-11,9.72283e-13
basic,749,1,0,7,1e-12,0.0222063,0,1.3074e-11,1.08125e-12
basic,750,1,0,7,1e-12,0.022241,0,8.07177e-12,9.15613e-13
basic,751,1,0,7,1e-12,0.0223326,0,7.95808e-12,9.84636e-13
basic,752,1,0,7,1e-12,0.0223923,0,1.21645e-11,1.0087e-12
basic,753,1,0,7,1e-12,0.0223918,0,1.02318e-11,1.02197e-12
basic,754,1,0,7,1e-12,0.0226588,0,1.06866e-11,1.03495e-12
basic,755,1,0,7,1e-12,0.0225327,0,1.01181e-11,9.75394e-13
basic,756,1,0,7,1e-12,0.022863,0,9.77707e-12,1.01351e-12
basic,757,1,0,7,1e-12,0.0229682,0,1.09139e-11,1.05581e-12
basic,758,1,0,7,1e-12,0.0229364,0,1.13687e-11,1.02309e-12
basic,759,1,0,7,1e-12,0.0228702,0,1.03455e-11,1.00874e-12
basic,760,1,0,7,1e-12,0.0229156,0,1.10276e-11,1.07001e-12
basic,761,1,0,7,1e-12,0.0228125,0,8.86757e-12,9.826e-13
basic,762,1,0,7,1e-12,0.0227289,0,9.43601e-12,1.01982e-12
basic,763,1,0,7,1e-12,0.0233385,0,1.44382e-11,9.20747e-13
basic,764,1,0,7,1e-12,0.0229198,0,9.43601e-12,9.94025e-13
basic,765,1,0,7,1e-12,0.0231222,0,1.20508e-11,1.05085e-12
basic,766,1,0,7,1e-12,0.0233984,0,7.7307e-12,1.00847e-12
basic,767,1,0,7,1e-12,0.0239822,0,9.54969e-12,1.04183e-12
basic,768,1,0,7,1e-12,0.024593,0,1.3074e-11,1.03193e-12
basic,769,1,0,7,1e-12,0.0237201,0,9.32232e-12,1.02597e-12
basic,770,1,0,7,1e-12,0.0235854,0,1.09139e-11,1.00163e-12
basic,771,1,0,7,1e-12,0.0236273,0,8.86757e-12,9.57055e-13
basic,772,1,0,7,1e-12,0.0243946,0,1.13687e-11,1.01252e-12
basic,773,1,0,7,1e-12,0.0245404,0,9.32232e-12,9.94561e-13
basic,774,1,0,7,1e-12,0.0244065,0,1.15961e-11,9.98021e-13
basic,775,1,0,7,1e-12,0.024335,0,6.0254e-12,9.11922e-13
basic,776,1,0,7,1e-12,0.0246846,0,1.38698e-11,1.06858e-12
basic,777,1,0,7,1e-12,0.0248296,0,9.54969e-12,1.04329e-12
basic,778,1,0,7,1e-12,0.024508,0,1.17097e-11,9.48447e-13
basic,779,1,0,7,1e-12,0.0247285,0,9.43601e-12,1.03037e-12
basic,780,1,0,7,1e-12,0.0248919,0,9.89075e-12,9.91883e-13
basic,781,1,0,7,1e-12,0.024879,0,9.89075e-12,9.58457e-13
basic,782,1,0,7,1e-12,0.0248686,0,9.54969e-12,9.60677e-13
basic,783,1,0,7,1e-12,0.0250103,0,9.09495e-12,1.02105e-12
basic,784,1,0,7,1e-12,0.0252431,0,7.95808e-12,9.70945e-13
basic,785,1,0,7,1e-12,0.0251028,0,1.10276e-11,1.09057e-12
basic,786,1,0,7,1e-12,0.025366,0,1.06866e-11,1.03699e-12
basic,787,1,0,7,1e-12,0.0251961,0,9.66338e-12,9.72923e-13
basic,788,1,0,7,1e-12,0.0254004,0,1.42109e-11,9.6629e-13
basic,789,1,0,7,1e-12,0.0252889,0,9.54969e-12,1.02421e-12
basic,790,1,0,7,1e-12,0.0253654,0,8.18545e-12,9.40305e-13
basic,791,1,0,7,1e-12,0.0256662,0,1.26192e-11,1.00129e-12
basic,792,1,0,7,1e-12,0.0254705,0,1.22782e-11,1.05751e-12
basic,793,1,0,7,1e-12,0.0258084,0,9.89075e-12,1.11534e-12
basic,794,1,0,7,1e-12,0.0257996,0,8.07177e-12,9.69188e-13
basic,795,1,0,7,1e-12,0.0256602,0,1.19371e-11,1.05298e-12
basic,796,1,0,7,1e-12,0.0258769,0,9.89075e-12,1.0079e-12
basic,797,1,0,7,1e-12,0.0257805,0,9.66338e-12,9.82124e-13
basic,798,1,0,7,1e-12,0.0260691,0,9.09495e-12,9.2509e-13
basic,799,1,0,7,1e-12,0.0260158,0,1.27329e-11,1.08771e-12
basic,800,1,0,7,1e-12,0.0262237,0,9.32232e-12,9.55365e-13
basic,801,1,0,7,1e-12,0.0261191,0,1.46656e-11,9.93144e-13
basic,802,1,0,7,1e-12,0.0263299,0,1.3074e-11,1.05276e-12
basic,803,1,0,7,1e-12,0.0261706,0,1.40972e-11,1.09064e-12
basic,804,1,0,7,1e-12,0.0263686,0,9.09495e-12,1.05061e-12
basic,805,1,0,7,1e-12,0.0265835,0,8.52651e-12,1.0059e-12
basic,806,1,0,7,1e-12,0.026693,0,7.50333e-12,1.00925e-12
basic,807,1,0,7,1e-12,0.0266419,0,1.21645e-11,1.06403e-12
basic,808,1,0,7,1e-12,0.0266425,0,1.40972e-11,1.02085e-12
basic,809,1,0,7,1e-12,0.0266863,0,9.66338e-12,1.06585e-12
basic,810,1,0,7,1e-12,0.0267588,0,2.0691e-11,1.03426e-12
basic,811,1,0,7,1e-12,0.0270083,0,1.14824e-11,1.09517e-12
basic,812,1,0,7,1e-12,0.0269445,0,1.11413e-11,9.10403e-13
basic,813,1,0,7,1e-12,0.026938,0,1.54614e-11,9.87607e-13
basic,814,1,0,7,1e-12,0.027185,0,1.00044e-11,1.03557e-12
basic,815,1,0,7,1e-12,0.0272242,0,1.3074e-11,1.07245e-12
basic,816,1,0,7,1e-12,0.0273002,0,1.18234e-11,1.03871e-12
basic,817,1,0,7,1e-12,0.027337,0,9.20863e-12,8.67653e-13
basic,818,1,0,7,1e-12,0.0272929,0,1.18234e-11,1.03702e-12
basic,819,1,0,7,1e-12,0.0276456,0,7.7307e-12,1.05794e-12
basic,820,1,0,7,1e-12,0.0278,0,7.50333e-12,9.99353e-13
basic,821,1,0,7,1e-12,0.0278498,0,9.89075e-12,9.91307e-13
basic,822,1,0,7,1e-12,0.0277912,0,9.89075e-12,1.02345e-12
basic,823,1,0,7,1e-12,0.0275925,0,1.06866e-11,1.05928e-12
basic,824,1,0,7,1e-12,0.0277348,0,8.29914e-12,1.01405e-12
basic,825,1,0,7,1e-12,0.0281572,0,1.45519e-11,1.05212e-12
basic,826,1,0,7,1e-12,0.028049,0,1.17097e-11,1.00232e-12
basic,827,1,0,7,1e-12,0.0278143,0,1.05729e-11,1.06797e-12
basic,828,1,0,7,1e-12,0.0278062,0,1.18234e-11,1.0391e-12
basic,829,1,0,7,1e-12,0.0278121,0,1.11413e-11,1.04367e-12
basic,830,1,0,7,1e-12,0.0278238,0,1.20508e-11,1.04618e-12
basic,831,1,0,7,1e-12,0.0279661,0,1.03455e-11,1.00739e-12
basic,832,1,0,7,1e-12,0.0277674,0,1.11413e-11,9.76998e-13
basic,833,1,0,7,1e-12,0.0278452,0,1.1255e-11,1.10494e-12
basic,834,1,0,7,1e-12,0.0278973,0,1.19371e-11,9.80364e-13
basic,835,1,0,7,1e-12,0.027847,0,1.39835e-11,1.131e-12
basic,836,1,0,7,1e-12,0.0279924,0,8.29914e-12,1.03916e-12
basic,837,1,0,7,1e-12,0.0278493,0,1.04592e-11,1.10387e-12
basic,838,1,0,7,1e-12,0.0281362,0,7.84439e-12,9.61133e-13
basic,839,1,0,7,1e-12,0.0282763,0,1.03455e-11,1.02463e-12
basic,840,1,0,7,1e-12,0.0283411,0,1.68257e-11,1.12445e-12
basic,841,1,0,7,1e-12,0.028409,0,6.82121e-12,1.01134e-12
basic,842,1,0,7,1e-12,0.0283844,0,1.06866e-11,9.89958e-13
basic,843,1,0,7,1e-12,0.0284683,0,1.01181e-11,9.77219e-13
basic,844,1,0,7,1e-12,0.0284307,0,7.95808e-12,1.05028e-12
basic,845,1,0,7,1e-12,0.0285334,0,1.46656e-11,9.83418e-13
basic,846,1,0,7,1e-12,0.0286714,0,9.66338e-12,1.00306e-12
basic,847,1,0,7,1e-12,0.0287373,0,1.05729e-11,1.00552e-12
basic,848,1,0,7,1e-12,0.0288305,0,1.05729e-11,1.02513e-12
basic,849,1,0,7,1e-12,0.0290514,0,1.08002e-11,1.08011e-12
basic,850,1,0,7,1e-12,0.0289522,0,1.95541e-11,1.11692e-12
basic,851,1,0,7,1e-12,0.0291404,0,1.14824e-11,1.03833e-12
basic,852,1,0,7,1e-12,0.0292853,0,1.02318e-11,1.05179e-12
basic,853,1,0,7,1e-12,0.0292519,0,8.07177e-12,1.08093e-12
basic,854,1,0,7,1e-12,0.0292208,0,1.00044e-11,1.0028e-12
basic,855,1,0,7,1e-12,0.0293934,0,8.07177e-12,1.05297e-12
basic,856,1,0,7,1e-12,0.0292152,0,8.6402e-12,1.03312e-12
basic,857,1,0,7,1e-12,0.0295811,0,9.43601e-12,9.14392e-13
basic,858,1,0,7,1e-12,0.0293858,0,8.6402e-12,1.0091e-12
basic,859,1,0,7,1e-12,0.0293412,0,1.8872e-11,1.06802e-12
basic,860,1,0,7,1e-12,0.0297162,0,7.84439e-12,9.81314e-13
basic,861,1,0,7,1e-12,0.0297608,0,1.1255e-11,1.03345e-12
basic,862,1,0,7,1e-12,0.0297179,0,1.56888e-11,1.08783e-12
basic,863,1,0,7,1e-12,0.0296637,0,9.20863e-12,9.77397e-13
basic,864,1,0,7,1e-12,0.0297948,0,1.21645e-11,1.03461e-12
basic,865,1,0,7,1e-12,0.0299454,0,8.98126e-12,1.0464e-12
basic,866,1,0,7,1e-12,0.0301019,0,1.11413e-11,1.03193e-12
basic,867,1,0,7,1e-12,0.0301711,0,1.40972e-11,1.06039e-12
basic,868,1,0,7,1e-12,0.0300552,0,1.22782e-11,1.07301e-12
basic,869,1,0,7,1e-12,0.030357,0,1.03455e-11,1.08072e-12
basic,870,1,0,7,1e-12,0.0303374,0,1.25056e-11,1.05607e-12
basic,871,1,0,7,1e-12,0.0303457,0,8.86757e-12,1.00951e-12
basic,872,1,0,7,1e-12,0.0304285,0,1.11413e-11,1.1106e-12
basic,873,1,0,7,1e-12,0.0304016,0,9.09495e-12,1.0193e-12
basic,874,1,0,7,1e-12,0.030714,0,1.03455e-11,1.01326e-12
basic,875,1,0,7,1e-12,0.0305776,0,8.86757e-12,1.05953e-12
basic,876,1,0,7,1e-12,0.0306929,0,8.98126e-12,1.02291e-12
basic,877,1,0,7,1e-12,0.0308758,0,9.54969e-12,9.77466e-13
basic,878,1,0,7,1e-12,0.0311188,0,1.14824e-11,1.02726e-12
basic,879,1,0,7,1e-12,0.0308125,0,1.05729e-11,1.0153e-12
basic,880,1,0,7,1e-12,0.0309966,0,1.47793e-11,1.01035e-12
basic,881,1,0,7,1e-12,0.0313547,0,1.05729e-11,1.04119e-12
basic,882,1,0,7,1e-12,0.0312562,0,1.06866e-11,1.08578e-12
basic,883,1,0,7,1e-12,0.0312496,0,9.66338e-12,1.00373e-12
basic,884,1,0,7,1e-12,0.0314001,0,9.09495e-12,1.03677e-12
basic,885,1,0,7,1e-12,0.0311625,0,1.47793e-11,1.07286e-12
basic,886,1,0,7,1e-12,0.0314298,0,1.09139e-11,1.11795e-12
basic,887,1,0,7,1e-12,0.0315935,0,1.1255e-11,1.04668e-12
basic,888,1,0,7,1e-12,0.0317528,0,9.77707e-12,1.01604e-12
basic,889,1,0,7,1e-12,0.0316403,0,8.07177e-12,1.02829e-12
basic,890,1,0,7,1e-12,0.0319378,0,1.13687e-11,1.05894e-12
basic,891,1,0,7,1e-12,0.0318341,0,9.09495e-12,1.04948e-12
basic,892,1,0,7,1e-12,0.0318856,0,1.25056e-11,1.01463e-12
basic,893,1,0,7,1e-12,0.0320622,0,1.42109e-11,1.09078e-12
basic,894,1,0,7,1e-12,0.0322058,0,8.07177e-12,1.07376e-12
basic,895,1,0,7,1e-12,0.0328392,0,9.89075e-12,1.11136e-12
basic,896,1,0,7,1e-12,0.0320293,0,1.28466e-11,1.08754e-12
basic,897,1,0,7,1e-12,0.0320822,0,1.37561e-11,9.90883e-13
basic,898,1,0,7,1e-12,0.0321481,0,1.02318e-11,1.08747e-12
basic,899,1,0,7,1e-12,0.0323518,0,9.09495e-12,1.04347e-12
basic,900,1,0,7,1e-12,0.0324782,0,1.02318e-11,1.08892e-12
basic,901,1,0,7,1e-12,0.032549,0,9.43601e-12,1.07776e-12
basic,902,1,0,7,1e-12,0.0327181,0,8.18545e-12,9.89099e-13
basic,903,1,0,7,1e-12,0.0323218,0,1.13687e-11,1.00095e-12
basic,904,1,0,7,1e-12,0.0321884,0,1.43245e-11,1.01226e-12
basic,905,1,0,7,1e-12,0.0324644,0,1.11413e-11,9.92873e-13
basic,906,1,0,7,1e-12,0.0322177,0,1.1255e-11,1.04013e-12
basic,907,1,0,7,1e-12,0.0324103,0,9.20863e-12,1.01666e-12
basic,908,1,0,7,1e-12,0.0322263,0,1.36424e-11,1.01685e-12
basic,909,1,0,7,1e-12,0.0323279,0,1.05729e-11,1.04007e-12
basic,910,1,0,7,1e-12,0.032439,0,1.17097e-11,1.00872e-12
basic,911,1,0,7,1e-12,0.0323522,0,7.38964e-12,9.50147e-13
basic,912,1,0,7,1e-12,0.0327015,0,1.31877e-11,1.03206e-12
basic,913,1,0,7,1e-12,0.0328343,0,1.3074e-11,1.06721e-12
basic,914,1,0,7,1e-12,0.0326433,0,1.08002e-11,1.00352e-12
basic,915,1,0,7,1e-12,0.0329322,0,8.18545e-12,1.02124e-12
basic,916,1,0,7,1e-12,0.0328415,0,1.53477e-11,1.0026e-12
basic,917,1,0,7,1e-12,0.0330438,0,1.37561e-11,1.08934e-12
basic,918,1,0,7,1e-12,0.0326717,0,1.29603e-11,1.0576e-12
basic,919,1,0,7,1e-12,0.0332698,0,8.86757e-12,1.06412e-12
basic,920,1,0,7,1e-12,0.0330713,0,7.95808e-12,1.00654e-12
basic,921,1,0,7,1e-12,0.0335345,0,8.18545e-12,1.09822e-12
basic,922,1,0,7,1e-12,0.033521,0,9.77707e-12,1.00198e-12
basic,923,1,0,7,1e-12,0.033483,0,1.06866e-11,1.02332e-12
basic,924,1,0,7,1e-12,0.0337034,0,1.35287e-11,1.0607e-12
basic,925,1,0,7,1e-12,0.0338146,0,1.1255e-11,1.11287e-12
basic,926,1,0,7,1e-12,0.0338631,0,9.09495e-12,1.01702e-12
basic,927,1,0,7,1e-12,0.034522,0,1.33014e-11,1.0881e-12
basic,928,1,0,7,1e-12,0.0350086,0,9.32232e-12,1.01201e-12
basic,929,1,0,7,1e-12,0.0345506,0,8.18545e-12,9.87248e-13
basic,930,1,0,7,1e-12,0.0347009,0,1.43245e-11,1.07584e-12
basic,931,1,0,7,1e-12,0.0349053,0,9.32232e-12,1.09724e-12
basic,932,1,0,7,1e-12,0.0350603,0,8.52651e-12,9.60988e-13
basic,933,1,0,7,1e-12,0.0347202,0,1.20508e-11,1.0902e-12
basic,934,1,0,7,1e-12,0.0349702,0,1.11413e-11,1.00195e-12
basic,935,1,0,7,1e-12,0.0353976,0,1.50067e-11,1.05359e-12
basic,936,1,0,7,1e-12,0.0350476,0,8.75389e-12,1.09504e-12
basic,937,1,0,7,1e-12,0.0353885,0,1.18234e-11,1.08672e-12
basic,938,1,0,7,1e-12,0.0356029,0,8.98126e-12,1.10466e-12
basic,939,1,0,7,1e-12,0.0355701,0,1.43245e-11,1.12834e-12
basic,940,1,0,7,1e-12,0.0358294,0,1.05729e-11,1.05402e-12
basic,941,1,0,7,1e-12,0.0357773,0,1.45519e-11,1.1047e-12
basic,942,1,0,7,1e-12,0.0357673,0,1.02318e-11,1.03499e-12
basic,943,1,0,7,1e-12,0.0357616,0,1.35287e-11,1.07776e-12
basic,944,1,0,7,1e-12,0.0359061,0,1.17097e-11,9.97613e-13
basic,945,1,0,7,1e-12,0.0361279,0,1.78488e-11,1.04572e-12
basic,946,1,0,7,1e-12,0.0359056,0,8.75389e-12,1.02501e-12
basic,947,1,0,7,1e-12,0.0359489,0,1.13687e-11,1.02581e-12
basic,948,1,0,7,1e-12,0.0364857,0,9.54969e-12,1.06871e-12
basic,949,1,0,7,1e-12,0.0366258,0,9.32232e-12,1.06035e-12
basic,950,1,0,7,1e-12,0.0362591,0,1.58025e-11,1.0732e-12
basic,951,1,0,7,1e-12,0.0363949,0,1.44382e-11,1.10995e-12
basic,952,1,0,7,1e-12,0.0363412,0,9.89075e-12,1.01764e-12
basic,953,1,0,7,1e-12,0.0365708,0,1.04592e-11,1.10085e-12
basic,954,1,0,7,1e-12,0.0364404,0,1.13687e-11,1.09442e-12
basic,955,1,0,7,1e-12,0.0365227,0,9.43601e-12,1.10256e-12
basic,956,1,0,7,1e-12,0.0369806,0,1.21645e-11,1.13762e-12
basic,957,1,0,7,1e-12,0.0367975,0,1.01181e-11,1.02736e-12
basic,958,1,0,7,1e-12,0.0368337,0,1.42109e-11,1.00471e-12
basic,959,1,0,7,1e-12,0.037204,0,7.04858e-12,9.91829e-13
basic,960,1,0,7,1e-12,0.0369798,0,1.50067e-11,1.148e-12
basic,961,1,0,7,1e-12,0.0369249,0,1.47793e-11,1.11376e-12
basic,962,1,0,7,1e-12,0.0372388,0,1.10276e-11,1.07923e-12
basic,963,1,0,7,1e-12,0.0372883,0,1.1255e-11,1.06592e-12
basic,964,1,0,7,1e-12,0.0373495,0,1.26192e-11,1.07484e-12
basic,965,1,0,7,1e-12,0.0375148,0,1.10276e-11,1.00621e-12
basic,966,1,0,7,1e-12,0.0374915,0,1.68257e-11,1.04333e-12
basic,967,1,0,7,1e-12,0.0374163,0,1.28466e-11,1.12639e-12
basic,968,1,0,7,1e-12,0.0374801,0,1.18234e-11,1.07295e-12
basic,969,1,0,7,1e-12,0.0379523,0,1.45519e-11,1.09348e-12
basic,970,1,0,7,1e-12,0.037918,0,1.10276e-11,1.06474e-12
basic,971,1,0,7,1e-12,0.0381368,0,1.14824e-11,1.07419e-12
basic,972,1,0,7,1e-12,0.0375936,0,1.63709e-11,1.09861e-12
basic,973,1,0,7,1e-12,0.0374069,0,1.05729e-11,1.08864e-12
basic,974,1,0,7,1e-12,0.0376064,0,9.32232e-12,1.10268e-12
basic,975,1,0,7,1e-12,0.0376706,0,1.04592e-11,1.02615e-12
basic,976,1,0,7,1e-12,0.03795,0,8.6402e-12,1.00816e-12
basic,977,1,0,7,1e-12,0.0377533,0,1.39835e-11,1.12297e-12
basic,978,1,0,7,1e-12,0.0377471,0,8.52651e-12,1.17185e-12
basic,979,1,0,7,1e-12,0.0378406,0,9.66338e-12,1.04019e-12
basic,980,1,0,7,1e-12,0.0377797,0,1.45519e-11,1.04682e-12
basic,981,1,0,7,1e-12,0.0379461,0,1.09139e-11,1.03742e-12
basic,982,1,0,7,1e-12,0.0382221,0,1.19371e-11,9.88013e-13
basic,983,1,0,7,1e-12,0.0380085,0,1.53477e-11,1.12409e-12
basic,984,1,0,7,1e-12,0.0380394,0,1.13687e-11,1.05693e-12
basic,985,1,0,7,1e-12,0.0381925,0,9.66338e-12,1.02124e-12
basic,986,1,0,7,1e-12,0.0384535,0,1.15961e-11,1.11055e-12
basic,987,1,0,7,1e-12,0.0385368,0,1.54614e-11,1.08651e-12
basic,988,1,0,7,1e-12,0.0384843,0,9.32232e-12,1.00142e-12
basic,989,1,0,7,1e-12,0.0386171,0,1.13687e-11,1.0695e-12
basic,990,1,0,7,1e-12,0.0387444,0,9.20863e-12,9.93818e-13
basic,991,1,0,7,1e-12,0.0386317,0,1.08002e-11,1.01198e-12
basic,992,1,0,7,1e-12,0.039027,0,1.3415e-11,1.09827e-12
basic,993,1,0,7,1e-12,0.0385261,0,1.37561e-11,1.05176e-12
basic,994,1,0,7,1e-12,0.038933,0,8.52651e-12,1.12248e-12
basic,995,1,0,7,1e-12,0.0391509,0,1.01181e-11,9.99821e-13
basic,996,1,0,7,1e-12,0.0389529,0,1.05729e-11,1.12091e-12
basic,997,1,0,7,1e-12,0.0392624,0,1.08002e-11,1.08849e-12
basic,998,1,0,7,1e-12,0.0397189,0,1.54614e-11,1.02639e-12
basic,999,1,0,7,1e-12,0.0395481,0,1.26192e-11,1.0716e-12
basic,1000,1,0,7,1e-12,0.0397404,0,1.11413e-11,1.12807e-12
