version, size, hermitian, complex, seed, tol, runtime in s,min_error, max_error, avg_error
eigen_elementwise,1,1,0,3,1e-12,1.956e-06,0,0,0
eigen_elementwise,2,1,0,3,1e-12,2.374e-06,5.68434e-14,5.68434e-14,5.68434e-14
eigen_elementwise,3,1,0,3,1e-12,1.956e-06,2.84217e-14,1.7053e-13,8.52651e-14
eigen_elementwise,4,1,0,3,1e-12,2.374e-06,2.84217e-14,2.27374e-13,1.20792e-13
eigen_elementwise,5,1,0,3,1e-12,2.934e-06,0,1.42109e-13,9.66338e-14
eigen_elementwise,6,1,0,3,1e-12,3.422e-06,0,2.84217e-13,1.56319e-13
eigen_elementwise,7,1,0,3,1e-12,3.283e-06,5.68434e-14,2.27374e-13,1.21807e-13
eigen_elementwise,8,1,0,3,1e-12,4.819e-06,5.68434e-14,7.38964e-13,2.70006e-13
eigen_elementwise,9,1,0,3,1e-12,5.727e-06,0,3.97904e-13,1.80004e-13
eigen_elementwise,10,1,0,3,1e-12,6.705e-06,0,6.82121e-13,2.58638e-13
eigen_elementwise,11,1,0,3,1e-12,8.031e-06,0,7.95808e-13,2.32541e-13
eigen_elementwise,12,1,0,3,1e-12,8.521e-06,2.84217e-14,5.68434e-13,2.4869e-13
eigen_elementwise,13,1,0,3,1e-12,9.08e-06,0,4.54747e-13,1.50854e-13
eigen_elementwise,14,1,0,3,1e-12,1.1035e-05,5.68434e-14,3.97904e-13,1.6241e-13
eigen_elementwise,15,1,0,3,1e-12,1.0965e-05,0,6.82121e-13,1.85689e-13
eigen_elementwise,16,1,0,3,1e-12,1.3898e-05,5.68434e-14,7.95808e-13,3.71259e-13
eigen_elementwise,17,1,0,3,1e-12,1.5505e-05,0,3.97904e-13,1.77218e-13
eigen_elementwise,18,1,0,3,1e-12,1.5854e-05,0,1.59162e-12,2.51058e-13
eigen_elementwise,19,1,0,3,1e-12,1.6343e-05,0,6.82121e-13,2.90201e-13
eigen_elementwise,20,1,0,3,1e-12,2.0114e-05,0,5.68434e-13,2.01794e-13
eigen_elementwise,21,1,0,3,1e-12,2.193e-05,2.84217e-14,6.82121e-13,3.53241e-13
eigen_elementwise,22,1,0,3,1e-12,2.3467e-05,0,1.13687e-12,2.73397e-13
eigen_elementwise,23,1,0,3,1e-12,2.6749e-05,0,5.68434e-13,1.98798e-13
eigen_elementwise,24,1,0,3,1e-12,2.6191e-05,0,1.13687e-12,2.75779e-13
eigen_elementwise,25,1,0,3,1e-12,2.9543e-05,0,7.95808e-13,2.60201e-13
eigen_elementwise,26,1,0,3,1e-12,3.2407e-05,0,7.95808e-13,2.66317e-13
eigen_elementwise,27,1,0,3,1e-12,3.4362e-05,2.84217e-14,1.7053e-12,4.383e-13
eigen_elementwise,28,1,0,3,1e-12,3.6317e-05,0,1.81899e-12,2.57826e-13
eigen_elementwise,29,1,0,3,1e-12,3.7644e-05,0,1.7053e-12,3.85776e-13
eigen_elementwise,30,1,0,3,1e-12,4.1276e-05,0,1.81899e-12,2.65032e-13
eigen_elementwise,31,1,0,3,1e-12,4.3372e-05,0,1.47793e-12,3.37737e-13
eigen_elementwise,32,1,0,3,1e-12,4.379e-05,5.68434e-14,1.81899e-12,4.70735e-13
eigen_elementwise,33,1,0,3,1e-12,4.7632e-05,0,2.38742e-12,3.75188e-13
eigen_elementwise,34,1,0,3,1e-12,5.4337e-05,0,1.93268e-12,4.2549e-13
eigen_elementwise,35,1,0,3,1e-12,5.4755e-05,0,1.36424e-12,3.32737e-13
eigen_elementwise,36,1,0,3,1e-12,5.8108e-05,0,2.95586e-12,3.37014e-13
eigen_elementwise,37,1,0,3,1e-12,5.9644e-05,0,1.7053e-12,3.72363e-13
eigen_elementwise,38,1,0,3,1e-12,6.5232e-05,0,1.25056e-12,2.69352e-13
eigen_elementwise,39,1,0,3,1e-12,6.7397e-05,0,1.02318e-12,2.64632e-13
eigen_elementwise,40,1,0,3,1e-12,7.1588e-05,0,1.81899e-12,4.64606e-13
eigen_elementwise,41,1,0,3,1e-12,7.5709e-05,0,1.81899e-12,4.26759e-13
eigen_elementwise,42,1,0,3,1e-12,8.0178e-05,0,2.95586e-12,4.57454e-13
eigen_elementwise,43,1,0,3,1e-12,8.0108e-05,0,2.27374e-12,5.86446e-13
eigen_elementwise,44,1,0,3,1e-12,8.4928e-05,0,2.04636e-12,3.59389e-13
eigen_elementwise,45,1,0,3,1e-12,8.6882e-05,0,1.7053e-12,3.88272e-13
eigen_elementwise,46,1,0,3,1e-12,9.1143e-05,0,3.06954e-12,5.36383e-13
eigen_elementwise,47,1,0,3,1e-12,0.000108674,0,1.81899e-12,3.9745e-13
eigen_elementwise,48,1,0,3,1e-12,0.000108464,0,2.27374e-12,5.42825e-13
eigen_elementwise,49,1,0,3,1e-12,0.000109233,0,1.93268e-12,4.77006e-13
eigen_elementwise,50,1,0,3,1e-12,0.000109861,0,1.59162e-12,3.03757e-13
eigen_elementwise,51,1,0,3,1e-12,0.000119219,0,1.93268e-12,4.88254e-13
eigen_elementwise,52,1,0,3,1e-12,0.000116077,0,1.93268e-12,4.10612e-13
eigen_elementwise,53,1,0,3,1e-12,0.000126274,0,2.84217e-12,6.64089e-13
eigen_elementwise,54,1,0,3,1e-12,0.000120686,0,2.72848e-12,4.23365e-13
eigen_elementwise,55,1,0,3,1e-12,0.000128438,0,3.63798e-12,5.44663e-13
eigen_elementwise,56,1,0,3,1e-12,0.000124667,0,2.38742e-12,5.13431e-13
eigen_elementwise,57,1,0,3,1e-12,0.000135074,0,1.25056e-12,3.14135e-13
eigen_elementwise,58,1,0,3,1e-12,0.000138007,0,1.81899e-12,4.93705e-13
eigen_elementwise,59,1,0,3,1e-12,0.000136051,0,2.6148e-12,3.96338e-13
eigen_elementwise,60,1,0,3,1e-12,0.000141708,0,2.16005e-12,5.35157e-13
eigen_elementwise,61,1,0,3,1e-12,0.000151836,0,3.06954e-12,4.56669e-13
eigen_elementwise,62,1,0,3,1e-12,0.000155537,0,1.81899e-12,4.6277e-13
eigen_elementwise,63,1,0,3,1e-12,0.000168947,0,1.7053e-12,4.22717e-13
eigen_elementwise,64,1,0,3,1e-12,0.000164407,0,3.41061e-12,4.38871e-13
eigen_elementwise,65,1,0,3,1e-12,0.00017614,0,1.7053e-12,3.97357e-13
eigen_elementwise,66,1,0,3,1e-12,0.000179283,0,3.18323e-12,5.91419e-13
eigen_elementwise,67,1,0,3,1e-12,0.000184941,0,2.16005e-12,5.19969e-13
eigen_elementwise,68,1,0,3,1e-12,0.000186965,0,3.06954e-12,5.5741e-13
eigen_elementwise,69,1,0,3,1e-12,0.000198978,0,2.50111e-12,4.96144e-13
eigen_elementwise,70,1,0,3,1e-12,0.000198978,0,3.63798e-12,5.14839e-13
eigen_elementwise,71,1,0,3,1e-12,0.000223563,0,2.04636e-12,5.5042e-13
eigen_elementwise,72,1,0,3,1e-12,0.000208547,0,2.16005e-12,3.58035e-13
eigen_elementwise,73,1,0,3,1e-12,0.000218185,0,4.54747e-12,5.55489e-13
eigen_elementwise,74,1,0,3,1e-12,0.000229988,0,2.16005e-12,4.78464e-13
eigen_elementwise,75,1,0,3,1e-12,0.000235785,0,2.16005e-12,4.58347e-13
eigen_elementwise,76,1,0,3,1e-12,0.00023809,0,2.04636e-12,4.75362e-13
eigen_elementwise,77,1,0,3,1e-12,0.000247169,0,1.93268e-12,4.47504e-13
eigen_elementwise,78,1,0,3,1e-12,0.000250033,0,4.88853e-12,5.40012e-13
eigen_elementwise,79,1,0,3,1e-12,0.000261487,0,3.29692e-12,5.5211e-13
eigen_elementwise,80,1,0,3,1e-12,0.000267633,0,1.7053e-12,4.00391e-13
eigen_elementwise,81,1,0,3,1e-12,0.000269658,0,2.27374e-12,4.88081e-13
eigen_elementwise,82,1,0,3,1e-12,0.000281461,0,3.86535e-12,6.76229e-13
eigen_elementwise,83,1,0,3,1e-12,0.000282439,0,2.72848e-12,5.78493e-13
eigen_elementwise,84,1,0,3,1e-12,0.000299271,0,2.27374e-12,4.51025e-13
eigen_elementwise,85,1,0,3,1e-12,0.000290052,0,2.16005e-12,4.60975e-13
eigen_elementwise,86,1,0,3,1e-12,0.000294521,0,2.72848e-12,5.06592e-13
eigen_elementwise,87,1,0,3,1e-12,0.000311563,0,3.75167e-12,5.5161e-13
eigen_elementwise,88,1,0,3,1e-12,0.000318198,0,2.72848e-12,4.80303e-13
eigen_elementwise,89,1,0,3,1e-12,0.000323017,0,2.72848e-12,5.50112e-13
eigen_elementwise,90,1,0,3,1e-12,0.000322808,0,3.75167e-12,4.86643e-13
eigen_elementwise,91,1,0,3,1e-12,0.000335937,0,2.04636e-12,4.38858e-13
eigen_elementwise,92,1,0,3,1e-12,0.000345227,0,3.06954e-12,4.65367e-13
eigen_elementwise,93,1,0,3,1e-12,0.000351792,0,1.59162e-12,4.38703e-13
eigen_elementwise,94,1,0,3,1e-12,0.000358636,0,4.66116e-12,6.16093e-13
eigen_elementwise,95,1,0,3,1e-12,0.000373513,0,2.6148e-12,5.85151e-13
eigen_elementwise,96,1,0,3,1e-12,0.00037903,0,3.41061e-12,6.96665e-13
eigen_elementwise,97,1,0,3,1e-12,0.000385665,0,1.81899e-12,4.50206e-13
eigen_elementwise,98,1,0,3,1e-12,0.000394046,0,2.27374e-12,5.34393e-13
eigen_elementwise,99,1,0,3,1e-12,0.000398795,0,4.54747e-12,5.14103e-13
eigen_elementwise,100,1,0,3,1e-12,0.000411786,0,3.86535e-12,5.46194e-13
eigen_elementwise,101,1,0,3,1e-12,0.000415697,0,3.18323e-12,6.43147e-13
eigen_elementwise,102,1,0,3,1e-12,0.000417443,0,2.16005e-12,4.459e-13
eigen_elementwise,103,1,0,3,1e-12,0.000443913,0,3.41061e-12,5.57746e-13
eigen_elementwise,104,1,0,3,1e-12,0.000439024,0,5.45697e-12,6.66625e-13
eigen_elementwise,105,1,0,3,1e-12,0.000446567,0,2.95586e-12,5.76868e-13
eigen_elementwise,106,1,0,3,1e-12,0.000458789,0,2.95586e-12,6.26271e-13
eigen_elementwise,107,1,0,3,1e-12,0.000459627,0,3.29692e-12,5.04656e-13
eigen_elementwise,108,1,0,3,1e-12,0.000466262,0,3.41061e-12,6.54398e-13
eigen_elementwise,109,1,0,3,1e-12,0.000486935,0,3.29692e-12,6.22185e-13
eigen_elementwise,110,1,0,3,1e-12,0.000490288,0,3.97904e-12,5.88911e-13
eigen_elementwise,111,1,0,3,1e-12,0.000488052,0,3.97904e-12,6.8699e-13
eigen_elementwise,112,1,0,3,1e-12,0.00050698,0,5.79803e-12,6.67775e-13
eigen_elementwise,113,1,0,3,1e-12,0.000507328,0,3.52429e-12,5.96113e-13
eigen_elementwise,114,1,0,3,1e-12,0.000525139,0,4.09273e-12,6.44786e-13
eigen_elementwise,115,1,0,3,1e-12,0.000529189,0,3.63798e-12,5.28567e-13
eigen_elementwise,116,1,0,3,1e-12,0.000539945,0,3.97904e-12,5.35311e-13
eigen_elementwise,117,1,0,3,1e-12,0.000546789,0,6.36646e-12,5.64016e-13
eigen_elementwise,118,1,0,3,1e-12,0.000563412,0,3.18323e-12,5.47739e-13
eigen_elementwise,119,1,0,3,1e-12,0.000565856,0,3.06954e-12,5.78484e-13
eigen_elementwise,120,1,0,3,1e-12,0.000582898,0,3.86535e-12,6.25207e-13
eigen_elementwise,121,1,0,3,1e-12,0.000605037,0,2.84217e-12,5.32918e-13
eigen_elementwise,122,1,0,3,1e-12,0.000595748,0,3.52429e-12,6.14528e-13
eigen_elementwise,123,1,0,3,1e-12,0.00061265,0,4.43379e-12,6.73781e-13
eigen_elementwise,124,1,0,3,1e-12,0.000624803,0,4.09273e-12,6.52249e-13
eigen_elementwise,125,1,0,3,1e-12,0.000617888,0,5.68434e-12,6.89504e-13
eigen_elementwise,126,1,0,3,1e-12,0.000635698,0,3.29692e-12,6.05752e-13
eigen_elementwise,127,1,0,3,1e-12,0.000654834,0,3.29692e-12,6.83275e-13
eigen_elementwise,128,1,0,3,1e-12,0.000646523,0,2.27374e-12,6.10217e-13
eigen_elementwise,129,1,0,3,1e-12,0.000677323,0,4.66116e-12,6.35736e-13
eigen_elementwise,130,1,0,3,1e-12,0.000670828,0,4.20641e-12,6.74981e-13
eigen_elementwise,131,1,0,3,1e-12,0.000692339,0,3.86535e-12,5.56329e-13
eigen_elementwise,132,1,0,3,1e-12,0.000692269,0,4.88853e-12,6.36996e-13
eigen_elementwise,133,1,0,3,1e-12,0.000711545,0,4.54747e-12,6.39445e-13
eigen_elementwise,134,1,0,3,1e-12,0.000714619,0,3.41061e-12,6.03902e-13
eigen_elementwise,135,1,0,3,1e-12,0.000720206,0,3.41061e-12,5.99718e-13
eigen_elementwise,136,1,0,3,1e-12,0.000768327,0,4.20641e-12,5.50579e-13
eigen_elementwise,137,1,0,3,1e-12,0.000743253,0,5.68434e-12,6.29761e-13
eigen_elementwise,138,1,0,3,1e-12,0.000757012,0,3.75167e-12,6.26037e-13
eigen_elementwise,139,1,0,3,1e-12,0.000747793,0,3.18323e-12,5.65159e-13
eigen_elementwise,140,1,0,3,1e-12,0.000776429,0,4.20641e-12,5.77839e-13
eigen_elementwise,141,1,0,3,1e-12,0.000770212,0,5.68434e-12,7.17384e-13
eigen_elementwise,142,1,0,3,1e-12,0.000822384,0,4.54747e-12,6.30938e-13
eigen_elementwise,143,1,0,3,1e-12,0.000798848,0,4.3201e-12,7.15776e-13
eigen_elementwise,144,1,0,3,1e-12,0.000854581,0,6.82121e-12,9.87439e-13
eigen_elementwise,145,1,0,3,1e-12,0.000834118,0,5.11591e-12,6.03392e-13
eigen_elementwise,146,1,0,3,1e-12,0.000811349,0,3.18323e-12,6.01023e-13
eigen_elementwise,147,1,0,3,1e-12,0.000874765,0,4.43379e-12,6.65173e-13
eigen_elementwise,148,1,0,3,1e-12,0.000853883,0,5.68434e-12,6.64619e-13
eigen_elementwise,149,1,0,3,1e-12,0.00087721,0,4.66116e-12,6.11815e-13
eigen_elementwise,150,1,0,3,1e-12,0.000862823,0,3.63798e-12,6.37668e-13
eigen_elementwise,151,1,0,3,1e-12,0.000884264,0,3.41061e-12,5.71772e-13
eigen_elementwise,152,1,0,3,1e-12,0.000944607,0,4.66116e-12,6.21474e-13
eigen_elementwise,153,1,0,3,1e-12,0.000918835,0,6.13909e-12,6.40803e-13
eigen_elementwise,154,1,0,3,1e-12,0.000929172,0,4.3201e-12,5.58754e-13
eigen_elementwise,155,1,0,3,1e-12,0.000946842,0,4.09273e-12,6.32847e-13
eigen_elementwise,156,1,0,3,1e-12,0.000956968,0,4.09273e-12,6.14195e-13
eigen_elementwise,157,1,0,3,1e-12,0.000959693,0,3.86535e-12,6.17524e-13
eigen_elementwise,158,1,0,3,1e-12,0.000987769,0,5.00222e-12,5.33399e-13
eigen_elementwise,159,1,0,3,1e-12,0.00098267,0,5.45697e-12,6.74988e-13
eigen_elementwise,160,1,0,3,1e-12,0.00106222,0,3.86535e-12,7.17792e-13
eigen_elementwise,161,1,0,3,1e-12,0.000998385,0,4.09273e-12,6.79956e-13
eigen_elementwise,162,1,0,3,1e-12,0.00105035,0,4.88853e-12,6.33071e-13
eigen_elementwise,163,1,0,3,1e-12,0.00101347,0,3.63798e-12,5.97572e-13
eigen_elementwise,164,1,0,3,1e-12,0.0010507,0,3.63798e-12,5.84199e-13
eigen_elementwise,165,1,0,3,1e-12,0.0010588,0,6.13909e-12,7.09442e-13
eigen_elementwise,166,1,0,3,1e-12,0.00106543,0,2.6148e-12,5.73857e-13
eigen_elementwise,167,1,0,3,1e-12,0.00110384,0,3.41061e-12,5.89009e-13
eigen_elementwise,168,1,0,3,1e-12,0.00116384,0,4.09273e-12,6.31862e-13
eigen_elementwise,169,1,0,3,1e-12,0.0010824,0,4.20641e-12,6.37896e-13
eigen_elementwise,170,1,0,3,1e-12,0.00116174,0,5.45697e-12,6.07561e-13
eigen_elementwise,171,1,0,3,1e-12,0.00119652,0,3.97904e-12,6.19697e-13
eigen_elementwise,172,1,0,3,1e-12,0.00116216,0,5.11591e-12,6.87837e-13
eigen_elementwise,173,1,0,3,1e-12,0.00119254,0,6.0254e-12,7.11267e-13
eigen_elementwise,174,1,0,3,1e-12,0.00118654,0,3.52429e-12,5.85764e-13
eigen_elementwise,175,1,0,3,1e-12,0.00118703,0,4.3201e-12,6.96319e-13
eigen_elementwise,176,1,0,3,1e-12,0.00129472,0,3.52429e-12,7.02721e-13
eigen_elementwise,177,1,0,3,1e-12,0.00127391,0,5.45697e-12,6.70233e-13
eigen_elementwise,178,1,0,3,1e-12,0.00120477,0,4.54747e-12,6.94735e-13
eigen_elementwise,179,1,0,3,1e-12,0.00131833,0,3.06954e-12,5.96471e-13
eigen_elementwise,180,1,0,3,1e-12,0.00134124,0,5.45697e-12,7.00911e-13
eigen_elementwise,181,1,0,3,1e-12,0.0012649,0,4.54747e-12,7.05945e-13
eigen_elementwise,182,1,0,3,1e-12,0.0013617,0,5.34328e-12,6.52733e-13
eigen_elementwise,183,1,0,3,1e-12,0.00137923,0,6.25278e-12,6.87178e-13
eigen_elementwise,184,1,0,3,1e-12,0.00138712,0,5.45697e-12,6.87626e-13
eigen_elementwise,185,1,0,3,1e-12,0.00133209,0,5.68434e-12,7.00974e-13
eigen_elementwise,186,1,0,3,1e-12,0.00141436,0,4.66116e-12,6.98232e-13
eigen_elementwise,187,1,0,3,1e-12,0.00140828,0,5.79803e-12,7.40632e-13
eigen_elementwise,188,1,0,3,1e-12,0.00141534,0,4.66116e-12,7.24352e-13
eigen_elementwise,189,1,0,3,1e-12,0.0013814,0,5.34328e-12,6.45889e-13
eigen_elementwise,190,1,0,3,1e-12,0.00145187,0,8.07177e-12,7.75803e-13
eigen_elementwise,191,1,0,3,1e-12,0.0014849,0,3.97904e-12,6.57292e-13
eigen_elementwise,192,1,0,3,1e-12,0.00161404,0,4.20641e-12,7.39129e-13
eigen_elementwise,193,1,0,3,1e-12,0.0014525,0,5.68434e-12,7.47798e-13
eigen_elementwise,194,1,0,3,1e-12,0.00149328,0,4.3201e-12,6.54679e-13
eigen_elementwise,195,1,0,3,1e-12,0.00154259,0,5.79803e-12,6.0131e-13
eigen_elementwise,196,1,0,3,1e-12,0.00157011,0,6.82121e-12,7.53153e-13
eigen_elementwise,197,1,0,3,1e-12,0.00146695,0,5.68434e-12,6.99779e-13
eigen_elementwise,198,1,0,3,1e-12,0.00158785,0,5.34328e-12,6.54415e-13
eigen_elementwise,199,1,0,3,1e-12,0.0016095,0,3.97904e-12,7.22279e-13
eigen_elementwise,200,1,0,3,1e-12,0.00163785,0,3.41061e-12,6.25011e-13
eigen_elementwise,201,1,0,3,1e-12,0.00156019,0,4.09273e-12,7.25629e-13
eigen_elementwise,202,1,0,3,1e-12,0.00162179,0,4.54747e-12,6.70153e-13
eigen_elementwise,203,1,0,3,1e-12,0.00163988,0,6.59384e-12,6.63736e-13
eigen_elementwise,204,1,0,3,1e-12,0.00171342,0,6.25278e-12,6.85417e-13
eigen_elementwise,205,1,0,3,1e-12,0.0016646,0,9.77707e-12,6.73501e-13
eigen_elementwise,206,1,0,3,1e-12,0.00160929,0,4.66116e-12,6.42726e-13
eigen_elementwise,207,1,0,3,1e-12,0.00174506,0,4.20641e-12,6.76099e-13
eigen_elementwise,208,1,0,3,1e-12,0.00180512,0,5.00222e-12,7.1155e-13
eigen_elementwise,209,1,0,3,1e-12,0.00175379,0,4.77485e-12,7.28289e-13
eigen_elementwise,210,1,0,3,1e-12,0.0017642,0,4.20641e-12,6.95977e-13
eigen_elementwise,211,1,0,3,1e-12,0.00169282,0,4.09273e-12,7.81565e-13
eigen_elementwise,212,1,0,3,1e-12,0.00182342,0,5.91172e-12,6.88269e-13
eigen_elementwise,213,1,0,3,1e-12,0.00177956,0,3.41061e-12,6.4399e-13
eigen_elementwise,214,1,0,3,1e-12,0.00184438,0,4.66116e-12,7.29342e-13
eigen_elementwise,215,1,0,3,1e-12,0.00182775,0,7.27596e-12,6.75104e-13
eigen_elementwise,216,1,0,3,1e-12,0.00192965,0,4.20641e-12,6.61781e-13
eigen_elementwise,217,1,0,3,1e-12,0.00179144,0,5.00222e-12,7.78793e-13
eigen_elementwise,218,1,0,3,1e-12,0.00193873,0,5.91172e-12,7.33998e-13
eigen_elementwise,219,1,0,3,1e-12,0.00192169,0,5.68434e-12,8.08997e-13
eigen_elementwise,220,1,0,3,1e-12,0.00194111,0,6.13909e-12,7.1174e-13
eigen_elementwise,221,1,0,3,1e-12,0.00196695,0,5.00222e-12,6.79097e-13
eigen_elementwise,222,1,0,3,1e-12,0.00198224,0,5.22959e-12,6.50643e-13
eigen_elementwise,223,1,0,3,1e-12,0.00198392,0,5.00222e-12,7.79203e-13
eigen_elementwise,224,1,0,3,1e-12,0.00204007,0,5.45697e-12,7.29563e-13
eigen_elementwise,225,1,0,3,1e-12,0.0019747,0,5.34328e-12,7.18852e-13
eigen_elementwise,226,1,0,3,1e-12,0.0020113,0,4.20641e-12,7.33934e-13
eigen_elementwise,227,1,0,3,1e-12,0.0020481,0,8.18545e-12,7.96005e-13
eigen_elementwise,228,1,0,3,1e-12,0.00206535,0,4.77485e-12,7.40606e-13
eigen_elementwise,229,1,0,3,1e-12,0.00211389,0,3.41061e-12,7.03829e-13
eigen_elementwise,230,1,0,3,1e-12,0.00208484,0,4.3201e-12,5.97408e-13
eigen_elementwise,231,1,0,3,1e-12,0.00211683,0,5.34328e-12,7.40733e-13
eigen_elementwise,232,1,0,3,1e-12,0.00218017,0,5.91172e-12,7.91744e-13
eigen_elementwise,233,1,0,3,1e-12,0.00215643,0,4.09273e-12,7.68187e-13
eigen_elementwise,234,1,0,3,1e-12,0.0020678,0,9.32232e-12,7.53356e-13
eigen_elementwise,235,1,0,3,1e-12,0.00217452,0,6.13909e-12,7.6626e-13
eigen_elementwise,236,1,0,3,1e-12,0.00218345,0,6.0254e-12,7.21683e-13
eigen_elementwise,237,1,0,3,1e-12,0.00221342,0,5.45697e-12,6.99731e-13
eigen_elementwise,238,1,0,3,1e-12,0.00225777,0,5.34328e-12,6.82685e-13
eigen_elementwise,239,1,0,3,1e-12,0.00224575,0,5.91172e-12,6.88128e-13
eigen_elementwise,240,1,0,3,1e-12,0.00233802,0,5.91172e-12,7.1058e-13
eigen_elementwise,241,1,0,3,1e-12,0.00229401,0,6.70752e-12,7.10838e-13
eigen_elementwise,242,1,0,3,1e-12,0.00232942,0,5.57066e-12,7.27108e-13
eigen_elementwise,243,1,0,3,1e-12,0.00231427,0,6.59384e-12,7.59484e-13
eigen_elementwise,244,1,0,3,1e-12,0.00237182,0,5.11591e-12,7.84061e-13
eigen_elementwise,245,1,0,3,1e-12,0.00235066,0,5.91172e-12,6.63379e-13
eigen_elementwise,246,1,0,3,1e-12,0.00240206,0,5.45697e-12,6.60155e-13
eigen_elementwise,247,1,0,3,1e-12,0.00241554,0,6.9349e-12,6.76058e-13
eigen_elementwise,248,1,0,3,1e-12,0.00245919,0,3.41061e-12,6.23435e-13
eigen_elementwise,249,1,0,3,1e-12,0.00244278,0,4.20641e-12,7.32465e-13
eigen_elementwise,250,1,0,3,1e-12,0.00245228,0,7.38964e-12,8.61281e-13
eigen_elementwise,251,1,0,3,1e-12,0.00251625,0,7.16227e-12,7.78961e-13
eigen_elementwise,252,1,0,3,1e-12,0.00250591,0,7.38964e-12,6.74402e-13
eigen_elementwise,253,1,0,3,1e-12,0.00252994,0,6.59384e-12,6.75709e-13
eigen_elementwise,254,1,0,3,1e-12,0.00251534,0,5.45697e-12,7.04691e-13
eigen_elementwise,255,1,0,3,1e-12,0.00260767,0,4.66116e-12,7.50089e-13
eigen_elementwise,256,1,0,3,1e-12,0.00265705,0,6.13909e-12,7.77772e-13
eigen_elementwise,257,1,0,3,1e-12,0.00260516,0,6.0254e-12,7.6772e-13
eigen_elementwise,258,1,0,3,1e-12,0.00249746,0,5.00222e-12,7.59615e-13
eigen_elementwise,259,1,0,3,1e-12,0.00261116,0,4.54747e-12,7.19521e-13
eigen_elementwise,260,1,0,3,1e-12,0.00267046,0,5.34328e-12,7.12978e-13
eigen_elementwise,261,1,0,3,1e-12,0.0026639,0,4.88853e-12,7.52903e-13
eigen_elementwise,262,1,0,3,1e-12,0.00270014,0,7.95808e-12,7.04637e-13
eigen_elementwise,263,1,0,3,1e-12,0.00274226,0,5.00222e-12,7.97284e-13
eigen_elementwise,264,1,0,3,1e-12,0.0027519,0,5.11591e-12,6.86596e-13
eigen_elementwise,265,1,0,3,1e-12,0.00277557,0,6.13909e-12,7.03997e-13
eigen_elementwise,266,1,0,3,1e-12,0.00276796,0,3.86535e-12,6.42978e-13
eigen_elementwise,267,1,0,3,1e-12,0.00280847,0,4.77485e-12,7.19461e-13
eigen_elementwise,268,1,0,3,1e-12,0.00285596,0,7.38964e-12,7.57886e-13
eigen_elementwise,269,1,0,3,1e-12,0.0028635,0,6.13909e-12,7.27426e-13
eigen_elementwise,270,1,0,3,1e-12,0.0028862,0,6.9349e-12,7.36206e-13
eigen_elementwise,271,1,0,3,1e-12,0.00288557,0,4.88853e-12,7.40352e-13
eigen_elementwise,272,1,0,3,1e-12,0.00293956,0,4.88853e-12,8.84418e-13
eigen_elementwise,273,1,0,3,1e-12,0.00296324,0,5.68434e-12,7.45829e-13
eigen_elementwise,274,1,0,3,1e-12,0.00296491,0,4.77485e-12,7.40083e-13
eigen_elementwise,275,1,0,3,1e-12,0.00295898,0,6.70752e-12,8.4371e-13
eigen_elementwise,276,1,0,3,1e-12,0.0030115,0,6.0254e-12,8.23129e-13
eigen_elementwise,277,1,0,3,1e-12,0.0030446,0,5.91172e-12,7.69974e-13
eigen_elementwise,278,1,0,3,1e-12,0.00306318,0,5.79803e-12,7.21107e-13
eigen_elementwise,279,1,0,3,1e-12,0.00308008,0,4.66116e-12,8.1711e-13
eigen_elementwise,280,1,0,3,1e-12,0.00306877,0,9.89075e-12,7.90515e-13
eigen_elementwise,281,1,0,3,1e-12,0.00307303,0,4.66116e-12,6.55898e-13
eigen_elementwise,282,1,0,3,1e-12,0.00313372,0,4.77485e-12,6.50525e-13
eigen_elementwise,283,1,0,3,1e-12,0.00314482,0,6.82121e-12,7.7937e-13
eigen_elementwise,284,1,0,3,1e-12,0.00314566,0,5.57066e-12,7.99666e-13
eigen_elementwise,285,1,0,3,1e-12,0.00318184,0,6.48015e-12,8.32101e-13
eigen_elementwise,286,1,0,3,1e-12,0.00321355,0,7.50333e-12,7.27428e-13
eigen_elementwise,287,1,0,3,1e-12,0.00325685,0,4.66116e-12,7.21637e-13
eigen_elementwise,288,1,0,3,1e-12,0.00322961,0,7.95808e-12,6.42692e-13
eigen_elementwise,289,1,0,3,1e-12,0.00330239,0,7.50333e-12,7.20687e-13
eigen_elementwise,290,1,0,3,1e-12,0.00330071,0,7.50333e-12,7.89759e-13
eigen_elementwise,291,1,0,3,1e-12,0.00335358,0,9.20863e-12,7.2968e-13
eigen_elementwise,292,1,0,3,1e-12,0.00337516,0,6.48015e-12,7.52064e-13
eigen_elementwise,293,1,0,3,1e-12,0.00338564,0,7.7307e-12,8.15256e-13
eigen_elementwise,294,1,0,3,1e-12,0.00338522,0,4.3201e-12,7.2152e-13
eigen_elementwise,295,1,0,3,1e-12,0.00343851,0,5.45697e-12,7.44665e-13
eigen_elementwise,296,1,0,3,1e-12,0.00346197,0,5.22959e-12,7.10967e-13
eigen_elementwise,297,1,0,3,1e-12,0.00345059,0,6.13909e-12,7.69917e-13
eigen_elementwise,298,1,0,3,1e-12,0.00352944,0,7.27596e-12,8.86543e-13
eigen_elementwise,299,1,0,3,1e-12,0.00353552,0,8.6402e-12,7.0435e-13
eigen_elementwise,300,1,0,3,1e-12,0.00359544,0,6.36646e-12,7.27801e-13
eigen_elementwise,301,1,0,3,1e-12,0.00360382,0,5.68434e-12,7.10006e-13
eigen_elementwise,302,1,0,3,1e-12,0.00360354,0,6.48015e-12,9.59933e-13
eigen_elementwise,303,1,0,3,1e-12,0.0036194,0,6.82121e-12,7.10464e-13
eigen_elementwise,304,1,0,3,1e-12,0.00365676,0,5.57066e-12,6.69687e-13
eigen_elementwise,305,1,0,3,1e-12,0.00363714,0,5.22959e-12,7.26122e-13
eigen_elementwise,306,1,0,3,1e-12,0.00365341,0,6.82121e-12,7.20234e-13
eigen_elementwise,307,1,0,3,1e-12,0.00371892,0,6.25278e-12,7.76984e-13
eigen_elementwise,308,1,0,3,1e-12,0.00374462,0,6.82121e-12,7.59152e-13
eigen_elementwise,309,1,0,3,1e-12,0.00377305,0,5.79803e-12,8.00679e-13
eigen_elementwise,310,1,0,3,1e-12,0.00381146,0,5.79803e-12,7.30058e-13
eigen_elementwise,311,1,0,3,1e-12,0.00383388,0,5.91172e-12,7.78629e-13
eigen_elementwise,312,1,0,3,1e-12,0.00387139,0,6.59384e-12,7.28573e-13
eigen_elementwise,313,1,0,3,1e-12,0.00389632,0,7.50333e-12,7.96358e-13
eigen_elementwise,314,1,0,3,1e-12,0.00387669,0,4.66116e-12,7.69287e-13
eigen_elementwise,315,1,0,3,1e-12,0.00394842,0,7.84439e-12,7.54821e-13
eigen_elementwise,316,1,0,3,1e-12,0.00397391,0,4.88853e-12,7.79978e-13
eigen_elementwise,317,1,0,3,1e-12,0.00397775,0,6.48015e-12,7.91913e-13
eigen_elementwise,318,1,0,3,1e-12,0.00402909,0,6.0254e-12,8.10206e-13
eigen_elementwise,319,1,0,3,1e-12,0.00401135,0,5.34328e-12,7.63945e-13
eigen_elementwise,320,1,0,3,1e-12,0.00400318,0,5.22959e-12,8.13007e-13
eigen_elementwise,321,1,0,3,1e-12,0.00401924,0,5.11591e-12,7.93607e-13
eigen_elementwise,322,1,0,3,1e-12,0.0040719,0,5.22959e-12,7.52709e-13
eigen_elementwise,323,1,0,3,1e-12,0.00410787,0,6.59384e-12,7.50646e-13
eigen_elementwise,324,1,0,3,1e-12,0.00418791,0,5.79803e-12,8.44765e-13
eigen_elementwise,325,1,0,3,1e-12,0.00423205,0,5.91172e-12,7.45697e-13
eigen_elementwise,326,1,0,3,1e-12,0.00417555,0,7.27596e-12,9.17663e-13
eigen_elementwise,327,1,0,3,1e-12,0.00424588,0,7.7307e-12,9.00294e-13
eigen_elementwise,328,1,0,3,1e-12,0.0043329,0,8.52651e-12,8.07905e-13
eigen_elementwise,329,1,0,3,1e-12,0.00427542,0,4.66116e-12,6.91394e-13
eigen_elementwise,330,1,0,3,1e-12,0.0042875,0,4.54747e-12,7.69176e-13
eigen_elementwise,331,1,0,3,1e-12,0.00430517,0,7.27596e-12,8.86165e-13
eigen_elementwise,332,1,0,3,1e-12,0.00433018,0,7.38964e-12,7.44056e-13
eigen_elementwise,333,1,0,3,1e-12,0.00441734,0,6.0254e-12,7.13223e-13
eigen_elementwise,334,1,0,3,1e-12,0.00442306,0,6.82121e-12,8.30541e-13
eigen_elementwise,335,1,0,3,1e-12,0.00437858,0,5.00222e-12,7.89166e-13
eigen_elementwise,336,1,0,3,1e-12,0.00444681,0,6.48015e-12,7.66538e-13
eigen_elementwise,337,1,0,3,1e-12,0.00448452,0,5.11591e-12,8.5624e-13
eigen_elementwise,338,1,0,3,1e-12,0.00449444,0,7.38964e-12,8.39229e-13
eigen_elementwise,339,1,0,3,1e-12,0.00451072,0,7.04858e-12,7.58184e-13
eigen_elementwise,340,1,0,3,1e-12,0.00456149,0,6.36646e-12,7.10914e-13
eigen_elementwise,341,1,0,3,1e-12,0.00462379,0,8.75389e-12,8.18652e-13
eigen_elementwise,342,1,0,3,1e-12,0.00461373,0,5.45697e-12,7.0596e-13
eigen_elementwise,343,1,0,3,1e-12,0.00463419,0,1.1255e-11,8.40768e-13
eigen_elementwise,344,1,0,3,1e-12,0.00468762,0,5.00222e-12,7.89151e-13
eigen_elementwise,345,1,0,3,1e-12,0.00468602,0,5.00222e-12,7.94136e-13
eigen_elementwise,346,1,0,3,1e-12,0.00472632,0,7.50333e-12,8.13956e-13
eigen_elementwise,347,1,0,3,1e-12,0.00479294,0,9.32232e-12,8.2053e-13
eigen_elementwise,348,1,0,3,1e-12,0.00478938,0,4.88853e-12,7.33951e-13
eigen_elementwise,349,1,0,3,1e-12,0.00478415,0,8.41283e-12,8.49816e-13
eigen_elementwise,350,1,0,3,1e-12,0.00480845,0,6.9349e-12,8.1165e-13
eigen_elementwise,351,1,0,3,1e-12,0.00484169,0,7.16227e-12,8.56356e-13
eigen_elementwise,352,1,0,3,1e-12,0.00488416,0,6.36646e-12,8.01293e-13
eigen_elementwise,353,1,0,3,1e-12,0.00488171,0,7.7307e-12,7.98113e-13
eigen_elementwise,354,1,0,3,1e-12,0.00490274,0,5.79803e-12,8.17622e-13
eigen_elementwise,355,1,0,3,1e-12,0.00504598,0,6.59384e-12,8.56747e-13
eigen_elementwise,356,1,0,3,1e-12,0.00496043,0,7.04858e-12,8.75892e-13
eigen_elementwise,357,1,0,3,1e-12,0.00501378,0,6.82121e-12,8.72371e-13
eigen_elementwise,358,1,0,3,1e-12,0.00508495,0,6.25278e-12,8.68211e-13
eigen_elementwise,359,1,0,3,1e-12,0.00503229,0,8.6402e-12,7.48296e-13
eigen_elementwise,360,1,0,3,1e-12,0.005089,0,7.16227e-12,8.23515e-13
eigen_elementwise,361,1,0,3,1e-12,0.00512162,0,5.68434e-12,8.27049e-13
eigen_elementwise,362,1,0,3,1e-12,0.00520333,0,5.00222e-12,7.16391e-13
eigen_elementwise,363,1,0,3,1e-12,0.00522736,0,6.48015e-12,8.73662e-13
eigen_elementwise,364,1,0,3,1e-12,0.00518608,0,7.61702e-12,7.98749e-13
eigen_elementwise,365,1,0,3,1e-12,0.0052606,0,5.68434e-12,6.89284e-13
eigen_elementwise,366,1,0,3,1e-12,0.00528232,0,5.00222e-12,8.08537e-13
eigen_elementwise,367,1,0,3,1e-12,0.0053537,0,6.48015e-12,8.32912e-13
eigen_elementwise,368,1,0,3,1e-12,0.00529518,0,6.13909e-12,7.46688e-13
eigen_elementwise,369,1,0,3,1e-12,0.00535838,0,8.75389e-12,8.76683e-13
eigen_elementwise,370,1,0,3,1e-12,0.00541984,0,6.70752e-12,8.57815e-13
eigen_elementwise,371,1,0,3,1e-12,0.00528959,0,9.43601e-12,8.63542e-13
eigen_elementwise,372,1,0,3,1e-12,0.00538143,0,5.91172e-12,8.17647e-13
eigen_elementwise,373,1,0,3,1e-12,0.00548486,0,5.34328e-12,8.14291e-13
eigen_elementwise,374,1,0,3,1e-12,0.00547369,0,6.70752e-12,7.66874e-13
eigen_elementwise,375,1,0,3,1e-12,0.00552425,0,7.27596e-12,8.33552e-13
eigen_elementwise,376,1,0,3,1e-12,0.00555792,0,5.45697e-12,8.27344e-13
eigen_elementwise,377,1,0,3,1e-12,0.00560674,0,5.45697e-12,8.10868e-13
eigen_elementwise,378,1,0,3,1e-12,0.00559487,0,5.68434e-12,8.11e-13
eigen_elementwise,379,1,0,3,1e-12,0.00564864,0,6.36646e-12,8.07606e-13
eigen_elementwise,380,1,0,3,1e-12,0.00558048,0,6.70752e-12,8.30517e-13
eigen_elementwise,381,1,0,3,1e-12,0.00572659,0,9.66338e-12,8.20367e-13
eigen_elementwise,382,1,0,3,1e-12,0.0056895,0,6.25278e-12,8.02978e-13
eigen_elementwise,383,1,0,3,1e-12,0.0058516,0,5.79803e-12,8.55587e-13
eigen_elementwise,384,1,0,3,1e-12,0.00577198,0,7.61702e-12,8.1133e-13
eigen_elementwise,385,1,0,3,1e-12,0.00579796,0,5.22959e-12,8.13017e-13
eigen_elementwise,386,1,0,3,1e-12,0.00592661,0,9.20863e-12,9.13855e-13
eigen_elementwise,387,1,0,3,1e-12,0.00585125,0,5.91172e-12,8.05339e-13
eigen_elementwise,388,1,0,3,1e-12,0.00595511,0,7.84439e-12,8.71079e-13
eigen_elementwise,389,1,0,3,1e-12,0.00596153,0,6.9349e-12,8.22032e-13
eigen_elementwise,390,1,0,3,1e-12,0.00598011,0,7.7307e-12,8.0079e-13
eigen_elementwise,391,1,0,3,1e-12,0.00606092,0,5.22959e-12,7.23911e-13
eigen_elementwise,392,1,0,3,1e-12,0.00598514,0,1.11413e-11,8.17213e-13
eigen_elementwise,393,1,0,3,1e-12,0.00606434,0,6.59384e-12,7.8456e-13
eigen_elementwise,394,1,0,3,1e-12,0.00608271,0,7.38964e-12,7.46016e-13
eigen_elementwise,395,1,0,3,1e-12,0.0061177,0,9.09495e-12,8.74541e-13
eigen_elementwise,396,1,0,3,1e-12,0.00613984,0,7.16227e-12,7.94421e-13
eigen_elementwise,397,1,0,3,1e-12,0.00615953,0,5.57066e-12,8.15254e-13
eigen_elementwise,398,1,0,3,1e-12,0.00621087,0,7.50333e-12,8.85323e-13
eigen_elementwise,399,1,0,3,1e-12,0.00626269,0,6.82121e-12,7.89373e-13
eigen_elementwise,400,1,0,3,1e-12,0.00629761,0,6.82121e-12,9.12394e-13
eigen_elementwise,401,1,0,3,1e-12,0.00631891,0,5.68434e-12,8.18592e-13
eigen_elementwise,402,1,0,3,1e-12,0.00633553,0,6.9349e-12,9.29332e-13
eigen_elementwise,403,1,0,3,1e-12,0.00634196,0,5.57066e-12,8.94079e-13
eigen_elementwise,404,1,0,3,1e-12,0.00643604,0,1.18234e-11,9.16995e-13
eigen_elementwise,405,1,0,3,1e-12,0.00648269,0,7.61702e-12,8.6925e-13
eigen_elementwise,406,1,0,3,1e-12,0.00655009,0,6.59384e-12,7.80773e-13
eigen_elementwise,407,1,0,3,1e-12,0.00647305,0,6.25278e-12,8.8079e-13
eigen_elementwise,408,1,0,3,1e-12,0.00654038,0,8.29914e-12,1.06359e-12
eigen_elementwise,409,1,0,3,1e-12,0.00659996,0,5.57066e-12,7.93937e-13
eigen_elementwise,410,1,0,3,1e-12,0.00659653,0,9.54969e-12,8.63406e-13
eigen_elementwise,411,1,0,3,1e-12,0.00667371,0,7.84439e-12,8.44024e-13
eigen_elementwise,412,1,0,3,1e-12,0.00662992,0,8.18545e-12,8.69541e-13
eigen_elementwise,413,1,0,3,1e-12,0.00674872,0,6.36646e-12,8.50359e-13
eigen_elementwise,414,1,0,3,1e-12,0.00676792,0,7.16227e-12,7.99622e-13
eigen_elementwise,415,1,0,3,1e-12,0.00672343,0,6.25278e-12,7.98093e-13
eigen_elementwise,416,1,0,3,1e-12,0.00682498,0,5.68434e-12,8.75294e-13
eigen_elementwise,417,1,0,3,1e-12,0.00676681,0,6.82121e-12,8.54259e-13
eigen_elementwise,418,1,0,3,1e-12,0.0069097,0,5.34328e-12,7.80164e-13
eigen_elementwise,419,1,0,3,1e-12,0.00687171,0,5.22959e-12,8.41761e-13
eigen_elementwise,420,1,0,3,1e-12,0.00698234,0,5.45697e-12,8.41522e-13
eigen_elementwise,421,1,0,3,1e-12,0.0069829,0,6.59384e-12,8.32151e-13
eigen_elementwise,422,1,0,3,1e-12,0.00707781,0,6.9349e-12,7.64859e-13
eigen_elementwise,423,1,0,3,1e-12,0.0070563,0,5.00222e-12,7.33041e-13
eigen_elementwise,424,1,0,3,1e-12,0.00711839,0,7.95808e-12,9.50459e-13
eigen_elementwise,425,1,0,3,1e-12,0.00718711,0,1.00044e-11,8.84955e-13
eigen_elementwise,426,1,0,3,1e-12,0.00706887,0,6.59384e-12,8.87046e-13
eigen_elementwise,427,1,0,3,1e-12,0.00718613,0,6.9349e-12,8.25037e-13
eigen_elementwise,428,1,0,3,1e-12,0.00720255,0,6.13909e-12,8.34645e-13
eigen_elementwise,429,1,0,3,1e-12,0.007236,0,8.41283e-12,8.5725e-13
eigen_elementwise,430,1,0,3,1e-12,0.00720164,0,6.36646e-12,9.18757e-13
eigen_elementwise,431,1,0,3,1e-12,0.00722315,0,1.10276e-11,9.09111e-13
eigen_elementwise,432,1,0,3,1e-12,0.0073305,0,6.36646e-12,8.50019e-13
eigen_elementwise,433,1,0,3,1e-12,0.00738407,0,8.41283e-12,9.31515e-13
eigen_elementwise,434,1,0,3,1e-12,0.00747793,0,6.25278e-12,8.86906e-13
eigen_elementwise,435,1,0,3,1e-12,0.00739922,0,7.27596e-12,8.91473e-13
eigen_elementwise,436,1,0,3,1e-12,0.00748506,0,7.04858e-12,8.02204e-13
eigen_elementwise,437,1,0,3,1e-12,0.00754701,0,9.09495e-12,8.30534e-13
eigen_elementwise,438,1,0,3,1e-12,0.00755099,0,9.09495e-12,9.29734e-13
eigen_elementwise,439,1,0,3,1e-12,0.00756572,0,9.43601e-12,9.28566e-13
eigen_elementwise,440,1,0,3,1e-12,0.00759911,0,9.54969e-12,8.90714e-13
eigen_elementwise,441,1,0,3,1e-12,0.00776344,0,7.27596e-12,9.45133e-13
eigen_elementwise,442,1,0,3,1e-12,0.0076663,0,7.38964e-12,8.57618e-13
eigen_elementwise,443,1,0,3,1e-12,0.00774801,0,8.07177e-12,9.16218e-13
eigen_elementwise,444,1,0,3,1e-12,0.00781869,0,6.25278e-12,8.71098e-13
eigen_elementwise,445,1,0,3,1e-12,0.00777266,0,5.91172e-12,7.89634e-13
eigen_elementwise,446,1,0,3,1e-12,0.00778258,0,8.07177e-12,8.51429e-13
eigen_elementwise,447,1,0,3,1e-12,0.00784223,0,8.41283e-12,9.04412e-13
eigen_elementwise,448,1,0,3,1e-12,0.00787128,0,1.02318e-11,9.83093e-13
eigen_elementwise,449,1,0,3,1e-12,0.00800174,0,7.16227e-12,8.6255e-13
eigen_elementwise,450,1,0,3,1e-12,0.00800286,0,7.61702e-12,8.56646e-13
eigen_elementwise,451,1,0,3,1e-12,0.00797499,0,7.61702e-12,8.99431e-13
eigen_elementwise,452,1,0,3,1e-12,0.00815609,0,1.3074e-11,9.69846e-13
eigen_elementwise,453,1,0,3,1e-12,0.008088,0,7.7307e-12,9.83268e-13
eigen_elementwise,454,1,0,3,1e-12,0.00806076,0,7.95808e-12,8.08579e-13
eigen_elementwise,455,1,0,3,1e-12,0.00812348,0,7.04858e-12,8.45835e-13
eigen_elementwise,456,1,0,3,1e-12,0.00821371,0,6.9349e-12,8.12649e-13
eigen_elementwise,457,1,0,3,1e-12,0.00826945,0,6.59384e-12,8.88523e-13
eigen_elementwise,458,1,0,3,1e-12,0.00824947,0,7.04858e-12,8.85773e-13
eigen_elementwise,459,1,0,3,1e-12,0.0083418,0,8.6402e-12,7.95802e-13
eigen_elementwise,460,1,0,3,1e-12,0.00829159,0,8.86757e-12,8.59267e-13
eigen_elementwise,461,1,0,3,1e-12,0.0084099,0,9.43601e-12,9.16454e-13
eigen_elementwise,462,1,0,3,1e-12,0.00841486,0,7.16227e-12,8.24454e-13
eigen_elementwise,463,1,0,3,1e-12,0.00843057,0,9.54969e-12,8.92635e-13
eigen_elementwise,464,1,0,3,1e-12,0.008528,0,6.82121e-12,8.68389e-13
eigen_elementwise,465,1,0,3,1e-12,0.00846032,0,6.82121e-12,7.87565e-13
eigen_elementwise,466,1,0,3,1e-12,0.00858457,0,6.70752e-12,8.31799e-13
eigen_elementwise,467,1,0,3,1e-12,0.00856159,0,5.91172e-12,8.06617e-13
eigen_elementwise,468,1,0,3,1e-12,0.00861817,0,7.95808e-12,9.49099e-13
eigen_elementwise,469,1,0,3,1e-12,0.0087047,0,7.7307e-12,8.75163e-13
eigen_elementwise,470,1,0,3,1e-12,0.00865846,0,8.18545e-12,1.00458e-12
eigen_elementwise,471,1,0,3,1e-12,0.00873501,0,7.61702e-12,9.21238e-13
eigen_elementwise,472,1,0,3,1e-12,0.00878187,0,6.48015e-12,7.85639e-13
eigen_elementwise,473,1,0,3,1e-12,0.00878641,0,4.88853e-12,7.77579e-13
eigen_elementwise,474,1,0,3,1e-12,0.00881177,0,6.13909e-12,8.74533e-13
eigen_elementwise,475,1,0,3,1e-12,0.00883097,0,6.59384e-12,8.71961e-13
eigen_elementwise,476,1,0,3,1e-12,0.00890598,0,1.11413e-11,9.00217e-13
eigen_elementwise,477,1,0,3,1e-12,0.0089386,0,7.04858e-12,9.48215e-13
eigen_elementwise,478,1,0,3,1e-12,0.0089842,0,7.04858e-12,8.00476e-13
eigen_elementwise,479,1,0,3,1e-12,0.00896633,0,6.25278e-12,8.7511e-13
eigen_elementwise,480,1,0,3,1e-12,0.00904909,0,6.70752e-12,8.92525e-13
eigen_elementwise,481,1,0,3,1e-12,0.00910734,0,7.04858e-12,8.83696e-13
eigen_elementwise,482,1,0,3,1e-12,0.00904126,0,7.38964e-12,9.15243e-13
eigen_elementwise,483,1,0,3,1e-12,0.00910049,0,7.27596e-12,8.92375e-13
eigen_elementwise,484,1,0,3,1e-12,0.00915147,0,5.22959e-12,8.33961e-13
eigen_elementwise,485,1,0,3,1e-12,0.00920002,0,6.82121e-12,9.12423e-13
eigen_elementwise,486,1,0,3,1e-12,0.00919841,0,8.07177e-12,9.50689e-13
eigen_elementwise,487,1,0,3,1e-12,0.00930108,0,8.98126e-12,9.04896e-13
eigen_elementwise,488,1,0,3,1e-12,0.00927021,0,8.41283e-12,9.37282e-13
eigen_elementwise,489,1,0,3,1e-12,0.00935611,0,6.36646e-12,8.41859e-13
eigen_elementwise,490,1,0,3,1e-12,0.00952506,0,9.66338e-12,9.15355e-13
eigen_elementwise,491,1,0,3,1e-12,0.0094812,0,6.70752e-12,8.90978e-13
eigen_elementwise,492,1,0,3,1e-12,0.00950543,0,7.7307e-12,9.3571e-13
eigen_elementwise,493,1,0,3,1e-12,0.00954301,0,6.70752e-12,8.05871e-13
eigen_elementwise,494,1,0,3,1e-12,0.00958784,0,1.13687e-11,8.91025e-13
eigen_elementwise,495,1,0,3,1e-12,0.00961809,0,6.59384e-12,9.06458e-13
eigen_elementwise,496,1,0,3,1e-12,0.00977537,0,6.9349e-12,8.61737e-13
eigen_elementwise,497,1,0,3,1e-12,0.00989089,0,5.57066e-12,8.59019e-13
eigen_elementwise,498,1,0,3,1e-12,0.00980331,0,9.32232e-12,8.53271e-13
eigen_elementwise,499,1,0,3,1e-12,0.00981113,0,7.61702e-12,8.53597e-13
eigen_elementwise,500,1,0,3,1e-12,0.00981839,0,1.05729e-11,8.85927e-13
eigen_elementwise,501,1,0,3,1e-12,0.009999,0,1.38698e-11,9.41173e-13
eigen_elementwise,502,1,0,3,1e-12,0.00992483,0,5.79803e-12,8.94824e-13
eigen_elementwise,503,1,0,3,1e-12,0.0100095,0,6.59384e-12,8.1359e-13
eigen_elementwise,504,1,0,3,1e-12,0.0100656,0,9.89075e-12,8.83911e-13
eigen_elementwise,505,1,0,3,1e-12,0.0100131,0,1.02318e-11,9.29508e-13
eigen_elementwise,506,1,0,3,1e-12,0.0100867,0,7.7307e-12,9.01638e-13
eigen_elementwise,507,1,0,3,1e-12,0.0101111,0,1.02318e-11,9.64523e-13
eigen_elementwise,508,1,0,3,1e-12,0.0101571,0,1.23919e-11,9.71656e-13
eigen_elementwise,509,1,0,3,1e-12,0.0102662,0,1.01181e-11,8.85906e-13
eigen_elementwise,510,1,0,3,1e-12,0.010141,0,9.66338e-12,8.84929e-13
eigen_elementwise,511,1,0,3,1e-12,0.0112664,0,7.27596e-12,8.51613e-13
eigen_elementwise,512,1,0,3,1e-12,0.0115845,0,1.02318e-11,1.02336e-12
eigen_elementwise,513,1,0,3,1e-12,0.0108196,0,8.07177e-12,8.57608e-13
eigen_elementwise,514,1,0,3,1e-12,0.0106397,0,9.54969e-12,9.85185e-13
eigen_elementwise,515,1,0,3,1e-12,0.0104318,0,6.82121e-12,9.29381e-13
eigen_elementwise,516,1,0,3,1e-12,0.0105825,0,7.7307e-12,9.65825e-13
eigen_elementwise,517,1,0,3,1e-12,0.0105399,0,1.25056e-11,1.04885e-12
eigen_elementwise,518,1,0,3,1e-12,0.010588,0,5.79803e-12,8.60806e-13
eigen_elementwise,519,1,0,3,1e-12,0.0105366,0,6.82121e-12,9.72042e-13
eigen_elementwise,520,1,0,3,1e-12,0.0106012,0,8.41283e-12,8.66298e-13
eigen_elementwise,521,1,0,3,1e-12,0.0105928,0,8.75389e-12,9.15887e-13
eigen_elementwise,522,1,0,3,1e-12,0.0107247,0,8.75389e-12,9.60739e-13
eigen_elementwise,523,1,0,3,1e-12,0.0107422,0,7.84439e-12,9.11146e-13
eigen_elementwise,524,1,0,3,1e-12,0.0107432,0,8.86757e-12,8.42024e-13
eigen_elementwise,525,1,0,3,1e-12,0.0108756,0,6.0254e-12,8.77725e-13
eigen_elementwise,526,1,0,3,1e-12,0.0108424,0,8.98126e-12,8.50239e-13
eigen_elementwise,527,1,0,3,1e-12,0.0108644,0,1.04592e-11,8.8494e-13
eigen_elementwise,528,1,0,3,1e-12,0.0108966,0,7.38964e-12,9.0614e-13
eigen_elementwise,529,1,0,3,1e-12,0.0110073,0,7.61702e-12,9.31791e-13
eigen_elementwise,530,1,0,3,1e-12,0.0109839,0,7.95808e-12,8.64382e-13
eigen_elementwise,531,1,0,3,1e-12,0.0111035,0,7.16227e-12,8.95721e-13
eigen_elementwise,532,1,0,3,1e-12,0.0112559,0,7.27596e-12,8.66795e-13
eigen_elementwise,533,1,0,3,1e-12,0.0111839,0,7.61702e-12,8.74546e-13
eigen_elementwise,534,1,0,3,1e-12,0.011293,0,9.09495e-12,9.23687e-13
eigen_elementwise,535,1,0,3,1e-12,0.0112071,0,7.95808e-12,8.78353e-13
eigen_elementwise,536,1,0,3,1e-12,0.0112835,0,9.89075e-12,9.64888e-13
eigen_elementwise,537,1,0,3,1e-12,0.0113289,0,9.54969e-12,8.68082e-13
eigen_elementwise,538,1,0,3,1e-12,0.0113842,0,9.20863e-12,8.59556e-13
eigen_elementwise,539,1,0,3,1e-12,0.0113563,0,9.43601e-12,9.51898e-13
eigen_elementwise,540,1,0,3,1e-12,0.0114501,0,9.43601e-12,9.40736e-13
eigen_elementwise,541,1,0,3,1e-12,0.0115956,0,9.32232e-12,9.31221e-13
eigen_elementwise,542,1,0,3,1e-12,0.0115903,0,9.20863e-12,9.66102e-13
eigen_elementwise,543,1,0,3,1e-12,0.0116189,0,6.9349e-12,9.69665e-13
eigen_elementwise,544,1,0,3,1e-12,0.011617,0,7.50333e-12,9.7379e-13
eigen_elementwise,545,1,0,3,1e-12,0.0116523,0,7.04858e-12,9.47118e-13
eigen_elementwise,546,1,0,3,1e-12,0.0117491,0,8.75389e-12,9.01724e-13
eigen_elementwise,547,1,0,3,1e-12,0.0118328,0,8.18545e-12,1.04482e-12
eigen_elementwise,548,1,0,3,1e-12,0.0118356,0,6.48015e-12,9.98605e-13
eigen_elementwise,549,1,0,3,1e-12,0.0118661,0,9.77707e-12,8.4352e-13
eigen_elementwise,550,1,0,3,1e-12,0.0118245,0,8.07177e-12,9.12093e-13
eigen_elementwise,551,1,0,3,1e-12,0.012041,0,8.29914e-12,9.78981e-13
eigen_elementwise,552,1,0,3,1e-12,0.0120382,0,1.09139e-11,9.61687e-13
eigen_elementwise,553,1,0,3,1e-12,0.0120875,0,8.98126e-12,8.7369e-13
eigen_elementwise,554,1,0,3,1e-12,0.0120547,0,8.07177e-12,9.38904e-13
eigen_elementwise,555,1,0,3,1e-12,0.0120359,0,8.6402e-12,9.26937e-13
eigen_elementwise,556,1,0,3,1e-12,0.0119692,0,9.54969e-12,7.86814e-13
eigen_elementwise,557,1,0,3,1e-12,0.0122591,0,8.52651e-12,8.86285e-13
eigen_elementwise,558,1,0,3,1e-12,0.0122323,0,1.15961e-11,9.55859e-13
eigen_elementwise,559,1,0,3,1e-12,0.012255,0,1.18234e-11,1.01817e-12
eigen_elementwise,560,1,0,3,1e-12,0.0121657,0,9.66338e-12,9.55678e-13
eigen_elementwise,561,1,0,3,1e-12,0.0123682,0,6.48015e-12,8.58604e-13
eigen_elementwise,562,1,0,3,1e-12,0.0123992,0,9.54969e-12,9.46012e-13
eigen_elementwise,563,1,0,3,1e-12,0.0123295,0,8.29914e-12,8.54754e-13
eigen_elementwise,564,1,0,3,1e-12,0.0125257,0,6.48015e-12,8.99417e-13
eigen_elementwise,565,1,0,3,1e-12,0.0124758,0,8.86757e-12,9.16942e-13
eigen_elementwise,566,1,0,3,1e-12,0.0126629,0,7.38964e-12,8.68875e-13
eigen_elementwise,567,1,0,3,1e-12,0.0126375,0,9.20863e-12,1.03593e-12
eigen_elementwise,568,1,0,3,1e-12,0.0127379,0,7.04858e-12,9.21696e-13
eigen_elementwise,569,1,0,3,1e-12,0.0128242,0,7.38964e-12,1.03591e-12
eigen_elementwise,570,1,0,3,1e-12,0.0128156,0,7.04858e-12,8.95155e-13
eigen_elementwise,571,1,0,3,1e-12,0.0128773,0,5.22959e-12,7.97598e-13
eigen_elementwise,572,1,0,3,1e-12,0.0127384,0,8.52651e-12,8.65013e-13
eigen_elementwise,573,1,0,3,1e-12,0.0129217,0,1.00044e-11,1.02886e-12
eigen_elementwise,574,1,0,3,1e-12,0.013015,0,5.57066e-12,8.2799e-13
eigen_elementwise,575,1,0,3,1e-12,0.0129292,0,8.07177e-12,8.93787e-13
eigen_elementwise,576,1,0,3,1e-12,0.0131082,0,7.27596e-12,8.82123e-13
eigen_elementwise,577,1,0,3,1e-12,0.0130643,0,8.75389e-12,9.85751e-13
eigen_elementwise,578,1,0,3,1e-12,0.0130296,0,1.29603e-11,9.87556e-13
eigen_elementwise,579,1,0,3,1e-12,0.0132647,0,7.84439e-12,9.34096e-13
eigen_elementwise,580,1,0,3,1e-12,0.0131991,0,7.84439e-12,8.96517e-13
eigen_elementwise,581,1,0,3,1e-12,0.0131979,0,8.41283e-12,8.99985e-13
eigen_elementwise,582,1,0,3,1e-12,0.0133274,0,1.02318e-11,9.56308e-13
eigen_elementwise,583,1,0,3,1e-12,0.0134113,0,8.6402e-12,8.46822e-13
eigen_elementwise,584,1,0,3,1e-12,0.0133758,0,8.29914e-12,9.64629e-13
eigen_elementwise,585,1,0,3,1e-12,0.0135032,0,6.82121e-12,9.75562e-13
eigen_elementwise,586,1,0,3,1e-12,0.0134773,0,8.6402e-12,9.48578e-13
eigen_elementwise,587,1,0,3,1e-12,0.0135202,0,1.05729e-11,9.19258e-13
eigen_elementwise,588,1,0,3,1e-12,0.0136247,0,9.32232e-12,8.88929e-13
eigen_elementwise,589,1,0,3,1e-12,0.013699,0,9.89075e-12,9.15009e-13
eigen_elementwise,590,1,0,3,1e-12,0.0136662,0,8.07177e-12,9.84114e-13
eigen_elementwise,591,1,0,3,1e-12,0.0136989,0,7.84439e-12,9.79112e-13
eigen_elementwise,592,1,0,3,1e-12,0.0138663,0,6.25278e-12,9.08239e-13
eigen_elementwise,593,1,0,3,1e-12,0.0138649,0,8.86757e-12,9.65181e-13
eigen_elementwise,594,1,0,3,1e-12,0.013939,0,7.38964e-12,9.7489e-13
eigen_elementwise,595,1,0,3,1e-12,0.0138768,0,7.95808e-12,8.99252e-13
eigen_elementwise,596,1,0,3,1e-12,0.0138327,0,7.84439e-12,9.52921e-13
eigen_elementwise,597,1,0,3,1e-12,0.0137466,0,7.27596e-12,9.87968e-13
eigen_elementwise,598,1,0,3,1e-12,0.0140558,0,1.15961e-11,1.03767e-12
eigen_elementwise,599,1,0,3,1e-12,0.0141274,0,1.09139e-11,9.31635e-13
eigen_elementwise,600,1,0,3,1e-12,0.014114,0,1.06866e-11,9.18233e-13
eigen_elementwise,601,1,0,3,1e-12,0.0141578,0,8.6402e-12,9.28194e-13
eigen_elementwise,602,1,0,3,1e-12,0.0142035,0,7.38964e-12,9.7043e-13
eigen_elementwise,603,1,0,3,1e-12,0.0142021,0,1.47793e-11,1.01819e-12
eigen_elementwise,604,1,0,3,1e-12,0.0144103,0,7.27596e-12,9.44076e-13
eigen_elementwise,605,1,0,3,1e-12,0.0144121,0,8.41283e-12,9.43522e-13
eigen_elementwise,606,1,0,3,1e-12,0.0144843,0,6.59384e-12,9.42256e-13
eigen_elementwise,607,1,0,3,1e-12,0.0145699,0,6.9349e-12,9.49689e-13
eigen_elementwise,608,1,0,3,1e-12,0.0145253,0,8.41283e-12,1.16011e-12
eigen_elementwise,609,1,0,3,1e-12,0.0144434,0,8.98126e-12,9.97425e-13
eigen_elementwise,610,1,0,3,1e-12,0.0147883,0,7.27596e-12,9.13559e-13
eigen_elementwise,611,1,0,3,1e-12,0.0147192,0,7.27596e-12,9.3299e-13
eigen_elementwise,612,1,0,3,1e-12,0.0146856,0,6.9349e-12,8.73246e-13
eigen_elementwise,613,1,0,3,1e-12,0.0147774,0,8.52651e-12,9.44497e-13
eigen_elementwise,614,1,0,3,1e-12,0.014584,0,7.95808e-12,9.05014e-13
eigen_elementwise,615,1,0,3,1e-12,0.0145428,0,8.29914e-12,9.54074e-13
eigen_elementwise,616,1,0,3,1e-12,0.0146616,0,9.09495e-12,9.65139e-13
eigen_elementwise,617,1,0,3,1e-12,0.0147322,0,1.00044e-11,9.56748e-13
eigen_elementwise,618,1,0,3,1e-12,0.0147168,0,7.16227e-12,9.70871e-13
eigen_elementwise,619,1,0,3,1e-12,0.0147327,0,1.05729e-11,9.15075e-13
eigen_elementwise,620,1,0,3,1e-12,0.0147371,0,8.29914e-12,9.32837e-13
eigen_elementwise,621,1,0,3,1e-12,0.0147802,0,1.04592e-11,9.84321e-13
eigen_elementwise,622,1,0,3,1e-12,0.0146939,0,7.61702e-12,9.82139e-13
eigen_elementwise,623,1,0,3,1e-12,0.0146292,0,7.16227e-12,9.29751e-13
eigen_elementwise,624,1,0,3,1e-12,0.0147576,0,1.01181e-11,9.62788e-13
eigen_elementwise,625,1,0,3,1e-12,0.0149586,0,9.43601e-12,9.02573e-13
eigen_elementwise,626,1,0,3,1e-12,0.0148513,0,7.50333e-12,8.95476e-13
eigen_elementwise,627,1,0,3,1e-12,0.0149853,0,8.75389e-12,9.30535e-13
eigen_elementwise,628,1,0,3,1e-12,0.0150912,0,8.18545e-12,9.88e-13
eigen_elementwise,629,1,0,3,1e-12,0.0150115,0,9.66338e-12,9.52905e-13
eigen_elementwise,630,1,0,3,1e-12,0.015184,0,9.43601e-12,9.2821e-13
eigen_elementwise,631,1,0,3,1e-12,0.0152271,0,8.52651e-12,1.02632e-12
eigen_elementwise,632,1,0,3,1e-12,0.0151113,0,7.04858e-12,9.28142e-13
eigen_elementwise,633,1,0,3,1e-12,0.0153308,0,9.09495e-12,9.73077e-13
eigen_elementwise,634,1,0,3,1e-12,0.0153622,0,9.32232e-12,9.206e-13
eigen_elementwise,635,1,0,3,1e-12,0.0153563,0,8.29914e-12,9.68038e-13
eigen_elementwise,636,1,0,3,1e-12,0.0154011,0,1.01181e-11,1.0092e-12
eigen_elementwise,637,1,0,3,1e-12,0.0155238,0,9.32232e-12,9.27281e-13
eigen_elementwise,638,1,0,3,1e-12,0.0155488,0,6.59384e-12,9.73522e-13
eigen_elementwise,639,1,0,3,1e-12,0.0156903,0,1.11413e-11,9.13026e-13
eigen_elementwise,640,1,0,3,1e-12,0.0155717,0,8.18545e-12,9.13007e-13
eigen_elementwise,641,1,0,3,1e-12,0.0155622,0,8.98126e-12,9.59492e-13
eigen_elementwise,642,1,0,3,1e-12,0.0154323,0,9.09495e-12,9.773e-13
eigen_elementwise,643,1,0,3,1e-12,0.0157906,0,5.91172e-12,9.66036e-13
eigen_elementwise,644,1,0,3,1e-12,0.0158649,0,8.52651e-12,8.85356e-13
eigen_elementwise,645,1,0,3,1e-12,0.015801,0,7.84439e-12,1.02064e-12
eigen_elementwise,646,1,0,3,1e-12,0.0159033,0,1.10276e-11,9.59654e-13
eigen_elementwise,647,1,0,3,1e-12,0.0158412,0,1.26192e-11,9.90832e-13
eigen_elementwise,648,1,0,3,1e-12,0.0159212,0,7.04858e-12,9.77409e-13
eigen_elementwise,649,1,0,3,1e-12,0.0159582,0,7.04858e-12,9.3547e-13
eigen_elementwise,650,1,0,3,1e-12,0.0160225,0,7.95808e-12,9.88464e-13
eigen_elementwise,651,1,0,3,1e-12,0.0162103,0,1.06866e-11,1.03112e-12
eigen_elementwise,652,1,0,3,1e-12,0.0162121,0,7.95808e-12,9.86081e-13
eigen_elementwise,653,1,0,3,1e-12,0.0161147,0,8.07177e-12,1.04976e-12
eigen_elementwise,654,1,0,3,1e-12,0.0164589,0,7.84439e-12,9.13797e-13
eigen_elementwise,655,1,0,3,1e-12,0.0163627,0,7.16227e-12,9.39984e-13
eigen_elementwise,656,1,0,3,1e-12,0.0163887,0,9.43601e-12,1.02733e-12
eigen_elementwise,657,1,0,3,1e-12,0.0164371,0,8.07177e-12,9.70181e-13
eigen_elementwise,658,1,0,3,1e-12,0.0166587,0,1.02318e-11,1.04484e-12
eigen_elementwise,659,1,0,3,1e-12,0.0163834,0,8.29914e-12,9.96436e-13
eigen_elementwise,660,1,0,3,1e-12,0.016696,0,8.52651e-12,9.01769e-13
eigen_elementwise,661,1,0,3,1e-12,0.0164966,0,9.54969e-12,9.94993e-13
eigen_elementwise,662,1,0,3,1e-12,0.0166526,0,8.75389e-12,9.43904e-13
eigen_elementwise,663,1,0,3,1e-12,0.0167958,0,1.02318e-11,1.04184e-12
eigen_elementwise,664,1,0,3,1e-12,0.0169195,0,8.41283e-12,9.53373e-13
eigen_elementwise,665,1,0,3,1e-12,0.0168894,0,9.09495e-12,1.05206e-12
eigen_elementwise,666,1,0,3,1e-12,0.016857,0,9.66338e-12,1.02446e-12
eigen_elementwise,667,1,0,3,1e-12,0.0170047,0,8.75389e-12,1.04001e-12
eigen_elementwise,668,1,0,3,1e-12,0.0169862,0,9.09495e-12,9.83096e-13
eigen_elementwise,669,1,0,3,1e-12,0.0170066,0,8.6402e-12,9.78694e-13
eigen_elementwise,670,1,0,3,1e-12,0.0170895,0,8.18545e-12,1.05564e-12
eigen_elementwise,671,1,0,3,1e-12,0.0170818,0,9.54969e-12,9.56614e-13
eigen_elementwise,672,1,0,3,1e-12,0.0173159,0,9.43601e-12,9.86691e-13
eigen_elementwise,673,1,0,3,1e-12,0.0171984,0,1.09139e-11,8.98522e-13
eigen_elementwise,674,1,0,3,1e-12,0.0172674,0,1.04592e-11,1.02556e-12
eigen_elementwise,675,1,0,3,1e-12,0.0174056,0,6.48015e-12,9.36701e-13
eigen_elementwise,676,1,0,3,1e-12,0.017485,0,8.41283e-12,9.95407e-13
eigen_elementwise,677,1,0,3,1e-12,0.0174937,0,6.48015e-12,9.02436e-13
eigen_elementwise,678,1,0,3,1e-12,0.0176372,0,9.09495e-12,1.02697e-12
eigen_elementwise,679,1,0,3,1e-12,0.0174714,0,6.82121e-12,9.39787e-13
eigen_elementwise,680,1,0,3,1e-12,0.0177097,0,1.36424e-11,1.0173e-12
eigen_elementwise,681,1,0,3,1e-12,0.017619,0,7.95808e-12,1.00113e-12
eigen_elementwise,682,1,0,3,1e-12,0.0180164,0,8.6402e-12,1.00955e-12
eigen_elementwise,683,1,0,3,1e-12,0.0177396,0,8.6402e-12,9.6809e-13
eigen_elementwise,684,1,0,3,1e-12,0.0180077,0,1.04592e-11,1.03105e-12
eigen_elementwise,685,1,0,3,1e-12,0.0179282,0,1.02318e-11,9.60286e-13
eigen_elementwise,686,1,0,3,1e-12,0.018054,0,8.18545e-12,9.55418e-13
eigen_elementwise,687,1,0,3,1e-12,0.0177483,0,8.29914e-12,9.7468e-13
eigen_elementwise,688,1,0,3,1e-12,0.0179606,0,1.04592e-11,9.34596e-13
eigen_elementwise,689,1,0,3,1e-12,0.0179696,0,9.32232e-12,9.76488e-13
eigen_elementwise,690,1,0,3,1e-12,0.0179857,0,9.54969e-12,9.79603e-13
eigen_elementwise,691,1,0,3,1e-12,0.0181082,0,1.19371e-11,1.05444e-12
eigen_elementwise,692,1,0,3,1e-12,0.018371,0,9.77707e-12,9.83954e-13
eigen_elementwise,693,1,0,3,1e-12,0.0182456,0,8.6402e-12,9.41725e-13
eigen_elementwise,694,1,0,3,1e-12,0.0182946,0,1.01181e-11,9.57316e-13
eigen_elementwise,695,1,0,3,1e-12,0.0183266,0,1.00044e-11,9.63184e-13
eigen_elementwise,696,1,0,3,1e-12,0.0183123,0,7.38964e-12,9.39781e-13
eigen_elementwise,697,1,0,3,1e-12,0.0184389,0,1.20508e-11,1.05679e-12
eigen_elementwise,698,1,0,3,1e-12,0.0185474,0,7.95808e-12,1.02067e-12
eigen_elementwise,699,1,0,3,1e-12,0.0183977,0,6.9349e-12,9.33921e-13
eigen_elementwise,700,1,0,3,1e-12,0.0186923,0,1.22782e-11,9.69234e-13
eigen_elementwise,701,1,0,3,1e-12,0.0187244,0,8.6402e-12,9.81707e-13
eigen_elementwise,702,1,0,3,1e-12,0.0187547,0,7.95808e-12,9.71601e-13
eigen_elementwise,703,1,0,3,1e-12,0.0189576,0,8.86757e-12,9.69777e-13
eigen_elementwise,704,1,0,3,1e-12,0.0189603,0,8.18545e-12,1.05211e-12
eigen_elementwise,705,1,0,3,1e-12,0.0190037,0,9.89075e-12,1.11661e-12
eigen_elementwise,706,1,0,3,1e-12,0.0189105,0,7.95808e-12,1.00969e-12
eigen_elementwise,707,1,0,3,1e-12,0.019017,0,9.43601e-12,9.7997e-13
eigen_elementwise,708,1,0,3,1e-12,0.0191347,0,1.18234e-11,1.00809e-12
eigen_elementwise,709,1,0,3,1e-12,0.0192042,0,9.09495e-12,1.04717e-12
eigen_elementwise,710,1,0,3,1e-12,0.0193386,0,1.1255e-11,1.02333e-12
eigen_elementwise,711,1,0,3,1e-12,0.0191837,0,8.18545e-12,9.75651e-13
eigen_elementwise,712,1,0,3,1e-12,0.0195558,0,9.09495e-12,1.00891e-12
eigen_elementwise,713,1,0,3,1e-12,0.0195354,0,6.9349e-12,9.84388e-13
eigen_elementwise,714,1,0,3,1e-12,0.0195221,0,8.29914e-12,1.02159e-12
eigen_elementwise,715,1,0,3,1e-12,0.0195222,0,9.32232e-12,1.0223e-12
eigen_elementwise,716,1,0,3,1e-12,0.0197589,0,9.89075e-12,9.91172e-13
eigen_elementwise,717,1,0,3,1e-12,0.0196806,0,8.75389e-12,9.71943e-13
eigen_elementwise,718,1,0,3,1e-12,0.0197376,0,9.43601e-12,1.0247e-12
eigen_elementwise,719,1,0,3,1e-12,0.0195336,0,9.66338e-12,9.8225e-13
eigen_elementwise,720,1,0,3,1e-12,0.0197165,0,7.95808e-12,1.00191e-12
eigen_elementwise,721,1,0,3,1e-12,0.0198261,0,8.18545e-12,9.39218e-13
eigen_elementwise,722,1,0,3,1e-12,0.0198891,0,1.05729e-11,1.00388e-12
eigen_elementwise,723,1,0,3,1e-12,0.0198461,0,8.86757e-12,9.93555e-13
eigen_elementwise,724,1,0,3,1e-12,0.0199582,0,8.07177e-12,9.51295e-13
eigen_elementwise,725,1,0,3,1e-12,0.0199802,0,9.89075e-12,9.97256e-13
eigen_elementwise,726,1,0,3,1e-12,0.0200898,0,8.86757e-12,9.65133e-13
eigen_elementwise,727,1,0,3,1e-12,0.0201111,0,1.09139e-11,1.00094e-12
eigen_elementwise,728,1,0,3,1e-12,0.0202258,0,1.03455e-11,9.90449e-13
eigen_elementwise,729,1,0,3,1e-12,0.0202737,0,1.13687e-11,1.04883e-12
eigen_elementwise,730,1,0,3,1e-12,0.0204256,0,1.02318e-11,9.53332e-13
eigen_elementwise,731,1,0,3,1e-12,0.0204028,0,8.18545e-12,9.23486e-13
eigen_elementwise,732,1,0,3,1e-12,0.0204983,0,8.18545e-12,9.84485e-13
eigen_elementwise,733,1,0,3,1e-12,0.0205578,0,8.41283e-12,1.01349e-12
eigen_elementwise,734,1,0,3,1e-12,0.0204575,0,9.43601e-12,1.00839e-12
eigen_elementwise,735,1,0,3,1e-12,0.0205541,0,8.52651e-12,9.86327e-13
eigen_elementwise,736,1,0,3,1e-12,0.0207768,0,9.09495e-12,9.49513e-13
eigen_elementwise,737,1,0,3,1e-12,0.0205875,0,8.75389e-12,9.83808e-13
eigen_elementwise,738,1,0,3,1e-12,0.020704,0,8.86757e-12,9.98483e-13
eigen_elementwise,739,1,0,3,1e-12,0.0206475,0,9.20863e-12,1.07e-12
eigen_elementwise,740,1,0,3,1e-12,0.0209704,0,8.52651e-12,9.92824e-13
eigen_elementwise,741,1,0,3,1e-12,0.020943,0,9.54969e-12,1.00096e-12
eigen_elementwise,742,1,0,3,1e-12,0.0207996,0,6.82121e-12,9.04142e-13
eigen_elementwise,743,1,0,3,1e-12,0.0209459,0,8.86757e-12,9.45702e-13
eigen_elementwise,744,1,0,3,1e-12,0.021147,0,1.04592e-11,1.02373e-12
eigen_elementwise,745,1,0,3,1e-12,0.0211747,0,9.32232e-12,9.60922e-13
eigen_elementwise,746,1,0,3,1e-12,0.0212923,0,9.77707e-12,9.64742e-13
eigen_elementwise,747,1,0,3,1e-12,0.0211681,0,9.20863e-12,9.9626e-13
eigen_elementwise,748,1,0,3,1e-12,0.021438,0,1.13687e-11,9.88065e-13
eigen_elementwise,749,1,0,3,1e-12,0.0212876,0,8.18545e-12,9.9373e-13
eigen_elementwise,750,1,0,3,1e-12,0.0214902,0,1.00044e-11,1.0974e-12
eigen_elementwise,751,1,0,3,1e-12,0.0214143,0,9.43601e-12,1.0458e-12
eigen_elementwise,752,1,0,3,1e-12,0.0214818,0,7.95808e-12,1.03572e-12
eigen_elementwise,753,1,0,3,1e-12,0.0213887,0,1.00044e-11,8.97165e-13
eigen_elementwise,754,1,0,3,1e-12,0.0215506,0,1.02318e-11,9.99022e-13
eigen_elementwise,755,1,0,3,1e-12,0.0217164,0,1.01181e-11,9.81361e-13
eigen_elementwise,756,1,0,3,1e-12,0.0219335,0,1.29603e-11,9.50789e-13
eigen_elementwise,757,1,0,3,1e-12,0.0217621,0,1.01181e-11,9.57202e-13
eigen_elementwise,758,1,0,3,1e-12,0.0216972,0,1.40972e-11,1.02551e-12
eigen_elementwise,759,1,0,3,1e-12,0.0219141,0,8.52651e-12,1.01168e-12
eigen_elementwise,760,1,0,3,1e-12,0.0220448,0,1.10276e-11,9.68468e-13
eigen_elementwise,761,1,0,3,1e-12,0.0218375,0,8.86757e-12,9.91431e-13
eigen_elementwise,762,1,0,3,1e-12,0.0222012,0,6.48015e-12,8.94193e-13
eigen_elementwise,763,1,0,3,1e-12,0.0221028,0,7.7307e-12,1.02372e-12
eigen_elementwise,764,1,0,3,1e-12,0.0223059,0,7.50333e-12,9.48484e-13
eigen_elementwise,765,1,0,3,1e-12,0.0219057,0,1.05729e-11,1.00794e-12
eigen_elementwise,766,1,0,3,1e-12,0.0223678,0,1.28466e-11,1.03326e-12
eigen_elementwise,767,1,0,3,1e-12,0.0234556,0,8.6402e-12,9.91101e-13
eigen_elementwise,768,1,0,3,1e-12,0.0224289,0,8.18545e-12,1.02324e-12
eigen_elementwise,769,1,0,3,1e-12,0.0226452,0,7.7307e-12,1.01662e-12
eigen_elementwise,770,1,0,3,1e-12,0.0226459,0,9.43601e-12,1.02015e-12
eigen_elementwise,771,1,0,3,1e-12,0.0227463,0,9.20863e-12,9.99843e-13
eigen_elementwise,772,1,0,3,1e-12,0.0229468,0,1.06866e-11,9.87593e-13
eigen_elementwise,773,1,0,3,1e-12,0.0228848,0,8.52651e-12,9.29544e-13
eigen_elementwise,774,1,0,3,1e-12,0.0229518,0,7.50333e-12,9.80307e-13
eigen_elementwise,775,1,0,3,1e-12,0.0228074,0,1.02318e-11,9.95565e-13
eigen_elementwise,776,1,0,3,1e-12,0.0229784,0,1.22782e-11,1.01631e-12
eigen_elementwise,777,1,0,3,1e-12,0.0230337,0,1.04592e-11,1.02205e-12
eigen_elementwise,778,1,0,3,1e-12,0.0229058,0,1.46656e-11,9.87161e-13
eigen_elementwise,779,1,0,3,1e-12,0.0232412,0,9.89075e-12,9.50316e-13
eigen_elementwise,780,1,0,3,1e-12,0.0230093,0,9.32232e-12,1.02046e-12
eigen_elementwise,781,1,0,3,1e-12,0.0232227,0,8.86757e-12,1.03338e-12
eigen_elementwise,782,1,0,3,1e-12,0.0232544,0,7.84439e-12,9.85093e-13
eigen_elementwise,783,1,0,3,1e-12,0.0232535,0,7.95808e-12,1.05551e-12
eigen_elementwise,784,1,0,3,1e-12,0.023338,0,1.19371e-11,1.05601e-12
eigen_elementwise,785,1,0,3,1e-12,0.0235407,0,1.11413e-11,9.72501e-13
eigen_elementwise,786,1,0,3,1e-12,0.0235593,0,1.02318e-11,1.03774e-12
eigen_elementwise,787,1,0,3,1e-12,0.0235179,0,1.22782e-11,1.02158e-12
eigen_elementwise,788,1,0,3,1e-12,0.023696,0,1.05729e-11,9.87921e-13
eigen_elementwise,789,1,0,3,1e-12,0.0233663,0,9.89075e-12,9.51861e-13
eigen_elementwise,790,1,0,3,1e-12,0.0239065,0,1.37561e-11,9.77998e-13
eigen_elementwise,791,1,0,3,1e-12,0.0237015,0,1.00044e-11,1.05054e-12
eigen_elementwise,792,1,0,3,1e-12,0.0236517,0,8.07177e-12,1.01242e-12
eigen_elementwise,793,1,0,3,1e-12,0.0236747,0,1.02318e-11,9.74434e-13
eigen_elementwise,794,1,0,3,1e-12,0.023983,0,9.32232e-12,9.68074e-13
eigen_elementwise,795,1,0,3,1e-12,0.0238252,0,7.84439e-12,1.02291e-12
eigen_elementwise,796,1,0,3,1e-12,0.0238435,0,8.18545e-12,9.80161e-13
eigen_elementwise,797,1,0,3,1e-12,0.0241393,0,8.6402e-12,9.83587e-13
eigen_elementwise,798,1,0,3,1e-12,0.0243435,0,9.09495e-12,9.91149e-13
eigen_elementwise,799,1,0,3,1e-12,0.0241661,0,1.02318e-11,1.04833e-12
eigen_elementwise,800,1,0,3,1e-12,0.0238065,0,1.04592e-11,9.99963e-13
eigen_elementwise,801,1,0,3,1e-12,0.0236138,0,9.89075e-12,1.02221e-12
eigen_elementwise,802,1,0,3,1e-12,0.0238713,0,8.52651e-12,1.00924e-12
eigen_elementwise,803,1,0,3,1e-12,0.0237426,0,8.29914e-12,1.01486e-12
eigen_elementwise,804,1,0,3,1e-12,0.0238571,0,1.25056e-11,1.00749e-12
eigen_elementwise,805,1,0,3,1e-12,0.0238131,0,1.46656e-11,9.944e-13
eigen_elementwise,806,1,0,3,1e-12,0.0240951,0,1.11413e-11,1.09842e-12
eigen_elementwise,807,1,0,3,1e-12,0.0238796,0,1.11413e-11,9.82965e-13
eigen_elementwise,808,1,0,3,1e-12,0.0238858,0,8.18545e-12,1.02659e-12
eigen_elementwise,809,1,0,3,1e-12,0.0241207,0,8.86757e-12,1.02462e-12
eigen_elementwise,810,1,0,3,1e-12,0.0241293,0,8.41283e-12,9.65114e-13
eigen_elementwise,811,1,0,3,1e-12,0.0243588,0,7.84439e-12,9.32348e-13
eigen_elementwise,812,1,0,3,1e-12,0.0245809,0,8.75389e-12,1.05556e-12
eigen_elementwise,813,1,0,3,1e-12,0.0243688,0,1.09139e-11,1.02862e-12
eigen_elementwise,814,1,0,3,1e-12,0.0243825,0,9.20863e-12,1.01852e-12
eigen_elementwise,815,1,0,3,1e-12,0.024635,0,9.89075e-12,1.13511e-12
eigen_elementwise,816,1,0,3,1e-12,0.02457,0,7.7307e-12,1.04303e-12
eigen_elementwise,817,1,0,3,1e-12,0.0247389,0,8.29914e-12,1.05318e-12
eigen_elementwise,818,1,0,3,1e-12,0.0248138,0,1.1255e-11,1.04093e-12
eigen_elementwise,819,1,0,3,1e-12,0.0247363,0,8.52651e-12,9.06571e-13
eigen_elementwise,820,1,0,3,1e-12,0.0248012,0,1.02318e-11,1.04237e-12
eigen_elementwise,821,1,0,3,1e-12,0.0249542,0,9.09495e-12,9.52309e-13
eigen_elementwise,822,1,0,3,1e-12,0.0251068,0,9.43601e-12,9.93533e-13
eigen_elementwise,823,1,0,3,1e-12,0.025113,0,8.18545e-12,9.38816e-13
eigen_elementwise,824,1,0,3,1e-12,0.0253674,0,7.50333e-12,1.0365e-12
eigen_elementwise,825,1,0,3,1e-12,0.0250617,0,1.40972e-11,1.00351e-12
eigen_elementwise,826,1,0,3,1e-12,0.0253007,0,1.40972e-11,1.00708e-12
eigen_elementwise,827,1,0,3,1e-12,0.0250643,0,7.84439e-12,9.76733e-13
eigen_elementwise,828,1,0,3,1e-12,0.0251461,0,1.18234e-11,1.00262e-12
eigen_elementwise,829,1,0,3,1e-12,0.025575,0,1.21645e-11,1.08431e-12
eigen_elementwise,830,1,0,3,1e-12,0.0254709,0,8.86757e-12,1.00088e-12
eigen_elementwise,831,1,0,3,1e-12,0.02572,0,9.43601e-12,1.04517e-12
eigen_elementwise,832,1,0,3,1e-12,0.0257351,0,9.77707e-12,9.8797e-13
eigen_elementwise,833,1,0,3,1e-12,0.0254687,0,8.29914e-12,9.67242e-13
eigen_elementwise,834,1,0,3,1e-12,0.025969,0,8.6402e-12,9.84843e-13
eigen_elementwise,835,1,0,3,1e-12,0.0255019,0,1.25056e-11,1.09001e-12
eigen_elementwise,836,1,0,3,1e-12,0.0256624,0,8.6402e-12,9.85787e-13
eigen_elementwise,837,1,0,3,1e-12,0.0258182,0,1.04592e-11,9.81302e-13
eigen_elementwise,838,1,0,3,1e-12,0.0262116,0,1.28466e-11,1.04643e-12
eigen_elementwise,839,1,0,3,1e-12,0.0258345,0,7.95808e-12,1.01523e-12
eigen_elementwise,840,1,0,3,1e-12,0.0260155,0,9.89075e-12,9.83739e-13
eigen_elementwise,841,1,0,3,1e-12,0.0262102,0,1.05729e-11,1.01701e-12
eigen_elementwise,842,1,0,3,1e-12,0.0263696,0,1.03455e-11,1.09252e-12
eigen_elementwise,843,1,0,3,1e-12,0.026441,0,1.3074e-11,1.04053e-12
eigen_elementwise,844,1,0,3,1e-12,0.0264142,0,8.29914e-12,9.95317e-13
eigen_elementwise,845,1,0,3,1e-12,0.0263633,0,1.35287e-11,1.06257e-12
eigen_elementwise,846,1,0,3,1e-12,0.0265552,0,1.01181e-11,1.07344e-12
eigen_elementwise,847,1,0,3,1e-12,0.0264588,0,9.32232e-12,1.0087e-12
eigen_elementwise,848,1,0,3,1e-12,0.026481,0,1.09139e-11,1.05839e-12
eigen_elementwise,849,1,0,3,1e-12,0.0268694,0,9.32232e-12,1.0235e-12
eigen_elementwise,850,1,0,3,1e-12,0.0268706,0,1.73941e-11,1.03404e-12
eigen_elementwise,851,1,0,3,1e-12,0.026775,0,7.7307e-12,9.72053e-13
eigen_elementwise,852,1,0,3,1e-12,0.0270399,0,1.13687e-11,9.98824e-13
eigen_elementwise,853,1,0,3,1e-12,0.0270619,0,9.77707e-12,1.04567e-12
eigen_elementwise,854,1,0,3,1e-12,0.0272499,0,2.00089e-11,1.06231e-12
eigen_elementwise,855,1,0,3,1e-12,0.0271091,0,9.43601e-12,1.03776e-12
eigen_elementwise,856,1,0,3,1e-12,0.0271451,0,6.82121e-12,1.0089e-12
eigen_elementwise,857,1,0,3,1e-12,0.0273903,0,8.18545e-12,1.05744e-12
eigen_elementwise,858,1,0,3,1e-12,0.0274712,0,1.13687e-11,1.07371e-12
eigen_elementwise,859,1,0,3,1e-12,0.0274163,0,7.38964e-12,9.60788e-13
eigen_elementwise,860,1,0,3,1e-12,0.0276676,0,9.89075e-12,1.09591e-12
eigen_elementwise,861,1,0,3,1e-12,0.0273353,0,1.1255e-11,9.79806e-13
eigen_elementwise,862,1,0,3,1e-12,0.0280052,0,1.14824e-11,1.02027e-12
eigen_elementwise,863,1,0,3,1e-12,0.0276482,0,8.6402e-12,1.01321e-12
eigen_elementwise,864,1,0,3,1e-12,0.0276272,0,1.23919e-11,1.05755e-12
eigen_elementwise,865,1,0,3,1e-12,0.0279614,0,1.64846e-11,1.07e-12
eigen_elementwise,866,1,0,3,1e-12,0.0282724,0,7.84439e-12,1.05929e-12
eigen_elementwise,867,1,0,3,1e-12,0.0278846,0,1.25056e-11,9.76854e-13
eigen_elementwise,868,1,0,3,1e-12,0.0280036,0,1.38698e-11,1.04724e-12
eigen_elementwise,869,1,0,3,1e-12,0.0282316,0,9.66338e-12,1.02042e-12
eigen_elementwise,870,1,0,3,1e-12,0.0283686,0,9.43601e-12,1.0411e-12
eigen_elementwise,871,1,0,3,1e-12,0.0280936,0,7.84439e-12,9.716e-13
eigen_elementwise,872,1,0,3,1e-12,0.028026,0,1.03455e-11,1.03108e-12
eigen_elementwise,873,1,0,3,1e-12,0.0281015,0,9.89075e-12,1.01059e-12
eigen_elementwise,874,1,0,3,1e-12,0.0285498,0,9.66338e-12,9.66641e-13
eigen_elementwise,875,1,0,3,1e-12,0.0286943,0,1.04592e-11,1.02977e-12
eigen_elementwise,876,1,0,3,1e-12,0.0286968,0,1.10276e-11,1.06214e-12
eigen_elementwise,877,1,0,3,1e-12,0.0286456,0,9.20863e-12,1.02793e-12
eigen_elementwise,878,1,0,3,1e-12,0.0288208,0,1.04592e-11,1.087e-12
eigen_elementwise,879,1,0,3,1e-12,0.0288169,0,8.86757e-12,1.0134e-12
eigen_elementwise,880,1,0,3,1e-12,0.0288781,0,1.36424e-11,1.0781e-12
eigen_elementwise,881,1,0,3,1e-12,0.0291097,0,7.61702e-12,1.03357e-12
eigen_elementwise,882,1,0,3,1e-12,0.0293793,0,9.32232e-12,1.0521e-12
eigen_elementwise,883,1,0,3,1e-12,0.0290835,0,9.89075e-12,1.06828e-12
eigen_elementwise,884,1,0,3,1e-12,0.0290236,0,9.77707e-12,1.04655e-12
eigen_elementwise,885,1,0,3,1e-12,0.0291139,0,8.52651e-12,1.04375e-12
eigen_elementwise,886,1,0,3,1e-12,0.0291555,0,1.13687e-11,1.02619e-12
eigen_elementwise,887,1,0,3,1e-12,0.0292799,0,7.7307e-12,1.01084e-12
eigen_elementwise,888,1,0,3,1e-12,0.0293413,0,1.14824e-11,1.04995e-12
eigen_elementwise,889,1,0,3,1e-12,0.0293605,0,1.23919e-11,1.07653e-12
eigen_elementwise,890,1,0,3,1e-12,0.0296666,0,9.32232e-12,1.0377e-12
eigen_elementwise,891,1,0,3,1e-12,0.0296163,0,8.6402e-12,1.00731e-12
eigen_elementwise,892,1,0,3,1e-12,0.0299582,0,8.86757e-12,9.61487e-13
eigen_elementwise,893,1,0,3,1e-12,0.029779,0,1.09139e-11,1.09673e-12
eigen_elementwise,894,1,0,3,1e-12,0.0297856,0,7.7307e-12,1.05089e-12
eigen_elementwise,895,1,0,3,1e-12,0.0301324,0,1.17097e-11,1.09509e-12
eigen_elementwise,896,1,0,3,1e-12,0.0297332,0,9.66338e-12,1.11356e-12
eigen_elementwise,897,1,0,3,1e-12,0.0297623,0,1.65983e-11,1.04991e-12
eigen_elementwise,898,1,0,3,1e-12,0.0301335,0,1.04592e-11,1.03319e-12
eigen_elementwise,899,1,0,3,1e-12,0.0299168,0,1.08002e-11,9.48039e-13
eigen_elementwise,900,1,0,3,1e-12,0.0298109,0,1.10276e-11,1.04209e-12
eigen_elementwise,901,1,0,3,1e-12,0.0300013,0,9.32232e-12,1.00431e-12
eigen_elementwise,902,1,0,3,1e-12,0.0301779,0,1.10276e-11,1.01365e-12
eigen_elementwise,903,1,0,3,1e-12,0.0302259,0,1.08002e-11,1.02813e-12
eigen_elementwise,904,1,0,3,1e-12,0.0303007,0,1.23919e-11,1.07158e-12
eigen_elementwise,905,1,0,3,1e-12,0.0303067,0,8.07177e-12,1.08551e-12
eigen_elementwise,906,1,0,3,1e-12,0.0304496,0,1.27329e-11,1.09476e-12
eigen_elementwise,907,1,0,3,1e-12,0.0304619,0,1.09139e-11,1.03584e-12
eigen_elementwise,908,1,0,3,1e-12,0.0306104,0,1.10276e-11,9.92261e-13
eigen_elementwise,909,1,0,3,1e-12,0.0306073,0,1.19371e-11,1.12705e-12
eigen_elementwise,910,1,0,3,1e-12,0.0309089,0,1.1255e-11,1.05685e-12
eigen_elementwise,911,1,0,3,1e-12,0.0311421,0,1.23919e-11,1.01106e-12
eigen_elementwise,912,1,0,3,1e-12,0.0310244,0,1.28466e-11,1.06749e-12
eigen_elementwise,913,1,0,3,1e-12,0.0309613,0,9.43601e-12,1.14933e-12
eigen_elementwise,914,1,0,3,1e-12,0.0311272,0,1.03455e-11,9.68288e-13
eigen_elementwise,915,1,0,3,1e-12,0.0310414,0,1.46656e-11,1.14873e-12
eigen_elementwise,916,1,0,3,1e-12,0.031373,0,9.32232e-12,1.045e-12
eigen_elementwise,917,1,0,3,1e-12,0.0314578,0,1.26192e-11,9.10792e-13
eigen_elementwise,918,1,0,3,1e-12,0.031366,0,1.19371e-11,1.02134e-12
eigen_elementwise,919,1,0,3,1e-12,0.031288,0,1.25056e-11,1.02622e-12
eigen_elementwise,920,1,0,3,1e-12,0.0315522,0,9.89075e-12,1.02727e-12
eigen_elementwise,921,1,0,3,1e-12,0.0316163,0,1.08002e-11,1.10473e-12
eigen_elementwise,922,1,0,3,1e-12,0.0315332,0,1.02318e-11,1.04035e-12
eigen_elementwise,923,1,0,3,1e-12,0.0316244,0,1.5234e-11,1.10511e-12
eigen_elementwise,924,1,0,3,1e-12,0.0316371,0,1.19371e-11,1.04618e-12
eigen_elementwise,925,1,0,3,1e-12,0.0317852,0,8.6402e-12,1.04635e-12
eigen_elementwise,926,1,0,3,1e-12,0.0320408,0,1.17097e-11,1.02682e-12
eigen_elementwise,927,1,0,3,1e-12,0.0316525,0,1.00044e-11,1.04855e-12
eigen_elementwise,928,1,0,3,1e-12,0.0322029,0,1.27329e-11,1.07915e-12
eigen_elementwise,929,1,0,3,1e-12,0.0320389,0,1.13687e-11,1.15392e-12
eigen_elementwise,930,1,0,3,1e-12,0.031977,0,9.32232e-12,1.05699e-12
eigen_elementwise,931,1,0,3,1e-12,0.0322567,0,1.06866e-11,1.07946e-12
eigen_elementwise,932,1,0,3,1e-12,0.0322358,0,9.89075e-12,1.0412e-12
eigen_elementwise,933,1,0,3,1e-12,0.0325237,0,1.63709e-11,1.10018e-12
eigen_elementwise,934,1,0,3,1e-12,0.0326944,0,1.97815e-11,1.10385e-12
eigen_elementwise,935,1,0,3,1e-12,0.0325314,0,8.52651e-12,1.02269e-12
eigen_elementwise,936,1,0,3,1e-12,0.0326934,0,8.98126e-12,9.9858e-13
eigen_elementwise,937,1,0,3,1e-12,0.0327276,0,1.25056e-11,1.14159e-12
eigen_elementwise,938,1,0,3,1e-12,0.032874,0,1.7053e-11,1.07939e-12
eigen_elementwise,939,1,0,3,1e-12,0.0330346,0,8.52651e-12,9.83634e-13
eigen_elementwise,940,1,0,3,1e-12,0.0328984,0,1.27329e-11,1.11147e-12
eigen_elementwise,941,1,0,3,1e-12,0.033051,0,9.32232e-12,1.07445e-12
eigen_elementwise,942,1,0,3,1e-12,0.0331415,0,9.77707e-12,1.01506e-12
eigen_elementwise,943,1,0,3,1e-12,0.0328598,0,1.05729e-11,1.07044e-12
eigen_elementwise,944,1,0,3,1e-12,0.0332082,0,1.11413e-11,1.07007e-12
eigen_elementwise,945,1,0,3,1e-12,0.0334195,0,1.04592e-11,1.03776e-12
eigen_elementwise,946,1,0,3,1e-12,0.0334866,0,1.5234e-11,1.02388e-12
eigen_elementwise,947,1,0,3,1e-12,0.0333281,0,1.04592e-11,1.0338e-12
eigen_elementwise,948,1,0,3,1e-12,0.0335894,0,1.22782e-11,1.07454e-12
eigen_elementwise,949,1,0,3,1e-12,0.0335565,0,1.11413e-11,1.09797e-12
eigen_elementwise,950,1,0,3,1e-12,0.0332027,0,1.03455e-11,1.03786e-12
eigen_elementwise,951,1,0,3,1e-12,0.033256,0,1.21645e-11,1.10324e-12
eigen_elementwise,952,1,0,3,1e-12,0.0332617,0,1.05729e-11,1.07175e-12
eigen_elementwise,953,1,0,3,1e-12,0.0331977,0,1.22782e-11,1.06148e-12
eigen_elementwise,954,1,0,3,1e-12,0.0333951,0,1.29603e-11,1.10336e-12
eigen_elementwise,955,1,0,3,1e-12,0.0330139,0,9.89075e-12,1.02919e-12
eigen_elementwise,956,1,0,3,1e-12,0.0332755,0,9.89075e-12,9.86194e-13
eigen_elementwise,957,1,0,3,1e-12,0.0333367,0,9.77707e-12,9.57121e-13
eigen_elementwise,958,1,0,3,1e-12,0.0333845,0,7.95808e-12,9.88503e-13
eigen_elementwise,959,1,0,3,1e-12,0.0337226,0,9.20863e-12,1.14423e-12
eigen_elementwise,960,1,0,3,1e-12,0.0337407,0,1.27329e-11,1.11822e-12
eigen_elementwise,961,1,0,3,1e-12,0.0336115,0,7.95808e-12,9.82248e-13
eigen_elementwise,962,1,0,3,1e-12,0.0336247,0,8.86757e-12,1.03707e-12
eigen_elementwise,963,1,0,3,1e-12,0.0338684,0,1.10276e-11,1.10724e-12
eigen_elementwise,964,1,0,3,1e-12,0.0338331,0,1.28466e-11,1.05993e-12
eigen_elementwise,965,1,0,3,1e-12,0.0341045,0,1.02318e-11,1.12525e-12
eigen_elementwise,966,1,0,3,1e-12,0.0338893,0,1.08002e-11,1.05375e-12
eigen_elementwise,967,1,0,3,1e-12,0.0339366,0,1.77351e-11,1.02487e-12
eigen_elementwise,968,1,0,3,1e-12,0.0343118,0,1.27329e-11,1.07803e-12
eigen_elementwise,969,1,0,3,1e-12,0.0344653,0,8.86757e-12,1.01074e-12
eigen_elementwise,970,1,0,3,1e-12,0.0341983,0,1.27329e-11,1.02035e-12
eigen_elementwise,971,1,0,3,1e-12,0.0343909,0,1.05729e-11,1.04841e-12
eigen_elementwise,972,1,0,3,1e-12,0.0347351,0,1.03455e-11,1.02798e-12
eigen_elementwise,973,1,0,3,1e-12,0.0344392,0,1.43245e-11,1.04784e-12
eigen_elementwise,974,1,0,3,1e-12,0.0347899,0,9.89075e-12,1.10111e-12
eigen_elementwise,975,1,0,3,1e-12,0.0347827,0,1.46656e-11,1.05894e-12
eigen_elementwise,976,1,0,3,1e-12,0.0348539,0,1.1255e-11,9.89435e-13
eigen_elementwise,977,1,0,3,1e-12,0.0349123,0,1.15961e-11,1.10364e-12
eigen_elementwise,978,1,0,3,1e-12,0.0349822,0,1.05729e-11,1.04501e-12
eigen_elementwise,979,1,0,3,1e-12,0.0350495,0,9.20863e-12,1.0158e-12
eigen_elementwise,980,1,0,3,1e-12,0.0351468,0,1.36424e-11,1.02451e-12
eigen_elementwise,981,1,0,3,1e-12,0.0351959,0,7.16227e-12,9.71531e-13
eigen_elementwise,982,1,0,3,1e-12,0.0357411,0,1.09139e-11,1.14243e-12
eigen_elementwise,983,1,0,3,1e-12,0.0354439,0,1.21645e-11,1.10309e-12
eigen_elementwise,984,1,0,3,1e-12,0.0354292,0,1.04592e-11,1.09956e-12
eigen_elementwise,985,1,0,3,1e-12,0.0355687,0,1.84173e-11,1.01306e-12
eigen_elementwise,986,1,0,3,1e-12,0.03586,0,1.1255e-11,1.13823e-12
eigen_elementwise,987,1,0,3,1e-12,0.03571,0,1.21645e-11,1.16904e-12
eigen_elementwise,988,1,0,3,1e-12,0.0358886,0,1.05729e-11,1.0603e-12
eigen_elementwise,989,1,0,3,1e-12,0.0358541,0,1.53477e-11,1.04768e-12
eigen_elementwise,990,1,0,3,1e-12,0.0360845,0,1.38698e-11,1.09649e-12
eigen_elementwise,991,1,0,3,1e-12,0.0355826,0,9.54969e-12,1.01298e-12
eigen_elementwise,992,1,0,3,1e-12,0.0362616,0,9.09495e-12,1.04631e-12
eigen_elementwise,993,1,0,3,1e-12,0.0362304,0,1.28466e-11,1.04091e-12
eigen_elementwise,994,1,0,3,1e-12,0.0362372,0,1.18234e-11,1.08587e-12
eigen_elementwise,995,1,0,3,1e-12,0.0363659,0,1.1255e-11,1.09316e-12
eigen_elementwise,996,1,0,3,1e-12,0.0363693,0,1.23919e-11,1.00348e-12
eigen_elementwise,997,1,0,3,1e-12,0.0368208,0,1.06866e-11,1.09697e-12
eigen_elementwise,998,1,0,3,1e-12,0.036857,0,1.04592e-11,1.12917e-12
eigen_elementwise,999,1,0,3,1e-12,0.0365556,0,1.53477e-11,1.13803e-12
eigen_elementwise,1000,1,0,3,1e-12,0.036138,0,1.53477e-11,1.06645e-12
