version, size, hermitian, complex, seed, tol, runtime in s,min_error, max_error, avg_error
basic,1,1,0,4,1e-12,1.885e-06,0,0,0
basic,2,1,0,4,1e-12,3.423e-06,1.13687e-13,2.27374e-13,1.7053e-13
basic,3,1,0,4,1e-12,1.885e-06,2.27374e-13,5.68434e-13,3.41061e-13
basic,4,1,0,4,1e-12,2.864e-06,0,6.82121e-13,3.2685e-13
basic,5,1,0,4,1e-12,3.353e-06,5.68434e-14,1.25056e-12,6.82121e-13
basic,6,1,0,4,1e-12,2.863e-06,5.68434e-14,7.95808e-13,2.93691e-13
basic,7,1,0,4,1e-12,2.374e-06,0,3.41061e-13,1.23837e-13
basic,8,1,0,4,1e-12,8.102e-06,2.84217e-14,3.41061e-13,1.81188e-13
basic,9,1,0,4,1e-12,5.168e-06,0,4.54747e-13,1.82767e-13
basic,10,1,0,4,1e-12,6.216e-06,0,5.68434e-13,2.03926e-13
basic,11,1,0,4,1e-12,8.172e-06,0,7.95808e-13,2.32541e-13
basic,12,1,0,4,1e-12,9.568e-06,0,6.82121e-13,1.96287e-13
basic,13,1,0,4,1e-12,1.0127e-05,0,1.13687e-12,3.27396e-13
basic,14,1,0,4,1e-12,1.1873e-05,0,9.09495e-13,2.38032e-13
basic,15,1,0,4,1e-12,1.4458e-05,0,1.25056e-12,3.33481e-13
basic,16,1,0,4,1e-12,1.5086e-05,0,5.68434e-13,1.95843e-13
basic,17,1,0,4,1e-12,1.6832e-05,0,7.95808e-13,2.89233e-13
basic,18,1,0,4,1e-12,1.8508e-05,0,1.13687e-12,4.14089e-13
basic,19,1,0,4,1e-12,2.0115e-05,0,1.59162e-12,3.66677e-13
basic,20,1,0,4,1e-12,2.2e-05,0,7.95808e-13,2.83862e-13
basic,21,1,0,4,1e-12,2.3327e-05,0,9.09495e-13,2.7339e-13
basic,22,1,0,4,1e-12,2.4514e-05,0,9.09495e-13,3.35893e-13
basic,23,1,0,4,1e-12,2.6679e-05,0,2.16005e-12,4.36675e-13
basic,24,1,0,4,1e-12,2.9054e-05,0,1.25056e-12,3.69778e-13
basic,25,1,0,4,1e-12,3.087e-05,0,1.13687e-12,4.00746e-13
basic,26,1,0,4,1e-12,3.6737e-05,0,2.72848e-12,4.3104e-13
basic,27,1,0,4,1e-12,3.7714e-05,0,1.81899e-12,4.47181e-13
basic,28,1,0,4,1e-12,4.2394e-05,1.42109e-14,1.81899e-12,3.30973e-13
basic,29,1,0,4,1e-12,4.379e-05,0,2.16005e-12,3.7083e-13
basic,30,1,0,4,1e-12,4.7003e-05,3.55271e-15,1.47793e-12,4.46102e-13
basic,31,1,0,4,1e-12,4.5676e-05,0,1.59162e-12,4.19621e-13
basic,32,1,0,4,1e-12,5.0915e-05,2.13163e-14,1.81899e-12,4.57467e-13
basic,33,1,0,4,1e-12,5.8108e-05,0,1.81899e-12,3.81701e-13
basic,34,1,0,4,1e-12,5.8178e-05,0,1.59162e-12,3.12534e-13
basic,35,1,0,4,1e-12,6.132e-05,0,1.47793e-12,4.25717e-13
basic,36,1,0,4,1e-12,6.9073e-05,0,1.81899e-12,2.97145e-13
basic,37,1,0,4,1e-12,6.5791e-05,0,1.59162e-12,4.22437e-13
basic,38,1,0,4,1e-12,6.9632e-05,0,2.27374e-12,3.49568e-13
basic,39,1,0,4,1e-12,7.047e-05,0,1.93268e-12,4.36392e-13
basic,40,1,0,4,1e-12,7.5009e-05,0,1.7053e-12,4.17533e-13
basic,41,1,0,4,1e-12,8.1994e-05,0,1.7053e-12,4.30095e-13
basic,42,1,0,4,1e-12,9.247e-05,0,2.6148e-12,4.5369e-13
basic,43,1,0,4,1e-12,8.821e-05,7.10543e-15,1.93268e-12,4.82425e-13
basic,44,1,0,4,1e-12,8.8629e-05,0,2.27374e-12,3.76507e-13
basic,45,1,0,4,1e-12,9.9035e-05,0,2.04636e-12,5.08591e-13
basic,46,1,0,4,1e-12,0.000108464,0,1.93268e-12,3.7736e-13
basic,47,1,0,4,1e-12,0.000108185,0,1.93268e-12,4.75988e-13
basic,48,1,0,4,1e-12,0.000110699,0,2.6148e-12,4.88054e-13
basic,49,1,0,4,1e-12,0.000111048,0,2.38742e-12,4.34881e-13
basic,50,1,0,4,1e-12,0.000119638,0,1.93268e-12,4.27463e-13
basic,51,1,0,4,1e-12,0.000121803,0,2.04636e-12,4.00969e-13
basic,52,1,0,4,1e-12,0.000140241,0,1.81899e-12,3.88476e-13
basic,53,1,0,4,1e-12,0.000128928,0,3.18323e-12,3.99345e-13
basic,54,1,0,4,1e-12,0.000133606,0,1.93268e-12,3.61127e-13
basic,55,1,0,4,1e-12,0.000137168,0,2.16005e-12,4.28296e-13
basic,56,1,0,4,1e-12,0.000143105,0,2.72848e-12,6.20837e-13
basic,57,1,0,4,1e-12,0.000141289,0,2.04636e-12,5.02055e-13
basic,58,1,0,4,1e-12,0.000152114,0,2.16005e-12,4.44457e-13
basic,59,1,0,4,1e-12,0.000158121,0,1.59162e-12,3.1303e-13
basic,60,1,0,4,1e-12,0.000160775,0,1.81899e-12,4.0424e-13
basic,61,1,0,4,1e-12,0.000163638,0,2.72848e-12,4.75015e-13
basic,62,1,0,4,1e-12,0.000164895,0,2.72848e-12,4.11943e-13
basic,63,1,0,4,1e-12,0.000177397,0,2.50111e-12,4.48798e-13
basic,64,1,0,4,1e-12,0.000178236,0,3.52429e-12,5.61773e-13
basic,65,1,0,4,1e-12,0.000183194,0,2.04636e-12,5.4515e-13
basic,66,1,0,4,1e-12,0.000195207,0,2.38742e-12,4.58919e-13
basic,67,1,0,4,1e-12,0.000195835,0,2.38742e-12,4.34757e-13
basic,68,1,0,4,1e-12,0.000197581,0,2.16005e-12,3.39572e-13
basic,69,1,0,4,1e-12,0.000209385,0,3.06954e-12,4.61595e-13
basic,70,1,0,4,1e-12,0.000214204,0,2.72848e-12,4.34548e-13
basic,71,1,0,4,1e-12,0.00022021,0,2.84217e-12,4.55273e-13
basic,72,1,0,4,1e-12,0.000222794,0,2.6148e-12,4.51787e-13
basic,73,1,0,4,1e-12,0.000231734,0,2.50111e-12,4.11141e-13
basic,74,1,0,4,1e-12,0.000232781,0,2.72848e-12,5.02277e-13
basic,75,1,0,4,1e-12,0.000241093,0,2.72848e-12,4.85348e-13
basic,76,1,0,4,1e-12,0.000248565,0,2.6148e-12,4.76765e-13
basic,77,1,0,4,1e-12,0.000252896,0,2.38742e-12,4.71311e-13
basic,78,1,0,4,1e-12,0.000265188,0,1.93268e-12,4.26485e-13
basic,79,1,0,4,1e-12,0.000269519,0,2.6148e-12,5.35043e-13
basic,80,1,0,4,1e-12,0.000285721,0,2.50111e-12,5.83911e-13
basic,81,1,0,4,1e-12,0.000292007,0,3.52429e-12,4.54375e-13
basic,82,1,0,4,1e-12,0.000300178,0,2.6148e-12,5.34835e-13
basic,83,1,0,4,1e-12,0.000303112,0,3.52429e-12,4.16267e-13
basic,84,1,0,4,1e-12,0.000313798,0,3.86535e-12,5.52637e-13
basic,85,1,0,4,1e-12,0.000329302,0,3.52429e-12,5.8764e-13
basic,86,1,0,4,1e-12,0.000327836,0,2.95586e-12,5.09071e-13
basic,87,1,0,4,1e-12,0.000326718,0,2.72848e-12,5.80787e-13
basic,88,1,0,4,1e-12,0.000341595,0,1.81899e-12,4.40153e-13
basic,89,1,0,4,1e-12,0.00035675,0,3.18323e-12,5.44882e-13
basic,90,1,0,4,1e-12,0.000364502,0,2.72848e-12,4.8013e-13
basic,91,1,0,4,1e-12,0.000367087,0,4.54747e-12,5.75969e-13
basic,92,1,0,4,1e-12,0.000366668,0,3.29692e-12,5.37811e-13
basic,93,1,0,4,1e-12,0.000382522,0,3.63798e-12,5.71586e-13
basic,94,1,0,4,1e-12,0.000372953,0,2.04636e-12,3.9917e-13
basic,95,1,0,4,1e-12,0.000390833,0,3.75167e-12,5.46613e-13
basic,96,1,0,4,1e-12,0.000396908,0,2.04636e-12,4.83576e-13
basic,97,1,0,4,1e-12,0.000415277,0,2.6148e-12,5.54645e-13
basic,98,1,0,4,1e-12,0.000437417,0,3.97904e-12,5.58139e-13
basic,99,1,0,4,1e-12,0.000433785,0,3.29692e-12,6.427e-13
basic,100,1,0,4,1e-12,0.000438394,0,3.52429e-12,6.88445e-13
basic,101,1,0,4,1e-12,0.000449639,0,3.75167e-12,5.96135e-13
basic,102,1,0,4,1e-12,0.000445659,0,3.41061e-12,5.09762e-13
basic,103,1,0,4,1e-12,0.000448661,0,3.06954e-12,6.9202e-13
basic,104,1,0,4,1e-12,0.000473176,0,3.63798e-12,5.87923e-13
basic,105,1,0,4,1e-12,0.000508655,0,3.63798e-12,6.03741e-13
basic,106,1,0,4,1e-12,0.000484001,0,3.75167e-12,5.55128e-13
basic,107,1,0,4,1e-12,0.00050677,0,4.88853e-12,5.75971e-13
basic,108,1,0,4,1e-12,0.000515989,0,2.72848e-12,6.02037e-13
basic,109,1,0,4,1e-12,0.00053275,0,3.52429e-12,6.29466e-13
basic,110,1,0,4,1e-12,0.000520667,0,3.63798e-12,4.98623e-13
basic,111,1,0,4,1e-12,0.000525976,0,4.77485e-12,6.62341e-13
basic,112,1,0,4,1e-12,0.000537221,0,4.09273e-12,6.05928e-13
basic,113,1,0,4,1e-12,0.00055084,0,2.84217e-12,4.73281e-13
basic,114,1,0,4,1e-12,0.000552935,0,4.09273e-12,5.96155e-13
basic,115,1,0,4,1e-12,0.000577938,0,3.75167e-12,5.62827e-13
basic,116,1,0,4,1e-12,0.000589182,0,3.41061e-12,6.72183e-13
basic,117,1,0,4,1e-12,0.000587855,0,2.72848e-12,5.89826e-13
basic,118,1,0,4,1e-12,0.000589462,0,2.95586e-12,5.69112e-13
basic,119,1,0,4,1e-12,0.000601125,0,3.18323e-12,4.90797e-13
basic,120,1,0,4,1e-12,0.00061677,1.77636e-14,3.97904e-12,5.84703e-13
basic,121,1,0,4,1e-12,0.000648408,0,3.63798e-12,6.2243e-13
basic,122,1,0,4,1e-12,0.000636604,0,3.52429e-12,5.77622e-13
basic,123,1,0,4,1e-12,0.000645754,0,3.29692e-12,5.80262e-13
basic,124,1,0,4,1e-12,0.00065637,0,3.41061e-12,5.07393e-13
basic,125,1,0,4,1e-12,0.000661119,0,4.43379e-12,6.2775e-13
basic,126,1,0,4,1e-12,0.0006783,0,4.54747e-12,6.27928e-13
basic,127,1,0,4,1e-12,0.000706097,0,4.3201e-12,5.78561e-13
basic,128,1,0,4,1e-12,0.000694294,0,3.75167e-12,5.48783e-13
basic,129,1,0,4,1e-12,0.000708471,0,5.00222e-12,5.28432e-13
basic,130,1,0,4,1e-12,0.000730961,0,3.29692e-12,5.36173e-13
basic,131,1,0,4,1e-12,0.000742625,0,4.66116e-12,6.01724e-13
basic,132,1,0,4,1e-12,0.000758688,0,5.00222e-12,5.53456e-13
basic,133,1,0,4,1e-12,0.000768815,0,3.52429e-12,6.37392e-13
basic,134,1,0,4,1e-12,0.000773145,0,4.54747e-12,6.17138e-13
basic,135,1,0,4,1e-12,0.000780757,0,4.3201e-12,5.55065e-13
basic,136,1,0,4,1e-12,0.000873088,0,5.68434e-12,5.10807e-13
basic,137,1,0,4,1e-12,0.000791653,0,8.07177e-12,4.60867e-13
basic,138,1,0,4,1e-12,0.000813094,0,4.88853e-12,6.52914e-13
basic,139,1,0,4,1e-12,0.000811279,0,4.09273e-12,5.67016e-13
basic,140,1,0,4,1e-12,0.00085437,0,3.52429e-12,6.02896e-13
basic,141,1,0,4,1e-12,0.000849621,0,4.77485e-12,5.74973e-13
basic,142,1,0,4,1e-12,0.000877907,0,5.11591e-12,6.01234e-13
basic,143,1,0,4,1e-12,0.00087239,0,4.3201e-12,6.82953e-13
basic,144,1,0,4,1e-12,0.000920021,0,2.95586e-12,5.39223e-13
basic,145,1,0,4,1e-12,0.000913037,0,4.09273e-12,5.77328e-13
basic,146,1,0,4,1e-12,0.000945653,0,3.06954e-12,6.11918e-13
basic,147,1,0,4,1e-12,0.000936853,0,4.66116e-12,5.85473e-13
basic,148,1,0,4,1e-12,0.000979457,0,5.11591e-12,6.80501e-13
basic,149,1,0,4,1e-12,0.000965418,0,4.43379e-12,7.42088e-13
basic,150,1,0,4,1e-12,0.000993355,0,5.68434e-12,6.32205e-13
basic,151,1,0,4,1e-12,0.000998663,0,5.11591e-12,6.01585e-13
basic,152,1,0,4,1e-12,0.00106683,0,4.88853e-12,7.06488e-13
basic,153,1,0,4,1e-12,0.00099119,0,4.3201e-12,5.92734e-13
basic,154,1,0,4,1e-12,0.00103009,0,4.09273e-12,5.79415e-13
basic,155,1,0,4,1e-12,0.00102255,0,2.95586e-12,6.86969e-13
basic,156,1,0,4,1e-12,0.00103931,0,5.45697e-12,6.57924e-13
basic,157,1,0,4,1e-12,0.00107158,0,4.88853e-12,6.67141e-13
basic,158,1,0,4,1e-12,0.00105698,0,2.95586e-12,6.42929e-13
basic,159,1,0,4,1e-12,0.00111942,0,6.59384e-12,6.57844e-13
basic,160,1,0,4,1e-12,0.00114414,0,5.22959e-12,7.02682e-13
basic,161,1,0,4,1e-12,0.00109078,0,4.43379e-12,5.97705e-13
basic,162,1,0,4,1e-12,0.00115182,0,4.54747e-12,6.2735e-13
basic,163,1,0,4,1e-12,0.00113506,0,4.66116e-12,6.4108e-13
basic,164,1,0,4,1e-12,0.00116111,0,4.20641e-12,6.58097e-13
basic,165,1,0,4,1e-12,0.00118912,0,5.11591e-12,6.8309e-13
basic,166,1,0,4,1e-12,0.00116935,0,5.68434e-12,6.07428e-13
basic,167,1,0,4,1e-12,0.00121831,0,3.63798e-12,6.29532e-13
basic,168,1,0,4,1e-12,0.00128746,0,2.84217e-12,6.57379e-13
basic,169,1,0,4,1e-12,0.00118458,0,6.36646e-12,7.67008e-13
basic,170,1,0,4,1e-12,0.00126169,0,6.36646e-12,8.30562e-13
basic,171,1,0,4,1e-12,0.00128494,0,7.27596e-12,7.00705e-13
basic,172,1,0,4,1e-12,0.00126266,0,7.27596e-12,6.11686e-13
basic,173,1,0,4,1e-12,0.00130981,0,5.22959e-12,6.56677e-13
basic,174,1,0,4,1e-12,0.00131218,0,3.63798e-12,6.20336e-13
basic,175,1,0,4,1e-12,0.00130352,0,4.09273e-12,6.35926e-13
basic,176,1,0,4,1e-12,0.001402,0,3.75167e-12,6.48966e-13
basic,177,1,0,4,1e-12,0.00141855,0,3.97904e-12,6.30707e-13
basic,178,1,0,4,1e-12,0.00134703,0,4.09273e-12,7.46469e-13
basic,179,1,0,4,1e-12,0.00144942,0,4.20641e-12,7.13401e-13
basic,180,1,0,4,1e-12,0.00144991,0,5.11591e-12,6.50186e-13
basic,181,1,0,4,1e-12,0.00138733,0,5.00222e-12,6.56094e-13
basic,182,1,0,4,1e-12,0.00149132,0,6.9349e-12,7.97984e-13
basic,183,1,0,4,1e-12,0.00148602,0,4.3201e-12,6.06048e-13
basic,184,1,0,4,1e-12,0.00157025,0,6.0254e-12,7.18343e-13
basic,185,1,0,4,1e-12,0.0014291,0,3.75167e-12,6.06996e-13
basic,186,1,0,4,1e-12,0.00151752,0,4.88853e-12,6.69152e-13
basic,187,1,0,4,1e-12,0.00154454,0,5.34328e-12,7.04919e-13
basic,188,1,0,4,1e-12,0.00153868,0,4.43379e-12,7.16968e-13
basic,189,1,0,4,1e-12,0.00152136,0,3.97904e-12,6.60824e-13
basic,190,1,0,4,1e-12,0.002411,0,4.09273e-12,6.92228e-13
basic,191,1,0,4,1e-12,0.00159637,0,6.36646e-12,7.89372e-13
basic,192,1,0,4,1e-12,0.00165699,0,6.9349e-12,6.37657e-13
basic,193,1,0,4,1e-12,0.00155579,0,5.11591e-12,7.65794e-13
basic,194,1,0,4,1e-12,0.00162989,0,3.75167e-12,7.43671e-13
basic,195,1,0,4,1e-12,0.00162996,0,4.66116e-12,6.88525e-13
basic,196,1,0,4,1e-12,0.00167724,0,4.43379e-12,6.78387e-13
basic,197,1,0,4,1e-12,0.00162968,0,4.66116e-12,6.95484e-13
basic,198,1,0,4,1e-12,0.00170483,0,4.20641e-12,6.53421e-13
basic,199,1,0,4,1e-12,0.00169994,0,5.57066e-12,7.45427e-13
basic,200,1,0,4,1e-12,0.00178221,0,5.68434e-12,7.43743e-13
basic,201,1,0,4,1e-12,0.00171558,0,3.86535e-12,7.63851e-13
basic,202,1,0,4,1e-12,0.00177334,0,9.09495e-12,6.38591e-13
basic,203,1,0,4,1e-12,0.00181518,0,8.6402e-12,8.30792e-13
basic,204,1,0,4,1e-12,0.00182628,0,6.82121e-12,7.83408e-13
basic,205,1,0,4,1e-12,0.00180268,0,3.63798e-12,6.55874e-13
basic,206,1,0,4,1e-12,0.00178626,0,8.6402e-12,8.50875e-13
basic,207,1,0,4,1e-12,0.00185157,0,5.57066e-12,6.80079e-13
basic,208,1,0,4,1e-12,0.0019154,0,3.63798e-12,6.54844e-13
basic,209,1,0,4,1e-12,0.00187035,0,6.0254e-12,7.63859e-13
basic,210,1,0,4,1e-12,0.00193971,0,6.48015e-12,7.63267e-13
basic,211,1,0,4,1e-12,0.00186833,0,9.77707e-12,7.59456e-13
basic,212,1,0,4,1e-12,0.00193607,0,5.91172e-12,6.61039e-13
basic,213,1,0,4,1e-12,0.0019946,0,5.68434e-12,7.35554e-13
basic,214,1,0,4,1e-12,0.00200347,0,5.45697e-12,6.9903e-13
basic,215,1,0,4,1e-12,0.00202477,0,7.38964e-12,6.93977e-13
basic,216,1,0,4,1e-12,0.00207764,0,4.09273e-12,7.23224e-13
basic,217,1,0,4,1e-12,0.00195724,0,5.57066e-12,6.63375e-13
basic,218,1,0,4,1e-12,0.00202834,0,5.68434e-12,6.99412e-13
basic,219,1,0,4,1e-12,0.00205432,0,5.57066e-12,7.77136e-13
basic,220,1,0,4,1e-12,0.0020951,0,5.68434e-12,7.08015e-13
basic,221,1,0,4,1e-12,0.00211676,0,5.45697e-12,7.78631e-13
basic,222,1,0,4,1e-12,0.00214399,0,6.36646e-12,6.02505e-13
basic,223,1,0,4,1e-12,0.00214818,0,6.13909e-12,7.69155e-13
basic,224,1,0,4,1e-12,0.0022651,0,4.66116e-12,8.75641e-13
basic,225,1,0,4,1e-12,0.00208567,0,6.48015e-12,7.29522e-13
basic,226,1,0,4,1e-12,0.00221467,0,6.70752e-12,7.57113e-13
basic,227,1,0,4,1e-12,0.0022519,0,5.57066e-12,6.74515e-13
basic,228,1,0,4,1e-12,0.00230686,0,4.43379e-12,6.71938e-13
basic,229,1,0,4,1e-12,0.00229778,0,6.59384e-12,7.25242e-13
basic,230,1,0,4,1e-12,0.00232321,0,3.97904e-12,7.02804e-13
basic,231,1,0,4,1e-12,0.00230763,0,5.45697e-12,6.63258e-13
basic,232,1,0,4,1e-12,0.00232209,0,5.00222e-12,6.66333e-13
basic,233,1,0,4,1e-12,0.00232279,0,6.0254e-12,7.09529e-13
basic,234,1,0,4,1e-12,0.00224792,0,5.45697e-12,8.02116e-13
basic,235,1,0,4,1e-12,0.00240848,0,5.68434e-12,6.75e-13
basic,236,1,0,4,1e-12,0.00236343,0,5.22959e-12,7.71375e-13
basic,237,1,0,4,1e-12,0.00240981,0,4.54747e-12,7.01016e-13
basic,238,1,0,4,1e-12,0.00239898,0,4.88853e-12,7.31568e-13
basic,239,1,0,4,1e-12,0.0024631,0,7.04858e-12,7.98602e-13
basic,240,1,0,4,1e-12,0.00255166,0,5.45697e-12,7.13881e-13
basic,241,1,0,4,1e-12,0.00250549,0,6.82121e-12,7.53087e-13
basic,242,1,0,4,1e-12,0.00253734,0,4.54747e-12,7.00663e-13
basic,243,1,0,4,1e-12,0.00253378,0,7.84439e-12,8.16283e-13
basic,244,1,0,4,1e-12,0.00258043,0,5.34328e-12,7.29799e-13
basic,245,1,0,4,1e-12,0.00256115,0,6.82121e-12,7.26117e-13
basic,246,1,0,4,1e-12,0.0025717,0,5.79803e-12,7.75755e-13
basic,247,1,0,4,1e-12,0.00264001,0,6.48015e-12,7.97261e-13
basic,248,1,0,4,1e-12,0.00269379,0,5.45697e-12,6.88238e-13
basic,249,1,0,4,1e-12,0.00266333,0,4.54747e-12,7.10735e-13
basic,250,1,0,4,1e-12,0.00266278,0,9.89075e-12,7.76424e-13
basic,251,1,0,4,1e-12,0.00275154,0,3.41061e-12,6.62135e-13
basic,252,1,0,4,1e-12,0.00268505,0,4.09273e-12,7.35461e-13
basic,253,1,0,4,1e-12,0.00275476,0,6.70752e-12,7.14594e-13
basic,254,1,0,4,1e-12,0.00281342,0,4.77485e-12,7.78618e-13
basic,255,1,0,4,1e-12,0.00282648,0,6.0254e-12,6.91497e-13
basic,256,1,0,4,1e-12,0.00299738,0,7.61702e-12,8.07292e-13
basic,257,1,0,4,1e-12,0.00287118,0,6.70752e-12,8.21057e-13
basic,258,1,0,4,1e-12,0.00273939,0,6.70752e-12,8.18212e-13
basic,259,1,0,4,1e-12,0.00284213,0,4.20641e-12,7.03581e-13
basic,260,1,0,4,1e-12,0.0028577,0,4.3201e-12,7.37571e-13
basic,261,1,0,4,1e-12,0.00293034,0,5.11591e-12,8.19731e-13
basic,262,1,0,4,1e-12,0.00302784,0,4.66116e-12,7.40137e-13
basic,263,1,0,4,1e-12,0.00298698,0,4.54747e-12,6.82391e-13
basic,264,1,0,4,1e-12,0.00299774,0,6.0254e-12,7.17366e-13
basic,265,1,0,4,1e-12,0.00311297,0,5.11591e-12,7.78366e-13
basic,266,1,0,4,1e-12,0.00308797,0,4.88853e-12,6.85827e-13
basic,267,1,0,4,1e-12,0.00309363,0,4.54747e-12,7.19358e-13
basic,268,1,0,4,1e-12,0.0030703,0,4.09273e-12,6.73339e-13
basic,269,1,0,4,1e-12,0.00311262,0,6.9349e-12,9.50476e-13
basic,270,1,0,4,1e-12,0.00312771,0,6.0254e-12,7.66649e-13
basic,271,1,0,4,1e-12,0.00316661,0,5.45697e-12,7.15144e-13
basic,272,1,0,4,1e-12,0.00320174,0,5.57066e-12,8.48067e-13
basic,273,1,0,4,1e-12,0.00324323,0,7.16227e-12,7.34689e-13
basic,274,1,0,4,1e-12,0.00324253,0,7.84439e-12,7.88223e-13
basic,275,1,0,4,1e-12,0.00328758,0,6.82121e-12,7.29947e-13
basic,276,1,0,4,1e-12,0.00329742,0,5.79803e-12,8.48629e-13
basic,277,1,0,4,1e-12,0.00333528,0,5.34328e-12,7.66982e-13
basic,278,1,0,4,1e-12,0.00333402,0,5.68434e-12,8.17252e-13
basic,279,1,0,4,1e-12,0.00338417,0,6.82121e-12,8.03034e-13
basic,280,1,0,4,1e-12,0.00339506,0,6.9349e-12,7.84794e-13
basic,281,1,0,4,1e-12,0.00339625,0,7.7307e-12,8.01946e-13
basic,282,1,0,4,1e-12,0.0034649,0,7.7307e-12,7.7829e-13
basic,283,1,0,4,1e-12,0.00349724,0,7.16227e-12,7.35468e-13
basic,284,1,0,4,1e-12,0.00351058,0,5.91172e-12,7.30971e-13
basic,285,1,0,4,1e-12,0.00352825,0,6.70752e-12,8.26536e-13
basic,286,1,0,4,1e-12,0.00355269,0,5.91172e-12,7.93951e-13
basic,287,1,0,4,1e-12,0.00367848,0,5.34328e-12,7.88671e-13
basic,288,1,0,4,1e-12,0.00358894,0,5.91172e-12,7.57394e-13
basic,289,1,0,4,1e-12,0.00359984,0,5.79803e-12,7.99871e-13
basic,290,1,0,4,1e-12,0.00366088,0,5.22959e-12,7.28159e-13
basic,291,1,0,4,1e-12,0.00368057,0,4.3201e-12,7.59988e-13
basic,292,1,0,4,1e-12,0.00369196,0,6.9349e-12,8.67823e-13
basic,293,1,0,4,1e-12,0.00374357,0,4.66116e-12,7.21668e-13
basic,294,1,0,4,1e-12,0.00380503,0,6.59384e-12,8.07693e-13
basic,295,1,0,4,1e-12,0.00374623,0,6.59384e-12,6.75106e-13
basic,296,1,0,4,1e-12,0.00377458,0,6.59384e-12,7.71677e-13
basic,297,1,0,4,1e-12,0.00384784,0,9.66338e-12,7.93744e-13
basic,298,1,0,4,1e-12,0.00379497,0,8.18545e-12,7.53861e-13
basic,299,1,0,4,1e-12,0.00379092,0,7.16227e-12,7.47466e-13
basic,300,1,0,4,1e-12,0.00387711,0,5.91172e-12,7.02478e-13
basic,301,1,0,4,1e-12,0.00390847,0,6.25278e-12,7.24104e-13
basic,302,1,0,4,1e-12,0.00403362,0,6.82121e-12,7.37976e-13
basic,303,1,0,4,1e-12,0.0039503,0,8.98126e-12,8.88325e-13
basic,304,1,0,4,1e-12,0.00401679,0,6.59384e-12,7.67836e-13
basic,305,1,0,4,1e-12,0.00397209,0,6.25278e-12,7.77532e-13
basic,306,1,0,4,1e-12,0.00405436,0,6.0254e-12,7.11936e-13
basic,307,1,0,4,1e-12,0.00408042,0,7.50333e-12,8.54271e-13
basic,308,1,0,4,1e-12,0.00405967,0,6.48015e-12,8.03392e-13
basic,309,1,0,4,1e-12,0.00412616,0,7.16227e-12,8.23264e-13
basic,310,1,0,4,1e-12,0.004193,0,1.10276e-11,7.61169e-13
basic,311,1,0,4,1e-12,0.00412679,0,5.68434e-12,7.42888e-13
basic,312,1,0,4,1e-12,0.00430887,0,7.7307e-12,8.23017e-13
basic,313,1,0,4,1e-12,0.00434386,0,6.0254e-12,8.35455e-13
basic,314,1,0,4,1e-12,0.00426187,0,7.04858e-12,8.51441e-13
basic,315,1,0,4,1e-12,0.00427842,0,7.7307e-12,8.25121e-13
basic,316,1,0,4,1e-12,0.00440378,0,6.70752e-12,7.83306e-13
basic,317,1,0,4,1e-12,0.00436963,0,7.50333e-12,8.3426e-13
basic,318,1,0,4,1e-12,0.00436062,0,5.00222e-12,7.45221e-13
basic,319,1,0,4,1e-12,0.00442515,0,8.29914e-12,7.92144e-13
basic,320,1,0,4,1e-12,0.00441586,0,4.88853e-12,7.42545e-13
basic,321,1,0,4,1e-12,0.00450973,0,5.79803e-12,7.76882e-13
basic,322,1,0,4,1e-12,0.00450219,0,5.45697e-12,7.70095e-13
basic,323,1,0,4,1e-12,0.00452384,0,7.04858e-12,7.91232e-13
basic,324,1,0,4,1e-12,0.00456749,0,5.57066e-12,7.63565e-13
basic,325,1,0,4,1e-12,0.00451923,0,6.82121e-12,7.87965e-13
basic,326,1,0,4,1e-12,0.00460513,0,6.59384e-12,7.75478e-13
basic,327,1,0,4,1e-12,0.00460702,0,5.45697e-12,7.40795e-13
basic,328,1,0,4,1e-12,0.0046814,0,1.00044e-11,7.67207e-13
basic,329,1,0,4,1e-12,0.00471122,0,5.45697e-12,7.65723e-13
basic,330,1,0,4,1e-12,0.00470773,0,5.91172e-12,8.28471e-13
basic,331,1,0,4,1e-12,0.00476284,0,9.43601e-12,7.9233e-13
basic,332,1,0,4,1e-12,0.00476354,0,7.38964e-12,7.25321e-13
basic,333,1,0,4,1e-12,0.0047847,0,6.25278e-12,8.97738e-13
basic,334,1,0,4,1e-12,0.00482716,0,6.36646e-12,8.42892e-13
basic,335,1,0,4,1e-12,0.00480628,0,6.70752e-12,8.15406e-13
basic,336,1,0,4,1e-12,0.00478183,0,1.05729e-11,7.72372e-13
basic,337,1,0,4,1e-12,0.00488017,0,9.32232e-12,8.09892e-13
basic,338,1,0,4,1e-12,0.00491705,0,6.13909e-12,8.15437e-13
basic,339,1,0,4,1e-12,0.00495672,0,7.84439e-12,7.73554e-13
basic,340,1,0,4,1e-12,0.00502474,0,6.48015e-12,7.82214e-13
basic,341,1,0,4,1e-12,0.00508383,0,6.13909e-12,8.88512e-13
basic,342,1,0,4,1e-12,0.00506239,0,4.43379e-12,6.34793e-13
basic,343,1,0,4,1e-12,0.0051258,0,6.48015e-12,7.72539e-13
basic,344,1,0,4,1e-12,0.00512748,0,6.13909e-12,7.73578e-13
basic,345,1,0,4,1e-12,0.00510918,0,5.57066e-12,7.97656e-13
basic,346,1,0,4,1e-12,0.00523594,0,7.27596e-12,7.96321e-13
basic,347,1,0,4,1e-12,0.00521988,0,6.70752e-12,8.96446e-13
basic,348,1,0,4,1e-12,0.00524286,0,8.18545e-12,8.79174e-13
basic,349,1,0,4,1e-12,0.00530585,0,7.95808e-12,8.66577e-13
basic,350,1,0,4,1e-12,0.00524034,0,6.82121e-12,8.14054e-13
basic,351,1,0,4,1e-12,0.00527198,0,6.59384e-12,8.17519e-13
basic,352,1,0,4,1e-12,0.00532143,0,7.7307e-12,7.97458e-13
basic,353,1,0,4,1e-12,0.0054176,0,5.34328e-12,8.99254e-13
basic,354,1,0,4,1e-12,0.00535027,0,7.27596e-12,8.33131e-13
basic,355,1,0,4,1e-12,0.00539469,0,7.27596e-12,8.10514e-13
basic,356,1,0,4,1e-12,0.00534671,0,5.45697e-12,7.14021e-13
basic,357,1,0,4,1e-12,0.0054572,0,5.79803e-12,7.79547e-13
basic,358,1,0,4,1e-12,0.00547808,0,7.84439e-12,9.00469e-13
basic,359,1,0,4,1e-12,0.00550665,0,6.70752e-12,9.09302e-13
basic,360,1,0,4,1e-12,0.00550001,0,6.9349e-12,7.61159e-13
basic,361,1,0,4,1e-12,0.00557328,0,7.16227e-12,9.01489e-13
basic,362,1,0,4,1e-12,0.00555233,0,8.98126e-12,9.1263e-13
basic,363,1,0,4,1e-12,0.00562489,0,6.82121e-12,8.04107e-13
basic,364,1,0,4,1e-12,0.00563739,0,7.16227e-12,8.62753e-13
basic,365,1,0,4,1e-12,0.00578336,0,9.54969e-12,8.27369e-13
basic,366,1,0,4,1e-12,0.0057497,0,6.82121e-12,8.15052e-13
basic,367,1,0,4,1e-12,0.0057893,0,8.07177e-12,7.84709e-13
basic,368,1,0,4,1e-12,0.00582121,0,7.04858e-12,8.40999e-13
basic,369,1,0,4,1e-12,0.00590551,0,5.91172e-12,8.56132e-13
basic,370,1,0,4,1e-12,0.00589113,0,6.82121e-12,8.09865e-13
basic,371,1,0,4,1e-12,0.00588582,0,6.59384e-12,8.44311e-13
basic,372,1,0,4,1e-12,0.00596013,0,6.70752e-12,9.50384e-13
basic,373,1,0,4,1e-12,0.00590153,0,8.98126e-12,7.73087e-13
basic,374,1,0,4,1e-12,0.00592067,0,4.88853e-12,7.97423e-13
basic,375,1,0,4,1e-12,0.00612363,0,6.36646e-12,7.85183e-13
basic,376,1,0,4,1e-12,0.00600776,0,6.48015e-12,7.99928e-13
basic,377,1,0,4,1e-12,0.00606859,0,6.9349e-12,7.93716e-13
basic,378,1,0,4,1e-12,0.00612838,0,6.59384e-12,8.04351e-13
basic,379,1,0,4,1e-12,0.00620325,0,9.09495e-12,7.79291e-13
basic,380,1,0,4,1e-12,0.00614709,0,7.04858e-12,7.71102e-13
basic,381,1,0,4,1e-12,0.0062837,0,6.48015e-12,8.99447e-13
basic,382,1,0,4,1e-12,0.00624795,0,1.01181e-11,8.53181e-13
basic,383,1,0,4,1e-12,0.00631499,0,5.11591e-12,7.61533e-13
basic,384,1,0,4,1e-12,0.00637981,0,5.11591e-12,7.95387e-13
basic,385,1,0,4,1e-12,0.00626408,0,5.22959e-12,8.11204e-13
basic,386,1,0,4,1e-12,0.00646843,0,6.70752e-12,8.1631e-13
basic,387,1,0,4,1e-12,0.00641417,0,9.43601e-12,9.22448e-13
basic,388,1,0,4,1e-12,0.00649574,0,7.38964e-12,8.36069e-13
basic,389,1,0,4,1e-12,0.00646962,0,8.98126e-12,8.19535e-13
basic,390,1,0,4,1e-12,0.00651334,0,6.9349e-12,8.30593e-13
basic,391,1,0,4,1e-12,0.00648981,0,6.48015e-12,7.38042e-13
basic,392,1,0,4,1e-12,0.00659799,0,5.57066e-12,8.16028e-13
basic,393,1,0,4,1e-12,0.00663976,0,6.13909e-12,9.48172e-13
basic,394,1,0,4,1e-12,0.00665086,0,8.29914e-12,8.7225e-13
basic,395,1,0,4,1e-12,0.0066436,0,6.48015e-12,8.69452e-13
basic,396,1,0,4,1e-12,0.00667461,0,7.50333e-12,8.23171e-13
basic,397,1,0,4,1e-12,0.00679173,0,6.48015e-12,8.46638e-13
basic,398,1,0,4,1e-12,0.00672217,0,6.48015e-12,7.59942e-13
basic,399,1,0,4,1e-12,0.00677616,0,6.48015e-12,8.32644e-13
basic,400,1,0,4,1e-12,0.00680752,0,5.68434e-12,8.83507e-13
basic,401,1,0,4,1e-12,0.00688553,0,8.98126e-12,8.50002e-13
basic,402,1,0,4,1e-12,0.00693561,0,8.86757e-12,8.46028e-13
basic,403,1,0,4,1e-12,0.00699287,0,8.75389e-12,9.3108e-13
basic,404,1,0,4,1e-12,0.00692604,0,4.20641e-12,8.13765e-13
basic,405,1,0,4,1e-12,0.0069824,0,6.36646e-12,8.43427e-13
basic,406,1,0,4,1e-12,0.00696934,0,7.61702e-12,7.8872e-13
basic,407,1,0,4,1e-12,0.00703338,0,6.9349e-12,8.52669e-13
basic,408,1,0,4,1e-12,0.00714687,0,8.6402e-12,8.80416e-13
basic,409,1,0,4,1e-12,0.00713053,0,9.66338e-12,8.96691e-13
basic,410,1,0,4,1e-12,0.00729864,0,9.77707e-12,8.27674e-13
basic,411,1,0,4,1e-12,0.00718249,0,5.45697e-12,7.80357e-13
basic,412,1,0,4,1e-12,0.00722733,0,8.18545e-12,9.17682e-13
basic,413,1,0,4,1e-12,0.00725422,0,1.06866e-11,8.76092e-13
basic,414,1,0,4,1e-12,0.00725932,0,5.68434e-12,7.93881e-13
basic,415,1,0,4,1e-12,0.00736862,0,7.61702e-12,8.8154e-13
basic,416,1,0,4,1e-12,0.0073256,0,6.36646e-12,8.45623e-13
basic,417,1,0,4,1e-12,0.00735619,0,5.68434e-12,8.34875e-13
basic,418,1,0,4,1e-12,0.0074773,0,6.25278e-12,7.99888e-13
basic,419,1,0,4,1e-12,0.00743392,0,7.7307e-12,9.0149e-13
basic,420,1,0,4,1e-12,0.00746444,0,1.11413e-11,8.98232e-13
basic,421,1,0,4,1e-12,0.00749294,0,7.16227e-12,8.7271e-13
basic,422,1,0,4,1e-12,0.00781009,0,6.48015e-12,7.83256e-13
basic,423,1,0,4,1e-12,0.00759686,0,7.50333e-12,7.70939e-13
basic,424,1,0,4,1e-12,0.00763583,0,7.95808e-12,8.95585e-13
basic,425,1,0,4,1e-12,0.00779284,0,6.0254e-12,8.18136e-13
basic,426,1,0,4,1e-12,0.00769122,0,6.13909e-12,7.5172e-13
basic,427,1,0,4,1e-12,0.00789502,0,7.38964e-12,8.17561e-13
basic,428,1,0,4,1e-12,0.00777831,0,5.34328e-12,7.57633e-13
basic,429,1,0,4,1e-12,0.00781379,0,7.95808e-12,8.87648e-13
basic,430,1,0,4,1e-12,0.0079027,0,6.48015e-12,8.63739e-13
basic,431,1,0,4,1e-12,0.00794628,0,7.27596e-12,8.56089e-13
basic,432,1,0,4,1e-12,0.00793566,0,7.50333e-12,7.76786e-13
basic,433,1,0,4,1e-12,0.00797757,0,7.27596e-12,8.97458e-13
basic,434,1,0,4,1e-12,0.00803777,0,7.38964e-12,8.56744e-13
basic,435,1,0,4,1e-12,0.00808219,0,1.08002e-11,9.33555e-13
basic,436,1,0,4,1e-12,0.00803917,0,6.48015e-12,7.83728e-13
basic,437,1,0,4,1e-12,0.0081873,0,7.50333e-12,8.71496e-13
basic,438,1,0,4,1e-12,0.00830778,0,6.9349e-12,7.78004e-13
basic,439,1,0,4,1e-12,0.00817382,0,5.91172e-12,7.82192e-13
basic,440,1,0,4,1e-12,0.0083955,0,8.52651e-12,8.50584e-13
basic,441,1,0,4,1e-12,0.00839005,0,1.02318e-11,9.10602e-13
basic,442,1,0,4,1e-12,0.00836568,0,6.9349e-12,8.2464e-13
basic,443,1,0,4,1e-12,0.00844732,0,8.6402e-12,8.34407e-13
basic,444,1,0,4,1e-12,0.00848685,0,7.7307e-12,9.71851e-13
basic,445,1,0,4,1e-12,0.00851989,0,9.43601e-12,9.16476e-13
basic,446,1,0,4,1e-12,0.00854021,0,7.50333e-12,9.08387e-13
basic,447,1,0,4,1e-12,0.00865035,0,8.52651e-12,8.92593e-13
basic,448,1,0,4,1e-12,0.00860593,0,1.04592e-11,9.54423e-13
basic,449,1,0,4,1e-12,0.00870811,0,1.03455e-11,8.81979e-13
basic,450,1,0,4,1e-12,0.00870748,0,9.89075e-12,8.90302e-13
basic,451,1,0,4,1e-12,0.00864812,0,8.75389e-12,8.20374e-13
basic,452,1,0,4,1e-12,0.00885317,0,7.61702e-12,8.66791e-13
basic,453,1,0,4,1e-12,0.0088024,0,8.18545e-12,8.5002e-13
basic,454,1,0,4,1e-12,0.00891289,0,8.07177e-12,9.27063e-13
basic,455,1,0,4,1e-12,0.00888027,0,6.13909e-12,9.09299e-13
basic,456,1,0,4,1e-12,0.00899516,0,8.41283e-12,8.14035e-13
basic,457,1,0,4,1e-12,0.00880107,0,9.20863e-12,8.40209e-13
basic,458,1,0,4,1e-12,0.00905459,0,6.13909e-12,8.38859e-13
basic,459,1,0,4,1e-12,0.00906305,0,7.27596e-12,9.13338e-13
basic,460,1,0,4,1e-12,0.0090671,0,6.48015e-12,8.92473e-13
basic,461,1,0,4,1e-12,0.00915056,0,5.57066e-12,7.7515e-13
basic,462,1,0,4,1e-12,0.00918177,0,7.7307e-12,8.77024e-13
basic,463,1,0,4,1e-12,0.00930749,0,7.04858e-12,8.49429e-13
basic,464,1,0,4,1e-12,0.0091648,0,8.29914e-12,8.57973e-13
basic,465,1,0,4,1e-12,0.0092528,0,7.16227e-12,8.46795e-13
basic,466,1,0,4,1e-12,0.00938432,0,7.95808e-12,8.03291e-13
basic,467,1,0,4,1e-12,0.00940499,0,7.84439e-12,8.54778e-13
basic,468,1,0,4,1e-12,0.00952309,0,1.25056e-11,8.95462e-13
basic,469,1,0,4,1e-12,0.00940618,0,7.95808e-12,8.34092e-13
basic,470,1,0,4,1e-12,0.00953503,0,7.27596e-12,8.33259e-13
basic,471,1,0,4,1e-12,0.00944564,0,6.25278e-12,8.41774e-13
basic,472,1,0,4,1e-12,0.00960362,0,7.84439e-12,8.4398e-13
basic,473,1,0,4,1e-12,0.00963121,0,8.6402e-12,8.76093e-13
basic,474,1,0,4,1e-12,0.00956702,0,1.04592e-11,8.74717e-13
basic,475,1,0,4,1e-12,0.00966005,0,8.29914e-12,8.56264e-13
basic,476,1,0,4,1e-12,0.00966438,0,6.48015e-12,8.49412e-13
basic,477,1,0,4,1e-12,0.00964832,0,9.32232e-12,7.7794e-13
basic,478,1,0,4,1e-12,0.00974386,0,6.48015e-12,8.08703e-13
basic,479,1,0,4,1e-12,0.00986315,0,7.27596e-12,9.36689e-13
basic,480,1,0,4,1e-12,0.00985861,0,1.13687e-11,8.6802e-13
basic,481,1,0,4,1e-12,0.0100044,0,6.13909e-12,8.43271e-13
basic,482,1,0,4,1e-12,0.00997476,0,7.38964e-12,8.55802e-13
basic,483,1,0,4,1e-12,0.0100336,0,7.04858e-12,8.74008e-13
basic,484,1,0,4,1e-12,0.00990205,0,1.17097e-11,9.2753e-13
basic,485,1,0,4,1e-12,0.0100185,0,6.25278e-12,7.97068e-13
basic,486,1,0,4,1e-12,0.0101654,0,8.29914e-12,8.76259e-13
basic,487,1,0,4,1e-12,0.0100639,0,1.03455e-11,9.33357e-13
basic,488,1,0,4,1e-12,0.0101897,0,9.32232e-12,8.68904e-13
basic,489,1,0,4,1e-12,0.0101884,0,8.52651e-12,8.32003e-13
basic,490,1,0,4,1e-12,0.0102471,0,8.07177e-12,9.86139e-13
basic,491,1,0,4,1e-12,0.0103635,0,8.29914e-12,8.60683e-13
basic,492,1,0,4,1e-12,0.0103742,0,7.95808e-12,8.72408e-13
basic,493,1,0,4,1e-12,0.0104648,0,7.27596e-12,8.81386e-13
basic,494,1,0,4,1e-12,0.0104248,0,9.20863e-12,9.39326e-13
basic,495,1,0,4,1e-12,0.0104239,0,7.7307e-12,8.49687e-13
basic,496,1,0,4,1e-12,0.0105778,0,9.43601e-12,8.84744e-13
basic,497,1,0,4,1e-12,0.0104865,0,9.77707e-12,8.69407e-13
basic,498,1,0,4,1e-12,0.0105405,0,7.95808e-12,7.88321e-13
basic,499,1,0,4,1e-12,0.0106774,0,1.10276e-11,9.34467e-13
basic,500,1,0,4,1e-12,0.0108374,0,1.04592e-11,9.30768e-13
basic,501,1,0,4,1e-12,0.0108606,0,1.08002e-11,8.71507e-13
basic,502,1,0,4,1e-12,0.0107291,0,9.43601e-12,8.24962e-13
basic,503,1,0,4,1e-12,0.0108381,0,6.82121e-12,8.33094e-13
basic,504,1,0,4,1e-12,0.0108724,0,1.11413e-11,8.788e-13
basic,505,1,0,4,1e-12,0.0108761,0,7.16227e-12,9.23776e-13
basic,506,1,0,4,1e-12,0.0109139,0,8.29914e-12,8.81919e-13
basic,507,1,0,4,1e-12,0.0109903,0,8.75389e-12,9.81124e-13
basic,508,1,0,4,1e-12,0.0110178,0,8.6402e-12,9.74839e-13
basic,509,1,0,4,1e-12,0.0109192,0,1.03455e-11,8.12364e-13
basic,510,1,0,4,1e-12,0.0117843,0,8.6402e-12,9.29024e-13
basic,511,1,0,4,1e-12,0.0136084,0,8.86757e-12,9.43058e-13
basic,512,1,0,4,1e-12,0.0127711,0,8.75389e-12,8.33465e-13
basic,513,1,0,4,1e-12,0.0118731,0,9.09495e-12,9.44025e-13
basic,514,1,0,4,1e-12,0.012118,0,7.04858e-12,8.18368e-13
basic,515,1,0,4,1e-12,0.0118228,0,1.23919e-11,8.81649e-13
basic,516,1,0,4,1e-12,0.0112697,0,7.7307e-12,8.85504e-13
basic,517,1,0,4,1e-12,0.0113865,0,1.17097e-11,8.15935e-13
basic,518,1,0,4,1e-12,0.0114048,0,8.52651e-12,8.96549e-13
basic,519,1,0,4,1e-12,0.0113699,0,1.01181e-11,8.47076e-13
basic,520,1,0,4,1e-12,0.0115391,0,7.7307e-12,8.68662e-13
basic,521,1,0,4,1e-12,0.0115964,0,6.48015e-12,8.20278e-13
basic,522,1,0,4,1e-12,0.0115893,0,9.54969e-12,9.58538e-13
basic,523,1,0,4,1e-12,0.011702,0,8.29914e-12,9.26345e-13
basic,524,1,0,4,1e-12,0.0116977,0,6.59384e-12,8.52645e-13
basic,525,1,0,4,1e-12,0.0117253,0,1.28466e-11,9.8733e-13
basic,526,1,0,4,1e-12,0.0118527,0,1.3074e-11,9.94024e-13
basic,527,1,0,4,1e-12,0.0117929,0,8.52651e-12,9.09751e-13
basic,528,1,0,4,1e-12,0.0117768,0,7.7307e-12,9.06537e-13
basic,529,1,0,4,1e-12,0.0120375,0,5.79803e-12,8.5797e-13
basic,530,1,0,4,1e-12,0.012001,0,7.84439e-12,9.1727e-13
basic,531,1,0,4,1e-12,0.0119771,0,9.43601e-12,7.76556e-13
basic,532,1,0,4,1e-12,0.0120775,0,9.32232e-12,9.49029e-13
basic,533,1,0,4,1e-12,0.0120396,0,8.6402e-12,9.05229e-13
basic,534,1,0,4,1e-12,0.0120572,0,1.00044e-11,9.32009e-13
basic,535,1,0,4,1e-12,0.0121101,0,8.18545e-12,9.27175e-13
basic,536,1,0,4,1e-12,0.0122818,0,7.50333e-12,1.01468e-12
basic,537,1,0,4,1e-12,0.0122853,0,9.43601e-12,8.16525e-13
basic,538,1,0,4,1e-12,0.0118182,0,7.16227e-12,9.17607e-13
basic,539,1,0,4,1e-12,0.0134385,0,6.9349e-12,9.34215e-13
basic,540,1,0,4,1e-12,0.0120127,0,1.08002e-11,9.56423e-13
basic,541,1,0,4,1e-12,0.0118661,0,8.52651e-12,9.37568e-13
basic,542,1,0,4,1e-12,0.0120441,0,1.08002e-11,8.65492e-13
basic,543,1,0,4,1e-12,0.0121167,0,8.29914e-12,9.17909e-13
basic,544,1,0,4,1e-12,0.0121542,0,8.29914e-12,8.5301e-13
basic,545,1,0,4,1e-12,0.0122172,0,1.33014e-11,9.27796e-13
basic,546,1,0,4,1e-12,0.0121932,0,7.7307e-12,8.94594e-13
basic,547,1,0,4,1e-12,0.01209,0,8.41283e-12,8.62903e-13
basic,548,1,0,4,1e-12,0.0123242,0,1.3074e-11,8.87397e-13
basic,549,1,0,4,1e-12,0.0124066,0,8.18545e-12,8.58511e-13
basic,550,1,0,4,1e-12,0.0123674,0,8.07177e-12,9.1421e-13
basic,551,1,0,4,1e-12,0.0124194,0,8.75389e-12,8.47567e-13
basic,552,1,0,4,1e-12,0.0123953,0,1.27329e-11,9.12809e-13
basic,553,1,0,4,1e-12,0.0124011,0,6.13909e-12,9.00231e-13
basic,554,1,0,4,1e-12,0.0126706,0,7.50333e-12,9.21112e-13
basic,555,1,0,4,1e-12,0.0125578,0,8.29914e-12,8.58092e-13
basic,556,1,0,4,1e-12,0.0126777,0,9.77707e-12,9.246e-13
basic,557,1,0,4,1e-12,0.012686,0,6.13909e-12,9.40171e-13
basic,558,1,0,4,1e-12,0.0127004,0,8.07177e-12,9.57049e-13
basic,559,1,0,4,1e-12,0.0127198,0,6.82121e-12,9.07505e-13
basic,560,1,0,4,1e-12,0.0129072,0,7.61702e-12,9.2558e-13
basic,561,1,0,4,1e-12,0.0130232,0,9.09495e-12,8.83511e-13
basic,562,1,0,4,1e-12,0.0127882,0,9.77707e-12,9.88713e-13
basic,563,1,0,4,1e-12,0.0129779,0,7.84439e-12,8.28975e-13
basic,564,1,0,4,1e-12,0.0129486,0,8.18545e-12,8.61719e-13
basic,565,1,0,4,1e-12,0.0130692,0,8.41283e-12,9.24259e-13
basic,566,1,0,4,1e-12,0.0128725,0,8.41283e-12,9.74118e-13
basic,567,1,0,4,1e-12,0.0130136,0,1.1255e-11,9.14297e-13
basic,568,1,0,4,1e-12,0.013182,0,9.77707e-12,9.19743e-13
basic,569,1,0,4,1e-12,0.0131544,0,1.10276e-11,9.08056e-13
basic,570,1,0,4,1e-12,0.0131107,0,1.05729e-11,9.92067e-13
basic,571,1,0,4,1e-12,0.0132255,0,1.09139e-11,9.35235e-13
basic,572,1,0,4,1e-12,0.0133808,0,8.52651e-12,9.28224e-13
basic,573,1,0,4,1e-12,0.0133656,0,1.00044e-11,9.72498e-13
basic,574,1,0,4,1e-12,0.0134193,0,5.91172e-12,8.85963e-13
basic,575,1,0,4,1e-12,0.0134915,0,8.29914e-12,8.8656e-13
basic,576,1,0,4,1e-12,0.0134493,0,7.38964e-12,8.26953e-13
basic,577,1,0,4,1e-12,0.014113,0,8.75389e-12,8.919e-13
basic,578,1,0,4,1e-12,0.0141826,0,8.29914e-12,9.28448e-13
basic,579,1,0,4,1e-12,0.0143259,0,1.26192e-11,9.38097e-13
basic,580,1,0,4,1e-12,0.014187,0,1.05729e-11,9.69866e-13
basic,581,1,0,4,1e-12,0.0142421,0,9.77707e-12,9.21357e-13
basic,582,1,0,4,1e-12,0.0143443,0,7.38964e-12,9.30054e-13
basic,583,1,0,4,1e-12,0.0143977,0,8.98126e-12,9.91262e-13
basic,584,1,0,4,1e-12,0.0144862,0,9.54969e-12,9.2203e-13
basic,585,1,0,4,1e-12,0.0146143,0,8.18545e-12,9.06853e-13
basic,586,1,0,4,1e-12,0.0147455,0,8.98126e-12,9.28104e-13
basic,587,1,0,4,1e-12,0.0146756,0,8.41283e-12,8.64553e-13
basic,588,1,0,4,1e-12,0.0145351,0,9.66338e-12,9.45046e-13
basic,589,1,0,4,1e-12,0.0147782,0,6.9349e-12,9.25217e-13
basic,590,1,0,4,1e-12,0.0148823,0,1.01181e-11,1.00898e-12
basic,591,1,0,4,1e-12,0.014778,0,7.27596e-12,9.58544e-13
basic,592,1,0,4,1e-12,0.0148614,0,7.27596e-12,8.8074e-13
basic,593,1,0,4,1e-12,0.0149665,0,6.9349e-12,7.95388e-13
basic,594,1,0,4,1e-12,0.0149952,0,9.54969e-12,8.86827e-13
basic,595,1,0,4,1e-12,0.0151542,0,8.6402e-12,9.36839e-13
basic,596,1,0,4,1e-12,0.0150291,0,6.9349e-12,8.54363e-13
basic,597,1,0,4,1e-12,0.0151286,0,1.01181e-11,8.64555e-13
basic,598,1,0,4,1e-12,0.0152514,0,7.61702e-12,9.54533e-13
basic,599,1,0,4,1e-12,0.0151729,0,8.52651e-12,9.71172e-13
basic,600,1,0,4,1e-12,0.0151736,0,9.66338e-12,9.23529e-13
basic,601,1,0,4,1e-12,0.0152051,0,9.32232e-12,9.31255e-13
basic,602,1,0,4,1e-12,0.0154857,0,7.04858e-12,8.28743e-13
basic,603,1,0,4,1e-12,0.015435,0,1.17097e-11,9.98002e-13
basic,604,1,0,4,1e-12,0.0155481,0,7.61702e-12,9.07034e-13
basic,605,1,0,4,1e-12,0.0156165,0,1.35287e-11,9.07922e-13
basic,606,1,0,4,1e-12,0.0156433,0,1.22782e-11,1.07522e-12
basic,607,1,0,4,1e-12,0.0156702,0,7.27596e-12,8.85112e-13
basic,608,1,0,4,1e-12,0.0156996,0,1.06866e-11,9.93892e-13
basic,609,1,0,4,1e-12,0.0157072,0,1.13687e-11,9.05643e-13
basic,610,1,0,4,1e-12,0.0158386,0,7.50333e-12,9.05358e-13
basic,611,1,0,4,1e-12,0.0158627,0,7.84439e-12,8.81938e-13
basic,612,1,0,4,1e-12,0.0159929,0,1.21645e-11,1.06883e-12
basic,613,1,0,4,1e-12,0.0159124,0,1.01181e-11,9.34864e-13
basic,614,1,0,4,1e-12,0.0161164,0,9.89075e-12,8.67879e-13
basic,615,1,0,4,1e-12,0.0161662,0,7.50333e-12,9.3578e-13
basic,616,1,0,4,1e-12,0.0160338,0,1.04592e-11,8.9872e-13
basic,617,1,0,4,1e-12,0.0164287,0,8.75389e-12,9.24204e-13
basic,618,1,0,4,1e-12,0.0162997,0,9.20863e-12,9.15245e-13
basic,619,1,0,4,1e-12,0.0163345,0,1.29603e-11,8.93718e-13
basic,620,1,0,4,1e-12,0.0162876,0,1.26192e-11,1.00513e-12
basic,621,1,0,4,1e-12,0.0163256,0,8.52651e-12,1.05286e-12
basic,622,1,0,4,1e-12,0.0165111,0,8.07177e-12,8.65529e-13
basic,623,1,0,4,1e-12,0.0166079,0,8.41283e-12,9.86467e-13
basic,624,1,0,4,1e-12,0.0165739,0,1.17097e-11,1.04046e-12
basic,625,1,0,4,1e-12,0.0165102,0,1.14824e-11,9.48164e-13
basic,626,1,0,4,1e-12,0.0168364,0,1.13687e-11,1.03833e-12
basic,627,1,0,4,1e-12,0.0166791,0,9.09495e-12,9.00257e-13
basic,628,1,0,4,1e-12,0.0168225,0,8.18545e-12,9.46436e-13
basic,629,1,0,4,1e-12,0.0168812,0,8.18545e-12,9.3937e-13
basic,630,1,0,4,1e-12,0.0169602,0,9.54969e-12,8.90926e-13
basic,631,1,0,4,1e-12,0.0169921,0,1.1255e-11,9.43473e-13
basic,632,1,0,4,1e-12,0.0170351,0,1.1255e-11,8.76e-13
basic,633,1,0,4,1e-12,0.0170244,0,9.54969e-12,9.11324e-13
basic,634,1,0,4,1e-12,0.0171846,0,9.43601e-12,9.28308e-13
basic,635,1,0,4,1e-12,0.0172556,0,1.13687e-11,8.71791e-13
basic,636,1,0,4,1e-12,0.0172508,0,9.66338e-12,9.9425e-13
basic,637,1,0,4,1e-12,0.0173214,0,1.03455e-11,9.37606e-13
basic,638,1,0,4,1e-12,0.0174814,0,8.29914e-12,9.65764e-13
basic,639,1,0,4,1e-12,0.0174734,0,1.13687e-11,9.1999e-13
basic,640,1,0,4,1e-12,0.0174529,0,1.01181e-11,9.28531e-13
basic,641,1,0,4,1e-12,0.0175855,0,1.00044e-11,9.24443e-13
basic,642,1,0,4,1e-12,0.0175227,0,8.98126e-12,9.39205e-13
basic,643,1,0,4,1e-12,0.0175524,0,9.20863e-12,9.52928e-13
basic,644,1,0,4,1e-12,0.0176387,0,1.00044e-11,9.30177e-13
basic,645,1,0,4,1e-12,0.0177096,0,8.41283e-12,8.83633e-13
basic,646,1,0,4,1e-12,0.0178954,0,1.04592e-11,1.01796e-12
basic,647,1,0,4,1e-12,0.0178534,0,1.28466e-11,1.00238e-12
basic,648,1,0,4,1e-12,0.0173382,0,1.09139e-11,9.80412e-13
basic,649,1,0,4,1e-12,0.0175257,0,8.18545e-12,9.97635e-13
basic,650,1,0,4,1e-12,0.0173874,0,1.1255e-11,9.75192e-13
basic,651,1,0,4,1e-12,0.0175826,0,1.00044e-11,9.30676e-13
basic,652,1,0,4,1e-12,0.0175348,0,9.89075e-12,9.58515e-13
basic,653,1,0,4,1e-12,0.0176264,0,8.29914e-12,9.72951e-13
basic,654,1,0,4,1e-12,0.0175111,0,9.43601e-12,9.63318e-13
basic,655,1,0,4,1e-12,0.0177506,0,9.09495e-12,9.10081e-13
basic,656,1,0,4,1e-12,0.0178605,0,9.09495e-12,9.3732e-13
basic,657,1,0,4,1e-12,0.0177495,0,1.11413e-11,1.05415e-12
basic,658,1,0,4,1e-12,0.0177786,0,1.42109e-11,9.40609e-13
basic,659,1,0,4,1e-12,0.0179511,0,1.11413e-11,9.11876e-13
basic,660,1,0,4,1e-12,0.0178583,0,1.00044e-11,9.71e-13
basic,661,1,0,4,1e-12,0.0180017,0,1.05729e-11,9.20163e-13
basic,662,1,0,4,1e-12,0.0181841,0,9.77707e-12,9.30222e-13
basic,663,1,0,4,1e-12,0.0179708,0,7.7307e-12,9.56297e-13
basic,664,1,0,4,1e-12,0.0181663,0,1.1255e-11,9.3547e-13
basic,665,1,0,4,1e-12,0.0181923,0,9.43601e-12,9.36535e-13
basic,666,1,0,4,1e-12,0.0182251,0,1.20508e-11,9.36696e-13
basic,667,1,0,4,1e-12,0.0183853,0,8.29914e-12,9.54035e-13
basic,668,1,0,4,1e-12,0.0184979,0,1.3074e-11,9.29276e-13
basic,669,1,0,4,1e-12,0.0184741,0,8.07177e-12,1.01032e-12
basic,670,1,0,4,1e-12,0.0185442,0,1.3074e-11,1.03728e-12
basic,671,1,0,4,1e-12,0.01865,0,9.77707e-12,9.18317e-13
basic,672,1,0,4,1e-12,0.0187426,0,8.6402e-12,9.36002e-13
basic,673,1,0,4,1e-12,0.0187038,0,1.29603e-11,9.74747e-13
basic,674,1,0,4,1e-12,0.0187404,0,6.82121e-12,9.27444e-13
basic,675,1,0,4,1e-12,0.0188597,0,5.79803e-12,9.45844e-13
basic,676,1,0,4,1e-12,0.0188157,0,7.95808e-12,9.27689e-13
basic,677,1,0,4,1e-12,0.0189332,0,7.95808e-12,9.56807e-13
basic,678,1,0,4,1e-12,0.0187946,0,9.66338e-12,9.53495e-13
basic,679,1,0,4,1e-12,0.0189751,0,9.77707e-12,9.64919e-13
basic,680,1,0,4,1e-12,0.0190057,0,1.19371e-11,9.71909e-13
basic,681,1,0,4,1e-12,0.0190766,0,8.98126e-12,1.02188e-12
basic,682,1,0,4,1e-12,0.0193678,0,1.09139e-11,8.94539e-13
basic,683,1,0,4,1e-12,0.0192999,0,6.48015e-12,8.79238e-13
basic,684,1,0,4,1e-12,0.019362,0,1.19371e-11,9.8682e-13
basic,685,1,0,4,1e-12,0.019317,0,1.50067e-11,9.3637e-13
basic,686,1,0,4,1e-12,0.0193531,0,1.18234e-11,9.41739e-13
basic,687,1,0,4,1e-12,0.0194593,0,1.05729e-11,9.63603e-13
basic,688,1,0,4,1e-12,0.0195217,0,1.00044e-11,9.31394e-13
basic,689,1,0,4,1e-12,0.0195659,0,9.77707e-12,1.00225e-12
basic,690,1,0,4,1e-12,0.0194686,0,1.15961e-11,1.02792e-12
basic,691,1,0,4,1e-12,0.0197201,0,9.20863e-12,9.8886e-13
basic,692,1,0,4,1e-12,0.0197083,0,7.38964e-12,8.8329e-13
basic,693,1,0,4,1e-12,0.0198399,0,1.11413e-11,9.0174e-13
basic,694,1,0,4,1e-12,0.0199059,0,1.42109e-11,1.02103e-12
basic,695,1,0,4,1e-12,0.0196968,0,1.13687e-11,1.01053e-12
basic,696,1,0,4,1e-12,0.0199744,0,9.89075e-12,9.74477e-13
basic,697,1,0,4,1e-12,0.0201107,0,1.09139e-11,1.0372e-12
basic,698,1,0,4,1e-12,0.0200578,0,8.18545e-12,9.93701e-13
basic,699,1,0,4,1e-12,0.0201247,0,7.95808e-12,9.78563e-13
basic,700,1,0,4,1e-12,0.0201623,0,1.04592e-11,9.50279e-13
basic,701,1,0,4,1e-12,0.0202671,0,1.25056e-11,9.95964e-13
basic,702,1,0,4,1e-12,0.0202577,0,1.29603e-11,9.37874e-13
basic,703,1,0,4,1e-12,0.0203633,0,1.3074e-11,9.63301e-13
basic,704,1,0,4,1e-12,0.0204603,0,9.89075e-12,9.76129e-13
basic,705,1,0,4,1e-12,0.020523,0,1.02318e-11,9.5367e-13
basic,706,1,0,4,1e-12,0.020632,0,8.41283e-12,9.91577e-13
basic,707,1,0,4,1e-12,0.0207108,0,1.04592e-11,1.01482e-12
basic,708,1,0,4,1e-12,0.0208362,0,1.09139e-11,9.41573e-13
basic,709,1,0,4,1e-12,0.0206875,0,1.02318e-11,9.888e-13
basic,710,1,0,4,1e-12,0.0209772,0,1.14824e-11,9.26724e-13
basic,711,1,0,4,1e-12,0.0207924,0,1.1255e-11,9.23187e-13
basic,712,1,0,4,1e-12,0.0209626,0,1.33014e-11,9.56185e-13
basic,713,1,0,4,1e-12,0.0208879,0,9.20863e-12,9.84249e-13
basic,714,1,0,4,1e-12,0.0210795,0,9.77707e-12,9.50701e-13
basic,715,1,0,4,1e-12,0.0213088,0,9.43601e-12,1.00096e-12
basic,716,1,0,4,1e-12,0.0213292,0,1.29603e-11,9.93471e-13
basic,717,1,0,4,1e-12,0.0214858,0,9.89075e-12,9.97255e-13
basic,718,1,0,4,1e-12,0.0215673,0,1.01181e-11,9.87081e-13
basic,719,1,0,4,1e-12,0.0214445,0,1.15961e-11,1.00647e-12
basic,720,1,0,4,1e-12,0.0216144,0,1.20508e-11,9.68749e-13
basic,721,1,0,4,1e-12,0.0214995,0,1.06866e-11,1.00629e-12
basic,722,1,0,4,1e-12,0.0214773,0,7.50333e-12,9.70835e-13
basic,723,1,0,4,1e-12,0.0215709,0,1.21645e-11,1.03409e-12
basic,724,1,0,4,1e-12,0.0219139,0,1.13687e-11,1.01018e-12
basic,725,1,0,4,1e-12,0.0217836,0,8.75389e-12,9.57201e-13
basic,726,1,0,4,1e-12,0.021928,0,7.84439e-12,9.93244e-13
basic,727,1,0,4,1e-12,0.0218861,0,1.03455e-11,9.41321e-13
basic,728,1,0,4,1e-12,0.0220512,0,8.98126e-12,9.55691e-13
basic,729,1,0,4,1e-12,0.0219584,0,9.54969e-12,9.57485e-13
basic,730,1,0,4,1e-12,0.0218645,0,1.01181e-11,1.03685e-12
basic,731,1,0,4,1e-12,0.0220626,0,8.6402e-12,9.92265e-13
basic,732,1,0,4,1e-12,0.0219042,0,7.84439e-12,9.79733e-13
basic,733,1,0,4,1e-12,0.0220408,0,1.00044e-11,1.04462e-12
basic,734,1,0,4,1e-12,0.021941,0,7.04858e-12,9.66518e-13
basic,735,1,0,4,1e-12,0.02256,0,1.08002e-11,9.82047e-13
basic,736,1,0,4,1e-12,0.0226487,0,9.20863e-12,9.07669e-13
basic,737,1,0,4,1e-12,0.0221291,0,7.50333e-12,9.45234e-13
basic,738,1,0,4,1e-12,0.0222917,0,9.54969e-12,1.01442e-12
basic,739,1,0,4,1e-12,0.0223926,0,1.18234e-11,9.38594e-13
basic,740,1,0,4,1e-12,0.0225141,0,8.18545e-12,9.35029e-13
basic,741,1,0,4,1e-12,0.0226035,0,1.14824e-11,1.22945e-12
basic,742,1,0,4,1e-12,0.0225875,0,1.36424e-11,9.40142e-13
basic,743,1,0,4,1e-12,0.0220675,0,1.09139e-11,1.02449e-12
basic,744,1,0,4,1e-12,0.0222084,0,1.01181e-11,9.94102e-13
basic,745,1,0,4,1e-12,0.0226778,0,7.7307e-12,9.55579e-13
basic,746,1,0,4,1e-12,0.022246,0,1.13687e-11,9.58789e-13
basic,747,1,0,4,1e-12,0.0224473,0,1.11413e-11,1.01755e-12
basic,748,1,0,4,1e-12,0.0222891,0,9.09495e-12,9.00208e-13
basic,749,1,0,4,1e-12,0.0223523,0,9.32232e-12,9.7252e-13
basic,750,1,0,4,1e-12,0.0224051,0,9.43601e-12,9.55423e-13
basic,751,1,0,4,1e-12,0.0225151,0,1.02318e-11,9.75994e-13
basic,752,1,0,4,1e-12,0.022639,0,9.32232e-12,1.03061e-12
basic,753,1,0,4,1e-12,0.0226822,0,9.54969e-12,9.43386e-13
basic,754,1,0,4,1e-12,0.0226596,0,1.09139e-11,9.90103e-13
basic,755,1,0,4,1e-12,0.0226013,0,1.00044e-11,9.29186e-13
basic,756,1,0,4,1e-12,0.0227533,0,1.03455e-11,9.59276e-13
basic,757,1,0,4,1e-12,0.022485,0,8.98126e-12,9.67239e-13
basic,758,1,0,4,1e-12,0.02297,0,7.27596e-12,9.22204e-13
basic,759,1,0,4,1e-12,0.0229274,0,8.75389e-12,9.50461e-13
basic,760,1,0,4,1e-12,0.0228027,0,8.75389e-12,9.40459e-13
basic,761,1,0,4,1e-12,0.0228209,0,1.25056e-11,1.02943e-12
basic,762,1,0,4,1e-12,0.0232147,0,1.01181e-11,9.56507e-13
basic,763,1,0,4,1e-12,0.023129,0,7.7307e-12,9.46788e-13
basic,764,1,0,4,1e-12,0.0232359,0,1.02318e-11,9.18049e-13
basic,765,1,0,4,1e-12,0.0233275,0,8.29914e-12,9.08018e-13
basic,766,1,0,4,1e-12,0.0233335,0,1.21645e-11,1.06116e-12
basic,767,1,0,4,1e-12,0.0241335,0,1.22782e-11,9.70541e-13
basic,768,1,0,4,1e-12,0.0245871,0,1.08002e-11,9.96394e-13
basic,769,1,0,4,1e-12,0.0239188,0,9.43601e-12,9.90832e-13
basic,770,1,0,4,1e-12,0.0236412,0,9.20863e-12,8.95359e-13
basic,771,1,0,4,1e-12,0.0243748,0,1.05729e-11,9.90459e-13
basic,772,1,0,4,1e-12,0.0242933,0,1.89857e-11,9.7131e-13
basic,773,1,0,4,1e-12,0.0246403,0,9.09495e-12,1.0281e-12
basic,774,1,0,4,1e-12,0.024486,0,1.22782e-11,1.05237e-12
basic,775,1,0,4,1e-12,0.0244182,0,1.38698e-11,9.4969e-13
basic,776,1,0,4,1e-12,0.0246222,0,9.77707e-12,9.68825e-13
basic,777,1,0,4,1e-12,0.0245567,0,1.26192e-11,9.49377e-13
basic,778,1,0,4,1e-12,0.0247822,0,8.41283e-12,1.03625e-12
basic,779,1,0,4,1e-12,0.0249714,0,9.32232e-12,1.12244e-12
basic,780,1,0,4,1e-12,0.0248789,0,1.03455e-11,9.40513e-13
basic,781,1,0,4,1e-12,0.0252795,0,1.23919e-11,9.73936e-13
basic,782,1,0,4,1e-12,0.0250055,0,1.04592e-11,9.78209e-13
basic,783,1,0,4,1e-12,0.0250666,0,7.7307e-12,1.03181e-12
basic,784,1,0,4,1e-12,0.0249453,0,1.4893e-11,1.01193e-12
basic,785,1,0,4,1e-12,0.0251116,0,1.02318e-11,1.00635e-12
basic,786,1,0,4,1e-12,0.0253332,0,1.10276e-11,1.06558e-12
basic,787,1,0,4,1e-12,0.0253184,0,1.1255e-11,1.01066e-12
basic,788,1,0,4,1e-12,0.0251479,0,1.13687e-11,9.53735e-13
basic,789,1,0,4,1e-12,0.0254738,0,9.66338e-12,1.0035e-12
basic,790,1,0,4,1e-12,0.0253756,0,8.29914e-12,9.22515e-13
basic,791,1,0,4,1e-12,0.0254224,0,8.86757e-12,9.18075e-13
basic,792,1,0,4,1e-12,0.0257658,0,1.26192e-11,1.02586e-12
basic,793,1,0,4,1e-12,0.0259626,0,1.29603e-11,1.08534e-12
basic,794,1,0,4,1e-12,0.0258956,0,1.20508e-11,1.06837e-12
basic,795,1,0,4,1e-12,0.0260242,0,1.47793e-11,1.10619e-12
basic,796,1,0,4,1e-12,0.0260233,0,9.77707e-12,9.99355e-13
basic,797,1,0,4,1e-12,0.0260316,0,1.15961e-11,1.02373e-12
basic,798,1,0,4,1e-12,0.0259541,0,8.86757e-12,9.67057e-13
basic,799,1,0,4,1e-12,0.0261708,0,8.6402e-12,9.71652e-13
basic,800,1,0,4,1e-12,0.0263468,0,8.18545e-12,1.00433e-12
basic,801,1,0,4,1e-12,0.0262936,0,7.7307e-12,9.0292e-13
basic,802,1,0,4,1e-12,0.0262542,0,1.3074e-11,1.04829e-12
basic,803,1,0,4,1e-12,0.0263986,0,1.04592e-11,1.02586e-12
basic,804,1,0,4,1e-12,0.0265108,0,1.00044e-11,1.01328e-12
basic,805,1,0,4,1e-12,0.026873,0,1.06866e-11,1.06124e-12
basic,806,1,0,4,1e-12,0.0266155,0,8.75389e-12,1.05499e-12
basic,807,1,0,4,1e-12,0.026457,0,1.04592e-11,1.06369e-12
basic,808,1,0,4,1e-12,0.0267158,0,1.27329e-11,1.03499e-12
basic,809,1,0,4,1e-12,0.0267972,0,1.08002e-11,9.80369e-13
basic,810,1,0,4,1e-12,0.0268283,0,1.08002e-11,1.00109e-12
basic,811,1,0,4,1e-12,0.027114,0,1.04592e-11,1.00804e-12
basic,812,1,0,4,1e-12,0.0271164,0,1.55751e-11,1.00544e-12
basic,813,1,0,4,1e-12,0.0274099,0,1.65983e-11,1.07555e-12
basic,814,1,0,4,1e-12,0.0270034,0,9.09495e-12,9.64752e-13
basic,815,1,0,4,1e-12,0.0271306,0,9.43601e-12,9.66923e-13
basic,816,1,0,4,1e-12,0.0272999,0,1.11413e-11,1.01395e-12
basic,817,1,0,4,1e-12,0.0277361,0,1.20508e-11,1.0481e-12
basic,818,1,0,4,1e-12,0.027634,0,1.13687e-11,9.92788e-13
basic,819,1,0,4,1e-12,0.0274099,0,1.59162e-11,1.03351e-12
basic,820,1,0,4,1e-12,0.0278924,0,1.1255e-11,9.62197e-13
basic,821,1,0,4,1e-12,0.028145,0,1.28466e-11,1.08018e-12
basic,822,1,0,4,1e-12,0.0277493,0,1.1255e-11,1.04084e-12
basic,823,1,0,4,1e-12,0.0281648,0,1.05729e-11,9.3329e-13
basic,824,1,0,4,1e-12,0.0278229,0,1.51203e-11,1.00244e-12
basic,825,1,0,4,1e-12,0.0282206,0,1.53477e-11,1.04491e-12
basic,826,1,0,4,1e-12,0.0278163,0,1.80762e-11,1.07496e-12
basic,827,1,0,4,1e-12,0.0278435,0,1.00044e-11,9.96808e-13
basic,828,1,0,4,1e-12,0.0279343,0,1.33014e-11,1.05329e-12
basic,829,1,0,4,1e-12,0.0279216,0,9.43601e-12,1.02425e-12
basic,830,1,0,4,1e-12,0.0279266,0,1.1255e-11,1.01529e-12
basic,831,1,0,4,1e-12,0.0281567,0,1.05729e-11,1.01359e-12
basic,832,1,0,4,1e-12,0.0280189,0,1.37561e-11,1.01136e-12
basic,833,1,0,4,1e-12,0.0281488,0,9.43601e-12,9.62434e-13
basic,834,1,0,4,1e-12,0.0280041,0,1.14824e-11,1.05303e-12
basic,835,1,0,4,1e-12,0.0283424,0,9.89075e-12,1.00417e-12
basic,836,1,0,4,1e-12,0.0282138,0,9.43601e-12,1.00493e-12
basic,837,1,0,4,1e-12,0.0281568,0,1.03455e-11,9.72728e-13
basic,838,1,0,4,1e-12,0.0283866,0,1.20508e-11,1.04375e-12
basic,839,1,0,4,1e-12,0.0284864,0,1.51203e-11,1.01617e-12
basic,840,1,0,4,1e-12,0.0285656,0,8.41283e-12,1.08552e-12
basic,841,1,0,4,1e-12,0.0285625,0,1.28466e-11,1.04539e-12
basic,842,1,0,4,1e-12,0.0285012,0,1.26192e-11,1.09794e-12
basic,843,1,0,4,1e-12,0.0287248,0,1.09139e-11,1.00332e-12
basic,844,1,0,4,1e-12,0.0287146,0,1.29603e-11,1.06583e-12
basic,845,1,0,4,1e-12,0.0288054,0,1.36424e-11,1.06883e-12
basic,846,1,0,4,1e-12,0.029073,0,1.18234e-11,9.47059e-13
basic,847,1,0,4,1e-12,0.0290084,0,1.44382e-11,1.07054e-12
basic,848,1,0,4,1e-12,0.0289862,0,1.22782e-11,1.01594e-12
basic,849,1,0,4,1e-12,0.0292152,0,1.38698e-11,1.12263e-12
basic,850,1,0,4,1e-12,0.0291731,0,1.22782e-11,1.14643e-12
basic,851,1,0,4,1e-12,0.0293266,0,1.15961e-11,1.01672e-12
basic,852,1,0,4,1e-12,0.0292649,0,1.14824e-11,9.88338e-13
basic,853,1,0,4,1e-12,0.0295275,0,8.52651e-12,1.01666e-12
basic,854,1,0,4,1e-12,0.0294845,0,8.29914e-12,9.64717e-13
basic,855,1,0,4,1e-12,0.0295734,0,1.27329e-11,1.08352e-12
basic,856,1,0,4,1e-12,0.0295709,0,1.11413e-11,1.03545e-12
basic,857,1,0,4,1e-12,0.0295968,0,1.25056e-11,1.03672e-12
basic,858,1,0,4,1e-12,0.0295723,0,1.04592e-11,1.01805e-12
basic,859,1,0,4,1e-12,0.0297694,0,1.22782e-11,1.05086e-12
basic,860,1,0,4,1e-12,0.030109,0,8.86757e-12,1.06246e-12
basic,861,1,0,4,1e-12,0.0299966,0,1.58025e-11,1.02203e-12
basic,862,1,0,4,1e-12,0.0302175,0,9.89075e-12,9.71496e-13
basic,863,1,0,4,1e-12,0.0302316,0,8.07177e-12,1.09014e-12
basic,864,1,0,4,1e-12,0.03012,0,1.18234e-11,1.11444e-12
basic,865,1,0,4,1e-12,0.0301114,0,1.26192e-11,1.03965e-12
basic,866,1,0,4,1e-12,0.0304908,0,1.1255e-11,1.03137e-12
basic,867,1,0,4,1e-12,0.0303462,0,1.28466e-11,1.13746e-12
basic,868,1,0,4,1e-12,0.0305801,0,1.20508e-11,1.05466e-12
basic,869,1,0,4,1e-12,0.030723,0,1.02318e-11,9.91993e-13
basic,870,1,0,4,1e-12,0.0306475,0,1.29603e-11,1.06426e-12
basic,871,1,0,4,1e-12,0.0307813,0,1.33014e-11,1.04774e-12
basic,872,1,0,4,1e-12,0.0309622,0,1.39835e-11,1.0699e-12
basic,873,1,0,4,1e-12,0.0306251,0,1.15961e-11,1.00762e-12
basic,874,1,0,4,1e-12,0.0307673,0,1.28466e-11,1.00379e-12
basic,875,1,0,4,1e-12,0.0308726,0,1.26192e-11,1.08854e-12
basic,876,1,0,4,1e-12,0.0306376,0,1.08002e-11,1.10978e-12
basic,877,1,0,4,1e-12,0.0311607,0,1.43245e-11,1.03312e-12
basic,878,1,0,4,1e-12,0.0312862,0,1.01181e-11,1.08913e-12
basic,879,1,0,4,1e-12,0.0313279,0,1.04592e-11,1.01453e-12
basic,880,1,0,4,1e-12,0.0315313,0,9.20863e-12,1.04936e-12
basic,881,1,0,4,1e-12,0.0315824,0,1.10276e-11,1.03209e-12
basic,882,1,0,4,1e-12,0.0318603,0,1.25056e-11,1.1018e-12
basic,883,1,0,4,1e-12,0.0311624,0,1.73941e-11,1.02815e-12
basic,884,1,0,4,1e-12,0.0316595,0,1.1255e-11,9.80898e-13
basic,885,1,0,4,1e-12,0.0312727,0,1.08002e-11,9.99048e-13
basic,886,1,0,4,1e-12,0.0313564,0,9.89075e-12,1.09068e-12
basic,887,1,0,4,1e-12,0.0314944,0,1.05729e-11,1.025e-12
basic,888,1,0,4,1e-12,0.0313763,0,1.55751e-11,1.03551e-12
basic,889,1,0,4,1e-12,0.0314715,0,1.46656e-11,1.05424e-12
basic,890,1,0,4,1e-12,0.0316118,0,1.8531e-11,1.08567e-12
basic,891,1,0,4,1e-12,0.0318511,0,9.89075e-12,1.01743e-12
basic,892,1,0,4,1e-12,0.0321185,0,1.75078e-11,1.06858e-12
basic,893,1,0,4,1e-12,0.0320144,0,8.52651e-12,1.02522e-12
basic,894,1,0,4,1e-12,0.032277,0,1.44382e-11,1.0409e-12
basic,895,1,0,4,1e-12,0.0326516,0,1.53477e-11,1.02426e-12
basic,896,1,0,4,1e-12,0.0324354,0,1.18234e-11,1.07309e-12
basic,897,1,0,4,1e-12,0.0323535,0,1.09139e-11,1.05398e-12
basic,898,1,0,4,1e-12,0.032594,0,1.06866e-11,1.11109e-12
basic,899,1,0,4,1e-12,0.0324596,0,1.64846e-11,1.03822e-12
basic,900,1,0,4,1e-12,0.0323883,0,1.36424e-11,1.01393e-12
basic,901,1,0,4,1e-12,0.0324004,0,7.84439e-12,9.89156e-13
basic,902,1,0,4,1e-12,0.031868,0,1.3415e-11,1.07311e-12
basic,903,1,0,4,1e-12,0.0320531,0,9.77707e-12,1.06704e-12
basic,904,1,0,4,1e-12,0.0323059,0,8.29914e-12,1.07761e-12
basic,905,1,0,4,1e-12,0.0322244,0,1.47793e-11,1.08668e-12
basic,906,1,0,4,1e-12,0.0323061,0,8.41283e-12,1.03343e-12
basic,907,1,0,4,1e-12,0.0323838,0,1.4893e-11,1.14577e-12
basic,908,1,0,4,1e-12,0.0323931,0,1.11413e-11,1.023e-12
basic,909,1,0,4,1e-12,0.0323158,0,9.20863e-12,1.06104e-12
basic,910,1,0,4,1e-12,0.0324938,0,1.3074e-11,1.07208e-12
basic,911,1,0,4,1e-12,0.0325891,0,1.18234e-11,1.06586e-12
basic,912,1,0,4,1e-12,0.0326637,0,1.15961e-11,1.07745e-12
basic,913,1,0,4,1e-12,0.0327841,0,9.09495e-12,1.03294e-12
basic,914,1,0,4,1e-12,0.0328786,0,1.3074e-11,1.04818e-12
basic,915,1,0,4,1e-12,0.032826,0,1.27329e-11,1.08772e-12
basic,916,1,0,4,1e-12,0.0332986,0,1.37561e-11,1.04962e-12
basic,917,1,0,4,1e-12,0.0328195,0,1.20508e-11,1.02352e-12
basic,918,1,0,4,1e-12,0.0330061,0,1.1255e-11,1.01915e-12
basic,919,1,0,4,1e-12,0.0331105,0,1.23919e-11,9.97646e-13
basic,920,1,0,4,1e-12,0.0330446,0,1.27329e-11,9.9396e-13
basic,921,1,0,4,1e-12,0.0332571,0,1.08002e-11,1.15291e-12
basic,922,1,0,4,1e-12,0.0336389,0,1.04592e-11,1.02541e-12
basic,923,1,0,4,1e-12,0.0335205,0,1.18234e-11,1.04995e-12
basic,924,1,0,4,1e-12,0.0334536,0,9.32232e-12,1.0447e-12
basic,925,1,0,4,1e-12,0.033424,0,9.89075e-12,1.03601e-12
basic,926,1,0,4,1e-12,0.0343329,0,1.8872e-11,1.08675e-12
basic,927,1,0,4,1e-12,0.0344409,0,1.03455e-11,1.00936e-12
basic,928,1,0,4,1e-12,0.0346728,0,1.36424e-11,1.05628e-12
basic,929,1,0,4,1e-12,0.0346868,0,1.19371e-11,1.00271e-12
basic,930,1,0,4,1e-12,0.0345975,0,1.45519e-11,1.08437e-12
basic,931,1,0,4,1e-12,0.0349824,0,1.22782e-11,1.03871e-12
basic,932,1,0,4,1e-12,0.0348588,0,1.38698e-11,1.11777e-12
basic,933,1,0,4,1e-12,0.0350432,0,1.14824e-11,1.09341e-12
basic,934,1,0,4,1e-12,0.0353936,0,1.04592e-11,1.03727e-12
basic,935,1,0,4,1e-12,0.0355119,0,1.36424e-11,1.05524e-12
basic,936,1,0,4,1e-12,0.0349899,0,1.40972e-11,1.13701e-12
basic,937,1,0,4,1e-12,0.0351135,0,1.38698e-11,1.05875e-12
basic,938,1,0,4,1e-12,0.0354767,0,1.4893e-11,1.10448e-12
basic,939,1,0,4,1e-12,0.0355922,0,1.21645e-11,1.00846e-12
basic,940,1,0,4,1e-12,0.0355804,0,9.77707e-12,1.08801e-12
basic,941,1,0,4,1e-12,0.0358536,0,1.42109e-11,1.0091e-12
basic,942,1,0,4,1e-12,0.0354433,0,9.89075e-12,9.95063e-13
basic,943,1,0,4,1e-12,0.0357907,0,1.27329e-11,1.06384e-12
basic,944,1,0,4,1e-12,0.0357832,0,1.37561e-11,1.03277e-12
basic,945,1,0,4,1e-12,0.0356191,0,1.11413e-11,1.02986e-12
basic,946,1,0,4,1e-12,0.0356021,0,1.00044e-11,1.04086e-12
basic,947,1,0,4,1e-12,0.0358818,0,1.61435e-11,1.01286e-12
basic,948,1,0,4,1e-12,0.0364702,0,1.39835e-11,1.05335e-12
basic,949,1,0,4,1e-12,0.0360397,0,9.09495e-12,1.0872e-12
basic,950,1,0,4,1e-12,0.036694,0,1.33014e-11,1.04111e-12
basic,951,1,0,4,1e-12,0.0367036,0,1.37561e-11,1.11807e-12
basic,952,1,0,4,1e-12,0.0363057,0,1.29603e-11,1.14451e-12
basic,953,1,0,4,1e-12,0.0364334,0,1.17097e-11,1.12721e-12
basic,954,1,0,4,1e-12,0.0363055,0,1.26192e-11,1.03971e-12
basic,955,1,0,4,1e-12,0.0365593,0,1.35287e-11,1.09201e-12
basic,956,1,0,4,1e-12,0.036697,0,1.46656e-11,1.05834e-12
basic,957,1,0,4,1e-12,0.0364878,0,9.89075e-12,1.09933e-12
basic,958,1,0,4,1e-12,0.0367779,0,1.31877e-11,1.09127e-12
basic,959,1,0,4,1e-12,0.0368063,0,1.42109e-11,1.12747e-12
basic,960,1,0,4,1e-12,0.0371719,0,1.25056e-11,1.05732e-12
basic,961,1,0,4,1e-12,0.0370937,0,1.38698e-11,1.10858e-12
basic,962,1,0,4,1e-12,0.0371565,0,1.44382e-11,1.1241e-12
basic,963,1,0,4,1e-12,0.0367809,0,9.66338e-12,1.08625e-12
basic,964,1,0,4,1e-12,0.0373662,0,1.06866e-11,1.12405e-12
basic,965,1,0,4,1e-12,0.0373666,0,1.05729e-11,1.05318e-12
basic,966,1,0,4,1e-12,0.0375882,0,1.00044e-11,1.02329e-12
basic,967,1,0,4,1e-12,0.0374354,0,1.71667e-11,1.0683e-12
basic,968,1,0,4,1e-12,0.0372309,0,1.35287e-11,1.08005e-12
basic,969,1,0,4,1e-12,0.0377957,0,1.23919e-11,1.12033e-12
basic,970,1,0,4,1e-12,0.0379913,0,1.05729e-11,1.09487e-12
basic,971,1,0,4,1e-12,0.0380276,0,9.77707e-12,1.02699e-12
basic,972,1,0,4,1e-12,0.0373036,0,1.01181e-11,1.05425e-12
basic,973,1,0,4,1e-12,0.0374595,0,8.75389e-12,1.06417e-12
basic,974,1,0,4,1e-12,0.037582,0,1.11413e-11,1.03581e-12
basic,975,1,0,4,1e-12,0.0376272,0,9.20863e-12,1.09229e-12
basic,976,1,0,4,1e-12,0.0374964,0,1.31877e-11,1.09407e-12
basic,977,1,0,4,1e-12,0.0376198,0,1.06866e-11,1.13014e-12
basic,978,1,0,4,1e-12,0.0376861,0,1.39835e-11,1.07809e-12
basic,979,1,0,4,1e-12,0.0375214,0,1.83036e-11,1.1022e-12
basic,980,1,0,4,1e-12,0.0379293,0,1.5234e-11,1.10995e-12
basic,981,1,0,4,1e-12,0.0377228,0,1.14824e-11,1.10376e-12
basic,982,1,0,4,1e-12,0.0381183,0,9.32232e-12,1.06143e-12
basic,983,1,0,4,1e-12,0.0377388,0,1.51203e-11,1.17093e-12
basic,984,1,0,4,1e-12,0.0380086,0,1.3415e-11,1.0241e-12
basic,985,1,0,4,1e-12,0.0380161,0,1.19371e-11,1.09725e-12
basic,986,1,0,4,1e-12,0.0381765,0,9.09495e-12,1.07374e-12
basic,987,1,0,4,1e-12,0.038158,0,1.35287e-11,1.01041e-12
basic,988,1,0,4,1e-12,0.038374,0,1.45519e-11,1.14743e-12
basic,989,1,0,4,1e-12,0.0381378,0,1.40972e-11,1.09261e-12
basic,990,1,0,4,1e-12,0.038433,0,1.08002e-11,1.0705e-12
basic,991,1,0,4,1e-12,0.0385462,0,1.28466e-11,1.07175e-12
basic,992,1,0,4,1e-12,0.0388834,0,8.75389e-12,1.09422e-12
basic,993,1,0,4,1e-12,0.038866,0,1.18234e-11,1.01174e-12
basic,994,1,0,4,1e-12,0.0386654,0,1.14824e-11,1.06169e-12
basic,995,1,0,4,1e-12,0.0391426,0,1.50067e-11,1.10404e-12
basic,996,1,0,4,1e-12,0.039117,0,1.58025e-11,1.04364e-12
basic,997,1,0,4,1e-12,0.0389687,0,8.52651e-12,1.03746e-12
basic,998,1,0,4,1e-12,0.0393125,0,8.07177e-12,1.02776e-12
basic,999,1,0,4,1e-12,0.0390095,0,1.37561e-11,1.10602e-12
basic,1000,1,0,4,1e-12,0.0393418,0,1.18234e-11,1.03573e-12
