version, size, hermitian, complex, seed, tol, runtime in s,min_error, max_error, avg_error
basic,1,1,0,8,1e-12,1.816e-06,0,0,0
basic,2,1,0,8,1e-12,1.816e-06,1.42109e-14,2.27374e-13,1.20792e-13
basic,3,1,0,8,1e-12,1.886e-06,0,5.68434e-14,1.89478e-14
basic,4,1,0,8,1e-12,1.956e-06,0,2.27374e-13,1.20792e-13
basic,5,1,0,8,1e-12,2.864e-06,4.26326e-14,1.02318e-12,2.84217e-13
basic,6,1,0,8,1e-12,3.842e-06,2.84217e-14,5.68434e-13,2.25597e-13
basic,7,1,0,8,1e-12,3.911e-06,3.55271e-15,3.97904e-13,1.46676e-13
basic,8,1,0,8,1e-12,8.032e-06,0,4.54747e-13,1.46994e-13
basic,9,1,0,8,1e-12,4.819e-06,0,3.41061e-13,9.86865e-14
basic,10,1,0,8,1e-12,5.657e-06,0,3.97904e-13,1.6378e-13
basic,11,1,0,8,1e-12,7.124e-06,1.42109e-14,5.11591e-13,1.44046e-13
basic,12,1,0,8,1e-12,8.52e-06,1.42109e-14,1.02318e-12,2.38328e-13
basic,13,1,0,8,1e-12,9.428e-06,0,9.09495e-13,1.63971e-13
basic,14,1,0,8,1e-12,1.0966e-05,3.55271e-15,1.13687e-12,3.59839e-13
basic,15,1,0,8,1e-12,1.2571e-05,0,9.09495e-13,2.27137e-13
basic,16,1,0,8,1e-12,1.2851e-05,0,6.82121e-13,1.77636e-13
basic,17,1,0,8,1e-12,1.4387e-05,2.84217e-14,1.25056e-12,2.815e-13
basic,18,1,0,8,1e-12,1.5575e-05,3.55271e-15,1.02318e-12,2.67638e-13
basic,19,1,0,8,1e-12,1.8928e-05,0,1.02318e-12,2.78421e-13
basic,20,1,0,8,1e-12,1.9905e-05,0,7.95808e-13,1.72307e-13
basic,21,1,0,8,1e-12,2.0533e-05,0,1.59162e-12,2.25344e-13
basic,22,1,0,8,1e-12,2.1162e-05,0,1.36424e-12,2.83087e-13
basic,23,1,0,8,1e-12,2.5352e-05,0,1.13687e-12,2.75258e-13
basic,24,1,0,8,1e-12,2.668e-05,0,1.47793e-12,2.54019e-13
basic,25,1,0,8,1e-12,3.1498e-05,0,1.13687e-12,3.00275e-13
basic,26,1,0,8,1e-12,3.1987e-05,0,7.95808e-13,2.32566e-13
basic,27,1,0,8,1e-12,3.2895e-05,0,7.95808e-13,1.74083e-13
basic,28,1,0,8,1e-12,3.4781e-05,0,1.25056e-12,2.39428e-13
basic,29,1,0,8,1e-12,3.7644e-05,0,1.81899e-12,2.90832e-13
basic,30,1,0,8,1e-12,4.0928e-05,0,2.16005e-12,2.94046e-13
basic,31,1,0,8,1e-12,4.386e-05,0,1.08002e-12,2.50867e-13
basic,32,1,0,8,1e-12,4.8749e-05,7.10543e-15,2.38742e-12,4.56857e-13
basic,33,1,0,8,1e-12,4.8051e-05,0,1.7053e-12,3.78418e-13
basic,34,1,0,8,1e-12,5.1473e-05,0,1.93268e-12,3.39911e-13
basic,35,1,0,8,1e-12,5.7759e-05,0,2.27374e-12,2.83101e-13
basic,36,1,0,8,1e-12,6.0133e-05,0,2.38742e-12,2.4642e-13
basic,37,1,0,8,1e-12,6.0273e-05,0,1.7053e-12,3.37508e-13
basic,38,1,0,8,1e-12,6.2997e-05,7.10543e-15,9.09495e-13,2.70754e-13
basic,39,1,0,8,1e-12,7.0051e-05,0,1.7053e-12,3.40241e-13
basic,40,1,0,8,1e-12,7.5429e-05,0,2.50111e-12,4.51195e-13
basic,41,1,0,8,1e-12,7.5918e-05,0,1.7053e-12,3.32482e-13
basic,42,1,0,8,1e-12,7.927e-05,0,1.7053e-12,4.04586e-13
basic,43,1,0,8,1e-12,8.5556e-05,0,3.29692e-12,4.02696e-13
basic,44,1,0,8,1e-12,8.5975e-05,0,1.93268e-12,3.95078e-13
basic,45,1,0,8,1e-12,9.2959e-05,0,2.84217e-12,3.82746e-13
basic,46,1,0,8,1e-12,9.5404e-05,3.55271e-15,3.18323e-12,4.7143e-13
basic,47,1,0,8,1e-12,9.7289e-05,0,1.59162e-12,3.45974e-13
basic,48,1,0,8,1e-12,0.000108883,0,1.59162e-12,3.80214e-13
basic,49,1,0,8,1e-12,0.000114749,0,2.72848e-12,3.72237e-13
basic,50,1,0,8,1e-12,0.000118311,0,2.38742e-12,5.25588e-13
basic,51,1,0,8,1e-12,0.000124248,0,2.38742e-12,4.61922e-13
basic,52,1,0,8,1e-12,0.000125365,0,1.59162e-12,3.72078e-13
basic,53,1,0,8,1e-12,0.000125784,0,2.04636e-12,3.13007e-13
basic,54,1,0,8,1e-12,0.000130883,0,3.06954e-12,3.36883e-13
basic,55,1,0,8,1e-12,0.000146667,0,2.27374e-12,3.95094e-13
basic,56,1,0,8,1e-12,0.000135563,0,1.81899e-12,3.70878e-13
basic,57,1,0,8,1e-12,0.000149251,0,2.95586e-12,3.9083e-13
basic,58,1,0,8,1e-12,0.000146039,0,2.04636e-12,3.57538e-13
basic,59,1,0,8,1e-12,0.000159518,0,3.06954e-12,4.50924e-13
basic,60,1,0,8,1e-12,0.000152045,0,2.50111e-12,3.91006e-13
basic,61,1,0,8,1e-12,0.000165385,0,2.6148e-12,4.11591e-13
basic,62,1,0,8,1e-12,0.000167201,0,3.18323e-12,4.68299e-13
basic,63,1,0,8,1e-12,0.000174045,0,2.16005e-12,3.97114e-13
basic,64,1,0,8,1e-12,0.00018082,0,2.04636e-12,4.42563e-13
basic,65,1,0,8,1e-12,0.000187035,0,2.84217e-12,4.8429e-13
basic,66,1,0,8,1e-12,0.000192553,0,4.20641e-12,4.20647e-13
basic,67,1,0,8,1e-12,0.000197232,0,1.7053e-12,3.53866e-13
basic,68,1,0,8,1e-12,0.000199328,0,1.93268e-12,4.3283e-13
basic,69,1,0,8,1e-12,0.000215461,0,1.47793e-12,3.18843e-13
basic,70,1,0,8,1e-12,0.000212877,0,2.72848e-12,4.7076e-13
basic,71,1,0,8,1e-12,0.00022496,0,2.72848e-12,4.55523e-13
basic,72,1,0,8,1e-12,0.000225658,0,2.95586e-12,4.88893e-13
basic,73,1,0,8,1e-12,0.00024668,0,2.84217e-12,4.88109e-13
basic,74,1,0,8,1e-12,0.000232572,0,2.6148e-12,3.71475e-13
basic,75,1,0,8,1e-12,0.000240115,0,4.43379e-12,5.35678e-13
basic,76,1,0,8,1e-12,0.000253036,0,2.84217e-12,5.32837e-13
basic,77,1,0,8,1e-12,0.000264001,0,3.52429e-12,4.94335e-13
basic,78,1,0,8,1e-12,0.00026861,0,3.63798e-12,4.77339e-13
basic,79,1,0,8,1e-12,0.000279925,0,2.50111e-12,4.94187e-13
basic,80,1,0,8,1e-12,0.000278319,0,3.29692e-12,5.59108e-13
basic,81,1,0,8,1e-12,0.000285443,0,3.29692e-12,5.7168e-13
basic,82,1,0,8,1e-12,0.000294382,0,4.09273e-12,5.0468e-13
basic,83,1,0,8,1e-12,0.000302833,0,2.27374e-12,4.88648e-13
basic,84,1,0,8,1e-12,0.000306185,0,3.18323e-12,5.74461e-13
basic,85,1,0,8,1e-12,0.000316312,0,2.04636e-12,4.60766e-13
basic,86,1,0,8,1e-12,0.000322458,0,2.50111e-12,4.88953e-13
basic,87,1,0,8,1e-12,0.000328814,0,2.16005e-12,4.11706e-13
basic,88,1,0,8,1e-12,0.000339151,0,3.86535e-12,5.53012e-13
basic,89,1,0,8,1e-12,0.000346623,0,4.20641e-12,6.51983e-13
basic,90,1,0,8,1e-12,0.000353748,0,2.95586e-12,5.27835e-13
basic,91,1,0,8,1e-12,0.000367995,0,2.72848e-12,5.90648e-13
basic,92,1,0,8,1e-12,0.000368973,0,2.84217e-12,4.77492e-13
basic,93,1,0,8,1e-12,0.000384827,0,4.20641e-12,5.78997e-13
basic,94,1,0,8,1e-12,0.000375468,0,2.6148e-12,4.54351e-13
basic,95,1,0,8,1e-12,0.000387342,0,5.22959e-12,5.57982e-13
basic,96,1,0,8,1e-12,0.0004055,0,3.29692e-12,5.6984e-13
basic,97,1,0,8,1e-12,0.000410878,0,3.06954e-12,5.00804e-13
basic,98,1,0,8,1e-12,0.000413811,0,2.84217e-12,5.83479e-13
basic,99,1,0,8,1e-12,0.000431411,0,3.18323e-12,5.74068e-13
basic,100,1,0,8,1e-12,0.000447336,0,2.72848e-12,5.23421e-13
basic,101,1,0,8,1e-12,0.000437627,0,3.41061e-12,5.89856e-13
basic,102,1,0,8,1e-12,0.000453831,0,3.06954e-12,6.80171e-13
basic,103,1,0,8,1e-12,0.000469964,0,3.86535e-12,5.39426e-13
basic,104,1,0,8,1e-12,0.000477367,0,6.25278e-12,5.22573e-13
basic,105,1,0,8,1e-12,0.000510751,0,3.97904e-12,6.04807e-13
basic,106,1,0,8,1e-12,0.000491894,0,3.63798e-12,5.07468e-13
basic,107,1,0,8,1e-12,0.000493221,0,3.52429e-12,5.20771e-13
basic,108,1,0,8,1e-12,0.00049378,0,3.75167e-12,6.11725e-13
basic,109,1,0,8,1e-12,0.000515431,0,4.20641e-12,7.30832e-13
basic,110,1,0,8,1e-12,0.000521506,0,3.97904e-12,5.64898e-13
basic,111,1,0,8,1e-12,0.000530306,0,3.18323e-12,5.31611e-13
basic,112,1,0,8,1e-12,0.000542669,0,3.18323e-12,4.87309e-13
basic,113,1,0,8,1e-12,0.000560479,0,4.09273e-12,6.92182e-13
basic,114,1,0,8,1e-12,0.00055559,0,2.72848e-12,5.20286e-13
basic,115,1,0,8,1e-12,0.000562574,0,3.97904e-12,5.61205e-13
basic,116,1,0,8,1e-12,0.000576822,0,3.06954e-12,4.38975e-13
basic,117,1,0,8,1e-12,0.000580872,0,4.09273e-12,5.62862e-13
basic,118,1,0,8,1e-12,0.000600498,0,2.72848e-12,4.47913e-13
basic,119,1,0,8,1e-12,0.000614815,0,3.75167e-12,6.25979e-13
basic,120,1,0,8,1e-12,0.000676835,0,3.52429e-12,6.14797e-13
basic,121,1,0,8,1e-12,0.000628993,0,3.86535e-12,5.46178e-13
basic,122,1,0,8,1e-12,0.000632764,0,2.72848e-12,5.86358e-13
basic,123,1,0,8,1e-12,0.000650575,0,2.72848e-12,6.09738e-13
basic,124,1,0,8,1e-12,0.000650015,0,3.86535e-12,5.97114e-13
basic,125,1,0,8,1e-12,0.000657279,0,2.95586e-12,5.28786e-13
basic,126,1,0,8,1e-12,0.000677254,0,5.22959e-12,5.54703e-13
basic,127,1,0,8,1e-12,0.000694784,0,4.43379e-12,6.67337e-13
basic,128,1,0,8,1e-12,0.000720834,0,4.43379e-12,5.83308e-13
basic,129,1,0,8,1e-12,0.000735921,0,3.41061e-12,6.23346e-13
basic,130,1,0,8,1e-12,0.000714549,0,4.09273e-12,5.54326e-13
basic,131,1,0,8,1e-12,0.000741299,0,2.84217e-12,5.47762e-13
basic,132,1,0,8,1e-12,0.00074025,0,3.41061e-12,6.12961e-13
basic,133,1,0,8,1e-12,0.000758828,0,4.20641e-12,5.75753e-13
basic,134,1,0,8,1e-12,0.00076267,0,6.36646e-12,5.78579e-13
basic,135,1,0,8,1e-12,0.000790467,0,2.72848e-12,5.77926e-13
basic,136,1,0,8,1e-12,0.000855699,0,2.84217e-12,5.1388e-13
basic,137,1,0,8,1e-12,0.000834118,0,3.41061e-12,5.37458e-13
basic,138,1,0,8,1e-12,0.000829159,0,3.97904e-12,6.47659e-13
basic,139,1,0,8,1e-12,0.000834117,0,4.3201e-12,5.83361e-13
basic,140,1,0,8,1e-12,0.000853255,0,4.3201e-12,6.48832e-13
basic,141,1,0,8,1e-12,0.000853045,0,3.63798e-12,5.35731e-13
basic,142,1,0,8,1e-12,0.000882588,0,4.20641e-12,5.80967e-13
basic,143,1,0,8,1e-12,0.000897115,0,3.86535e-12,6.86413e-13
basic,144,1,0,8,1e-12,0.00096975,0,5.91172e-12,5.27775e-13
basic,145,1,0,8,1e-12,0.000905147,0,5.34328e-12,6.73712e-13
basic,146,1,0,8,1e-12,0.00092128,0,4.09273e-12,6.78897e-13
basic,147,1,0,8,1e-12,0.000935877,0,3.63798e-12,5.05837e-13
basic,148,1,0,8,1e-12,0.000922956,0,3.86535e-12,6.41289e-13
basic,149,1,0,8,1e-12,0.00098288,0,3.75167e-12,5.93352e-13
basic,150,1,0,8,1e-12,0.00096535,0,5.34328e-12,6.61237e-13
basic,151,1,0,8,1e-12,0.000987489,0,3.86535e-12,5.79179e-13
basic,152,1,0,8,1e-12,0.00103924,0,5.11591e-12,6.39664e-13
basic,153,1,0,8,1e-12,0.00099182,0,4.43379e-12,6.62352e-13
basic,154,1,0,8,1e-12,0.00102884,0,4.3201e-12,5.70048e-13
basic,155,1,0,8,1e-12,0.00101445,0,5.34328e-12,7.76069e-13
basic,156,1,0,8,1e-12,0.00104078,0,6.70752e-12,5.34518e-13
basic,157,1,0,8,1e-12,0.00107354,0,4.66116e-12,6.08469e-13
basic,158,1,0,8,1e-12,0.0010412,0,6.59384e-12,6.18106e-13
basic,159,1,0,8,1e-12,0.0010933,0,5.00222e-12,6.60425e-13
basic,160,1,0,8,1e-12,0.00114135,0,4.20641e-12,6.43027e-13
basic,161,1,0,8,1e-12,0.00110755,0,3.75167e-12,6.08594e-13
basic,162,1,0,8,1e-12,0.00114128,0,6.48015e-12,7.28205e-13
basic,163,1,0,8,1e-12,0.0011403,0,3.29692e-12,5.736e-13
basic,164,1,0,8,1e-12,0.00117026,0,5.11591e-12,6.13224e-13
basic,165,1,0,8,1e-12,0.0011718,0,4.43379e-12,6.92861e-13
basic,166,1,0,8,1e-12,0.00118968,0,4.3201e-12,5.95374e-13
basic,167,1,0,8,1e-12,0.00122055,0,3.75167e-12,6.25933e-13
basic,168,1,0,8,1e-12,0.00129996,0,5.79803e-12,7.19258e-13
basic,169,1,0,8,1e-12,0.00121706,0,5.22959e-12,8.20665e-13
basic,170,1,0,8,1e-12,0.00128557,0,5.57066e-12,7.27611e-13
basic,171,1,0,8,1e-12,0.00128124,0,5.11591e-12,7.26291e-13
basic,172,1,0,8,1e-12,0.00127712,0,6.25278e-12,7.17882e-13
basic,173,1,0,8,1e-12,0.00133893,0,5.45697e-12,5.89329e-13
basic,174,1,0,8,1e-12,0.00135688,0,4.09273e-12,7.17154e-13
basic,175,1,0,8,1e-12,0.00134298,0,3.97904e-12,6.72775e-13
basic,176,1,0,8,1e-12,0.00139522,0,5.11591e-12,6.88978e-13
basic,177,1,0,8,1e-12,0.00140968,0,4.3201e-12,6.60417e-13
basic,178,1,0,8,1e-12,0.00132706,0,5.00222e-12,6.54267e-13
basic,179,1,0,8,1e-12,0.00144342,0,6.13909e-12,6.79047e-13
basic,180,1,0,8,1e-12,0.00144279,0,4.88853e-12,7.63704e-13
basic,181,1,0,8,1e-12,0.00139229,0,4.20641e-12,6.09056e-13
basic,182,1,0,8,1e-12,0.00148469,0,5.22959e-12,6.50621e-13
basic,183,1,0,8,1e-12,0.00148357,0,6.36646e-12,7.18058e-13
basic,184,1,0,8,1e-12,0.0015187,0,5.68434e-12,7.15557e-13
basic,185,1,0,8,1e-12,0.00144342,0,3.63798e-12,6.55144e-13
basic,186,1,0,8,1e-12,0.00149531,0,5.79803e-12,8.0032e-13
basic,187,1,0,8,1e-12,0.00155418,0,6.25278e-12,7.03524e-13
basic,188,1,0,8,1e-12,0.00155628,0,7.27596e-12,6.85153e-13
basic,189,1,0,8,1e-12,0.00151333,0,5.11591e-12,7.53987e-13
basic,190,1,0,8,1e-12,0.00161334,0,5.34328e-12,6.64759e-13
basic,191,1,0,8,1e-12,0.00159246,0,5.57066e-12,7.66749e-13
basic,192,1,0,8,1e-12,0.00165804,0,5.22959e-12,6.35146e-13
basic,193,1,0,8,1e-12,0.00159462,0,4.88853e-12,6.87143e-13
basic,194,1,0,8,1e-12,0.00166055,0,5.45697e-12,6.16651e-13
basic,195,1,0,8,1e-12,0.0016792,0,4.09273e-12,7.25808e-13
basic,196,1,0,8,1e-12,0.00169862,0,4.43379e-12,6.00454e-13
basic,197,1,0,8,1e-12,0.00166216,0,4.54747e-12,7.75842e-13
basic,198,1,0,8,1e-12,0.00170895,0,4.20641e-12,7.55775e-13
basic,199,1,0,8,1e-12,0.0017262,0,3.75167e-12,6.46094e-13
basic,200,1,0,8,1e-12,0.001795,0,5.45697e-12,7.45162e-13
basic,201,1,0,8,1e-12,0.00169939,0,5.68434e-12,8.36907e-13
basic,202,1,0,8,1e-12,0.00179339,0,5.34328e-12,8.04956e-13
basic,203,1,0,8,1e-12,0.00177859,0,5.22959e-12,6.60166e-13
basic,204,1,0,8,1e-12,0.00181951,0,5.11591e-12,6.83107e-13
basic,205,1,0,8,1e-12,0.00185911,0,9.09495e-12,7.71718e-13
basic,206,1,0,8,1e-12,0.00177705,0,6.36646e-12,7.11657e-13
basic,207,1,0,8,1e-12,0.00190318,0,5.91172e-12,7.3566e-13
basic,208,1,0,8,1e-12,0.00194788,0,6.48015e-12,7.84461e-13
basic,209,1,0,8,1e-12,0.00190765,0,3.86535e-12,6.12467e-13
basic,210,1,0,8,1e-12,0.00193203,0,3.29692e-12,5.74403e-13
basic,211,1,0,8,1e-12,0.00188286,0,5.68434e-12,6.7778e-13
basic,212,1,0,8,1e-12,0.00196325,0,7.7307e-12,7.63074e-13
basic,213,1,0,8,1e-12,0.00198245,0,6.13909e-12,7.84946e-13
basic,214,1,0,8,1e-12,0.00202003,0,4.66116e-12,7.13024e-13
basic,215,1,0,8,1e-12,0.0020289,0,3.63798e-12,6.96332e-13
basic,216,1,0,8,1e-12,0.00210873,0,6.70752e-12,8.06863e-13
basic,217,1,0,8,1e-12,0.00200976,0,6.0254e-12,6.37127e-13
basic,218,1,0,8,1e-12,0.00209392,0,5.22959e-12,8.09797e-13
basic,219,1,0,8,1e-12,0.00210049,0,7.27596e-12,7.85445e-13
basic,220,1,0,8,1e-12,0.0021493,0,4.88853e-12,7.74965e-13
basic,221,1,0,8,1e-12,0.00215517,0,6.59384e-12,7.70642e-13
basic,222,1,0,8,1e-12,0.00218255,0,5.68434e-12,8.30568e-13
basic,223,1,0,8,1e-12,0.00220308,0,5.91172e-12,6.9167e-13
basic,224,1,0,8,1e-12,0.00228501,0,5.57066e-12,8.019e-13
basic,225,1,0,8,1e-12,0.0021463,0,6.13909e-12,8.0305e-13
basic,226,1,0,8,1e-12,0.00226845,0,5.45697e-12,7.81299e-13
basic,227,1,0,8,1e-12,0.00226838,0,4.88853e-12,6.72931e-13
basic,228,1,0,8,1e-12,0.00229793,0,4.3201e-12,6.64688e-13
basic,229,1,0,8,1e-12,0.00227977,0,4.09273e-12,6.7509e-13
basic,230,1,0,8,1e-12,0.00232977,0,6.0254e-12,8.25244e-13
basic,231,1,0,8,1e-12,0.00239179,0,5.91172e-12,7.85155e-13
basic,232,1,0,8,1e-12,0.00237957,0,5.91172e-12,7.75605e-13
basic,233,1,0,8,1e-12,0.00240255,0,7.04858e-12,7.50047e-13
basic,234,1,0,8,1e-12,0.00228997,0,6.13909e-12,7.52822e-13
basic,235,1,0,8,1e-12,0.00243335,0,6.48015e-12,7.96014e-13
basic,236,1,0,8,1e-12,0.00246443,0,5.11591e-12,7.34628e-13
basic,237,1,0,8,1e-12,0.00248503,0,6.36646e-12,6.78725e-13
basic,238,1,0,8,1e-12,0.0024902,0,8.75389e-12,7.83648e-13
basic,239,1,0,8,1e-12,0.00248538,0,5.68434e-12,7.86052e-13
basic,240,1,0,8,1e-12,0.00261724,0,7.84439e-12,8.30811e-13
basic,241,1,0,8,1e-12,0.00257715,0,5.91172e-12,7.41436e-13
basic,242,1,0,8,1e-12,0.00262318,0,7.04858e-12,7.55639e-13
basic,243,1,0,8,1e-12,0.00263708,0,5.11591e-12,7.99803e-13
basic,244,1,0,8,1e-12,0.00261284,0,8.75389e-12,7.76372e-13
basic,245,1,0,8,1e-12,0.00268911,0,5.00222e-12,7.53138e-13
basic,246,1,0,8,1e-12,0.00264106,0,3.86535e-12,6.67798e-13
basic,247,1,0,8,1e-12,0.00267004,0,7.84439e-12,7.9117e-13
basic,248,1,0,8,1e-12,0.00275902,0,5.79803e-12,7.35164e-13
basic,249,1,0,8,1e-12,0.00269987,0,6.70752e-12,6.63819e-13
basic,250,1,0,8,1e-12,0.00280637,0,9.09495e-12,7.8308e-13
basic,251,1,0,8,1e-12,0.00306646,0,5.68434e-12,7.62821e-13
basic,252,1,0,8,1e-12,0.00280616,0,7.38964e-12,7.78021e-13
basic,253,1,0,8,1e-12,0.00278081,0,7.04858e-12,8.09011e-13
basic,254,1,0,8,1e-12,0.00282188,0,7.16227e-12,8.2153e-13
basic,255,1,0,8,1e-12,0.0028459,0,6.82121e-12,7.40473e-13
basic,256,1,0,8,1e-12,0.00310865,0,6.82121e-12,7.41266e-13
basic,257,1,0,8,1e-12,0.00287656,0,5.91172e-12,7.87129e-13
basic,258,1,0,8,1e-12,0.0027278,0,4.54747e-12,7.5759e-13
basic,259,1,0,8,1e-12,0.00288508,0,6.48015e-12,7.82986e-13
basic,260,1,0,8,1e-12,0.00290813,0,4.88853e-12,8.27342e-13
basic,261,1,0,8,1e-12,0.00297776,0,4.43379e-12,6.53415e-13
basic,262,1,0,8,1e-12,0.00298698,0,8.41283e-12,8.37457e-13
basic,263,1,0,8,1e-12,0.00301688,0,6.82121e-12,7.7838e-13
basic,264,1,0,8,1e-12,0.00307149,0,5.57066e-12,7.88331e-13
basic,265,1,0,8,1e-12,0.00309936,0,5.11591e-12,6.88931e-13
basic,266,1,0,8,1e-12,0.00311074,0,4.88853e-12,6.79313e-13
basic,267,1,0,8,1e-12,0.00312576,0,4.66116e-12,7.78688e-13
basic,268,1,0,8,1e-12,0.00310697,0,6.0254e-12,7.12058e-13
basic,269,1,0,8,1e-12,0.00313749,0,6.13909e-12,7.96564e-13
basic,270,1,0,8,1e-12,0.00318366,0,6.9349e-12,7.75492e-13
basic,271,1,0,8,1e-12,0.00317088,0,7.84439e-12,7.39499e-13
basic,272,1,0,8,1e-12,0.00323359,0,5.79803e-12,7.0682e-13
basic,273,1,0,8,1e-12,0.00322703,0,6.36646e-12,7.27274e-13
basic,274,1,0,8,1e-12,0.00331021,0,6.13909e-12,7.52816e-13
basic,275,1,0,8,1e-12,0.00328458,0,6.0254e-12,7.76597e-13
basic,276,1,0,8,1e-12,0.00332942,0,6.70752e-12,8.16755e-13
basic,277,1,0,8,1e-12,0.00340052,0,8.29914e-12,7.98196e-13
basic,278,1,0,8,1e-12,0.00335323,0,5.11591e-12,7.73162e-13
basic,279,1,0,8,1e-12,0.00340324,0,6.9349e-12,8.67038e-13
basic,280,1,0,8,1e-12,0.00336217,0,6.59384e-12,6.9184e-13
basic,281,1,0,8,1e-12,0.00347043,0,7.16227e-12,6.79423e-13
basic,282,1,0,8,1e-12,0.00349606,0,5.91172e-12,7.77136e-13
basic,283,1,0,8,1e-12,0.0035006,0,7.7307e-12,7.55703e-13
basic,284,1,0,8,1e-12,0.00348007,0,7.27596e-12,8.46712e-13
basic,285,1,0,8,1e-12,0.00353105,0,5.57066e-12,7.53e-13
basic,286,1,0,8,1e-12,0.00356024,0,6.25278e-12,8.20989e-13
basic,287,1,0,8,1e-12,0.00363749,0,6.25278e-12,7.75944e-13
basic,288,1,0,8,1e-12,0.00360159,0,4.77485e-12,7.73721e-13
basic,289,1,0,8,1e-12,0.0035981,0,6.36646e-12,7.21382e-13
basic,290,1,0,8,1e-12,0.00371801,0,5.00222e-12,7.45859e-13
basic,291,1,0,8,1e-12,0.00371732,0,8.41283e-12,8.35954e-13
basic,292,1,0,8,1e-12,0.00367045,0,6.59384e-12,7.02583e-13
basic,293,1,0,8,1e-12,0.00376069,0,5.91172e-12,8.23144e-13
basic,294,1,0,8,1e-12,0.00378814,0,8.18545e-12,8.02274e-13
basic,295,1,0,8,1e-12,0.0037748,0,7.61702e-12,7.98557e-13
basic,296,1,0,8,1e-12,0.00384331,0,7.7307e-12,8.38846e-13
basic,297,1,0,8,1e-12,0.00382201,0,7.04858e-12,8.33175e-13
basic,298,1,0,8,1e-12,0.00393522,0,5.79803e-12,8.01243e-13
basic,299,1,0,8,1e-12,0.00394898,0,4.77485e-12,6.91576e-13
basic,300,1,0,8,1e-12,0.00395792,0,5.22959e-12,7.44332e-13
basic,301,1,0,8,1e-12,0.00391783,0,4.66116e-12,7.02778e-13
basic,302,1,0,8,1e-12,0.00397797,0,5.34328e-12,8.00305e-13
basic,303,1,0,8,1e-12,0.00401819,0,1.11413e-11,8.41312e-13
basic,304,1,0,8,1e-12,0.0040455,0,6.82121e-12,8.1798e-13
basic,305,1,0,8,1e-12,0.00409181,0,4.43379e-12,6.74939e-13
basic,306,1,0,8,1e-12,0.00407302,0,5.57066e-12,8.45681e-13
basic,307,1,0,8,1e-12,0.00412303,0,6.36646e-12,7.92424e-13
basic,308,1,0,8,1e-12,0.00418491,0,5.79803e-12,7.66182e-13
basic,309,1,0,8,1e-12,0.00413623,0,5.22959e-12,7.19049e-13
basic,310,1,0,8,1e-12,0.00412861,0,5.00222e-12,7.46344e-13
basic,311,1,0,8,1e-12,0.00416381,0,7.27596e-12,8.78574e-13
basic,312,1,0,8,1e-12,0.00418938,0,5.11591e-12,7.34732e-13
basic,313,1,0,8,1e-12,0.00419594,0,9.54969e-12,8.74154e-13
basic,314,1,0,8,1e-12,0.0043387,0,8.07177e-12,8.92506e-13
basic,315,1,0,8,1e-12,0.00426515,0,5.00222e-12,7.74031e-13
basic,316,1,0,8,1e-12,0.00432857,0,6.70752e-12,8.35914e-13
basic,317,1,0,8,1e-12,0.0043836,0,6.48015e-12,8.18784e-13
basic,318,1,0,8,1e-12,0.0044304,0,7.61702e-12,8.14239e-13
basic,319,1,0,8,1e-12,0.00443648,0,8.41283e-12,7.79299e-13
basic,320,1,0,8,1e-12,0.00444821,0,5.00222e-12,7.74371e-13
basic,321,1,0,8,1e-12,0.00442495,0,5.22959e-12,7.87286e-13
basic,322,1,0,8,1e-12,0.00453656,0,7.04858e-12,8.25499e-13
basic,323,1,0,8,1e-12,0.00451924,0,5.34328e-12,7.4917e-13
basic,324,1,0,8,1e-12,0.00458454,0,7.50333e-12,8.43221e-13
basic,325,1,0,8,1e-12,0.00451714,0,6.0254e-12,7.88545e-13
basic,326,1,0,8,1e-12,0.00457127,0,7.04858e-12,7.73751e-13
basic,327,1,0,8,1e-12,0.00463252,0,7.50333e-12,8.71599e-13
basic,328,1,0,8,1e-12,0.00461625,0,7.7307e-12,7.28952e-13
basic,329,1,0,8,1e-12,0.00467226,0,6.9349e-12,9.09103e-13
basic,330,1,0,8,1e-12,0.0047018,0,6.48015e-12,8.34279e-13
basic,331,1,0,8,1e-12,0.00470557,0,5.79803e-12,8.91542e-13
basic,332,1,0,8,1e-12,0.00477486,0,5.45697e-12,7.7073e-13
basic,333,1,0,8,1e-12,0.00473309,0,5.11591e-12,7.11317e-13
basic,334,1,0,8,1e-12,0.00481118,0,6.48015e-12,8.36893e-13
basic,335,1,0,8,1e-12,0.00475425,0,4.43379e-12,7.27358e-13
basic,336,1,0,8,1e-12,0.00483527,0,6.48015e-12,8.15302e-13
basic,337,1,0,8,1e-12,0.00485825,0,6.59384e-12,7.97635e-13
basic,338,1,0,8,1e-12,0.00493843,0,6.9349e-12,7.95638e-13
basic,339,1,0,8,1e-12,0.00496965,0,6.70752e-12,8.04761e-13
basic,340,1,0,8,1e-12,0.00507909,0,7.27596e-12,8.06926e-13
basic,341,1,0,8,1e-12,0.00513866,0,6.9349e-12,8.30806e-13
basic,342,1,0,8,1e-12,0.00512546,0,8.07177e-12,8.06673e-13
basic,343,1,0,8,1e-12,0.00504766,0,7.61702e-12,8.93871e-13
basic,344,1,0,8,1e-12,0.00520976,0,5.45697e-12,8.27514e-13
basic,345,1,0,8,1e-12,0.00521151,0,7.38964e-12,7.84935e-13
basic,346,1,0,8,1e-12,0.00518392,0,7.16227e-12,8.75852e-13
basic,347,1,0,8,1e-12,0.00518022,0,6.36646e-12,8.71988e-13
basic,348,1,0,8,1e-12,0.00522666,0,8.29914e-12,9.14817e-13
basic,349,1,0,8,1e-12,0.00523057,0,7.7307e-12,7.94044e-13
basic,350,1,0,8,1e-12,0.00528386,0,6.70752e-12,8.66014e-13
basic,351,1,0,8,1e-12,0.00526368,0,5.57066e-12,8.69986e-13
basic,352,1,0,8,1e-12,0.00535056,0,8.07177e-12,8.21674e-13
basic,353,1,0,8,1e-12,0.00530963,0,9.54969e-12,9.20053e-13
basic,354,1,0,8,1e-12,0.00538506,0,8.29914e-12,9.82182e-13
basic,355,1,0,8,1e-12,0.00545337,0,9.66338e-12,7.07566e-13
basic,356,1,0,8,1e-12,0.00538842,0,9.09495e-12,7.92785e-13
basic,357,1,0,8,1e-12,0.00547711,0,6.0254e-12,8.61899e-13
basic,358,1,0,8,1e-12,0.00555659,0,8.98126e-12,8.05892e-13
basic,359,1,0,8,1e-12,0.00551287,0,8.75389e-12,9.30096e-13
basic,360,1,0,8,1e-12,0.00563223,0,7.7307e-12,8.07312e-13
basic,361,1,0,8,1e-12,0.00559396,0,7.04858e-12,8.2693e-13
basic,362,1,0,8,1e-12,0.00566743,0,7.7307e-12,8.10711e-13
basic,363,1,0,8,1e-12,0.00572303,0,6.70752e-12,8.26499e-13
basic,364,1,0,8,1e-12,0.00569879,0,7.84439e-12,8.33296e-13
basic,365,1,0,8,1e-12,0.00570752,0,5.22959e-12,7.5236e-13
basic,366,1,0,8,1e-12,0.00580104,0,1.14824e-11,9.09591e-13
basic,367,1,0,8,1e-12,0.005834,0,7.95808e-12,7.12101e-13
basic,368,1,0,8,1e-12,0.00589568,0,5.79803e-12,9.29054e-13
basic,369,1,0,8,1e-12,0.00589812,0,6.13909e-12,8.20488e-13
basic,370,1,0,8,1e-12,0.00591146,0,7.38964e-12,8.70933e-13
basic,371,1,0,8,1e-12,0.00605945,0,7.84439e-12,8.32655e-13
basic,372,1,0,8,1e-12,0.00597641,0,8.29914e-12,8.32249e-13
basic,373,1,0,8,1e-12,0.00597432,0,8.07177e-12,8.9617e-13
basic,374,1,0,8,1e-12,0.00605785,0,7.27596e-12,9.26393e-13
basic,375,1,0,8,1e-12,0.00607307,0,7.38964e-12,8.41157e-13
basic,376,1,0,8,1e-12,0.00606811,0,6.9349e-12,8.09379e-13
basic,377,1,0,8,1e-12,0.00611442,0,6.59384e-12,8.52727e-13
basic,378,1,0,8,1e-12,0.00618824,0,7.27596e-12,8.40917e-13
basic,379,1,0,8,1e-12,0.0062745,0,7.38964e-12,9.67261e-13
basic,380,1,0,8,1e-12,0.00625208,0,5.22959e-12,8.12092e-13
basic,381,1,0,8,1e-12,0.00632855,0,6.13909e-12,7.8133e-13
basic,382,1,0,8,1e-12,0.00626835,0,6.36646e-12,8.59929e-13
basic,383,1,0,8,1e-12,0.00627212,0,7.7307e-12,8.49146e-13
basic,384,1,0,8,1e-12,0.00634371,0,7.84439e-12,8.82392e-13
basic,385,1,0,8,1e-12,0.00632786,0,7.27596e-12,8.57055e-13
basic,386,1,0,8,1e-12,0.00636459,0,7.95808e-12,9.02416e-13
basic,387,1,0,8,1e-12,0.0063655,0,7.27596e-12,9.15779e-13
basic,388,1,0,8,1e-12,0.0064498,0,1.13687e-11,8.95255e-13
basic,389,1,0,8,1e-12,0.00649498,0,8.18545e-12,8.62476e-13
basic,390,1,0,8,1e-12,0.00655037,0,9.20863e-12,8.43173e-13
basic,391,1,0,8,1e-12,0.00656497,0,6.82121e-12,8.43659e-13
basic,392,1,0,8,1e-12,0.0066332,0,7.84439e-12,8.86034e-13
basic,393,1,0,8,1e-12,0.00660345,0,8.52651e-12,8.79744e-13
basic,394,1,0,8,1e-12,0.00667455,0,5.45697e-12,8.87127e-13
basic,395,1,0,8,1e-12,0.00665394,0,6.59384e-12,7.93384e-13
basic,396,1,0,8,1e-12,0.00672707,0,6.25278e-12,8.26083e-13
basic,397,1,0,8,1e-12,0.00678741,0,6.25278e-12,9.01482e-13
basic,398,1,0,8,1e-12,0.00679579,0,9.32232e-12,9.21361e-13
basic,399,1,0,8,1e-12,0.00683211,0,6.82121e-12,8.07349e-13
basic,400,1,0,8,1e-12,0.00689085,0,4.54747e-12,7.62773e-13
basic,401,1,0,8,1e-12,0.006815,0,7.84439e-12,8.90237e-13
basic,402,1,0,8,1e-12,0.00692374,0,7.84439e-12,9.58905e-13
basic,403,1,0,8,1e-12,0.00689134,0,7.7307e-12,8.92748e-13
basic,404,1,0,8,1e-12,0.00696334,0,8.18545e-12,9.07644e-13
basic,405,1,0,8,1e-12,0.0069389,0,8.07177e-12,7.84205e-13
basic,406,1,0,8,1e-12,0.00701286,0,6.70752e-12,8.64432e-13
basic,407,1,0,8,1e-12,0.00703535,0,6.13909e-12,8.30636e-13
basic,408,1,0,8,1e-12,0.00713299,0,8.41283e-12,8.28764e-13
basic,409,1,0,8,1e-12,0.00719759,0,5.91172e-12,9.18809e-13
basic,410,1,0,8,1e-12,0.00712391,0,8.86757e-12,8.64281e-13
basic,411,1,0,8,1e-12,0.00718621,0,7.7307e-12,8.39496e-13
basic,412,1,0,8,1e-12,0.00722525,0,1.11413e-11,8.72535e-13
basic,413,1,0,8,1e-12,0.00723852,0,6.25278e-12,8.94489e-13
basic,414,1,0,8,1e-12,0.00732282,0,1.08002e-11,9.13702e-13
basic,415,1,0,8,1e-12,0.00735089,0,6.36646e-12,8.62704e-13
basic,416,1,0,8,1e-12,0.00730438,0,1.03455e-11,8.49024e-13
basic,417,1,0,8,1e-12,0.00740251,0,1.03455e-11,8.47916e-13
basic,418,1,0,8,1e-12,0.00747486,0,1.00044e-11,9.40251e-13
basic,419,1,0,8,1e-12,0.00744211,0,8.07177e-12,9.37634e-13
basic,420,1,0,8,1e-12,0.00749791,0,7.16227e-12,8.69202e-13
basic,421,1,0,8,1e-12,0.00755329,0,7.84439e-12,8.36595e-13
basic,422,1,0,8,1e-12,0.00760847,0,6.13909e-12,9.24063e-13
basic,423,1,0,8,1e-12,0.00755015,0,7.50333e-12,8.55644e-13
basic,424,1,0,8,1e-12,0.00759024,0,6.13909e-12,7.85976e-13
basic,425,1,0,8,1e-12,0.00763256,0,7.38964e-12,8.22066e-13
basic,426,1,0,8,1e-12,0.00781534,0,1.21645e-11,9.35531e-13
basic,427,1,0,8,1e-12,0.00775954,0,6.0254e-12,8.11102e-13
basic,428,1,0,8,1e-12,0.00780389,0,9.66338e-12,8.95534e-13
basic,429,1,0,8,1e-12,0.00784865,0,5.11591e-12,8.33492e-13
basic,430,1,0,8,1e-12,0.00785305,0,8.07177e-12,8.84831e-13
basic,431,1,0,8,1e-12,0.0079009,0,1.14824e-11,9.59382e-13
basic,432,1,0,8,1e-12,0.00783126,0,5.68434e-12,7.96959e-13
basic,433,1,0,8,1e-12,0.00801313,0,8.18545e-12,8.91428e-13
basic,434,1,0,8,1e-12,0.0079926,0,5.22959e-12,7.84305e-13
basic,435,1,0,8,1e-12,0.00810316,0,8.07177e-12,8.99647e-13
basic,436,1,0,8,1e-12,0.00819856,0,8.86757e-12,9.50169e-13
basic,437,1,0,8,1e-12,0.00818899,0,8.29914e-12,9.06474e-13
basic,438,1,0,8,1e-12,0.00820184,0,6.0254e-12,7.82466e-13
basic,439,1,0,8,1e-12,0.00818711,0,7.16227e-12,8.10227e-13
basic,440,1,0,8,1e-12,0.00822782,0,9.89075e-12,7.81803e-13
basic,441,1,0,8,1e-12,0.00828942,0,6.9349e-12,9.06465e-13
basic,442,1,0,8,1e-12,0.0084523,0,7.38964e-12,9.30159e-13
basic,443,1,0,8,1e-12,0.00855014,0,9.09495e-12,8.25604e-13
basic,444,1,0,8,1e-12,0.00850125,0,9.89075e-12,9.57151e-13
basic,445,1,0,8,1e-12,0.008591,0,8.07177e-12,9.34621e-13
basic,446,1,0,8,1e-12,0.00853988,0,9.09495e-12,9.68523e-13
basic,447,1,0,8,1e-12,0.00860657,0,6.9349e-12,8.84554e-13
basic,448,1,0,8,1e-12,0.00877203,0,7.16227e-12,8.34039e-13
basic,449,1,0,8,1e-12,0.008594,0,1.06866e-11,9.50642e-13
basic,450,1,0,8,1e-12,0.00859805,0,6.9349e-12,9.28826e-13
basic,451,1,0,8,1e-12,0.00864129,0,9.66338e-12,8.95503e-13
basic,452,1,0,8,1e-12,0.0087244,0,7.84439e-12,8.71356e-13
basic,453,1,0,8,1e-12,0.00866182,0,8.98126e-12,8.28137e-13
basic,454,1,0,8,1e-12,0.00886883,0,7.7307e-12,8.8499e-13
basic,455,1,0,8,1e-12,0.00886247,0,9.43601e-12,9.04872e-13
basic,456,1,0,8,1e-12,0.00889747,0,6.70752e-12,9.20193e-13
basic,457,1,0,8,1e-12,0.00889551,0,7.7307e-12,8.79755e-13
basic,458,1,0,8,1e-12,0.00898288,0,8.6402e-12,9.37085e-13
basic,459,1,0,8,1e-12,0.00906823,0,8.29914e-12,9.75679e-13
basic,460,1,0,8,1e-12,0.00903973,0,7.7307e-12,8.97008e-13
basic,461,1,0,8,1e-12,0.0090801,0,1.04592e-11,8.55644e-13
basic,462,1,0,8,1e-12,0.00907444,0,7.38964e-12,8.84865e-13
basic,463,1,0,8,1e-12,0.00914666,0,8.98126e-12,9.61548e-13
basic,464,1,0,8,1e-12,0.00930045,0,7.27596e-12,9.26774e-13
basic,465,1,0,8,1e-12,0.00924374,0,9.89075e-12,9.37289e-13
basic,466,1,0,8,1e-12,0.00923892,0,9.66338e-12,8.22236e-13
basic,467,1,0,8,1e-12,0.00937057,0,7.84439e-12,8.74345e-13
basic,468,1,0,8,1e-12,0.00931616,0,6.36646e-12,9.15336e-13
basic,469,1,0,8,1e-12,0.00935255,0,8.41283e-12,8.70198e-13
basic,470,1,0,8,1e-12,0.00948616,0,7.16227e-12,8.19175e-13
basic,471,1,0,8,1e-12,0.00951249,0,1.23919e-11,9.52284e-13
basic,472,1,0,8,1e-12,0.00950118,0,8.6402e-12,9.46077e-13
basic,473,1,0,8,1e-12,0.00959728,0,8.41283e-12,8.90058e-13
basic,474,1,0,8,1e-12,0.00961816,0,7.50333e-12,8.54539e-13
basic,475,1,0,8,1e-12,0.00979311,0,6.82121e-12,8.67262e-13
basic,476,1,0,8,1e-12,0.00974981,0,6.9349e-12,8.1008e-13
basic,477,1,0,8,1e-12,0.00975589,0,8.86757e-12,9.07599e-13
basic,478,1,0,8,1e-12,0.00974499,0,7.50333e-12,1.06803e-12
basic,479,1,0,8,1e-12,0.00990765,0,7.61702e-12,8.80136e-13
basic,480,1,0,8,1e-12,0.00987762,0,7.95808e-12,8.51202e-13
basic,481,1,0,8,1e-12,0.0099284,0,8.18545e-12,8.62266e-13
basic,482,1,0,8,1e-12,0.00992993,0,8.52651e-12,8.64569e-13
basic,483,1,0,8,1e-12,0.0101564,0,9.89075e-12,8.92176e-13
basic,484,1,0,8,1e-12,0.0100204,0,7.27596e-12,9.14747e-13
basic,485,1,0,8,1e-12,0.0100441,0,1.00044e-11,8.49073e-13
basic,486,1,0,8,1e-12,0.0101762,0,1.01181e-11,9.57235e-13
basic,487,1,0,8,1e-12,0.0101522,0,1.22782e-11,8.87552e-13
basic,488,1,0,8,1e-12,0.0102188,0,7.7307e-12,8.97784e-13
basic,489,1,0,8,1e-12,0.0102299,0,7.61702e-12,9.81143e-13
basic,490,1,0,8,1e-12,0.0103072,0,1.02318e-11,8.47213e-13
basic,491,1,0,8,1e-12,0.0102703,0,7.16227e-12,9.04236e-13
basic,492,1,0,8,1e-12,0.0104218,0,7.61702e-12,8.7529e-13
basic,493,1,0,8,1e-12,0.010341,0,7.61702e-12,8.89226e-13
basic,494,1,0,8,1e-12,0.010434,0,7.95808e-12,9.00641e-13
basic,495,1,0,8,1e-12,0.0105012,0,9.54969e-12,8.95184e-13
basic,496,1,0,8,1e-12,0.010509,0,9.89075e-12,8.89594e-13
basic,497,1,0,8,1e-12,0.010579,0,1.11413e-11,9.39402e-13
basic,498,1,0,8,1e-12,0.0105723,0,7.38964e-12,9.03738e-13
basic,499,1,0,8,1e-12,0.0106859,0,9.09495e-12,9.77445e-13
basic,500,1,0,8,1e-12,0.0107777,0,6.82121e-12,9.65928e-13
basic,501,1,0,8,1e-12,0.0107621,0,7.95808e-12,8.61165e-13
basic,502,1,0,8,1e-12,0.0107374,0,9.43601e-12,9.49122e-13
basic,503,1,0,8,1e-12,0.0109289,0,9.20863e-12,9.66592e-13
basic,504,1,0,8,1e-12,0.0109048,0,8.75389e-12,9.037e-13
basic,505,1,0,8,1e-12,0.0109261,0,6.82121e-12,9.56058e-13
basic,506,1,0,8,1e-12,0.0108997,0,7.16227e-12,8.10369e-13
basic,507,1,0,8,1e-12,0.0110541,0,8.29914e-12,9.58219e-13
basic,508,1,0,8,1e-12,0.0110258,0,8.75389e-12,9.4739e-13
basic,509,1,0,8,1e-12,0.0110919,0,9.32232e-12,9.38421e-13
basic,510,1,0,8,1e-12,0.0118847,0,8.6402e-12,8.90594e-13
basic,511,1,0,8,1e-12,0.0138147,0,6.9349e-12,9.67021e-13
basic,512,1,0,8,1e-12,0.0130845,0,7.50333e-12,8.38138e-13
basic,513,1,0,8,1e-12,0.0120343,0,9.09495e-12,8.69598e-13
basic,514,1,0,8,1e-12,0.0122293,0,6.9349e-12,9.12137e-13
basic,515,1,0,8,1e-12,0.0118116,0,7.84439e-12,9.58153e-13
basic,516,1,0,8,1e-12,0.0113953,0,6.9349e-12,8.59343e-13
basic,517,1,0,8,1e-12,0.0113577,0,8.41283e-12,8.73816e-13
basic,518,1,0,8,1e-12,0.0114616,0,9.43601e-12,8.82712e-13
basic,519,1,0,8,1e-12,0.0115218,0,9.77707e-12,9.05971e-13
basic,520,1,0,8,1e-12,0.011616,0,6.70752e-12,9.52051e-13
basic,521,1,0,8,1e-12,0.0115417,0,1.06866e-11,9.06407e-13
basic,522,1,0,8,1e-12,0.0117158,0,8.29914e-12,1.07581e-12
basic,523,1,0,8,1e-12,0.0115545,0,7.27596e-12,1.03885e-12
basic,524,1,0,8,1e-12,0.0118151,0,1.01181e-11,9.82367e-13
basic,525,1,0,8,1e-12,0.0117536,0,6.13909e-12,8.44689e-13
basic,526,1,0,8,1e-12,0.0118856,0,1.04592e-11,9.94091e-13
basic,527,1,0,8,1e-12,0.0117889,0,9.20863e-12,8.7018e-13
basic,528,1,0,8,1e-12,0.0119576,0,1.01181e-11,9.76872e-13
basic,529,1,0,8,1e-12,0.0118875,0,1.04592e-11,1.00242e-12
basic,530,1,0,8,1e-12,0.0120448,0,8.86757e-12,8.91288e-13
basic,531,1,0,8,1e-12,0.0121557,0,9.09495e-12,9.33072e-13
basic,532,1,0,8,1e-12,0.0121246,0,8.18545e-12,9.78393e-13
basic,533,1,0,8,1e-12,0.0122318,0,8.29914e-12,9.6053e-13
basic,534,1,0,8,1e-12,0.0123029,0,6.9349e-12,9.2989e-13
basic,535,1,0,8,1e-12,0.0122734,0,9.32232e-12,9.19372e-13
basic,536,1,0,8,1e-12,0.0123135,0,7.84439e-12,8.95799e-13
basic,537,1,0,8,1e-12,0.0123891,0,1.10276e-11,1.01829e-12
basic,538,1,0,8,1e-12,0.0124486,0,1.02318e-11,9.67358e-13
basic,539,1,0,8,1e-12,0.0123849,0,8.07177e-12,9.36974e-13
basic,540,1,0,8,1e-12,0.0125368,0,6.36646e-12,9.8587e-13
basic,541,1,0,8,1e-12,0.0125102,0,6.82121e-12,9.652e-13
basic,542,1,0,8,1e-12,0.0126434,0,7.7307e-12,9.39685e-13
basic,543,1,0,8,1e-12,0.0126468,0,9.77707e-12,9.72242e-13
basic,544,1,0,8,1e-12,0.0128466,0,7.61702e-12,9.68188e-13
basic,545,1,0,8,1e-12,0.0127945,0,9.32232e-12,9.58565e-13
basic,546,1,0,8,1e-12,0.0127538,0,1.04592e-11,9.82698e-13
basic,547,1,0,8,1e-12,0.0128404,0,1.05729e-11,9.88581e-13
basic,548,1,0,8,1e-12,0.0129548,0,8.07177e-12,9.57072e-13
basic,549,1,0,8,1e-12,0.0130818,0,7.38964e-12,9.39084e-13
basic,550,1,0,8,1e-12,0.0129234,0,7.27596e-12,9.09721e-13
basic,551,1,0,8,1e-12,0.0131016,0,9.43601e-12,1.01948e-12
basic,552,1,0,8,1e-12,0.012965,0,7.7307e-12,9.26342e-13
basic,553,1,0,8,1e-12,0.0131071,0,9.89075e-12,9.69047e-13
basic,554,1,0,8,1e-12,0.0131757,0,1.03455e-11,9.96662e-13
basic,555,1,0,8,1e-12,0.0132644,0,1.10276e-11,9.27876e-13
basic,556,1,0,8,1e-12,0.0132581,0,1.02318e-11,9.58771e-13
basic,557,1,0,8,1e-12,0.0131107,0,1.02318e-11,9.47318e-13
basic,558,1,0,8,1e-12,0.0134043,0,7.95808e-12,1.09249e-12
basic,559,1,0,8,1e-12,0.0135204,0,6.13909e-12,9.28516e-13
basic,560,1,0,8,1e-12,0.0135961,0,8.07177e-12,9.2443e-13
basic,561,1,0,8,1e-12,0.0135517,0,8.86757e-12,9.30032e-13
basic,562,1,0,8,1e-12,0.013544,0,1.19371e-11,8.9613e-13
basic,563,1,0,8,1e-12,0.0136952,0,1.14824e-11,9.76993e-13
basic,564,1,0,8,1e-12,0.0135949,0,9.89075e-12,9.69824e-13
basic,565,1,0,8,1e-12,0.0139103,0,9.32232e-12,1.00149e-12
basic,566,1,0,8,1e-12,0.0137529,0,1.08002e-11,9.39673e-13
basic,567,1,0,8,1e-12,0.0136139,0,7.27596e-12,8.44277e-13
basic,568,1,0,8,1e-12,0.0137848,0,8.52651e-12,9.02165e-13
basic,569,1,0,8,1e-12,0.0137683,0,7.27596e-12,8.9114e-13
basic,570,1,0,8,1e-12,0.0138552,0,1.17097e-11,9.38334e-13
basic,571,1,0,8,1e-12,0.0139381,0,8.86757e-12,1.03238e-12
basic,572,1,0,8,1e-12,0.0141289,0,9.32232e-12,9.6147e-13
basic,573,1,0,8,1e-12,0.0140162,0,1.04592e-11,8.71295e-13
basic,574,1,0,8,1e-12,0.0141426,0,1.1255e-11,9.1598e-13
basic,575,1,0,8,1e-12,0.0142142,0,8.07177e-12,1.04424e-12
basic,576,1,0,8,1e-12,0.0142834,0,7.50333e-12,8.85118e-13
basic,577,1,0,8,1e-12,0.014281,0,9.54969e-12,9.88789e-13
basic,578,1,0,8,1e-12,0.0144252,0,8.75389e-12,9.06786e-13
basic,579,1,0,8,1e-12,0.0143652,0,7.95808e-12,9.72503e-13
basic,580,1,0,8,1e-12,0.0143647,0,6.9349e-12,9.19513e-13
basic,581,1,0,8,1e-12,0.0145328,0,1.18234e-11,9.74184e-13
basic,582,1,0,8,1e-12,0.0145594,0,1.1255e-11,9.58655e-13
basic,583,1,0,8,1e-12,0.0146331,0,1.38698e-11,1.09994e-12
basic,584,1,0,8,1e-12,0.014608,0,8.6402e-12,9.01327e-13
basic,585,1,0,8,1e-12,0.0146118,0,7.27596e-12,9.49371e-13
basic,586,1,0,8,1e-12,0.0146996,0,1.01181e-11,9.7072e-13
basic,587,1,0,8,1e-12,0.0148707,0,8.98126e-12,9.76702e-13
basic,588,1,0,8,1e-12,0.0148493,0,9.20863e-12,9.59734e-13
basic,589,1,0,8,1e-12,0.0147913,0,1.55751e-11,9.37124e-13
basic,590,1,0,8,1e-12,0.0150325,0,1.13687e-11,1.0621e-12
basic,591,1,0,8,1e-12,0.0149313,0,7.04858e-12,8.89989e-13
basic,592,1,0,8,1e-12,0.0150993,0,8.75389e-12,8.76123e-13
basic,593,1,0,8,1e-12,0.0150492,0,6.59384e-12,8.73225e-13
basic,594,1,0,8,1e-12,0.0150211,0,7.50333e-12,9.30893e-13
basic,595,1,0,8,1e-12,0.0147245,0,1.15961e-11,1.01369e-12
basic,596,1,0,8,1e-12,0.0147932,0,1.13687e-11,9.80468e-13
basic,597,1,0,8,1e-12,0.0148238,0,1.03455e-11,1.05533e-12
basic,598,1,0,8,1e-12,0.0148582,0,1.11413e-11,9.85193e-13
basic,599,1,0,8,1e-12,0.0147984,0,8.6402e-12,9.70882e-13
basic,600,1,0,8,1e-12,0.0149441,0,8.29914e-12,8.93604e-13
basic,601,1,0,8,1e-12,0.0151056,0,1.02318e-11,9.87649e-13
basic,602,1,0,8,1e-12,0.0150979,0,7.38964e-12,1.02614e-12
basic,603,1,0,8,1e-12,0.0150907,0,7.50333e-12,9.34779e-13
basic,604,1,0,8,1e-12,0.0149485,0,8.18545e-12,9.37737e-13
basic,605,1,0,8,1e-12,0.0150588,0,8.52651e-12,9.47926e-13
basic,606,1,0,8,1e-12,0.0152067,0,8.52651e-12,9.38659e-13
basic,607,1,0,8,1e-12,0.0151915,0,8.41283e-12,9.00262e-13
basic,608,1,0,8,1e-12,0.0152722,0,1.20508e-11,9.83601e-13
basic,609,1,0,8,1e-12,0.0152511,0,8.29914e-12,9.94146e-13
basic,610,1,0,8,1e-12,0.0154079,0,9.77707e-12,9.95194e-13
basic,611,1,0,8,1e-12,0.0154559,0,8.18545e-12,1.00778e-12
basic,612,1,0,8,1e-12,0.0155125,0,9.54969e-12,9.76383e-13
basic,613,1,0,8,1e-12,0.0156377,0,1.33014e-11,9.87095e-13
basic,614,1,0,8,1e-12,0.0156875,0,7.84439e-12,1.00476e-12
basic,615,1,0,8,1e-12,0.0156475,0,9.66338e-12,9.98955e-13
basic,616,1,0,8,1e-12,0.0157,0,7.95808e-12,9.96291e-13
basic,617,1,0,8,1e-12,0.0157625,0,8.6402e-12,9.86276e-13
basic,618,1,0,8,1e-12,0.0158114,0,1.1255e-11,9.76962e-13
basic,619,1,0,8,1e-12,0.0157192,0,1.58025e-11,9.79677e-13
basic,620,1,0,8,1e-12,0.0159758,0,9.09495e-12,8.65413e-13
basic,621,1,0,8,1e-12,0.0159499,0,8.86757e-12,8.89003e-13
basic,622,1,0,8,1e-12,0.0160225,0,1.50067e-11,9.72968e-13
basic,623,1,0,8,1e-12,0.0160893,0,7.61702e-12,1.06125e-12
basic,624,1,0,8,1e-12,0.0161471,0,1.17097e-11,1.05827e-12
basic,625,1,0,8,1e-12,0.0162451,0,8.41283e-12,1.0565e-12
basic,626,1,0,8,1e-12,0.0163214,0,1.27329e-11,1.03589e-12
basic,627,1,0,8,1e-12,0.0163612,0,1.11413e-11,1.02405e-12
basic,628,1,0,8,1e-12,0.0162642,0,8.41283e-12,9.58173e-13
basic,629,1,0,8,1e-12,0.0163534,0,9.66338e-12,9.86095e-13
basic,630,1,0,8,1e-12,0.016454,0,8.52651e-12,9.22926e-13
basic,631,1,0,8,1e-12,0.016538,0,7.16227e-12,9.62899e-13
basic,632,1,0,8,1e-12,0.0164188,0,1.17097e-11,9.40131e-13
basic,633,1,0,8,1e-12,0.0165798,0,7.7307e-12,1.02374e-12
basic,634,1,0,8,1e-12,0.0167256,0,7.84439e-12,9.54985e-13
basic,635,1,0,8,1e-12,0.0166884,0,1.28466e-11,1.01999e-12
basic,636,1,0,8,1e-12,0.0167579,0,8.86757e-12,1.03939e-12
basic,637,1,0,8,1e-12,0.0167857,0,7.84439e-12,9.76404e-13
basic,638,1,0,8,1e-12,0.0170366,0,8.98126e-12,1.00796e-12
basic,639,1,0,8,1e-12,0.0169838,0,1.06866e-11,1.0102e-12
basic,640,1,0,8,1e-12,0.01692,0,9.77707e-12,9.92368e-13
basic,641,1,0,8,1e-12,0.0169223,0,1.01181e-11,1.04847e-12
basic,642,1,0,8,1e-12,0.0169684,0,1.28466e-11,1.10882e-12
basic,643,1,0,8,1e-12,0.0169527,0,7.38964e-12,9.69911e-13
basic,644,1,0,8,1e-12,0.0169867,0,8.98126e-12,1.01092e-12
basic,645,1,0,8,1e-12,0.0171823,0,8.75389e-12,1.0168e-12
basic,646,1,0,8,1e-12,0.0172337,0,8.52651e-12,9.58359e-13
basic,647,1,0,8,1e-12,0.0172644,0,9.09495e-12,1.01642e-12
basic,648,1,0,8,1e-12,0.0173176,0,8.52651e-12,9.44853e-13
basic,649,1,0,8,1e-12,0.0173643,0,1.28466e-11,1.09373e-12
basic,650,1,0,8,1e-12,0.017412,0,8.29914e-12,9.77471e-13
basic,651,1,0,8,1e-12,0.0174828,0,1.21645e-11,9.97768e-13
basic,652,1,0,8,1e-12,0.0176686,0,6.36646e-12,9.96183e-13
basic,653,1,0,8,1e-12,0.0176578,0,8.07177e-12,9.89672e-13
basic,654,1,0,8,1e-12,0.0177159,0,1.02318e-11,1.07191e-12
basic,655,1,0,8,1e-12,0.0176666,0,1.36424e-11,1.00707e-12
basic,656,1,0,8,1e-12,0.0178471,0,1.17097e-11,1.05602e-12
basic,657,1,0,8,1e-12,0.0180023,0,1.06866e-11,1.06731e-12
basic,658,1,0,8,1e-12,0.0178535,0,7.95808e-12,9.97549e-13
basic,659,1,0,8,1e-12,0.0180185,0,1.08002e-11,9.72216e-13
basic,660,1,0,8,1e-12,0.0181206,0,8.75389e-12,9.26181e-13
basic,661,1,0,8,1e-12,0.0180352,0,1.3074e-11,9.77316e-13
basic,662,1,0,8,1e-12,0.0179942,0,8.29914e-12,9.50663e-13
basic,663,1,0,8,1e-12,0.0181332,0,8.07177e-12,9.76987e-13
basic,664,1,0,8,1e-12,0.0182883,0,8.29914e-12,9.98596e-13
basic,665,1,0,8,1e-12,0.0183131,0,8.52651e-12,9.61591e-13
basic,666,1,0,8,1e-12,0.0184993,0,8.18545e-12,1.05763e-12
basic,667,1,0,8,1e-12,0.0183475,0,7.61702e-12,8.97397e-13
basic,668,1,0,8,1e-12,0.0183759,0,1.43245e-11,1.09528e-12
basic,669,1,0,8,1e-12,0.0183491,0,8.41283e-12,1.00076e-12
basic,670,1,0,8,1e-12,0.0184243,0,1.15961e-11,9.9838e-13
basic,671,1,0,8,1e-12,0.0184652,0,7.27596e-12,8.901e-13
basic,672,1,0,8,1e-12,0.0188158,0,8.75389e-12,9.66744e-13
basic,673,1,0,8,1e-12,0.0185522,0,1.00044e-11,9.66533e-13
basic,674,1,0,8,1e-12,0.0187827,0,8.52651e-12,9.93408e-13
basic,675,1,0,8,1e-12,0.0188935,0,7.16227e-12,1.0716e-12
basic,676,1,0,8,1e-12,0.018868,0,1.18234e-11,1.05636e-12
basic,677,1,0,8,1e-12,0.0189523,0,1.02318e-11,1.02429e-12
basic,678,1,0,8,1e-12,0.0189812,0,8.75389e-12,1.00728e-12
basic,679,1,0,8,1e-12,0.0189991,0,1.02318e-11,1.02395e-12
basic,680,1,0,8,1e-12,0.0190952,0,9.43601e-12,9.61346e-13
basic,681,1,0,8,1e-12,0.0197078,0,1.05729e-11,1.00972e-12
basic,682,1,0,8,1e-12,0.0199604,0,8.07177e-12,9.71779e-13
basic,683,1,0,8,1e-12,0.0198907,0,8.75389e-12,9.46821e-13
basic,684,1,0,8,1e-12,0.0199429,0,1.23919e-11,9.58238e-13
basic,685,1,0,8,1e-12,0.0200961,0,9.20863e-12,1.00152e-12
basic,686,1,0,8,1e-12,0.0199606,0,6.70752e-12,9.46712e-13
basic,687,1,0,8,1e-12,0.0202136,0,8.29914e-12,1.04869e-12
basic,688,1,0,8,1e-12,0.0199896,0,9.43601e-12,1.02805e-12
basic,689,1,0,8,1e-12,0.020317,0,8.29914e-12,9.66975e-13
basic,690,1,0,8,1e-12,0.0202487,0,8.07177e-12,9.67729e-13
basic,691,1,0,8,1e-12,0.0205755,0,9.66338e-12,9.97946e-13
basic,692,1,0,8,1e-12,0.0204405,0,9.43601e-12,9.38523e-13
basic,693,1,0,8,1e-12,0.0205342,0,1.05729e-11,9.6787e-13
basic,694,1,0,8,1e-12,0.0206658,0,7.50333e-12,9.56766e-13
basic,695,1,0,8,1e-12,0.0205206,0,8.29914e-12,9.577e-13
basic,696,1,0,8,1e-12,0.020647,0,9.43601e-12,1.07015e-12
basic,697,1,0,8,1e-12,0.0201329,0,1.26192e-11,1.02205e-12
basic,698,1,0,8,1e-12,0.020244,0,1.02318e-11,1.05057e-12
basic,699,1,0,8,1e-12,0.0202848,0,7.84439e-12,1.01392e-12
basic,700,1,0,8,1e-12,0.0201676,0,6.25278e-12,9.80892e-13
basic,701,1,0,8,1e-12,0.0202774,0,1.22782e-11,1.03251e-12
basic,702,1,0,8,1e-12,0.0206683,0,1.3415e-11,1.07398e-12
basic,703,1,0,8,1e-12,0.0204086,0,8.86757e-12,9.85203e-13
basic,704,1,0,8,1e-12,0.0204452,0,1.00044e-11,1.04706e-12
basic,705,1,0,8,1e-12,0.0205234,0,8.98126e-12,9.38466e-13
basic,706,1,0,8,1e-12,0.0205007,0,1.21645e-11,1.01571e-12
basic,707,1,0,8,1e-12,0.020613,0,1.50067e-11,9.75745e-13
basic,708,1,0,8,1e-12,0.0206457,0,9.20863e-12,9.92407e-13
basic,709,1,0,8,1e-12,0.0206943,0,1.53477e-11,9.95415e-13
basic,710,1,0,8,1e-12,0.0209192,0,1.01181e-11,9.73073e-13
basic,711,1,0,8,1e-12,0.0208286,0,1.63709e-11,1.04531e-12
basic,712,1,0,8,1e-12,0.0208569,0,7.27596e-12,9.73135e-13
basic,713,1,0,8,1e-12,0.0208144,0,1.09139e-11,9.92829e-13
basic,714,1,0,8,1e-12,0.021059,0,1.10276e-11,1.04919e-12
basic,715,1,0,8,1e-12,0.0212371,0,8.75389e-12,1.05886e-12
basic,716,1,0,8,1e-12,0.0211158,0,9.54969e-12,9.73222e-13
basic,717,1,0,8,1e-12,0.0210845,0,1.43245e-11,9.75462e-13
basic,718,1,0,8,1e-12,0.0212641,0,1.13687e-11,9.92316e-13
basic,719,1,0,8,1e-12,0.0212668,0,1.02318e-11,1.0682e-12
basic,720,1,0,8,1e-12,0.021346,0,7.95808e-12,1.01264e-12
basic,721,1,0,8,1e-12,0.0212866,0,1.31877e-11,1.02689e-12
basic,722,1,0,8,1e-12,0.0214161,0,6.9349e-12,1.00068e-12
basic,723,1,0,8,1e-12,0.021549,0,1.18234e-11,9.53535e-13
basic,724,1,0,8,1e-12,0.0214945,0,8.41283e-12,1.00016e-12
basic,725,1,0,8,1e-12,0.0216296,0,1.06866e-11,1.05625e-12
basic,726,1,0,8,1e-12,0.021657,0,1.18234e-11,1.02247e-12
basic,727,1,0,8,1e-12,0.0217528,0,7.61702e-12,1.05094e-12
basic,728,1,0,8,1e-12,0.0216637,0,9.43601e-12,9.29511e-13
basic,729,1,0,8,1e-12,0.0218977,0,7.84439e-12,9.99834e-13
basic,730,1,0,8,1e-12,0.0219881,0,1.13687e-11,9.90565e-13
basic,731,1,0,8,1e-12,0.022116,0,1.17097e-11,1.00393e-12
basic,732,1,0,8,1e-12,0.0221842,0,8.52651e-12,1.05448e-12
basic,733,1,0,8,1e-12,0.0221436,0,9.77707e-12,1.00877e-12
basic,734,1,0,8,1e-12,0.0221589,0,9.43601e-12,1.1136e-12
basic,735,1,0,8,1e-12,0.0221527,0,9.54969e-12,1.03951e-12
basic,736,1,0,8,1e-12,0.0223239,0,7.95808e-12,1.05008e-12
basic,737,1,0,8,1e-12,0.0223244,0,9.32232e-12,1.02086e-12
basic,738,1,0,8,1e-12,0.022265,0,1.23919e-11,1.00583e-12
basic,739,1,0,8,1e-12,0.022495,0,1.02318e-11,1.03805e-12
basic,740,1,0,8,1e-12,0.0225757,0,1.02318e-11,1.0542e-12
basic,741,1,0,8,1e-12,0.0225129,0,1.25056e-11,1.02511e-12
basic,742,1,0,8,1e-12,0.022684,0,1.03455e-11,9.76907e-13
basic,743,1,0,8,1e-12,0.0227951,0,8.75389e-12,1.03258e-12
basic,744,1,0,8,1e-12,0.0229677,0,1.00044e-11,1.08954e-12
basic,745,1,0,8,1e-12,0.0228125,0,9.20863e-12,1.00405e-12
basic,746,1,0,8,1e-12,0.0230022,0,9.43601e-12,9.89772e-13
basic,747,1,0,8,1e-12,0.0229794,0,9.66338e-12,9.68842e-13
basic,748,1,0,8,1e-12,0.0230919,0,1.31877e-11,1.00778e-12
basic,749,1,0,8,1e-12,0.023371,0,7.38964e-12,1.00186e-12
basic,750,1,0,8,1e-12,0.0233494,0,1.04592e-11,1.01406e-12
basic,751,1,0,8,1e-12,0.0233872,0,1.18234e-11,1.03545e-12
basic,752,1,0,8,1e-12,0.0232215,0,7.04858e-12,9.12152e-13
basic,753,1,0,8,1e-12,0.0234158,0,1.01181e-11,9.71691e-13
basic,754,1,0,8,1e-12,0.0235128,0,1.18234e-11,1.0023e-12
basic,755,1,0,8,1e-12,0.0234061,0,1.14824e-11,1.02217e-12
basic,756,1,0,8,1e-12,0.0235055,0,1.43245e-11,9.74936e-13
basic,757,1,0,8,1e-12,0.0235801,0,1.03455e-11,9.6471e-13
basic,758,1,0,8,1e-12,0.0238468,0,1.65983e-11,1.11234e-12
basic,759,1,0,8,1e-12,0.0238788,0,1.56888e-11,1.00317e-12
basic,760,1,0,8,1e-12,0.0236661,0,1.08002e-11,1.06007e-12
basic,761,1,0,8,1e-12,0.0237468,0,9.66338e-12,1.05954e-12
basic,762,1,0,8,1e-12,0.023933,0,8.41283e-12,9.75876e-13
basic,763,1,0,8,1e-12,0.024049,0,9.43601e-12,1.02951e-12
basic,764,1,0,8,1e-12,0.0243964,0,8.52651e-12,1.03237e-12
basic,765,1,0,8,1e-12,0.0242173,0,1.03455e-11,1.0014e-12
basic,766,1,0,8,1e-12,0.0242562,0,1.06866e-11,1.06519e-12
basic,767,1,0,8,1e-12,0.0250612,0,1.45519e-11,9.93821e-13
basic,768,1,0,8,1e-12,0.0257009,0,1.01181e-11,1.02834e-12
basic,769,1,0,8,1e-12,0.0245514,0,1.33014e-11,1.08137e-12
basic,770,1,0,8,1e-12,0.0244779,0,7.38964e-12,9.3079e-13
basic,771,1,0,8,1e-12,0.0246841,0,1.51203e-11,1.02412e-12
basic,772,1,0,8,1e-12,0.0245944,0,6.13909e-12,9.54843e-13
basic,773,1,0,8,1e-12,0.0246099,0,1.18234e-11,1.05612e-12
basic,774,1,0,8,1e-12,0.0246671,0,1.26192e-11,9.35332e-13
basic,775,1,0,8,1e-12,0.0245932,0,1.01181e-11,9.78183e-13
basic,776,1,0,8,1e-12,0.0246397,0,1.44382e-11,1.06873e-12
basic,777,1,0,8,1e-12,0.0248067,0,9.09495e-12,9.70449e-13
basic,778,1,0,8,1e-12,0.0250048,0,1.09139e-11,1.00017e-12
basic,779,1,0,8,1e-12,0.0249834,0,1.18234e-11,1.08978e-12
basic,780,1,0,8,1e-12,0.0251862,0,1.21645e-11,9.94111e-13
basic,781,1,0,8,1e-12,0.0250815,0,1.21645e-11,1.0796e-12
basic,782,1,0,8,1e-12,0.0253255,0,8.6402e-12,1.02839e-12
basic,783,1,0,8,1e-12,0.025348,0,8.52651e-12,1.07753e-12
basic,784,1,0,8,1e-12,0.0252828,0,1.50067e-11,1.02908e-12
basic,785,1,0,8,1e-12,0.0250344,0,1.37561e-11,1.00839e-12
basic,786,1,0,8,1e-12,0.0250408,0,1.11413e-11,1.00965e-12
basic,787,1,0,8,1e-12,0.0250555,0,7.38964e-12,1.03979e-12
basic,788,1,0,8,1e-12,0.0248712,0,1.45519e-11,1.06488e-12
basic,789,1,0,8,1e-12,0.0251962,0,1.02318e-11,9.99748e-13
basic,790,1,0,8,1e-12,0.0251151,0,9.66338e-12,1.1064e-12
basic,791,1,0,8,1e-12,0.0251094,0,9.32232e-12,1.02255e-12
basic,792,1,0,8,1e-12,0.0253768,0,1.02318e-11,1.03672e-12
basic,793,1,0,8,1e-12,0.0252769,0,1.03455e-11,1.11965e-12
basic,794,1,0,8,1e-12,0.0253213,0,6.82121e-12,9.19253e-13
basic,795,1,0,8,1e-12,0.0255191,0,1.39835e-11,9.64539e-13
basic,796,1,0,8,1e-12,0.0255667,0,1.15961e-11,1.04817e-12
basic,797,1,0,8,1e-12,0.0257692,0,1.80762e-11,9.88401e-13
basic,798,1,0,8,1e-12,0.0256513,0,1.23919e-11,1.09559e-12
basic,799,1,0,8,1e-12,0.0257132,0,7.61702e-12,1.0199e-12
basic,800,1,0,8,1e-12,0.0258531,0,9.89075e-12,1.04304e-12
basic,801,1,0,8,1e-12,0.025781,0,8.29914e-12,9.68776e-13
basic,802,1,0,8,1e-12,0.0259447,0,7.84439e-12,9.5631e-13
basic,803,1,0,8,1e-12,0.025828,0,7.50333e-12,9.97927e-13
basic,804,1,0,8,1e-12,0.0259394,0,8.07177e-12,1.00425e-12
basic,805,1,0,8,1e-12,0.0262173,0,1.27329e-11,1.09708e-12
basic,806,1,0,8,1e-12,0.0260322,0,1.22782e-11,1.04705e-12
basic,807,1,0,8,1e-12,0.0260122,0,1.22782e-11,1.01593e-12
basic,808,1,0,8,1e-12,0.0261082,0,1.01181e-11,1.10731e-12
basic,809,1,0,8,1e-12,0.0263802,0,8.07177e-12,1.02857e-12
basic,810,1,0,8,1e-12,0.0264912,0,9.54969e-12,1.01444e-12
basic,811,1,0,8,1e-12,0.0265132,0,9.43601e-12,1.04238e-12
basic,812,1,0,8,1e-12,0.0265313,0,1.29603e-11,1.08041e-12
basic,813,1,0,8,1e-12,0.0266906,0,1.14824e-11,1.16621e-12
basic,814,1,0,8,1e-12,0.0264403,0,1.17097e-11,1.0859e-12
basic,815,1,0,8,1e-12,0.026861,0,1.21645e-11,9.85694e-13
basic,816,1,0,8,1e-12,0.0268467,0,1.04592e-11,1.0514e-12
basic,817,1,0,8,1e-12,0.0269258,0,8.52651e-12,1.02014e-12
basic,818,1,0,8,1e-12,0.0271398,0,7.95808e-12,1.03796e-12
basic,819,1,0,8,1e-12,0.0271857,0,1.10276e-11,1.17094e-12
basic,820,1,0,8,1e-12,0.0271994,0,1.14824e-11,1.0325e-12
basic,821,1,0,8,1e-12,0.0270144,0,8.52651e-12,9.72138e-13
basic,822,1,0,8,1e-12,0.027257,0,1.25056e-11,1.07566e-12
basic,823,1,0,8,1e-12,0.0271197,0,1.15961e-11,1.10049e-12
basic,824,1,0,8,1e-12,0.0273984,0,1.26192e-11,1.06555e-12
basic,825,1,0,8,1e-12,0.0273272,0,1.56888e-11,1.17352e-12
basic,826,1,0,8,1e-12,0.027379,0,1.03455e-11,1.05089e-12
basic,827,1,0,8,1e-12,0.0275564,0,2.33058e-11,1.06522e-12
basic,828,1,0,8,1e-12,0.027833,0,1.17097e-11,1.08647e-12
basic,829,1,0,8,1e-12,0.0277483,0,1.4893e-11,1.00547e-12
basic,830,1,0,8,1e-12,0.0278129,0,9.54969e-12,1.05491e-12
basic,831,1,0,8,1e-12,0.0278888,0,9.66338e-12,1.02129e-12
basic,832,1,0,8,1e-12,0.0279486,0,1.84173e-11,1.09823e-12
basic,833,1,0,8,1e-12,0.027959,0,1.27329e-11,1.13261e-12
basic,834,1,0,8,1e-12,0.0280243,0,8.86757e-12,1.12655e-12
basic,835,1,0,8,1e-12,0.0280187,0,1.14824e-11,1.06282e-12
basic,836,1,0,8,1e-12,0.0283613,0,1.15961e-11,1.10839e-12
basic,837,1,0,8,1e-12,0.0280536,0,1.03455e-11,1.05768e-12
basic,838,1,0,8,1e-12,0.0284172,0,1.04592e-11,1.07051e-12
basic,839,1,0,8,1e-12,0.0284591,0,1.00044e-11,1.08585e-12
basic,840,1,0,8,1e-12,0.0283285,0,7.95808e-12,1.03215e-12
basic,841,1,0,8,1e-12,0.0285813,0,1.06866e-11,1.04012e-12
basic,842,1,0,8,1e-12,0.0284738,0,1.11413e-11,1.00717e-12
basic,843,1,0,8,1e-12,0.0285393,0,8.86757e-12,1.09699e-12
basic,844,1,0,8,1e-12,0.0285801,0,8.07177e-12,1.05069e-12
basic,845,1,0,8,1e-12,0.0288622,0,1.17097e-11,1.03721e-12
basic,846,1,0,8,1e-12,0.0288661,0,8.98126e-12,9.88579e-13
basic,847,1,0,8,1e-12,0.02871,0,1.13687e-11,1.09091e-12
basic,848,1,0,8,1e-12,0.0291351,0,9.43601e-12,1.11176e-12
basic,849,1,0,8,1e-12,0.0289847,0,9.66338e-12,1.03739e-12
basic,850,1,0,8,1e-12,0.029355,0,1.38698e-11,1.12403e-12
basic,851,1,0,8,1e-12,0.0292818,0,1.14824e-11,1.09428e-12
basic,852,1,0,8,1e-12,0.0298969,0,1.45519e-11,1.12659e-12
basic,853,1,0,8,1e-12,0.0300363,0,8.29914e-12,1.05153e-12
basic,854,1,0,8,1e-12,0.0298617,0,9.09495e-12,1.08807e-12
basic,855,1,0,8,1e-12,0.0300791,0,1.05729e-11,1.01477e-12
basic,856,1,0,8,1e-12,0.0300639,0,7.84439e-12,1.03139e-12
basic,857,1,0,8,1e-12,0.0301156,0,1.03455e-11,1.01793e-12
basic,858,1,0,8,1e-12,0.0306384,0,9.54969e-12,1.00694e-12
basic,859,1,0,8,1e-12,0.030604,0,1.11413e-11,1.10948e-12
basic,860,1,0,8,1e-12,0.03059,0,8.29914e-12,1.00455e-12
basic,861,1,0,8,1e-12,0.0305749,0,1.1255e-11,1.07837e-12
basic,862,1,0,8,1e-12,0.0304927,0,1.10276e-11,1.03058e-12
basic,863,1,0,8,1e-12,0.0305286,0,1.10276e-11,1.07538e-12
basic,864,1,0,8,1e-12,0.0309404,0,8.98126e-12,1.06523e-12
basic,865,1,0,8,1e-12,0.0303565,0,1.01181e-11,1.03072e-12
basic,866,1,0,8,1e-12,0.0303831,0,1.06866e-11,9.40067e-13
basic,867,1,0,8,1e-12,0.0302236,0,9.09495e-12,1.02868e-12
basic,868,1,0,8,1e-12,0.03043,0,1.09139e-11,1.00324e-12
basic,869,1,0,8,1e-12,0.0306875,0,1.18234e-11,1.0248e-12
basic,870,1,0,8,1e-12,0.0306211,0,1.31877e-11,1.12589e-12
basic,871,1,0,8,1e-12,0.0306342,0,9.20863e-12,1.04147e-12
basic,872,1,0,8,1e-12,0.0305414,0,1.02318e-11,1.1031e-12
basic,873,1,0,8,1e-12,0.0306436,0,1.10276e-11,1.09838e-12
basic,874,1,0,8,1e-12,0.0306925,0,1.05729e-11,1.11007e-12
basic,875,1,0,8,1e-12,0.0307252,0,1.18234e-11,1.01297e-12
basic,876,1,0,8,1e-12,0.0310769,0,1.00044e-11,1.0643e-12
basic,877,1,0,8,1e-12,0.0311026,0,9.66338e-12,1.04649e-12
basic,878,1,0,8,1e-12,0.0309418,0,9.77707e-12,1.01845e-12
basic,879,1,0,8,1e-12,0.0312166,0,1.35287e-11,1.05776e-12
basic,880,1,0,8,1e-12,0.0311812,0,1.28466e-11,1.06706e-12
basic,881,1,0,8,1e-12,0.0315271,0,1.04592e-11,1.0783e-12
basic,882,1,0,8,1e-12,0.0315258,0,9.20863e-12,1.07283e-12
basic,883,1,0,8,1e-12,0.0313311,0,1.10276e-11,1.06579e-12
basic,884,1,0,8,1e-12,0.0314672,0,1.13687e-11,1.12962e-12
basic,885,1,0,8,1e-12,0.0316749,0,1.59162e-11,9.96691e-13
basic,886,1,0,8,1e-12,0.0314892,0,1.06866e-11,1.15456e-12
basic,887,1,0,8,1e-12,0.031586,0,9.89075e-12,1.04778e-12
basic,888,1,0,8,1e-12,0.0318067,0,9.54969e-12,1.06976e-12
basic,889,1,0,8,1e-12,0.0319195,0,1.10276e-11,1.08662e-12
basic,890,1,0,8,1e-12,0.0320216,0,1.09139e-11,1.02315e-12
basic,891,1,0,8,1e-12,0.0319875,0,9.77707e-12,1.1281e-12
basic,892,1,0,8,1e-12,0.0321578,0,8.29914e-12,1.08983e-12
basic,893,1,0,8,1e-12,0.0320312,0,9.20863e-12,1.05254e-12
basic,894,1,0,8,1e-12,0.0322449,0,1.11413e-11,1.04736e-12
basic,895,1,0,8,1e-12,0.0328889,0,1.45519e-11,1.11097e-12
basic,896,1,0,8,1e-12,0.0320948,0,1.59162e-11,9.66525e-13
basic,897,1,0,8,1e-12,0.0323667,0,9.09495e-12,1.08998e-12
basic,898,1,0,8,1e-12,0.0322988,0,8.52651e-12,1.01973e-12
basic,899,1,0,8,1e-12,0.0324142,0,1.43245e-11,1.09193e-12
basic,900,1,0,8,1e-12,0.0328132,0,1.31877e-11,1.06055e-12
basic,901,1,0,8,1e-12,0.0324124,0,1.33014e-11,1.07824e-12
basic,902,1,0,8,1e-12,0.0327056,0,1.5234e-11,1.13003e-12
basic,903,1,0,8,1e-12,0.0326109,0,1.14824e-11,1.15662e-12
basic,904,1,0,8,1e-12,0.0329632,0,1.33014e-11,1.12279e-12
basic,905,1,0,8,1e-12,0.033059,0,1.39835e-11,1.13006e-12
basic,906,1,0,8,1e-12,0.0331342,0,8.75389e-12,1.10435e-12
basic,907,1,0,8,1e-12,0.0331954,0,7.95808e-12,1.04699e-12
basic,908,1,0,8,1e-12,0.0333519,0,1.36424e-11,1.11448e-12
basic,909,1,0,8,1e-12,0.0335151,0,1.64846e-11,1.1695e-12
basic,910,1,0,8,1e-12,0.033565,0,1.5234e-11,1.08873e-12
basic,911,1,0,8,1e-12,0.0336453,0,1.14824e-11,1.08998e-12
basic,912,1,0,8,1e-12,0.0335987,0,8.98126e-12,1.07785e-12
basic,913,1,0,8,1e-12,0.0337887,0,9.09495e-12,1.08318e-12
basic,914,1,0,8,1e-12,0.0336407,0,9.66338e-12,1.01845e-12
basic,915,1,0,8,1e-12,0.0337224,0,9.20863e-12,1.07184e-12
basic,916,1,0,8,1e-12,0.0342108,0,1.10276e-11,1.0079e-12
basic,917,1,0,8,1e-12,0.034094,0,8.75389e-12,1.07034e-12
basic,918,1,0,8,1e-12,0.0340754,0,8.07177e-12,1.05836e-12
basic,919,1,0,8,1e-12,0.0337769,0,9.54969e-12,1.05119e-12
basic,920,1,0,8,1e-12,0.0343692,0,1.3415e-11,1.09916e-12
basic,921,1,0,8,1e-12,0.0343219,0,1.23919e-11,1.12941e-12
basic,922,1,0,8,1e-12,0.0344739,0,1.05729e-11,1.1299e-12
basic,923,1,0,8,1e-12,0.0345863,0,1.01181e-11,1.05866e-12
basic,924,1,0,8,1e-12,0.0342821,0,1.27329e-11,1.07494e-12
basic,925,1,0,8,1e-12,0.0342847,0,1.01181e-11,9.64772e-13
basic,926,1,0,8,1e-12,0.0344612,0,1.09139e-11,1.08391e-12
basic,927,1,0,8,1e-12,0.0348496,0,1.29603e-11,1.08758e-12
basic,928,1,0,8,1e-12,0.0349803,0,9.66338e-12,1.13008e-12
basic,929,1,0,8,1e-12,0.0348071,0,1.43245e-11,1.12572e-12
basic,930,1,0,8,1e-12,0.0347837,0,1.11413e-11,1.10051e-12
basic,931,1,0,8,1e-12,0.0349955,0,9.89075e-12,1.07213e-12
basic,932,1,0,8,1e-12,0.0349054,0,1.05729e-11,1.1166e-12
basic,933,1,0,8,1e-12,0.034912,0,1.28466e-11,1.00903e-12
basic,934,1,0,8,1e-12,0.0351764,0,1.05729e-11,1.09715e-12
basic,935,1,0,8,1e-12,0.035468,0,1.39835e-11,1.14739e-12
basic,936,1,0,8,1e-12,0.0355194,0,9.77707e-12,1.01587e-12
basic,937,1,0,8,1e-12,0.0354458,0,1.40972e-11,1.0488e-12
basic,938,1,0,8,1e-12,0.0346645,0,1.25056e-11,1.12017e-12
basic,939,1,0,8,1e-12,0.0352482,0,1.14824e-11,1.12018e-12
basic,940,1,0,8,1e-12,0.0350758,0,9.54969e-12,1.07313e-12
basic,941,1,0,8,1e-12,0.0353152,0,1.05729e-11,1.11006e-12
basic,942,1,0,8,1e-12,0.0352205,0,1.00044e-11,1.06951e-12
basic,943,1,0,8,1e-12,0.0350433,0,1.37561e-11,1.09964e-12
basic,944,1,0,8,1e-12,0.035259,0,1.14824e-11,1.06379e-12
basic,945,1,0,8,1e-12,0.0353896,0,9.77707e-12,1.05273e-12
basic,946,1,0,8,1e-12,0.0351157,0,1.29603e-11,1.07001e-12
basic,947,1,0,8,1e-12,0.0354627,0,1.7053e-11,1.0619e-12
basic,948,1,0,8,1e-12,0.0353413,0,1.75078e-11,1.0828e-12
basic,949,1,0,8,1e-12,0.0355514,0,1.27329e-11,1.11901e-12
basic,950,1,0,8,1e-12,0.0355907,0,1.03455e-11,9.95809e-13
basic,951,1,0,8,1e-12,0.0354764,0,1.26192e-11,1.08759e-12
basic,952,1,0,8,1e-12,0.0362218,0,1.14824e-11,1.11188e-12
basic,953,1,0,8,1e-12,0.0358513,0,1.03455e-11,1.07318e-12
basic,954,1,0,8,1e-12,0.0359522,0,1.08002e-11,1.09641e-12
basic,955,1,0,8,1e-12,0.0359871,0,1.26192e-11,1.03464e-12
basic,956,1,0,8,1e-12,0.0359861,0,9.32232e-12,1.01313e-12
basic,957,1,0,8,1e-12,0.0360526,0,1.28466e-11,1.03166e-12
basic,958,1,0,8,1e-12,0.0361221,0,1.46656e-11,1.07173e-12
basic,959,1,0,8,1e-12,0.036486,0,1.25056e-11,1.15878e-12
basic,960,1,0,8,1e-12,0.0362396,0,1.19371e-11,1.05542e-12
basic,961,1,0,8,1e-12,0.0365253,0,1.19371e-11,1.046e-12
basic,962,1,0,8,1e-12,0.0366456,0,1.50067e-11,1.09572e-12
basic,963,1,0,8,1e-12,0.03652,0,1.33014e-11,1.14899e-12
basic,964,1,0,8,1e-12,0.0368837,0,1.28466e-11,1.08155e-12
basic,965,1,0,8,1e-12,0.0367574,0,1.51203e-11,1.1676e-12
basic,966,1,0,8,1e-12,0.0366565,0,9.89075e-12,1.06372e-12
basic,967,1,0,8,1e-12,0.0373287,0,1.44382e-11,1.16369e-12
basic,968,1,0,8,1e-12,0.0368916,0,1.14824e-11,1.08929e-12
basic,969,1,0,8,1e-12,0.0370803,0,8.86757e-12,9.77318e-13
basic,970,1,0,8,1e-12,0.037092,0,1.17097e-11,1.13574e-12
basic,971,1,0,8,1e-12,0.0372507,0,2.14868e-11,1.09563e-12
basic,972,1,0,8,1e-12,0.0372778,0,1.38698e-11,1.05194e-12
basic,973,1,0,8,1e-12,0.0375364,0,1.02318e-11,1.00989e-12
basic,974,1,0,8,1e-12,0.0374149,0,1.08002e-11,1.04768e-12
basic,975,1,0,8,1e-12,0.0376841,0,8.52651e-12,1.07022e-12
basic,976,1,0,8,1e-12,0.0378791,0,1.1255e-11,1.01063e-12
basic,977,1,0,8,1e-12,0.0382404,0,1.62572e-11,1.19076e-12
basic,978,1,0,8,1e-12,0.0377275,0,1.51203e-11,1.00856e-12
basic,979,1,0,8,1e-12,0.0381444,0,9.32232e-12,1.10264e-12
basic,980,1,0,8,1e-12,0.0381196,0,1.25056e-11,1.12807e-12
basic,981,1,0,8,1e-12,0.0381478,0,1.63709e-11,1.11248e-12
basic,982,1,0,8,1e-12,0.0388003,0,1.08002e-11,1.08424e-12
basic,983,1,0,8,1e-12,0.0381609,0,1.3415e-11,1.079e-12
basic,984,1,0,8,1e-12,0.038219,0,9.09495e-12,1.08558e-12
basic,985,1,0,8,1e-12,0.0381097,0,1.40972e-11,1.03813e-12
basic,986,1,0,8,1e-12,0.0383629,0,9.43601e-12,1.10957e-12
basic,987,1,0,8,1e-12,0.0385496,0,1.04592e-11,1.06864e-12
basic,988,1,0,8,1e-12,0.0389131,0,1.28466e-11,1.10168e-12
basic,989,1,0,8,1e-12,0.0382995,0,1.15961e-11,9.92118e-13
basic,990,1,0,8,1e-12,0.0387324,0,1.20508e-11,1.11912e-12
basic,991,1,0,8,1e-12,0.0386514,0,1.40972e-11,1.06921e-12
basic,992,1,0,8,1e-12,0.0391899,0,1.61435e-11,1.08196e-12
basic,993,1,0,8,1e-12,0.039354,0,1.36424e-11,1.05239e-12
basic,994,1,0,8,1e-12,0.0399288,0,1.54614e-11,1.09858e-12
basic,995,1,0,8,1e-12,0.0403763,0,1.10276e-11,1.15874e-12
basic,996,1,0,8,1e-12,0.0401636,0,1.17097e-11,1.14191e-12
basic,997,1,0,8,1e-12,0.0399058,0,9.54969e-12,1.05103e-12
basic,998,1,0,8,1e-12,0.0400966,0,1.20508e-11,1.15383e-12
basic,999,1,0,8,1e-12,0.0403566,0,1.14824e-11,1.00701e-12
basic,1000,1,0,8,1e-12,0.0405183,0,1.19371e-11,1.12626e-12
