version, size, hermitian, complex, seed, tol, runtime in s,min_error, max_error, avg_error
basic,1,1,0,10,1e-12,3.282e-06,0,0,0
basic,2,1,0,10,1e-12,5.378e-06,0,1.13687e-13,5.68434e-14
basic,3,1,0,10,1e-12,3.841e-06,1.13687e-13,3.41061e-13,2.27374e-13
basic,4,1,0,10,1e-12,4.819e-06,1.13687e-13,2.27374e-13,1.84741e-13
basic,5,1,0,10,1e-12,5.657e-06,5.68434e-14,2.27374e-13,1.13687e-13
basic,6,1,0,10,1e-12,7.612e-06,7.10543e-15,4.54747e-13,1.43293e-13
basic,7,1,0,10,1e-12,8.939e-06,5.68434e-14,4.54747e-13,1.95907e-13
basic,8,1,0,10,1e-12,2.3257e-05,0,4.54747e-13,1.64313e-13
basic,9,1,0,10,1e-12,1.0896e-05,0,2.27374e-13,1.03621e-13
basic,10,1,0,10,1e-12,6.635e-06,5.15143e-14,1.36424e-12,4.02345e-13
basic,11,1,0,10,1e-12,8.031e-06,6.75016e-14,1.36424e-12,3.43967e-13
basic,12,1,0,10,1e-12,8.94e-06,1.13687e-13,1.02318e-12,4.41277e-13
basic,13,1,0,10,1e-12,9.917e-06,8.88178e-15,5.68434e-13,2.77248e-13
basic,14,1,0,10,1e-12,1.0546e-05,0,6.82121e-13,1.71038e-13
basic,15,1,0,10,1e-12,1.341e-05,0,4.54747e-13,2.2311e-13
basic,16,1,0,10,1e-12,1.5225e-05,0,1.02318e-12,3.28626e-13
basic,17,1,0,10,1e-12,1.753e-05,0,2.27374e-12,4.77944e-13
basic,18,1,0,10,1e-12,1.8089e-05,0,7.95808e-13,2.70993e-13
basic,19,1,0,10,1e-12,1.9905e-05,0,1.36424e-12,3.80982e-13
basic,20,1,0,10,1e-12,2.0603e-05,7.10543e-15,1.7053e-12,4.58478e-13
basic,21,1,0,10,1e-12,2.3746e-05,0,1.13687e-12,3.39792e-13
basic,22,1,0,10,1e-12,2.4514e-05,0,1.13687e-12,3.23458e-13
basic,23,1,0,10,1e-12,2.6679e-05,0,1.02318e-12,2.741e-13
basic,24,1,0,10,1e-12,3.0032e-05,0,7.95808e-13,2.99094e-13
basic,25,1,0,10,1e-12,3.101e-05,0,1.13687e-12,3.28342e-13
basic,26,1,0,10,1e-12,3.3943e-05,0,1.25056e-12,3.7447e-13
basic,27,1,0,10,1e-12,3.5689e-05,0,1.81899e-12,5.17051e-13
basic,28,1,0,10,1e-12,3.925e-05,0,1.25056e-12,2.9202e-13
basic,29,1,0,10,1e-12,4.1905e-05,0,1.7053e-12,3.41306e-13
basic,30,1,0,10,1e-12,4.5537e-05,0,1.59162e-12,5.05492e-13
basic,31,1,0,10,1e-12,4.5746e-05,0,1.59162e-12,4.39906e-13
basic,32,1,0,10,1e-12,4.7143e-05,0,1.59162e-12,5.35072e-13
basic,33,1,0,10,1e-12,5.1962e-05,0,2.95586e-12,4.37199e-13
basic,34,1,0,10,1e-12,5.5105e-05,2.30926e-14,1.7053e-12,4.96805e-13
basic,35,1,0,10,1e-12,5.5873e-05,0,1.25056e-12,3.87094e-13
basic,36,1,0,10,1e-12,6.0064e-05,0,1.59162e-12,4.24648e-13
basic,37,1,0,10,1e-12,6.3625e-05,0,1.13687e-12,3.77836e-13
basic,38,1,0,10,1e-12,6.9352e-05,0,3.18323e-12,7.19331e-13
basic,39,1,0,10,1e-12,7.2985e-05,0,1.59162e-12,4.93782e-13
basic,40,1,0,10,1e-12,7.487e-05,0,1.81899e-12,4.62208e-13
basic,41,1,0,10,1e-12,7.913e-05,0,2.04636e-12,3.93225e-13
basic,42,1,0,10,1e-12,8.1435e-05,0,2.6148e-12,5.59129e-13
basic,43,1,0,10,1e-12,8.7302e-05,0,1.7053e-12,4.15007e-13
basic,44,1,0,10,1e-12,8.6813e-05,0,2.50111e-12,4.50589e-13
basic,45,1,0,10,1e-12,9.5822e-05,0,1.81899e-12,5.00577e-13
basic,46,1,0,10,1e-12,0.000100572,0,2.04636e-12,3.77244e-13
basic,47,1,0,10,1e-12,0.000100153,0,1.02318e-12,3.44878e-13
basic,48,1,0,10,1e-12,0.000111257,0,3.86535e-12,6.30385e-13
basic,49,1,0,10,1e-12,0.000112654,0,3.18323e-12,5.8279e-13
basic,50,1,0,10,1e-12,0.00011901,0,2.27374e-12,3.92966e-13
basic,51,1,0,10,1e-12,0.000117264,0,1.13687e-12,3.48584e-13
basic,52,1,0,10,1e-12,0.000127112,0,1.93268e-12,4.18639e-13
basic,53,1,0,10,1e-12,0.000130045,0,2.84217e-12,4.99123e-13
basic,54,1,0,10,1e-12,0.000139125,0,2.6148e-12,5.35835e-13
basic,55,1,0,10,1e-12,0.000140521,0,2.27374e-12,5.00513e-13
basic,56,1,0,10,1e-12,0.000143803,0,2.50111e-12,5.15968e-13
basic,57,1,0,10,1e-12,0.000146388,1.59872e-14,2.6148e-12,5.67904e-13
basic,58,1,0,10,1e-12,0.000150858,0,2.6148e-12,4.60291e-13
basic,59,1,0,10,1e-12,0.000152464,0,2.16005e-12,4.37857e-13
basic,60,1,0,10,1e-12,0.000160636,0,1.81899e-12,4.16911e-13
basic,61,1,0,10,1e-12,0.000167271,0,4.77485e-12,5.76064e-13
basic,62,1,0,10,1e-12,0.000173207,0,2.84217e-12,5.12565e-13
basic,63,1,0,10,1e-12,0.00017642,0,2.6148e-12,5.51291e-13
basic,64,1,0,10,1e-12,0.000185918,0,1.93268e-12,4.58494e-13
basic,65,1,0,10,1e-12,0.000189759,0,2.16005e-12,3.96674e-13
basic,66,1,0,10,1e-12,0.000205823,0,2.6148e-12,4.91862e-13
basic,67,1,0,10,1e-12,0.000210712,0,3.86535e-12,5.54462e-13
basic,68,1,0,10,1e-12,0.000217975,0,1.81899e-12,5.45054e-13
basic,69,1,0,10,1e-12,0.000213854,0,2.27374e-12,5.4995e-13
basic,70,1,0,10,1e-12,0.000221327,0,2.95586e-12,7.22926e-13
basic,71,1,0,10,1e-12,0.000227823,0,3.63798e-12,5.25677e-13
basic,72,1,0,10,1e-12,0.000236554,0,2.72848e-12,5.09025e-13
basic,73,1,0,10,1e-12,0.000241652,0,2.27374e-12,4.76891e-13
basic,74,1,0,10,1e-12,0.000245562,0,2.38742e-12,6.00553e-13
basic,75,1,0,10,1e-12,0.000257156,0,2.27374e-12,4.39897e-13
basic,76,1,0,10,1e-12,0.000262534,2.13163e-14,3.18323e-12,6.18009e-13
basic,77,1,0,10,1e-12,0.000268401,0,1.93268e-12,4.68981e-13
basic,78,1,0,10,1e-12,0.000276572,0,2.27374e-12,5.0674e-13
basic,79,1,0,10,1e-12,0.000274407,0,4.43379e-12,5.4388e-13
basic,80,1,0,10,1e-12,0.000288655,0,5.00222e-12,6.49858e-13
basic,81,1,0,10,1e-12,0.000301436,0,4.3201e-12,5.75386e-13
basic,82,1,0,10,1e-12,0.000307093,0,3.75167e-12,5.9131e-13
basic,83,1,0,10,1e-12,0.000316312,0,4.09273e-12,4.81264e-13
basic,84,1,0,10,1e-12,0.000314147,0,2.6148e-12,5.1489e-13
basic,85,1,0,10,1e-12,0.000327766,0,4.09273e-12,5.67159e-13
basic,86,1,0,10,1e-12,0.000329024,0,2.16005e-12,4.66438e-13
basic,87,1,0,10,1e-12,0.000361779,0,2.72848e-12,5.65229e-13
basic,88,1,0,10,1e-12,0.000352839,0,4.09273e-12,5.58967e-13
basic,89,1,0,10,1e-12,0.000363595,0,3.18323e-12,5.03547e-13
basic,90,1,0,10,1e-12,0.000368763,0,2.95586e-12,5.61131e-13
basic,91,1,0,10,1e-12,0.000373093,0,2.27374e-12,5.17564e-13
basic,92,1,0,10,1e-12,0.000371766,0,3.18323e-12,4.70271e-13
basic,93,1,0,10,1e-12,0.000385245,0,2.27374e-12,4.52723e-13
basic,94,1,0,10,1e-12,0.000401868,0,2.38742e-12,4.86098e-13
basic,95,1,0,10,1e-12,0.000399145,7.10543e-15,3.18323e-12,5.71931e-13
basic,96,1,0,10,1e-12,0.000418211,0,2.95586e-12,6.57678e-13
basic,97,1,0,10,1e-12,0.000417373,0,4.20641e-12,5.45616e-13
basic,98,1,0,10,1e-12,0.000427989,0,3.97904e-12,5.44109e-13
basic,99,1,0,10,1e-12,0.000439303,0,2.50111e-12,5.03265e-13
basic,100,1,0,10,1e-12,0.00044524,0,3.63798e-12,5.94813e-13
basic,101,1,0,10,1e-12,0.000454598,0,2.04636e-12,4.84154e-13
basic,102,1,0,10,1e-12,0.00045376,0,4.20641e-12,6.05546e-13
basic,103,1,0,10,1e-12,0.000462561,0,3.41061e-12,5.02743e-13
basic,104,1,0,10,1e-12,0.000472687,0,2.84217e-12,4.96799e-13
basic,105,1,0,10,1e-12,0.000517945,0,3.63798e-12,7.17648e-13
basic,106,1,0,10,1e-12,0.000508236,0,3.75167e-12,5.38085e-13
basic,107,1,0,10,1e-12,0.000515291,0,3.29692e-12,6.10652e-13
basic,108,1,0,10,1e-12,0.000527513,0,3.75167e-12,5.65885e-13
basic,109,1,0,10,1e-12,0.000547697,0,2.6148e-12,5.29452e-13
basic,110,1,0,10,1e-12,0.000520808,0,3.97904e-12,5.74167e-13
basic,111,1,0,10,1e-12,0.00054651,0,5.11591e-12,6.40817e-13
basic,112,1,0,10,1e-12,0.000554821,0,4.20641e-12,5.02217e-13
basic,113,1,0,10,1e-12,0.000567741,0,2.16005e-12,5.42905e-13
basic,114,1,0,10,1e-12,0.000570117,0,3.06954e-12,5.32969e-13
basic,115,1,0,10,1e-12,0.000579614,0,4.54747e-12,5.98493e-13
basic,116,1,0,10,1e-12,0.000593583,0,3.52429e-12,6.55169e-13
basic,117,1,0,10,1e-12,0.000613628,0,2.72848e-12,5.39314e-13
basic,118,1,0,10,1e-12,0.000603431,0,4.77485e-12,6.19873e-13
basic,119,1,0,10,1e-12,0.000618307,0,2.95586e-12,5.27444e-13
basic,120,1,0,10,1e-12,0.000627177,0,2.6148e-12,5.29428e-13
basic,121,1,0,10,1e-12,0.000625431,0,3.63798e-12,6.30592e-13
basic,122,1,0,10,1e-12,0.000646593,0,2.27374e-12,5.35208e-13
basic,123,1,0,10,1e-12,0.000638771,0,4.66116e-12,6.79969e-13
basic,124,1,0,10,1e-12,0.000679348,0,4.43379e-12,7.01503e-13
basic,125,1,0,10,1e-12,0.000694224,0,4.20641e-12,5.76662e-13
basic,126,1,0,10,1e-12,0.000698625,0,3.63798e-12,6.13717e-13
basic,127,1,0,10,1e-12,0.00070938,0,3.52429e-12,6.53545e-13
basic,128,1,0,10,1e-12,0.000706796,0,6.36646e-12,5.73944e-13
basic,129,1,0,10,1e-12,0.000719647,0,4.54747e-12,7.01812e-13
basic,130,1,0,10,1e-12,0.000741927,0,3.29692e-12,5.49031e-13
basic,131,1,0,10,1e-12,0.000743532,0,2.95586e-12,5.41382e-13
basic,132,1,0,10,1e-12,0.000739272,0,3.06954e-12,5.6908e-13
basic,133,1,0,10,1e-12,0.000774961,0,4.09273e-12,6.21765e-13
basic,134,1,0,10,1e-12,0.00077098,0,3.63798e-12,5.72464e-13
basic,135,1,0,10,1e-12,0.000768327,0,3.29692e-12,5.49697e-13
basic,136,1,0,10,1e-12,0.000845711,0,3.52429e-12,6.71633e-13
basic,137,1,0,10,1e-12,0.000788161,0,3.86535e-12,5.52356e-13
basic,138,1,0,10,1e-12,0.000831533,0,3.06954e-12,6.13873e-13
basic,139,1,0,10,1e-12,0.000842847,0,3.97904e-12,6.55131e-13
basic,140,1,0,10,1e-12,0.000839495,0,3.18323e-12,5.05881e-13
basic,141,1,0,10,1e-12,0.000854581,0,5.57066e-12,6.30997e-13
basic,142,1,0,10,1e-12,0.000894461,0,3.52429e-12,6.35348e-13
basic,143,1,0,10,1e-12,0.000873019,0,3.97904e-12,5.29019e-13
basic,144,1,0,10,1e-12,0.000940835,0,3.52429e-12,6.95912e-13
basic,145,1,0,10,1e-12,0.000899558,0,3.75167e-12,6.82109e-13
basic,146,1,0,10,1e-12,0.000905006,0,5.45697e-12,7.12733e-13
basic,147,1,0,10,1e-12,0.000949286,0,4.77485e-12,6.79257e-13
basic,148,1,0,10,1e-12,0.000944676,0,4.88853e-12,6.39068e-13
basic,149,1,0,10,1e-12,0.000963184,0,4.20641e-12,6.12819e-13
basic,150,1,0,10,1e-12,0.000949495,0,5.57066e-12,6.61574e-13
basic,151,1,0,10,1e-12,0.0010069,0,6.13909e-12,6.77815e-13
basic,152,1,0,10,1e-12,0.0010421,0,3.52429e-12,5.80892e-13
basic,153,1,0,10,1e-12,0.00100502,0,3.97904e-12,6.23629e-13
basic,154,1,0,10,1e-12,0.00101165,0,4.3201e-12,6.55233e-13
basic,155,1,0,10,1e-12,0.00104071,0,3.86535e-12,6.92275e-13
basic,156,1,0,10,1e-12,0.00105936,0,4.09273e-12,6.17853e-13
basic,157,1,0,10,1e-12,0.00107032,0,3.41061e-12,5.48125e-13
basic,158,1,0,10,1e-12,0.00105551,0,4.3201e-12,7.78382e-13
basic,159,1,0,10,1e-12,0.00113548,0,4.88853e-12,7.42964e-13
basic,160,1,0,10,1e-12,0.00117446,0,3.86535e-12,6.87228e-13
basic,161,1,0,10,1e-12,0.00109658,0,3.41061e-12,6.81691e-13
basic,162,1,0,10,1e-12,0.0011218,0,4.43379e-12,5.95211e-13
basic,163,1,0,10,1e-12,0.0011322,0,4.66116e-12,7.88277e-13
basic,164,1,0,10,1e-12,0.00116098,0,3.75167e-12,6.02223e-13
basic,165,1,0,10,1e-12,0.00118765,0,3.63798e-12,5.9508e-13
basic,166,1,0,10,1e-12,0.00115623,0,4.3201e-12,5.67091e-13
basic,167,1,0,10,1e-12,0.00120931,0,3.41061e-12,6.05881e-13
basic,168,1,0,10,1e-12,0.00125805,0,6.13909e-12,7.4395e-13
basic,169,1,0,10,1e-12,0.00117878,0,5.57066e-12,6.86478e-13
basic,170,1,0,10,1e-12,0.00127056,0,3.63798e-12,7.01698e-13
basic,171,1,0,10,1e-12,0.00122397,0,3.63798e-12,5.96435e-13
basic,172,1,0,10,1e-12,0.00122523,0,5.79803e-12,6.04679e-13
basic,173,1,0,10,1e-12,0.00128683,0,5.00222e-12,6.64948e-13
basic,174,1,0,10,1e-12,0.00127936,0,5.79803e-12,7.28332e-13
basic,175,1,0,10,1e-12,0.00128047,0,4.3201e-12,5.93699e-13
basic,176,1,0,10,1e-12,0.00135241,0,5.57066e-12,7.31915e-13
basic,177,1,0,10,1e-12,0.00139494,0,5.79803e-12,6.90551e-13
basic,178,1,0,10,1e-12,0.00132489,0,3.75167e-12,6.28037e-13
basic,179,1,0,10,1e-12,0.00142512,0,3.86535e-12,7.07392e-13
basic,180,1,0,10,1e-12,0.0014423,0,3.63798e-12,7.5692e-13
basic,181,1,0,10,1e-12,0.00134934,0,4.43379e-12,6.50863e-13
basic,182,1,0,10,1e-12,0.00147973,0,5.22959e-12,6.53045e-13
basic,183,1,0,10,1e-12,0.00142672,0,5.22959e-12,6.38799e-13
basic,184,1,0,10,1e-12,0.00151563,0,6.48015e-12,6.37881e-13
basic,185,1,0,10,1e-12,0.00144795,0,4.77485e-12,7.25853e-13
basic,186,1,0,10,1e-12,0.0015275,0,4.20641e-12,6.50237e-13
basic,187,1,0,10,1e-12,0.00152178,0,5.22959e-12,6.86733e-13
basic,188,1,0,10,1e-12,0.00154001,0,3.97904e-12,5.72634e-13
basic,189,1,0,10,1e-12,0.00152059,0,5.00222e-12,6.33017e-13
basic,190,1,0,10,1e-12,0.00157074,0,4.88853e-12,6.88091e-13
basic,191,1,0,10,1e-12,0.00159329,0,4.54747e-12,6.47273e-13
basic,192,1,0,10,1e-12,0.00161648,0,5.00222e-12,5.94668e-13
basic,193,1,0,10,1e-12,0.00155956,0,5.11591e-12,6.93442e-13
basic,194,1,0,10,1e-12,0.00164218,0,4.43379e-12,5.68517e-13
basic,195,1,0,10,1e-12,0.00162612,0,4.54747e-12,6.38833e-13
basic,196,1,0,10,1e-12,0.0016535,0,4.77485e-12,6.97057e-13
basic,197,1,0,10,1e-12,0.00159839,0,4.43379e-12,6.90949e-13
basic,198,1,0,10,1e-12,0.00165734,0,5.34328e-12,7.8951e-13
basic,199,1,0,10,1e-12,0.00168241,0,4.3201e-12,6.98144e-13
basic,200,1,0,10,1e-12,0.00179451,0,3.75167e-12,6.25264e-13
basic,201,1,0,10,1e-12,0.00166747,0,4.20641e-12,7.03238e-13
basic,202,1,0,10,1e-12,0.00174317,0,8.29914e-12,7.55497e-13
basic,203,1,0,10,1e-12,0.00175128,0,3.97904e-12,6.56123e-13
basic,204,1,0,10,1e-12,0.00181204,0,6.13909e-12,7.11492e-13
basic,205,1,0,10,1e-12,0.0018346,0,5.00222e-12,7.1478e-13
basic,206,1,0,10,1e-12,0.00178096,0,4.66116e-12,7.28259e-13
basic,207,1,0,10,1e-12,0.00183956,0,5.22959e-12,6.86751e-13
basic,208,1,0,10,1e-12,0.00193559,0,5.68434e-12,7.05261e-13
basic,209,1,0,10,1e-12,0.0018809,0,7.16227e-12,7.63893e-13
basic,210,1,0,10,1e-12,0.00189438,0,4.54747e-12,6.38338e-13
basic,211,1,0,10,1e-12,0.0018443,0,5.79803e-12,6.88002e-13
basic,212,1,0,10,1e-12,0.0019131,0,3.97904e-12,6.64022e-13
basic,213,1,0,10,1e-12,0.00195312,0,3.75167e-12,6.21933e-13
basic,214,1,0,10,1e-12,0.00200564,0,6.59384e-12,7.85034e-13
basic,215,1,0,10,1e-12,0.00200089,0,5.57066e-12,7.26559e-13
basic,216,1,0,10,1e-12,0.00205795,0,7.27596e-12,7.89344e-13
basic,217,1,0,10,1e-12,0.00193824,0,5.79803e-12,6.65549e-13
basic,218,1,0,10,1e-12,0.00206242,0,5.00222e-12,6.50636e-13
basic,219,1,0,10,1e-12,0.00206137,0,5.22959e-12,6.94969e-13
basic,220,1,0,10,1e-12,0.0021192,0,4.3201e-12,6.68282e-13
basic,221,1,0,10,1e-12,0.00213631,0,5.22959e-12,6.55275e-13
basic,222,1,0,10,1e-12,0.00215405,0,6.70752e-12,6.93115e-13
basic,223,1,0,10,1e-12,0.00215503,0,4.66116e-12,7.08659e-13
basic,224,1,0,10,1e-12,0.00221775,0,4.77485e-12,7.4088e-13
basic,225,1,0,10,1e-12,0.00204908,0,5.11591e-12,7.26562e-13
basic,226,1,0,10,1e-12,0.00218653,0,5.11591e-12,6.65812e-13
basic,227,1,0,10,1e-12,0.00221837,0,3.86535e-12,6.41159e-13
basic,228,1,0,10,1e-12,0.00226287,0,3.75167e-12,6.72519e-13
basic,229,1,0,10,1e-12,0.00224079,0,4.77485e-12,8.21418e-13
basic,230,1,0,10,1e-12,0.00230051,0,5.34328e-12,7.6315e-13
basic,231,1,0,10,1e-12,0.0022834,0,6.9349e-12,6.90714e-13
basic,232,1,0,10,1e-12,0.00233962,0,6.82121e-12,6.71436e-13
basic,233,1,0,10,1e-12,0.00235184,0,6.36646e-12,8.19522e-13
basic,234,1,0,10,1e-12,0.00222878,0,7.16227e-12,7.84998e-13
basic,235,1,0,10,1e-12,0.00238544,0,4.09273e-12,6.90538e-13
basic,236,1,0,10,1e-12,0.00238076,0,6.0254e-12,8.0411e-13
basic,237,1,0,10,1e-12,0.0024513,0,7.38964e-12,7.22085e-13
basic,238,1,0,10,1e-12,0.00242448,0,6.0254e-12,7.1988e-13
basic,239,1,0,10,1e-12,0.00244068,0,4.43379e-12,6.82957e-13
basic,240,1,0,10,1e-12,0.0024909,0,7.27596e-12,6.31499e-13
basic,241,1,0,10,1e-12,0.00247043,0,6.9349e-12,8.46217e-13
basic,242,1,0,10,1e-12,0.00256877,0,6.36646e-12,8.34238e-13
basic,243,1,0,10,1e-12,0.00260188,0,5.91172e-12,6.78524e-13
basic,244,1,0,10,1e-12,0.00258232,0,4.88853e-12,7.93569e-13
basic,245,1,0,10,1e-12,0.00257177,0,7.61702e-12,7.84291e-13
basic,246,1,0,10,1e-12,0.00256039,0,6.82121e-12,7.13395e-13
basic,247,1,0,10,1e-12,0.00267521,0,6.25278e-12,7.09299e-13
basic,248,1,0,10,1e-12,0.00267716,0,4.54747e-12,7.16968e-13
basic,249,1,0,10,1e-12,0.00269735,0,4.77485e-12,8.4556e-13
basic,250,1,0,10,1e-12,0.00269141,0,5.34328e-12,7.32769e-13
basic,251,1,0,10,1e-12,0.00273269,0,3.97904e-12,6.56442e-13
basic,252,1,0,10,1e-12,0.00271635,0,4.77485e-12,8.54681e-13
basic,253,1,0,10,1e-12,0.00276942,0,4.3201e-12,8.51275e-13
basic,254,1,0,10,1e-12,0.00280316,0,5.00222e-12,6.74432e-13
basic,255,1,0,10,1e-12,0.00284073,0,4.88853e-12,8.14411e-13
basic,256,1,0,10,1e-12,0.00306653,0,3.97904e-12,7.14304e-13
basic,257,1,0,10,1e-12,0.00287021,0,9.20863e-12,7.80194e-13
basic,258,1,0,10,1e-12,0.00275595,0,5.79803e-12,7.29635e-13
basic,259,1,0,10,1e-12,0.00292524,0,4.20641e-12,6.61484e-13
basic,260,1,0,10,1e-12,0.00292741,0,5.11591e-12,7.01951e-13
basic,261,1,0,10,1e-12,0.00293299,0,5.68434e-12,8.00933e-13
basic,262,1,0,10,1e-12,0.00294934,0,6.70752e-12,7.72261e-13
basic,263,1,0,10,1e-12,0.00297748,0,4.3201e-12,7.10293e-13
basic,264,1,0,10,1e-12,0.00300954,0,5.34328e-12,7.65758e-13
basic,265,1,0,10,1e-12,0.00301492,0,5.79803e-12,7.17551e-13
basic,266,1,0,10,1e-12,0.00310278,0,3.75167e-12,6.53021e-13
basic,267,1,0,10,1e-12,0.00301995,0,5.11591e-12,7.5879e-13
basic,268,1,0,10,1e-12,0.00310194,0,5.34328e-12,7.46504e-13
basic,269,1,0,10,1e-12,0.00311172,0,5.79803e-12,7.67951e-13
basic,270,1,0,10,1e-12,0.00314133,0,5.91172e-12,7.89722e-13
basic,271,1,0,10,1e-12,0.00318589,0,4.3201e-12,7.69287e-13
basic,272,1,0,10,1e-12,0.00320489,0,5.00222e-12,6.97788e-13
basic,273,1,0,10,1e-12,0.00320985,0,5.91172e-12,7.99494e-13
basic,274,1,0,10,1e-12,0.00319378,0,5.34328e-12,7.61545e-13
basic,275,1,0,10,1e-12,0.00319183,0,5.00222e-12,6.9286e-13
basic,276,1,0,10,1e-12,0.00330637,0,5.11591e-12,7.21288e-13
basic,277,1,0,10,1e-12,0.00326097,0,8.52651e-12,8.30293e-13
basic,278,1,0,10,1e-12,0.00328674,0,7.50333e-12,7.31108e-13
basic,279,1,0,10,1e-12,0.00331733,0,1.13687e-11,8.78443e-13
basic,280,1,0,10,1e-12,0.00332858,0,5.45697e-12,8.04068e-13
basic,281,1,0,10,1e-12,0.003338,0,5.91172e-12,7.81426e-13
basic,282,1,0,10,1e-12,0.00340743,0,5.91172e-12,8.05575e-13
basic,283,1,0,10,1e-12,0.00343858,0,6.25278e-12,7.57905e-13
basic,284,1,0,10,1e-12,0.00345618,0,6.0254e-12,8.1339e-13
basic,285,1,0,10,1e-12,0.00347992,0,1.14824e-11,8.11262e-13
basic,286,1,0,10,1e-12,0.00349871,0,5.79803e-12,7.72243e-13
basic,287,1,0,10,1e-12,0.00355975,0,6.36646e-12,7.23135e-13
basic,288,1,0,10,1e-12,0.00356269,0,7.04858e-12,8.13612e-13
basic,289,1,0,10,1e-12,0.00358203,0,5.45697e-12,7.90448e-13
basic,290,1,0,10,1e-12,0.00358601,0,5.00222e-12,7.48293e-13
basic,291,1,0,10,1e-12,0.00364091,0,8.07177e-12,7.87128e-13
basic,292,1,0,10,1e-12,0.00365956,0,5.11591e-12,7.63605e-13
basic,293,1,0,10,1e-12,0.00370397,0,8.29914e-12,9.65865e-13
basic,294,1,0,10,1e-12,0.00365711,0,6.82121e-12,7.19467e-13
basic,295,1,0,10,1e-12,0.00374937,0,6.82121e-12,8.12638e-13
basic,296,1,0,10,1e-12,0.00374707,0,6.25278e-12,7.51882e-13
basic,297,1,0,10,1e-12,0.00373729,0,7.27596e-12,7.94668e-13
basic,298,1,0,10,1e-12,0.00377947,0,4.77485e-12,8.1955e-13
basic,299,1,0,10,1e-12,0.00383388,0,9.20863e-12,8.60838e-13
basic,300,1,0,10,1e-12,0.00387166,0,5.57066e-12,7.9997e-13
basic,301,1,0,10,1e-12,0.00390679,0,5.45697e-12,7.21641e-13
basic,302,1,0,10,1e-12,0.00399298,0,7.04858e-12,8.62771e-13
basic,303,1,0,10,1e-12,0.00399864,0,8.41283e-12,7.86316e-13
basic,304,1,0,10,1e-12,0.0038857,0,7.7307e-12,7.73786e-13
basic,305,1,0,10,1e-12,0.00398222,0,7.50333e-12,8.02532e-13
basic,306,1,0,10,1e-12,0.00400974,0,5.45697e-12,7.63202e-13
basic,307,1,0,10,1e-12,0.00405479,0,6.0254e-12,7.88993e-13
basic,308,1,0,10,1e-12,0.00405283,0,8.29914e-12,8.3618e-13
basic,309,1,0,10,1e-12,0.0041034,0,6.0254e-12,7.86105e-13
basic,310,1,0,10,1e-12,0.00404466,0,6.48015e-12,7.83446e-13
basic,311,1,0,10,1e-12,0.00409956,0,5.79803e-12,8.4804e-13
basic,312,1,0,10,1e-12,0.00420921,0,6.70752e-12,8.52217e-13
basic,313,1,0,10,1e-12,0.00416248,0,6.13909e-12,8.70147e-13
basic,314,1,0,10,1e-12,0.00422499,0,7.50333e-12,9.09118e-13
basic,315,1,0,10,1e-12,0.00419831,0,8.6402e-12,7.40556e-13
basic,316,1,0,10,1e-12,0.00424776,0,6.0254e-12,7.35126e-13
basic,317,1,0,10,1e-12,0.00431076,0,8.29914e-12,9.15423e-13
basic,318,1,0,10,1e-12,0.00428506,0,9.20863e-12,6.99816e-13
basic,319,1,0,10,1e-12,0.00432885,0,6.9349e-12,8.01442e-13
basic,320,1,0,10,1e-12,0.00436349,0,6.70752e-12,8.93688e-13
basic,321,1,0,10,1e-12,0.00444534,0,9.66338e-12,8.75892e-13
basic,322,1,0,10,1e-12,0.00444877,0,5.57066e-12,7.47221e-13
basic,323,1,0,10,1e-12,0.00441349,0,6.82121e-12,8.28984e-13
basic,324,1,0,10,1e-12,0.00449255,0,6.0254e-12,8.4794e-13
basic,325,1,0,10,1e-12,0.00450373,0,6.48015e-12,8.16787e-13
basic,326,1,0,10,1e-12,0.0046321,0,6.48015e-12,8.06083e-13
basic,327,1,0,10,1e-12,0.00451679,0,7.38964e-12,7.9932e-13
basic,328,1,0,10,1e-12,0.00463189,0,5.91172e-12,7.52527e-13
basic,329,1,0,10,1e-12,0.00475062,0,7.61702e-12,8.70172e-13
basic,330,1,0,10,1e-12,0.00464425,0,5.57066e-12,7.9434e-13
basic,331,1,0,10,1e-12,0.00473477,0,5.79803e-12,8.32396e-13
basic,332,1,0,10,1e-12,0.00472778,0,5.45697e-12,7.3333e-13
basic,333,1,0,10,1e-12,0.00475886,0,6.59384e-12,8.07234e-13
basic,334,1,0,10,1e-12,0.0048169,0,7.61702e-12,8.11118e-13
basic,335,1,0,10,1e-12,0.004825,0,8.52651e-12,7.89967e-13
basic,336,1,0,10,1e-12,0.00485657,0,1.04592e-11,8.48854e-13
basic,337,1,0,10,1e-12,0.00480887,0,5.34328e-12,6.9493e-13
basic,338,1,0,10,1e-12,0.00488283,0,6.9349e-12,8.28931e-13
basic,339,1,0,10,1e-12,0.00495414,0,5.45697e-12,8.70159e-13
basic,340,1,0,10,1e-12,0.0049753,0,7.04858e-12,8.71278e-13
basic,341,1,0,10,1e-12,0.00499688,0,6.82121e-12,7.6798e-13
basic,342,1,0,10,1e-12,0.0050267,0,7.61702e-12,8.20887e-13
basic,343,1,0,10,1e-12,0.00505129,0,5.57066e-12,8.13134e-13
basic,344,1,0,10,1e-12,0.00504249,0,7.61702e-12,8.00866e-13
basic,345,1,0,10,1e-12,0.00508774,0,6.70752e-12,8.3903e-13
basic,346,1,0,10,1e-12,0.00501881,0,7.84439e-12,8.09169e-13
basic,347,1,0,10,1e-12,0.00518419,0,5.91172e-12,8.41891e-13
basic,348,1,0,10,1e-12,0.00512888,0,6.9349e-12,8.92087e-13
basic,349,1,0,10,1e-12,0.00523518,0,4.88853e-12,7.19772e-13
basic,350,1,0,10,1e-12,0.00518287,0,5.57066e-12,8.79137e-13
basic,351,1,0,10,1e-12,0.00531026,0,5.22959e-12,7.90252e-13
basic,352,1,0,10,1e-12,0.00522331,0,8.29914e-12,7.42961e-13
basic,353,1,0,10,1e-12,0.00531124,0,5.34328e-12,7.59861e-13
basic,354,1,0,10,1e-12,0.00530754,0,1.00044e-11,8.56697e-13
basic,355,1,0,10,1e-12,0.0054102,0,5.79803e-12,9.52375e-13
basic,356,1,0,10,1e-12,0.00544177,0,6.48015e-12,8.41809e-13
basic,357,1,0,10,1e-12,0.00551371,0,5.91172e-12,8.03591e-13
basic,358,1,0,10,1e-12,0.00549185,0,6.0254e-12,8.80789e-13
basic,359,1,0,10,1e-12,0.00548738,0,6.82121e-12,7.98497e-13
basic,360,1,0,10,1e-12,0.00552411,0,5.45697e-12,7.5639e-13
basic,361,1,0,10,1e-12,0.0055487,0,5.68434e-12,8.33666e-13
basic,362,1,0,10,1e-12,0.00555296,0,6.48015e-12,8.19169e-13
basic,363,1,0,10,1e-12,0.00573448,0,7.7307e-12,8.67995e-13
basic,364,1,0,10,1e-12,0.00566254,0,6.70752e-12,7.27128e-13
basic,365,1,0,10,1e-12,0.00581542,0,6.25278e-12,7.88796e-13
basic,366,1,0,10,1e-12,0.00576304,0,7.61702e-12,8.10646e-13
basic,367,1,0,10,1e-12,0.00584671,0,6.13909e-12,8.2182e-13
basic,368,1,0,10,1e-12,0.00582765,0,7.61702e-12,9.17908e-13
basic,369,1,0,10,1e-12,0.00584112,0,6.82121e-12,8.4556e-13
basic,370,1,0,10,1e-12,0.00584818,0,6.48015e-12,8.16062e-13
basic,371,1,0,10,1e-12,0.0058715,0,7.16227e-12,8.06365e-13
basic,372,1,0,10,1e-12,0.00592535,0,7.84439e-12,8.38721e-13
basic,373,1,0,10,1e-12,0.00594624,0,5.79803e-12,8.56367e-13
basic,374,1,0,10,1e-12,0.00606553,0,6.70752e-12,8.32237e-13
basic,375,1,0,10,1e-12,0.00594079,0,6.25278e-12,7.63722e-13
basic,376,1,0,10,1e-12,0.00607405,0,6.36646e-12,8.49276e-13
basic,377,1,0,10,1e-12,0.00607167,0,9.09495e-12,8.67965e-13
basic,378,1,0,10,1e-12,0.00618321,0,5.68434e-12,8.80986e-13
basic,379,1,0,10,1e-12,0.00610387,0,7.95808e-12,8.1517e-13
basic,380,1,0,10,1e-12,0.00613104,0,7.84439e-12,8.14267e-13
basic,381,1,0,10,1e-12,0.0062423,0,6.25278e-12,8.45071e-13
basic,382,1,0,10,1e-12,0.00625689,0,8.07177e-12,8.50942e-13
basic,383,1,0,10,1e-12,0.00640272,0,8.41283e-12,8.35525e-13
basic,384,1,0,10,1e-12,0.00636417,0,5.68434e-12,9.39132e-13
basic,385,1,0,10,1e-12,0.00642053,0,7.27596e-12,8.44576e-13
basic,386,1,0,10,1e-12,0.00631067,0,8.75389e-12,9.16278e-13
basic,387,1,0,10,1e-12,0.00643094,0,6.59384e-12,8.14329e-13
basic,388,1,0,10,1e-12,0.00643275,0,7.7307e-12,8.3435e-13
basic,389,1,0,10,1e-12,0.0064968,0,6.36646e-12,8.507e-13
basic,390,1,0,10,1e-12,0.00654094,0,9.89075e-12,9.02385e-13
basic,391,1,0,10,1e-12,0.00647605,0,8.75389e-12,8.58925e-13
basic,392,1,0,10,1e-12,0.00669619,0,5.11591e-12,8.00913e-13
basic,393,1,0,10,1e-12,0.00666134,0,5.91172e-12,8.53877e-13
basic,394,1,0,10,1e-12,0.00665848,0,7.38964e-12,9.08054e-13
basic,395,1,0,10,1e-12,0.00678419,0,1.02318e-11,8.13987e-13
basic,396,1,0,10,1e-12,0.00666288,0,6.59384e-12,8.67924e-13
basic,397,1,0,10,1e-12,0.006714,0,6.70752e-12,9.19199e-13
basic,398,1,0,10,1e-12,0.00682575,0,8.41283e-12,8.48887e-13
basic,399,1,0,10,1e-12,0.0067932,0,7.27596e-12,7.91298e-13
basic,400,1,0,10,1e-12,0.00686619,0,6.59384e-12,8.43927e-13
basic,401,1,0,10,1e-12,0.00683497,0,5.68434e-12,8.68985e-13
basic,402,1,0,10,1e-12,0.00693372,0,6.36646e-12,8.29985e-13
basic,403,1,0,10,1e-12,0.00691613,0,5.91172e-12,8.97064e-13
basic,404,1,0,10,1e-12,0.00697772,0,5.45697e-12,7.91701e-13
basic,405,1,0,10,1e-12,0.00701802,0,5.45697e-12,8.60471e-13
basic,406,1,0,10,1e-12,0.00707892,0,8.6402e-12,8.01606e-13
basic,407,1,0,10,1e-12,0.00707501,0,8.52651e-12,8.45103e-13
basic,408,1,0,10,1e-12,0.00717831,0,6.25278e-12,8.6169e-13
basic,409,1,0,10,1e-12,0.00722273,0,8.18545e-12,9.0665e-13
basic,410,1,0,10,1e-12,0.00729516,0,8.6402e-12,9.02656e-13
basic,411,1,0,10,1e-12,0.00732798,0,1.1255e-11,8.01209e-13
basic,412,1,0,10,1e-12,0.00725548,0,7.7307e-12,7.85653e-13
basic,413,1,0,10,1e-12,0.00733056,0,7.38964e-12,8.99126e-13
basic,414,1,0,10,1e-12,0.00740173,0,1.00044e-11,9.40705e-13
basic,415,1,0,10,1e-12,0.00745006,0,9.20863e-12,9.2821e-13
basic,416,1,0,10,1e-12,0.00741368,0,1.09139e-11,9.0864e-13
basic,417,1,0,10,1e-12,0.007371,0,6.48015e-12,8.89708e-13
basic,418,1,0,10,1e-12,0.00754274,0,6.70752e-12,8.45069e-13
basic,419,1,0,10,1e-12,0.00759268,0,7.50333e-12,8.25523e-13
basic,420,1,0,10,1e-12,0.0075433,0,5.68434e-12,8.26039e-13
basic,421,1,0,10,1e-12,0.0075352,0,6.70752e-12,8.96424e-13
basic,422,1,0,10,1e-12,0.00767921,0,6.82121e-12,7.84297e-13
basic,423,1,0,10,1e-12,0.00764066,0,7.84439e-12,9.12963e-13
basic,424,1,0,10,1e-12,0.0077559,0,6.36646e-12,8.35848e-13
basic,425,1,0,10,1e-12,0.00770394,0,5.00222e-12,7.4689e-13
basic,426,1,0,10,1e-12,0.0077237,0,6.9349e-12,8.15969e-13
basic,427,1,0,10,1e-12,0.00773299,0,8.52651e-12,8.28428e-13
basic,428,1,0,10,1e-12,0.00788664,0,7.84439e-12,8.86257e-13
basic,429,1,0,10,1e-12,0.00790368,0,7.16227e-12,8.70331e-13
basic,430,1,0,10,1e-12,0.00791507,0,9.54969e-12,9.40555e-13
basic,431,1,0,10,1e-12,0.00799951,0,8.75389e-12,8.3406e-13
basic,432,1,0,10,1e-12,0.00813221,0,7.27596e-12,9.80212e-13
basic,433,1,0,10,1e-12,0.00800789,0,6.9349e-12,7.95562e-13
basic,434,1,0,10,1e-12,0.00821399,0,6.48015e-12,8.89212e-13
basic,435,1,0,10,1e-12,0.00810762,0,5.91172e-12,8.44693e-13
basic,436,1,0,10,1e-12,0.00825939,0,5.45697e-12,8.13901e-13
basic,437,1,0,10,1e-12,0.00822691,0,7.04858e-12,8.95479e-13
basic,438,1,0,10,1e-12,0.00829759,0,8.52651e-12,8.55938e-13
basic,439,1,0,10,1e-12,0.00841276,0,7.04858e-12,9.44324e-13
basic,440,1,0,10,1e-12,0.00841562,0,7.38964e-12,8.98803e-13
basic,441,1,0,10,1e-12,0.00837218,0,4.77485e-12,8.77006e-13
basic,442,1,0,10,1e-12,0.00841569,0,1.03455e-11,8.78666e-13
basic,443,1,0,10,1e-12,0.0085192,0,8.75389e-12,8.99823e-13
basic,444,1,0,10,1e-12,0.00858583,0,5.79803e-12,9.30307e-13
basic,445,1,0,10,1e-12,0.00854581,0,5.68434e-12,8.27918e-13
basic,446,1,0,10,1e-12,0.0085192,0,6.13909e-12,8.67716e-13
basic,447,1,0,10,1e-12,0.00860273,0,8.41283e-12,8.941e-13
basic,448,1,0,10,1e-12,0.00869946,0,1.15961e-11,8.93371e-13
basic,449,1,0,10,1e-12,0.00874988,0,9.20863e-12,9.21482e-13
basic,450,1,0,10,1e-12,0.00874004,0,5.91172e-12,8.7226e-13
basic,451,1,0,10,1e-12,0.00881456,0,1.08002e-11,9.11706e-13
basic,452,1,0,10,1e-12,0.00882859,0,6.82121e-12,8.66469e-13
basic,453,1,0,10,1e-12,0.00876141,0,7.84439e-12,8.92971e-13
basic,454,1,0,10,1e-12,0.00890766,0,9.20863e-12,8.73599e-13
basic,455,1,0,10,1e-12,0.00888971,0,9.09495e-12,9.08395e-13
basic,456,1,0,10,1e-12,0.00902716,0,6.9349e-12,9.99539e-13
basic,457,1,0,10,1e-12,0.00906235,0,7.04858e-12,8.93723e-13
basic,458,1,0,10,1e-12,0.00901514,0,8.29914e-12,8.79087e-13
basic,459,1,0,10,1e-12,0.00907283,0,8.41283e-12,8.52009e-13
basic,460,1,0,10,1e-12,0.00915957,0,7.84439e-12,9.35661e-13
basic,461,1,0,10,1e-12,0.00918695,0,8.86757e-12,9.13646e-13
basic,462,1,0,10,1e-12,0.00927132,0,8.18545e-12,9.79112e-13
basic,463,1,0,10,1e-12,0.0092121,0,9.66338e-12,9.04422e-13
basic,464,1,0,10,1e-12,0.00925183,0,6.82121e-12,9.71254e-13
basic,465,1,0,10,1e-12,0.00945738,0,8.29914e-12,9.16669e-13
basic,466,1,0,10,1e-12,0.00944341,0,8.07177e-12,9.73754e-13
basic,467,1,0,10,1e-12,0.00939347,0,6.9349e-12,8.36244e-13
basic,468,1,0,10,1e-12,0.00941072,0,7.61702e-12,8.64412e-13
basic,469,1,0,10,1e-12,0.00948175,0,6.70752e-12,8.99072e-13
basic,470,1,0,10,1e-12,0.00946827,0,8.6402e-12,9.33438e-13
basic,471,1,0,10,1e-12,0.00959371,0,6.70752e-12,9.06638e-13
basic,472,1,0,10,1e-12,0.00963352,0,7.7307e-12,8.99554e-13
basic,473,1,0,10,1e-12,0.00968122,0,7.50333e-12,8.84589e-13
basic,474,1,0,10,1e-12,0.00968883,0,6.82121e-12,8.79183e-13
basic,475,1,0,10,1e-12,0.00974631,0,9.20863e-12,1.03878e-12
basic,476,1,0,10,1e-12,0.00979827,0,7.61702e-12,8.95482e-13
basic,477,1,0,10,1e-12,0.00973975,0,8.29914e-12,9.94413e-13
basic,478,1,0,10,1e-12,0.00975923,0,1.00044e-11,9.80478e-13
basic,479,1,0,10,1e-12,0.00977208,0,6.70752e-12,8.45563e-13
basic,480,1,0,10,1e-12,0.0099499,0,8.41283e-12,9.33261e-13
basic,481,1,0,10,1e-12,0.00992734,0,5.22959e-12,8.09248e-13
basic,482,1,0,10,1e-12,0.0100215,0,6.82121e-12,8.15862e-13
basic,483,1,0,10,1e-12,0.0101011,0,9.54969e-12,8.02031e-13
basic,484,1,0,10,1e-12,0.0101901,0,7.27596e-12,9.25865e-13
basic,485,1,0,10,1e-12,0.0101091,0,7.7307e-12,9.14078e-13
basic,486,1,0,10,1e-12,0.0102229,0,9.32232e-12,1.00259e-12
basic,487,1,0,10,1e-12,0.0103086,0,7.27596e-12,9.54847e-13
basic,488,1,0,10,1e-12,0.0101961,0,7.84439e-12,9.09264e-13
basic,489,1,0,10,1e-12,0.0102241,0,6.9349e-12,9.53664e-13
basic,490,1,0,10,1e-12,0.0103844,0,1.03455e-11,1.02647e-12
basic,491,1,0,10,1e-12,0.0103987,0,7.16227e-12,9.35391e-13
basic,492,1,0,10,1e-12,0.0105819,0,6.59384e-12,8.9107e-13
basic,493,1,0,10,1e-12,0.0104441,0,7.84439e-12,9.52582e-13
basic,494,1,0,10,1e-12,0.0105271,0,6.59384e-12,8.53248e-13
basic,495,1,0,10,1e-12,0.0105342,0,9.09495e-12,8.86561e-13
basic,496,1,0,10,1e-12,0.0105563,0,6.59384e-12,9.7811e-13
basic,497,1,0,10,1e-12,0.0105357,0,9.89075e-12,9.58444e-13
basic,498,1,0,10,1e-12,0.0106444,0,9.89075e-12,9.77735e-13
basic,499,1,0,10,1e-12,0.0105763,0,6.36646e-12,8.79294e-13
basic,500,1,0,10,1e-12,0.0107323,0,7.84439e-12,8.92584e-13
basic,501,1,0,10,1e-12,0.0107492,0,7.84439e-12,8.77463e-13
basic,502,1,0,10,1e-12,0.0107912,0,6.48015e-12,8.72486e-13
basic,503,1,0,10,1e-12,0.0109917,0,7.27596e-12,9.07297e-13
basic,504,1,0,10,1e-12,0.0108578,0,1.08002e-11,9.19393e-13
basic,505,1,0,10,1e-12,0.0109692,0,6.70752e-12,9.077e-13
basic,506,1,0,10,1e-12,0.0110594,0,8.86757e-12,9.7651e-13
basic,507,1,0,10,1e-12,0.0109568,0,7.84439e-12,9.3933e-13
basic,508,1,0,10,1e-12,0.0110938,0,9.20863e-12,9.87258e-13
basic,509,1,0,10,1e-12,0.0110681,0,1.51203e-11,1.01991e-12
basic,510,1,0,10,1e-12,0.0118559,0,1.17097e-11,9.76359e-13
basic,511,1,0,10,1e-12,0.0138543,0,8.07177e-12,9.67136e-13
basic,512,1,0,10,1e-12,0.0128211,0,5.57066e-12,9.14602e-13
basic,513,1,0,10,1e-12,0.0119842,0,1.31877e-11,9.53199e-13
basic,514,1,0,10,1e-12,0.0123037,0,7.27596e-12,9.0787e-13
basic,515,1,0,10,1e-12,0.0117869,0,1.4893e-11,1.00063e-12
basic,516,1,0,10,1e-12,0.0114663,0,8.86757e-12,9.14004e-13
basic,517,1,0,10,1e-12,0.0114433,0,8.18545e-12,1.00563e-12
basic,518,1,0,10,1e-12,0.0115799,0,6.0254e-12,8.52113e-13
basic,519,1,0,10,1e-12,0.0114555,0,7.84439e-12,9.6685e-13
basic,520,1,0,10,1e-12,0.0115841,0,7.61702e-12,8.39166e-13
basic,521,1,0,10,1e-12,0.0116924,0,8.07177e-12,9.26764e-13
basic,522,1,0,10,1e-12,0.0117052,0,9.54969e-12,9.43058e-13
basic,523,1,0,10,1e-12,0.0119153,0,9.66338e-12,9.14564e-13
basic,524,1,0,10,1e-12,0.0118422,0,8.86757e-12,1.00226e-12
basic,525,1,0,10,1e-12,0.0118183,0,7.16227e-12,8.51853e-13
basic,526,1,0,10,1e-12,0.0119541,0,8.98126e-12,9.17785e-13
basic,527,1,0,10,1e-12,0.0119638,0,8.18545e-12,9.94609e-13
basic,528,1,0,10,1e-12,0.0119415,0,8.18545e-12,9.59344e-13
basic,529,1,0,10,1e-12,0.0120073,0,1.09139e-11,8.66175e-13
basic,530,1,0,10,1e-12,0.0121859,0,8.18545e-12,9.71119e-13
basic,531,1,0,10,1e-12,0.0121121,0,1.02318e-11,9.4976e-13
basic,532,1,0,10,1e-12,0.0121285,0,8.86757e-12,1.01974e-12
basic,533,1,0,10,1e-12,0.0121699,0,6.36646e-12,9.33298e-13
basic,534,1,0,10,1e-12,0.012229,0,9.32232e-12,9.70123e-13
basic,535,1,0,10,1e-12,0.0122826,0,8.98126e-12,1.00047e-12
basic,536,1,0,10,1e-12,0.0122489,0,7.95808e-12,9.62608e-13
basic,537,1,0,10,1e-12,0.0125161,0,9.77707e-12,9.4991e-13
basic,538,1,0,10,1e-12,0.012497,0,8.75389e-12,9.3392e-13
basic,539,1,0,10,1e-12,0.012464,0,8.6402e-12,9.25131e-13
basic,540,1,0,10,1e-12,0.012569,0,8.41283e-12,9.41851e-13
basic,541,1,0,10,1e-12,0.0125797,0,6.70752e-12,9.32692e-13
basic,542,1,0,10,1e-12,0.0127082,0,9.32232e-12,9.32015e-13
basic,543,1,0,10,1e-12,0.0127646,0,1.33014e-11,9.80883e-13
basic,544,1,0,10,1e-12,0.0127535,0,7.61702e-12,9.73656e-13
basic,545,1,0,10,1e-12,0.0127598,0,7.95808e-12,1.00305e-12
basic,546,1,0,10,1e-12,0.0127198,0,9.43601e-12,8.9736e-13
basic,547,1,0,10,1e-12,0.0129349,0,1.00044e-11,1.03663e-12
basic,548,1,0,10,1e-12,0.0130266,0,1.09139e-11,1.00599e-12
basic,549,1,0,10,1e-12,0.0129108,0,7.84439e-12,1.04128e-12
basic,550,1,0,10,1e-12,0.012999,0,6.9349e-12,9.07263e-13
basic,551,1,0,10,1e-12,0.013013,0,1.09139e-11,9.45e-13
basic,552,1,0,10,1e-12,0.0131761,0,7.95808e-12,9.69427e-13
basic,553,1,0,10,1e-12,0.0130684,0,8.07177e-12,9.74769e-13
basic,554,1,0,10,1e-12,0.0131222,0,7.27596e-12,9.74835e-13
basic,555,1,0,10,1e-12,0.0132465,0,7.16227e-12,8.47888e-13
basic,556,1,0,10,1e-12,0.0132654,0,1.08002e-11,9.21768e-13
basic,557,1,0,10,1e-12,0.0133022,0,8.07177e-12,8.98248e-13
basic,558,1,0,10,1e-12,0.0134882,0,9.77707e-12,9.30365e-13
basic,559,1,0,10,1e-12,0.0134791,0,1.02318e-11,1.00119e-12
basic,560,1,0,10,1e-12,0.0135783,0,7.16227e-12,9.07827e-13
basic,561,1,0,10,1e-12,0.0135386,0,1.01181e-11,9.99584e-13
basic,562,1,0,10,1e-12,0.0137449,0,8.75389e-12,9.94915e-13
basic,563,1,0,10,1e-12,0.0136852,0,8.07177e-12,9.64527e-13
basic,564,1,0,10,1e-12,0.013836,0,7.04858e-12,8.98512e-13
basic,565,1,0,10,1e-12,0.0136099,0,6.70752e-12,9.45545e-13
basic,566,1,0,10,1e-12,0.0133434,0,9.89075e-12,1.02551e-12
basic,567,1,0,10,1e-12,0.0134454,0,8.6402e-12,9.22143e-13
basic,568,1,0,10,1e-12,0.0134365,0,9.89075e-12,1.0227e-12
basic,569,1,0,10,1e-12,0.0136317,0,7.95808e-12,8.94572e-13
basic,570,1,0,10,1e-12,0.0137019,0,9.32232e-12,9.59843e-13
basic,571,1,0,10,1e-12,0.0135915,0,7.04858e-12,9.21964e-13
basic,572,1,0,10,1e-12,0.0135757,0,7.95808e-12,1.04207e-12
basic,573,1,0,10,1e-12,0.0136098,0,6.59384e-12,9.09357e-13
basic,574,1,0,10,1e-12,0.0136284,0,7.04858e-12,9.31916e-13
basic,575,1,0,10,1e-12,0.0136522,0,9.43601e-12,9.63565e-13
basic,576,1,0,10,1e-12,0.0138531,0,7.38964e-12,1.0397e-12
basic,577,1,0,10,1e-12,0.0137057,0,9.54969e-12,9.17085e-13
basic,578,1,0,10,1e-12,0.0139244,0,8.18545e-12,8.51434e-13
basic,579,1,0,10,1e-12,0.0140152,0,5.57066e-12,9.00299e-13
basic,580,1,0,10,1e-12,0.0139031,0,7.50333e-12,9.64943e-13
basic,581,1,0,10,1e-12,0.0139966,0,8.41283e-12,9.21428e-13
basic,582,1,0,10,1e-12,0.0139819,0,1.28466e-11,1.0246e-12
basic,583,1,0,10,1e-12,0.0141041,0,1.08002e-11,1.0172e-12
basic,584,1,0,10,1e-12,0.0141702,0,9.43601e-12,1.01291e-12
basic,585,1,0,10,1e-12,0.0141306,0,6.70752e-12,9.27352e-13
basic,586,1,0,10,1e-12,0.0143188,0,1.21645e-11,1.04963e-12
basic,587,1,0,10,1e-12,0.0143221,0,8.98126e-12,9.52051e-13
basic,588,1,0,10,1e-12,0.0144574,0,9.20863e-12,9.67886e-13
basic,589,1,0,10,1e-12,0.0144693,0,8.98126e-12,9.47405e-13
basic,590,1,0,10,1e-12,0.01452,0,8.07177e-12,1.05169e-12
basic,591,1,0,10,1e-12,0.0146023,0,8.86757e-12,1.03666e-12
basic,592,1,0,10,1e-12,0.014763,0,9.32232e-12,1.0521e-12
basic,593,1,0,10,1e-12,0.0146118,0,8.98126e-12,9.3262e-13
basic,594,1,0,10,1e-12,0.0147117,0,8.41283e-12,1.04116e-12
basic,595,1,0,10,1e-12,0.0148327,0,8.75389e-12,9.12858e-13
basic,596,1,0,10,1e-12,0.0147528,0,1.05729e-11,1.04036e-12
basic,597,1,0,10,1e-12,0.0149268,0,9.89075e-12,9.9093e-13
basic,598,1,0,10,1e-12,0.014891,0,1.02318e-11,1.00465e-12
basic,599,1,0,10,1e-12,0.01504,0,1.03455e-11,1.11262e-12
basic,600,1,0,10,1e-12,0.0149929,0,7.7307e-12,1.04473e-12
basic,601,1,0,10,1e-12,0.0149664,0,9.20863e-12,1.00761e-12
basic,602,1,0,10,1e-12,0.0150226,0,8.29914e-12,9.44467e-13
basic,603,1,0,10,1e-12,0.0149374,0,7.7307e-12,9.71676e-13
basic,604,1,0,10,1e-12,0.0152912,0,1.02318e-11,9.47003e-13
basic,605,1,0,10,1e-12,0.0154373,0,8.86757e-12,9.91538e-13
basic,606,1,0,10,1e-12,0.0153357,0,8.6402e-12,9.59325e-13
basic,607,1,0,10,1e-12,0.0153974,0,7.27596e-12,9.33874e-13
basic,608,1,0,10,1e-12,0.0155047,0,1.00044e-11,1.0389e-12
basic,609,1,0,10,1e-12,0.0152993,0,6.9349e-12,1.02604e-12
basic,610,1,0,10,1e-12,0.0154656,0,9.54969e-12,1.01125e-12
basic,611,1,0,10,1e-12,0.0155055,0,7.84439e-12,9.60521e-13
basic,612,1,0,10,1e-12,0.0155654,0,7.38964e-12,1.07766e-12
basic,613,1,0,10,1e-12,0.0156752,0,1.17097e-11,1.03217e-12
basic,614,1,0,10,1e-12,0.0156584,0,6.36646e-12,9.83884e-13
basic,615,1,0,10,1e-12,0.0156627,0,8.98126e-12,9.72536e-13
basic,616,1,0,10,1e-12,0.0157338,0,7.04858e-12,9.87676e-13
basic,617,1,0,10,1e-12,0.0158138,0,1.23919e-11,1.01806e-12
basic,618,1,0,10,1e-12,0.01586,0,1.33014e-11,9.88782e-13
basic,619,1,0,10,1e-12,0.0159498,0,9.32232e-12,9.82945e-13
basic,620,1,0,10,1e-12,0.0160567,0,8.86757e-12,9.52675e-13
basic,621,1,0,10,1e-12,0.0161973,0,1.05729e-11,9.90202e-13
basic,622,1,0,10,1e-12,0.0160936,0,1.17097e-11,9.99661e-13
basic,623,1,0,10,1e-12,0.0162196,0,6.9349e-12,9.4379e-13
basic,624,1,0,10,1e-12,0.0162754,0,8.41283e-12,1.05243e-12
basic,625,1,0,10,1e-12,0.0160897,0,6.48015e-12,9.64801e-13
basic,626,1,0,10,1e-12,0.0163025,0,8.18545e-12,1.02248e-12
basic,627,1,0,10,1e-12,0.0164093,0,1.17097e-11,1.03562e-12
basic,628,1,0,10,1e-12,0.0170774,0,7.27596e-12,9.36087e-13
basic,629,1,0,10,1e-12,0.01724,0,9.54969e-12,1.03415e-12
basic,630,1,0,10,1e-12,0.0171008,0,9.77707e-12,9.46912e-13
basic,631,1,0,10,1e-12,0.0171846,0,8.75389e-12,9.61659e-13
basic,632,1,0,10,1e-12,0.0172265,0,9.09495e-12,9.92491e-13
basic,633,1,0,10,1e-12,0.0172194,0,9.09495e-12,1.0219e-12
basic,634,1,0,10,1e-12,0.0173614,0,7.61702e-12,9.53989e-13
basic,635,1,0,10,1e-12,0.0174106,0,9.32232e-12,1.01173e-12
basic,636,1,0,10,1e-12,0.0175053,0,1.42109e-11,9.75769e-13
basic,637,1,0,10,1e-12,0.0174652,0,1.22782e-11,1.0846e-12
basic,638,1,0,10,1e-12,0.0174901,0,8.52651e-12,9.947e-13
basic,639,1,0,10,1e-12,0.0177048,0,1.14824e-11,1.12118e-12
basic,640,1,0,10,1e-12,0.0177329,0,1.42109e-11,1.00387e-12
basic,641,1,0,10,1e-12,0.0178279,0,1.06866e-11,1.01439e-12
basic,642,1,0,10,1e-12,0.0179224,0,1.09139e-11,9.33908e-13
basic,643,1,0,10,1e-12,0.0176649,0,8.52651e-12,9.93356e-13
basic,644,1,0,10,1e-12,0.0180643,0,9.20863e-12,9.72106e-13
basic,645,1,0,10,1e-12,0.0180373,0,7.95808e-12,9.15282e-13
basic,646,1,0,10,1e-12,0.0178788,0,1.03455e-11,9.85616e-13
basic,647,1,0,10,1e-12,0.0181133,0,7.7307e-12,9.53929e-13
basic,648,1,0,10,1e-12,0.0181516,0,1.28466e-11,9.63197e-13
basic,649,1,0,10,1e-12,0.0181543,0,8.75389e-12,9.90151e-13
basic,650,1,0,10,1e-12,0.018314,0,9.77707e-12,1.01108e-12
basic,651,1,0,10,1e-12,0.0185429,0,7.61702e-12,9.55986e-13
basic,652,1,0,10,1e-12,0.0182221,0,7.84439e-12,9.67578e-13
basic,653,1,0,10,1e-12,0.0183952,0,1.1255e-11,9.93e-13
basic,654,1,0,10,1e-12,0.0184158,0,7.50333e-12,1.01113e-12
basic,655,1,0,10,1e-12,0.018503,0,7.84439e-12,1.01787e-12
basic,656,1,0,10,1e-12,0.0184958,0,1.23919e-11,1.10577e-12
basic,657,1,0,10,1e-12,0.018604,0,8.52651e-12,9.77204e-13
basic,658,1,0,10,1e-12,0.0187735,0,9.32232e-12,1.00257e-12
basic,659,1,0,10,1e-12,0.0188735,0,8.29914e-12,9.33624e-13
basic,660,1,0,10,1e-12,0.0188231,0,9.54969e-12,1.14978e-12
basic,661,1,0,10,1e-12,0.0187633,0,8.6402e-12,1.03385e-12
basic,662,1,0,10,1e-12,0.0190275,0,6.13909e-12,9.53834e-13
basic,663,1,0,10,1e-12,0.0189989,0,8.41283e-12,9.90444e-13
basic,664,1,0,10,1e-12,0.0190252,0,9.32232e-12,1.05688e-12
basic,665,1,0,10,1e-12,0.0191794,0,9.32232e-12,9.62339e-13
basic,666,1,0,10,1e-12,0.0191211,0,7.84439e-12,9.91405e-13
basic,667,1,0,10,1e-12,0.0191899,0,8.6402e-12,1.07625e-12
basic,668,1,0,10,1e-12,0.0192578,0,8.41283e-12,9.50315e-13
basic,669,1,0,10,1e-12,0.0194954,0,1.01181e-11,9.26171e-13
basic,670,1,0,10,1e-12,0.0193763,0,7.7307e-12,9.9115e-13
basic,671,1,0,10,1e-12,0.0193897,0,1.1255e-11,1.00684e-12
basic,672,1,0,10,1e-12,0.0188541,0,1.1255e-11,9.95582e-13
basic,673,1,0,10,1e-12,0.0190386,0,8.86757e-12,9.91329e-13
basic,674,1,0,10,1e-12,0.0187573,0,1.11413e-11,9.37197e-13
basic,675,1,0,10,1e-12,0.0191765,0,1.7053e-11,1.04176e-12
basic,676,1,0,10,1e-12,0.0191223,0,7.84439e-12,9.83834e-13
basic,677,1,0,10,1e-12,0.0191552,0,7.50333e-12,9.24942e-13
basic,678,1,0,10,1e-12,0.0191188,0,8.52651e-12,9.54254e-13
basic,679,1,0,10,1e-12,0.0191727,0,8.18545e-12,9.88451e-13
basic,680,1,0,10,1e-12,0.0193239,0,6.70752e-12,9.34551e-13
basic,681,1,0,10,1e-12,0.0192746,0,1.02318e-11,1.00917e-12
basic,682,1,0,10,1e-12,0.0193745,0,7.61702e-12,9.78756e-13
basic,683,1,0,10,1e-12,0.0193214,0,1.02318e-11,1.00468e-12
basic,684,1,0,10,1e-12,0.0193525,0,8.18545e-12,1.03891e-12
basic,685,1,0,10,1e-12,0.0194939,0,8.41283e-12,1.06794e-12
basic,686,1,0,10,1e-12,0.0195095,0,1.37561e-11,1.00298e-12
basic,687,1,0,10,1e-12,0.019627,0,7.04858e-12,1.0414e-12
basic,688,1,0,10,1e-12,0.0197492,0,7.27596e-12,9.26419e-13
basic,689,1,0,10,1e-12,0.0196091,0,1.02318e-11,9.77341e-13
basic,690,1,0,10,1e-12,0.0197635,0,8.29914e-12,1.01555e-12
basic,691,1,0,10,1e-12,0.0197619,0,9.89075e-12,9.62779e-13
basic,692,1,0,10,1e-12,0.0199513,0,8.98126e-12,1.04045e-12
basic,693,1,0,10,1e-12,0.0199388,0,7.61702e-12,1.05683e-12
basic,694,1,0,10,1e-12,0.0202068,0,1.03455e-11,1.03292e-12
basic,695,1,0,10,1e-12,0.0199213,0,6.59384e-12,9.81813e-13
basic,696,1,0,10,1e-12,0.0201904,0,9.09495e-12,1.09312e-12
basic,697,1,0,10,1e-12,0.0201332,0,6.82121e-12,9.80894e-13
basic,698,1,0,10,1e-12,0.0202619,0,1.04592e-11,9.70507e-13
basic,699,1,0,10,1e-12,0.0202498,0,1.61435e-11,1.0447e-12
basic,700,1,0,10,1e-12,0.020418,0,9.54969e-12,9.85453e-13
basic,701,1,0,10,1e-12,0.0204067,0,7.27596e-12,9.8984e-13
basic,702,1,0,10,1e-12,0.0205765,0,8.18545e-12,1.03927e-12
basic,703,1,0,10,1e-12,0.0204409,0,8.41283e-12,9.35335e-13
basic,704,1,0,10,1e-12,0.0205328,0,9.66338e-12,1.00505e-12
basic,705,1,0,10,1e-12,0.0207733,0,1.02318e-11,1.03758e-12
basic,706,1,0,10,1e-12,0.0208207,0,8.29914e-12,1.001e-12
basic,707,1,0,10,1e-12,0.0207561,0,9.09495e-12,1.04561e-12
basic,708,1,0,10,1e-12,0.0209009,0,7.50333e-12,9.65415e-13
basic,709,1,0,10,1e-12,0.021224,0,8.29914e-12,1.04409e-12
basic,710,1,0,10,1e-12,0.0208587,0,1.13687e-11,1.00858e-12
basic,711,1,0,10,1e-12,0.0211963,0,1.02318e-11,1.00614e-12
basic,712,1,0,10,1e-12,0.0209747,0,1.27329e-11,1.08878e-12
basic,713,1,0,10,1e-12,0.0213666,0,8.75389e-12,1.00827e-12
basic,714,1,0,10,1e-12,0.021232,0,7.27596e-12,9.5388e-13
basic,715,1,0,10,1e-12,0.0211649,0,8.41283e-12,9.88209e-13
basic,716,1,0,10,1e-12,0.0212755,0,1.05729e-11,1.02286e-12
basic,717,1,0,10,1e-12,0.0215267,0,1.13687e-11,9.99714e-13
basic,718,1,0,10,1e-12,0.0214943,0,9.20863e-12,1.01822e-12
basic,719,1,0,10,1e-12,0.0214551,0,1.31877e-11,1.09713e-12
basic,720,1,0,10,1e-12,0.0216671,0,7.61702e-12,9.82886e-13
basic,721,1,0,10,1e-12,0.0216319,0,9.77707e-12,1.01268e-12
basic,722,1,0,10,1e-12,0.0216798,0,1.14824e-11,9.44157e-13
basic,723,1,0,10,1e-12,0.0217447,0,8.41283e-12,1.0693e-12
basic,724,1,0,10,1e-12,0.0218961,0,9.20863e-12,1.06731e-12
basic,725,1,0,10,1e-12,0.0219473,0,8.07177e-12,1.04795e-12
basic,726,1,0,10,1e-12,0.021951,0,9.77707e-12,9.46455e-13
basic,727,1,0,10,1e-12,0.0219142,0,1.47793e-11,1.05511e-12
basic,728,1,0,10,1e-12,0.0220765,0,7.50333e-12,1.04695e-12
basic,729,1,0,10,1e-12,0.0220973,0,9.66338e-12,1.07336e-12
basic,730,1,0,10,1e-12,0.0221872,0,9.66338e-12,1.0345e-12
basic,731,1,0,10,1e-12,0.0220684,0,1.05729e-11,1.06508e-12
basic,732,1,0,10,1e-12,0.0222086,0,1.31877e-11,1.1077e-12
basic,733,1,0,10,1e-12,0.0222438,0,9.77707e-12,1.05484e-12
basic,734,1,0,10,1e-12,0.0223029,0,9.20863e-12,1.0085e-12
basic,735,1,0,10,1e-12,0.0224671,0,9.89075e-12,9.48005e-13
basic,736,1,0,10,1e-12,0.0225802,0,9.89075e-12,1.02777e-12
basic,737,1,0,10,1e-12,0.0225596,0,1.10276e-11,1.02546e-12
basic,738,1,0,10,1e-12,0.0226395,0,9.20863e-12,1.05031e-12
basic,739,1,0,10,1e-12,0.0230255,0,1.26192e-11,1.0133e-12
basic,740,1,0,10,1e-12,0.0228485,0,7.95808e-12,1.06664e-12
basic,741,1,0,10,1e-12,0.0228347,0,8.75389e-12,1.10622e-12
basic,742,1,0,10,1e-12,0.0232168,0,1.43245e-11,1.05151e-12
basic,743,1,0,10,1e-12,0.0230551,0,7.38964e-12,1.03434e-12
basic,744,1,0,10,1e-12,0.0231746,0,1.17097e-11,1.0867e-12
basic,745,1,0,10,1e-12,0.0230719,0,8.75389e-12,1.00718e-12
basic,746,1,0,10,1e-12,0.0230613,0,1.26192e-11,9.78983e-13
basic,747,1,0,10,1e-12,0.0233113,0,1.3074e-11,1.03062e-12
basic,748,1,0,10,1e-12,0.0231979,0,1.04592e-11,9.92367e-13
basic,749,1,0,10,1e-12,0.0236041,0,1.00044e-11,1.05607e-12
basic,750,1,0,10,1e-12,0.0235053,0,1.28466e-11,1.07539e-12
basic,751,1,0,10,1e-12,0.0236668,0,1.19371e-11,1.04617e-12
basic,752,1,0,10,1e-12,0.0235121,0,1.15961e-11,1.02899e-12
basic,753,1,0,10,1e-12,0.0236187,0,9.54969e-12,1.102e-12
basic,754,1,0,10,1e-12,0.0237398,0,1.26192e-11,1.03202e-12
basic,755,1,0,10,1e-12,0.0239653,0,9.77707e-12,1.06065e-12
basic,756,1,0,10,1e-12,0.0237733,0,1.64846e-11,1.02675e-12
basic,757,1,0,10,1e-12,0.0240692,0,1.46656e-11,1.02632e-12
basic,758,1,0,10,1e-12,0.023889,0,1.27329e-11,1.14855e-12
basic,759,1,0,10,1e-12,0.0238955,0,1.42109e-11,1.06834e-12
basic,760,1,0,10,1e-12,0.0239817,0,9.32232e-12,1.10821e-12
basic,761,1,0,10,1e-12,0.0241407,0,6.25278e-12,1.00956e-12
basic,762,1,0,10,1e-12,0.0243769,0,1.17097e-11,1.07829e-12
basic,763,1,0,10,1e-12,0.0237537,0,8.29914e-12,1.03244e-12
basic,764,1,0,10,1e-12,0.0239014,0,9.32232e-12,9.89282e-13
basic,765,1,0,10,1e-12,0.0238041,0,9.89075e-12,1.0246e-12
basic,766,1,0,10,1e-12,0.0238334,0,9.32232e-12,1.10991e-12
basic,767,1,0,10,1e-12,0.0247188,0,1.73941e-11,1.00896e-12
basic,768,1,0,10,1e-12,0.0252093,0,9.54969e-12,1.11661e-12
basic,769,1,0,10,1e-12,0.0240305,0,1.35287e-11,1.11382e-12
basic,770,1,0,10,1e-12,0.023861,0,1.21645e-11,1.03597e-12
basic,771,1,0,10,1e-12,0.0244004,0,1.08002e-11,1.10305e-12
basic,772,1,0,10,1e-12,0.0243458,0,1.10276e-11,1.03538e-12
basic,773,1,0,10,1e-12,0.0242153,0,1.27329e-11,1.09893e-12
basic,774,1,0,10,1e-12,0.0242352,0,8.07177e-12,1.07207e-12
basic,775,1,0,10,1e-12,0.0242219,0,9.20863e-12,1.11209e-12
basic,776,1,0,10,1e-12,0.0245175,0,8.29914e-12,9.78619e-13
basic,777,1,0,10,1e-12,0.0246372,0,8.6402e-12,1.11895e-12
basic,778,1,0,10,1e-12,0.0245228,0,1.53477e-11,1.09468e-12
basic,779,1,0,10,1e-12,0.0246924,0,9.54969e-12,1.00827e-12
basic,780,1,0,10,1e-12,0.0245171,0,8.07177e-12,1.00457e-12
basic,781,1,0,10,1e-12,0.0247726,0,9.09495e-12,1.04851e-12
basic,782,1,0,10,1e-12,0.0247908,0,1.1255e-11,1.04087e-12
basic,783,1,0,10,1e-12,0.0249,0,1.04592e-11,1.02761e-12
basic,784,1,0,10,1e-12,0.024944,0,1.33014e-11,1.0119e-12
basic,785,1,0,10,1e-12,0.0250528,0,1.59162e-11,1.11872e-12
basic,786,1,0,10,1e-12,0.0251622,0,1.54614e-11,1.11656e-12
basic,787,1,0,10,1e-12,0.0250202,0,1.3074e-11,9.85898e-13
basic,788,1,0,10,1e-12,0.0253287,0,8.18545e-12,1.05597e-12
basic,789,1,0,10,1e-12,0.0256717,0,1.42109e-11,1.03489e-12
basic,790,1,0,10,1e-12,0.025502,0,9.77707e-12,1.06136e-12
basic,791,1,0,10,1e-12,0.0255754,0,1.43245e-11,1.10769e-12
basic,792,1,0,10,1e-12,0.0252883,0,1.08002e-11,1.05158e-12
basic,793,1,0,10,1e-12,0.0254256,0,1.35287e-11,1.0063e-12
basic,794,1,0,10,1e-12,0.0255815,0,1.22782e-11,1.07296e-12
basic,795,1,0,10,1e-12,0.0256845,0,1.20508e-11,1.06303e-12
basic,796,1,0,10,1e-12,0.025884,0,1.35287e-11,1.10144e-12
basic,797,1,0,10,1e-12,0.0258413,0,1.14824e-11,1.06597e-12
basic,798,1,0,10,1e-12,0.025638,0,1.05729e-11,1.1329e-12
basic,799,1,0,10,1e-12,0.0260009,0,1.3074e-11,1.02571e-12
basic,800,1,0,10,1e-12,0.025941,0,1.09139e-11,9.9488e-13
basic,801,1,0,10,1e-12,0.0261545,0,1.4893e-11,1.11807e-12
basic,802,1,0,10,1e-12,0.026062,0,8.75389e-12,1.03057e-12
basic,803,1,0,10,1e-12,0.0260463,0,1.14824e-11,1.0731e-12
basic,804,1,0,10,1e-12,0.0264893,0,9.09495e-12,1.08039e-12
basic,805,1,0,10,1e-12,0.0262455,0,9.20863e-12,1.1475e-12
basic,806,1,0,10,1e-12,0.0261376,0,8.75389e-12,1.02665e-12
basic,807,1,0,10,1e-12,0.0263733,0,8.86757e-12,1.03893e-12
basic,808,1,0,10,1e-12,0.026746,0,9.32232e-12,1.05317e-12
basic,809,1,0,10,1e-12,0.0267382,0,1.22782e-11,1.16331e-12
basic,810,1,0,10,1e-12,0.0272702,0,1.11413e-11,1.09271e-12
basic,811,1,0,10,1e-12,0.0274469,0,1.13687e-11,1.10493e-12
basic,812,1,0,10,1e-12,0.0273989,0,1.02318e-11,9.60708e-13
basic,813,1,0,10,1e-12,0.027458,0,9.66338e-12,1.01541e-12
basic,814,1,0,10,1e-12,0.0274869,0,1.42109e-11,1.14783e-12
basic,815,1,0,10,1e-12,0.0278373,0,1.47793e-11,1.105e-12
basic,816,1,0,10,1e-12,0.0277046,0,9.20863e-12,1.03545e-12
basic,817,1,0,10,1e-12,0.0278435,0,9.54969e-12,1.01405e-12
basic,818,1,0,10,1e-12,0.0280315,0,1.26192e-11,1.08768e-12
basic,819,1,0,10,1e-12,0.0280581,0,1.09139e-11,9.77308e-13
basic,820,1,0,10,1e-12,0.0281735,0,1.09139e-11,1.07128e-12
basic,821,1,0,10,1e-12,0.0280412,0,7.50333e-12,1.06789e-12
basic,822,1,0,10,1e-12,0.0280324,0,7.16227e-12,9.97047e-13
basic,823,1,0,10,1e-12,0.0280546,0,1.83036e-11,1.02395e-12
basic,824,1,0,10,1e-12,0.0282018,0,1.11413e-11,1.0247e-12
basic,825,1,0,10,1e-12,0.0284199,0,1.20508e-11,9.99054e-13
basic,826,1,0,10,1e-12,0.0283323,0,1.05729e-11,1.02326e-12
basic,827,1,0,10,1e-12,0.0285474,0,1.00044e-11,9.93212e-13
basic,828,1,0,10,1e-12,0.0286671,0,1.14824e-11,1.07406e-12
basic,829,1,0,10,1e-12,0.0287725,0,1.17097e-11,1.0728e-12
basic,830,1,0,10,1e-12,0.0287821,0,1.21645e-11,1.07265e-12
basic,831,1,0,10,1e-12,0.0290093,0,8.18545e-12,9.91737e-13
basic,832,1,0,10,1e-12,0.0287913,0,1.04592e-11,1.03114e-12
basic,833,1,0,10,1e-12,0.028886,0,1.05729e-11,1.07584e-12
basic,834,1,0,10,1e-12,0.0289309,0,1.19371e-11,1.03302e-12
basic,835,1,0,10,1e-12,0.029033,0,8.29914e-12,9.78446e-13
basic,836,1,0,10,1e-12,0.0292337,0,8.52651e-12,1.07925e-12
basic,837,1,0,10,1e-12,0.0290891,0,8.98126e-12,1.02483e-12
basic,838,1,0,10,1e-12,0.0292728,0,9.32232e-12,1.00666e-12
basic,839,1,0,10,1e-12,0.0294613,0,1.80762e-11,1.02837e-12
basic,840,1,0,10,1e-12,0.0296344,0,1.06866e-11,1.01807e-12
basic,841,1,0,10,1e-12,0.0293028,0,8.98126e-12,9.7514e-13
basic,842,1,0,10,1e-12,0.0295527,0,1.40972e-11,1.07933e-12
basic,843,1,0,10,1e-12,0.0297121,0,7.84439e-12,1.02062e-12
basic,844,1,0,10,1e-12,0.0293149,0,7.7307e-12,1.03432e-12
basic,845,1,0,10,1e-12,0.029269,0,9.09495e-12,1.02323e-12
basic,846,1,0,10,1e-12,0.0292213,0,8.6402e-12,1.06107e-12
basic,847,1,0,10,1e-12,0.0293453,0,1.37561e-11,1.09116e-12
basic,848,1,0,10,1e-12,0.0294165,0,1.00044e-11,1.10465e-12
basic,849,1,0,10,1e-12,0.0296815,0,1.44382e-11,1.01818e-12
basic,850,1,0,10,1e-12,0.0292543,0,9.89075e-12,1.06214e-12
basic,851,1,0,10,1e-12,0.0292905,0,1.14824e-11,1.05945e-12
basic,852,1,0,10,1e-12,0.0298678,0,9.77707e-12,1.0855e-12
basic,853,1,0,10,1e-12,0.0294439,0,1.08002e-11,1.05635e-12
basic,854,1,0,10,1e-12,0.0297107,0,9.89075e-12,9.64079e-13
basic,855,1,0,10,1e-12,0.0297582,0,1.44382e-11,1.14453e-12
basic,856,1,0,10,1e-12,0.0299388,0,1.1255e-11,1.02423e-12
basic,857,1,0,10,1e-12,0.0298938,0,1.28466e-11,1.07537e-12
basic,858,1,0,10,1e-12,0.0299691,0,1.02318e-11,1.04877e-12
basic,859,1,0,10,1e-12,0.0303249,0,1.15961e-11,1.08524e-12
basic,860,1,0,10,1e-12,0.0300534,0,1.09139e-11,1.07391e-12
basic,861,1,0,10,1e-12,0.0300426,0,1.05729e-11,1.05161e-12
basic,862,1,0,10,1e-12,0.030322,0,1.19371e-11,1.0538e-12
basic,863,1,0,10,1e-12,0.0303232,0,1.11413e-11,1.0208e-12
basic,864,1,0,10,1e-12,0.0304485,0,1.10276e-11,1.05832e-12
basic,865,1,0,10,1e-12,0.0305354,0,8.75389e-12,1.03441e-12
basic,866,1,0,10,1e-12,0.0305874,0,1.56888e-11,1.10788e-12
basic,867,1,0,10,1e-12,0.0305111,0,1.33014e-11,1.09544e-12
basic,868,1,0,10,1e-12,0.0309853,0,1.56888e-11,1.02125e-12
basic,869,1,0,10,1e-12,0.0305569,0,1.1255e-11,1.12956e-12
basic,870,1,0,10,1e-12,0.0309049,0,9.54969e-12,1.10667e-12
basic,871,1,0,10,1e-12,0.0311005,0,1.3415e-11,1.02785e-12
basic,872,1,0,10,1e-12,0.0309936,0,9.32232e-12,1.01848e-12
basic,873,1,0,10,1e-12,0.031289,0,1.05729e-11,1.07996e-12
basic,874,1,0,10,1e-12,0.0309747,0,1.11413e-11,1.24597e-12
basic,875,1,0,10,1e-12,0.0312116,0,1.65983e-11,1.03236e-12
basic,876,1,0,10,1e-12,0.0315489,0,1.26192e-11,1.09272e-12
basic,877,1,0,10,1e-12,0.0313106,0,1.40972e-11,1.12705e-12
basic,878,1,0,10,1e-12,0.0314887,0,1.01181e-11,1.08625e-12
basic,879,1,0,10,1e-12,0.0314883,0,8.75389e-12,1.0326e-12
basic,880,1,0,10,1e-12,0.0315399,0,1.59162e-11,1.02235e-12
basic,881,1,0,10,1e-12,0.0315645,0,9.20863e-12,1.14562e-12
basic,882,1,0,10,1e-12,0.0318303,0,8.18545e-12,1.06093e-12
basic,883,1,0,10,1e-12,0.0320288,0,9.54969e-12,1.07576e-12
basic,884,1,0,10,1e-12,0.031884,0,1.56888e-11,1.1266e-12
basic,885,1,0,10,1e-12,0.0320097,0,1.01181e-11,1.04467e-12
basic,886,1,0,10,1e-12,0.0320044,0,1.33014e-11,1.07286e-12
basic,887,1,0,10,1e-12,0.0320205,0,1.55751e-11,1.04794e-12
basic,888,1,0,10,1e-12,0.0319675,0,1.18234e-11,1.037e-12
basic,889,1,0,10,1e-12,0.0322459,0,1.3074e-11,1.04512e-12
basic,890,1,0,10,1e-12,0.0321378,0,1.15961e-11,1.10656e-12
basic,891,1,0,10,1e-12,0.0323862,0,1.4893e-11,1.01152e-12
basic,892,1,0,10,1e-12,0.0326885,0,1.18234e-11,1.03287e-12
basic,893,1,0,10,1e-12,0.0325921,0,1.27329e-11,1.10132e-12
basic,894,1,0,10,1e-12,0.0327279,0,1.62572e-11,1.11335e-12
basic,895,1,0,10,1e-12,0.0334872,0,1.69393e-11,1.05043e-12
basic,896,1,0,10,1e-12,0.0327824,0,1.03455e-11,1.04205e-12
basic,897,1,0,10,1e-12,0.0329384,0,1.23919e-11,1.05695e-12
basic,898,1,0,10,1e-12,0.0329928,0,1.37561e-11,1.04398e-12
basic,899,1,0,10,1e-12,0.0330134,0,1.53477e-11,1.0255e-12
basic,900,1,0,10,1e-12,0.0332933,0,8.75389e-12,1.08033e-12
basic,901,1,0,10,1e-12,0.0333892,0,2.01226e-11,1.115e-12
basic,902,1,0,10,1e-12,0.032958,0,1.37561e-11,1.08472e-12
basic,903,1,0,10,1e-12,0.0332744,0,1.15961e-11,1.01881e-12
basic,904,1,0,10,1e-12,0.0331335,0,9.66338e-12,1.09223e-12
basic,905,1,0,10,1e-12,0.0336145,0,1.11413e-11,1.07313e-12
basic,906,1,0,10,1e-12,0.0333467,0,1.01181e-11,1.05403e-12
basic,907,1,0,10,1e-12,0.0336054,0,8.75389e-12,1.03995e-12
basic,908,1,0,10,1e-12,0.0335834,0,8.75389e-12,1.04524e-12
basic,909,1,0,10,1e-12,0.033679,0,9.43601e-12,1.06009e-12
basic,910,1,0,10,1e-12,0.0337696,0,1.33014e-11,1.08909e-12
basic,911,1,0,10,1e-12,0.0338226,0,1.08002e-11,1.0954e-12
basic,912,1,0,10,1e-12,0.0343786,0,1.19371e-11,1.17744e-12
basic,913,1,0,10,1e-12,0.0340868,0,1.37561e-11,1.06345e-12
basic,914,1,0,10,1e-12,0.0338578,0,1.44382e-11,1.08963e-12
basic,915,1,0,10,1e-12,0.0341432,0,1.19371e-11,1.08901e-12
basic,916,1,0,10,1e-12,0.0342585,0,1.00044e-11,1.07027e-12
basic,917,1,0,10,1e-12,0.0343534,0,1.15961e-11,1.14857e-12
basic,918,1,0,10,1e-12,0.0343902,0,1.33014e-11,1.07392e-12
basic,919,1,0,10,1e-12,0.033818,0,8.75389e-12,1.02192e-12
basic,920,1,0,10,1e-12,0.0341174,0,8.98126e-12,9.79783e-13
basic,921,1,0,10,1e-12,0.034421,0,1.45519e-11,1.1033e-12
basic,922,1,0,10,1e-12,0.034036,0,9.89075e-12,1.08219e-12
basic,923,1,0,10,1e-12,0.0343369,0,1.02318e-11,1.05337e-12
basic,924,1,0,10,1e-12,0.0340625,0,1.45519e-11,1.09609e-12
basic,925,1,0,10,1e-12,0.0340779,0,8.75389e-12,1.10202e-12
basic,926,1,0,10,1e-12,0.034174,0,8.75389e-12,1.06358e-12
basic,927,1,0,10,1e-12,0.0341151,0,1.11413e-11,1.05862e-12
basic,928,1,0,10,1e-12,0.0344349,0,1.36424e-11,1.10168e-12
basic,929,1,0,10,1e-12,0.0345928,0,1.21645e-11,1.12592e-12
basic,930,1,0,10,1e-12,0.0347429,0,1.19371e-11,1.09393e-12
basic,931,1,0,10,1e-12,0.0343957,0,9.20863e-12,1.01624e-12
basic,932,1,0,10,1e-12,0.0348196,0,1.26192e-11,1.03551e-12
basic,933,1,0,10,1e-12,0.0349286,0,9.66338e-12,1.09608e-12
basic,934,1,0,10,1e-12,0.0347408,0,1.04592e-11,1.0836e-12
basic,935,1,0,10,1e-12,0.03501,0,1.25056e-11,1.13223e-12
basic,936,1,0,10,1e-12,0.0348566,0,1.11413e-11,1.05659e-12
basic,937,1,0,10,1e-12,0.0349726,0,1.3074e-11,1.07951e-12
basic,938,1,0,10,1e-12,0.0354196,0,1.51203e-11,1.12815e-12
basic,939,1,0,10,1e-12,0.0357876,0,9.43601e-12,1.02305e-12
basic,940,1,0,10,1e-12,0.0354055,0,1.26192e-11,1.16896e-12
basic,941,1,0,10,1e-12,0.0353911,0,9.09495e-12,1.12829e-12
basic,942,1,0,10,1e-12,0.0354483,0,1.02318e-11,1.10378e-12
basic,943,1,0,10,1e-12,0.0352295,0,1.20508e-11,1.10238e-12
basic,944,1,0,10,1e-12,0.0359313,0,7.95808e-12,1.08865e-12
basic,945,1,0,10,1e-12,0.0355412,0,9.66338e-12,1.02805e-12
basic,946,1,0,10,1e-12,0.03569,0,9.66338e-12,9.92873e-13
basic,947,1,0,10,1e-12,0.0358865,0,1.00044e-11,1.04977e-12
basic,948,1,0,10,1e-12,0.0360601,0,1.26192e-11,1.05656e-12
basic,949,1,0,10,1e-12,0.0354733,0,1.20508e-11,1.11448e-12
basic,950,1,0,10,1e-12,0.0359811,0,1.06866e-11,1.07665e-12
basic,951,1,0,10,1e-12,0.0362055,0,1.27329e-11,1.1104e-12
basic,952,1,0,10,1e-12,0.0359995,0,1.11413e-11,1.08342e-12
basic,953,1,0,10,1e-12,0.0363886,0,1.25056e-11,1.11555e-12
basic,954,1,0,10,1e-12,0.0364608,0,1.04592e-11,1.10935e-12
basic,955,1,0,10,1e-12,0.0366429,0,9.77707e-12,1.13749e-12
basic,956,1,0,10,1e-12,0.0367224,0,1.06866e-11,1.04543e-12
basic,957,1,0,10,1e-12,0.0365333,0,1.1255e-11,1.14334e-12
basic,958,1,0,10,1e-12,0.0368839,0,1.15961e-11,1.10111e-12
basic,959,1,0,10,1e-12,0.0377556,0,1.11413e-11,1.03607e-12
basic,960,1,0,10,1e-12,0.0375768,0,9.89075e-12,1.04132e-12
basic,961,1,0,10,1e-12,0.0375374,0,1.19371e-11,1.06087e-12
basic,962,1,0,10,1e-12,0.037749,0,1.20508e-11,1.13219e-12
basic,963,1,0,10,1e-12,0.0377942,0,1.01181e-11,9.9783e-13
basic,964,1,0,10,1e-12,0.0380958,0,1.45519e-11,1.12617e-12
basic,965,1,0,10,1e-12,0.0380401,0,1.20508e-11,1.11046e-12
basic,966,1,0,10,1e-12,0.0379188,0,1.33014e-11,1.09034e-12
basic,967,1,0,10,1e-12,0.0379727,0,9.20863e-12,1.04838e-12
basic,968,1,0,10,1e-12,0.0382943,0,1.01181e-11,1.15748e-12
basic,969,1,0,10,1e-12,0.0384791,0,1.14824e-11,1.10807e-12
basic,970,1,0,10,1e-12,0.038221,0,9.77707e-12,1.06182e-12
basic,971,1,0,10,1e-12,0.0382822,0,1.36424e-11,1.11089e-12
basic,972,1,0,10,1e-12,0.0385635,0,1.03455e-11,1.02928e-12
basic,973,1,0,10,1e-12,0.0386466,0,1.27329e-11,1.09753e-12
basic,974,1,0,10,1e-12,0.0385772,0,1.31877e-11,1.17996e-12
basic,975,1,0,10,1e-12,0.0389545,0,1.40972e-11,1.19613e-12
basic,976,1,0,10,1e-12,0.0388579,0,1.40972e-11,1.02647e-12
basic,977,1,0,10,1e-12,0.0389477,0,1.28466e-11,1.0531e-12
basic,978,1,0,10,1e-12,0.0387447,0,1.83036e-11,1.10213e-12
basic,979,1,0,10,1e-12,0.0391332,0,1.56888e-11,1.12666e-12
basic,980,1,0,10,1e-12,0.0392375,0,8.07177e-12,1.03514e-12
basic,981,1,0,10,1e-12,0.0390669,0,1.33014e-11,1.08211e-12
basic,982,1,0,10,1e-12,0.0394808,0,1.13687e-11,1.10847e-12
basic,983,1,0,10,1e-12,0.0394049,0,1.23919e-11,1.01527e-12
basic,984,1,0,10,1e-12,0.0392944,0,1.42109e-11,1.09793e-12
basic,985,1,0,10,1e-12,0.0396017,0,1.35287e-11,1.11088e-12
basic,986,1,0,10,1e-12,0.0394507,0,1.13687e-11,1.1068e-12
basic,987,1,0,10,1e-12,0.0399516,0,1.42109e-11,1.13224e-12
basic,988,1,0,10,1e-12,0.0392083,0,9.89075e-12,1.0699e-12
basic,989,1,0,10,1e-12,0.0392421,0,9.43601e-12,1.07386e-12
basic,990,1,0,10,1e-12,0.0395296,0,1.18234e-11,1.11633e-12
basic,991,1,0,10,1e-12,0.0395177,0,8.6402e-12,1.11304e-12
basic,992,1,0,10,1e-12,0.0400347,0,1.45519e-11,1.08878e-12
basic,993,1,0,10,1e-12,0.0396279,0,1.29603e-11,1.16928e-12
basic,994,1,0,10,1e-12,0.0395125,0,1.11413e-11,9.8415e-13
basic,995,1,0,10,1e-12,0.0399843,0,9.54969e-12,1.03901e-12
basic,996,1,0,10,1e-12,0.0395675,0,1.14824e-11,1.11651e-12
basic,997,1,0,10,1e-12,0.0397165,0,1.28466e-11,1.12706e-12
basic,998,1,0,10,1e-12,0.0402475,0,1.29603e-11,1.10265e-12
basic,999,1,0,10,1e-12,0.0397803,0,9.66338e-12,1.11739e-12
basic,1000,1,0,10,1e-12,0.0398374,0,1.20508e-11,1.07311e-12
