version, size, hermitian, complex, seed, tol, runtime in s,min_error, max_error, avg_error
basic,1,1,0,2,1e-12,1.885e-06,0,0,0
basic,2,1,0,2,1e-12,3.283e-06,1.42109e-14,2.84217e-14,2.13163e-14
basic,3,1,0,2,1e-12,1.397e-06,4.26326e-14,8.52651e-14,6.15804e-14
basic,4,1,0,2,1e-12,2.374e-06,1.42109e-14,1.7053e-13,7.4607e-14
basic,5,1,0,2,1e-12,2.794e-06,0,1.7053e-13,7.95808e-14
basic,6,1,0,2,1e-12,3.422e-06,1.42109e-14,1.98952e-13,9.23706e-14
basic,7,1,0,2,1e-12,3.841e-06,2.84217e-14,2.84217e-13,1.42109e-13
basic,8,1,0,2,1e-12,9.499e-06,0,5.11591e-13,2.16716e-13
basic,9,1,0,2,1e-12,6.146e-06,0,3.41061e-13,1.15266e-13
basic,10,1,0,2,1e-12,6.704e-06,1.77636e-14,4.54747e-13,1.58096e-13
basic,11,1,0,2,1e-12,7.752e-06,0,2.84217e-13,8.62341e-14
basic,12,1,0,2,1e-12,1.0616e-05,1.06581e-14,4.54747e-13,1.93919e-13
basic,13,1,0,2,1e-12,1.0476e-05,0,5.68434e-13,2.41858e-13
basic,14,1,0,2,1e-12,1.2223e-05,2.84217e-14,1.13687e-12,2.46406e-13
basic,15,1,0,2,1e-12,1.299e-05,0,1.36424e-12,3.12402e-13
basic,16,1,0,2,1e-12,1.4247e-05,0,1.13687e-12,1.77636e-13
basic,17,1,0,2,1e-12,1.6273e-05,2.84217e-14,1.02318e-12,2.652e-13
basic,18,1,0,2,1e-12,1.6623e-05,0,1.25056e-12,1.8632e-13
basic,19,1,0,2,1e-12,1.8298e-05,0,2.38742e-12,3.56019e-13
basic,20,1,0,2,1e-12,1.9137e-05,1.42109e-14,9.09495e-13,2.43183e-13
basic,21,1,0,2,1e-12,2.2e-05,0,1.02318e-12,2.34817e-13
basic,22,1,0,2,1e-12,2.3746e-05,0,6.82121e-13,1.73114e-13
basic,23,1,0,2,1e-12,2.6331e-05,0,4.54747e-13,1.60953e-13
basic,24,1,0,2,1e-12,2.7657e-05,0,1.36424e-12,3.33659e-13
basic,25,1,0,2,1e-12,3.101e-05,0,1.13687e-12,2.6219e-13
basic,26,1,0,2,1e-12,3.2476e-05,0,1.13687e-12,2.94534e-13
basic,27,1,0,2,1e-12,3.6178e-05,0,9.09495e-13,2.91915e-13
basic,28,1,0,2,1e-12,3.9391e-05,0,1.47793e-12,3.18983e-13
basic,29,1,0,2,1e-12,4.0019e-05,0,1.25056e-12,2.37511e-13
basic,30,1,0,2,1e-12,4.0787e-05,0,1.7053e-12,3.20307e-13
basic,31,1,0,2,1e-12,4.7143e-05,0,9.09495e-13,2.58145e-13
basic,32,1,0,2,1e-12,4.7701e-05,0,2.6148e-12,3.66179e-13
basic,33,1,0,2,1e-12,5.294e-05,0,9.09495e-13,2.62282e-13
basic,34,1,0,2,1e-12,5.692e-05,0,1.36424e-12,2.91061e-13
basic,35,1,0,2,1e-12,5.8806e-05,3.55271e-15,1.59162e-12,4.07598e-13
basic,36,1,0,2,1e-12,6.1949e-05,0,2.04636e-12,2.87252e-13
basic,37,1,0,2,1e-12,6.5162e-05,0,1.93268e-12,2.86402e-13
basic,38,1,0,2,1e-12,6.7257e-05,0,1.59162e-12,3.50386e-13
basic,39,1,0,2,1e-12,7.2636e-05,0,1.59162e-12,3.29036e-13
basic,40,1,0,2,1e-12,7.1936e-05,0,1.25056e-12,2.01994e-13
basic,41,1,0,2,1e-12,7.501e-05,0,1.47793e-12,3.37811e-13
basic,42,1,0,2,1e-12,7.8572e-05,0,2.6148e-12,4.44681e-13
basic,43,1,0,2,1e-12,8.3391e-05,0,2.16005e-12,3.9937e-13
basic,44,1,0,2,1e-12,8.4997e-05,0,2.84217e-12,3.38436e-13
basic,45,1,0,2,1e-12,9.2051e-05,0,1.93268e-12,3.53831e-13
basic,46,1,0,2,1e-12,9.4496e-05,0,2.16005e-12,3.3604e-13
basic,47,1,0,2,1e-12,0.000108324,1.06581e-14,1.7053e-12,2.69572e-13
basic,48,1,0,2,1e-12,0.000109023,0,1.81899e-12,3.88301e-13
basic,49,1,0,2,1e-12,0.000108953,0,2.27374e-12,3.85941e-13
basic,50,1,0,2,1e-12,0.000115727,0,1.81899e-12,3.63709e-13
basic,51,1,0,2,1e-12,0.000122781,0,2.27374e-12,3.89179e-13
basic,52,1,0,2,1e-12,0.000125295,0,1.7053e-12,3.5399e-13
basic,53,1,0,2,1e-12,0.000133117,1.06581e-14,2.16005e-12,3.92173e-13
basic,54,1,0,2,1e-12,0.000126133,0,2.27374e-12,3.76423e-13
basic,55,1,0,2,1e-12,0.000147295,0,1.7053e-12,4.34239e-13
basic,56,1,0,2,1e-12,0.000141917,0,1.93268e-12,4.49751e-13
basic,57,1,0,2,1e-12,0.000150369,0,2.38742e-12,4.60965e-13
basic,58,1,0,2,1e-12,0.000151626,0,3.18323e-12,4.77947e-13
basic,59,1,0,2,1e-12,0.000156026,0,2.04636e-12,4.51195e-13
basic,60,1,0,2,1e-12,0.000169645,0,2.84217e-12,4.28857e-13
basic,61,1,0,2,1e-12,0.000168178,0,3.75167e-12,5.53801e-13
basic,62,1,0,2,1e-12,0.000174883,0,3.06954e-12,4.87409e-13
basic,63,1,0,2,1e-12,0.000182635,0,2.04636e-12,4.0257e-13
basic,64,1,0,2,1e-12,0.000185219,0,1.7053e-12,3.65166e-13
basic,65,1,0,2,1e-12,0.000187455,0,3.52429e-12,4.76665e-13
basic,66,1,0,2,1e-12,0.000205474,0,2.72848e-12,3.57559e-13
basic,67,1,0,2,1e-12,0.000197931,0,1.59162e-12,2.70934e-13
basic,68,1,0,2,1e-12,0.00021141,0,3.06954e-12,3.73584e-13
basic,69,1,0,2,1e-12,0.000214343,0,2.16005e-12,4.47848e-13
basic,70,1,0,2,1e-12,0.000223213,0,4.20641e-12,5.13494e-13
basic,71,1,0,2,1e-12,0.000230337,0,1.93268e-12,3.74311e-13
basic,72,1,0,2,1e-12,0.000231734,5.32907e-15,2.95586e-12,4.65159e-13
basic,73,1,0,2,1e-12,0.000261696,0,2.72848e-12,5.19974e-13
basic,74,1,0,2,1e-12,0.000245702,0,2.38742e-12,5.50863e-13
basic,75,1,0,2,1e-12,0.000253804,0,3.29692e-12,4.88392e-13
basic,76,1,0,2,1e-12,0.00025995,0,2.6148e-12,3.90845e-13
basic,77,1,0,2,1e-12,0.000270287,0,2.50111e-12,4.74795e-13
basic,78,1,0,2,1e-12,0.000272173,0,1.47793e-12,4.12286e-13
basic,79,1,0,2,1e-12,0.000278458,0,2.95586e-12,4.31329e-13
basic,80,1,0,2,1e-12,0.000289562,0,2.04636e-12,3.60845e-13
basic,81,1,0,2,1e-12,0.000288585,0,2.72848e-12,4.51842e-13
basic,82,1,0,2,1e-12,0.00030402,0,3.41061e-12,4.60434e-13
basic,83,1,0,2,1e-12,0.00031694,0,3.18323e-12,5.34031e-13
basic,84,1,0,2,1e-12,0.000319664,0,3.86535e-12,4.92632e-13
basic,85,1,0,2,1e-12,0.000316731,0,1.59162e-12,4.52856e-13
basic,86,1,0,2,1e-12,0.000327766,0,3.29692e-12,4.82054e-13
basic,87,1,0,2,1e-12,0.000339429,1.42109e-14,5.45697e-12,5.42606e-13
basic,88,1,0,2,1e-12,0.000344039,0,3.86535e-12,5.5499e-13
basic,89,1,0,2,1e-12,0.000340128,0,4.43379e-12,5.74063e-13
basic,90,1,0,2,1e-12,0.000372325,0,3.41061e-12,6.71246e-13
basic,91,1,0,2,1e-12,0.000367156,0,2.6148e-12,5.11571e-13
basic,92,1,0,2,1e-12,0.000374699,0,3.41061e-12,5.07691e-13
basic,93,1,0,2,1e-12,0.000374909,0,3.29692e-12,5.40719e-13
basic,94,1,0,2,1e-12,0.000403404,0,3.75167e-12,5.37811e-13
basic,95,1,0,2,1e-12,0.00039202,0,2.72848e-12,5.08029e-13
basic,96,1,0,2,1e-12,0.000398376,0,2.50111e-12,4.68449e-13
basic,97,1,0,2,1e-12,0.000416743,0,3.18323e-12,5.58087e-13
basic,98,1,0,2,1e-12,0.000433227,0,2.38742e-12,5.61347e-13
basic,99,1,0,2,1e-12,0.000422401,0,4.3201e-12,6.11946e-13
basic,100,1,0,2,1e-12,0.000442445,0,2.6148e-12,5.44613e-13
basic,101,1,0,2,1e-12,0.000440979,0,2.72848e-12,4.98347e-13
basic,102,1,0,2,1e-12,0.000459207,0,3.86535e-12,5.53771e-13
basic,103,1,0,2,1e-12,0.000468426,0,4.09273e-12,5.79963e-13
basic,104,1,0,2,1e-12,0.000484699,0,2.27374e-12,5.2616e-13
basic,105,1,0,2,1e-12,0.000482395,0,3.41061e-12,5.29566e-13
basic,106,1,0,2,1e-12,0.000482325,0,3.18323e-12,5.44428e-13
basic,107,1,0,2,1e-12,0.00049343,0,3.75167e-12,6.32549e-13
basic,108,1,0,2,1e-12,0.000512915,0,2.84217e-12,5.5544e-13
basic,109,1,0,2,1e-12,0.000517246,0,4.66116e-12,5.56603e-13
basic,110,1,0,2,1e-12,0.00051543,0,4.88853e-12,7.08169e-13
basic,111,1,0,2,1e-12,0.000562643,0,4.43379e-12,5.66434e-13
basic,112,1,0,2,1e-12,0.0005419,0,2.95586e-12,5.33173e-13
basic,113,1,0,2,1e-12,0.000544763,0,3.06954e-12,5.32231e-13
basic,114,1,0,2,1e-12,0.000551677,0,2.50111e-12,5.00017e-13
basic,115,1,0,2,1e-12,0.000592046,0,5.11591e-12,6.779e-13
basic,116,1,0,2,1e-12,0.0005727,0,3.41061e-12,4.94578e-13
basic,117,1,0,2,1e-12,0.000592116,0,2.6148e-12,5.51217e-13
basic,118,1,0,2,1e-12,0.000594001,0,3.06954e-12,4.81344e-13
basic,119,1,0,2,1e-12,0.000605875,0,2.95586e-12,6.02566e-13
basic,120,1,0,2,1e-12,0.000608179,0,3.06954e-12,5.56e-13
basic,121,1,0,2,1e-12,0.000628713,0,4.3201e-12,5.74284e-13
basic,122,1,0,2,1e-12,0.000637722,0,4.3201e-12,4.66585e-13
basic,123,1,0,2,1e-12,0.000639608,0,3.52429e-12,6.00015e-13
basic,124,1,0,2,1e-12,0.00066936,0,5.00222e-12,5.87186e-13
basic,125,1,0,2,1e-12,0.000701488,0,4.20641e-12,6.22322e-13
basic,126,1,0,2,1e-12,0.000673831,0,4.3201e-12,6.32034e-13
basic,127,1,0,2,1e-12,0.000684097,0,2.27374e-12,5.31075e-13
basic,128,1,0,2,1e-12,0.000688077,0,3.63798e-12,5.75928e-13
basic,129,1,0,2,1e-12,0.000726281,0,6.36646e-12,7.09476e-13
basic,130,1,0,2,1e-12,0.000728096,0,3.97904e-12,5.98554e-13
basic,131,1,0,2,1e-12,0.000740738,0,5.45697e-12,6.35678e-13
basic,132,1,0,2,1e-12,0.00074451,0,4.09273e-12,5.83035e-13
basic,133,1,0,2,1e-12,0.000761691,0,3.63798e-12,5.20042e-13
basic,134,1,0,2,1e-12,0.000782922,0,3.41061e-12,5.39254e-13
basic,135,1,0,2,1e-12,0.00078851,0,3.86535e-12,5.67566e-13
basic,136,1,0,2,1e-12,0.00085472,0,3.63798e-12,5.71621e-13
basic,137,1,0,2,1e-12,0.000825037,0,3.52429e-12,5.49996e-13
basic,138,1,0,2,1e-12,0.000835374,0,3.86535e-12,6.24492e-13
basic,139,1,0,2,1e-12,0.000830136,0,7.84439e-12,6.76549e-13
basic,140,1,0,2,1e-12,0.000881748,0,4.66116e-12,6.75311e-13
basic,141,1,0,2,1e-12,0.000853812,0,2.84217e-12,5.561e-13
basic,142,1,0,2,1e-12,0.000870783,0,7.84439e-12,5.34993e-13
basic,143,1,0,2,1e-12,0.000896903,0,3.97904e-12,5.06019e-13
basic,144,1,0,2,1e-12,0.000926725,0,3.52429e-12,5.15051e-13
basic,145,1,0,2,1e-12,0.000906682,0,3.75167e-12,5.24622e-13
basic,146,1,0,2,1e-12,0.000900536,0,4.3201e-12,5.39909e-13
basic,147,1,0,2,1e-12,0.000948028,0,3.86535e-12,6.00369e-13
basic,148,1,0,2,1e-12,0.000953964,0,2.50111e-12,5.97222e-13
basic,149,1,0,2,1e-12,0.000959132,0,2.6148e-12,5.23703e-13
basic,150,1,0,2,1e-12,0.00097366,0,3.41061e-12,6.16855e-13
basic,151,1,0,2,1e-12,0.000987768,0,6.36646e-12,6.69628e-13
basic,152,1,0,2,1e-12,0.00104748,0,3.86535e-12,5.98054e-13
basic,153,1,0,2,1e-12,0.000983088,0,3.41061e-12,5.62034e-13
basic,154,1,0,2,1e-12,0.00100167,0,5.22959e-12,6.26682e-13
basic,155,1,0,2,1e-12,0.00102981,0,2.50111e-12,5.34225e-13
basic,156,1,0,2,1e-12,0.00104511,0,3.29692e-12,5.89067e-13
basic,157,1,0,2,1e-12,0.00106641,0,4.54747e-12,6.55108e-13
basic,158,1,0,2,1e-12,0.00110391,0,3.75167e-12,6.38283e-13
basic,159,1,0,2,1e-12,0.00108184,0,3.63798e-12,6.43256e-13
basic,160,1,0,2,1e-12,0.0011329,0,4.09273e-12,6.16213e-13
basic,161,1,0,2,1e-12,0.0010896,0,4.43379e-12,6.08157e-13
basic,162,1,0,2,1e-12,0.00113164,0,5.57066e-12,6.89259e-13
basic,163,1,0,2,1e-12,0.00112165,0,3.63798e-12,7.10657e-13
basic,164,1,0,2,1e-12,0.00115266,0,4.20641e-12,6.45045e-13
basic,165,1,0,2,1e-12,0.00119855,0,5.22959e-12,6.33513e-13
basic,166,1,0,2,1e-12,0.00115469,0,4.09273e-12,5.99962e-13
basic,167,1,0,2,1e-12,0.00119617,0,4.77485e-12,6.23613e-13
basic,168,1,0,2,1e-12,0.00128543,0,3.75167e-12,6.26924e-13
basic,169,1,0,2,1e-12,0.00121699,0,3.75167e-12,6.30538e-13
basic,170,1,0,2,1e-12,0.00128334,0,3.75167e-12,6.49224e-13
basic,171,1,0,2,1e-12,0.0012605,0,5.68434e-12,6.97285e-13
basic,172,1,0,2,1e-12,0.00124925,0,3.18323e-12,5.61014e-13
basic,173,1,0,2,1e-12,0.00126972,0,3.52429e-12,6.54297e-13
basic,174,1,0,2,1e-12,0.00130031,0,3.75167e-12,6.02185e-13
basic,175,1,0,2,1e-12,0.00128368,0,5.57066e-12,5.73172e-13
basic,176,1,0,2,1e-12,0.00142155,0,5.57066e-12,6.52478e-13
basic,177,1,0,2,1e-12,0.00140179,0,4.54747e-12,6.58308e-13
basic,178,1,0,2,1e-12,0.00133502,0,5.91172e-12,6.42592e-13
basic,179,1,0,2,1e-12,0.00142002,0,4.66116e-12,6.15451e-13
basic,180,1,0,2,1e-12,0.00144607,0,4.43379e-12,6.27757e-13
basic,181,1,0,2,1e-12,0.001427,0,5.00222e-12,5.98811e-13
basic,182,1,0,2,1e-12,0.00144698,0,4.43379e-12,6.01036e-13
basic,183,1,0,2,1e-12,0.00145026,0,7.04858e-12,7.11603e-13
basic,184,1,0,2,1e-12,0.00151717,0,3.52429e-12,6.50171e-13
basic,185,1,0,2,1e-12,0.00142155,0,4.66116e-12,5.61482e-13
basic,186,1,0,2,1e-12,0.00152722,0,5.79803e-12,7.21893e-13
basic,187,1,0,2,1e-12,0.00148553,0,5.45697e-12,7.28541e-13
basic,188,1,0,2,1e-12,0.00151353,0,4.09273e-12,6.6295e-13
basic,189,1,0,2,1e-12,0.00227082,0,3.29692e-12,6.43109e-13
basic,190,1,0,2,1e-12,0.00160691,0,6.13909e-12,6.19236e-13
basic,191,1,0,2,1e-12,0.00162305,0,3.97904e-12,6.68145e-13
basic,192,1,0,2,1e-12,0.00166355,0,3.63798e-12,7.55537e-13
basic,193,1,0,2,1e-12,0.00154412,0,3.41061e-12,6.07081e-13
basic,194,1,0,2,1e-12,0.00163527,0,3.97904e-12,6.38932e-13
basic,195,1,0,2,1e-12,0.00167515,0,6.13909e-12,5.84583e-13
basic,196,1,0,2,1e-12,0.00168947,0,4.77485e-12,7.11177e-13
basic,197,1,0,2,1e-12,0.00162451,0,4.54747e-12,6.61567e-13
basic,198,1,0,2,1e-12,0.0017123,0,4.20641e-12,7.77715e-13
basic,199,1,0,2,1e-12,0.00174143,0,4.3201e-12,7.2576e-13
basic,200,1,0,2,1e-12,0.0018047,0,5.79803e-12,7.15197e-13
basic,201,1,0,2,1e-12,0.00169889,0,4.66116e-12,7.12982e-13
basic,202,1,0,2,1e-12,0.00178438,0,6.25278e-12,7.34383e-13
basic,203,1,0,2,1e-12,0.00178473,0,4.77485e-12,6.81677e-13
basic,204,1,0,2,1e-12,0.00181574,0,9.66338e-12,8.82693e-13
basic,205,1,0,2,1e-12,0.00183194,0,5.45697e-12,6.34021e-13
basic,206,1,0,2,1e-12,0.00179905,0,9.89075e-12,7.30296e-13
basic,207,1,0,2,1e-12,0.00187161,0,5.68434e-12,7.73344e-13
basic,208,1,0,2,1e-12,0.00361695,0,6.36646e-12,7.43258e-13
basic,209,1,0,2,1e-12,0.00188153,0,5.68434e-12,6.79682e-13
basic,210,1,0,2,1e-12,0.00196604,0,7.16227e-12,7.1454e-13
basic,211,1,0,2,1e-12,0.0018626,0,6.0254e-12,7.11387e-13
basic,212,1,0,2,1e-12,0.00196639,0,4.54747e-12,7.13488e-13
basic,213,1,0,2,1e-12,0.00196373,0,6.36646e-12,7.6768e-13
basic,214,1,0,2,1e-12,0.00198901,0,5.00222e-12,7.15982e-13
basic,215,1,0,2,1e-12,0.00201995,0,7.04858e-12,7.25313e-13
basic,216,1,0,2,1e-12,0.00209685,0,6.0254e-12,6.45286e-13
basic,217,1,0,2,1e-12,0.00196659,0,4.09273e-12,7.13434e-13
basic,218,1,0,2,1e-12,0.00204908,0,5.57066e-12,7.11539e-13
basic,219,1,0,2,1e-12,0.00208721,0,6.9349e-12,8.31779e-13
basic,220,1,0,2,1e-12,0.00212283,0,6.9349e-12,7.44421e-13
basic,221,1,0,2,1e-12,0.00210537,0,5.57066e-12,7.1798e-13
basic,222,1,0,2,1e-12,0.00218688,0,5.22959e-12,7.50389e-13
basic,223,1,0,2,1e-12,0.00218248,0,7.27596e-12,8.48079e-13
basic,224,1,0,2,1e-12,0.00223744,0,5.00222e-12,6.60198e-13
basic,225,1,0,2,1e-12,0.0021192,0,6.82121e-12,7.19851e-13
basic,226,1,0,2,1e-12,0.00223695,0,9.77707e-12,7.14697e-13
basic,227,1,0,2,1e-12,0.00226552,0,5.11591e-12,6.65224e-13
basic,228,1,0,2,1e-12,0.00229073,0,6.70752e-12,6.58417e-13
basic,229,1,0,2,1e-12,0.00230449,0,8.52651e-12,7.71629e-13
basic,230,1,0,2,1e-12,0.00230742,0,4.77485e-12,7.38891e-13
basic,231,1,0,2,1e-12,0.00233138,0,7.04858e-12,7.36902e-13
basic,232,1,0,2,1e-12,0.00240562,0,7.50333e-12,6.96606e-13
basic,233,1,0,2,1e-12,0.00236895,0,7.16227e-12,8.21714e-13
basic,234,1,0,2,1e-12,0.00227376,0,4.77485e-12,7.18379e-13
basic,235,1,0,2,1e-12,0.00240059,0,4.09273e-12,5.56366e-13
basic,236,1,0,2,1e-12,0.00240778,0,6.36646e-12,7.23801e-13
basic,237,1,0,2,1e-12,0.00245912,0,6.13909e-12,6.48134e-13
basic,238,1,0,2,1e-12,0.00246827,0,7.38964e-12,7.8645e-13
basic,239,1,0,2,1e-12,0.0025087,0,4.66116e-12,7.24438e-13
basic,240,1,0,2,1e-12,0.00254803,0,6.70752e-12,7.36144e-13
basic,241,1,0,2,1e-12,0.00253922,0,5.11591e-12,6.72375e-13
basic,242,1,0,2,1e-12,0.00252533,0,5.45697e-12,7.5737e-13
basic,243,1,0,2,1e-12,0.00260327,0,5.34328e-12,7.63896e-13
basic,244,1,0,2,1e-12,0.00261961,0,6.36646e-12,7.69274e-13
basic,245,1,0,2,1e-12,0.00264077,0,3.75167e-12,6.81072e-13
basic,246,1,0,2,1e-12,0.00263882,0,5.79803e-12,7.25071e-13
basic,247,1,0,2,1e-12,0.00270363,0,6.70752e-12,7.92361e-13
basic,248,1,0,2,1e-12,0.00273946,0,5.00222e-12,7.72015e-13
basic,249,1,0,2,1e-12,0.00272347,0,7.27596e-12,7.71123e-13
basic,250,1,0,2,1e-12,0.00272507,0,4.20641e-12,7.02546e-13
basic,251,1,0,2,1e-12,0.0027206,0,6.36646e-12,7.23435e-13
basic,252,1,0,2,1e-12,0.00277319,0,9.32232e-12,8.09606e-13
basic,253,1,0,2,1e-12,0.00280707,0,6.70752e-12,7.55491e-13
basic,254,1,0,2,1e-12,0.0028364,0,6.59384e-12,7.6712e-13
basic,255,1,0,2,1e-12,0.00289199,0,1.11413e-11,8.88971e-13
basic,256,1,0,2,1e-12,0.00309614,0,6.36646e-12,7.44772e-13
basic,257,1,0,2,1e-12,0.00288997,0,6.82121e-12,7.98676e-13
basic,258,1,0,2,1e-12,0.00273108,0,9.09495e-12,7.94207e-13
basic,259,1,0,2,1e-12,0.00290052,0,4.66116e-12,6.28249e-13
basic,260,1,0,2,1e-12,0.00292293,0,8.07177e-12,7.4443e-13
basic,261,1,0,2,1e-12,0.00293432,0,4.77485e-12,7.11174e-13
basic,262,1,0,2,1e-12,0.00293446,0,4.88853e-12,7.18818e-13
basic,263,1,0,2,1e-12,0.00296449,0,9.54969e-12,8.2402e-13
basic,264,1,0,2,1e-12,0.00298397,0,5.45697e-12,7.56129e-13
basic,265,1,0,2,1e-12,0.00301114,0,5.57066e-12,6.87636e-13
basic,266,1,0,2,1e-12,0.00305417,0,6.13909e-12,7.74737e-13
basic,267,1,0,2,1e-12,0.00307309,0,4.09273e-12,7.8489e-13
basic,268,1,0,2,1e-12,0.00306297,0,5.34328e-12,7.34267e-13
basic,269,1,0,2,1e-12,0.00307938,0,5.45697e-12,6.88195e-13
basic,270,1,0,2,1e-12,0.00308874,0,5.45697e-12,7.12934e-13
basic,271,1,0,2,1e-12,0.00315977,0,8.29914e-12,8.4015e-13
basic,272,1,0,2,1e-12,0.00319902,0,5.68434e-12,7.55552e-13
basic,273,1,0,2,1e-12,0.00321815,0,7.16227e-12,7.81963e-13
basic,274,1,0,2,1e-12,0.00319545,0,4.66116e-12,6.95333e-13
basic,275,1,0,2,1e-12,0.0032324,0,5.45697e-12,8.20848e-13
basic,276,1,0,2,1e-12,0.00324351,0,6.82121e-12,7.11629e-13
basic,277,1,0,2,1e-12,0.00329149,0,6.9349e-12,8.28239e-13
basic,278,1,0,2,1e-12,0.00338081,0,5.45697e-12,7.91993e-13
basic,279,1,0,2,1e-12,0.00336817,0,4.20641e-12,7.14457e-13
basic,280,1,0,2,1e-12,0.00350332,0,8.29914e-12,8.38298e-13
basic,281,1,0,2,1e-12,0.00340917,0,6.82121e-12,6.77356e-13
basic,282,1,0,2,1e-12,0.00350422,0,5.68434e-12,8.09617e-13
basic,283,1,0,2,1e-12,0.00349151,0,9.77707e-12,8.61053e-13
basic,284,1,0,2,1e-12,0.00346001,0,7.84439e-12,7.43612e-13
basic,285,1,0,2,1e-12,0.00358189,0,7.38964e-12,9.06554e-13
basic,286,1,0,2,1e-12,0.00354655,0,8.6402e-12,7.26212e-13
basic,287,1,0,2,1e-12,0.00360794,0,5.00222e-12,8.10283e-13
basic,288,1,0,2,1e-12,0.00361925,0,7.7307e-12,8.08088e-13
basic,289,1,0,2,1e-12,0.00359173,0,1.05729e-11,7.46254e-13
basic,290,1,0,2,1e-12,0.00363497,0,6.59384e-12,7.31962e-13
basic,291,1,0,2,1e-12,0.00362903,0,7.38964e-12,8.25067e-13
basic,292,1,0,2,1e-12,0.00364307,0,7.27596e-12,6.72952e-13
basic,293,1,0,2,1e-12,0.00371808,0,8.75389e-12,8.00732e-13
basic,294,1,0,2,1e-12,0.00368127,0,7.04858e-12,7.97062e-13
basic,295,1,0,2,1e-12,0.00373177,0,5.45697e-12,7.6331e-13
basic,296,1,0,2,1e-12,0.0037852,0,6.82121e-12,6.89476e-13
basic,297,1,0,2,1e-12,0.00377046,0,3.97904e-12,7.51059e-13
basic,298,1,0,2,1e-12,0.00383443,0,5.00222e-12,7.15489e-13
basic,299,1,0,2,1e-12,0.00384722,0,5.79803e-12,7.41514e-13
basic,300,1,0,2,1e-12,0.00386216,0,6.25278e-12,7.22529e-13
basic,301,1,0,2,1e-12,0.00392076,0,5.79803e-12,7.94628e-13
basic,302,1,0,2,1e-12,0.00391706,0,5.00222e-12,8.46868e-13
basic,303,1,0,2,1e-12,0.00398606,0,8.75389e-12,8.15267e-13
basic,304,1,0,2,1e-12,0.00397649,0,7.27596e-12,8.20064e-13
basic,305,1,0,2,1e-12,0.00393941,0,7.04858e-12,9.2542e-13
basic,306,1,0,2,1e-12,0.00407071,0,5.57066e-12,7.38233e-13
basic,307,1,0,2,1e-12,0.0040705,0,6.36646e-12,7.41767e-13
basic,308,1,0,2,1e-12,0.00402978,0,7.61702e-12,7.78644e-13
basic,309,1,0,2,1e-12,0.00408132,0,4.77485e-12,7.87977e-13
basic,310,1,0,2,1e-12,0.00407839,0,5.45697e-12,7.33172e-13
basic,311,1,0,2,1e-12,0.00417889,0,6.36646e-12,7.08299e-13
basic,312,1,0,2,1e-12,0.00418874,0,6.9349e-12,7.71009e-13
basic,313,1,0,2,1e-12,0.00421514,0,1.46656e-11,8.889e-13
basic,314,1,0,2,1e-12,0.00422736,0,5.34328e-12,8.51329e-13
basic,315,1,0,2,1e-12,0.00428791,0,1.02318e-11,8.71551e-13
basic,316,1,0,2,1e-12,0.00431746,0,6.0254e-12,7.65096e-13
basic,317,1,0,2,1e-12,0.00434393,0,7.16227e-12,8.89699e-13
basic,318,1,0,2,1e-12,0.00434512,0,5.91172e-12,8.82951e-13
basic,319,1,0,2,1e-12,0.0043727,0,5.34328e-12,7.94906e-13
basic,320,1,0,2,1e-12,0.00434686,0,7.95808e-12,7.95588e-13
basic,321,1,0,2,1e-12,0.00440364,0,6.25278e-12,6.93117e-13
basic,322,1,0,2,1e-12,0.00441915,0,6.0254e-12,8.643e-13
basic,323,1,0,2,1e-12,0.00448214,0,9.32232e-12,8.17971e-13
basic,324,1,0,2,1e-12,0.00451762,0,5.00222e-12,7.81703e-13
basic,325,1,0,2,1e-12,0.00453955,0,5.34328e-12,7.56446e-13
basic,326,1,0,2,1e-12,0.00452489,0,7.27596e-12,7.59421e-13
basic,327,1,0,2,1e-12,0.00459948,0,5.57066e-12,7.52284e-13
basic,328,1,0,2,1e-12,0.00469362,0,6.36646e-12,8.11025e-13
basic,329,1,0,2,1e-12,0.00461889,0,6.9349e-12,8.31927e-13
basic,330,1,0,2,1e-12,0.00464522,0,8.29914e-12,8.40149e-13
basic,331,1,0,2,1e-12,0.0047393,0,9.20863e-12,8.05552e-13
basic,332,1,0,2,1e-12,0.00472666,0,8.86757e-12,8.13521e-13
basic,333,1,0,2,1e-12,0.00480411,0,6.59384e-12,7.73653e-13
basic,334,1,0,2,1e-12,0.00475655,0,7.95808e-12,8.10287e-13
basic,335,1,0,2,1e-12,0.00479741,0,7.61702e-12,7.24457e-13
basic,336,1,0,2,1e-12,0.00479838,0,5.91172e-12,8.06233e-13
basic,337,1,0,2,1e-12,0.00488687,0,7.38964e-12,7.26884e-13
basic,338,1,0,2,1e-12,0.0048933,0,6.36646e-12,8.24656e-13
basic,339,1,0,2,1e-12,0.00493716,0,9.66338e-12,8.55145e-13
basic,340,1,0,2,1e-12,0.00500665,0,5.11591e-12,7.43957e-13
basic,341,1,0,2,1e-12,0.00496321,0,8.07177e-12,7.65998e-13
basic,342,1,0,2,1e-12,0.00504479,0,8.98126e-12,8.13631e-13
basic,343,1,0,2,1e-12,0.00498849,0,6.13909e-12,7.48482e-13
basic,344,1,0,2,1e-12,0.00499527,0,7.04858e-12,7.74213e-13
basic,345,1,0,2,1e-12,0.00512762,0,8.29914e-12,7.96357e-13
basic,346,1,0,2,1e-12,0.00512978,0,8.07177e-12,7.85507e-13
basic,347,1,0,2,1e-12,0.00515961,0,7.61702e-12,7.86074e-13
basic,348,1,0,2,1e-12,0.00522037,0,9.77707e-12,8.27957e-13
basic,349,1,0,2,1e-12,0.00520235,0,6.0254e-12,8.61266e-13
basic,350,1,0,2,1e-12,0.00523294,0,9.32232e-12,8.72077e-13
basic,351,1,0,2,1e-12,0.00530837,0,7.61702e-12,8.38145e-13
basic,352,1,0,2,1e-12,0.00532241,0,7.16227e-12,7.98034e-13
basic,353,1,0,2,1e-12,0.00538624,0,7.95808e-12,8.35323e-13
basic,354,1,0,2,1e-12,0.00537444,0,9.43601e-12,8.19961e-13
basic,355,1,0,2,1e-12,0.00539336,0,8.52651e-12,8.45485e-13
basic,356,1,0,2,1e-12,0.0054074,0,8.6402e-12,8.67876e-13
basic,357,1,0,2,1e-12,0.00547194,0,6.9349e-12,9.03029e-13
basic,358,1,0,2,1e-12,0.005466,0,4.77485e-12,7.33424e-13
basic,359,1,0,2,1e-12,0.00546586,0,5.91172e-12,7.71243e-13
basic,360,1,0,2,1e-12,0.00561623,0,9.09495e-12,9.22146e-13
basic,361,1,0,2,1e-12,0.00554408,0,6.59384e-12,8.60745e-13
basic,362,1,0,2,1e-12,0.00559095,0,6.70752e-12,8.18193e-13
basic,363,1,0,2,1e-12,0.00566616,0,6.36646e-12,8.20208e-13
basic,364,1,0,2,1e-12,0.00565771,0,9.32232e-12,8.15466e-13
basic,365,1,0,2,1e-12,0.00567462,0,6.59384e-12,8.4154e-13
basic,366,1,0,2,1e-12,0.00574558,0,8.41283e-12,8.81657e-13
basic,367,1,0,2,1e-12,0.00575996,0,8.75389e-12,8.01905e-13
basic,368,1,0,2,1e-12,0.00579474,0,8.18545e-12,8.377e-13
basic,369,1,0,2,1e-12,0.0058775,0,6.0254e-12,8.26035e-13
basic,370,1,0,2,1e-12,0.00596467,0,8.07177e-12,7.75e-13
basic,371,1,0,2,1e-12,0.00585439,0,6.48015e-12,7.5189e-13
basic,372,1,0,2,1e-12,0.00591424,0,5.00222e-12,7.70804e-13
basic,373,1,0,2,1e-12,0.00602885,0,6.82121e-12,8.4682e-13
basic,374,1,0,2,1e-12,0.00600587,0,7.27596e-12,8.12364e-13
basic,375,1,0,2,1e-12,0.00601642,0,7.04858e-12,8.14699e-13
basic,376,1,0,2,1e-12,0.00613494,0,1.02318e-11,7.68904e-13
basic,377,1,0,2,1e-12,0.00618935,0,8.07177e-12,8.49612e-13
basic,378,1,0,2,1e-12,0.00610959,0,6.59384e-12,8.15509e-13
basic,379,1,0,2,1e-12,0.0062096,0,7.50333e-12,8.68012e-13
basic,380,1,0,2,1e-12,0.00613564,0,9.32232e-12,8.4665e-13
basic,381,1,0,2,1e-12,0.00629655,0,7.95808e-12,8.68918e-13
basic,382,1,0,2,1e-12,0.00621295,0,5.91172e-12,7.99519e-13
basic,383,1,0,2,1e-12,0.00636269,0,6.36646e-12,8.80938e-13
basic,384,1,0,2,1e-12,0.0062617,0,5.68434e-12,8.3269e-13
basic,385,1,0,2,1e-12,0.00636221,0,1.09139e-11,8.90843e-13
basic,386,1,0,2,1e-12,0.00638602,0,7.7307e-12,8.36089e-13
basic,387,1,0,2,1e-12,0.00640488,0,9.09495e-12,8.65826e-13
basic,388,1,0,2,1e-12,0.00644776,0,1.11413e-11,8.11053e-13
basic,389,1,0,2,1e-12,0.0063409,0,6.82121e-12,8.22895e-13
basic,390,1,0,2,1e-12,0.00646585,0,8.07177e-12,8.43185e-13
basic,391,1,0,2,1e-12,0.00647535,0,1.10276e-11,8.40985e-13
basic,392,1,0,2,1e-12,0.0066489,0,8.75389e-12,9.09776e-13
basic,393,1,0,2,1e-12,0.00669102,0,6.0254e-12,9.23996e-13
basic,394,1,0,2,1e-12,0.00665491,0,6.9349e-12,7.24087e-13
basic,395,1,0,2,1e-12,0.00663996,0,8.29914e-12,7.72722e-13
basic,396,1,0,2,1e-12,0.00679334,0,8.29914e-12,7.26455e-13
basic,397,1,0,2,1e-12,0.00664562,0,7.84439e-12,8.40811e-13
basic,398,1,0,2,1e-12,0.00670247,0,8.98126e-12,8.51323e-13
basic,399,1,0,2,1e-12,0.00675178,0,6.25278e-12,8.08138e-13
basic,400,1,0,2,1e-12,0.00676505,0,8.29914e-12,9.31358e-13
basic,401,1,0,2,1e-12,0.00686409,0,8.18545e-12,8.93199e-13
basic,402,1,0,2,1e-12,0.00686988,0,8.41283e-12,9.27684e-13
basic,403,1,0,2,1e-12,0.00693449,0,7.61702e-12,8.00254e-13
basic,404,1,0,2,1e-12,0.00699175,0,7.38964e-12,8.53383e-13
basic,405,1,0,2,1e-12,0.00691723,0,6.9349e-12,8.07611e-13
basic,406,1,0,2,1e-12,0.00699846,0,8.98126e-12,8.22718e-13
basic,407,1,0,2,1e-12,0.00701369,0,6.82121e-12,7.92479e-13
basic,408,1,0,2,1e-12,0.00695753,0,6.9349e-12,7.96936e-13
basic,409,1,0,2,1e-12,0.00712054,0,6.82121e-12,8.1558e-13
basic,410,1,0,2,1e-12,0.00718668,0,6.70752e-12,8.75825e-13
basic,411,1,0,2,1e-12,0.0071621,0,7.95808e-12,7.64685e-13
basic,412,1,0,2,1e-12,0.0072209,0,7.61702e-12,9.59911e-13
basic,413,1,0,2,1e-12,0.00728788,0,9.32232e-12,8.74122e-13
basic,414,1,0,2,1e-12,0.00732574,0,7.7307e-12,9.853e-13
basic,415,1,0,2,1e-12,0.00733768,0,7.7307e-12,8.72012e-13
basic,416,1,0,2,1e-12,0.00738133,0,9.43601e-12,8.44655e-13
basic,417,1,0,2,1e-12,0.00735961,0,9.09495e-12,8.73587e-13
basic,418,1,0,2,1e-12,0.00753044,0,6.25278e-12,9.19857e-13
basic,419,1,0,2,1e-12,0.00747457,0,7.7307e-12,8.5856e-13
basic,420,1,0,2,1e-12,0.00759351,0,7.04858e-12,8.91357e-13
basic,421,1,0,2,1e-12,0.00754721,0,5.79803e-12,8.29268e-13
basic,422,1,0,2,1e-12,0.00754986,0,7.84439e-12,8.01768e-13
basic,423,1,0,2,1e-12,0.00760825,0,9.43601e-12,8.55326e-13
basic,424,1,0,2,1e-12,0.00762221,0,7.61702e-12,8.54093e-13
basic,425,1,0,2,1e-12,0.00773159,0,8.07177e-12,8.57968e-13
basic,426,1,0,2,1e-12,0.0077811,0,7.16227e-12,7.66562e-13
basic,427,1,0,2,1e-12,0.00772872,0,5.22959e-12,7.69657e-13
basic,428,1,0,2,1e-12,0.00774157,0,8.86757e-12,9.07893e-13
basic,429,1,0,2,1e-12,0.00788188,0,7.27596e-12,9.01436e-13
basic,430,1,0,2,1e-12,0.00788167,0,7.27596e-12,8.25393e-13
basic,431,1,0,2,1e-12,0.00789187,0,1.03455e-11,8.95295e-13
basic,432,1,0,2,1e-12,0.0080502,0,1.26192e-11,9.13962e-13
basic,433,1,0,2,1e-12,0.00801256,0,9.43601e-12,8.91723e-13
basic,434,1,0,2,1e-12,0.00802897,0,9.32232e-12,8.88542e-13
basic,435,1,0,2,1e-12,0.00807032,0,7.50333e-12,8.57516e-13
basic,436,1,0,2,1e-12,0.00812067,0,8.41283e-12,8.87893e-13
basic,437,1,0,2,1e-12,0.00814651,0,8.86757e-12,1.06722e-12
basic,438,1,0,2,1e-12,0.00822425,0,7.16227e-12,9.14169e-13
basic,439,1,0,2,1e-12,0.00817529,0,6.82121e-12,6.8425e-13
basic,440,1,0,2,1e-12,0.0082679,0,9.32232e-12,8.58689e-13
basic,441,1,0,2,1e-12,0.00834815,0,7.38964e-12,8.24702e-13
basic,442,1,0,2,1e-12,0.00829884,0,6.59384e-12,8.60865e-13
basic,443,1,0,2,1e-12,0.00843531,0,6.25278e-12,8.63943e-13
basic,444,1,0,2,1e-12,0.00853686,0,8.07177e-12,8.23024e-13
basic,445,1,0,2,1e-12,0.00853616,0,6.25278e-12,8.63553e-13
basic,446,1,0,2,1e-12,0.00847421,0,1.29603e-11,9.56178e-13
basic,447,1,0,2,1e-12,0.00858519,0,6.48015e-12,8.26508e-13
basic,448,1,0,2,1e-12,0.00851765,0,8.75389e-12,8.26095e-13
basic,449,1,0,2,1e-12,0.00862011,0,8.29914e-12,8.18498e-13
basic,450,1,0,2,1e-12,0.00871342,0,8.6402e-12,8.85188e-13
basic,451,1,0,2,1e-12,0.00875902,0,8.52651e-12,8.42514e-13
basic,452,1,0,2,1e-12,0.00874694,0,6.48015e-12,8.72293e-13
basic,453,1,0,2,1e-12,0.00877851,0,7.7307e-12,9.33523e-13
basic,454,1,0,2,1e-12,0.00883375,0,1.21645e-11,8.65272e-13
basic,455,1,0,2,1e-12,0.00887398,0,9.32232e-12,8.5444e-13
basic,456,1,0,2,1e-12,0.00878354,0,1.19371e-11,8.36064e-13
basic,457,1,0,2,1e-12,0.00904286,0,8.07177e-12,8.08204e-13
basic,458,1,0,2,1e-12,0.00892434,0,7.16227e-12,9.3023e-13
basic,459,1,0,2,1e-12,0.00896457,0,9.77707e-12,7.39404e-13
basic,460,1,0,2,1e-12,0.00904886,0,1.02318e-11,8.9165e-13
basic,461,1,0,2,1e-12,0.0090488,0,7.27596e-12,7.72733e-13
basic,462,1,0,2,1e-12,0.00904132,0,1.00044e-11,8.36077e-13
basic,463,1,0,2,1e-12,0.00931273,0,1.05729e-11,8.58276e-13
basic,464,1,0,2,1e-12,0.00924093,0,8.29914e-12,8.58132e-13
basic,465,1,0,2,1e-12,0.00936588,0,6.13909e-12,7.44048e-13
basic,466,1,0,2,1e-12,0.00942824,0,7.61702e-12,8.49757e-13
basic,467,1,0,2,1e-12,0.00933598,0,1.14824e-11,7.90131e-13
basic,468,1,0,2,1e-12,0.00936636,0,7.84439e-12,8.65644e-13
basic,469,1,0,2,1e-12,0.00930344,0,8.86757e-12,8.06933e-13
basic,470,1,0,2,1e-12,0.00968079,0,9.32232e-12,8.73473e-13
basic,471,1,0,2,1e-12,0.00934206,0,1.08002e-11,9.45264e-13
basic,472,1,0,2,1e-12,0.00959726,0,7.27596e-12,8.44925e-13
basic,473,1,0,2,1e-12,0.0096479,0,8.07177e-12,9.00765e-13
basic,474,1,0,2,1e-12,0.00946149,0,9.20863e-12,9.40937e-13
basic,475,1,0,2,1e-12,0.00964294,0,7.7307e-12,7.96489e-13
basic,476,1,0,2,1e-12,0.00959684,0,7.84439e-12,9.36958e-13
basic,477,1,0,2,1e-12,0.0098364,0,1.03455e-11,9.94735e-13
basic,478,1,0,2,1e-12,0.00976628,0,8.52651e-12,9.085e-13
basic,479,1,0,2,1e-12,0.00990372,0,1.00044e-11,8.56727e-13
basic,480,1,0,2,1e-12,0.00978318,0,1.25056e-11,8.94163e-13
basic,481,1,0,2,1e-12,0.00991064,0,9.32232e-12,9.27854e-13
basic,482,1,0,2,1e-12,0.00992726,0,7.04858e-12,9.05082e-13
basic,483,1,0,2,1e-12,0.00992803,0,1.18234e-11,8.92855e-13
basic,484,1,0,2,1e-12,0.00994409,0,7.95808e-12,7.67714e-13
basic,485,1,0,2,1e-12,0.0100516,0,1.03455e-11,9.64852e-13
basic,486,1,0,2,1e-12,0.010046,0,1.03455e-11,9.06726e-13
basic,487,1,0,2,1e-12,0.0100966,0,1.25056e-11,9.77934e-13
basic,488,1,0,2,1e-12,0.0101217,0,7.04858e-12,8.73273e-13
basic,489,1,0,2,1e-12,0.0102047,0,7.50333e-12,9.30887e-13
basic,490,1,0,2,1e-12,0.0102842,0,9.32232e-12,9.08724e-13
basic,491,1,0,2,1e-12,0.0102281,0,8.07177e-12,8.30406e-13
basic,492,1,0,2,1e-12,0.0104474,0,8.52651e-12,1.01883e-12
basic,493,1,0,2,1e-12,0.0103336,0,9.66338e-12,8.49578e-13
basic,494,1,0,2,1e-12,0.0102948,0,6.48015e-12,8.96861e-13
basic,495,1,0,2,1e-12,0.0104622,0,1.3074e-11,9.10177e-13
basic,496,1,0,2,1e-12,0.0104578,0,7.27596e-12,9.65007e-13
basic,497,1,0,2,1e-12,0.0104628,0,1.01181e-11,9.71672e-13
basic,498,1,0,2,1e-12,0.0106532,0,1.27329e-11,1.0202e-12
basic,499,1,0,2,1e-12,0.0106175,0,9.89075e-12,9.1126e-13
basic,500,1,0,2,1e-12,0.0105652,0,6.36646e-12,8.76311e-13
basic,501,1,0,2,1e-12,0.0105967,0,1.05729e-11,9.07204e-13
basic,502,1,0,2,1e-12,0.0107138,0,7.50333e-12,9.0386e-13
basic,503,1,0,2,1e-12,0.0108353,0,8.41283e-12,9.21951e-13
basic,504,1,0,2,1e-12,0.0103603,0,9.09495e-12,8.81438e-13
basic,505,1,0,2,1e-12,0.010323,0,9.20863e-12,9.09279e-13
basic,506,1,0,2,1e-12,0.0104106,0,8.29914e-12,9.15177e-13
basic,507,1,0,2,1e-12,0.0104858,0,8.6402e-12,8.75902e-13
basic,508,1,0,2,1e-12,0.0105157,0,1.15961e-11,9.40329e-13
basic,509,1,0,2,1e-12,0.0105732,0,1.03455e-11,8.39807e-13
basic,510,1,0,2,1e-12,0.0111002,0,8.52651e-12,8.76418e-13
basic,511,1,0,2,1e-12,0.0130021,0,1.05729e-11,8.45571e-13
basic,512,1,0,2,1e-12,0.0127363,0,7.16227e-12,8.47636e-13
basic,513,1,0,2,1e-12,0.011962,0,1.04592e-11,8.81701e-13
basic,514,1,0,2,1e-12,0.0120404,0,6.48015e-12,8.77246e-13
basic,515,1,0,2,1e-12,0.0116528,0,1.14824e-11,9.05428e-13
basic,516,1,0,2,1e-12,0.0113481,0,1.08002e-11,9.56781e-13
basic,517,1,0,2,1e-12,0.0113866,0,7.7307e-12,8.29514e-13
basic,518,1,0,2,1e-12,0.0113939,0,1.00044e-11,9.24588e-13
basic,519,1,0,2,1e-12,0.0114536,0,1.46656e-11,9.32201e-13
basic,520,1,0,2,1e-12,0.0115331,0,1.09139e-11,9.21064e-13
basic,521,1,0,2,1e-12,0.0115683,0,9.09495e-12,9.57848e-13
basic,522,1,0,2,1e-12,0.0114953,0,8.6402e-12,9.10587e-13
basic,523,1,0,2,1e-12,0.0116489,0,8.18545e-12,9.06027e-13
basic,524,1,0,2,1e-12,0.0117963,0,8.18545e-12,9.31796e-13
basic,525,1,0,2,1e-12,0.0117672,0,1.02318e-11,9.22059e-13
basic,526,1,0,2,1e-12,0.0118455,0,1.01181e-11,9.36391e-13
basic,527,1,0,2,1e-12,0.011907,0,8.18545e-12,9.28935e-13
basic,528,1,0,2,1e-12,0.0119245,0,8.07177e-12,8.68944e-13
basic,529,1,0,2,1e-12,0.0120159,0,7.27596e-12,8.85768e-13
basic,530,1,0,2,1e-12,0.0121476,0,9.43601e-12,8.99209e-13
basic,531,1,0,2,1e-12,0.0121201,0,9.54969e-12,9.11081e-13
basic,532,1,0,2,1e-12,0.012236,0,8.75389e-12,9.63993e-13
basic,533,1,0,2,1e-12,0.0122239,0,1.01181e-11,8.77411e-13
basic,534,1,0,2,1e-12,0.0121504,0,7.84439e-12,9.36212e-13
basic,535,1,0,2,1e-12,0.012341,0,8.75389e-12,8.23229e-13
basic,536,1,0,2,1e-12,0.0122872,0,1.00044e-11,9.52299e-13
basic,537,1,0,2,1e-12,0.0124584,0,7.7307e-12,8.81038e-13
basic,538,1,0,2,1e-12,0.0124128,0,8.75389e-12,8.80828e-13
basic,539,1,0,2,1e-12,0.0126247,0,8.98126e-12,9.29066e-13
basic,540,1,0,2,1e-12,0.01262,0,1.05729e-11,9.33322e-13
basic,541,1,0,2,1e-12,0.0125432,0,1.02318e-11,9.24276e-13
basic,542,1,0,2,1e-12,0.0126479,0,7.38964e-12,8.86892e-13
basic,543,1,0,2,1e-12,0.0127792,0,7.7307e-12,9.0366e-13
basic,544,1,0,2,1e-12,0.0127417,0,9.09495e-12,9.5191e-13
basic,545,1,0,2,1e-12,0.0126308,0,7.50333e-12,9.46984e-13
basic,546,1,0,2,1e-12,0.012822,0,7.84439e-12,9.55843e-13
basic,547,1,0,2,1e-12,0.0129066,0,6.13909e-12,8.64959e-13
basic,548,1,0,2,1e-12,0.0129087,0,1.09139e-11,9.48181e-13
basic,549,1,0,2,1e-12,0.0128915,0,8.07177e-12,9.30194e-13
basic,550,1,0,2,1e-12,0.012995,0,1.18234e-11,9.42651e-13
basic,551,1,0,2,1e-12,0.0130416,0,9.09495e-12,8.89877e-13
basic,552,1,0,2,1e-12,0.0129469,0,8.18545e-12,9.00693e-13
basic,553,1,0,2,1e-12,0.0131863,0,9.89075e-12,9.11493e-13
basic,554,1,0,2,1e-12,0.0131205,0,8.07177e-12,9.40258e-13
basic,555,1,0,2,1e-12,0.0132741,0,8.18545e-12,9.43388e-13
basic,556,1,0,2,1e-12,0.0131851,0,1.11413e-11,9.0901e-13
basic,557,1,0,2,1e-12,0.0133737,0,1.01181e-11,9.51369e-13
basic,558,1,0,2,1e-12,0.0133456,0,9.43601e-12,9.28163e-13
basic,559,1,0,2,1e-12,0.0134881,0,8.75389e-12,9.20181e-13
basic,560,1,0,2,1e-12,0.0135595,0,7.95808e-12,9.30348e-13
basic,561,1,0,2,1e-12,0.0135557,0,9.09495e-12,9.10523e-13
basic,562,1,0,2,1e-12,0.0137243,0,9.77707e-12,8.97694e-13
basic,563,1,0,2,1e-12,0.0136783,0,7.04858e-12,8.76641e-13
basic,564,1,0,2,1e-12,0.0136432,0,1.54614e-11,1.02683e-12
basic,565,1,0,2,1e-12,0.0137199,0,9.54969e-12,8.90769e-13
basic,566,1,0,2,1e-12,0.0137795,0,1.00044e-11,9.52715e-13
basic,567,1,0,2,1e-12,0.0138573,0,1.09139e-11,8.90457e-13
basic,568,1,0,2,1e-12,0.0140681,0,1.18234e-11,9.97862e-13
basic,569,1,0,2,1e-12,0.0140199,0,1.06866e-11,9.4488e-13
basic,570,1,0,2,1e-12,0.0141069,0,7.38964e-12,9.32946e-13
basic,571,1,0,2,1e-12,0.0139137,0,8.75389e-12,9.3467e-13
basic,572,1,0,2,1e-12,0.0141636,0,1.06866e-11,1.03067e-12
basic,573,1,0,2,1e-12,0.0140691,0,7.38964e-12,9.23936e-13
basic,574,1,0,2,1e-12,0.0142037,0,9.20863e-12,9.53469e-13
basic,575,1,0,2,1e-12,0.0143323,0,8.6402e-12,9.05078e-13
basic,576,1,0,2,1e-12,0.0143651,0,8.29914e-12,9.71303e-13
basic,577,1,0,2,1e-12,0.0143131,0,1.31877e-11,9.34387e-13
basic,578,1,0,2,1e-12,0.0145421,0,1.06866e-11,9.20904e-13
basic,579,1,0,2,1e-12,0.0144528,0,6.25278e-12,8.64043e-13
basic,580,1,0,2,1e-12,0.0144856,0,9.09495e-12,9.86006e-13
basic,581,1,0,2,1e-12,0.0145712,0,1.04592e-11,1.00581e-12
basic,582,1,0,2,1e-12,0.0146252,0,1.1255e-11,9.8448e-13
basic,583,1,0,2,1e-12,0.0145432,0,1.42109e-11,1.03811e-12
basic,584,1,0,2,1e-12,0.0145554,0,8.98126e-12,1.01577e-12
basic,585,1,0,2,1e-12,0.0147427,0,9.89075e-12,9.0745e-13
basic,586,1,0,2,1e-12,0.0148846,0,1.20508e-11,1.02257e-12
basic,587,1,0,2,1e-12,0.0148341,0,8.52651e-12,9.27258e-13
basic,588,1,0,2,1e-12,0.0149172,0,9.66338e-12,9.20812e-13
basic,589,1,0,2,1e-12,0.0149659,0,7.50333e-12,9.26818e-13
basic,590,1,0,2,1e-12,0.0150869,0,8.41283e-12,9.75777e-13
basic,591,1,0,2,1e-12,0.0151874,0,8.86757e-12,9.39012e-13
basic,592,1,0,2,1e-12,0.015127,0,1.03455e-11,9.6148e-13
basic,593,1,0,2,1e-12,0.0151719,0,1.18234e-11,9.674e-13
basic,594,1,0,2,1e-12,0.0151777,0,1.18234e-11,9.59594e-13
basic,595,1,0,2,1e-12,0.015251,0,9.09495e-12,9.39472e-13
basic,596,1,0,2,1e-12,0.0153586,0,9.20863e-12,9.38363e-13
basic,597,1,0,2,1e-12,0.015393,0,8.75389e-12,8.99966e-13
basic,598,1,0,2,1e-12,0.0154117,0,7.84439e-12,9.13713e-13
basic,599,1,0,2,1e-12,0.0154821,0,1.04592e-11,9.54005e-13
basic,600,1,0,2,1e-12,0.0155885,0,6.70752e-12,9.53356e-13
basic,601,1,0,2,1e-12,0.0155538,0,1.1255e-11,9.39257e-13
basic,602,1,0,2,1e-12,0.0155643,0,8.75389e-12,9.90539e-13
basic,603,1,0,2,1e-12,0.0157499,0,1.21645e-11,9.78457e-13
basic,604,1,0,2,1e-12,0.0156862,0,1.14824e-11,8.85832e-13
basic,605,1,0,2,1e-12,0.0158055,0,1.44382e-11,1.00075e-12
basic,606,1,0,2,1e-12,0.0158896,0,1.18234e-11,9.21578e-13
basic,607,1,0,2,1e-12,0.0159197,0,9.09495e-12,1.00555e-12
basic,608,1,0,2,1e-12,0.0158692,0,8.75389e-12,9.93328e-13
basic,609,1,0,2,1e-12,0.0159965,0,9.09495e-12,1.01179e-12
basic,610,1,0,2,1e-12,0.0158686,0,1.10276e-11,9.86585e-13
basic,611,1,0,2,1e-12,0.0159957,0,7.50333e-12,9.08868e-13
basic,612,1,0,2,1e-12,0.0160243,0,1.15961e-11,1.01009e-12
basic,613,1,0,2,1e-12,0.0161748,0,1.08002e-11,1.00752e-12
basic,614,1,0,2,1e-12,0.0161906,0,1.02318e-11,9.52994e-13
basic,615,1,0,2,1e-12,0.0162036,0,9.54969e-12,1.0212e-12
basic,616,1,0,2,1e-12,0.0163753,0,9.20863e-12,9.80346e-13
basic,617,1,0,2,1e-12,0.0161997,0,1.02318e-11,9.70416e-13
basic,618,1,0,2,1e-12,0.0163895,0,7.7307e-12,9.47996e-13
basic,619,1,0,2,1e-12,0.0164245,0,7.04858e-12,9.28829e-13
basic,620,1,0,2,1e-12,0.016597,0,8.52651e-12,8.77833e-13
basic,621,1,0,2,1e-12,0.0162813,0,1.17097e-11,1.11312e-12
basic,622,1,0,2,1e-12,0.0163607,0,1.06866e-11,1.00709e-12
basic,623,1,0,2,1e-12,0.0163078,0,1.61435e-11,1.00823e-12
basic,624,1,0,2,1e-12,0.0163395,0,9.43601e-12,8.56599e-13
basic,625,1,0,2,1e-12,0.0164144,0,1.37561e-11,9.56975e-13
basic,626,1,0,2,1e-12,0.0165585,0,9.20863e-12,8.79515e-13
basic,627,1,0,2,1e-12,0.0163534,0,9.43601e-12,9.14902e-13
basic,628,1,0,2,1e-12,0.0163471,0,7.84439e-12,9.41243e-13
basic,629,1,0,2,1e-12,0.0165166,0,7.95808e-12,1.02999e-12
basic,630,1,0,2,1e-12,0.0165432,0,8.75389e-12,1.00637e-12
basic,631,1,0,2,1e-12,0.0163488,0,1.04592e-11,9.9346e-13
basic,632,1,0,2,1e-12,0.0166573,0,9.54969e-12,9.71306e-13
basic,633,1,0,2,1e-12,0.0165698,0,8.6402e-12,9.97688e-13
basic,634,1,0,2,1e-12,0.0166793,0,7.04858e-12,9.43322e-13
basic,635,1,0,2,1e-12,0.0166862,0,7.7307e-12,9.57226e-13
basic,636,1,0,2,1e-12,0.0168214,0,8.18545e-12,9.12055e-13
basic,637,1,0,2,1e-12,0.0168736,0,1.15961e-11,9.63081e-13
basic,638,1,0,2,1e-12,0.0171218,0,1.06866e-11,9.73914e-13
basic,639,1,0,2,1e-12,0.0172337,0,1.04592e-11,9.40771e-13
basic,640,1,0,2,1e-12,0.0169715,0,9.43601e-12,1.0003e-12
basic,641,1,0,2,1e-12,0.0171087,0,7.7307e-12,1.00886e-12
basic,642,1,0,2,1e-12,0.0171875,0,7.04858e-12,8.52009e-13
basic,643,1,0,2,1e-12,0.0171418,0,7.16227e-12,9.23397e-13
basic,644,1,0,2,1e-12,0.017308,0,8.98126e-12,9.64763e-13
basic,645,1,0,2,1e-12,0.0174586,0,9.43601e-12,1.00145e-12
basic,646,1,0,2,1e-12,0.0173154,0,7.84439e-12,9.42829e-13
basic,647,1,0,2,1e-12,0.01739,0,8.86757e-12,9.24422e-13
basic,648,1,0,2,1e-12,0.017446,0,9.32232e-12,1.0115e-12
basic,649,1,0,2,1e-12,0.0174613,0,1.19371e-11,9.02797e-13
basic,650,1,0,2,1e-12,0.0175773,0,1.14824e-11,9.74672e-13
basic,651,1,0,2,1e-12,0.0177939,0,8.86757e-12,9.57641e-13
basic,652,1,0,2,1e-12,0.0176166,0,7.95808e-12,9.91927e-13
basic,653,1,0,2,1e-12,0.0177593,0,1.3074e-11,1.05793e-12
basic,654,1,0,2,1e-12,0.0179023,0,9.43601e-12,9.90352e-13
basic,655,1,0,2,1e-12,0.0177482,0,9.77707e-12,1.00342e-12
basic,656,1,0,2,1e-12,0.0180053,0,9.66338e-12,9.47981e-13
basic,657,1,0,2,1e-12,0.0179421,0,1.15961e-11,9.23945e-13
basic,658,1,0,2,1e-12,0.0181013,0,1.22782e-11,9.71627e-13
basic,659,1,0,2,1e-12,0.01793,0,1.02318e-11,9.39287e-13
basic,660,1,0,2,1e-12,0.0181443,0,6.70752e-12,9.53272e-13
basic,661,1,0,2,1e-12,0.0182421,0,1.01181e-11,9.8378e-13
basic,662,1,0,2,1e-12,0.0181852,0,1.05729e-11,9.77736e-13
basic,663,1,0,2,1e-12,0.0182163,0,7.7307e-12,8.86809e-13
basic,664,1,0,2,1e-12,0.0182311,0,7.27596e-12,9.83535e-13
basic,665,1,0,2,1e-12,0.0184811,0,1.25056e-11,1.03421e-12
basic,666,1,0,2,1e-12,0.0183843,0,1.08002e-11,1.01423e-12
basic,667,1,0,2,1e-12,0.0185459,0,1.03455e-11,9.99557e-13
basic,668,1,0,2,1e-12,0.0185111,0,1.02318e-11,9.6046e-13
basic,669,1,0,2,1e-12,0.0187713,0,8.98126e-12,9.97862e-13
basic,670,1,0,2,1e-12,0.0187338,0,6.70752e-12,9.67769e-13
basic,671,1,0,2,1e-12,0.0189353,0,1.27329e-11,9.64313e-13
basic,672,1,0,2,1e-12,0.0187784,0,1.59162e-11,9.64941e-13
basic,673,1,0,2,1e-12,0.018833,0,1.26192e-11,9.45047e-13
basic,674,1,0,2,1e-12,0.0189236,0,8.75389e-12,9.48957e-13
basic,675,1,0,2,1e-12,0.0189321,0,1.21645e-11,9.33121e-13
basic,676,1,0,2,1e-12,0.0190071,0,6.59384e-12,9.32516e-13
basic,677,1,0,2,1e-12,0.0189995,0,9.66338e-12,9.73296e-13
basic,678,1,0,2,1e-12,0.0191607,0,9.89075e-12,9.8971e-13
basic,679,1,0,2,1e-12,0.0193001,0,1.21645e-11,1.02845e-12
basic,680,1,0,2,1e-12,0.0192727,0,7.04858e-12,9.08615e-13
basic,681,1,0,2,1e-12,0.0192736,0,1.61435e-11,1.05472e-12
basic,682,1,0,2,1e-12,0.0194618,0,8.75389e-12,9.23993e-13
basic,683,1,0,2,1e-12,0.0192872,0,1.15961e-11,9.64708e-13
basic,684,1,0,2,1e-12,0.0194406,0,1.36424e-11,9.95727e-13
basic,685,1,0,2,1e-12,0.0195777,0,1.23919e-11,1.00087e-12
basic,686,1,0,2,1e-12,0.0195796,0,7.95808e-12,9.99256e-13
basic,687,1,0,2,1e-12,0.0195631,0,7.84439e-12,9.69104e-13
basic,688,1,0,2,1e-12,0.0195015,0,9.32232e-12,9.77674e-13
basic,689,1,0,2,1e-12,0.0194851,0,9.09495e-12,9.63035e-13
basic,690,1,0,2,1e-12,0.0199277,0,1.04592e-11,9.809e-13
basic,691,1,0,2,1e-12,0.0199615,0,1.38698e-11,1.13569e-12
basic,692,1,0,2,1e-12,0.0199435,0,1.04592e-11,1.04051e-12
basic,693,1,0,2,1e-12,0.0201039,0,1.01181e-11,9.90577e-13
basic,694,1,0,2,1e-12,0.0200175,0,1.28466e-11,1.00806e-12
basic,695,1,0,2,1e-12,0.0199654,0,1.15961e-11,9.10242e-13
basic,696,1,0,2,1e-12,0.0200434,0,1.18234e-11,9.54681e-13
basic,697,1,0,2,1e-12,0.0200979,0,1.03455e-11,1.01729e-12
basic,698,1,0,2,1e-12,0.0201022,0,8.07177e-12,9.86182e-13
basic,699,1,0,2,1e-12,0.0203541,0,1.02318e-11,1.07906e-12
basic,700,1,0,2,1e-12,0.0203165,0,1.27329e-11,1.00227e-12
basic,701,1,0,2,1e-12,0.0203849,0,8.75389e-12,1.04091e-12
basic,702,1,0,2,1e-12,0.0204738,0,1.01181e-11,9.5728e-13
basic,703,1,0,2,1e-12,0.0206439,0,9.20863e-12,1.00195e-12
basic,704,1,0,2,1e-12,0.0204539,0,8.18545e-12,9.11143e-13
basic,705,1,0,2,1e-12,0.0204629,0,9.77707e-12,9.63821e-13
basic,706,1,0,2,1e-12,0.0205508,0,1.01181e-11,9.41172e-13
basic,707,1,0,2,1e-12,0.0207347,0,1.27329e-11,9.53216e-13
basic,708,1,0,2,1e-12,0.0208497,0,1.29603e-11,9.87947e-13
basic,709,1,0,2,1e-12,0.0207011,0,1.06866e-11,1.05334e-12
basic,710,1,0,2,1e-12,0.0207435,0,7.61702e-12,9.60408e-13
basic,711,1,0,2,1e-12,0.0209177,0,1.1255e-11,9.88205e-13
basic,712,1,0,2,1e-12,0.0206958,0,9.09495e-12,9.51213e-13
basic,713,1,0,2,1e-12,0.0208809,0,1.25056e-11,1.03207e-12
basic,714,1,0,2,1e-12,0.0212633,0,9.54969e-12,9.06871e-13
basic,715,1,0,2,1e-12,0.0210754,0,1.09139e-11,9.64907e-13
basic,716,1,0,2,1e-12,0.0210544,0,1.3415e-11,9.98324e-13
basic,717,1,0,2,1e-12,0.0211821,0,1.20508e-11,9.96449e-13
basic,718,1,0,2,1e-12,0.0208395,0,1.20508e-11,9.87815e-13
basic,719,1,0,2,1e-12,0.0208722,0,1.27329e-11,1.04046e-12
basic,720,1,0,2,1e-12,0.0208744,0,1.25056e-11,1.00395e-12
basic,721,1,0,2,1e-12,0.0207808,0,1.03455e-11,9.88096e-13
basic,722,1,0,2,1e-12,0.0209598,0,1.33014e-11,1.04145e-12
basic,723,1,0,2,1e-12,0.0211558,0,1.1255e-11,9.74469e-13
basic,724,1,0,2,1e-12,0.0217111,0,9.54969e-12,1.01265e-12
basic,725,1,0,2,1e-12,0.0220475,0,8.6402e-12,9.49366e-13
basic,726,1,0,2,1e-12,0.0216904,0,1.17097e-11,9.59961e-13
basic,727,1,0,2,1e-12,0.0217769,0,1.29603e-11,1.05238e-12
basic,728,1,0,2,1e-12,0.0217711,0,1.17097e-11,9.98091e-13
basic,729,1,0,2,1e-12,0.0219831,0,1.05729e-11,9.58174e-13
basic,730,1,0,2,1e-12,0.0221314,0,1.56888e-11,1.02277e-12
basic,731,1,0,2,1e-12,0.0221899,0,9.54969e-12,1.0114e-12
basic,732,1,0,2,1e-12,0.0222078,0,1.27329e-11,1.06166e-12
basic,733,1,0,2,1e-12,0.0220948,0,9.32232e-12,9.72483e-13
basic,734,1,0,2,1e-12,0.0222312,0,9.54969e-12,9.80618e-13
basic,735,1,0,2,1e-12,0.0223738,0,8.6402e-12,1.00849e-12
basic,736,1,0,2,1e-12,0.0225357,0,9.54969e-12,9.9974e-13
basic,737,1,0,2,1e-12,0.0223368,0,7.7307e-12,9.94325e-13
basic,738,1,0,2,1e-12,0.0225542,0,1.23919e-11,1.00962e-12
basic,739,1,0,2,1e-12,0.0226616,0,9.43601e-12,1.07615e-12
basic,740,1,0,2,1e-12,0.0226858,0,7.16227e-12,9.6308e-13
basic,741,1,0,2,1e-12,0.0225806,0,1.3074e-11,1.01903e-12
basic,742,1,0,2,1e-12,0.0227254,0,7.95808e-12,1.02346e-12
basic,743,1,0,2,1e-12,0.0228514,0,1.1255e-11,9.72863e-13
basic,744,1,0,2,1e-12,0.0228567,0,1.06866e-11,9.77953e-13
basic,745,1,0,2,1e-12,0.0230948,0,9.43601e-12,1.09191e-12
basic,746,1,0,2,1e-12,0.0230672,0,7.7307e-12,1.00879e-12
basic,747,1,0,2,1e-12,0.0230756,0,8.98126e-12,9.48661e-13
basic,748,1,0,2,1e-12,0.023158,0,1.42109e-11,1.02659e-12
basic,749,1,0,2,1e-12,0.0231184,0,1.23919e-11,1.03327e-12
basic,750,1,0,2,1e-12,0.0237915,0,1.37561e-11,9.8895e-13
basic,751,1,0,2,1e-12,0.0235164,0,1.08002e-11,9.9352e-13
basic,752,1,0,2,1e-12,0.0234906,0,8.07177e-12,1.00616e-12
basic,753,1,0,2,1e-12,0.0236062,0,1.29603e-11,1.01093e-12
basic,754,1,0,2,1e-12,0.0236146,0,8.98126e-12,1.07175e-12
basic,755,1,0,2,1e-12,0.0238297,0,8.29914e-12,1.0029e-12
basic,756,1,0,2,1e-12,0.0235478,0,8.86757e-12,9.38737e-13
basic,757,1,0,2,1e-12,0.0238028,0,8.41283e-12,9.72196e-13
basic,758,1,0,2,1e-12,0.0238394,0,9.09495e-12,9.86225e-13
basic,759,1,0,2,1e-12,0.0238376,0,1.01181e-11,9.82166e-13
basic,760,1,0,2,1e-12,0.0240292,0,1.19371e-11,1.07483e-12
basic,761,1,0,2,1e-12,0.0239766,0,1.11413e-11,1.04516e-12
basic,762,1,0,2,1e-12,0.0240273,0,7.50333e-12,9.61199e-13
basic,763,1,0,2,1e-12,0.0241496,0,1.36424e-11,9.62793e-13
basic,764,1,0,2,1e-12,0.0242436,0,1.01181e-11,1.14866e-12
basic,765,1,0,2,1e-12,0.0242147,0,1.17097e-11,1.04333e-12
basic,766,1,0,2,1e-12,0.0243491,0,9.20863e-12,1.06228e-12
basic,767,1,0,2,1e-12,0.0251317,0,1.00044e-11,1.03073e-12
basic,768,1,0,2,1e-12,0.0258156,0,8.86757e-12,1.01557e-12
basic,769,1,0,2,1e-12,0.0247661,0,1.00044e-11,1.04142e-12
basic,770,1,0,2,1e-12,0.0246815,0,1.10276e-11,9.82614e-13
basic,771,1,0,2,1e-12,0.0247689,0,1.17097e-11,1.00185e-12
basic,772,1,0,2,1e-12,0.0249116,0,1.33014e-11,1.02832e-12
basic,773,1,0,2,1e-12,0.0247869,0,1.20508e-11,9.39777e-13
basic,774,1,0,2,1e-12,0.0247563,0,1.20508e-11,1.04352e-12
basic,775,1,0,2,1e-12,0.0248635,0,1.11413e-11,1.03694e-12
basic,776,1,0,2,1e-12,0.0249658,0,8.98126e-12,9.6974e-13
basic,777,1,0,2,1e-12,0.0251306,0,1.08002e-11,9.66806e-13
basic,778,1,0,2,1e-12,0.025122,0,1.53477e-11,1.04117e-12
basic,779,1,0,2,1e-12,0.025072,0,8.98126e-12,1.01286e-12
basic,780,1,0,2,1e-12,0.0251623,0,9.54969e-12,1.02964e-12
basic,781,1,0,2,1e-12,0.0253186,0,9.09495e-12,9.56431e-13
basic,782,1,0,2,1e-12,0.0253266,0,1.23919e-11,1.16007e-12
basic,783,1,0,2,1e-12,0.0254531,0,1.13687e-11,1.07612e-12
basic,784,1,0,2,1e-12,0.0255595,0,1.05729e-11,1.02748e-12
basic,785,1,0,2,1e-12,0.0258259,0,1.1255e-11,9.78324e-13
basic,786,1,0,2,1e-12,0.0259061,0,8.98126e-12,1.01068e-12
basic,787,1,0,2,1e-12,0.0257319,0,1.28466e-11,1.05113e-12
basic,788,1,0,2,1e-12,0.0259293,0,1.19371e-11,1.08952e-12
basic,789,1,0,2,1e-12,0.0258208,0,8.18545e-12,1.03509e-12
basic,790,1,0,2,1e-12,0.0258636,0,1.10276e-11,1.04008e-12
basic,791,1,0,2,1e-12,0.0259718,0,8.98126e-12,9.44744e-13
basic,792,1,0,2,1e-12,0.025841,0,1.28466e-11,9.99506e-13
basic,793,1,0,2,1e-12,0.0263544,0,9.89075e-12,1.07519e-12
basic,794,1,0,2,1e-12,0.0260675,0,9.32232e-12,9.61414e-13
basic,795,1,0,2,1e-12,0.0264432,0,1.37561e-11,1.07711e-12
basic,796,1,0,2,1e-12,0.0264802,0,1.21645e-11,1.04113e-12
basic,797,1,0,2,1e-12,0.0264133,0,1.45519e-11,9.39095e-13
basic,798,1,0,2,1e-12,0.0262199,0,9.89075e-12,1.16945e-12
basic,799,1,0,2,1e-12,0.0266815,0,1.05729e-11,1.06816e-12
basic,800,1,0,2,1e-12,0.0265879,0,1.40972e-11,1.02658e-12
basic,801,1,0,2,1e-12,0.0264365,0,9.43601e-12,1.0357e-12
basic,802,1,0,2,1e-12,0.0268127,0,9.89075e-12,1.00706e-12
basic,803,1,0,2,1e-12,0.0265616,0,1.18234e-11,1.08109e-12
basic,804,1,0,2,1e-12,0.026714,0,8.29914e-12,1.00831e-12
basic,805,1,0,2,1e-12,0.02601,0,9.89075e-12,1.01229e-12
basic,806,1,0,2,1e-12,0.0262439,0,9.09495e-12,9.60163e-13
basic,807,1,0,2,1e-12,0.0264353,0,1.15961e-11,1.04945e-12
basic,808,1,0,2,1e-12,0.0262343,0,9.77707e-12,1.01486e-12
basic,809,1,0,2,1e-12,0.0264512,0,1.23919e-11,9.9361e-13
basic,810,1,0,2,1e-12,0.0264202,0,1.06866e-11,9.65479e-13
basic,811,1,0,2,1e-12,0.0265517,0,1.27329e-11,1.00392e-12
basic,812,1,0,2,1e-12,0.0263091,0,1.17097e-11,1.00344e-12
basic,813,1,0,2,1e-12,0.026549,0,1.02318e-11,1.03524e-12
basic,814,1,0,2,1e-12,0.0267512,0,1.11413e-11,1.06441e-12
basic,815,1,0,2,1e-12,0.027033,0,1.04592e-11,1.0493e-12
basic,816,1,0,2,1e-12,0.0268296,0,1.17097e-11,1.0795e-12
basic,817,1,0,2,1e-12,0.0269985,0,1.06866e-11,1.10268e-12
basic,818,1,0,2,1e-12,0.0269286,0,9.20863e-12,9.8028e-13
basic,819,1,0,2,1e-12,0.0267989,0,1.02318e-11,9.69564e-13
basic,820,1,0,2,1e-12,0.0268043,0,1.00044e-11,1.04056e-12
basic,821,1,0,2,1e-12,0.0269898,0,1.09139e-11,1.04525e-12
basic,822,1,0,2,1e-12,0.027066,0,1.15961e-11,9.83518e-13
basic,823,1,0,2,1e-12,0.0271885,0,1.69393e-11,1.08736e-12
basic,824,1,0,2,1e-12,0.0272963,0,1.20508e-11,1.0021e-12
basic,825,1,0,2,1e-12,0.0273669,0,1.06866e-11,1.00796e-12
basic,826,1,0,2,1e-12,0.0275509,0,1.14824e-11,1.10807e-12
basic,827,1,0,2,1e-12,0.0278023,0,1.22782e-11,1.11461e-12
basic,828,1,0,2,1e-12,0.0275728,0,9.77707e-12,1.02666e-12
basic,829,1,0,2,1e-12,0.0276675,0,8.6402e-12,1.03191e-12
basic,830,1,0,2,1e-12,0.0279202,0,1.22782e-11,1.00134e-12
basic,831,1,0,2,1e-12,0.0280837,0,1.15961e-11,1.06612e-12
basic,832,1,0,2,1e-12,0.0279944,0,1.29603e-11,1.0589e-12
basic,833,1,0,2,1e-12,0.027998,0,1.05729e-11,1.08839e-12
basic,834,1,0,2,1e-12,0.0281004,0,1.01181e-11,1.05684e-12
basic,835,1,0,2,1e-12,0.0281992,0,1.10276e-11,9.59275e-13
basic,836,1,0,2,1e-12,0.0285121,0,1.10276e-11,1.11523e-12
basic,837,1,0,2,1e-12,0.0284149,0,1.65983e-11,1.07937e-12
basic,838,1,0,2,1e-12,0.0285726,0,1.73941e-11,1.07512e-12
basic,839,1,0,2,1e-12,0.0285259,0,1.23919e-11,1.05481e-12
basic,840,1,0,2,1e-12,0.0286142,0,9.32232e-12,9.64103e-13
basic,841,1,0,2,1e-12,0.0287143,0,1.01181e-11,1.06541e-12
basic,842,1,0,2,1e-12,0.0288894,0,1.18234e-11,9.72997e-13
basic,843,1,0,2,1e-12,0.0287621,0,1.39835e-11,1.07009e-12
basic,844,1,0,2,1e-12,0.0289878,0,1.10276e-11,9.92271e-13
basic,845,1,0,2,1e-12,0.0290206,0,1.05729e-11,1.0572e-12
basic,846,1,0,2,1e-12,0.0290922,0,1.15961e-11,1.05369e-12
basic,847,1,0,2,1e-12,0.0291127,0,1.01181e-11,1.0342e-12
basic,848,1,0,2,1e-12,0.0289012,0,8.41283e-12,9.77856e-13
basic,849,1,0,2,1e-12,0.0291608,0,1.17097e-11,9.94755e-13
basic,850,1,0,2,1e-12,0.0292888,0,1.08002e-11,1.0808e-12
basic,851,1,0,2,1e-12,0.0295366,0,1.1255e-11,1.10643e-12
basic,852,1,0,2,1e-12,0.0295494,0,1.11413e-11,1.00445e-12
basic,853,1,0,2,1e-12,0.0294763,0,1.71667e-11,1.02393e-12
basic,854,1,0,2,1e-12,0.0296281,0,1.55751e-11,1.05111e-12
basic,855,1,0,2,1e-12,0.0295619,0,1.10276e-11,1.00328e-12
basic,856,1,0,2,1e-12,0.029813,0,1.15961e-11,1.08436e-12
basic,857,1,0,2,1e-12,0.0299525,0,1.05729e-11,1.10831e-12
basic,858,1,0,2,1e-12,0.0298344,0,1.53477e-11,1.05806e-12
basic,859,1,0,2,1e-12,0.0298706,0,8.52651e-12,9.78194e-13
basic,860,1,0,2,1e-12,0.0300005,0,8.41283e-12,9.68692e-13
basic,861,1,0,2,1e-12,0.0300561,0,1.29603e-11,1.10097e-12
basic,862,1,0,2,1e-12,0.0304323,0,1.47793e-11,9.94944e-13
basic,863,1,0,2,1e-12,0.0301591,0,9.54969e-12,1.00922e-12
basic,864,1,0,2,1e-12,0.0303103,0,1.17097e-11,1.03675e-12
basic,865,1,0,2,1e-12,0.0302685,0,1.8531e-11,1.08724e-12
basic,866,1,0,2,1e-12,0.0304359,0,1.3074e-11,1.04093e-12
basic,867,1,0,2,1e-12,0.0304282,0,1.27329e-11,1.05771e-12
basic,868,1,0,2,1e-12,0.0302943,0,1.04592e-11,1.05314e-12
basic,869,1,0,2,1e-12,0.0309964,0,1.31877e-11,1.07021e-12
basic,870,1,0,2,1e-12,0.0307551,0,1.14824e-11,1.08764e-12
basic,871,1,0,2,1e-12,0.030851,0,9.66338e-12,1.01253e-12
basic,872,1,0,2,1e-12,0.0311107,0,1.45519e-11,1.11459e-12
basic,873,1,0,2,1e-12,0.0314096,0,9.54969e-12,1.01456e-12
basic,874,1,0,2,1e-12,0.0312393,0,8.52651e-12,1.04824e-12
basic,875,1,0,2,1e-12,0.0312481,0,1.3074e-11,1.11959e-12
basic,876,1,0,2,1e-12,0.0311463,0,1.37561e-11,1.09224e-12
basic,877,1,0,2,1e-12,0.0313536,0,9.89075e-12,1.03818e-12
basic,878,1,0,2,1e-12,0.0313834,0,1.19371e-11,1.12298e-12
basic,879,1,0,2,1e-12,0.0315349,0,8.86757e-12,9.98072e-13
basic,880,1,0,2,1e-12,0.0315432,0,1.18234e-11,1.06845e-12
basic,881,1,0,2,1e-12,0.0315034,0,9.66338e-12,1.04205e-12
basic,882,1,0,2,1e-12,0.0310466,0,1.00044e-11,1.04455e-12
basic,883,1,0,2,1e-12,0.0309419,0,1.01181e-11,1.05789e-12
basic,884,1,0,2,1e-12,0.0310938,0,9.32232e-12,9.65219e-13
basic,885,1,0,2,1e-12,0.031376,0,1.29603e-11,1.08657e-12
basic,886,1,0,2,1e-12,0.0315737,0,1.51203e-11,1.03296e-12
basic,887,1,0,2,1e-12,0.0321175,0,1.23919e-11,1.03584e-12
basic,888,1,0,2,1e-12,0.0318597,0,1.20508e-11,1.09664e-12
basic,889,1,0,2,1e-12,0.0322211,0,1.29603e-11,1.09661e-12
basic,890,1,0,2,1e-12,0.0322109,0,1.21645e-11,1.03555e-12
basic,891,1,0,2,1e-12,0.0324451,0,1.15961e-11,1.01783e-12
basic,892,1,0,2,1e-12,0.0324652,0,1.11413e-11,1.04727e-12
basic,893,1,0,2,1e-12,0.0322654,0,1.22782e-11,1.06751e-12
basic,894,1,0,2,1e-12,0.0326295,0,8.52651e-12,1.01095e-12
basic,895,1,0,2,1e-12,0.033082,0,1.36424e-11,1.00049e-12
basic,896,1,0,2,1e-12,0.0326491,0,9.32232e-12,1.03103e-12
basic,897,1,0,2,1e-12,0.0325309,0,1.00044e-11,1.07144e-12
basic,898,1,0,2,1e-12,0.0326065,0,1.19371e-11,1.00189e-12
basic,899,1,0,2,1e-12,0.0328464,0,1.37561e-11,1.05512e-12
basic,900,1,0,2,1e-12,0.0331236,0,1.22782e-11,1.08259e-12
basic,901,1,0,2,1e-12,0.0329187,0,1.59162e-11,1.05382e-12
basic,902,1,0,2,1e-12,0.0327904,0,1.00044e-11,1.08733e-12
basic,903,1,0,2,1e-12,0.0329555,0,1.10276e-11,1.06589e-12
basic,904,1,0,2,1e-12,0.0332977,0,1.09139e-11,1.0885e-12
basic,905,1,0,2,1e-12,0.0335378,0,1.50067e-11,1.01591e-12
basic,906,1,0,2,1e-12,0.0333501,0,1.13687e-11,1.06098e-12
basic,907,1,0,2,1e-12,0.0334504,0,9.89075e-12,1.02422e-12
basic,908,1,0,2,1e-12,0.0333892,0,1.33014e-11,1.10318e-12
basic,909,1,0,2,1e-12,0.033542,0,1.26192e-11,1.05039e-12
basic,910,1,0,2,1e-12,0.0333902,0,1.43245e-11,1.0562e-12
basic,911,1,0,2,1e-12,0.0337081,0,1.09139e-11,1.11036e-12
basic,912,1,0,2,1e-12,0.0337454,0,1.58025e-11,1.10838e-12
basic,913,1,0,2,1e-12,0.0337982,0,8.41283e-12,1.00327e-12
basic,914,1,0,2,1e-12,0.0336186,0,1.28466e-11,1.02294e-12
basic,915,1,0,2,1e-12,0.0339814,0,1.26192e-11,1.02632e-12
basic,916,1,0,2,1e-12,0.0339041,0,1.61435e-11,1.15354e-12
basic,917,1,0,2,1e-12,0.0343862,0,9.32232e-12,1.02194e-12
basic,918,1,0,2,1e-12,0.0341607,0,1.05729e-11,1.09911e-12
basic,919,1,0,2,1e-12,0.0343591,0,9.66338e-12,1.03324e-12
basic,920,1,0,2,1e-12,0.0344832,0,8.98126e-12,1.02577e-12
basic,921,1,0,2,1e-12,0.0344971,0,9.09495e-12,1.00215e-12
basic,922,1,0,2,1e-12,0.0345432,0,1.02318e-11,9.91068e-13
basic,923,1,0,2,1e-12,0.0345208,0,1.87583e-11,1.19669e-12
basic,924,1,0,2,1e-12,0.0345934,0,1.46656e-11,1.04898e-12
basic,925,1,0,2,1e-12,0.0349247,0,1.31877e-11,1.12798e-12
basic,926,1,0,2,1e-12,0.0349094,0,1.03455e-11,1.03491e-12
basic,927,1,0,2,1e-12,0.0350241,0,1.15961e-11,1.0456e-12
basic,928,1,0,2,1e-12,0.0352587,0,1.10276e-11,1.08292e-12
basic,929,1,0,2,1e-12,0.0349431,0,9.66338e-12,1.06802e-12
basic,930,1,0,2,1e-12,0.0354237,0,1.15961e-11,1.12342e-12
basic,931,1,0,2,1e-12,0.0351865,0,9.20863e-12,1.14805e-12
basic,932,1,0,2,1e-12,0.0352174,0,1.51203e-11,1.13843e-12
basic,933,1,0,2,1e-12,0.035289,0,1.27329e-11,1.04948e-12
basic,934,1,0,2,1e-12,0.0353794,0,9.32232e-12,1.08929e-12
basic,935,1,0,2,1e-12,0.0350459,0,1.62572e-11,1.00195e-12
basic,936,1,0,2,1e-12,0.0353834,0,1.15961e-11,1.09052e-12
basic,937,1,0,2,1e-12,0.0355205,0,9.54969e-12,1.04277e-12
basic,938,1,0,2,1e-12,0.0356822,0,1.27329e-11,1.0684e-12
basic,939,1,0,2,1e-12,0.035853,0,1.15961e-11,1.06295e-12
basic,940,1,0,2,1e-12,0.0361082,0,1.40972e-11,1.05123e-12
basic,941,1,0,2,1e-12,0.0360392,0,1.35287e-11,1.06918e-12
basic,942,1,0,2,1e-12,0.0359551,0,1.44382e-11,1.03411e-12
basic,943,1,0,2,1e-12,0.0361655,0,8.86757e-12,1.04895e-12
basic,944,1,0,2,1e-12,0.0360195,0,9.32232e-12,1.08132e-12
basic,945,1,0,2,1e-12,0.0359603,0,9.66338e-12,1.08344e-12
basic,946,1,0,2,1e-12,0.0362419,0,1.04592e-11,1.00144e-12
basic,947,1,0,2,1e-12,0.0367668,0,1.53477e-11,1.0741e-12
basic,948,1,0,2,1e-12,0.0366809,0,1.4893e-11,1.11062e-12
basic,949,1,0,2,1e-12,0.0366147,0,9.43601e-12,1.05797e-12
basic,950,1,0,2,1e-12,0.0366883,0,1.25056e-11,1.08105e-12
basic,951,1,0,2,1e-12,0.0365253,0,1.26192e-11,1.0609e-12
basic,952,1,0,2,1e-12,0.0366943,0,1.15961e-11,1.0765e-12
basic,953,1,0,2,1e-12,0.0368967,0,1.3074e-11,1.12585e-12
basic,954,1,0,2,1e-12,0.0365541,0,1.7053e-11,1.09085e-12
basic,955,1,0,2,1e-12,0.0363739,0,1.33014e-11,1.07504e-12
basic,956,1,0,2,1e-12,0.0367313,0,1.27329e-11,1.08174e-12
basic,957,1,0,2,1e-12,0.0366573,0,1.10276e-11,1.07549e-12
basic,958,1,0,2,1e-12,0.0364199,0,1.47793e-11,1.16493e-12
basic,959,1,0,2,1e-12,0.0371373,0,1.50067e-11,1.10313e-12
basic,960,1,0,2,1e-12,0.0368356,0,1.27329e-11,1.04705e-12
basic,961,1,0,2,1e-12,0.0366732,0,1.39835e-11,1.14705e-12
basic,962,1,0,2,1e-12,0.0368525,0,9.43601e-12,1.00415e-12
basic,963,1,0,2,1e-12,0.0370216,0,1.26192e-11,1.09844e-12
basic,964,1,0,2,1e-12,0.0370821,0,1.09139e-11,1.04601e-12
basic,965,1,0,2,1e-12,0.0370503,0,1.44382e-11,1.0804e-12
basic,966,1,0,2,1e-12,0.0370293,0,1.68257e-11,1.11099e-12
basic,967,1,0,2,1e-12,0.0370672,0,1.50067e-11,1.13535e-12
basic,968,1,0,2,1e-12,0.0375144,0,1.46656e-11,1.01806e-12
basic,969,1,0,2,1e-12,0.0375326,0,1.20508e-11,1.13236e-12
basic,970,1,0,2,1e-12,0.0373094,0,1.61435e-11,1.17001e-12
basic,971,1,0,2,1e-12,0.0376808,0,9.20863e-12,1.08947e-12
basic,972,1,0,2,1e-12,0.0375873,0,1.31877e-11,1.10621e-12
basic,973,1,0,2,1e-12,0.0376618,0,1.08002e-11,1.10239e-12
basic,974,1,0,2,1e-12,0.0379411,0,1.29603e-11,1.0292e-12
basic,975,1,0,2,1e-12,0.0378409,0,1.1255e-11,1.10213e-12
basic,976,1,0,2,1e-12,0.0378539,0,1.19371e-11,1.09221e-12
basic,977,1,0,2,1e-12,0.0380571,0,1.14824e-11,1.05526e-12
basic,978,1,0,2,1e-12,0.0382484,0,1.29603e-11,1.15499e-12
basic,979,1,0,2,1e-12,0.0380081,0,9.89075e-12,1.08979e-12
basic,980,1,0,2,1e-12,0.0383291,0,1.44382e-11,1.07791e-12
basic,981,1,0,2,1e-12,0.038433,0,1.1255e-11,1.09631e-12
basic,982,1,0,2,1e-12,0.0389108,0,1.84173e-11,1.16819e-12
basic,983,1,0,2,1e-12,0.0381317,0,9.77707e-12,1.04548e-12
basic,984,1,0,2,1e-12,0.0386044,0,1.27329e-11,1.10635e-12
basic,985,1,0,2,1e-12,0.0385755,0,1.14824e-11,1.12421e-12
basic,986,1,0,2,1e-12,0.0389285,0,1.33014e-11,1.05827e-12
basic,987,1,0,2,1e-12,0.0389314,0,1.13687e-11,1.04355e-12
basic,988,1,0,2,1e-12,0.0389897,0,1.73941e-11,1.11755e-12
basic,989,1,0,2,1e-12,0.0392753,0,1.26192e-11,1.1146e-12
basic,990,1,0,2,1e-12,0.0391083,0,1.03455e-11,1.02874e-12
basic,991,1,0,2,1e-12,0.039115,0,1.21645e-11,1.10344e-12
basic,992,1,0,2,1e-12,0.0396004,0,1.18234e-11,1.10969e-12
basic,993,1,0,2,1e-12,0.0393353,0,1.02318e-11,1.04162e-12
basic,994,1,0,2,1e-12,0.0395251,0,1.50067e-11,1.10413e-12
basic,995,1,0,2,1e-12,0.0395638,0,1.10276e-11,1.09487e-12
basic,996,1,0,2,1e-12,0.0393377,0,1.28466e-11,1.05907e-12
basic,997,1,0,2,1e-12,0.0396359,0,1.29603e-11,1.09014e-12
basic,998,1,0,2,1e-12,0.0402378,0,1.15961e-11,1.13855e-12
basic,999,1,0,2,1e-12,0.0395663,0,1.03455e-11,1.0957e-12
basic,1000,1,0,2,1e-12,0.039608,0,1.36424e-11,1.07904e-12
