version, size, hermitian, complex, seed, tol, runtime in s,min_error, max_error, avg_error
basic,1,1,0,9,1e-12,9.78e-07,0,0,0
basic,2,1,0,9,1e-12,2.864e-06,0,0,0
basic,3,1,0,9,1e-12,1.467e-06,1.06581e-14,2.84217e-14,1.77636e-14
basic,4,1,0,9,1e-12,2.375e-06,4.61853e-14,1.7053e-13,1.00364e-13
basic,5,1,0,9,1e-12,2.375e-06,7.10543e-15,2.55795e-13,1.15108e-13
basic,6,1,0,9,1e-12,3.422e-06,0,3.41061e-13,1.05397e-13
basic,7,1,0,9,1e-12,3.842e-06,2.84217e-14,2.27374e-13,8.01898e-14
basic,8,1,0,9,1e-12,9.359e-06,0,2.84217e-13,9.85878e-14
basic,9,1,0,9,1e-12,5.796e-06,2.13163e-14,3.41061e-13,1.72899e-13
basic,10,1,0,9,1e-12,6.705e-06,0,9.09495e-13,1.82254e-13
basic,11,1,0,9,1e-12,8.73e-06,2.13163e-14,6.82121e-13,2.62901e-13
basic,12,1,0,9,1e-12,9.639e-06,0,7.95808e-13,2.11683e-13
basic,13,1,0,9,1e-12,1.2362e-05,4.26326e-14,5.68434e-13,2.21088e-13
basic,14,1,0,9,1e-12,1.1593e-05,0,6.82121e-13,1.97429e-13
basic,15,1,0,9,1e-12,1.3339e-05,0,5.68434e-13,1.63425e-13
basic,16,1,0,9,1e-12,1.4178e-05,4.26326e-14,1.47793e-12,3.44169e-13
basic,17,1,0,9,1e-12,1.6343e-05,0,1.47793e-12,3.21625e-13
basic,18,1,0,9,1e-12,1.8159e-05,0,6.82121e-13,1.89675e-13
basic,19,1,0,9,1e-12,1.9974e-05,0,6.82121e-13,2.36536e-13
basic,20,1,0,9,1e-12,2.2629e-05,0,1.59162e-12,4.31655e-13
basic,21,1,0,9,1e-12,2.3816e-05,0,1.47793e-12,3.23466e-13
basic,22,1,0,9,1e-12,2.5701e-05,2.84217e-14,1.7053e-12,3.36862e-13
basic,23,1,0,9,1e-12,2.6609e-05,1.42109e-14,1.02318e-12,3.33955e-13
basic,24,1,0,9,1e-12,3.0591e-05,7.10543e-15,9.09495e-13,3.40468e-13
basic,25,1,0,9,1e-12,3.2826e-05,0,1.81899e-12,3.6593e-13
basic,26,1,0,9,1e-12,3.3314e-05,0,3.86535e-12,4.96423e-13
basic,27,1,0,9,1e-12,3.8133e-05,0,6.82121e-13,1.8132e-13
basic,28,1,0,9,1e-12,3.967e-05,7.10543e-15,1.81899e-12,3.66818e-13
basic,29,1,0,9,1e-12,4.1416e-05,0,1.7053e-12,3.05656e-13
basic,30,1,0,9,1e-12,4.3372e-05,0,2.72848e-12,4.28102e-13
basic,31,1,0,9,1e-12,4.6514e-05,0,1.36424e-12,2.99116e-13
basic,32,1,0,9,1e-12,4.868e-05,0,2.16005e-12,4.00235e-13
basic,33,1,0,9,1e-12,5.3778e-05,0,2.16005e-12,3.43429e-13
basic,34,1,0,9,1e-12,5.6223e-05,0,1.59162e-12,3.63631e-13
basic,35,1,0,9,1e-12,6.0134e-05,0,1.36424e-12,3.39335e-13
basic,36,1,0,9,1e-12,6.3416e-05,0,1.25056e-12,4.00865e-13
basic,37,1,0,9,1e-12,6.5162e-05,0,1.93268e-12,3.35491e-13
basic,38,1,0,9,1e-12,6.7258e-05,0,3.18323e-12,3.59105e-13
basic,39,1,0,9,1e-12,7.4032e-05,2.84217e-14,2.16005e-12,4.32702e-13
basic,40,1,0,9,1e-12,7.7804e-05,0,1.25056e-12,4.12648e-13
basic,41,1,0,9,1e-12,8.2134e-05,0,2.38742e-12,4.45996e-13
basic,42,1,0,9,1e-12,8.6184e-05,2.84217e-14,1.7053e-12,4.21504e-13
basic,43,1,0,9,1e-12,8.6533e-05,0,1.7053e-12,4.15998e-13
basic,44,1,0,9,1e-12,9.2261e-05,0,1.7053e-12,3.00204e-13
basic,45,1,0,9,1e-12,9.7848e-05,1.42109e-14,2.95586e-12,5.67645e-13
basic,46,1,0,9,1e-12,9.687e-05,0,1.25056e-12,3.67629e-13
basic,47,1,0,9,1e-12,0.000113492,2.84217e-14,2.6148e-12,5.40088e-13
basic,48,1,0,9,1e-12,0.000107347,0,2.04636e-12,4.4927e-13
basic,49,1,0,9,1e-12,0.000120966,0,1.93268e-12,4.20525e-13
basic,50,1,0,9,1e-12,0.000120057,0,1.7053e-12,3.83764e-13
basic,51,1,0,9,1e-12,0.000124946,0,2.50111e-12,4.23121e-13
basic,52,1,0,9,1e-12,0.000132629,0,1.81899e-12,4.83921e-13
basic,53,1,0,9,1e-12,0.000137029,0,3.06954e-12,4.01256e-13
basic,54,1,0,9,1e-12,0.000139474,0,1.93268e-12,4.1172e-13
basic,55,1,0,9,1e-12,0.000145201,0,2.50111e-12,4.34206e-13
basic,56,1,0,9,1e-12,0.000150299,0,1.59162e-12,3.90735e-13
basic,57,1,0,9,1e-12,0.000153931,0,2.50111e-12,3.59697e-13
basic,58,1,0,9,1e-12,0.000157842,0,2.6148e-12,4.54012e-13
basic,59,1,0,9,1e-12,0.00016301,0,2.16005e-12,3.9116e-13
basic,60,1,0,9,1e-12,0.000176141,0,1.93268e-12,5.14078e-13
basic,61,1,0,9,1e-12,0.000169016,0,2.27374e-12,4.50747e-13
basic,62,1,0,9,1e-12,0.000175232,0,3.52429e-12,5.08443e-13
basic,63,1,0,9,1e-12,0.000185499,0,3.52429e-12,4.57338e-13
basic,64,1,0,9,1e-12,0.000197791,0,2.84217e-12,5.02029e-13
basic,65,1,0,9,1e-12,0.000191017,0,3.41061e-12,5.8105e-13
basic,66,1,0,9,1e-12,0.000204915,0,3.29692e-12,6.46796e-13
basic,67,1,0,9,1e-12,0.000204915,0,2.72848e-12,4.80531e-13
basic,68,1,0,9,1e-12,0.000210503,0,2.27374e-12,4.39165e-13
basic,69,1,0,9,1e-12,0.000229081,0,2.04636e-12,4.74654e-13
basic,70,1,0,9,1e-12,0.000234318,0,2.6148e-12,4.98346e-13
basic,71,1,0,9,1e-12,0.000239975,0,1.81899e-12,4.40627e-13
basic,72,1,0,9,1e-12,0.000237951,0,3.29692e-12,5.46663e-13
basic,73,1,0,9,1e-12,0.000243398,0,3.41061e-12,5.70141e-13
basic,74,1,0,9,1e-12,0.000249544,0,2.16005e-12,4.86933e-13
basic,75,1,0,9,1e-12,0.00026421,0,2.50111e-12,4.39607e-13
basic,76,1,0,9,1e-12,0.000275315,0,3.75167e-12,5.57069e-13
basic,77,1,0,9,1e-12,0.000279017,0,2.16005e-12,4.96965e-13
basic,78,1,0,9,1e-12,0.000285791,0,2.27374e-12,4.4907e-13
basic,79,1,0,9,1e-12,0.0002867,0,1.93268e-12,4.66474e-13
basic,80,1,0,9,1e-12,0.000299969,0,2.50111e-12,4.78673e-13
basic,81,1,0,9,1e-12,0.000305626,0,1.93268e-12,5.20512e-13
basic,82,1,0,9,1e-12,0.000308071,0,2.72848e-12,5.12368e-13
basic,83,1,0,9,1e-12,0.000313658,0,1.93268e-12,4.99372e-13
basic,84,1,0,9,1e-12,0.000327138,0,2.72848e-12,5.60754e-13
basic,85,1,0,9,1e-12,0.000327347,0,3.52429e-12,4.82389e-13
basic,86,1,0,9,1e-12,0.000341456,0,2.38742e-12,4.8555e-13
basic,87,1,0,9,1e-12,0.000338103,0,2.27374e-12,4.47702e-13
basic,88,1,0,9,1e-12,0.000342364,0,2.38742e-12,5.53587e-13
basic,89,1,0,9,1e-12,0.000363595,0,4.3201e-12,6.55805e-13
basic,90,1,0,9,1e-12,0.000367715,0,2.95586e-12,4.87862e-13
basic,91,1,0,9,1e-12,0.000376376,0,2.16005e-12,4.66056e-13
basic,92,1,0,9,1e-12,0.000384757,0,1.81899e-12,4.65988e-13
basic,93,1,0,9,1e-12,0.000390274,0,3.06954e-12,4.95564e-13
basic,94,1,0,9,1e-12,0.000394884,0,3.29692e-12,5.75636e-13
basic,95,1,0,9,1e-12,0.000411646,0,3.18323e-12,6.32921e-13
basic,96,1,0,9,1e-12,0.000424916,0,2.95586e-12,5.8741e-13
basic,97,1,0,9,1e-12,0.000421354,0,2.84217e-12,5.84806e-13
basic,98,1,0,9,1e-12,0.000431062,0,2.84217e-12,5.87907e-13
basic,99,1,0,9,1e-12,0.000444401,0,2.6148e-12,4.65158e-13
basic,100,1,0,9,1e-12,0.000449291,0,2.6148e-12,5.49955e-13
basic,101,1,0,9,1e-12,0.000451316,0,2.84217e-12,4.8453e-13
basic,102,1,0,9,1e-12,0.000473596,0,3.52429e-12,5.41695e-13
basic,103,1,0,9,1e-12,0.000483723,0,3.18323e-12,5.65254e-13
basic,104,1,0,9,1e-12,0.000492313,0,5.11591e-12,5.14247e-13
basic,105,1,0,9,1e-12,0.000489938,0,2.72848e-12,5.04117e-13
basic,106,1,0,9,1e-12,0.000511449,0,2.95586e-12,5.51878e-13
basic,107,1,0,9,1e-12,0.000504326,0,5.22959e-12,6.6039e-13
basic,108,1,0,9,1e-12,0.000519761,0,2.6148e-12,5.65007e-13
basic,109,1,0,9,1e-12,0.00053338,0,3.63798e-12,5.57892e-13
basic,110,1,0,9,1e-12,0.000540853,0,4.09273e-12,6.36383e-13
basic,111,1,0,9,1e-12,0.000550142,0,3.75167e-12,5.66174e-13
basic,112,1,0,9,1e-12,0.000558523,0,5.22959e-12,6.31187e-13
basic,113,1,0,9,1e-12,0.000578986,0,3.52429e-12,5.87393e-13
basic,114,1,0,9,1e-12,0.000596936,0,4.66116e-12,5.8028e-13
basic,115,1,0,9,1e-12,0.000591488,0,3.41061e-12,5.95282e-13
basic,116,1,0,9,1e-12,0.000601056,0,3.52429e-12,7.56038e-13
basic,117,1,0,9,1e-12,0.000614396,0,3.41061e-12,6.05169e-13
basic,118,1,0,9,1e-12,0.000662726,0,2.84217e-12,6.26197e-13
basic,119,1,0,9,1e-12,0.000631158,0,3.52429e-12,5.15742e-13
basic,120,1,0,9,1e-12,0.00066119,0,3.29692e-12,5.26924e-13
basic,121,1,0,9,1e-12,0.000658745,0,3.29692e-12,5.7891e-13
basic,122,1,0,9,1e-12,0.000658955,0,3.63798e-12,6.40706e-13
basic,123,1,0,9,1e-12,0.000667266,0,4.77485e-12,6.48048e-13
basic,124,1,0,9,1e-12,0.000685285,0,3.75167e-12,6.05505e-13
basic,125,1,0,9,1e-12,0.000702047,0,2.27374e-12,4.42623e-13
basic,126,1,0,9,1e-12,0.000659095,0,3.52429e-12,5.10844e-13
basic,127,1,0,9,1e-12,0.000678161,0,3.18323e-12,5.82605e-13
basic,128,1,0,9,1e-12,0.000691641,0,4.54747e-12,5.5424e-13
basic,129,1,0,9,1e-12,0.000697577,0,2.95586e-12,4.82891e-13
basic,130,1,0,9,1e-12,0.00070072,0,3.29692e-12,6.04669e-13
basic,131,1,0,9,1e-12,0.000714619,0,3.52429e-12,5.08994e-13
basic,132,1,0,9,1e-12,0.00072272,0,3.29692e-12,5.1816e-13
basic,133,1,0,9,1e-12,0.000734453,0,4.54747e-12,5.71664e-13
basic,134,1,0,9,1e-12,0.000760574,0,2.95586e-12,5.62258e-13
basic,135,1,0,9,1e-12,0.000774123,0,3.75167e-12,6.42999e-13
basic,136,1,0,9,1e-12,0.000825597,0,5.68434e-12,6.28975e-13
basic,137,1,0,9,1e-12,0.000789418,0,3.75167e-12,5.94174e-13
basic,138,1,0,9,1e-12,0.000807089,0,5.91172e-12,5.94948e-13
basic,139,1,0,9,1e-12,0.000807718,0,5.79803e-12,6.12432e-13
basic,140,1,0,9,1e-12,0.000833629,0,7.61702e-12,5.27999e-13
basic,141,1,0,9,1e-12,0.000843616,0,4.66116e-12,5.41842e-13
basic,142,1,0,9,1e-12,0.000876372,0,4.66116e-12,5.85483e-13
basic,143,1,0,9,1e-12,0.000871064,0,5.57066e-12,5.77392e-13
basic,144,1,0,9,1e-12,0.000931197,0,3.75167e-12,6.71441e-13
basic,145,1,0,9,1e-12,0.000898861,0,3.52429e-12,5.57098e-13
basic,146,1,0,9,1e-12,0.000896137,0,6.0254e-12,6.87379e-13
basic,147,1,0,9,1e-12,0.000912689,0,3.75167e-12,6.31079e-13
basic,148,1,0,9,1e-12,0.000913597,0,3.75167e-12,6.37823e-13
basic,149,1,0,9,1e-12,0.000957877,0,3.86535e-12,6.11272e-13
basic,150,1,0,9,1e-12,0.000931406,0,3.97904e-12,6.22977e-13
basic,151,1,0,9,1e-12,0.000961089,0,5.00222e-12,6.57237e-13
basic,152,1,0,9,1e-12,0.00101487,0,4.88853e-12,7.5929e-13
basic,153,1,0,9,1e-12,0.000955781,0,2.95586e-12,5.84104e-13
basic,154,1,0,9,1e-12,0.00100844,0,4.88853e-12,6.46269e-13
basic,155,1,0,9,1e-12,0.000995452,0,4.09273e-12,5.8524e-13
basic,156,1,0,9,1e-12,0.00104797,0,3.75167e-12,6.2747e-13
basic,157,1,0,9,1e-12,0.00105363,0,7.84439e-12,8.02961e-13
basic,158,1,0,9,1e-12,0.00105314,0,4.20641e-12,7.46503e-13
basic,159,1,0,9,1e-12,0.00107563,0,3.41061e-12,6.92194e-13
basic,160,1,0,9,1e-12,0.00112557,0,4.09273e-12,5.69883e-13
basic,161,1,0,9,1e-12,0.00108701,0,3.75167e-12,6.28934e-13
basic,162,1,0,9,1e-12,0.00109134,0,4.77485e-12,5.68488e-13
basic,163,1,0,9,1e-12,0.00108457,0,4.66116e-12,6.35944e-13
basic,164,1,0,9,1e-12,0.00113548,0,4.09273e-12,6.79852e-13
basic,165,1,0,9,1e-12,0.00115092,0,2.84217e-12,6.0053e-13
basic,166,1,0,9,1e-12,0.00114442,0,2.95586e-12,6.05235e-13
basic,167,1,0,9,1e-12,0.00118765,0,4.88853e-12,6.80756e-13
basic,168,1,0,9,1e-12,0.00125855,0,4.20641e-12,5.51066e-13
basic,169,1,0,9,1e-12,0.00119108,0,4.43379e-12,6.77496e-13
basic,170,1,0,9,1e-12,0.00125351,0,3.18323e-12,5.79935e-13
basic,171,1,0,9,1e-12,0.00125177,0,4.3201e-12,5.5832e-13
basic,172,1,0,9,1e-12,0.00122453,0,4.88853e-12,6.9853e-13
basic,173,1,0,9,1e-12,0.00127817,0,4.09273e-12,6.6773e-13
basic,174,1,0,9,1e-12,0.00129451,0,4.66116e-12,7.17228e-13
basic,175,1,0,9,1e-12,0.00130513,0,6.9349e-12,6.69012e-13
basic,176,1,0,9,1e-12,0.00135758,0,4.09273e-12,5.77296e-13
basic,177,1,0,9,1e-12,0.0014145,0,4.3201e-12,6.27866e-13
basic,178,1,0,9,1e-12,0.0013675,0,3.52429e-12,5.18757e-13
basic,179,1,0,9,1e-12,0.00143825,0,4.20641e-12,7.02078e-13
basic,180,1,0,9,1e-12,0.00146178,0,4.88853e-12,7.2904e-13
basic,181,1,0,9,1e-12,0.00140528,0,2.72848e-12,5.30322e-13
basic,182,1,0,9,1e-12,0.00151989,0,7.61702e-12,6.53081e-13
basic,183,1,0,9,1e-12,0.00150034,0,3.75167e-12,7.04427e-13
basic,184,1,0,9,1e-12,0.00155802,0,4.66116e-12,7.1705e-13
basic,185,1,0,9,1e-12,0.00145445,0,3.86535e-12,6.08162e-13
basic,186,1,0,9,1e-12,0.00151444,0,6.13909e-12,6.41191e-13
basic,187,1,0,9,1e-12,0.00155907,0,4.66116e-12,8.30243e-13
basic,188,1,0,9,1e-12,0.0015215,0,3.75167e-12,7.11315e-13
basic,189,1,0,9,1e-12,0.00150278,0,4.3201e-12,7.31465e-13
basic,190,1,0,9,1e-12,0.00155781,0,6.9349e-12,8.07016e-13
basic,191,1,0,9,1e-12,0.00158987,0,4.43379e-12,6.71824e-13
basic,192,1,0,9,1e-12,0.00160363,0,5.22959e-12,7.22034e-13
basic,193,1,0,9,1e-12,0.00152282,0,3.86535e-12,5.9554e-13
basic,194,1,0,9,1e-12,0.00161997,0,5.79803e-12,7.69243e-13
basic,195,1,0,9,1e-12,0.0015949,0,4.43379e-12,6.71179e-13
basic,196,1,0,9,1e-12,0.00167242,0,3.97904e-12,6.74619e-13
basic,197,1,0,9,1e-12,0.00160272,0,5.91172e-12,7.34003e-13
basic,198,1,0,9,1e-12,0.001713,0,4.66116e-12,6.7213e-13
basic,199,1,0,9,1e-12,0.00169652,0,7.7307e-12,6.64174e-13
basic,200,1,0,9,1e-12,0.00178438,0,3.41061e-12,6.52536e-13
basic,201,1,0,9,1e-12,0.00170162,0,6.0254e-12,6.46894e-13
basic,202,1,0,9,1e-12,0.00179144,0,5.45697e-12,7.2475e-13
basic,203,1,0,9,1e-12,0.00176217,0,3.18323e-12,6.73935e-13
basic,204,1,0,9,1e-12,0.00182657,0,4.66116e-12,7.45691e-13
basic,205,1,0,9,1e-12,0.0018207,0,4.54747e-12,6.40578e-13
basic,206,1,0,9,1e-12,0.00175421,0,3.97904e-12,6.97716e-13
basic,207,1,0,9,1e-12,0.00188216,0,5.57066e-12,7.13412e-13
basic,208,1,0,9,1e-12,0.00192665,0,4.3201e-12,5.84876e-13
basic,209,1,0,9,1e-12,0.00186714,0,4.09273e-12,6.71429e-13
basic,210,1,0,9,1e-12,0.00192197,0,4.88853e-12,6.78872e-13
basic,211,1,0,9,1e-12,0.00185485,0,4.66116e-12,7.01261e-13
basic,212,1,0,9,1e-12,0.00195884,0,4.77485e-12,6.53341e-13
basic,213,1,0,9,1e-12,0.0019455,0,4.20641e-12,6.69755e-13
basic,214,1,0,9,1e-12,0.00197135,0,3.41061e-12,5.71193e-13
basic,215,1,0,9,1e-12,0.00201849,0,4.09273e-12,6.93858e-13
basic,216,1,0,9,1e-12,0.00203777,0,5.11591e-12,7.15542e-13
basic,217,1,0,9,1e-12,0.0019476,0,4.20641e-12,6.79258e-13
basic,218,1,0,9,1e-12,0.00205076,0,3.75167e-12,6.87475e-13
basic,219,1,0,9,1e-12,0.00207143,0,3.75167e-12,6.09504e-13
basic,220,1,0,9,1e-12,0.00208379,0,5.00222e-12,6.25517e-13
basic,221,1,0,9,1e-12,0.00211152,0,5.00222e-12,7.14147e-13
basic,222,1,0,9,1e-12,0.00210635,0,5.79803e-12,6.28623e-13
basic,223,1,0,9,1e-12,0.00213296,0,4.43379e-12,6.84031e-13
basic,224,1,0,9,1e-12,0.00221516,0,3.97904e-12,7.395e-13
basic,225,1,0,9,1e-12,0.00208156,0,5.68434e-12,7.94216e-13
basic,226,1,0,9,1e-12,0.00222368,0,4.66116e-12,7.16077e-13
basic,227,1,0,9,1e-12,0.0022417,0,4.77485e-12,6.88802e-13
basic,228,1,0,9,1e-12,0.0022665,0,6.0254e-12,7.20082e-13
basic,229,1,0,9,1e-12,0.00221914,0,3.97904e-12,6.10456e-13
basic,230,1,0,9,1e-12,0.00230882,0,6.13909e-12,7.84674e-13
basic,231,1,0,9,1e-12,0.00231497,0,6.36646e-12,7.15092e-13
basic,232,1,0,9,1e-12,0.00235429,0,5.79803e-12,7.25377e-13
basic,233,1,0,9,1e-12,0.00237063,0,6.25278e-12,7.46741e-13
basic,234,1,0,9,1e-12,0.00228591,0,3.86535e-12,7.63751e-13
basic,235,1,0,9,1e-12,0.00237741,0,5.22959e-12,7.3871e-13
basic,236,1,0,9,1e-12,0.00240318,0,5.79803e-12,7.20376e-13
basic,237,1,0,9,1e-12,0.00246024,0,3.75167e-12,7.73425e-13
basic,238,1,0,9,1e-12,0.00247393,0,5.22959e-12,7.21152e-13
basic,239,1,0,9,1e-12,0.00248042,0,5.68434e-12,7.11793e-13
basic,240,1,0,9,1e-12,0.00254558,0,6.13909e-12,6.98267e-13
basic,241,1,0,9,1e-12,0.00248859,0,5.45697e-12,7.45957e-13
basic,242,1,0,9,1e-12,0.00253001,0,6.36646e-12,7.89853e-13
basic,243,1,0,9,1e-12,0.00251702,0,5.22959e-12,7.14881e-13
basic,244,1,0,9,1e-12,0.00255473,0,5.68434e-12,8.09969e-13
basic,245,1,0,9,1e-12,0.00257813,0,5.00222e-12,7.09159e-13
basic,246,1,0,9,1e-12,0.00258679,0,4.66116e-12,5.89099e-13
basic,247,1,0,9,1e-12,0.002634,0,6.48015e-12,7.54273e-13
basic,248,1,0,9,1e-12,0.00271453,0,3.86535e-12,7.1776e-13
basic,249,1,0,9,1e-12,0.00270692,0,3.75167e-12,7.08178e-13
basic,250,1,0,9,1e-12,0.00271907,0,5.57066e-12,7.56316e-13
basic,251,1,0,9,1e-12,0.00271048,0,4.77485e-12,6.56976e-13
basic,252,1,0,9,1e-12,0.00278842,0,9.32232e-12,8.0067e-13
basic,253,1,0,9,1e-12,0.00274072,0,3.86535e-12,7.11318e-13
basic,254,1,0,9,1e-12,0.00275567,0,4.20641e-12,6.48998e-13
basic,255,1,0,9,1e-12,0.00279478,0,5.11591e-12,7.57673e-13
basic,256,1,0,9,1e-12,0.00302987,0,5.45697e-12,7.33877e-13
basic,257,1,0,9,1e-12,0.00285694,0,4.88853e-12,6.83099e-13
basic,258,1,0,9,1e-12,0.00274093,0,5.34328e-12,6.95396e-13
basic,259,1,0,9,1e-12,0.00284772,0,6.70752e-12,7.50244e-13
basic,260,1,0,9,1e-12,0.00291204,0,5.00222e-12,7.83487e-13
basic,261,1,0,9,1e-12,0.00292042,0,6.25278e-12,7.56379e-13
basic,262,1,0,9,1e-12,0.0029918,0,6.13909e-12,7.32115e-13
basic,263,1,0,9,1e-12,0.00298943,0,6.59384e-12,6.62687e-13
basic,264,1,0,9,1e-12,0.00299732,0,8.98126e-12,7.93875e-13
basic,265,1,0,9,1e-12,0.00307338,0,5.11591e-12,6.77371e-13
basic,266,1,0,9,1e-12,0.00307065,0,5.68434e-12,8.17696e-13
basic,267,1,0,9,1e-12,0.00305962,0,6.0254e-12,8.54801e-13
basic,268,1,0,9,1e-12,0.0030923,0,9.66338e-12,6.92164e-13
basic,269,1,0,9,1e-12,0.00315516,0,6.70752e-12,8.30789e-13
basic,270,1,0,9,1e-12,0.00313819,0,3.75167e-12,6.51246e-13
basic,271,1,0,9,1e-12,0.0031912,0,4.09273e-12,6.68779e-13
basic,272,1,0,9,1e-12,0.003178,0,8.86757e-12,8.32063e-13
basic,273,1,0,9,1e-12,0.00325008,0,6.48015e-12,8.08346e-13
basic,274,1,0,9,1e-12,0.00322787,0,4.66116e-12,6.79289e-13
basic,275,1,0,9,1e-12,0.00323555,0,4.66116e-12,7.5942e-13
basic,276,1,0,9,1e-12,0.00324183,0,5.91172e-12,7.79019e-13
basic,277,1,0,9,1e-12,0.00326432,0,6.36646e-12,7.07454e-13
basic,278,1,0,9,1e-12,0.00341183,0,8.07177e-12,7.67787e-13
basic,279,1,0,9,1e-12,0.00336175,0,5.00222e-12,7.53798e-13
basic,280,1,0,9,1e-12,0.00336734,0,8.41283e-12,7.94727e-13
basic,281,1,0,9,1e-12,0.00343334,0,6.82121e-12,8.07662e-13
basic,282,1,0,9,1e-12,0.0034045,0,6.59384e-12,7.87715e-13
basic,283,1,0,9,1e-12,0.0034552,0,7.27596e-12,7.89004e-13
basic,284,1,0,9,1e-12,0.00347231,0,7.50333e-12,7.98308e-13
basic,285,1,0,9,1e-12,0.00353573,0,5.45697e-12,7.96266e-13
basic,286,1,0,9,1e-12,0.00350004,0,4.20641e-12,7.79566e-13
basic,287,1,0,9,1e-12,0.00357302,0,5.45697e-12,8.24174e-13
basic,288,1,0,9,1e-12,0.00359237,0,4.66116e-12,7.03869e-13
basic,289,1,0,9,1e-12,0.00364405,0,5.00222e-12,6.79596e-13
basic,290,1,0,9,1e-12,0.00362086,0,5.79803e-12,7.37761e-13
basic,291,1,0,9,1e-12,0.00367248,0,6.36646e-12,6.72315e-13
basic,292,1,0,9,1e-12,0.00367758,0,4.77485e-12,7.5337e-13
basic,293,1,0,9,1e-12,0.0037081,0,6.25278e-12,7.07702e-13
basic,294,1,0,9,1e-12,0.00375028,0,4.43379e-12,7.67172e-13
basic,295,1,0,9,1e-12,0.00371187,0,1.00044e-11,8.62806e-13
basic,296,1,0,9,1e-12,0.00374462,0,6.25278e-12,7.71698e-13
basic,297,1,0,9,1e-12,0.00384142,0,8.41283e-12,9.22963e-13
basic,298,1,0,9,1e-12,0.00388598,0,5.79803e-12,8.46788e-13
basic,299,1,0,9,1e-12,0.00392775,0,6.48015e-12,8.3769e-13
basic,300,1,0,9,1e-12,0.00392817,0,4.88853e-12,7.98692e-13
basic,301,1,0,9,1e-12,0.00391064,0,6.82121e-12,8.25096e-13
basic,302,1,0,9,1e-12,0.00400632,0,7.7307e-12,8.73001e-13
basic,303,1,0,9,1e-12,0.00399689,0,5.79803e-12,7.87214e-13
basic,304,1,0,9,1e-12,0.00396323,0,5.22959e-12,7.001e-13
basic,305,1,0,9,1e-12,0.00401288,0,9.43601e-12,7.28071e-13
basic,306,1,0,9,1e-12,0.00412282,0,1.02318e-11,7.95975e-13
basic,307,1,0,9,1e-12,0.00411807,0,4.54747e-12,7.47468e-13
basic,308,1,0,9,1e-12,0.00410913,0,7.04858e-12,7.39251e-13
basic,309,1,0,9,1e-12,0.00412149,0,4.77485e-12,6.6738e-13
basic,310,1,0,9,1e-12,0.00402392,0,6.25278e-12,8.38903e-13
basic,311,1,0,9,1e-12,0.00421647,0,4.54747e-12,6.70705e-13
basic,312,1,0,9,1e-12,0.00426508,0,5.57066e-12,7.43362e-13
basic,313,1,0,9,1e-12,0.0042266,0,9.54969e-12,7.71212e-13
basic,314,1,0,9,1e-12,0.00427842,0,5.45697e-12,6.90602e-13
basic,315,1,0,9,1e-12,0.00430838,0,5.91172e-12,7.78328e-13
basic,316,1,0,9,1e-12,0.00434414,0,5.91172e-12,7.19414e-13
basic,317,1,0,9,1e-12,0.0043468,0,5.91172e-12,8.48258e-13
basic,318,1,0,9,1e-12,0.00435336,0,5.22959e-12,8.28607e-13
basic,319,1,0,9,1e-12,0.00444367,0,6.36646e-12,7.45889e-13
basic,320,1,0,9,1e-12,0.00441797,0,4.54747e-12,7.20972e-13
basic,321,1,0,9,1e-12,0.00445847,0,6.82121e-12,8.77971e-13
basic,322,1,0,9,1e-12,0.00449388,0,5.11591e-12,7.93132e-13
basic,323,1,0,9,1e-12,0.00456757,0,5.22959e-12,6.79075e-13
basic,324,1,0,9,1e-12,0.00454717,0,8.18545e-12,8.45162e-13
basic,325,1,0,9,1e-12,0.00461939,0,7.61702e-12,7.80765e-13
basic,326,1,0,9,1e-12,0.00454815,0,4.88853e-12,7.99714e-13
basic,327,1,0,9,1e-12,0.0046659,0,4.66116e-12,7.7179e-13
basic,328,1,0,9,1e-12,0.00462386,0,8.07177e-12,7.42465e-13
basic,329,1,0,9,1e-12,0.00466856,0,7.95808e-12,8.2352e-13
basic,330,1,0,9,1e-12,0.00469677,0,7.16227e-12,8.44116e-13
basic,331,1,0,9,1e-12,0.00471374,0,4.77485e-12,8.27306e-13
basic,332,1,0,9,1e-12,0.00474601,0,8.41283e-12,8.3636e-13
basic,333,1,0,9,1e-12,0.00477632,0,5.45697e-12,7.08231e-13
basic,334,1,0,9,1e-12,0.0048595,0,8.86757e-12,8.44806e-13
basic,335,1,0,9,1e-12,0.00484309,0,4.43379e-12,7.5389e-13
basic,336,1,0,9,1e-12,0.00470585,0,7.16227e-12,7.69856e-13
basic,337,1,0,9,1e-12,0.00491782,0,9.43601e-12,7.92063e-13
basic,338,1,0,9,1e-12,0.00494122,0,7.61702e-12,7.86386e-13
basic,339,1,0,9,1e-12,0.00495484,0,3.97904e-12,7.33442e-13
basic,340,1,0,9,1e-12,0.00497551,0,5.68434e-12,7.45367e-13
basic,341,1,0,9,1e-12,0.00497635,0,5.79803e-12,8.53227e-13
basic,342,1,0,9,1e-12,0.0049533,0,5.57066e-12,7.02972e-13
basic,343,1,0,9,1e-12,0.00501106,0,5.91172e-12,7.9031e-13
basic,344,1,0,9,1e-12,0.00509277,0,7.27596e-12,8.38367e-13
basic,345,1,0,9,1e-12,0.00525949,0,8.41283e-12,8.01762e-13
basic,346,1,0,9,1e-12,0.00511722,0,5.68434e-12,8.37134e-13
basic,347,1,0,9,1e-12,0.00511247,0,5.68434e-12,8.7056e-13
basic,348,1,0,9,1e-12,0.00519181,0,6.25278e-12,8.18502e-13
basic,349,1,0,9,1e-12,0.00518846,0,5.68434e-12,8.21132e-13
basic,350,1,0,9,1e-12,0.0052509,0,5.91172e-12,7.46463e-13
basic,351,1,0,9,1e-12,0.00536006,0,7.16227e-12,8.71283e-13
basic,352,1,0,9,1e-12,0.00523532,0,1.09139e-11,7.65295e-13
basic,353,1,0,9,1e-12,0.00530013,0,7.27596e-12,8.39832e-13
basic,354,1,0,9,1e-12,0.00538541,0,7.84439e-12,7.69104e-13
basic,355,1,0,9,1e-12,0.00534679,0,6.13909e-12,8.01012e-13
basic,356,1,0,9,1e-12,0.00540308,0,5.68434e-12,7.67889e-13
basic,357,1,0,9,1e-12,0.00539463,0,5.68434e-12,8.42075e-13
basic,358,1,0,9,1e-12,0.00548088,0,7.27596e-12,8.43229e-13
basic,359,1,0,9,1e-12,0.00548487,0,6.82121e-12,7.82367e-13
basic,360,1,0,9,1e-12,0.00542648,0,5.11591e-12,7.61937e-13
basic,361,1,0,9,1e-12,0.00566813,0,6.82121e-12,9.0995e-13
basic,362,1,0,9,1e-12,0.00554611,0,7.61702e-12,6.8952e-13
basic,363,1,0,9,1e-12,0.00552237,0,5.45697e-12,8.18739e-13
basic,364,1,0,9,1e-12,0.00552775,0,6.82121e-12,8.51547e-13
basic,365,1,0,9,1e-12,0.00569264,0,6.82121e-12,7.02396e-13
basic,366,1,0,9,1e-12,0.00563824,0,6.13909e-12,8.03101e-13
basic,367,1,0,9,1e-12,0.00578155,0,6.13909e-12,8.3749e-13
basic,368,1,0,9,1e-12,0.00577855,0,5.91172e-12,7.67036e-13
basic,369,1,0,9,1e-12,0.00583065,0,9.32232e-12,8.79835e-13
basic,370,1,0,9,1e-12,0.0059183,0,5.11591e-12,8.48357e-13
basic,371,1,0,9,1e-12,0.00586585,0,6.0254e-12,8.62622e-13
basic,372,1,0,9,1e-12,0.00581815,0,5.22959e-12,7.96744e-13
basic,373,1,0,9,1e-12,0.00590203,0,9.43601e-12,7.53532e-13
basic,374,1,0,9,1e-12,0.00601517,0,5.00222e-12,7.65897e-13
basic,375,1,0,9,1e-12,0.00600106,0,7.16227e-12,7.69784e-13
basic,376,1,0,9,1e-12,0.0059234,0,5.45697e-12,7.849e-13
basic,377,1,0,9,1e-12,0.00603214,0,1.17097e-11,9.79969e-13
basic,378,1,0,9,1e-12,0.00601783,0,5.68434e-12,8.00229e-13
basic,379,1,0,9,1e-12,0.00608355,0,5.57066e-12,7.12954e-13
basic,380,1,0,9,1e-12,0.00610701,0,6.70752e-12,8.58693e-13
basic,381,1,0,9,1e-12,0.00606916,0,5.68434e-12,8.26121e-13
basic,382,1,0,9,1e-12,0.00611037,0,7.04858e-12,7.80728e-13
basic,383,1,0,9,1e-12,0.0063465,0,5.68434e-12,8.24356e-13
basic,384,1,0,9,1e-12,0.00624397,0,1.23919e-11,8.84378e-13
basic,385,1,0,9,1e-12,0.00626157,0,8.98126e-12,8.73349e-13
basic,386,1,0,9,1e-12,0.0063495,0,7.7307e-12,8.78958e-13
basic,387,1,0,9,1e-12,0.00629503,0,4.66116e-12,7.93677e-13
basic,388,1,0,9,1e-12,0.00630264,0,5.79803e-12,9.02713e-13
basic,389,1,0,9,1e-12,0.00636459,0,6.70752e-12,8.05816e-13
basic,390,1,0,9,1e-12,0.00643562,0,5.22959e-12,8.63396e-13
basic,391,1,0,9,1e-12,0.00645196,0,6.70752e-12,8.22293e-13
basic,392,1,0,9,1e-12,0.00650713,0,1.04592e-11,8.52479e-13
basic,393,1,0,9,1e-12,0.00654017,0,8.07177e-12,8.52783e-13
basic,394,1,0,9,1e-12,0.00655833,0,5.91172e-12,8.78957e-13
basic,395,1,0,9,1e-12,0.00670646,0,6.0254e-12,7.79653e-13
basic,396,1,0,9,1e-12,0.00662538,0,6.25278e-12,8.23588e-13
basic,397,1,0,9,1e-12,0.00668251,0,8.75389e-12,9.49702e-13
basic,398,1,0,9,1e-12,0.00686689,0,5.79803e-12,7.65934e-13
basic,399,1,0,9,1e-12,0.00682282,0,7.27596e-12,8.89795e-13
basic,400,1,0,9,1e-12,0.00675584,0,7.95808e-12,8.43944e-13
basic,401,1,0,9,1e-12,0.00674858,0,5.68434e-12,7.9029e-13
basic,402,1,0,9,1e-12,0.00689999,0,4.66116e-12,8.70419e-13
basic,403,1,0,9,1e-12,0.00692583,0,5.57066e-12,8.47688e-13
basic,404,1,0,9,1e-12,0.00694043,0,5.57066e-12,8.03177e-13
basic,405,1,0,9,1e-12,0.00697144,0,7.95808e-12,8.27354e-13
basic,406,1,0,9,1e-12,0.00703563,0,9.77707e-12,7.76491e-13
basic,407,1,0,9,1e-12,0.00700119,0,5.68434e-12,7.69638e-13
basic,408,1,0,9,1e-12,0.00711608,0,5.45697e-12,8.28936e-13
basic,409,1,0,9,1e-12,0.00709471,0,6.25278e-12,8.36325e-13
basic,410,1,0,9,1e-12,0.00712684,0,6.36646e-12,8.49839e-13
basic,411,1,0,9,1e-12,0.00723872,0,9.43601e-12,8.39949e-13
basic,412,1,0,9,1e-12,0.00729125,0,6.59384e-12,8.72447e-13
basic,413,1,0,9,1e-12,0.00723844,0,5.57066e-12,8.30624e-13
basic,414,1,0,9,1e-12,0.0072742,0,8.98126e-12,8.32425e-13
basic,415,1,0,9,1e-12,0.00737045,0,7.61702e-12,8.60796e-13
basic,416,1,0,9,1e-12,0.00737003,0,5.68434e-12,6.87119e-13
basic,417,1,0,9,1e-12,0.00745453,0,5.68434e-12,8.57575e-13
basic,418,1,0,9,1e-12,0.00742255,0,6.0254e-12,7.87249e-13
basic,419,1,0,9,1e-12,0.00755895,0,1.01181e-11,9.34937e-13
basic,420,1,0,9,1e-12,0.00749881,0,5.57066e-12,8.04412e-13
basic,421,1,0,9,1e-12,0.0075778,0,4.77485e-12,7.76462e-13
basic,422,1,0,9,1e-12,0.00756963,0,6.82121e-12,8.88186e-13
basic,423,1,0,9,1e-12,0.00756747,0,7.38964e-12,8.13903e-13
basic,424,1,0,9,1e-12,0.00769269,0,6.36646e-12,8.36092e-13
basic,425,1,0,9,1e-12,0.00781988,0,7.61702e-12,7.93528e-13
basic,426,1,0,9,1e-12,0.00771211,0,5.91172e-12,8.8484e-13
basic,427,1,0,9,1e-12,0.00779697,0,9.43601e-12,8.12202e-13
basic,428,1,0,9,1e-12,0.00764213,0,6.13909e-12,8.15848e-13
basic,429,1,0,9,1e-12,0.00789726,0,5.91172e-12,8.88087e-13
basic,430,1,0,9,1e-12,0.00781576,0,6.25278e-12,7.83759e-13
basic,431,1,0,9,1e-12,0.00807703,0,7.61702e-12,8.79303e-13
basic,432,1,0,9,1e-12,0.00800873,0,6.59384e-12,7.99498e-13
basic,433,1,0,9,1e-12,0.00793253,0,6.59384e-12,8.37439e-13
basic,434,1,0,9,1e-12,0.00805943,0,8.6402e-12,8.94873e-13
basic,435,1,0,9,1e-12,0.0080676,0,6.59384e-12,7.77902e-13
basic,436,1,0,9,1e-12,0.00812732,0,5.57066e-12,8.3356e-13
basic,437,1,0,9,1e-12,0.00827832,0,4.88853e-12,9.27164e-13
basic,438,1,0,9,1e-12,0.00823348,0,6.82121e-12,7.8907e-13
basic,439,1,0,9,1e-12,0.00826994,0,8.52651e-12,9.29831e-13
basic,440,1,0,9,1e-12,0.00830919,0,4.66116e-12,7.75137e-13
basic,441,1,0,9,1e-12,0.00837016,0,5.79803e-12,8.8269e-13
basic,442,1,0,9,1e-12,0.00843287,0,6.48015e-12,8.58055e-13
basic,443,1,0,9,1e-12,0.00838154,0,6.70752e-12,8.3777e-13
basic,444,1,0,9,1e-12,0.00850055,0,7.7307e-12,8.4637e-13
basic,445,1,0,9,1e-12,0.00858953,0,7.38964e-12,7.32429e-13
basic,446,1,0,9,1e-12,0.00845467,0,8.86757e-12,7.54264e-13
basic,447,1,0,9,1e-12,0.00867718,0,7.7307e-12,9.34999e-13
basic,448,1,0,9,1e-12,0.00858024,0,7.27596e-12,8.48922e-13
basic,449,1,0,9,1e-12,0.0086776,0,6.0254e-12,8.14131e-13
basic,450,1,0,9,1e-12,0.00858555,0,8.75389e-12,9.34679e-13
basic,451,1,0,9,1e-12,0.00869988,0,5.22959e-12,7.71373e-13
basic,452,1,0,9,1e-12,0.0087466,0,7.84439e-12,9.35064e-13
basic,453,1,0,9,1e-12,0.00876337,0,6.13909e-12,8.90875e-13
basic,454,1,0,9,1e-12,0.00887728,0,6.59384e-12,8.77371e-13
basic,455,1,0,9,1e-12,0.0089599,0,9.89075e-12,8.40992e-13
basic,456,1,0,9,1e-12,0.00892526,0,4.88853e-12,8.0989e-13
basic,457,1,0,9,1e-12,0.00899796,0,8.18545e-12,8.57737e-13
basic,458,1,0,9,1e-12,0.00903079,0,6.48015e-12,7.89037e-13
basic,459,1,0,9,1e-12,0.00902667,0,1.15961e-11,8.11647e-13
basic,460,1,0,9,1e-12,0.00901452,0,8.29914e-12,9.74322e-13
basic,461,1,0,9,1e-12,0.00907318,0,8.07177e-12,8.59281e-13
basic,462,1,0,9,1e-12,0.00917948,0,6.13909e-12,8.80759e-13
basic,463,1,0,9,1e-12,0.00916377,0,6.70752e-12,8.61244e-13
basic,464,1,0,9,1e-12,0.00916572,0,7.7307e-12,7.76792e-13
basic,465,1,0,9,1e-12,0.00933676,0,6.25278e-12,8.91382e-13
basic,466,1,0,9,1e-12,0.00934591,0,9.77707e-12,9.47838e-13
basic,467,1,0,9,1e-12,0.00938998,0,6.13909e-12,8.016e-13
basic,468,1,0,9,1e-12,0.0093904,0,6.70752e-12,8.75416e-13
basic,469,1,0,9,1e-12,0.00942609,0,8.6402e-12,8.38377e-13
basic,470,1,0,9,1e-12,0.00952946,0,7.27596e-12,8.86342e-13
basic,471,1,0,9,1e-12,0.00946709,0,6.48015e-12,8.32056e-13
basic,472,1,0,9,1e-12,0.00950927,0,7.61702e-12,8.00653e-13
basic,473,1,0,9,1e-12,0.00966753,0,7.61702e-12,8.78936e-13
basic,474,1,0,9,1e-12,0.00964644,0,7.95808e-12,8.98968e-13
basic,475,1,0,9,1e-12,0.00985066,0,6.9349e-12,8.56347e-13
basic,476,1,0,9,1e-12,0.00975309,0,9.43601e-12,8.86763e-13
basic,477,1,0,9,1e-12,0.0098698,0,7.27596e-12,9.19165e-13
basic,478,1,0,9,1e-12,0.00987322,0,5.57066e-12,8.88296e-13
basic,479,1,0,9,1e-12,0.00997644,0,6.82121e-12,9.16748e-13
basic,480,1,0,9,1e-12,0.00991526,0,6.36646e-12,8.46248e-13
basic,481,1,0,9,1e-12,0.0100051,0,7.16227e-12,8.58963e-13
basic,482,1,0,9,1e-12,0.0100011,0,8.07177e-12,8.04309e-13
basic,483,1,0,9,1e-12,0.010076,0,7.04858e-12,8.73261e-13
basic,484,1,0,9,1e-12,0.010104,0,6.36646e-12,8.92995e-13
basic,485,1,0,9,1e-12,0.0100222,0,5.79803e-12,8.36424e-13
basic,486,1,0,9,1e-12,0.0100769,0,6.25278e-12,8.84962e-13
basic,487,1,0,9,1e-12,0.0101265,0,8.86757e-12,8.59514e-13
basic,488,1,0,9,1e-12,0.0101789,0,7.04858e-12,8.59116e-13
basic,489,1,0,9,1e-12,0.0102863,0,7.61702e-12,8.40985e-13
basic,490,1,0,9,1e-12,0.010305,0,7.95808e-12,8.43449e-13
basic,491,1,0,9,1e-12,0.0102237,0,7.16227e-12,8.36099e-13
basic,492,1,0,9,1e-12,0.0104051,0,6.48015e-12,8.3521e-13
basic,493,1,0,9,1e-12,0.0104975,0,5.57066e-12,8.89323e-13
basic,494,1,0,9,1e-12,0.010487,0,7.84439e-12,9.18016e-13
basic,495,1,0,9,1e-12,0.0106405,0,7.38964e-12,9.41321e-13
basic,496,1,0,9,1e-12,0.010516,0,7.16227e-12,8.98358e-13
basic,497,1,0,9,1e-12,0.0105202,0,9.77707e-12,8.6443e-13
basic,498,1,0,9,1e-12,0.0105686,0,9.09495e-12,8.78046e-13
basic,499,1,0,9,1e-12,0.0107446,0,1.01181e-11,9.13832e-13
basic,500,1,0,9,1e-12,0.0106617,0,5.91172e-12,8.71114e-13
basic,501,1,0,9,1e-12,0.0107911,0,6.82121e-12,7.88593e-13
basic,502,1,0,9,1e-12,0.0107738,0,7.27596e-12,9.49652e-13
basic,503,1,0,9,1e-12,0.0108162,0,9.32232e-12,8.61456e-13
basic,504,1,0,9,1e-12,0.011063,0,8.29914e-12,8.88486e-13
basic,505,1,0,9,1e-12,0.0109472,0,8.86757e-12,8.85391e-13
basic,506,1,0,9,1e-12,0.0109526,0,8.41283e-12,8.56084e-13
basic,507,1,0,9,1e-12,0.0110835,0,8.41283e-12,9.16441e-13
basic,508,1,0,9,1e-12,0.0111443,0,6.36646e-12,8.45418e-13
basic,509,1,0,9,1e-12,0.0112137,0,8.41283e-12,8.76082e-13
basic,510,1,0,9,1e-12,0.0119042,0,8.18545e-12,9.26907e-13
basic,511,1,0,9,1e-12,0.0138049,0,7.84439e-12,8.61748e-13
basic,512,1,0,9,1e-12,0.0128089,0,6.0254e-12,9.18806e-13
basic,513,1,0,9,1e-12,0.0119405,0,8.18545e-12,9.72806e-13
basic,514,1,0,9,1e-12,0.0121889,0,6.48015e-12,8.77709e-13
basic,515,1,0,9,1e-12,0.0118163,0,8.52651e-12,8.78908e-13
basic,516,1,0,9,1e-12,0.0114655,0,8.18545e-12,8.73808e-13
basic,517,1,0,9,1e-12,0.0115135,0,7.7307e-12,8.44336e-13
basic,518,1,0,9,1e-12,0.0114202,0,8.6402e-12,8.92244e-13
basic,519,1,0,9,1e-12,0.0114756,0,9.89075e-12,8.41597e-13
basic,520,1,0,9,1e-12,0.0116014,0,8.52651e-12,8.82067e-13
basic,521,1,0,9,1e-12,0.0116542,0,7.7307e-12,8.55834e-13
basic,522,1,0,9,1e-12,0.0116957,0,8.6402e-12,8.78125e-13
basic,523,1,0,9,1e-12,0.0116232,0,9.09495e-12,8.96059e-13
basic,524,1,0,9,1e-12,0.0118502,0,7.04858e-12,9.26583e-13
basic,525,1,0,9,1e-12,0.0116909,0,9.20863e-12,9.16273e-13
basic,526,1,0,9,1e-12,0.0118652,0,9.66338e-12,8.92896e-13
basic,527,1,0,9,1e-12,0.0118988,0,8.07177e-12,9.24194e-13
basic,528,1,0,9,1e-12,0.0118522,0,8.75389e-12,8.76419e-13
basic,529,1,0,9,1e-12,0.0119781,0,8.29914e-12,9.2684e-13
basic,530,1,0,9,1e-12,0.0120424,0,5.34328e-12,8.85627e-13
basic,531,1,0,9,1e-12,0.0121234,0,6.25278e-12,8.78553e-13
basic,532,1,0,9,1e-12,0.0121171,0,9.20863e-12,8.74268e-13
basic,533,1,0,9,1e-12,0.0122056,0,7.04858e-12,9.51933e-13
basic,534,1,0,9,1e-12,0.0121961,0,7.50333e-12,9.69938e-13
basic,535,1,0,9,1e-12,0.0122369,0,6.13909e-12,9.33635e-13
basic,536,1,0,9,1e-12,0.0122558,0,7.38964e-12,9.03865e-13
basic,537,1,0,9,1e-12,0.0122967,0,9.66338e-12,9.29901e-13
basic,538,1,0,9,1e-12,0.0124096,0,7.95808e-12,9.69175e-13
basic,539,1,0,9,1e-12,0.0123695,0,6.36646e-12,8.38991e-13
basic,540,1,0,9,1e-12,0.0124451,0,8.07177e-12,8.6649e-13
basic,541,1,0,9,1e-12,0.012535,0,1.27329e-11,9.11607e-13
basic,542,1,0,9,1e-12,0.0126458,0,7.27596e-12,9.66016e-13
basic,543,1,0,9,1e-12,0.0126593,0,6.0254e-12,8.2754e-13
basic,544,1,0,9,1e-12,0.0126095,0,6.9349e-12,9.18523e-13
basic,545,1,0,9,1e-12,0.012612,0,1.28466e-11,9.3937e-13
basic,546,1,0,9,1e-12,0.0128239,0,9.66338e-12,9.34435e-13
basic,547,1,0,9,1e-12,0.0129075,0,7.27596e-12,9.38902e-13
basic,548,1,0,9,1e-12,0.0129101,0,8.07177e-12,9.48151e-13
basic,549,1,0,9,1e-12,0.0127805,0,6.9349e-12,8.89908e-13
basic,550,1,0,9,1e-12,0.0128882,0,6.70752e-12,9.25077e-13
basic,551,1,0,9,1e-12,0.0129045,0,7.95808e-12,8.8143e-13
basic,552,1,0,9,1e-12,0.0130051,0,9.43601e-12,1.00929e-12
basic,553,1,0,9,1e-12,0.0133001,0,7.16227e-12,8.64123e-13
basic,554,1,0,9,1e-12,0.0130671,0,7.27596e-12,8.82608e-13
basic,555,1,0,9,1e-12,0.0131712,0,6.59384e-12,9.4465e-13
basic,556,1,0,9,1e-12,0.0131996,0,5.91172e-12,8.27537e-13
basic,557,1,0,9,1e-12,0.0131123,0,6.13909e-12,8.85384e-13
basic,558,1,0,9,1e-12,0.0132598,0,8.41283e-12,8.92933e-13
basic,559,1,0,9,1e-12,0.0133252,0,8.6402e-12,9.19552e-13
basic,560,1,0,9,1e-12,0.0134511,0,1.00044e-11,9.79662e-13
basic,561,1,0,9,1e-12,0.0134617,0,6.25278e-12,8.95042e-13
basic,562,1,0,9,1e-12,0.0135412,0,9.43601e-12,1.00394e-12
basic,563,1,0,9,1e-12,0.0135232,0,7.27596e-12,9.78867e-13
basic,564,1,0,9,1e-12,0.0137463,0,7.95808e-12,9.2169e-13
basic,565,1,0,9,1e-12,0.0134642,0,8.98126e-12,8.27415e-13
basic,566,1,0,9,1e-12,0.0136491,0,8.86757e-12,9.09545e-13
basic,567,1,0,9,1e-12,0.0136353,0,8.18545e-12,9.43711e-13
basic,568,1,0,9,1e-12,0.0137681,0,7.38964e-12,9.816e-13
basic,569,1,0,9,1e-12,0.0137888,0,9.43601e-12,9.2518e-13
basic,570,1,0,9,1e-12,0.0138292,0,7.7307e-12,8.90503e-13
basic,571,1,0,9,1e-12,0.01514,0,9.66338e-12,9.08702e-13
basic,572,1,0,9,1e-12,0.0141072,0,9.43601e-12,8.37303e-13
basic,573,1,0,9,1e-12,0.0139211,0,1.03455e-11,8.26098e-13
basic,574,1,0,9,1e-12,0.014078,0,7.84439e-12,9.87992e-13
basic,575,1,0,9,1e-12,0.0143508,0,8.86757e-12,8.96433e-13
basic,576,1,0,9,1e-12,0.0141182,0,1.25056e-11,8.56419e-13
basic,577,1,0,9,1e-12,0.0140425,0,8.18545e-12,8.86983e-13
basic,578,1,0,9,1e-12,0.0142334,0,6.70752e-12,9.04255e-13
basic,579,1,0,9,1e-12,0.0142593,0,8.07177e-12,9.39775e-13
basic,580,1,0,9,1e-12,0.0143897,0,9.43601e-12,9.84669e-13
basic,581,1,0,9,1e-12,0.014328,0,1.17097e-11,9.77619e-13
basic,582,1,0,9,1e-12,0.0144608,0,6.36646e-12,8.86414e-13
basic,583,1,0,9,1e-12,0.0143938,0,6.48015e-12,9.7384e-13
basic,584,1,0,9,1e-12,0.0145984,0,7.95808e-12,9.16754e-13
basic,585,1,0,9,1e-12,0.01456,0,7.50333e-12,9.47842e-13
basic,586,1,0,9,1e-12,0.0146265,0,7.50333e-12,9.88931e-13
basic,587,1,0,9,1e-12,0.0147555,0,1.54614e-11,9.42049e-13
basic,588,1,0,9,1e-12,0.0146139,0,1.11413e-11,9.42304e-13
basic,589,1,0,9,1e-12,0.0148158,0,6.9349e-12,9.93053e-13
basic,590,1,0,9,1e-12,0.0149136,0,8.6402e-12,9.10029e-13
basic,591,1,0,9,1e-12,0.0149141,0,7.84439e-12,8.52675e-13
basic,592,1,0,9,1e-12,0.0150517,0,1.13687e-11,1.01117e-12
basic,593,1,0,9,1e-12,0.0148875,0,1.08002e-11,9.15357e-13
basic,594,1,0,9,1e-12,0.0150189,0,6.70752e-12,9.50612e-13
basic,595,1,0,9,1e-12,0.0150102,0,8.07177e-12,9.92046e-13
basic,596,1,0,9,1e-12,0.0150844,0,8.07177e-12,9.81988e-13
basic,597,1,0,9,1e-12,0.015169,0,7.50333e-12,9.45829e-13
basic,598,1,0,9,1e-12,0.0152044,0,8.75389e-12,8.82242e-13
basic,599,1,0,9,1e-12,0.0152798,0,7.7307e-12,8.99874e-13
basic,600,1,0,9,1e-12,0.015388,0,7.38964e-12,9.24077e-13
basic,601,1,0,9,1e-12,0.0154231,0,6.82121e-12,8.72108e-13
basic,602,1,0,9,1e-12,0.0155332,0,6.70752e-12,8.60977e-13
basic,603,1,0,9,1e-12,0.0155505,0,8.75389e-12,8.64811e-13
basic,604,1,0,9,1e-12,0.0154333,0,8.41283e-12,8.77137e-13
basic,605,1,0,9,1e-12,0.0156928,0,7.16227e-12,9.52974e-13
basic,606,1,0,9,1e-12,0.015633,0,6.82121e-12,9.14029e-13
basic,607,1,0,9,1e-12,0.0156836,0,8.07177e-12,9.4507e-13
basic,608,1,0,9,1e-12,0.0158539,0,6.0254e-12,9.037e-13
basic,609,1,0,9,1e-12,0.0160126,0,8.98126e-12,9.51252e-13
basic,610,1,0,9,1e-12,0.0155531,0,7.7307e-12,9.35594e-13
basic,611,1,0,9,1e-12,0.015561,0,8.86757e-12,9.74402e-13
basic,612,1,0,9,1e-12,0.0156743,0,6.36646e-12,9.57976e-13
basic,613,1,0,9,1e-12,0.0155891,0,7.27596e-12,9.14726e-13
basic,614,1,0,9,1e-12,0.0155156,0,6.0254e-12,9.43039e-13
basic,615,1,0,9,1e-12,0.0155624,0,7.95808e-12,1.02278e-12
basic,616,1,0,9,1e-12,0.0157724,0,8.75389e-12,8.89895e-13
basic,617,1,0,9,1e-12,0.0157589,0,5.68434e-12,9.28887e-13
basic,618,1,0,9,1e-12,0.0157913,0,8.29914e-12,8.65085e-13
basic,619,1,0,9,1e-12,0.0158107,0,1.01181e-11,9.73784e-13
basic,620,1,0,9,1e-12,0.0158518,0,6.9349e-12,9.48056e-13
basic,621,1,0,9,1e-12,0.0157038,0,6.70752e-12,8.69674e-13
basic,622,1,0,9,1e-12,0.0159532,0,5.34328e-12,8.56129e-13
basic,623,1,0,9,1e-12,0.0158711,0,7.84439e-12,9.31396e-13
basic,624,1,0,9,1e-12,0.0161359,0,1.15961e-11,1.03363e-12
basic,625,1,0,9,1e-12,0.0161833,0,7.38964e-12,9.31233e-13
basic,626,1,0,9,1e-12,0.0161247,0,8.86757e-12,9.5219e-13
basic,627,1,0,9,1e-12,0.0162964,0,7.95808e-12,9.90348e-13
basic,628,1,0,9,1e-12,0.0162316,0,6.70752e-12,9.11827e-13
basic,629,1,0,9,1e-12,0.016488,0,1.18234e-11,9.68723e-13
basic,630,1,0,9,1e-12,0.0164371,0,7.7307e-12,9.45407e-13
basic,631,1,0,9,1e-12,0.0163612,0,6.9349e-12,8.90595e-13
basic,632,1,0,9,1e-12,0.0164263,0,8.52651e-12,9.10029e-13
basic,633,1,0,9,1e-12,0.0165413,0,7.7307e-12,9.21798e-13
basic,634,1,0,9,1e-12,0.0167087,0,9.43601e-12,9.28166e-13
basic,635,1,0,9,1e-12,0.016611,0,7.84439e-12,8.7737e-13
basic,636,1,0,9,1e-12,0.0166922,0,1.02318e-11,9.77763e-13
basic,637,1,0,9,1e-12,0.0168092,0,1.04592e-11,1.03483e-12
basic,638,1,0,9,1e-12,0.0166967,0,1.10276e-11,8.70152e-13
basic,639,1,0,9,1e-12,0.0174266,0,1.00044e-11,9.28802e-13
basic,640,1,0,9,1e-12,0.0169252,0,7.27596e-12,9.54849e-13
basic,641,1,0,9,1e-12,0.0169996,0,1.04592e-11,9.71895e-13
basic,642,1,0,9,1e-12,0.0170811,0,7.84439e-12,1.0386e-12
basic,643,1,0,9,1e-12,0.0171151,0,6.82121e-12,9.58748e-13
basic,644,1,0,9,1e-12,0.0170757,0,9.09495e-12,9.84588e-13
basic,645,1,0,9,1e-12,0.0172261,0,7.95808e-12,9.76913e-13
basic,646,1,0,9,1e-12,0.0172965,0,9.54969e-12,9.60875e-13
basic,647,1,0,9,1e-12,0.0173534,0,7.16227e-12,9.11271e-13
basic,648,1,0,9,1e-12,0.0174075,0,1.03455e-11,9.30024e-13
basic,649,1,0,9,1e-12,0.0173756,0,7.95808e-12,8.9787e-13
basic,650,1,0,9,1e-12,0.0175762,0,9.20863e-12,8.92699e-13
basic,651,1,0,9,1e-12,0.0175904,0,1.02318e-11,9.09065e-13
basic,652,1,0,9,1e-12,0.0176288,0,8.75389e-12,9.50595e-13
basic,653,1,0,9,1e-12,0.0177083,0,9.77707e-12,9.00835e-13
basic,654,1,0,9,1e-12,0.01778,0,7.16227e-12,9.60803e-13
basic,655,1,0,9,1e-12,0.0176436,0,1.35287e-11,1.03742e-12
basic,656,1,0,9,1e-12,0.0179329,0,7.61702e-12,9.4093e-13
basic,657,1,0,9,1e-12,0.0180237,0,1.01181e-11,1.03421e-12
basic,658,1,0,9,1e-12,0.0178804,0,8.6402e-12,9.48516e-13
basic,659,1,0,9,1e-12,0.0180779,0,1.06866e-11,1.01753e-12
basic,660,1,0,9,1e-12,0.0179977,0,7.50333e-12,8.25061e-13
basic,661,1,0,9,1e-12,0.0180795,0,1.09139e-11,9.41645e-13
basic,662,1,0,9,1e-12,0.0181128,0,1.04592e-11,9.71117e-13
basic,663,1,0,9,1e-12,0.0180533,0,9.54969e-12,9.79053e-13
basic,664,1,0,9,1e-12,0.0182474,0,1.10276e-11,1.01709e-12
basic,665,1,0,9,1e-12,0.0183303,0,9.20863e-12,9.6715e-13
basic,666,1,0,9,1e-12,0.0183182,0,7.84439e-12,9.30575e-13
basic,667,1,0,9,1e-12,0.0182583,0,9.66338e-12,1.00395e-12
basic,668,1,0,9,1e-12,0.0185542,0,8.75389e-12,1.01986e-12
basic,669,1,0,9,1e-12,0.0185841,0,1.44382e-11,9.75192e-13
basic,670,1,0,9,1e-12,0.0184369,0,8.18545e-12,9.87912e-13
basic,671,1,0,9,1e-12,0.0184514,0,6.13909e-12,9.04218e-13
basic,672,1,0,9,1e-12,0.0186637,0,9.54969e-12,9.42856e-13
basic,673,1,0,9,1e-12,0.0185185,0,1.11413e-11,9.12301e-13
basic,674,1,0,9,1e-12,0.0188282,0,8.41283e-12,9.32612e-13
basic,675,1,0,9,1e-12,0.0188077,0,6.82121e-12,8.73923e-13
basic,676,1,0,9,1e-12,0.018829,0,7.38964e-12,8.75473e-13
basic,677,1,0,9,1e-12,0.0189489,0,1.02318e-11,9.69587e-13
basic,678,1,0,9,1e-12,0.0192018,0,9.66338e-12,9.71168e-13
basic,679,1,0,9,1e-12,0.0189084,0,9.43601e-12,9.23475e-13
basic,680,1,0,9,1e-12,0.0189323,0,9.32232e-12,1.0119e-12
basic,681,1,0,9,1e-12,0.019076,0,8.07177e-12,9.75917e-13
basic,682,1,0,9,1e-12,0.0194437,0,7.16227e-12,9.10433e-13
basic,683,1,0,9,1e-12,0.0191612,0,8.52651e-12,9.65963e-13
basic,684,1,0,9,1e-12,0.0192923,0,8.41283e-12,9.71883e-13
basic,685,1,0,9,1e-12,0.019258,0,1.13687e-11,9.79346e-13
basic,686,1,0,9,1e-12,0.0193612,0,1.05729e-11,9.13418e-13
basic,687,1,0,9,1e-12,0.0195885,0,7.95808e-12,9.9592e-13
basic,688,1,0,9,1e-12,0.0193979,0,8.86757e-12,9.44889e-13
basic,689,1,0,9,1e-12,0.0194993,0,6.70752e-12,8.90448e-13
basic,690,1,0,9,1e-12,0.0197434,0,1.04592e-11,1.07607e-12
basic,691,1,0,9,1e-12,0.0196084,0,1.1255e-11,9.32896e-13
basic,692,1,0,9,1e-12,0.0196481,0,8.86757e-12,8.90159e-13
basic,693,1,0,9,1e-12,0.0197237,0,1.02318e-11,1.0009e-12
basic,694,1,0,9,1e-12,0.0198935,0,1.19371e-11,1.00683e-12
basic,695,1,0,9,1e-12,0.0200009,0,8.07177e-12,9.01938e-13
basic,696,1,0,9,1e-12,0.0199592,0,1.59162e-11,1.02746e-12
basic,697,1,0,9,1e-12,0.0200465,0,7.7307e-12,9.59825e-13
basic,698,1,0,9,1e-12,0.020135,0,8.98126e-12,9.87176e-13
basic,699,1,0,9,1e-12,0.0201741,0,6.9349e-12,8.95344e-13
basic,700,1,0,9,1e-12,0.0203154,0,1.00044e-11,9.95326e-13
basic,701,1,0,9,1e-12,0.0202134,0,1.1255e-11,9.3688e-13
basic,702,1,0,9,1e-12,0.0203828,0,1.18234e-11,1.00552e-12
basic,703,1,0,9,1e-12,0.0205373,0,8.29914e-12,1.03219e-12
basic,704,1,0,9,1e-12,0.0204942,0,1.00044e-11,9.91929e-13
basic,705,1,0,9,1e-12,0.0204861,0,8.41283e-12,9.72474e-13
basic,706,1,0,9,1e-12,0.0213398,0,7.7307e-12,9.05069e-13
basic,707,1,0,9,1e-12,0.0213691,0,1.02318e-11,1.02438e-12
basic,708,1,0,9,1e-12,0.0214244,0,6.82121e-12,9.72753e-13
basic,709,1,0,9,1e-12,0.0213244,0,8.18545e-12,9.15028e-13
basic,710,1,0,9,1e-12,0.0208693,0,1.04592e-11,1.00508e-12
basic,711,1,0,9,1e-12,0.02069,0,8.07177e-12,9.47173e-13
basic,712,1,0,9,1e-12,0.0208973,0,7.61702e-12,8.98732e-13
basic,713,1,0,9,1e-12,0.020977,0,8.18545e-12,8.96067e-13
basic,714,1,0,9,1e-12,0.0211421,0,7.95808e-12,9.22158e-13
basic,715,1,0,9,1e-12,0.0211262,0,1.15961e-11,1.05369e-12
basic,716,1,0,9,1e-12,0.0213344,0,1.14824e-11,8.69883e-13
basic,717,1,0,9,1e-12,0.0210414,0,9.09495e-12,9.71315e-13
basic,718,1,0,9,1e-12,0.0211338,0,9.20863e-12,1.02836e-12
basic,719,1,0,9,1e-12,0.0213452,0,9.66338e-12,9.21357e-13
basic,720,1,0,9,1e-12,0.0211743,0,1.23919e-11,1.00092e-12
basic,721,1,0,9,1e-12,0.0215406,0,1.25056e-11,9.56805e-13
basic,722,1,0,9,1e-12,0.0215032,0,1.04592e-11,1.01259e-12
basic,723,1,0,9,1e-12,0.0215152,0,1.23919e-11,9.53615e-13
basic,724,1,0,9,1e-12,0.0217081,0,1.20508e-11,9.43037e-13
basic,725,1,0,9,1e-12,0.0215914,0,1.18234e-11,9.59659e-13
basic,726,1,0,9,1e-12,0.0217579,0,9.89075e-12,1.01691e-12
basic,727,1,0,9,1e-12,0.021467,0,8.98126e-12,9.86203e-13
basic,728,1,0,9,1e-12,0.021796,0,8.6402e-12,9.23715e-13
basic,729,1,0,9,1e-12,0.021864,0,1.28466e-11,9.94998e-13
basic,730,1,0,9,1e-12,0.021958,0,9.89075e-12,9.95934e-13
basic,731,1,0,9,1e-12,0.0218075,0,7.7307e-12,9.48363e-13
basic,732,1,0,9,1e-12,0.0221176,0,8.29914e-12,9.3356e-13
basic,733,1,0,9,1e-12,0.0219324,0,7.95808e-12,9.47262e-13
basic,734,1,0,9,1e-12,0.0220723,0,1.28466e-11,8.85841e-13
basic,735,1,0,9,1e-12,0.0220163,0,8.6402e-12,9.7912e-13
basic,736,1,0,9,1e-12,0.0223526,0,1.00044e-11,1.0154e-12
basic,737,1,0,9,1e-12,0.0221428,0,7.27596e-12,9.26285e-13
basic,738,1,0,9,1e-12,0.0222588,0,8.18545e-12,9.82098e-13
basic,739,1,0,9,1e-12,0.022268,0,8.41283e-12,9.2716e-13
basic,740,1,0,9,1e-12,0.0222722,0,7.50333e-12,9.58211e-13
basic,741,1,0,9,1e-12,0.0224069,0,7.95808e-12,8.90658e-13
basic,742,1,0,9,1e-12,0.0225976,0,1.04592e-11,9.98704e-13
basic,743,1,0,9,1e-12,0.02254,0,1.06866e-11,9.65248e-13
basic,744,1,0,9,1e-12,0.0226599,0,7.04858e-12,1.00043e-12
basic,745,1,0,9,1e-12,0.0228051,0,1.08002e-11,9.88079e-13
basic,746,1,0,9,1e-12,0.0229228,0,6.70752e-12,9.00133e-13
basic,747,1,0,9,1e-12,0.0228265,0,1.08002e-11,9.57305e-13
basic,748,1,0,9,1e-12,0.0229263,0,1.17097e-11,9.00147e-13
basic,749,1,0,9,1e-12,0.0227065,0,9.66338e-12,9.28799e-13
basic,750,1,0,9,1e-12,0.023266,0,7.61702e-12,9.83899e-13
basic,751,1,0,9,1e-12,0.0230386,0,7.38964e-12,9.23707e-13
basic,752,1,0,9,1e-12,0.0233263,0,8.75389e-12,9.59393e-13
basic,753,1,0,9,1e-12,0.0230793,0,8.52651e-12,1.00249e-12
basic,754,1,0,9,1e-12,0.0233658,0,1.04592e-11,9.23483e-13
basic,755,1,0,9,1e-12,0.0234147,0,7.61702e-12,9.80566e-13
basic,756,1,0,9,1e-12,0.0233699,0,7.84439e-12,9.42619e-13
basic,757,1,0,9,1e-12,0.0234652,0,7.38964e-12,1.04198e-12
basic,758,1,0,9,1e-12,0.0235052,0,1.04592e-11,1.07981e-12
basic,759,1,0,9,1e-12,0.0235413,0,9.77707e-12,9.2553e-13
basic,760,1,0,9,1e-12,0.0235961,0,8.18545e-12,9.55185e-13
basic,761,1,0,9,1e-12,0.0238421,0,9.54969e-12,9.99706e-13
basic,762,1,0,9,1e-12,0.0238403,0,9.66338e-12,9.47129e-13
basic,763,1,0,9,1e-12,0.0240811,0,6.70752e-12,9.63045e-13
basic,764,1,0,9,1e-12,0.0240144,0,8.98126e-12,9.4027e-13
basic,765,1,0,9,1e-12,0.02395,0,1.19371e-11,9.80713e-13
basic,766,1,0,9,1e-12,0.0240697,0,9.66338e-12,9.93735e-13
basic,767,1,0,9,1e-12,0.0249055,0,8.52651e-12,1.01362e-12
basic,768,1,0,9,1e-12,0.0254922,0,9.09495e-12,9.99456e-13
basic,769,1,0,9,1e-12,0.0246398,0,7.95808e-12,8.85664e-13
basic,770,1,0,9,1e-12,0.0242862,0,7.7307e-12,9.32629e-13
basic,771,1,0,9,1e-12,0.0243367,0,9.20863e-12,9.38332e-13
basic,772,1,0,9,1e-12,0.0245248,0,6.82121e-12,9.97486e-13
basic,773,1,0,9,1e-12,0.0244584,0,7.84439e-12,9.50113e-13
basic,774,1,0,9,1e-12,0.0244525,0,8.52651e-12,9.06589e-13
basic,775,1,0,9,1e-12,0.0245142,0,7.04858e-12,9.41599e-13
basic,776,1,0,9,1e-12,0.0247124,0,1.28466e-11,1.07018e-12
basic,777,1,0,9,1e-12,0.0248676,0,1.14824e-11,9.54629e-13
basic,778,1,0,9,1e-12,0.0247232,0,9.43601e-12,9.98885e-13
basic,779,1,0,9,1e-12,0.0247866,0,7.95808e-12,1.00401e-12
basic,780,1,0,9,1e-12,0.0248409,0,1.3415e-11,1.00844e-12
basic,781,1,0,9,1e-12,0.0248817,0,9.20863e-12,1.02002e-12
basic,782,1,0,9,1e-12,0.0249805,0,1.05729e-11,9.47057e-13
basic,783,1,0,9,1e-12,0.0254276,0,9.89075e-12,9.82253e-13
basic,784,1,0,9,1e-12,0.0255128,0,1.04592e-11,1.00192e-12
basic,785,1,0,9,1e-12,0.0254858,0,1.10276e-11,1.00605e-12
basic,786,1,0,9,1e-12,0.0252319,0,1.00044e-11,1.01315e-12
basic,787,1,0,9,1e-12,0.0254732,0,1.22782e-11,9.99188e-13
basic,788,1,0,9,1e-12,0.0252293,0,9.32232e-12,9.25198e-13
basic,789,1,0,9,1e-12,0.0255866,0,7.95808e-12,9.29483e-13
basic,790,1,0,9,1e-12,0.025626,0,8.07177e-12,9.84793e-13
basic,791,1,0,9,1e-12,0.025687,0,9.32232e-12,9.4987e-13
basic,792,1,0,9,1e-12,0.025689,0,9.89075e-12,1.00253e-12
basic,793,1,0,9,1e-12,0.0258072,0,9.09495e-12,9.25199e-13
basic,794,1,0,9,1e-12,0.0260329,0,1.03455e-11,9.37949e-13
basic,795,1,0,9,1e-12,0.0256177,0,1.01181e-11,1.00777e-12
basic,796,1,0,9,1e-12,0.0260213,0,7.04858e-12,9.2597e-13
basic,797,1,0,9,1e-12,0.0256114,0,1.79625e-11,9.59752e-13
basic,798,1,0,9,1e-12,0.0255739,0,1.36424e-11,1.00053e-12
basic,799,1,0,9,1e-12,0.0256241,0,1.15961e-11,9.13258e-13
basic,800,1,0,9,1e-12,0.0255612,0,1.18234e-11,1.11494e-12
basic,801,1,0,9,1e-12,0.0256479,0,9.77707e-12,9.65357e-13
basic,802,1,0,9,1e-12,0.0253838,0,1.38698e-11,1.06655e-12
basic,803,1,0,9,1e-12,0.0257733,0,1.22782e-11,9.94665e-13
basic,804,1,0,9,1e-12,0.025676,0,1.53477e-11,1.04574e-12
basic,805,1,0,9,1e-12,0.0257587,0,1.02318e-11,9.61493e-13
basic,806,1,0,9,1e-12,0.0257118,0,1.1255e-11,1.04251e-12
basic,807,1,0,9,1e-12,0.0260218,0,1.33014e-11,1.03871e-12
basic,808,1,0,9,1e-12,0.0259183,0,9.54969e-12,1.01216e-12
basic,809,1,0,9,1e-12,0.0259296,0,1.19371e-11,9.41312e-13
basic,810,1,0,9,1e-12,0.0265377,0,9.77707e-12,9.33235e-13
basic,811,1,0,9,1e-12,0.0261129,0,8.6402e-12,9.60324e-13
basic,812,1,0,9,1e-12,0.0261969,0,1.42109e-11,1.01653e-12
basic,813,1,0,9,1e-12,0.0262294,0,1.35287e-11,1.075e-12
basic,814,1,0,9,1e-12,0.0263549,0,7.38964e-12,9.79935e-13
basic,815,1,0,9,1e-12,0.0265176,0,9.66338e-12,1.01817e-12
basic,816,1,0,9,1e-12,0.0264687,0,1.25056e-11,9.94379e-13
basic,817,1,0,9,1e-12,0.0267647,0,1.01181e-11,9.45579e-13
basic,818,1,0,9,1e-12,0.0266747,0,1.25056e-11,9.57527e-13
basic,819,1,0,9,1e-12,0.0266084,0,9.20863e-12,9.78639e-13
basic,820,1,0,9,1e-12,0.0269989,0,7.38964e-12,9.51899e-13
basic,821,1,0,9,1e-12,0.0272306,0,9.89075e-12,1.03811e-12
basic,822,1,0,9,1e-12,0.0271361,0,1.1255e-11,1.06295e-12
basic,823,1,0,9,1e-12,0.0272468,0,8.41283e-12,1.03956e-12
basic,824,1,0,9,1e-12,0.0269822,0,7.50333e-12,9.89915e-13
basic,825,1,0,9,1e-12,0.0268313,0,9.54969e-12,1.00732e-12
basic,826,1,0,9,1e-12,0.0274479,0,1.13687e-11,1.03942e-12
basic,827,1,0,9,1e-12,0.0274777,0,1.01181e-11,1.04831e-12
basic,828,1,0,9,1e-12,0.0274254,0,1.02318e-11,1.04571e-12
basic,829,1,0,9,1e-12,0.0272276,0,9.20863e-12,1.04564e-12
basic,830,1,0,9,1e-12,0.0274268,0,8.86757e-12,9.59511e-13
basic,831,1,0,9,1e-12,0.0279175,0,1.13687e-11,9.78764e-13
basic,832,1,0,9,1e-12,0.0275427,0,1.10276e-11,1.12981e-12
basic,833,1,0,9,1e-12,0.0276153,0,8.86757e-12,1.06425e-12
basic,834,1,0,9,1e-12,0.0277733,0,8.18545e-12,9.79853e-13
basic,835,1,0,9,1e-12,0.027728,0,1.23919e-11,1.0538e-12
basic,836,1,0,9,1e-12,0.0280051,0,1.42109e-11,1.04848e-12
basic,837,1,0,9,1e-12,0.0280855,0,8.29914e-12,9.72622e-13
basic,838,1,0,9,1e-12,0.0283367,0,1.03455e-11,9.63657e-13
basic,839,1,0,9,1e-12,0.0281533,0,8.6402e-12,9.56164e-13
basic,840,1,0,9,1e-12,0.0282535,0,1.15961e-11,9.79053e-13
basic,841,1,0,9,1e-12,0.0281804,0,9.43601e-12,1.02934e-12
basic,842,1,0,9,1e-12,0.0286769,0,9.20863e-12,1.04106e-12
basic,843,1,0,9,1e-12,0.0284806,0,7.38964e-12,9.14077e-13
basic,844,1,0,9,1e-12,0.0284881,0,8.75389e-12,9.89059e-13
basic,845,1,0,9,1e-12,0.0285425,0,8.75389e-12,1.00235e-12
basic,846,1,0,9,1e-12,0.0286872,0,9.66338e-12,1.03673e-12
basic,847,1,0,9,1e-12,0.0288861,0,9.54969e-12,1.01056e-12
basic,848,1,0,9,1e-12,0.028986,0,1.76215e-11,9.75474e-13
basic,849,1,0,9,1e-12,0.0288265,0,9.89075e-12,9.99047e-13
basic,850,1,0,9,1e-12,0.0287903,0,1.14824e-11,1.02366e-12
basic,851,1,0,9,1e-12,0.029056,0,1.04592e-11,1.0104e-12
basic,852,1,0,9,1e-12,0.0289883,0,8.6402e-12,1.03228e-12
basic,853,1,0,9,1e-12,0.0291484,0,9.32232e-12,1.04636e-12
basic,854,1,0,9,1e-12,0.0289582,0,9.54969e-12,1.02678e-12
basic,855,1,0,9,1e-12,0.0291525,0,7.61702e-12,1.08396e-12
basic,856,1,0,9,1e-12,0.0293453,0,7.16227e-12,1.00818e-12
basic,857,1,0,9,1e-12,0.029466,0,1.02318e-11,1.14094e-12
basic,858,1,0,9,1e-12,0.0293076,0,1.19371e-11,1.04504e-12
basic,859,1,0,9,1e-12,0.0293497,0,1.11413e-11,1.07251e-12
basic,860,1,0,9,1e-12,0.0297269,0,9.43601e-12,9.92391e-13
basic,861,1,0,9,1e-12,0.0295756,0,8.6402e-12,1.06388e-12
basic,862,1,0,9,1e-12,0.0297213,0,1.15961e-11,9.9375e-13
basic,863,1,0,9,1e-12,0.0299043,0,7.16227e-12,9.92894e-13
basic,864,1,0,9,1e-12,0.0299114,0,9.09495e-12,1.02701e-12
basic,865,1,0,9,1e-12,0.0298964,0,1.26192e-11,1.0555e-12
basic,866,1,0,9,1e-12,0.0298651,0,1.17097e-11,9.62762e-13
basic,867,1,0,9,1e-12,0.0302428,0,1.20508e-11,1.07246e-12
basic,868,1,0,9,1e-12,0.0304107,0,7.84439e-12,1.01777e-12
basic,869,1,0,9,1e-12,0.0305365,0,1.18234e-11,1.02206e-12
basic,870,1,0,9,1e-12,0.030406,0,9.89075e-12,1.02769e-12
basic,871,1,0,9,1e-12,0.0303417,0,1.22782e-11,1.09578e-12
basic,872,1,0,9,1e-12,0.0307185,0,8.86757e-12,1.07742e-12
basic,873,1,0,9,1e-12,0.0313963,0,1.25056e-11,1.01555e-12
basic,874,1,0,9,1e-12,0.0313792,0,7.7307e-12,9.51483e-13
basic,875,1,0,9,1e-12,0.0308293,0,1.38698e-11,1.02558e-12
basic,876,1,0,9,1e-12,0.0307214,0,8.75389e-12,1.03198e-12
basic,877,1,0,9,1e-12,0.0309386,0,1.18234e-11,9.85821e-13
basic,878,1,0,9,1e-12,0.0308183,0,1.3074e-11,9.81831e-13
basic,879,1,0,9,1e-12,0.0312647,0,1.35287e-11,1.02903e-12
basic,880,1,0,9,1e-12,0.0309079,0,9.20863e-12,1.03092e-12
basic,881,1,0,9,1e-12,0.0311327,0,9.66338e-12,9.94193e-13
basic,882,1,0,9,1e-12,0.0312381,0,8.98126e-12,9.94843e-13
basic,883,1,0,9,1e-12,0.0312559,0,8.98126e-12,1.02409e-12
basic,884,1,0,9,1e-12,0.0312169,0,1.04592e-11,1.04866e-12
basic,885,1,0,9,1e-12,0.0314784,0,8.41283e-12,1.01985e-12
basic,886,1,0,9,1e-12,0.0317826,0,1.22782e-11,1.08747e-12
basic,887,1,0,9,1e-12,0.0314714,0,1.11413e-11,1.06517e-12
basic,888,1,0,9,1e-12,0.0314646,0,9.20863e-12,1.09049e-12
basic,889,1,0,9,1e-12,0.0317333,0,1.23919e-11,1.00954e-12
basic,890,1,0,9,1e-12,0.0318298,0,9.66338e-12,1.03492e-12
basic,891,1,0,9,1e-12,0.0320457,0,9.89075e-12,1.02453e-12
basic,892,1,0,9,1e-12,0.0318291,0,8.52651e-12,9.50988e-13
basic,893,1,0,9,1e-12,0.0321682,0,1.23919e-11,1.06866e-12
basic,894,1,0,9,1e-12,0.0321239,0,9.66338e-12,1.02772e-12
basic,895,1,0,9,1e-12,0.0330045,0,7.84439e-12,1.05203e-12
basic,896,1,0,9,1e-12,0.0320452,0,9.77707e-12,1.03136e-12
basic,897,1,0,9,1e-12,0.0323334,0,7.50333e-12,9.946e-13
basic,898,1,0,9,1e-12,0.0322771,0,8.52651e-12,1.09098e-12
basic,899,1,0,9,1e-12,0.0326739,0,7.50333e-12,9.81479e-13
basic,900,1,0,9,1e-12,0.0324422,0,1.13687e-11,1.04287e-12
basic,901,1,0,9,1e-12,0.0326603,0,1.5234e-11,1.14411e-12
basic,902,1,0,9,1e-12,0.0326266,0,1.33014e-11,1.02717e-12
basic,903,1,0,9,1e-12,0.0326323,0,1.03455e-11,1.00239e-12
basic,904,1,0,9,1e-12,0.0325597,0,9.54969e-12,1.02763e-12
basic,905,1,0,9,1e-12,0.0329699,0,1.04592e-11,1.14974e-12
basic,906,1,0,9,1e-12,0.0329837,0,8.52651e-12,1.01743e-12
basic,907,1,0,9,1e-12,0.0331677,0,1.00044e-11,1.0694e-12
basic,908,1,0,9,1e-12,0.0333894,0,1.3074e-11,1.0393e-12
basic,909,1,0,9,1e-12,0.0330026,0,8.75389e-12,1.00604e-12
basic,910,1,0,9,1e-12,0.0333214,0,1.10276e-11,1.02087e-12
basic,911,1,0,9,1e-12,0.0331882,0,9.66338e-12,1.02312e-12
basic,912,1,0,9,1e-12,0.0334973,0,1.03455e-11,1.0149e-12
basic,913,1,0,9,1e-12,0.0336723,0,1.33014e-11,1.02317e-12
basic,914,1,0,9,1e-12,0.0331313,0,7.61702e-12,9.73927e-13
basic,915,1,0,9,1e-12,0.0335503,0,1.04592e-11,1.05087e-12
basic,916,1,0,9,1e-12,0.0338205,0,9.54969e-12,1.14055e-12
basic,917,1,0,9,1e-12,0.0335688,0,8.52651e-12,1.00112e-12
basic,918,1,0,9,1e-12,0.033805,0,1.29603e-11,1.0271e-12
basic,919,1,0,9,1e-12,0.0337774,0,1.09139e-11,1.03711e-12
basic,920,1,0,9,1e-12,0.034277,0,1.23919e-11,1.06274e-12
basic,921,1,0,9,1e-12,0.0341961,0,8.29914e-12,1.07451e-12
basic,922,1,0,9,1e-12,0.0343298,0,1.00044e-11,1.10485e-12
basic,923,1,0,9,1e-12,0.0341909,0,9.43601e-12,9.8513e-13
basic,924,1,0,9,1e-12,0.0343523,0,1.15961e-11,1.08133e-12
basic,925,1,0,9,1e-12,0.0344625,0,1.1255e-11,1.04347e-12
basic,926,1,0,9,1e-12,0.0343406,0,1.04592e-11,1.03176e-12
basic,927,1,0,9,1e-12,0.0343655,0,7.84439e-12,9.88217e-13
basic,928,1,0,9,1e-12,0.0347239,0,1.50067e-11,1.09129e-12
basic,929,1,0,9,1e-12,0.03444,0,8.6402e-12,1.00884e-12
basic,930,1,0,9,1e-12,0.0345257,0,7.95808e-12,9.832e-13
basic,931,1,0,9,1e-12,0.0347508,0,1.46656e-11,1.07118e-12
basic,932,1,0,9,1e-12,0.034452,0,9.89075e-12,1.01805e-12
basic,933,1,0,9,1e-12,0.0351734,0,1.63709e-11,1.134e-12
basic,934,1,0,9,1e-12,0.0349206,0,9.20863e-12,1.04856e-12
basic,935,1,0,9,1e-12,0.0350256,0,1.00044e-11,1.02732e-12
basic,936,1,0,9,1e-12,0.035079,0,1.04592e-11,1.08121e-12
basic,937,1,0,9,1e-12,0.0352098,0,1.04592e-11,9.76585e-13
basic,938,1,0,9,1e-12,0.0354428,0,8.98126e-12,9.78115e-13
basic,939,1,0,9,1e-12,0.0351978,0,1.00044e-11,1.03004e-12
basic,940,1,0,9,1e-12,0.0354902,0,1.26192e-11,1.04928e-12
basic,941,1,0,9,1e-12,0.0357438,0,8.75389e-12,1.07286e-12
basic,942,1,0,9,1e-12,0.035637,0,1.80762e-11,1.05825e-12
basic,943,1,0,9,1e-12,0.0356118,0,1.06866e-11,1.09195e-12
basic,944,1,0,9,1e-12,0.0358881,0,8.75389e-12,1.07037e-12
basic,945,1,0,9,1e-12,0.0356724,0,9.43601e-12,9.65692e-13
basic,946,1,0,9,1e-12,0.0359018,0,1.11413e-11,1.0411e-12
basic,947,1,0,9,1e-12,0.0356117,0,1.1255e-11,1.06992e-12
basic,948,1,0,9,1e-12,0.0353835,0,1.28466e-11,9.99929e-13
basic,949,1,0,9,1e-12,0.0357071,0,1.22782e-11,9.94443e-13
basic,950,1,0,9,1e-12,0.0356509,0,1.01181e-11,9.96454e-13
basic,951,1,0,9,1e-12,0.0354553,0,1.36424e-11,1.05471e-12
basic,952,1,0,9,1e-12,0.0356025,0,1.11413e-11,1.01839e-12
basic,953,1,0,9,1e-12,0.0358474,0,1.03455e-11,9.86013e-13
basic,954,1,0,9,1e-12,0.0359489,0,1.40972e-11,1.04975e-12
basic,955,1,0,9,1e-12,0.0359642,0,1.59162e-11,1.05014e-12
basic,956,1,0,9,1e-12,0.0361743,0,9.54969e-12,9.78112e-13
basic,957,1,0,9,1e-12,0.0359433,0,1.05729e-11,1.06432e-12
basic,958,1,0,9,1e-12,0.0363072,0,8.6402e-12,1.04779e-12
basic,959,1,0,9,1e-12,0.0366622,0,8.86757e-12,1.04005e-12
basic,960,1,0,9,1e-12,0.036435,0,1.20508e-11,1.05928e-12
basic,961,1,0,9,1e-12,0.0366382,0,1.40972e-11,1.01972e-12
basic,962,1,0,9,1e-12,0.0363677,0,1.08002e-11,1.02134e-12
basic,963,1,0,9,1e-12,0.0363836,0,8.41283e-12,9.86211e-13
basic,964,1,0,9,1e-12,0.0366216,0,1.25056e-11,1.0497e-12
basic,965,1,0,9,1e-12,0.0364898,0,1.02318e-11,1.06368e-12
basic,966,1,0,9,1e-12,0.0367193,0,1.62572e-11,1.02964e-12
basic,967,1,0,9,1e-12,0.0369548,0,1.7053e-11,1.04122e-12
basic,968,1,0,9,1e-12,0.0371724,0,1.22782e-11,1.04007e-12
basic,969,1,0,9,1e-12,0.036816,0,1.05729e-11,1.0295e-12
basic,970,1,0,9,1e-12,0.0369631,0,1.19371e-11,1.05368e-12
basic,971,1,0,9,1e-12,0.0370021,0,8.18545e-12,9.78244e-13
basic,972,1,0,9,1e-12,0.0371692,0,1.00044e-11,1.01964e-12
basic,973,1,0,9,1e-12,0.0370763,0,1.03455e-11,1.00823e-12
basic,974,1,0,9,1e-12,0.0373048,0,1.08002e-11,1.03607e-12
basic,975,1,0,9,1e-12,0.0372674,0,1.04592e-11,1.0863e-12
basic,976,1,0,9,1e-12,0.0373358,0,1.28466e-11,1.00924e-12
basic,977,1,0,9,1e-12,0.037697,0,1.09139e-11,1.05633e-12
basic,978,1,0,9,1e-12,0.0376912,0,1.02318e-11,9.87248e-13
basic,979,1,0,9,1e-12,0.0375705,0,7.04858e-12,9.82149e-13
basic,980,1,0,9,1e-12,0.0375821,0,8.41283e-12,9.36542e-13
basic,981,1,0,9,1e-12,0.0380847,0,1.11413e-11,9.87718e-13
basic,982,1,0,9,1e-12,0.038318,0,8.29914e-12,9.79715e-13
basic,983,1,0,9,1e-12,0.0378068,0,8.98126e-12,1.02555e-12
basic,984,1,0,9,1e-12,0.037986,0,1.01181e-11,1.01374e-12
basic,985,1,0,9,1e-12,0.0380115,0,1.21645e-11,1.148e-12
basic,986,1,0,9,1e-12,0.0383095,0,1.13687e-11,1.03663e-12
basic,987,1,0,9,1e-12,0.0381761,0,9.77707e-12,9.63143e-13
basic,988,1,0,9,1e-12,0.0383183,0,1.1255e-11,1.01296e-12
basic,989,1,0,9,1e-12,0.0384053,0,1.25056e-11,1.02949e-12
basic,990,1,0,9,1e-12,0.0386901,0,1.15961e-11,9.9932e-13
basic,991,1,0,9,1e-12,0.0384963,0,1.10276e-11,1.01161e-12
basic,992,1,0,9,1e-12,0.0393396,0,1.03455e-11,1.07005e-12
basic,993,1,0,9,1e-12,0.0387424,0,9.20863e-12,1.03884e-12
basic,994,1,0,9,1e-12,0.0390721,0,1.3074e-11,1.07124e-12
basic,995,1,0,9,1e-12,0.0390265,0,1.00044e-11,1.0907e-12
basic,996,1,0,9,1e-12,0.0392125,0,9.77707e-12,1.0704e-12
basic,997,1,0,9,1e-12,0.038981,0,1.09139e-11,1.09034e-12
basic,998,1,0,9,1e-12,0.0397683,0,1.63709e-11,1.06828e-12
basic,999,1,0,9,1e-12,0.0394686,0,1.29603e-11,1.01471e-12
basic,1000,1,0,9,1e-12,0.0393363,0,1.38698e-11,1.0451e-12
