version, size, hermitian, complex, seed, tol, runtime in s,min_error, max_error, avg_error
eigen_elementwise,1,1,0,6,1e-12,1.816e-06,0,0,0
eigen_elementwise,2,1,0,6,1e-12,2.794e-06,0,7.10543e-15,3.55271e-15
eigen_elementwise,3,1,0,6,1e-12,1.956e-06,1.42109e-14,1.42109e-13,7.57912e-14
eigen_elementwise,4,1,0,6,1e-12,1.955e-06,0,2.84217e-14,1.24345e-14
eigen_elementwise,5,1,0,6,1e-12,2.863e-06,4.9738e-14,2.27374e-13,9.52127e-14
eigen_elementwise,6,1,0,6,1e-12,3.771e-06,0,3.41061e-13,1.68754e-13
eigen_elementwise,7,1,0,6,1e-12,4.33e-06,0,2.27374e-13,8.12049e-14
eigen_elementwise,8,1,0,6,1e-12,4.749e-06,0,6.82121e-13,1.9762e-13
eigen_elementwise,9,1,0,6,1e-12,5.727e-06,0,3.41061e-13,1.47635e-13
eigen_elementwise,10,1,0,6,1e-12,6.635e-06,0,1.47793e-12,3.03046e-13
eigen_elementwise,11,1,0,6,1e-12,8.032e-06,0,6.82121e-13,1.85387e-13
eigen_elementwise,12,1,0,6,1e-12,9.429e-06,2.84217e-14,1.13687e-12,3.32771e-13
eigen_elementwise,13,1,0,6,1e-12,9.917e-06,0,6.82121e-13,1.89387e-13
eigen_elementwise,14,1,0,6,1e-12,1.1454e-05,0,7.95808e-13,2.45899e-13
eigen_elementwise,15,1,0,6,1e-12,1.327e-05,0,1.02318e-12,2.89665e-13
eigen_elementwise,16,1,0,6,1e-12,1.5854e-05,0,9.09495e-13,2.47802e-13
eigen_elementwise,17,1,0,6,1e-12,1.7041e-05,0,9.09495e-13,2.44719e-13
eigen_elementwise,18,1,0,6,1e-12,1.7949e-05,0,1.7053e-12,2.7652e-13
eigen_elementwise,19,1,0,6,1e-12,1.9136e-05,0,7.38964e-13,2.52617e-13
eigen_elementwise,20,1,0,6,1e-12,2.1022e-05,0,1.59162e-12,3.16547e-13
eigen_elementwise,21,1,0,6,1e-12,2.2349e-05,0,1.47793e-12,3.70328e-13
eigen_elementwise,22,1,0,6,1e-12,2.4515e-05,0,1.02318e-12,2.34641e-13
eigen_elementwise,23,1,0,6,1e-12,2.5283e-05,0,6.82121e-13,2.31699e-13
eigen_elementwise,24,1,0,6,1e-12,2.7587e-05,5.68434e-14,1.7053e-12,4.2899e-13
eigen_elementwise,25,1,0,6,1e-12,3.0381e-05,0,1.13687e-12,2.32916e-13
eigen_elementwise,26,1,0,6,1e-12,3.2476e-05,0,1.13687e-12,3.39967e-13
eigen_elementwise,27,1,0,6,1e-12,3.6667e-05,0,1.02318e-12,3.93825e-13
eigen_elementwise,28,1,0,6,1e-12,3.8622e-05,0,1.25056e-12,3.43344e-13
eigen_elementwise,29,1,0,6,1e-12,4.0578e-05,2.84217e-14,1.36424e-12,3.38365e-13
eigen_elementwise,30,1,0,6,1e-12,4.1346e-05,0,2.16005e-12,4.57116e-13
eigen_elementwise,31,1,0,6,1e-12,4.4349e-05,0,1.36424e-12,3.46332e-13
eigen_elementwise,32,1,0,6,1e-12,4.7772e-05,0,1.59162e-12,3.53717e-13
eigen_elementwise,33,1,0,6,1e-12,5.0914e-05,0,1.36424e-12,4.11469e-13
eigen_elementwise,34,1,0,6,1e-12,5.28e-05,0,2.6148e-12,4.25803e-13
eigen_elementwise,35,1,0,6,1e-12,5.8457e-05,0,2.16005e-12,5.26005e-13
eigen_elementwise,36,1,0,6,1e-12,6.0064e-05,0,1.59162e-12,5.15045e-13
eigen_elementwise,37,1,0,6,1e-12,6.4952e-05,0,1.25056e-12,4.03665e-13
eigen_elementwise,38,1,0,6,1e-12,6.3416e-05,2.84217e-14,2.84217e-12,5.38517e-13
eigen_elementwise,39,1,0,6,1e-12,6.8026e-05,5.68434e-14,1.93268e-12,5.34e-13
eigen_elementwise,40,1,0,6,1e-12,7.473e-05,0,2.95586e-12,4.86811e-13
eigen_elementwise,41,1,0,6,1e-12,7.5359e-05,0,1.81899e-12,4.44522e-13
eigen_elementwise,42,1,0,6,1e-12,8.0597e-05,0,2.50111e-12,4.72088e-13
eigen_elementwise,43,1,0,6,1e-12,8.4927e-05,1.42109e-14,2.16005e-12,5.08947e-13
eigen_elementwise,44,1,0,6,1e-12,8.5276e-05,0,2.50111e-12,5.9726e-13
eigen_elementwise,45,1,0,6,1e-12,9.6381e-05,0,1.59162e-12,4.5001e-13
eigen_elementwise,46,1,0,6,1e-12,9.233e-05,1.42109e-14,2.50111e-12,3.98445e-13
eigen_elementwise,47,1,0,6,1e-12,9.7568e-05,0,1.7053e-12,3.84676e-13
eigen_elementwise,48,1,0,6,1e-12,9.8197e-05,0,2.27374e-12,5.50967e-13
eigen_elementwise,49,1,0,6,1e-12,0.000108673,0,2.04636e-12,3.97469e-13
eigen_elementwise,50,1,0,6,1e-12,0.000111816,0,1.47793e-12,3.04823e-13
eigen_elementwise,51,1,0,6,1e-12,0.000115937,0,2.50111e-12,4.18663e-13
eigen_elementwise,52,1,0,6,1e-12,0.000116146,0,2.16005e-12,4.49282e-13
eigen_elementwise,53,1,0,6,1e-12,0.000123689,0,2.72848e-12,5.26472e-13
eigen_elementwise,54,1,0,6,1e-12,0.000120546,0,3.18323e-12,4.65011e-13
eigen_elementwise,55,1,0,6,1e-12,0.000130672,0,2.95586e-12,3.69547e-13
eigen_elementwise,56,1,0,6,1e-12,0.000130742,0,2.6148e-12,4.58427e-13
eigen_elementwise,57,1,0,6,1e-12,0.000144013,0,2.72848e-12,5.5173e-13
eigen_elementwise,58,1,0,6,1e-12,0.000137867,0,2.6148e-12,4.82985e-13
eigen_elementwise,59,1,0,6,1e-12,0.000143314,0,1.59162e-12,4.22773e-13
eigen_elementwise,60,1,0,6,1e-12,0.000159378,0,1.7053e-12,4.52793e-13
eigen_elementwise,61,1,0,6,1e-12,0.000150228,0,3.06954e-12,4.5731e-13
eigen_elementwise,62,1,0,6,1e-12,0.00016706,0,3.41061e-12,4.93369e-13
eigen_elementwise,63,1,0,6,1e-12,0.000165384,0,2.6148e-12,4.2548e-13
eigen_elementwise,64,1,0,6,1e-12,0.000176279,0,3.63798e-12,5.39957e-13
eigen_elementwise,65,1,0,6,1e-12,0.000175232,0,1.7053e-12,4.03698e-13
eigen_elementwise,66,1,0,6,1e-12,0.000178794,0,3.75167e-12,4.83869e-13
eigen_elementwise,67,1,0,6,1e-12,0.000195904,0,3.63798e-12,4.40696e-13
eigen_elementwise,68,1,0,6,1e-12,0.000200863,0,2.72848e-12,4.11174e-13
eigen_elementwise,69,1,0,6,1e-12,0.000198978,0,2.84217e-12,4.73798e-13
eigen_elementwise,70,1,0,6,1e-12,0.000200863,0,1.81899e-12,4.785e-13
eigen_elementwise,71,1,0,6,1e-12,0.000222305,0,2.04636e-12,4.07461e-13
eigen_elementwise,72,1,0,6,1e-12,0.000227612,0,3.52429e-12,5.63697e-13
eigen_elementwise,73,1,0,6,1e-12,0.000230476,0,3.06954e-12,5.13683e-13
eigen_elementwise,74,1,0,6,1e-12,0.000227543,0,2.95586e-12,4.18596e-13
eigen_elementwise,75,1,0,6,1e-12,0.000235784,0,3.75167e-12,6.47068e-13
eigen_elementwise,76,1,0,6,1e-12,0.000243257,0,3.18323e-12,4.81346e-13
eigen_elementwise,77,1,0,6,1e-12,0.000254292,0,2.16005e-12,4.62683e-13
eigen_elementwise,78,1,0,6,1e-12,0.000250521,0,5.34328e-12,5.01798e-13
eigen_elementwise,79,1,0,6,1e-12,0.000258622,0,3.06954e-12,5.85568e-13
eigen_elementwise,80,1,0,6,1e-12,0.000268888,0,2.95586e-12,5.07949e-13
eigen_elementwise,81,1,0,6,1e-12,0.000276711,0,3.29692e-12,6.68612e-13
eigen_elementwise,82,1,0,6,1e-12,0.000284324,0,2.6148e-12,5.05568e-13
eigen_elementwise,83,1,0,6,1e-12,0.000287676,0,2.16005e-12,4.97594e-13
eigen_elementwise,84,1,0,6,1e-12,0.000294241,0,1.81899e-12,5.00087e-13
eigen_elementwise,85,1,0,6,1e-12,0.000304228,0,3.52429e-12,5.34036e-13
eigen_elementwise,86,1,0,6,1e-12,0.000313168,0,3.29692e-12,4.84821e-13
eigen_elementwise,87,1,0,6,1e-12,0.000322876,0,3.97904e-12,5.14939e-13
eigen_elementwise,88,1,0,6,1e-12,0.00031631,0,2.95586e-12,5.19181e-13
eigen_elementwise,89,1,0,6,1e-12,0.000324761,0,2.95586e-12,5.56858e-13
eigen_elementwise,90,1,0,6,1e-12,0.000339847,0,2.16005e-12,4.42984e-13
eigen_elementwise,91,1,0,6,1e-12,0.00034292,0,4.3201e-12,5.75735e-13
eigen_elementwise,92,1,0,6,1e-12,0.000354654,0,2.95586e-12,4.8425e-13
eigen_elementwise,93,1,0,6,1e-12,0.000364641,0,4.54747e-12,6.27722e-13
eigen_elementwise,94,1,0,6,1e-12,0.000368831,0,3.18323e-12,6.22972e-13
eigen_elementwise,95,1,0,6,1e-12,0.000365618,0,2.6148e-12,4.97081e-13
eigen_elementwise,96,1,0,6,1e-12,0.000381403,0,2.6148e-12,5.88973e-13
eigen_elementwise,97,1,0,6,1e-12,0.000378259,0,2.72848e-12,5.16389e-13
eigen_elementwise,98,1,0,6,1e-12,0.000401447,0,3.06954e-12,5.47807e-13
eigen_elementwise,99,1,0,6,1e-12,0.000401028,0,2.04636e-12,5.54869e-13
eigen_elementwise,100,1,0,6,1e-12,0.000412971,0,2.27374e-12,5.0532e-13
eigen_elementwise,101,1,0,6,1e-12,0.000419815,0,2.50111e-12,4.47954e-13
eigen_elementwise,102,1,0,6,1e-12,0.000432527,0,5.79803e-12,5.82175e-13
eigen_elementwise,103,1,0,6,1e-12,0.000445028,0,2.72848e-12,5.31251e-13
eigen_elementwise,104,1,0,6,1e-12,0.000455574,0,2.95586e-12,5.79528e-13
eigen_elementwise,105,1,0,6,1e-12,0.00046172,0,2.6148e-12,6.06131e-13
eigen_elementwise,106,1,0,6,1e-12,0.000468844,0,3.29692e-12,5.91267e-13
eigen_elementwise,107,1,0,6,1e-12,0.000478762,0,4.43379e-12,5.30267e-13
eigen_elementwise,108,1,0,6,1e-12,0.000479739,0,4.20641e-12,5.9795e-13
eigen_elementwise,109,1,0,6,1e-12,0.000486932,0,2.38742e-12,4.61164e-13
eigen_elementwise,110,1,0,6,1e-12,0.00051871,0,3.52429e-12,4.80601e-13
eigen_elementwise,111,1,0,6,1e-12,0.000506768,0,5.11591e-12,5.62389e-13
eigen_elementwise,112,1,0,6,1e-12,0.000514101,0,2.27374e-12,5.39077e-13
eigen_elementwise,113,1,0,6,1e-12,0.000525835,0,3.18323e-12,5.06556e-13
eigen_elementwise,114,1,0,6,1e-12,0.00052772,0,3.41061e-12,6.01371e-13
eigen_elementwise,115,1,0,6,1e-12,0.000546786,0,3.86535e-12,5.97261e-13
eigen_elementwise,116,1,0,6,1e-12,0.000551606,0,2.27374e-12,5.57106e-13
eigen_elementwise,117,1,0,6,1e-12,0.000555028,0,3.52429e-12,5.91682e-13
eigen_elementwise,118,1,0,6,1e-12,0.000592742,0,4.66116e-12,6.79795e-13
eigen_elementwise,119,1,0,6,1e-12,0.00057605,0,3.29692e-12,6.07219e-13
eigen_elementwise,120,1,0,6,1e-12,0.00058925,0,3.18323e-12,6.17121e-13
eigen_elementwise,121,1,0,6,1e-12,0.000589949,0,4.3201e-12,6.1259e-13
eigen_elementwise,122,1,0,6,1e-12,0.000605593,0,2.84217e-12,5.70509e-13
eigen_elementwise,123,1,0,6,1e-12,0.000613625,0,3.18323e-12,6.32047e-13
eigen_elementwise,124,1,0,6,1e-12,0.000618653,0,3.97904e-12,6.40173e-13
eigen_elementwise,125,1,0,6,1e-12,0.000655529,0,3.52429e-12,5.87519e-13
eigen_elementwise,126,1,0,6,1e-12,0.000651339,0,3.75167e-12,5.29569e-13
eigen_elementwise,127,1,0,6,1e-12,0.000657415,0,4.20641e-12,6.4158e-13
eigen_elementwise,128,1,0,6,1e-12,0.000667961,0,3.86535e-12,5.83127e-13
eigen_elementwise,129,1,0,6,1e-12,0.000668869,0,5.57066e-12,7.74006e-13
eigen_elementwise,130,1,0,6,1e-12,0.00066426,0,3.52429e-12,6.25202e-13
eigen_elementwise,131,1,0,6,1e-12,0.000706792,0,4.43379e-12,6.7747e-13
eigen_elementwise,132,1,0,6,1e-12,0.000708608,0,3.06954e-12,5.60703e-13
eigen_elementwise,133,1,0,6,1e-12,0.000715663,0,3.06954e-12,5.60103e-13
eigen_elementwise,134,1,0,6,1e-12,0.000754425,0,4.54747e-12,6.3346e-13
eigen_elementwise,135,1,0,6,1e-12,0.000735917,0,3.75167e-12,5.77964e-13
eigen_elementwise,136,1,0,6,1e-12,0.000792488,0,4.66116e-12,6.68204e-13
eigen_elementwise,137,1,0,6,1e-12,0.00077405,0,3.86535e-12,6.9146e-13
eigen_elementwise,138,1,0,6,1e-12,0.000781034,0,5.34328e-12,7.34578e-13
eigen_elementwise,139,1,0,6,1e-12,0.000780614,0,7.16227e-12,6.6852e-13
eigen_elementwise,140,1,0,6,1e-12,0.000779916,0,2.84217e-12,5.50128e-13
eigen_elementwise,141,1,0,6,1e-12,0.000787809,0,5.34328e-12,6.71337e-13
eigen_elementwise,142,1,0,6,1e-12,0.000802894,0,4.20641e-12,5.44647e-13
eigen_elementwise,143,1,0,6,1e-12,0.000836628,0,7.50333e-12,7.12493e-13
eigen_elementwise,144,1,0,6,1e-12,0.000878183,0,4.09273e-12,7.55041e-13
eigen_elementwise,145,1,0,6,1e-12,0.000859465,0,3.97904e-12,6.63457e-13
eigen_elementwise,146,1,0,6,1e-12,0.000826082,0,6.59384e-12,7.17037e-13
eigen_elementwise,147,1,0,6,1e-12,0.000869173,0,3.97904e-12,6.5734e-13
eigen_elementwise,148,1,0,6,1e-12,0.000878603,0,4.09273e-12,6.61558e-13
eigen_elementwise,149,1,0,6,1e-12,0.000894875,0,4.88853e-12,6.77218e-13
eigen_elementwise,150,1,0,6,1e-12,0.000901789,0,4.54747e-12,6.70684e-13
eigen_elementwise,151,1,0,6,1e-12,0.000912824,0,3.29692e-12,6.03638e-13
eigen_elementwise,152,1,0,6,1e-12,0.000982595,0,3.86535e-12,6.24424e-13
eigen_elementwise,153,1,0,6,1e-12,0.000922812,0,4.09273e-12,7.50052e-13
eigen_elementwise,154,1,0,6,1e-12,0.000954729,0,6.48015e-12,7.12939e-13
eigen_elementwise,155,1,0,6,1e-12,0.000958152,0,5.00222e-12,6.88224e-13
eigen_elementwise,156,1,0,6,1e-12,0.000999917,0,5.34328e-12,6.89491e-13
eigen_elementwise,157,1,0,6,1e-12,0.00100439,0,6.70752e-12,6.58709e-13
eigen_elementwise,158,1,0,6,1e-12,0.000969116,0,5.68434e-12,6.34008e-13
eigen_elementwise,159,1,0,6,1e-12,0.00100474,0,3.41061e-12,6.26613e-13
eigen_elementwise,160,1,0,6,1e-12,0.00106885,0,4.54747e-12,6.32192e-13
eigen_elementwise,161,1,0,6,1e-12,0.00103065,0,3.63798e-12,5.84057e-13
eigen_elementwise,162,1,0,6,1e-12,0.00109176,0,3.86535e-12,6.75539e-13
eigen_elementwise,163,1,0,6,1e-12,0.00104091,0,5.00222e-12,7.02121e-13
eigen_elementwise,164,1,0,6,1e-12,0.0010861,0,6.9349e-12,7.16562e-13
eigen_elementwise,165,1,0,6,1e-12,0.00109734,0,3.75167e-12,6.92096e-13
eigen_elementwise,166,1,0,6,1e-12,0.00108037,0,4.77485e-12,7.33504e-13
eigen_elementwise,167,1,0,6,1e-12,0.0011294,0,4.20641e-12,5.95159e-13
eigen_elementwise,168,1,0,6,1e-12,0.00116809,0,5.11591e-12,7.31922e-13
eigen_elementwise,169,1,0,6,1e-12,0.00110789,0,4.43379e-12,6.55872e-13
eigen_elementwise,170,1,0,6,1e-12,0.00117152,0,6.70752e-12,7.06235e-13
eigen_elementwise,171,1,0,6,1e-12,0.00119107,0,5.00222e-12,8.20085e-13
eigen_elementwise,172,1,0,6,1e-12,0.0011447,0,3.97904e-12,6.55385e-13
eigen_elementwise,173,1,0,6,1e-12,0.00121398,0,5.57066e-12,7.00121e-13
eigen_elementwise,174,1,0,6,1e-12,0.00121859,0,5.00222e-12,6.62239e-13
eigen_elementwise,175,1,0,6,1e-12,0.00121391,0,4.43379e-12,6.84047e-13
eigen_elementwise,176,1,0,6,1e-12,0.00128752,0,6.70752e-12,6.65889e-13
eigen_elementwise,177,1,0,6,1e-12,0.00129094,0,3.75167e-12,7.57671e-13
eigen_elementwise,178,1,0,6,1e-12,0.00124946,0,5.22959e-12,7.03809e-13
eigen_elementwise,179,1,0,6,1e-12,0.0013304,0,4.66116e-12,6.29374e-13
eigen_elementwise,180,1,0,6,1e-12,0.00134179,0,5.57066e-12,5.8111e-13
eigen_elementwise,181,1,0,6,1e-12,0.00126706,0,8.52651e-12,6.4219e-13
eigen_elementwise,182,1,0,6,1e-12,0.0013677,0,3.41061e-12,6.08815e-13
eigen_elementwise,183,1,0,6,1e-12,0.00138104,0,4.20641e-12,6.19063e-13
eigen_elementwise,184,1,0,6,1e-12,0.00143188,0,4.54747e-12,6.51247e-13
eigen_elementwise,185,1,0,6,1e-12,0.00132077,0,4.54747e-12,6.44124e-13
eigen_elementwise,186,1,0,6,1e-12,0.00138809,0,4.66116e-12,6.22938e-13
eigen_elementwise,187,1,0,6,1e-12,0.00138432,0,5.45697e-12,6.21647e-13
eigen_elementwise,188,1,0,6,1e-12,0.00141072,0,4.09273e-12,7.02091e-13
eigen_elementwise,189,1,0,6,1e-12,0.00138795,0,5.22959e-12,7.53676e-13
eigen_elementwise,190,1,0,6,1e-12,0.00146722,0,5.34328e-12,7.61692e-13
eigen_elementwise,191,1,0,6,1e-12,0.00146918,0,4.77485e-12,6.46127e-13
eigen_elementwise,192,1,0,6,1e-12,0.00150026,0,5.22959e-12,6.97368e-13
eigen_elementwise,193,1,0,6,1e-12,0.00143593,0,4.20641e-12,6.97791e-13
eigen_elementwise,194,1,0,6,1e-12,0.00149488,0,3.86535e-12,6.51912e-13
eigen_elementwise,195,1,0,6,1e-12,0.00151416,0,5.11591e-12,8.20308e-13
eigen_elementwise,196,1,0,6,1e-12,0.00152701,0,6.36646e-12,7.27457e-13
eigen_elementwise,197,1,0,6,1e-12,0.00149795,0,3.63798e-12,6.19169e-13
eigen_elementwise,198,1,0,6,1e-12,0.00155494,0,4.88853e-12,6.66105e-13
eigen_elementwise,199,1,0,6,1e-12,0.00156835,0,5.45697e-12,7.52155e-13
eigen_elementwise,200,1,0,6,1e-12,0.00163205,0,5.79803e-12,7.13569e-13
eigen_elementwise,201,1,0,6,1e-12,0.00156025,0,4.77485e-12,6.94655e-13
eigen_elementwise,202,1,0,6,1e-12,0.00161473,0,4.77485e-12,7.32318e-13
eigen_elementwise,203,1,0,6,1e-12,0.00163016,0,5.11591e-12,6.71402e-13
eigen_elementwise,204,1,0,6,1e-12,0.0016398,0,5.68434e-12,8.51099e-13
eigen_elementwise,205,1,0,6,1e-12,0.00166131,0,5.34328e-12,7.30278e-13
eigen_elementwise,206,1,0,6,1e-12,0.00161787,0,6.70752e-12,6.95655e-13
eigen_elementwise,207,1,0,6,1e-12,0.00171279,0,6.70752e-12,7.16848e-13
eigen_elementwise,208,1,0,6,1e-12,0.00177131,0,5.11591e-12,6.99848e-13
eigen_elementwise,209,1,0,6,1e-12,0.00173611,0,3.97904e-12,7.62293e-13
eigen_elementwise,210,1,0,6,1e-12,0.00175574,0,5.11591e-12,6.53496e-13
eigen_elementwise,211,1,0,6,1e-12,0.00170468,0,4.20641e-12,6.50892e-13
eigen_elementwise,212,1,0,6,1e-12,0.00183026,0,4.77485e-12,7.35521e-13
eigen_elementwise,213,1,0,6,1e-12,0.0017952,0,4.77485e-12,6.58432e-13
eigen_elementwise,214,1,0,6,1e-12,0.00184087,0,4.77485e-12,7.48846e-13
eigen_elementwise,215,1,0,6,1e-12,0.0018619,0,4.66116e-12,7.52076e-13
eigen_elementwise,216,1,0,6,1e-12,0.00196645,0,4.20641e-12,6.17337e-13
eigen_elementwise,217,1,0,6,1e-12,0.00180344,0,5.00222e-12,6.15516e-13
eigen_elementwise,218,1,0,6,1e-12,0.0019207,0,5.79803e-12,7.10702e-13
eigen_elementwise,219,1,0,6,1e-12,0.00196847,0,7.04858e-12,8.30078e-13
eigen_elementwise,220,1,0,6,1e-12,0.00194654,0,6.70752e-12,7.33571e-13
eigen_elementwise,221,1,0,6,1e-12,0.00194976,0,4.3201e-12,7.03845e-13
eigen_elementwise,222,1,0,6,1e-12,0.00195604,0,7.16227e-12,7.44638e-13
eigen_elementwise,223,1,0,6,1e-12,0.00195157,0,6.82121e-12,8.04491e-13
eigen_elementwise,224,1,0,6,1e-12,0.00205026,0,7.04858e-12,7.55994e-13
eigen_elementwise,225,1,0,6,1e-12,0.00192182,0,5.45697e-12,7.11462e-13
eigen_elementwise,226,1,0,6,1e-12,0.00203461,0,5.11591e-12,7.21193e-13
eigen_elementwise,227,1,0,6,1e-12,0.00207407,0,4.88853e-12,7.10243e-13
eigen_elementwise,228,1,0,6,1e-12,0.00207435,0,8.6402e-12,8.07337e-13
eigen_elementwise,229,1,0,6,1e-12,0.00207806,0,5.11591e-12,7.14803e-13
eigen_elementwise,230,1,0,6,1e-12,0.00211298,0,6.25278e-12,8.15935e-13
eigen_elementwise,231,1,0,6,1e-12,0.00210536,0,8.29914e-12,7.94387e-13
eigen_elementwise,232,1,0,6,1e-12,0.00220216,0,3.63798e-12,6.86087e-13
eigen_elementwise,233,1,0,6,1e-12,0.00215621,0,5.57066e-12,6.83013e-13
eigen_elementwise,234,1,0,6,1e-12,0.00208057,0,5.68434e-12,7.18016e-13
eigen_elementwise,235,1,0,6,1e-12,0.00218987,0,5.79803e-12,7.14283e-13
eigen_elementwise,236,1,0,6,1e-12,0.00224993,0,6.13909e-12,8.42089e-13
eigen_elementwise,237,1,0,6,1e-12,0.00224323,0,4.66116e-12,7.55081e-13
eigen_elementwise,238,1,0,6,1e-12,0.002272,0,4.66116e-12,7.90106e-13
eigen_elementwise,239,1,0,6,1e-12,0.00228353,0,7.7307e-12,7.4927e-13
eigen_elementwise,240,1,0,6,1e-12,0.00235937,0,4.88853e-12,6.87467e-13
eigen_elementwise,241,1,0,6,1e-12,0.00231943,0,5.00222e-12,6.99315e-13
eigen_elementwise,242,1,0,6,1e-12,0.00237998,0,4.77485e-12,6.85813e-13
eigen_elementwise,243,1,0,6,1e-12,0.00237956,0,4.3201e-12,6.96993e-13
eigen_elementwise,244,1,0,6,1e-12,0.00235791,0,6.48015e-12,6.9049e-13
eigen_elementwise,245,1,0,6,1e-12,0.00242586,0,5.00222e-12,8.27001e-13
eigen_elementwise,246,1,0,6,1e-12,0.00241497,0,5.79803e-12,8.30617e-13
eigen_elementwise,247,1,0,6,1e-12,0.00244053,0,7.84439e-12,6.85836e-13
eigen_elementwise,248,1,0,6,1e-12,0.00248495,0,6.25278e-12,7.78603e-13
eigen_elementwise,249,1,0,6,1e-12,0.00252252,0,5.68434e-12,7.28173e-13
eigen_elementwise,250,1,0,6,1e-12,0.00250513,0,6.36646e-12,7.96168e-13
eigen_elementwise,251,1,0,6,1e-12,0.00250206,0,5.91172e-12,7.11473e-13
eigen_elementwise,252,1,0,6,1e-12,0.00322422,0,4.88853e-12,6.73287e-13
eigen_elementwise,253,1,0,6,1e-12,0.00260249,0,9.32232e-12,8.05318e-13
eigen_elementwise,254,1,0,6,1e-12,0.00254983,0,3.86535e-12,6.23402e-13
eigen_elementwise,255,1,0,6,1e-12,0.0025844,0,4.77485e-12,7.15121e-13
eigen_elementwise,256,1,0,6,1e-12,0.00264496,0,4.66116e-12,7.41615e-13
eigen_elementwise,257,1,0,6,1e-12,0.00261339,0,6.0254e-12,6.88712e-13
eigen_elementwise,258,1,0,6,1e-12,0.00250213,0,5.22959e-12,6.51085e-13
eigen_elementwise,259,1,0,6,1e-12,0.00268141,0,6.59384e-12,7.9733e-13
eigen_elementwise,260,1,0,6,1e-12,0.00270271,0,5.22959e-12,8.0917e-13
eigen_elementwise,261,1,0,6,1e-12,0.00272653,0,5.57066e-12,7.59959e-13
eigen_elementwise,262,1,0,6,1e-12,0.00274252,0,6.0254e-12,7.44534e-13
eigen_elementwise,263,1,0,6,1e-12,0.00276019,0,5.91172e-12,7.72638e-13
eigen_elementwise,264,1,0,6,1e-12,0.00277863,0,6.25278e-12,7.81397e-13
eigen_elementwise,265,1,0,6,1e-12,0.00276941,0,3.75167e-12,6.46733e-13
eigen_elementwise,266,1,0,6,1e-12,0.0028125,0,4.54747e-12,6.77348e-13
eigen_elementwise,267,1,0,6,1e-12,0.00279574,0,6.25278e-12,6.71277e-13
eigen_elementwise,268,1,0,6,1e-12,0.00285406,0,4.88853e-12,6.37394e-13
eigen_elementwise,269,1,0,6,1e-12,0.00284477,0,7.84439e-12,7.65643e-13
eigen_elementwise,270,1,0,6,1e-12,0.00290595,0,5.00222e-12,7.90367e-13
eigen_elementwise,271,1,0,6,1e-12,0.00292069,0,6.25278e-12,7.5185e-13
eigen_elementwise,272,1,0,6,1e-12,0.00289436,0,5.22959e-12,7.73685e-13
eigen_elementwise,273,1,0,6,1e-12,0.00293291,0,6.70752e-12,7.78239e-13
eigen_elementwise,274,1,0,6,1e-12,0.00297244,0,5.34328e-12,7.65235e-13
eigen_elementwise,275,1,0,6,1e-12,0.00296951,0,6.13909e-12,7.16818e-13
eigen_elementwise,276,1,0,6,1e-12,0.00297733,0,7.04858e-12,7.68905e-13
eigen_elementwise,277,1,0,6,1e-12,0.00303928,0,4.88853e-12,7.25438e-13
eigen_elementwise,278,1,0,6,1e-12,0.00307525,0,5.79803e-12,7.84913e-13
eigen_elementwise,279,1,0,6,1e-12,0.00305667,0,6.70752e-12,8.34076e-13
eigen_elementwise,280,1,0,6,1e-12,0.00308635,0,5.00222e-12,7.34265e-13
eigen_elementwise,281,1,0,6,1e-12,0.00313217,0,5.91172e-12,7.83555e-13
eigen_elementwise,282,1,0,6,1e-12,0.0031212,0,6.25278e-12,8.18052e-13
eigen_elementwise,283,1,0,6,1e-12,0.00314551,0,5.57066e-12,6.67661e-13
eigen_elementwise,284,1,0,6,1e-12,0.00318148,0,8.52651e-12,7.0497e-13
eigen_elementwise,285,1,0,6,1e-12,0.00319698,0,5.79803e-12,7.71737e-13
eigen_elementwise,286,1,0,6,1e-12,0.00323847,0,5.11591e-12,8.24551e-13
eigen_elementwise,287,1,0,6,1e-12,0.00320711,0,6.36646e-12,7.08099e-13
eigen_elementwise,288,1,0,6,1e-12,0.00326878,0,4.43379e-12,7.28399e-13
eigen_elementwise,289,1,0,6,1e-12,0.00327688,0,6.36646e-12,7.75298e-13
eigen_elementwise,290,1,0,6,1e-12,0.00329196,0,5.91172e-12,7.15564e-13
eigen_elementwise,291,1,0,6,1e-12,0.00334016,0,5.22959e-12,7.25994e-13
eigen_elementwise,292,1,0,6,1e-12,0.00339226,0,8.18545e-12,7.45232e-13
eigen_elementwise,293,1,0,6,1e-12,0.00339491,0,5.45697e-12,7.78017e-13
eigen_elementwise,294,1,0,6,1e-12,0.00339316,0,5.11591e-12,7.78745e-13
eigen_elementwise,295,1,0,6,1e-12,0.00346615,0,6.25278e-12,7.55759e-13
eigen_elementwise,296,1,0,6,1e-12,0.00346461,0,7.16227e-12,8.15489e-13
eigen_elementwise,297,1,0,6,1e-12,0.00347642,0,7.27596e-12,8.24134e-13
eigen_elementwise,298,1,0,6,1e-12,0.0035054,0,5.34328e-12,6.92802e-13
eigen_elementwise,299,1,0,6,1e-12,0.00353599,0,6.13909e-12,7.63878e-13
eigen_elementwise,300,1,0,6,1e-12,0.00353941,0,5.34328e-12,8.46967e-13
eigen_elementwise,301,1,0,6,1e-12,0.00359766,0,8.29914e-12,7.57752e-13
eigen_elementwise,302,1,0,6,1e-12,0.00366226,0,5.68434e-12,7.29803e-13
eigen_elementwise,303,1,0,6,1e-12,0.00363977,0,8.86757e-12,7.52961e-13
eigen_elementwise,304,1,0,6,1e-12,0.00362881,0,7.50333e-12,8.39552e-13
eigen_elementwise,305,1,0,6,1e-12,0.00367204,0,6.13909e-12,7.53375e-13
eigen_elementwise,306,1,0,6,1e-12,0.00373245,0,8.6402e-12,7.84723e-13
eigen_elementwise,307,1,0,6,1e-12,0.00371904,0,5.57066e-12,9.00088e-13
eigen_elementwise,308,1,0,6,1e-12,0.00370382,0,7.7307e-12,7.5862e-13
eigen_elementwise,309,1,0,6,1e-12,0.003746,0,6.70752e-12,8.05269e-13
eigen_elementwise,310,1,0,6,1e-12,0.0037768,0,5.79803e-12,7.46895e-13
eigen_elementwise,311,1,0,6,1e-12,0.00381256,0,6.70752e-12,7.93612e-13
eigen_elementwise,312,1,0,6,1e-12,0.00382611,0,6.25278e-12,8.64175e-13
eigen_elementwise,313,1,0,6,1e-12,0.00389092,0,4.66116e-12,7.533e-13
eigen_elementwise,314,1,0,6,1e-12,0.00387095,0,8.41283e-12,8.59621e-13
eigen_elementwise,315,1,0,6,1e-12,0.00391837,0,6.9349e-12,8.28006e-13
eigen_elementwise,316,1,0,6,1e-12,0.00389497,0,8.86757e-12,8.41973e-13
eigen_elementwise,317,1,0,6,1e-12,0.00397382,0,7.16227e-12,8.41629e-13
eigen_elementwise,318,1,0,6,1e-12,0.00394379,0,6.48015e-12,7.08811e-13
eigen_elementwise,319,1,0,6,1e-12,0.00404269,0,5.34328e-12,8.01805e-13
eigen_elementwise,320,1,0,6,1e-12,0.00403871,0,7.61702e-12,7.32722e-13
eigen_elementwise,321,1,0,6,1e-12,0.00408543,0,6.36646e-12,7.71153e-13
eigen_elementwise,322,1,0,6,1e-12,0.00408466,0,6.48015e-12,8.16464e-13
eigen_elementwise,323,1,0,6,1e-12,0.00411274,0,5.11591e-12,7.75329e-13
eigen_elementwise,324,1,0,6,1e-12,0.00420954,0,6.0254e-12,7.94996e-13
eigen_elementwise,325,1,0,6,1e-12,0.00418174,0,6.9349e-12,8.37006e-13
eigen_elementwise,326,1,0,6,1e-12,0.00420353,0,5.45697e-12,8.23909e-13
eigen_elementwise,327,1,0,6,1e-12,0.00421261,0,6.13909e-12,8.47432e-13
eigen_elementwise,328,1,0,6,1e-12,0.00430718,0,6.70752e-12,8.35469e-13
eigen_elementwise,329,1,0,6,1e-12,0.00431437,0,4.66116e-12,7.31079e-13
eigen_elementwise,330,1,0,6,1e-12,0.00432121,0,6.25278e-12,7.60941e-13
eigen_elementwise,331,1,0,6,1e-12,0.00434992,0,7.27596e-12,7.82071e-13
eigen_elementwise,332,1,0,6,1e-12,0.00433015,0,5.57066e-12,8.61774e-13
eigen_elementwise,333,1,0,6,1e-12,0.00438156,0,5.91172e-12,7.65032e-13
eigen_elementwise,334,1,0,6,1e-12,0.00443142,0,6.13909e-12,8.09109e-13
eigen_elementwise,335,1,0,6,1e-12,0.00442116,0,5.57066e-12,8.0016e-13
eigen_elementwise,336,1,0,6,1e-12,0.00442297,0,6.59384e-12,7.86223e-13
eigen_elementwise,337,1,0,6,1e-12,0.00443163,0,6.48015e-12,8.47658e-13
eigen_elementwise,338,1,0,6,1e-12,0.00453591,0,7.16227e-12,8.62007e-13
eigen_elementwise,339,1,0,6,1e-12,0.00455665,0,8.29914e-12,8.06005e-13
eigen_elementwise,340,1,0,6,1e-12,0.0046267,0,5.45697e-12,7.86071e-13
eigen_elementwise,341,1,0,6,1e-12,0.00453667,0,6.9349e-12,8.28169e-13
eigen_elementwise,342,1,0,6,1e-12,0.00463326,0,6.48015e-12,7.93584e-13
eigen_elementwise,343,1,0,6,1e-12,0.00464577,0,7.27596e-12,8.30411e-13
eigen_elementwise,344,1,0,6,1e-12,0.00465485,0,6.0254e-12,7.11767e-13
eigen_elementwise,345,1,0,6,1e-12,0.00470499,0,8.18545e-12,8.45797e-13
eigen_elementwise,346,1,0,6,1e-12,0.0046883,0,6.82121e-12,8.25077e-13
eigen_elementwise,347,1,0,6,1e-12,0.00476317,0,7.50333e-12,8.21132e-13
eigen_elementwise,348,1,0,6,1e-12,0.0047654,0,7.27596e-12,8.71819e-13
eigen_elementwise,349,1,0,6,1e-12,0.00478314,0,8.98126e-12,8.67795e-13
eigen_elementwise,350,1,0,6,1e-12,0.00486584,0,8.75389e-12,7.56243e-13
eigen_elementwise,351,1,0,6,1e-12,0.00478754,0,7.38964e-12,7.26e-13
eigen_elementwise,352,1,0,6,1e-12,0.00486011,0,6.36646e-12,7.21221e-13
eigen_elementwise,353,1,0,6,1e-12,0.00491884,0,5.79803e-12,8.35352e-13
eigen_elementwise,354,1,0,6,1e-12,0.00488413,0,5.45697e-12,7.55382e-13
eigen_elementwise,355,1,0,6,1e-12,0.00497339,0,6.36646e-12,8.10423e-13
eigen_elementwise,356,1,0,6,1e-12,0.00503897,0,5.45697e-12,7.84993e-13
eigen_elementwise,357,1,0,6,1e-12,0.00502884,0,6.70752e-12,9.38556e-13
eigen_elementwise,358,1,0,6,1e-12,0.00502906,0,6.13909e-12,8.7181e-13
eigen_elementwise,359,1,0,6,1e-12,0.00507152,0,7.38964e-12,8.01078e-13
eigen_elementwise,360,1,0,6,1e-12,0.00503332,0,5.45697e-12,7.62204e-13
eigen_elementwise,361,1,0,6,1e-12,0.00506188,0,5.68434e-12,7.57786e-13
eigen_elementwise,362,1,0,6,1e-12,0.00512802,0,6.36646e-12,7.9885e-13
eigen_elementwise,363,1,0,6,1e-12,0.00515023,0,5.79803e-12,7.6025e-13
eigen_elementwise,364,1,0,6,1e-12,0.00520708,0,8.52651e-12,7.862e-13
eigen_elementwise,365,1,0,6,1e-12,0.00521295,0,7.27596e-12,7.64787e-13
eigen_elementwise,366,1,0,6,1e-12,0.00521351,0,7.27596e-12,7.70515e-13
eigen_elementwise,367,1,0,6,1e-12,0.00524012,0,4.54747e-12,7.35329e-13
eigen_elementwise,368,1,0,6,1e-12,0.00533817,0,7.04858e-12,7.9516e-13
eigen_elementwise,369,1,0,6,1e-12,0.00531003,0,7.84439e-12,8.52257e-13
eigen_elementwise,370,1,0,6,1e-12,0.00540543,0,5.22959e-12,7.574e-13
eigen_elementwise,371,1,0,6,1e-12,0.00536443,0,5.91172e-12,8.48337e-13
eigen_elementwise,372,1,0,6,1e-12,0.00544845,0,6.36646e-12,7.96193e-13
eigen_elementwise,373,1,0,6,1e-12,0.00543497,0,6.59384e-12,7.22372e-13
eigen_elementwise,374,1,0,6,1e-12,0.00545872,0,1.10276e-11,8.14565e-13
eigen_elementwise,375,1,0,6,1e-12,0.00539796,0,6.25278e-12,7.7704e-13
eigen_elementwise,376,1,0,6,1e-12,0.00555531,0,6.25278e-12,9.01866e-13
eigen_elementwise,377,1,0,6,1e-12,0.00555754,0,1.17097e-11,8.31062e-13
eigen_elementwise,378,1,0,6,1e-12,0.00562194,0,9.43601e-12,8.17779e-13
eigen_elementwise,379,1,0,6,1e-12,0.00561761,0,9.43601e-12,8.02566e-13
eigen_elementwise,380,1,0,6,1e-12,0.00570672,0,5.11591e-12,7.8888e-13
eigen_elementwise,381,1,0,6,1e-12,0.00567844,0,7.38964e-12,8.17064e-13
eigen_elementwise,382,1,0,6,1e-12,0.00570142,0,6.36646e-12,7.97986e-13
eigen_elementwise,383,1,0,6,1e-12,0.00575156,0,8.52651e-12,8.57634e-13
eigen_elementwise,384,1,0,6,1e-12,0.00578152,0,6.0254e-12,7.61387e-13
eigen_elementwise,385,1,0,6,1e-12,0.00580255,0,5.34328e-12,7.38488e-13
eigen_elementwise,386,1,0,6,1e-12,0.00583914,0,7.04858e-12,8.51976e-13
eigen_elementwise,387,1,0,6,1e-12,0.00594453,0,7.7307e-12,8.75781e-13
eigen_elementwise,388,1,0,6,1e-12,0.00591492,0,7.50333e-12,8.35317e-13
eigen_elementwise,389,1,0,6,1e-12,0.00591283,0,5.57066e-12,7.51431e-13
eigen_elementwise,390,1,0,6,1e-12,0.00598253,0,6.13909e-12,7.78322e-13
eigen_elementwise,391,1,0,6,1e-12,0.00598434,0,6.36646e-12,7.90018e-13
eigen_elementwise,392,1,0,6,1e-12,0.00604399,0,6.9349e-12,8.32275e-13
eigen_elementwise,393,1,0,6,1e-12,0.00606885,0,7.04858e-12,7.47452e-13
eigen_elementwise,394,1,0,6,1e-12,0.00604434,0,8.52651e-12,8.1758e-13
eigen_elementwise,395,1,0,6,1e-12,0.00617522,0,6.82121e-12,7.97328e-13
eigen_elementwise,396,1,0,6,1e-12,0.00613918,0,9.43601e-12,8.8673e-13
eigen_elementwise,397,1,0,6,1e-12,0.006169,0,6.59384e-12,7.57098e-13
eigen_elementwise,398,1,0,6,1e-12,0.00620413,0,4.88853e-12,8.02791e-13
eigen_elementwise,399,1,0,6,1e-12,0.00622138,0,9.66338e-12,9.04394e-13
eigen_elementwise,400,1,0,6,1e-12,0.00625197,0,7.50333e-12,8.55837e-13
eigen_elementwise,401,1,0,6,1e-12,0.00621775,0,5.34328e-12,7.90612e-13
eigen_elementwise,402,1,0,6,1e-12,0.00628138,0,5.57066e-12,8.07114e-13
eigen_elementwise,403,1,0,6,1e-12,0.00637112,0,7.50333e-12,8.93855e-13
eigen_elementwise,404,1,0,6,1e-12,0.00640912,0,7.61702e-12,9.51991e-13
eigen_elementwise,405,1,0,6,1e-12,0.00637622,0,4.77485e-12,8.16823e-13
eigen_elementwise,406,1,0,6,1e-12,0.00643405,0,6.25278e-12,9.10887e-13
eigen_elementwise,407,1,0,6,1e-12,0.00653658,0,7.27596e-12,8.19e-13
eigen_elementwise,408,1,0,6,1e-12,0.00652009,0,8.07177e-12,8.1109e-13
eigen_elementwise,409,1,0,6,1e-12,0.00653958,0,5.45697e-12,7.88079e-13
eigen_elementwise,410,1,0,6,1e-12,0.00654251,0,7.04858e-12,8.55878e-13
eigen_elementwise,411,1,0,6,1e-12,0.00669386,0,1.00044e-11,8.23254e-13
eigen_elementwise,412,1,0,6,1e-12,0.00660991,0,7.61702e-12,8.23553e-13
eigen_elementwise,413,1,0,6,1e-12,0.00676384,0,9.43601e-12,9.42598e-13
eigen_elementwise,414,1,0,6,1e-12,0.00673206,0,6.82121e-12,8.95165e-13
eigen_elementwise,415,1,0,6,1e-12,0.00666439,0,8.07177e-12,7.54878e-13
eigen_elementwise,416,1,0,6,1e-12,0.00682167,0,5.91172e-12,8.07882e-13
eigen_elementwise,417,1,0,6,1e-12,0.00674917,0,8.07177e-12,7.692e-13
eigen_elementwise,418,1,0,6,1e-12,0.00684192,0,8.18545e-12,8.27211e-13
eigen_elementwise,419,1,0,6,1e-12,0.00687894,0,8.75389e-12,9.23365e-13
eigen_elementwise,420,1,0,6,1e-12,0.00692559,0,5.34328e-12,8.77291e-13
eigen_elementwise,421,1,0,6,1e-12,0.00700675,0,7.50333e-12,7.72239e-13
eigen_elementwise,422,1,0,6,1e-12,0.00705626,0,1.19371e-11,8.32647e-13
eigen_elementwise,423,1,0,6,1e-12,0.00704928,0,1.01181e-11,8.80054e-13
eigen_elementwise,424,1,0,6,1e-12,0.0070907,0,7.38964e-12,8.89317e-13
eigen_elementwise,425,1,0,6,1e-12,0.00711291,0,9.66338e-12,8.3818e-13
eigen_elementwise,426,1,0,6,1e-12,0.00708867,0,9.32232e-12,8.1753e-13
eigen_elementwise,427,1,0,6,1e-12,0.00710669,0,6.36646e-12,9.01322e-13
eigen_elementwise,428,1,0,6,1e-12,0.00714238,0,8.75389e-12,8.8993e-13
eigen_elementwise,429,1,0,6,1e-12,0.00730238,0,5.79803e-12,7.77551e-13
eigen_elementwise,430,1,0,6,1e-12,0.00723073,0,6.48015e-12,8.74656e-13
eigen_elementwise,431,1,0,6,1e-12,0.00728101,0,5.45697e-12,8.81953e-13
eigen_elementwise,432,1,0,6,1e-12,0.00732313,0,8.6402e-12,7.70589e-13
eigen_elementwise,433,1,0,6,1e-12,0.0073211,0,8.98126e-12,8.43699e-13
eigen_elementwise,434,1,0,6,1e-12,0.00737264,0,7.50333e-12,8.50447e-13
eigen_elementwise,435,1,0,6,1e-12,0.00742007,0,5.00222e-12,8.71618e-13
eigen_elementwise,436,1,0,6,1e-12,0.00746113,0,7.95808e-12,8.48877e-13
eigen_elementwise,437,1,0,6,1e-12,0.00750527,0,1.33014e-11,8.21966e-13
eigen_elementwise,438,1,0,6,1e-12,0.0075131,0,1.21645e-11,9.47211e-13
eigen_elementwise,439,1,0,6,1e-12,0.0076129,0,6.48015e-12,8.00838e-13
eigen_elementwise,440,1,0,6,1e-12,0.00767345,0,9.20863e-12,7.63308e-13
eigen_elementwise,441,1,0,6,1e-12,0.00770488,0,5.79803e-12,8.2283e-13
eigen_elementwise,442,1,0,6,1e-12,0.00766773,0,1.15961e-11,7.85066e-13
eigen_elementwise,443,1,0,6,1e-12,0.0077669,0,8.18545e-12,8.4031e-13
eigen_elementwise,444,1,0,6,1e-12,0.0078667,0,9.77707e-12,8.81752e-13
eigen_elementwise,445,1,0,6,1e-12,0.0078762,0,9.09495e-12,8.59576e-13
eigen_elementwise,446,1,0,6,1e-12,0.00787452,0,6.82121e-12,8.73804e-13
eigen_elementwise,447,1,0,6,1e-12,0.00780825,0,6.70752e-12,8.77024e-13
eigen_elementwise,448,1,0,6,1e-12,0.00782724,0,8.75389e-12,8.36236e-13
eigen_elementwise,449,1,0,6,1e-12,0.00803195,0,8.52651e-12,8.77925e-13
eigen_elementwise,450,1,0,6,1e-12,0.00808007,0,6.0254e-12,8.67422e-13
eigen_elementwise,451,1,0,6,1e-12,0.00806365,0,6.36646e-12,7.33755e-13
eigen_elementwise,452,1,0,6,1e-12,0.00811303,0,9.09495e-12,8.70625e-13
eigen_elementwise,453,1,0,6,1e-12,0.00811331,0,1.1255e-11,9.20883e-13
eigen_elementwise,454,1,0,6,1e-12,0.00818015,0,7.38964e-12,9.07068e-13
eigen_elementwise,455,1,0,6,1e-12,0.00818741,0,1.10276e-11,8.30264e-13
eigen_elementwise,456,1,0,6,1e-12,0.00818064,0,9.77707e-12,8.85404e-13
eigen_elementwise,457,1,0,6,1e-12,0.00825649,0,8.07177e-12,8.74497e-13
eigen_elementwise,458,1,0,6,1e-12,0.00826424,0,9.89075e-12,9.52382e-13
eigen_elementwise,459,1,0,6,1e-12,0.00818965,0,8.07177e-12,8.74702e-13
eigen_elementwise,460,1,0,6,1e-12,0.00838458,0,9.09495e-12,8.33914e-13
eigen_elementwise,461,1,0,6,1e-12,0.00847474,0,7.27596e-12,8.48628e-13
eigen_elementwise,462,1,0,6,1e-12,0.00845993,0,6.48015e-12,8.12412e-13
eigen_elementwise,463,1,0,6,1e-12,0.00850896,0,8.41283e-12,8.72905e-13
eigen_elementwise,464,1,0,6,1e-12,0.00848717,0,1.40972e-11,9.04726e-13
eigen_elementwise,465,1,0,6,1e-12,0.00849569,0,7.84439e-12,9.27226e-13
eigen_elementwise,466,1,0,6,1e-12,0.00855548,0,8.52651e-12,9.07703e-13
eigen_elementwise,467,1,0,6,1e-12,0.00856253,0,1.02318e-11,8.75882e-13
eigen_elementwise,468,1,0,6,1e-12,0.00859326,0,8.75389e-12,8.65859e-13
eigen_elementwise,469,1,0,6,1e-12,0.00863482,0,7.27596e-12,9.00475e-13
eigen_elementwise,470,1,0,6,1e-12,0.00871458,0,9.89075e-12,8.81639e-13
eigen_elementwise,471,1,0,6,1e-12,0.00875522,0,7.84439e-12,8.17941e-13
eigen_elementwise,472,1,0,6,1e-12,0.008812,0,1.09139e-11,8.61384e-13
eigen_elementwise,473,1,0,6,1e-12,0.00887179,0,9.77707e-12,9.00469e-13
eigen_elementwise,474,1,0,6,1e-12,0.00884329,0,7.61702e-12,9.4742e-13
eigen_elementwise,475,1,0,6,1e-12,0.00883708,0,6.70752e-12,8.85693e-13
eigen_elementwise,476,1,0,6,1e-12,0.00886641,0,1.11413e-11,8.54454e-13
eigen_elementwise,477,1,0,6,1e-12,0.00885684,0,7.04858e-12,8.42928e-13
eigen_elementwise,478,1,0,6,1e-12,0.00889595,0,7.61702e-12,8.23451e-13
eigen_elementwise,479,1,0,6,1e-12,0.00896859,0,7.7307e-12,9.74907e-13
eigen_elementwise,480,1,0,6,1e-12,0.00903012,0,9.20863e-12,8.77256e-13
eigen_elementwise,481,1,0,6,1e-12,0.00905338,0,7.61702e-12,9.6748e-13
eigen_elementwise,482,1,0,6,1e-12,0.00905261,0,7.50333e-12,8.77574e-13
eigen_elementwise,483,1,0,6,1e-12,0.00920633,0,1.01181e-11,9.40279e-13
eigen_elementwise,484,1,0,6,1e-12,0.00915101,0,5.57066e-12,8.61833e-13
eigen_elementwise,485,1,0,6,1e-12,0.0092233,0,1.03455e-11,8.36721e-13
eigen_elementwise,486,1,0,6,1e-12,0.00922036,0,8.98126e-12,8.58299e-13
eigen_elementwise,487,1,0,6,1e-12,0.00936584,0,6.13909e-12,9.45369e-13
eigen_elementwise,488,1,0,6,1e-12,0.00947012,0,8.86757e-12,8.98142e-13
eigen_elementwise,489,1,0,6,1e-12,0.00942968,0,7.95808e-12,8.15247e-13
eigen_elementwise,490,1,0,6,1e-12,0.00962104,0,9.66338e-12,1.04093e-12
eigen_elementwise,491,1,0,6,1e-12,0.00953262,0,8.6402e-12,9.78874e-13
eigen_elementwise,492,1,0,6,1e-12,0.00956727,0,8.98126e-12,8.58935e-13
eigen_elementwise,493,1,0,6,1e-12,0.00953395,0,9.32232e-12,8.63872e-13
eigen_elementwise,494,1,0,6,1e-12,0.00949414,0,7.27596e-12,9.0769e-13
eigen_elementwise,495,1,0,6,1e-12,0.0097022,0,7.7307e-12,9.06714e-13
eigen_elementwise,496,1,0,6,1e-12,0.00974767,0,6.25278e-12,8.73381e-13
eigen_elementwise,497,1,0,6,1e-12,0.00970248,0,5.34328e-12,8.18209e-13
eigen_elementwise,498,1,0,6,1e-12,0.00979683,0,6.48015e-12,9.03533e-13
eigen_elementwise,499,1,0,6,1e-12,0.00967866,0,8.18545e-12,9.33723e-13
eigen_elementwise,500,1,0,6,1e-12,0.00988274,0,6.36646e-12,9.00294e-13
eigen_elementwise,501,1,0,6,1e-12,0.00981304,0,8.75389e-12,8.21936e-13
eigen_elementwise,502,1,0,6,1e-12,0.00992981,0,7.04858e-12,7.96873e-13
eigen_elementwise,503,1,0,6,1e-12,0.00996913,0,6.36646e-12,9.17246e-13
eigen_elementwise,504,1,0,6,1e-12,0.00990481,0,6.13909e-12,8.66618e-13
eigen_elementwise,505,1,0,6,1e-12,0.0100512,0,9.89075e-12,8.60007e-13
eigen_elementwise,506,1,0,6,1e-12,0.0100251,0,1.08002e-11,8.31949e-13
eigen_elementwise,507,1,0,6,1e-12,0.0101439,0,1.37561e-11,9.47075e-13
eigen_elementwise,508,1,0,6,1e-12,0.0101901,0,6.82121e-12,8.92721e-13
eigen_elementwise,509,1,0,6,1e-12,0.010275,0,6.0254e-12,9.00709e-13
eigen_elementwise,510,1,0,6,1e-12,0.0103183,0,8.18545e-12,9.04825e-13
eigen_elementwise,511,1,0,6,1e-12,0.0113164,0,7.50333e-12,9.24227e-13
eigen_elementwise,512,1,0,6,1e-12,0.0116477,0,7.7307e-12,9.08134e-13
eigen_elementwise,513,1,0,6,1e-12,0.0108594,0,1.19371e-11,9.60786e-13
eigen_elementwise,514,1,0,6,1e-12,0.0105624,0,8.18545e-12,9.22273e-13
eigen_elementwise,515,1,0,6,1e-12,0.010476,0,7.50333e-12,9.16388e-13
eigen_elementwise,516,1,0,6,1e-12,0.0104155,0,8.18545e-12,8.50304e-13
eigen_elementwise,517,1,0,6,1e-12,0.0104772,0,7.95808e-12,9.30781e-13
eigen_elementwise,518,1,0,6,1e-12,0.0105023,0,1.20508e-11,9.19675e-13
eigen_elementwise,519,1,0,6,1e-12,0.0107016,0,8.18545e-12,9.38533e-13
eigen_elementwise,520,1,0,6,1e-12,0.0107787,0,7.27596e-12,8.61085e-13
eigen_elementwise,521,1,0,6,1e-12,0.010705,0,9.20863e-12,9.0284e-13
eigen_elementwise,522,1,0,6,1e-12,0.010693,0,7.61702e-12,8.96611e-13
eigen_elementwise,523,1,0,6,1e-12,0.0107151,0,1.01181e-11,8.80741e-13
eigen_elementwise,524,1,0,6,1e-12,0.0108986,0,1.00044e-11,8.28661e-13
eigen_elementwise,525,1,0,6,1e-12,0.0109856,0,9.89075e-12,9.57716e-13
eigen_elementwise,526,1,0,6,1e-12,0.0109077,0,6.0254e-12,8.4451e-13
eigen_elementwise,527,1,0,6,1e-12,0.0108428,0,1.03455e-11,8.12856e-13
eigen_elementwise,528,1,0,6,1e-12,0.0109774,0,1.21645e-11,9.25797e-13
eigen_elementwise,529,1,0,6,1e-12,0.010982,0,9.54969e-12,8.92029e-13
eigen_elementwise,530,1,0,6,1e-12,0.011086,0,8.52651e-12,9.83806e-13
eigen_elementwise,531,1,0,6,1e-12,0.0111448,0,8.07177e-12,9.43823e-13
eigen_elementwise,532,1,0,6,1e-12,0.0111582,0,1.3074e-11,8.96234e-13
eigen_elementwise,533,1,0,6,1e-12,0.0110943,0,9.32232e-12,8.64101e-13
eigen_elementwise,534,1,0,6,1e-12,0.0112893,0,8.18545e-12,8.61166e-13
eigen_elementwise,535,1,0,6,1e-12,0.0112959,0,8.41283e-12,8.36433e-13
eigen_elementwise,536,1,0,6,1e-12,0.0113648,0,8.75389e-12,9.6168e-13
eigen_elementwise,537,1,0,6,1e-12,0.011309,0,8.52651e-12,8.99504e-13
eigen_elementwise,538,1,0,6,1e-12,0.011423,0,7.84439e-12,8.4632e-13
eigen_elementwise,539,1,0,6,1e-12,0.0115038,0,6.9349e-12,8.86349e-13
eigen_elementwise,540,1,0,6,1e-12,0.0114959,0,1.04592e-11,9.3496e-13
eigen_elementwise,541,1,0,6,1e-12,0.0115001,0,7.7307e-12,9.34524e-13
eigen_elementwise,542,1,0,6,1e-12,0.0115214,0,1.21645e-11,9.68344e-13
eigen_elementwise,543,1,0,6,1e-12,0.0116025,0,1.11413e-11,9.541e-13
eigen_elementwise,544,1,0,6,1e-12,0.0116951,0,1.08002e-11,9.11687e-13
eigen_elementwise,545,1,0,6,1e-12,0.0117813,0,9.32232e-12,9.38113e-13
eigen_elementwise,546,1,0,6,1e-12,0.0116235,0,9.09495e-12,8.9038e-13
eigen_elementwise,547,1,0,6,1e-12,0.0118214,0,6.70752e-12,8.92024e-13
eigen_elementwise,548,1,0,6,1e-12,0.0118145,0,6.70752e-12,8.73616e-13
eigen_elementwise,549,1,0,6,1e-12,0.0118497,0,9.43601e-12,8.56614e-13
eigen_elementwise,550,1,0,6,1e-12,0.0119218,0,9.09495e-12,9.62203e-13
eigen_elementwise,551,1,0,6,1e-12,0.0118695,0,6.9349e-12,8.99001e-13
eigen_elementwise,552,1,0,6,1e-12,0.0120461,0,1.08002e-11,9.50597e-13
eigen_elementwise,553,1,0,6,1e-12,0.0120218,0,7.16227e-12,9.4339e-13
eigen_elementwise,554,1,0,6,1e-12,0.0118208,0,8.75389e-12,8.94156e-13
eigen_elementwise,555,1,0,6,1e-12,0.0120614,0,7.27596e-12,9.47307e-13
eigen_elementwise,556,1,0,6,1e-12,0.0120839,0,1.09139e-11,9.49247e-13
eigen_elementwise,557,1,0,6,1e-12,0.0121257,0,1.27329e-11,9.67278e-13
eigen_elementwise,558,1,0,6,1e-12,0.0122542,0,6.48015e-12,9.14947e-13
eigen_elementwise,559,1,0,6,1e-12,0.0123064,0,1.03455e-11,9.45873e-13
eigen_elementwise,560,1,0,6,1e-12,0.0123776,0,7.16227e-12,9.25349e-13
eigen_elementwise,561,1,0,6,1e-12,0.0124513,0,8.52651e-12,8.15018e-13
eigen_elementwise,562,1,0,6,1e-12,0.0123418,0,1.03455e-11,1.02473e-12
eigen_elementwise,563,1,0,6,1e-12,0.0124532,0,7.27596e-12,8.76277e-13
eigen_elementwise,564,1,0,6,1e-12,0.0125405,0,7.16227e-12,9.36386e-13
eigen_elementwise,565,1,0,6,1e-12,0.0124945,0,9.89075e-12,8.88469e-13
eigen_elementwise,566,1,0,6,1e-12,0.0126524,0,9.20863e-12,8.45037e-13
eigen_elementwise,567,1,0,6,1e-12,0.0125814,0,8.07177e-12,8.54751e-13
eigen_elementwise,568,1,0,6,1e-12,0.0125915,0,8.07177e-12,8.98153e-13
eigen_elementwise,569,1,0,6,1e-12,0.012689,0,7.95808e-12,8.54272e-13
eigen_elementwise,570,1,0,6,1e-12,0.0127286,0,1.06866e-11,8.41676e-13
eigen_elementwise,571,1,0,6,1e-12,0.0127812,0,8.75389e-12,8.90484e-13
eigen_elementwise,572,1,0,6,1e-12,0.0128278,0,7.16227e-12,8.69263e-13
eigen_elementwise,573,1,0,6,1e-12,0.0129541,0,1.17097e-11,9.5836e-13
eigen_elementwise,574,1,0,6,1e-12,0.0128936,0,8.41283e-12,8.97289e-13
eigen_elementwise,575,1,0,6,1e-12,0.0129538,0,9.66338e-12,9.22669e-13
eigen_elementwise,576,1,0,6,1e-12,0.0130432,0,6.82121e-12,8.98893e-13
eigen_elementwise,577,1,0,6,1e-12,0.0131578,0,7.27596e-12,8.61242e-13
eigen_elementwise,578,1,0,6,1e-12,0.0130769,0,1.00044e-11,9.83991e-13
eigen_elementwise,579,1,0,6,1e-12,0.0131892,0,9.20863e-12,9.08235e-13
eigen_elementwise,580,1,0,6,1e-12,0.0133917,0,8.98126e-12,9.66051e-13
eigen_elementwise,581,1,0,6,1e-12,0.013271,0,1.04592e-11,9.62621e-13
eigen_elementwise,582,1,0,6,1e-12,0.012973,0,1.14824e-11,8.7137e-13
eigen_elementwise,583,1,0,6,1e-12,0.0129803,0,1.00044e-11,9.25362e-13
eigen_elementwise,584,1,0,6,1e-12,0.0130527,0,7.7307e-12,9.04132e-13
eigen_elementwise,585,1,0,6,1e-12,0.0130008,0,1.23919e-11,8.68293e-13
eigen_elementwise,586,1,0,6,1e-12,0.0129963,0,7.16227e-12,9.01139e-13
eigen_elementwise,587,1,0,6,1e-12,0.0129877,0,9.54969e-12,9.78277e-13
eigen_elementwise,588,1,0,6,1e-12,0.0132252,0,1.04592e-11,9.51509e-13
eigen_elementwise,589,1,0,6,1e-12,0.0131577,0,1.01181e-11,1.01991e-12
eigen_elementwise,590,1,0,6,1e-12,0.0130938,0,1.20508e-11,9.65886e-13
eigen_elementwise,591,1,0,6,1e-12,0.0132178,0,6.59384e-12,9.79211e-13
eigen_elementwise,592,1,0,6,1e-12,0.0133115,0,1.04592e-11,8.8248e-13
eigen_elementwise,593,1,0,6,1e-12,0.0132513,0,9.43601e-12,9.97088e-13
eigen_elementwise,594,1,0,6,1e-12,0.0132595,0,7.16227e-12,8.89694e-13
eigen_elementwise,595,1,0,6,1e-12,0.0132824,0,9.77707e-12,1.03371e-12
eigen_elementwise,596,1,0,6,1e-12,0.0134837,0,7.95808e-12,8.77692e-13
eigen_elementwise,597,1,0,6,1e-12,0.0134016,0,1.03455e-11,9.56278e-13
eigen_elementwise,598,1,0,6,1e-12,0.013516,0,1.21645e-11,8.71159e-13
eigen_elementwise,599,1,0,6,1e-12,0.0135491,0,1.03455e-11,8.99641e-13
eigen_elementwise,600,1,0,6,1e-12,0.0135359,0,7.16227e-12,8.65751e-13
eigen_elementwise,601,1,0,6,1e-12,0.0138344,0,7.7307e-12,8.99757e-13
eigen_elementwise,602,1,0,6,1e-12,0.0137738,0,1.03455e-11,9.95955e-13
eigen_elementwise,603,1,0,6,1e-12,0.0138047,0,1.22782e-11,9.81642e-13
eigen_elementwise,604,1,0,6,1e-12,0.0139108,0,8.07177e-12,9.65995e-13
eigen_elementwise,605,1,0,6,1e-12,0.0138696,0,1.10276e-11,9.55636e-13
eigen_elementwise,606,1,0,6,1e-12,0.0139236,0,1.04592e-11,8.42526e-13
eigen_elementwise,607,1,0,6,1e-12,0.0138119,0,1.63709e-11,9.50409e-13
eigen_elementwise,608,1,0,6,1e-12,0.013883,0,1.11413e-11,8.79387e-13
eigen_elementwise,609,1,0,6,1e-12,0.0140701,0,1.13687e-11,9.42046e-13
eigen_elementwise,610,1,0,6,1e-12,0.0141081,0,8.52651e-12,9.56606e-13
eigen_elementwise,611,1,0,6,1e-12,0.0140878,0,8.29914e-12,9.58077e-13
eigen_elementwise,612,1,0,6,1e-12,0.0141542,0,1.14824e-11,9.80339e-13
eigen_elementwise,613,1,0,6,1e-12,0.0142572,0,9.89075e-12,8.94624e-13
eigen_elementwise,614,1,0,6,1e-12,0.0141253,0,8.41283e-12,9.36194e-13
eigen_elementwise,615,1,0,6,1e-12,0.014422,0,8.18545e-12,8.76889e-13
eigen_elementwise,616,1,0,6,1e-12,0.014373,0,1.01181e-11,9.89593e-13
eigen_elementwise,617,1,0,6,1e-12,0.0143133,0,1.43245e-11,9.3739e-13
eigen_elementwise,618,1,0,6,1e-12,0.0144662,0,7.27596e-12,8.9554e-13
eigen_elementwise,619,1,0,6,1e-12,0.0144201,0,8.07177e-12,9.30787e-13
eigen_elementwise,620,1,0,6,1e-12,0.014499,0,7.27596e-12,9.17471e-13
eigen_elementwise,621,1,0,6,1e-12,0.0145293,0,7.95808e-12,9.05173e-13
eigen_elementwise,622,1,0,6,1e-12,0.0145742,0,1.02318e-11,9.83803e-13
eigen_elementwise,623,1,0,6,1e-12,0.0146574,0,9.54969e-12,9.21658e-13
eigen_elementwise,624,1,0,6,1e-12,0.0145052,0,6.82121e-12,8.77424e-13
eigen_elementwise,625,1,0,6,1e-12,0.0148424,0,8.41283e-12,9.45075e-13
eigen_elementwise,626,1,0,6,1e-12,0.0147772,0,9.43601e-12,9.5694e-13
eigen_elementwise,627,1,0,6,1e-12,0.0146549,0,9.66338e-12,9.48092e-13
eigen_elementwise,628,1,0,6,1e-12,0.0148857,0,7.04858e-12,8.54903e-13
eigen_elementwise,629,1,0,6,1e-12,0.0148791,0,7.95808e-12,9.06059e-13
eigen_elementwise,630,1,0,6,1e-12,0.0149617,0,1.14824e-11,1.02198e-12
eigen_elementwise,631,1,0,6,1e-12,0.0149595,0,9.66338e-12,9.10565e-13
eigen_elementwise,632,1,0,6,1e-12,0.0150508,0,1.18234e-11,9.14326e-13
eigen_elementwise,633,1,0,6,1e-12,0.0152205,0,7.7307e-12,9.32847e-13
eigen_elementwise,634,1,0,6,1e-12,0.0151604,0,8.07177e-12,1.05203e-12
eigen_elementwise,635,1,0,6,1e-12,0.0152129,0,6.9349e-12,8.61551e-13
eigen_elementwise,636,1,0,6,1e-12,0.0152984,0,1.54614e-11,9.92393e-13
eigen_elementwise,637,1,0,6,1e-12,0.0152945,0,1.01181e-11,9.40896e-13
eigen_elementwise,638,1,0,6,1e-12,0.0153214,0,9.20863e-12,9.1262e-13
eigen_elementwise,639,1,0,6,1e-12,0.01564,0,7.27596e-12,9.46147e-13
eigen_elementwise,640,1,0,6,1e-12,0.0154531,0,1.27329e-11,1.00547e-12
eigen_elementwise,641,1,0,6,1e-12,0.0155622,0,9.77707e-12,1.05019e-12
eigen_elementwise,642,1,0,6,1e-12,0.0154438,0,1.35287e-11,9.26355e-13
eigen_elementwise,643,1,0,6,1e-12,0.0155829,0,1.28466e-11,1.00455e-12
eigen_elementwise,644,1,0,6,1e-12,0.0157403,0,1.04592e-11,8.66144e-13
eigen_elementwise,645,1,0,6,1e-12,0.0155221,0,8.41283e-12,9.86605e-13
eigen_elementwise,646,1,0,6,1e-12,0.0157442,0,8.6402e-12,9.38312e-13
eigen_elementwise,647,1,0,6,1e-12,0.0157799,0,6.9349e-12,9.96276e-13
eigen_elementwise,648,1,0,6,1e-12,0.0158523,0,8.98126e-12,9.68585e-13
eigen_elementwise,649,1,0,6,1e-12,0.0159994,0,9.77707e-12,9.93652e-13
eigen_elementwise,650,1,0,6,1e-12,0.0159667,0,9.77707e-12,9.12535e-13
eigen_elementwise,651,1,0,6,1e-12,0.0159964,0,9.20863e-12,9.07092e-13
eigen_elementwise,652,1,0,6,1e-12,0.0160177,0,1.17097e-11,9.84155e-13
eigen_elementwise,653,1,0,6,1e-12,0.0161877,0,8.52651e-12,8.9896e-13
eigen_elementwise,654,1,0,6,1e-12,0.0161805,0,1.15961e-11,9.92003e-13
eigen_elementwise,655,1,0,6,1e-12,0.0161601,0,8.41283e-12,9.62213e-13
eigen_elementwise,656,1,0,6,1e-12,0.0162121,0,9.20863e-12,9.46295e-13
eigen_elementwise,657,1,0,6,1e-12,0.0169558,0,8.29914e-12,9.36749e-13
eigen_elementwise,658,1,0,6,1e-12,0.0169265,0,1.11413e-11,1.03596e-12
eigen_elementwise,659,1,0,6,1e-12,0.0170301,0,1.11413e-11,8.71809e-13
eigen_elementwise,660,1,0,6,1e-12,0.0171813,0,1.45519e-11,8.97219e-13
eigen_elementwise,661,1,0,6,1e-12,0.0171946,0,1.3074e-11,1.06176e-12
eigen_elementwise,662,1,0,6,1e-12,0.0172904,0,8.86757e-12,8.94872e-13
eigen_elementwise,663,1,0,6,1e-12,0.0172344,0,1.14824e-11,1.00047e-12
eigen_elementwise,664,1,0,6,1e-12,0.0175107,0,8.98126e-12,9.44498e-13
eigen_elementwise,665,1,0,6,1e-12,0.0174046,0,1.23919e-11,9.563e-13
eigen_elementwise,666,1,0,6,1e-12,0.017359,0,7.95808e-12,9.26851e-13
eigen_elementwise,667,1,0,6,1e-12,0.0175055,0,1.06866e-11,9.91956e-13
eigen_elementwise,668,1,0,6,1e-12,0.0175591,0,6.9349e-12,9.32887e-13
eigen_elementwise,669,1,0,6,1e-12,0.0176515,0,8.98126e-12,9.52504e-13
eigen_elementwise,670,1,0,6,1e-12,0.0175823,0,9.43601e-12,9.01678e-13
eigen_elementwise,671,1,0,6,1e-12,0.017585,0,1.22782e-11,9.69125e-13
eigen_elementwise,672,1,0,6,1e-12,0.0176232,0,1.53477e-11,9.37059e-13
eigen_elementwise,673,1,0,6,1e-12,0.0178185,0,7.95808e-12,9.5376e-13
eigen_elementwise,674,1,0,6,1e-12,0.0178741,0,1.31877e-11,9.4011e-13
eigen_elementwise,675,1,0,6,1e-12,0.0178739,0,1.1255e-11,9.85553e-13
eigen_elementwise,676,1,0,6,1e-12,0.0178553,0,1.29603e-11,9.6293e-13
eigen_elementwise,677,1,0,6,1e-12,0.0179646,0,9.89075e-12,9.19406e-13
eigen_elementwise,678,1,0,6,1e-12,0.0180966,0,9.66338e-12,9.59642e-13
eigen_elementwise,679,1,0,6,1e-12,0.0181061,0,1.43245e-11,9.76286e-13
eigen_elementwise,680,1,0,6,1e-12,0.0181935,0,1.02318e-11,9.57138e-13
eigen_elementwise,681,1,0,6,1e-12,0.0182749,0,8.07177e-12,1.08845e-12
eigen_elementwise,682,1,0,6,1e-12,0.0181137,0,7.04858e-12,9.72424e-13
eigen_elementwise,683,1,0,6,1e-12,0.018285,0,1.36424e-11,9.64891e-13
eigen_elementwise,684,1,0,6,1e-12,0.0182831,0,1.13687e-11,1.00156e-12
eigen_elementwise,685,1,0,6,1e-12,0.0179348,0,1.03455e-11,9.31777e-13
eigen_elementwise,686,1,0,6,1e-12,0.0180082,0,1.06866e-11,9.56513e-13
eigen_elementwise,687,1,0,6,1e-12,0.0178276,0,7.61702e-12,1.01466e-12
eigen_elementwise,688,1,0,6,1e-12,0.0181183,0,6.82121e-12,1.01155e-12
eigen_elementwise,689,1,0,6,1e-12,0.0179971,0,1.13687e-11,9.57461e-13
eigen_elementwise,690,1,0,6,1e-12,0.0180621,0,1.40972e-11,9.47143e-13
eigen_elementwise,691,1,0,6,1e-12,0.0179024,0,1.21645e-11,9.6945e-13
eigen_elementwise,692,1,0,6,1e-12,0.0180602,0,1.06866e-11,9.52737e-13
eigen_elementwise,693,1,0,6,1e-12,0.0181804,0,7.38964e-12,9.71731e-13
eigen_elementwise,694,1,0,6,1e-12,0.0181675,0,1.10276e-11,1.11874e-12
eigen_elementwise,695,1,0,6,1e-12,0.0183937,0,9.89075e-12,9.89917e-13
eigen_elementwise,696,1,0,6,1e-12,0.0184057,0,1.08002e-11,9.29154e-13
eigen_elementwise,697,1,0,6,1e-12,0.0183654,0,1.04592e-11,9.64501e-13
eigen_elementwise,698,1,0,6,1e-12,0.0183796,0,1.04592e-11,9.91926e-13
eigen_elementwise,699,1,0,6,1e-12,0.0183728,0,8.41283e-12,9.90535e-13
eigen_elementwise,700,1,0,6,1e-12,0.0186107,0,1.03455e-11,9.88239e-13
eigen_elementwise,701,1,0,6,1e-12,0.0185301,0,1.39835e-11,9.32966e-13
eigen_elementwise,702,1,0,6,1e-12,0.0188008,0,8.41283e-12,9.06481e-13
eigen_elementwise,703,1,0,6,1e-12,0.0189831,0,9.43601e-12,1.10297e-12
eigen_elementwise,704,1,0,6,1e-12,0.0186834,0,8.86757e-12,9.36956e-13
eigen_elementwise,705,1,0,6,1e-12,0.0188002,0,1.1255e-11,9.39428e-13
eigen_elementwise,706,1,0,6,1e-12,0.0189771,0,1.01181e-11,9.51637e-13
eigen_elementwise,707,1,0,6,1e-12,0.0188082,0,9.77707e-12,9.94858e-13
eigen_elementwise,708,1,0,6,1e-12,0.0190628,0,1.26192e-11,9.79429e-13
eigen_elementwise,709,1,0,6,1e-12,0.0190691,0,1.13687e-11,9.74183e-13
eigen_elementwise,710,1,0,6,1e-12,0.0190877,0,8.75389e-12,9.44318e-13
eigen_elementwise,711,1,0,6,1e-12,0.0191693,0,1.25056e-11,9.6346e-13
eigen_elementwise,712,1,0,6,1e-12,0.0192436,0,7.38964e-12,9.70394e-13
eigen_elementwise,713,1,0,6,1e-12,0.0193508,0,8.98126e-12,9.4891e-13
eigen_elementwise,714,1,0,6,1e-12,0.0192284,0,8.18545e-12,9.85137e-13
eigen_elementwise,715,1,0,6,1e-12,0.0194194,0,1.33014e-11,9.63225e-13
eigen_elementwise,716,1,0,6,1e-12,0.0194541,0,9.09495e-12,9.34464e-13
eigen_elementwise,717,1,0,6,1e-12,0.0193976,0,8.75389e-12,9.88603e-13
eigen_elementwise,718,1,0,6,1e-12,0.0195454,0,1.09139e-11,1.03466e-12
eigen_elementwise,719,1,0,6,1e-12,0.0195152,0,1.11413e-11,1.0003e-12
eigen_elementwise,720,1,0,6,1e-12,0.019522,0,1.27329e-11,1.00132e-12
eigen_elementwise,721,1,0,6,1e-12,0.0196248,0,1.06866e-11,9.77124e-13
eigen_elementwise,722,1,0,6,1e-12,0.0196384,0,1.00044e-11,8.75798e-13
eigen_elementwise,723,1,0,6,1e-12,0.0196693,0,8.86757e-12,9.82357e-13
eigen_elementwise,724,1,0,6,1e-12,0.0197526,0,7.84439e-12,9.18881e-13
eigen_elementwise,725,1,0,6,1e-12,0.019883,0,1.22782e-11,1.08396e-12
eigen_elementwise,726,1,0,6,1e-12,0.0198902,0,8.6402e-12,9.23677e-13
eigen_elementwise,727,1,0,6,1e-12,0.0200078,0,8.86757e-12,9.96654e-13
eigen_elementwise,728,1,0,6,1e-12,0.0201164,0,1.77351e-11,9.6994e-13
eigen_elementwise,729,1,0,6,1e-12,0.020106,0,9.77707e-12,9.83412e-13
eigen_elementwise,730,1,0,6,1e-12,0.0201975,0,9.09495e-12,1.0509e-12
eigen_elementwise,731,1,0,6,1e-12,0.020187,0,1.22782e-11,1.03577e-12
eigen_elementwise,732,1,0,6,1e-12,0.020218,0,1.06866e-11,9.63805e-13
eigen_elementwise,733,1,0,6,1e-12,0.0201942,0,9.54969e-12,1.06228e-12
eigen_elementwise,734,1,0,6,1e-12,0.0204594,0,7.84439e-12,9.08052e-13
eigen_elementwise,735,1,0,6,1e-12,0.0203221,0,7.16227e-12,9.82433e-13
eigen_elementwise,736,1,0,6,1e-12,0.0207386,0,9.20863e-12,9.25974e-13
eigen_elementwise,737,1,0,6,1e-12,0.0206192,0,9.77707e-12,9.51095e-13
eigen_elementwise,738,1,0,6,1e-12,0.0208206,0,9.89075e-12,9.83388e-13
eigen_elementwise,739,1,0,6,1e-12,0.0206689,0,8.07177e-12,9.61592e-13
eigen_elementwise,740,1,0,6,1e-12,0.0208178,0,1.35287e-11,1.04309e-12
eigen_elementwise,741,1,0,6,1e-12,0.0207593,0,8.98126e-12,1.01123e-12
eigen_elementwise,742,1,0,6,1e-12,0.0208799,0,8.75389e-12,9.9543e-13
eigen_elementwise,743,1,0,6,1e-12,0.0207762,0,8.75389e-12,1.01013e-12
eigen_elementwise,744,1,0,6,1e-12,0.0209079,0,1.27329e-11,1.00688e-12
eigen_elementwise,745,1,0,6,1e-12,0.0210318,0,1.18234e-11,1.01626e-12
eigen_elementwise,746,1,0,6,1e-12,0.0210928,0,1.15961e-11,1.02554e-12
eigen_elementwise,747,1,0,6,1e-12,0.0211601,0,7.7307e-12,9.74407e-13
eigen_elementwise,748,1,0,6,1e-12,0.0213903,0,9.43601e-12,1.04771e-12
eigen_elementwise,749,1,0,6,1e-12,0.0212762,0,1.11413e-11,1.06772e-12
eigen_elementwise,750,1,0,6,1e-12,0.021356,0,1.29603e-11,1.0138e-12
eigen_elementwise,751,1,0,6,1e-12,0.0215083,0,9.20863e-12,1.063e-12
eigen_elementwise,752,1,0,6,1e-12,0.0215638,0,1.09139e-11,9.77872e-13
eigen_elementwise,753,1,0,6,1e-12,0.0215786,0,7.27596e-12,9.17421e-13
eigen_elementwise,754,1,0,6,1e-12,0.0215654,0,7.95808e-12,9.82197e-13
eigen_elementwise,755,1,0,6,1e-12,0.0216923,0,1.15961e-11,9.54595e-13
eigen_elementwise,756,1,0,6,1e-12,0.0217071,0,9.77707e-12,9.18138e-13
eigen_elementwise,757,1,0,6,1e-12,0.0218288,0,1.54614e-11,1.07207e-12
eigen_elementwise,758,1,0,6,1e-12,0.0218016,0,1.08002e-11,9.54846e-13
eigen_elementwise,759,1,0,6,1e-12,0.0218832,0,1.14824e-11,9.98343e-13
eigen_elementwise,760,1,0,6,1e-12,0.0219665,0,1.02318e-11,1.02772e-12
eigen_elementwise,761,1,0,6,1e-12,0.0220628,0,1.29603e-11,9.67913e-13
eigen_elementwise,762,1,0,6,1e-12,0.0219336,0,9.89075e-12,9.58202e-13
eigen_elementwise,763,1,0,6,1e-12,0.0221778,0,1.3074e-11,1.02125e-12
eigen_elementwise,764,1,0,6,1e-12,0.0221555,0,1.43245e-11,1.06163e-12
eigen_elementwise,765,1,0,6,1e-12,0.0223904,0,1.45519e-11,9.82891e-13
eigen_elementwise,766,1,0,6,1e-12,0.0222801,0,8.41283e-12,9.69063e-13
eigen_elementwise,767,1,0,6,1e-12,0.023214,0,8.6402e-12,9.46929e-13
eigen_elementwise,768,1,0,6,1e-12,0.0224436,0,1.13687e-11,9.60971e-13
eigen_elementwise,769,1,0,6,1e-12,0.0226463,0,1.23919e-11,1.01947e-12
eigen_elementwise,770,1,0,6,1e-12,0.022466,0,1.36424e-11,1.05953e-12
eigen_elementwise,771,1,0,6,1e-12,0.0226974,0,9.09495e-12,9.88565e-13
eigen_elementwise,772,1,0,6,1e-12,0.022903,0,1.27329e-11,9.7243e-13
eigen_elementwise,773,1,0,6,1e-12,0.0228035,0,1.11413e-11,9.90947e-13
eigen_elementwise,774,1,0,6,1e-12,0.0227287,0,8.75389e-12,1.017e-12
eigen_elementwise,775,1,0,6,1e-12,0.0222089,0,9.43601e-12,9.63065e-13
eigen_elementwise,776,1,0,6,1e-12,0.022356,0,9.43601e-12,1.04056e-12
eigen_elementwise,777,1,0,6,1e-12,0.0222569,0,1.83036e-11,1.04879e-12
eigen_elementwise,778,1,0,6,1e-12,0.0224308,0,1.38698e-11,1.04703e-12
eigen_elementwise,779,1,0,6,1e-12,0.0222976,0,1.02318e-11,1.02398e-12
eigen_elementwise,780,1,0,6,1e-12,0.0225283,0,8.29914e-12,9.33981e-13
eigen_elementwise,781,1,0,6,1e-12,0.0225878,0,8.41283e-12,9.75257e-13
eigen_elementwise,782,1,0,6,1e-12,0.0223464,0,1.47793e-11,9.65826e-13
eigen_elementwise,783,1,0,6,1e-12,0.0225618,0,9.32232e-12,9.88408e-13
eigen_elementwise,784,1,0,6,1e-12,0.0226552,0,7.61702e-12,9.94835e-13
eigen_elementwise,785,1,0,6,1e-12,0.022823,0,1.69393e-11,1.06034e-12
eigen_elementwise,786,1,0,6,1e-12,0.0228563,0,1.1255e-11,1.06129e-12
eigen_elementwise,787,1,0,6,1e-12,0.023069,0,1.15961e-11,1.07013e-12
eigen_elementwise,788,1,0,6,1e-12,0.0230406,0,7.50333e-12,9.53488e-13
eigen_elementwise,789,1,0,6,1e-12,0.0231044,0,1.63709e-11,1.09395e-12
eigen_elementwise,790,1,0,6,1e-12,0.0230103,0,1.03455e-11,9.91481e-13
eigen_elementwise,791,1,0,6,1e-12,0.0228661,0,1.43245e-11,1.06018e-12
eigen_elementwise,792,1,0,6,1e-12,0.0232807,0,1.44382e-11,1.04046e-12
eigen_elementwise,793,1,0,6,1e-12,0.0230269,0,1.21645e-11,1.05574e-12
eigen_elementwise,794,1,0,6,1e-12,0.0232868,0,1.39835e-11,9.94942e-13
eigen_elementwise,795,1,0,6,1e-12,0.0233311,0,9.66338e-12,1.03918e-12
eigen_elementwise,796,1,0,6,1e-12,0.0234266,0,9.32232e-12,9.76558e-13
eigen_elementwise,797,1,0,6,1e-12,0.0234972,0,1.18234e-11,9.74362e-13
eigen_elementwise,798,1,0,6,1e-12,0.0236967,0,1.17097e-11,1.00286e-12
eigen_elementwise,799,1,0,6,1e-12,0.0233728,0,1.02318e-11,9.64434e-13
eigen_elementwise,800,1,0,6,1e-12,0.0237653,0,1.40972e-11,1.10343e-12
eigen_elementwise,801,1,0,6,1e-12,0.0238921,0,8.6402e-12,1.07054e-12
eigen_elementwise,802,1,0,6,1e-12,0.0236583,0,8.52651e-12,1.02643e-12
eigen_elementwise,803,1,0,6,1e-12,0.0237559,0,1.27329e-11,1.05569e-12
eigen_elementwise,804,1,0,6,1e-12,0.0238948,0,1.11413e-11,1.01091e-12
eigen_elementwise,805,1,0,6,1e-12,0.0238547,0,1.01181e-11,1.11437e-12
eigen_elementwise,806,1,0,6,1e-12,0.0240947,0,1.08002e-11,1.03587e-12
eigen_elementwise,807,1,0,6,1e-12,0.0238629,0,8.18545e-12,9.43175e-13
eigen_elementwise,808,1,0,6,1e-12,0.0239325,0,1.17097e-11,9.87711e-13
eigen_elementwise,809,1,0,6,1e-12,0.0241176,0,1.09139e-11,1.00567e-12
eigen_elementwise,810,1,0,6,1e-12,0.024129,0,1.5234e-11,1.0992e-12
eigen_elementwise,811,1,0,6,1e-12,0.0243024,0,1.13687e-11,1.04527e-12
eigen_elementwise,812,1,0,6,1e-12,0.0243204,0,9.20863e-12,1.05153e-12
eigen_elementwise,813,1,0,6,1e-12,0.0245022,0,1.63709e-11,9.89655e-13
eigen_elementwise,814,1,0,6,1e-12,0.0246081,0,9.89075e-12,1.08213e-12
eigen_elementwise,815,1,0,6,1e-12,0.0246232,0,8.18545e-12,1.03281e-12
eigen_elementwise,816,1,0,6,1e-12,0.0245002,0,1.10276e-11,1.02915e-12
eigen_elementwise,817,1,0,6,1e-12,0.024802,0,1.17097e-11,1.01787e-12
eigen_elementwise,818,1,0,6,1e-12,0.0247059,0,8.18545e-12,9.9322e-13
eigen_elementwise,819,1,0,6,1e-12,0.0248761,0,1.14824e-11,1.0836e-12
eigen_elementwise,820,1,0,6,1e-12,0.0248729,0,1.00044e-11,1.02468e-12
eigen_elementwise,821,1,0,6,1e-12,0.0249553,0,1.97815e-11,9.81728e-13
eigen_elementwise,822,1,0,6,1e-12,0.0252176,0,8.98126e-12,9.79126e-13
eigen_elementwise,823,1,0,6,1e-12,0.0250337,0,8.6402e-12,9.74717e-13
eigen_elementwise,824,1,0,6,1e-12,0.0249817,0,1.14824e-11,1.03666e-12
eigen_elementwise,825,1,0,6,1e-12,0.0248839,0,1.20508e-11,1.00206e-12
eigen_elementwise,826,1,0,6,1e-12,0.025405,0,1.26192e-11,1.02815e-12
eigen_elementwise,827,1,0,6,1e-12,0.0251777,0,1.11413e-11,1.01682e-12
eigen_elementwise,828,1,0,6,1e-12,0.0251482,0,1.10276e-11,9.60008e-13
eigen_elementwise,829,1,0,6,1e-12,0.0252366,0,9.66338e-12,9.90015e-13
eigen_elementwise,830,1,0,6,1e-12,0.0254448,0,1.28466e-11,9.86136e-13
eigen_elementwise,831,1,0,6,1e-12,0.0256117,0,1.55751e-11,1.00777e-12
eigen_elementwise,832,1,0,6,1e-12,0.0257083,0,1.25056e-11,1.05976e-12
eigen_elementwise,833,1,0,6,1e-12,0.0263011,0,9.20863e-12,1.00704e-12
eigen_elementwise,834,1,0,6,1e-12,0.0263142,0,1.1255e-11,1.0408e-12
eigen_elementwise,835,1,0,6,1e-12,0.0265099,0,1.33014e-11,1.08712e-12
eigen_elementwise,836,1,0,6,1e-12,0.0262718,0,8.29914e-12,1.0245e-12
eigen_elementwise,837,1,0,6,1e-12,0.0265286,0,1.28466e-11,9.79962e-13
eigen_elementwise,838,1,0,6,1e-12,0.0266442,0,1.03455e-11,1.0337e-12
eigen_elementwise,839,1,0,6,1e-12,0.0269357,0,1.5234e-11,1.07742e-12
eigen_elementwise,840,1,0,6,1e-12,0.026764,0,1.38698e-11,1.00036e-12
eigen_elementwise,841,1,0,6,1e-12,0.027033,0,1.29603e-11,1.11283e-12
eigen_elementwise,842,1,0,6,1e-12,0.0268242,0,9.66338e-12,9.99315e-13
eigen_elementwise,843,1,0,6,1e-12,0.0269133,0,1.21645e-11,1.02117e-12
eigen_elementwise,844,1,0,6,1e-12,0.0271031,0,1.22782e-11,9.99964e-13
eigen_elementwise,845,1,0,6,1e-12,0.0271494,0,1.23919e-11,1.02372e-12
eigen_elementwise,846,1,0,6,1e-12,0.027376,0,1.20508e-11,1.08072e-12
eigen_elementwise,847,1,0,6,1e-12,0.0271293,0,1.40972e-11,1.00018e-12
eigen_elementwise,848,1,0,6,1e-12,0.0273528,0,1.25056e-11,9.65726e-13
eigen_elementwise,849,1,0,6,1e-12,0.0271504,0,9.43601e-12,9.76518e-13
eigen_elementwise,850,1,0,6,1e-12,0.0271816,0,1.10276e-11,1.01043e-12
eigen_elementwise,851,1,0,6,1e-12,0.0274054,0,9.89075e-12,9.85529e-13
eigen_elementwise,852,1,0,6,1e-12,0.0276531,0,1.08002e-11,1.03714e-12
eigen_elementwise,853,1,0,6,1e-12,0.0277828,0,8.29914e-12,1.03018e-12
eigen_elementwise,854,1,0,6,1e-12,0.0277551,0,1.42109e-11,1.07892e-12
eigen_elementwise,855,1,0,6,1e-12,0.0278148,0,1.21645e-11,1.0728e-12
eigen_elementwise,856,1,0,6,1e-12,0.0270096,0,1.1255e-11,1.00309e-12
eigen_elementwise,857,1,0,6,1e-12,0.027063,0,1.18234e-11,1.04009e-12
eigen_elementwise,858,1,0,6,1e-12,0.0275003,0,1.54614e-11,1.13316e-12
eigen_elementwise,859,1,0,6,1e-12,0.0273625,0,1.02318e-11,1.03366e-12
eigen_elementwise,860,1,0,6,1e-12,0.0272211,0,1.1255e-11,9.89983e-13
eigen_elementwise,861,1,0,6,1e-12,0.0275114,0,1.08002e-11,1.03431e-12
eigen_elementwise,862,1,0,6,1e-12,0.027699,0,1.20508e-11,1.03693e-12
eigen_elementwise,863,1,0,6,1e-12,0.0276635,0,1.47793e-11,1.04056e-12
eigen_elementwise,864,1,0,6,1e-12,0.0277294,0,1.02318e-11,1.06736e-12
eigen_elementwise,865,1,0,6,1e-12,0.0276886,0,1.5234e-11,9.83681e-13
eigen_elementwise,866,1,0,6,1e-12,0.0279285,0,1.02318e-11,1.09101e-12
eigen_elementwise,867,1,0,6,1e-12,0.0278989,0,1.43245e-11,1.0558e-12
eigen_elementwise,868,1,0,6,1e-12,0.0278107,0,1.36424e-11,1.03689e-12
eigen_elementwise,869,1,0,6,1e-12,0.0281544,0,8.86757e-12,1.03724e-12
eigen_elementwise,870,1,0,6,1e-12,0.028269,0,1.13687e-11,1.10572e-12
eigen_elementwise,871,1,0,6,1e-12,0.0283579,0,1.10276e-11,9.79338e-13
eigen_elementwise,872,1,0,6,1e-12,0.0280675,0,1.11413e-11,9.91707e-13
eigen_elementwise,873,1,0,6,1e-12,0.028191,0,1.89857e-11,1.17164e-12
eigen_elementwise,874,1,0,6,1e-12,0.0283685,0,1.00044e-11,1.09587e-12
eigen_elementwise,875,1,0,6,1e-12,0.0284615,0,9.89075e-12,1.03306e-12
eigen_elementwise,876,1,0,6,1e-12,0.0284618,0,9.54969e-12,1.00879e-12
eigen_elementwise,877,1,0,6,1e-12,0.0285979,0,1.62572e-11,1.01561e-12
eigen_elementwise,878,1,0,6,1e-12,0.028783,0,1.56888e-11,1.1435e-12
eigen_elementwise,879,1,0,6,1e-12,0.0288648,0,9.20863e-12,1.10076e-12
eigen_elementwise,880,1,0,6,1e-12,0.0288162,0,1.05729e-11,1.11523e-12
eigen_elementwise,881,1,0,6,1e-12,0.0288193,0,9.20863e-12,1.04521e-12
eigen_elementwise,882,1,0,6,1e-12,0.0291635,0,1.73941e-11,1.07059e-12
eigen_elementwise,883,1,0,6,1e-12,0.0288639,0,9.54969e-12,1.08558e-12
eigen_elementwise,884,1,0,6,1e-12,0.0290491,0,1.06866e-11,9.91542e-13
eigen_elementwise,885,1,0,6,1e-12,0.0291888,0,9.66338e-12,1.02585e-12
eigen_elementwise,886,1,0,6,1e-12,0.0290581,0,9.89075e-12,1.08239e-12
eigen_elementwise,887,1,0,6,1e-12,0.0292532,0,8.75389e-12,1.00415e-12
eigen_elementwise,888,1,0,6,1e-12,0.0292059,0,1.56888e-11,1.06538e-12
eigen_elementwise,889,1,0,6,1e-12,0.0294591,0,1.02318e-11,1.02053e-12
eigen_elementwise,890,1,0,6,1e-12,0.0295102,0,8.18545e-12,9.86202e-13
eigen_elementwise,891,1,0,6,1e-12,0.0294651,0,1.18234e-11,1.02849e-12
eigen_elementwise,892,1,0,6,1e-12,0.0298303,0,1.23919e-11,1.06776e-12
eigen_elementwise,893,1,0,6,1e-12,0.0296539,0,1.1255e-11,1.11303e-12
eigen_elementwise,894,1,0,6,1e-12,0.0299315,0,1.1255e-11,1.07675e-12
eigen_elementwise,895,1,0,6,1e-12,0.0302251,0,1.11413e-11,1.09144e-12
eigen_elementwise,896,1,0,6,1e-12,0.0301536,0,8.75389e-12,1.07784e-12
eigen_elementwise,897,1,0,6,1e-12,0.0299418,0,1.63709e-11,1.02944e-12
eigen_elementwise,898,1,0,6,1e-12,0.0301589,0,1.05729e-11,1.02675e-12
eigen_elementwise,899,1,0,6,1e-12,0.0299676,0,7.27596e-12,9.33001e-13
eigen_elementwise,900,1,0,6,1e-12,0.0303969,0,1.23919e-11,1.01733e-12
eigen_elementwise,901,1,0,6,1e-12,0.0299831,0,1.13687e-11,1.08041e-12
eigen_elementwise,902,1,0,6,1e-12,0.0304703,0,9.09495e-12,1.04978e-12
eigen_elementwise,903,1,0,6,1e-12,0.0303849,0,1.1255e-11,1.05256e-12
eigen_elementwise,904,1,0,6,1e-12,0.0302691,0,1.13687e-11,1.09878e-12
eigen_elementwise,905,1,0,6,1e-12,0.0302768,0,9.43601e-12,1.01032e-12
eigen_elementwise,906,1,0,6,1e-12,0.0303899,0,1.33014e-11,1.09905e-12
eigen_elementwise,907,1,0,6,1e-12,0.0302261,0,8.18545e-12,9.93634e-13
eigen_elementwise,908,1,0,6,1e-12,0.0304587,0,8.98126e-12,9.61056e-13
eigen_elementwise,909,1,0,6,1e-12,0.0306292,0,1.06866e-11,1.0601e-12
eigen_elementwise,910,1,0,6,1e-12,0.0305819,0,1.21645e-11,1.0146e-12
eigen_elementwise,911,1,0,6,1e-12,0.0308812,0,1.26192e-11,1.0357e-12
eigen_elementwise,912,1,0,6,1e-12,0.0308418,0,1.44382e-11,1.01616e-12
eigen_elementwise,913,1,0,6,1e-12,0.030641,0,9.89075e-12,1.10637e-12
eigen_elementwise,914,1,0,6,1e-12,0.0311865,0,1.25056e-11,1.06137e-12
eigen_elementwise,915,1,0,6,1e-12,0.0310921,0,9.54969e-12,1.06918e-12
eigen_elementwise,916,1,0,6,1e-12,0.0310123,0,9.66338e-12,1.00133e-12
eigen_elementwise,917,1,0,6,1e-12,0.030933,0,1.06866e-11,1.02961e-12
eigen_elementwise,918,1,0,6,1e-12,0.0313077,0,9.09495e-12,1.04121e-12
eigen_elementwise,919,1,0,6,1e-12,0.0306603,0,1.61435e-11,1.01921e-12
eigen_elementwise,920,1,0,6,1e-12,0.0315267,0,8.41283e-12,1.06034e-12
eigen_elementwise,921,1,0,6,1e-12,0.0311707,0,1.28466e-11,9.47424e-13
eigen_elementwise,922,1,0,6,1e-12,0.0313909,0,1.23919e-11,1.05159e-12
eigen_elementwise,923,1,0,6,1e-12,0.0313709,0,8.75389e-12,1.00569e-12
eigen_elementwise,924,1,0,6,1e-12,0.0315581,0,1.04592e-11,1.04976e-12
eigen_elementwise,925,1,0,6,1e-12,0.0314718,0,1.96678e-11,1.08098e-12
eigen_elementwise,926,1,0,6,1e-12,0.0316657,0,1.06866e-11,1.03398e-12
eigen_elementwise,927,1,0,6,1e-12,0.0315648,0,7.7307e-12,1.02288e-12
eigen_elementwise,928,1,0,6,1e-12,0.0318727,0,8.98126e-12,1.01883e-12
eigen_elementwise,929,1,0,6,1e-12,0.0313633,0,1.1255e-11,1.04478e-12
eigen_elementwise,930,1,0,6,1e-12,0.0307858,0,9.32232e-12,1.00765e-12
eigen_elementwise,931,1,0,6,1e-12,0.0317482,0,1.23919e-11,1.09607e-12
eigen_elementwise,932,1,0,6,1e-12,0.0313892,0,1.19371e-11,1.04261e-12
eigen_elementwise,933,1,0,6,1e-12,0.03145,0,1.13687e-11,1.00667e-12
eigen_elementwise,934,1,0,6,1e-12,0.0313957,0,1.10276e-11,9.92145e-13
eigen_elementwise,935,1,0,6,1e-12,0.0314188,0,1.09139e-11,1.05483e-12
eigen_elementwise,936,1,0,6,1e-12,0.0313499,0,8.6402e-12,1.02225e-12
eigen_elementwise,937,1,0,6,1e-12,0.0313242,0,9.09495e-12,1.08998e-12
eigen_elementwise,938,1,0,6,1e-12,0.0317475,0,1.08002e-11,1.01775e-12
eigen_elementwise,939,1,0,6,1e-12,0.0316604,0,1.10276e-11,1.03426e-12
eigen_elementwise,940,1,0,6,1e-12,0.031786,0,1.25056e-11,1.1185e-12
eigen_elementwise,941,1,0,6,1e-12,0.0320517,0,9.66338e-12,1.04924e-12
eigen_elementwise,942,1,0,6,1e-12,0.0319439,0,1.3074e-11,1.1234e-12
eigen_elementwise,943,1,0,6,1e-12,0.0320427,0,1.10276e-11,1.04889e-12
eigen_elementwise,944,1,0,6,1e-12,0.0321471,0,1.53477e-11,1.12877e-12
eigen_elementwise,945,1,0,6,1e-12,0.0323785,0,1.20508e-11,1.02538e-12
eigen_elementwise,946,1,0,6,1e-12,0.0322958,0,9.89075e-12,9.9002e-13
eigen_elementwise,947,1,0,6,1e-12,0.0320998,0,1.25056e-11,1.02557e-12
eigen_elementwise,948,1,0,6,1e-12,0.0322636,0,1.13687e-11,1.07262e-12
eigen_elementwise,949,1,0,6,1e-12,0.0325779,0,9.09495e-12,1.04369e-12
eigen_elementwise,950,1,0,6,1e-12,0.0325839,0,1.01181e-11,1.00684e-12
eigen_elementwise,951,1,0,6,1e-12,0.0324933,0,8.86757e-12,1.06e-12
eigen_elementwise,952,1,0,6,1e-12,0.0325613,0,1.27329e-11,1.07795e-12
eigen_elementwise,953,1,0,6,1e-12,0.032528,0,1.4893e-11,1.05296e-12
eigen_elementwise,954,1,0,6,1e-12,0.0329427,0,9.09495e-12,1.08586e-12
eigen_elementwise,955,1,0,6,1e-12,0.0327528,0,1.3415e-11,1.06866e-12
eigen_elementwise,956,1,0,6,1e-12,0.0329168,0,8.6402e-12,9.92776e-13
eigen_elementwise,957,1,0,6,1e-12,0.0328929,0,1.13687e-11,1.09335e-12
eigen_elementwise,958,1,0,6,1e-12,0.0330643,0,1.37561e-11,1.10398e-12
eigen_elementwise,959,1,0,6,1e-12,0.0329965,0,1.21645e-11,1.07643e-12
eigen_elementwise,960,1,0,6,1e-12,0.0335414,0,1.03455e-11,1.08991e-12
eigen_elementwise,961,1,0,6,1e-12,0.0330437,0,1.03455e-11,1.01069e-12
eigen_elementwise,962,1,0,6,1e-12,0.0333427,0,1.38698e-11,1.0864e-12
eigen_elementwise,963,1,0,6,1e-12,0.0331905,0,1.15961e-11,1.08051e-12
eigen_elementwise,964,1,0,6,1e-12,0.0333427,0,1.46656e-11,1.0291e-12
eigen_elementwise,965,1,0,6,1e-12,0.0337285,0,7.84439e-12,1.12074e-12
eigen_elementwise,966,1,0,6,1e-12,0.0338406,0,9.09495e-12,1.00298e-12
eigen_elementwise,967,1,0,6,1e-12,0.0332306,0,1.02318e-11,1.08187e-12
eigen_elementwise,968,1,0,6,1e-12,0.033999,0,1.40972e-11,1.02056e-12
eigen_elementwise,969,1,0,6,1e-12,0.0337445,0,1.04592e-11,1.04114e-12
eigen_elementwise,970,1,0,6,1e-12,0.0337095,0,8.6402e-12,1.01952e-12
eigen_elementwise,971,1,0,6,1e-12,0.0339696,0,1.11413e-11,1.07623e-12
eigen_elementwise,972,1,0,6,1e-12,0.0342492,0,1.05729e-11,1.08083e-12
eigen_elementwise,973,1,0,6,1e-12,0.0344823,0,1.39835e-11,1.02598e-12
eigen_elementwise,974,1,0,6,1e-12,0.0345052,0,9.66338e-12,1.06356e-12
eigen_elementwise,975,1,0,6,1e-12,0.0345195,0,1.69393e-11,1.02594e-12
eigen_elementwise,976,1,0,6,1e-12,0.034415,0,9.43601e-12,1.01723e-12
eigen_elementwise,977,1,0,6,1e-12,0.0343088,0,1.65983e-11,1.08135e-12
eigen_elementwise,978,1,0,6,1e-12,0.0352731,0,1.5234e-11,1.05889e-12
eigen_elementwise,979,1,0,6,1e-12,0.0351645,0,1.1255e-11,1.11664e-12
eigen_elementwise,980,1,0,6,1e-12,0.0350135,0,1.54614e-11,1.03159e-12
eigen_elementwise,981,1,0,6,1e-12,0.0351967,0,1.20508e-11,1.01863e-12
eigen_elementwise,982,1,0,6,1e-12,0.0357086,0,1.71667e-11,1.12439e-12
eigen_elementwise,983,1,0,6,1e-12,0.0351868,0,1.14824e-11,1.02791e-12
eigen_elementwise,984,1,0,6,1e-12,0.0355705,0,1.04592e-11,1.10321e-12
eigen_elementwise,985,1,0,6,1e-12,0.0355286,0,9.43601e-12,1.07909e-12
eigen_elementwise,986,1,0,6,1e-12,0.0360524,0,1.51203e-11,9.9681e-13
eigen_elementwise,987,1,0,6,1e-12,0.0359146,0,9.54969e-12,1.05313e-12
eigen_elementwise,988,1,0,6,1e-12,0.035992,0,1.72804e-11,1.09015e-12
eigen_elementwise,989,1,0,6,1e-12,0.0358769,0,1.46656e-11,1.08332e-12
eigen_elementwise,990,1,0,6,1e-12,0.036209,0,1.14824e-11,1.0529e-12
eigen_elementwise,991,1,0,6,1e-12,0.0363745,0,1.00044e-11,1.04128e-12
eigen_elementwise,992,1,0,6,1e-12,0.036654,0,1.10276e-11,1.02908e-12
eigen_elementwise,993,1,0,6,1e-12,0.0362432,0,1.3074e-11,1.04037e-12
eigen_elementwise,994,1,0,6,1e-12,0.0362469,0,8.86757e-12,1.04296e-12
eigen_elementwise,995,1,0,6,1e-12,0.036332,0,1.71667e-11,1.03396e-12
eigen_elementwise,996,1,0,6,1e-12,0.0368196,0,1.27329e-11,1.05628e-12
eigen_elementwise,997,1,0,6,1e-12,0.0356601,0,8.75389e-12,9.68681e-13
eigen_elementwise,998,1,0,6,1e-12,0.0366779,0,9.20863e-12,1.06759e-12
eigen_elementwise,999,1,0,6,1e-12,0.0358422,0,1.38698e-11,1.06564e-12
eigen_elementwise,1000,1,0,6,1e-12,0.0365174,0,1.61435e-11,1.089e-12
