version, size, hermitian, complex, seed, tol, runtime in s,min_error, max_error, avg_error
basic,1,1,0,6,1e-12,1.886e-06,0,0,0
basic,2,1,0,6,1e-12,2.864e-06,0,3.55271e-15,1.77636e-15
basic,3,1,0,6,1e-12,1.886e-06,1.77636e-14,1.13687e-13,6.75016e-14
basic,4,1,0,6,1e-12,2.305e-06,1.42109e-14,1.13687e-13,5.15143e-14
basic,5,1,0,6,1e-12,2.933e-06,2.84217e-14,3.41061e-13,1.00187e-13
basic,6,1,0,6,1e-12,4.191e-06,0,3.41061e-13,1.29674e-13
basic,7,1,0,6,1e-12,4.19e-06,0,4.54747e-13,1.64947e-13
basic,8,1,0,6,1e-12,8.66e-06,0,1.13687e-12,3.8991e-13
basic,9,1,0,6,1e-12,6.286e-06,5.68434e-14,7.95808e-13,2.08031e-13
basic,10,1,0,6,1e-12,6.774e-06,0,4.54747e-13,1.86517e-13
basic,11,1,0,6,1e-12,8.032e-06,2.84217e-14,7.95808e-13,2.14132e-13
basic,12,1,0,6,1e-12,9.917e-06,2.84217e-14,1.7053e-12,6.85378e-13
basic,13,1,0,6,1e-12,1.0965e-05,5.68434e-14,1.02318e-12,3.37235e-13
basic,14,1,0,6,1e-12,1.1803e-05,5.68434e-14,5.68434e-13,2.18492e-13
basic,15,1,0,6,1e-12,1.3829e-05,2.84217e-14,7.95808e-13,2.67164e-13
basic,16,1,0,6,1e-12,1.6552e-05,1.42109e-14,1.13687e-12,3.42615e-13
basic,17,1,0,6,1e-12,1.8578e-05,0,1.25056e-12,3.33328e-13
basic,18,1,0,6,1e-12,1.9416e-05,0,8.52651e-13,3.62179e-13
basic,19,1,0,6,1e-12,2.0882e-05,0,5.68434e-13,1.86424e-13
basic,20,1,0,6,1e-12,2.2768e-05,0,6.25278e-13,2.1334e-13
basic,21,1,0,6,1e-12,2.3816e-05,4.26326e-14,1.13687e-12,3.72697e-13
basic,22,1,0,6,1e-12,2.6749e-05,0,9.09495e-13,3.16837e-13
basic,23,1,0,6,1e-12,3.1009e-05,0,7.95808e-13,2.42975e-13
basic,24,1,0,6,1e-12,2.9892e-05,0,1.25056e-12,3.68594e-13
basic,25,1,0,6,1e-12,3.2407e-05,0,1.47793e-12,4.32436e-13
basic,26,1,0,6,1e-12,3.5689e-05,2.84217e-14,1.25056e-12,3.93941e-13
basic,27,1,0,6,1e-12,3.9949e-05,0,1.81899e-12,4.51984e-13
basic,28,1,0,6,1e-12,4.2394e-05,0,1.25056e-12,2.97413e-13
basic,29,1,0,6,1e-12,4.4e-05,1.42109e-14,2.04636e-12,4.42497e-13
basic,30,1,0,6,1e-12,4.4908e-05,0,1.47793e-12,4.17681e-13
basic,31,1,0,6,1e-12,4.9448e-05,0,1.59162e-12,4.52111e-13
basic,32,1,0,6,1e-12,5.5385e-05,0,1.36424e-12,3.52052e-13
basic,33,1,0,6,1e-12,5.5245e-05,0,2.38742e-12,3.9855e-13
basic,34,1,0,6,1e-12,5.7201e-05,0,1.59162e-12,4.19534e-13
basic,35,1,0,6,1e-12,6.3836e-05,0,1.47793e-12,4.04299e-13
basic,36,1,0,6,1e-12,6.5442e-05,0,1.7053e-12,3.97707e-13
basic,37,1,0,6,1e-12,7.054e-05,0,1.81899e-12,4.23637e-13
basic,38,1,0,6,1e-12,6.8654e-05,0,1.81899e-12,4.04074e-13
basic,39,1,0,6,1e-12,7.3613e-05,0,1.36424e-12,3.468e-13
basic,40,1,0,6,1e-12,7.962e-05,0,3.06954e-12,6.2208e-13
basic,41,1,0,6,1e-12,8.2203e-05,0,2.6148e-12,4.95993e-13
basic,42,1,0,6,1e-12,9.0515e-05,0,1.81899e-12,4.15245e-13
basic,43,1,0,6,1e-12,9.2541e-05,0,2.16005e-12,3.87494e-13
basic,44,1,0,6,1e-12,9.4076e-05,0,1.7053e-12,3.78848e-13
basic,45,1,0,6,1e-12,0.000108743,0,1.7053e-12,3.48719e-13
basic,46,1,0,6,1e-12,9.9664e-05,0,2.27374e-12,5.39163e-13
basic,47,1,0,6,1e-12,0.000111048,0,2.04636e-12,4.49834e-13
basic,48,1,0,6,1e-12,0.000111048,0,3.06954e-12,5.11665e-13
basic,49,1,0,6,1e-12,0.000115099,1.42109e-14,2.72848e-12,4.62578e-13
basic,50,1,0,6,1e-12,0.000120617,0,1.93268e-12,4.26681e-13
basic,51,1,0,6,1e-12,0.000126763,0,3.97904e-12,4.96126e-13
basic,52,1,0,6,1e-12,0.000126902,0,1.81899e-12,4.38897e-13
basic,53,1,0,6,1e-12,0.000133887,0,2.50111e-12,4.98452e-13
basic,54,1,0,6,1e-12,0.00015868,0,2.27374e-12,4.44747e-13
basic,55,1,0,6,1e-12,0.00014555,0,2.27374e-12,4.45639e-13
basic,56,1,0,6,1e-12,0.000149671,0,3.63798e-12,5.14826e-13
basic,57,1,0,6,1e-12,0.000156026,0,2.50111e-12,5.51356e-13
basic,58,1,0,6,1e-12,0.000149881,1.42109e-14,5.22959e-12,6.46533e-13
basic,59,1,0,6,1e-12,0.000157075,0,2.50111e-12,4.78894e-13
basic,60,1,0,6,1e-12,0.000164058,0,1.81899e-12,4.67656e-13
basic,61,1,0,6,1e-12,0.000166921,0,2.27374e-12,4.69774e-13
basic,62,1,0,6,1e-12,0.000177119,0,1.81899e-12,4.21512e-13
basic,63,1,0,6,1e-12,0.000185081,0,2.27374e-12,4.52435e-13
basic,64,1,0,6,1e-12,0.000191296,0,2.38742e-12,4.70401e-13
basic,65,1,0,6,1e-12,0.000199259,0,2.50111e-12,4.29824e-13
basic,66,1,0,6,1e-12,0.000198141,0,3.41061e-12,4.78217e-13
basic,67,1,0,6,1e-12,0.000215182,0,1.7053e-12,3.50393e-13
basic,68,1,0,6,1e-12,0.000217976,0,3.75167e-12,6.00722e-13
basic,69,1,0,6,1e-12,0.00022091,0,2.38742e-12,5.20292e-13
basic,70,1,0,6,1e-12,0.000219652,0,4.66116e-12,5.97059e-13
basic,71,1,0,6,1e-12,0.000237112,0,2.16005e-12,4.15217e-13
basic,72,1,0,6,1e-12,0.000241862,0,3.18323e-12,5.81609e-13
basic,73,1,0,6,1e-12,0.00025143,0,3.29692e-12,4.49199e-13
basic,74,1,0,6,1e-12,0.000243189,0,2.27374e-12,4.29494e-13
basic,75,1,0,6,1e-12,0.000257297,0,2.84217e-12,5.1197e-13
basic,76,1,0,6,1e-12,0.000265259,0,1.81899e-12,4.63162e-13
basic,77,1,0,6,1e-12,0.00027378,0,4.43379e-12,5.92427e-13
basic,78,1,0,6,1e-12,0.000277691,0,3.29692e-12,5.13413e-13
basic,79,1,0,6,1e-12,0.000286211,0,3.29692e-12,5.72931e-13
basic,80,1,0,6,1e-12,0.000290542,0,3.52429e-12,5.66658e-13
basic,81,1,0,6,1e-12,0.000298993,0,3.06954e-12,5.60671e-13
basic,82,1,0,6,1e-12,0.000312682,0,3.41061e-12,5.03186e-13
basic,83,1,0,6,1e-12,0.000313939,0,5.00222e-12,6.2562e-13
basic,84,1,0,6,1e-12,0.000316452,0,2.50111e-12,5.52024e-13
basic,85,1,0,6,1e-12,0.00032616,0,2.27374e-12,4.57673e-13
basic,86,1,0,6,1e-12,0.000340549,0,3.75167e-12,6.20196e-13
basic,87,1,0,6,1e-12,0.000352421,0,3.41061e-12,5.88362e-13
basic,88,1,0,6,1e-12,0.000345157,0,2.50111e-12,5.12479e-13
basic,89,1,0,6,1e-12,0.000356053,0,4.3201e-12,5.15862e-13
basic,90,1,0,6,1e-12,0.000368415,0,3.52429e-12,6.51686e-13
basic,91,1,0,6,1e-12,0.000374003,0,3.41061e-12,6.08217e-13
basic,92,1,0,6,1e-12,0.000388879,0,3.41061e-12,6.0651e-13
basic,93,1,0,6,1e-12,0.000396142,0,4.43379e-12,5.69886e-13
basic,94,1,0,6,1e-12,0.000403127,0,3.06954e-12,5.36687e-13
basic,95,1,0,6,1e-12,0.000406759,0,3.06954e-12,6.60468e-13
basic,96,1,0,6,1e-12,0.000415767,0,2.6148e-12,5.5426e-13
basic,97,1,0,6,1e-12,0.000414162,0,4.77485e-12,5.22615e-13
basic,98,1,0,6,1e-12,0.000431203,0,3.75167e-12,5.28303e-13
basic,99,1,0,6,1e-12,0.000437628,0,2.6148e-12,4.2751e-13
basic,100,1,0,6,1e-12,0.000444891,0,4.3201e-12,5.66889e-13
basic,101,1,0,6,1e-12,0.000452155,0,2.6148e-12,5.84417e-13
basic,102,1,0,6,1e-12,0.000474785,0,3.63798e-12,5.16889e-13
basic,103,1,0,6,1e-12,0.000481908,0,3.29692e-12,6.58912e-13
basic,104,1,0,6,1e-12,0.000488752,0,3.86535e-12,6.6762e-13
basic,105,1,0,6,1e-12,0.000500625,0,4.77485e-12,5.32882e-13
basic,106,1,0,6,1e-12,0.000509076,0,3.41061e-12,5.60566e-13
basic,107,1,0,6,1e-12,0.000512359,0,2.50111e-12,4.93159e-13
basic,108,1,0,6,1e-12,0.000518436,0,3.75167e-12,5.80412e-13
basic,109,1,0,6,1e-12,0.000528283,0,3.06954e-12,5.65277e-13
basic,110,1,0,6,1e-12,0.000526048,0,3.63798e-12,4.76064e-13
basic,111,1,0,6,1e-12,0.000596937,0,5.00222e-12,6.7608e-13
basic,112,1,0,6,1e-12,0.000558524,0,2.72848e-12,4.33058e-13
basic,113,1,0,6,1e-12,0.000567394,0,2.04636e-12,4.27045e-13
basic,114,1,0,6,1e-12,0.000568512,0,4.88853e-12,6.56785e-13
basic,115,1,0,6,1e-12,0.000639331,0,4.20641e-12,6.38133e-13
basic,116,1,0,6,1e-12,0.000603433,0,3.97904e-12,5.29236e-13
basic,117,1,0,6,1e-12,0.000603223,0,4.88853e-12,6.26724e-13
basic,118,1,0,6,1e-12,0.000619705,0,3.52429e-12,5.5918e-13
basic,119,1,0,6,1e-12,0.00062662,0,3.52429e-12,5.72188e-13
basic,120,1,0,6,1e-12,0.00063975,0,2.84217e-12,6.1395e-13
basic,121,1,0,6,1e-12,0.000656931,0,4.54747e-12,6.82672e-13
basic,122,1,0,6,1e-12,0.000659306,0,2.6148e-12,5.28004e-13
basic,123,1,0,6,1e-12,0.000671738,0,2.6148e-12,4.933e-13
basic,124,1,0,6,1e-12,0.000667617,0,5.00222e-12,5.94438e-13
basic,125,1,0,6,1e-12,0.000692132,0,2.72848e-12,6.05592e-13
basic,126,1,0,6,1e-12,0.000692341,0,3.86535e-12,5.81041e-13
basic,127,1,0,6,1e-12,0.000709662,0,5.00222e-12,5.71459e-13
basic,128,1,0,6,1e-12,0.000718602,0,3.06954e-12,5.68171e-13
basic,129,1,0,6,1e-12,0.000731871,0,4.3201e-12,7.14261e-13
basic,130,1,0,6,1e-12,0.000721885,0,3.06954e-12,5.38041e-13
basic,131,1,0,6,1e-12,0.000768329,0,3.06954e-12,5.62488e-13
basic,132,1,0,6,1e-12,0.0007721,0,3.97904e-12,6.43522e-13
basic,133,1,0,6,1e-12,0.000779364,0,3.86535e-12,6.08713e-13
basic,134,1,0,6,1e-12,0.000801014,0,3.18323e-12,6.26345e-13
basic,135,1,0,6,1e-12,0.00080318,0,4.3201e-12,6.00672e-13
basic,136,1,0,6,1e-12,0.000859892,0,4.54747e-12,6.41471e-13
basic,137,1,0,6,1e-12,0.000841732,0,3.97904e-12,6.44633e-13
basic,138,1,0,6,1e-12,0.000848996,0,5.57066e-12,6.28554e-13
basic,139,1,0,6,1e-12,0.000852977,0,4.20641e-12,6.66175e-13
basic,140,1,0,6,1e-12,0.000848786,0,2.6148e-12,5.81925e-13
basic,141,1,0,6,1e-12,0.000862056,0,4.20641e-12,5.83788e-13
basic,142,1,0,6,1e-12,0.000871764,0,4.77485e-12,5.39199e-13
basic,143,1,0,6,1e-12,0.000904799,0,4.09273e-12,6.58858e-13
basic,144,1,0,6,1e-12,0.000954527,0,3.97904e-12,5.80548e-13
basic,145,1,0,6,1e-12,0.000962489,0,3.63798e-12,5.79258e-13
basic,146,1,0,6,1e-12,0.000899771,0,5.11591e-12,6.47424e-13
basic,147,1,0,6,1e-12,0.00095753,0,5.57066e-12,6.6975e-13
basic,148,1,0,6,1e-12,0.00094419,0,2.38742e-12,5.38575e-13
basic,149,1,0,6,1e-12,0.000980788,0,3.29692e-12,6.10545e-13
basic,150,1,0,6,1e-12,0.00097059,0,5.91172e-12,6.37582e-13
basic,151,1,0,6,1e-12,0.000992032,0,4.3201e-12,6.72236e-13
basic,152,1,0,6,1e-12,0.00105021,0,3.52429e-12,7.01001e-13
basic,153,1,0,6,1e-12,0.00101697,0,5.11591e-12,6.24723e-13
basic,154,1,0,6,1e-12,0.00103184,0,3.52429e-12,6.68911e-13
basic,155,1,0,6,1e-12,0.0010646,0,4.20641e-12,6.34025e-13
basic,156,1,0,6,1e-12,0.00108276,0,6.36646e-12,6.08083e-13
basic,157,1,0,6,1e-12,0.00107032,0,4.66116e-12,7.28914e-13
basic,158,1,0,6,1e-12,0.00104511,0,8.07177e-12,6.55287e-13
basic,159,1,0,6,1e-12,0.00110629,0,5.00222e-12,5.64024e-13
basic,160,1,0,6,1e-12,0.00117041,0,6.13909e-12,7.2396e-13
basic,161,1,0,6,1e-12,0.00111027,0,3.86535e-12,5.88217e-13
basic,162,1,0,6,1e-12,0.00115854,0,5.45697e-12,6.30508e-13
basic,163,1,0,6,1e-12,0.00113598,0,7.7307e-12,6.68316e-13
basic,164,1,0,6,1e-12,0.00118277,0,4.77485e-12,6.80838e-13
basic,165,1,0,6,1e-12,0.00121797,0,5.45697e-12,6.74152e-13
basic,166,1,0,6,1e-12,0.00118221,0,4.54747e-12,6.45877e-13
basic,167,1,0,6,1e-12,0.00123843,0,5.00222e-12,6.07259e-13
basic,168,1,0,6,1e-12,0.00127678,0,3.52429e-12,6.98513e-13
basic,169,1,0,6,1e-12,0.00122565,0,4.43379e-12,6.46896e-13
basic,170,1,0,6,1e-12,0.0012846,0,6.13909e-12,6.55316e-13
basic,171,1,0,6,1e-12,0.00129256,0,4.09273e-12,7.72918e-13
basic,172,1,0,6,1e-12,0.00124353,0,3.97904e-12,6.83931e-13
basic,173,1,0,6,1e-12,0.00131295,0,3.97904e-12,7.83438e-13
basic,174,1,0,6,1e-12,0.00132678,0,4.20641e-12,7.07498e-13
basic,175,1,0,6,1e-12,0.00132441,0,4.43379e-12,5.61392e-13
basic,176,1,0,6,1e-12,0.0014071,0,4.09273e-12,6.61829e-13
basic,177,1,0,6,1e-12,0.00139502,0,4.43379e-12,7.21106e-13
basic,178,1,0,6,1e-12,0.00137679,0,5.34328e-12,7.82755e-13
basic,179,1,0,6,1e-12,0.00145229,0,5.00222e-12,7.00877e-13
basic,180,1,0,6,1e-12,0.00146549,0,4.66116e-12,7.01868e-13
basic,181,1,0,6,1e-12,0.00138077,0,7.16227e-12,7.6281e-13
basic,182,1,0,6,1e-12,0.00150188,0,6.9349e-12,7.17236e-13
basic,183,1,0,6,1e-12,0.00146088,0,4.20641e-12,7.2221e-13
basic,184,1,0,6,1e-12,0.00154357,0,3.97904e-12,7.52082e-13
basic,185,1,0,6,1e-12,0.00145075,0,5.11591e-12,6.64967e-13
basic,186,1,0,6,1e-12,0.00148595,0,6.82121e-12,7.59791e-13
basic,187,1,0,6,1e-12,0.00153058,0,8.52651e-12,7.02741e-13
basic,188,1,0,6,1e-12,0.00154378,0,4.66116e-12,6.77867e-13
basic,189,1,0,6,1e-12,0.00151675,0,2.84217e-12,5.98999e-13
basic,190,1,0,6,1e-12,0.00160636,0,5.34328e-12,7.22159e-13
basic,191,1,0,6,1e-12,0.00161628,0,5.22959e-12,6.91419e-13
basic,192,1,0,6,1e-12,0.00163276,0,5.45697e-12,8.14108e-13
basic,193,1,0,6,1e-12,0.00154497,0,6.13909e-12,7.3569e-13
basic,194,1,0,6,1e-12,0.00162263,0,5.45697e-12,6.85273e-13
basic,195,1,0,6,1e-12,0.00164994,0,5.11591e-12,6.8881e-13
basic,196,1,0,6,1e-12,0.00166887,0,8.75389e-12,7.09571e-13
basic,197,1,0,6,1e-12,0.00164023,0,3.97904e-12,6.60609e-13
basic,198,1,0,6,1e-12,0.00170658,0,5.22959e-12,7.34434e-13
basic,199,1,0,6,1e-12,0.00171699,0,4.88853e-12,6.8751e-13
basic,200,1,0,6,1e-12,0.00177161,0,6.70752e-12,7.6481e-13
basic,201,1,0,6,1e-12,0.00168535,0,5.91172e-12,7.19062e-13
basic,202,1,0,6,1e-12,0.00175806,0,5.11591e-12,6.95547e-13
basic,203,1,0,6,1e-12,0.00178578,0,4.3201e-12,7.35773e-13
basic,204,1,0,6,1e-12,0.00176818,0,4.3201e-12,6.83645e-13
basic,205,1,0,6,1e-12,0.001811,0,3.97904e-12,6.75542e-13
basic,206,1,0,6,1e-12,0.00177363,0,5.34328e-12,8.41413e-13
basic,207,1,0,6,1e-12,0.00185744,0,6.9349e-12,6.98557e-13
basic,208,1,0,6,1e-12,0.00192058,0,4.66116e-12,6.86722e-13
basic,209,1,0,6,1e-12,0.00190158,0,4.66116e-12,7.08029e-13
basic,210,1,0,6,1e-12,0.00189257,0,4.54747e-12,6.87643e-13
basic,211,1,0,6,1e-12,0.00187288,0,7.04858e-12,7.01573e-13
basic,212,1,0,6,1e-12,0.00199112,0,5.45697e-12,6.52591e-13
basic,213,1,0,6,1e-12,0.00196227,0,5.00222e-12,6.11042e-13
basic,214,1,0,6,1e-12,0.00199601,0,4.20641e-12,6.63241e-13
basic,215,1,0,6,1e-12,0.00202813,0,9.20863e-12,6.79556e-13
basic,216,1,0,6,1e-12,0.00210817,0,6.0254e-12,6.87436e-13
basic,217,1,0,6,1e-12,0.00195655,0,6.13909e-12,6.71776e-13
basic,218,1,0,6,1e-12,0.0021183,0,8.75389e-12,7.60827e-13
basic,219,1,0,6,1e-12,0.00213345,0,5.34328e-12,7.86162e-13
basic,220,1,0,6,1e-12,0.0021021,0,4.09273e-12,7.01366e-13
basic,221,1,0,6,1e-12,0.00210915,0,5.68434e-12,7.81167e-13
basic,222,1,0,6,1e-12,0.00212312,0,5.45697e-12,7.83191e-13
basic,223,1,0,6,1e-12,0.00215196,0,3.86535e-12,6.63746e-13
basic,224,1,0,6,1e-12,0.00222746,0,6.13909e-12,7.31197e-13
basic,225,1,0,6,1e-12,0.00211572,0,3.97904e-12,6.98262e-13
basic,226,1,0,6,1e-12,0.0022202,0,4.43379e-12,6.66621e-13
basic,227,1,0,6,1e-12,0.00226483,0,6.36646e-12,7.29347e-13
basic,228,1,0,6,1e-12,0.00226364,0,4.54747e-12,6.77333e-13
basic,229,1,0,6,1e-12,0.00226168,0,5.57066e-12,7.35716e-13
basic,230,1,0,6,1e-12,0.0023105,0,4.43379e-12,7.40918e-13
basic,231,1,0,6,1e-12,0.00228543,0,5.79803e-12,6.41149e-13
basic,232,1,0,6,1e-12,0.00240067,0,6.36646e-12,8.06726e-13
basic,233,1,0,6,1e-12,0.00236002,0,5.34328e-12,7.1287e-13
basic,234,1,0,6,1e-12,0.00226287,0,5.91172e-12,7.7341e-13
basic,235,1,0,6,1e-12,0.00238167,0,3.52429e-12,6.51949e-13
basic,236,1,0,6,1e-12,0.00240863,0,4.54747e-12,7.46489e-13
basic,237,1,0,6,1e-12,0.00242868,0,3.86535e-12,7.5317e-13
basic,238,1,0,6,1e-12,0.00245836,0,5.68434e-12,9.00908e-13
basic,239,1,0,6,1e-12,0.00246052,0,4.43379e-12,7.20184e-13
basic,240,1,0,6,1e-12,0.00255781,0,5.45697e-12,7.47857e-13
basic,241,1,0,6,1e-12,0.00254524,0,6.25278e-12,7.56195e-13
basic,242,1,0,6,1e-12,0.00257353,0,5.00222e-12,7.12882e-13
basic,243,1,0,6,1e-12,0.00258491,0,5.79803e-12,7.56668e-13
basic,244,1,0,6,1e-12,0.00255397,0,4.3201e-12,7.96823e-13
basic,245,1,0,6,1e-12,0.00262556,0,5.57066e-12,7.40308e-13
basic,246,1,0,6,1e-12,0.00263569,0,8.6402e-12,8.75206e-13
basic,247,1,0,6,1e-12,0.00265329,0,4.66116e-12,6.87565e-13
basic,248,1,0,6,1e-12,0.00270776,0,5.57066e-12,7.97642e-13
basic,249,1,0,6,1e-12,0.00272306,0,6.82121e-12,7.87579e-13
basic,250,1,0,6,1e-12,0.00273137,0,7.04858e-12,7.44647e-13
basic,251,1,0,6,1e-12,0.00273933,0,4.88853e-12,7.62689e-13
basic,252,1,0,6,1e-12,0.00273256,0,7.27596e-12,7.52923e-13
basic,253,1,0,6,1e-12,0.00280114,0,4.09273e-12,8.23599e-13
basic,254,1,0,6,1e-12,0.00280841,0,6.13909e-12,7.95213e-13
basic,255,1,0,6,1e-12,0.00280687,0,5.57066e-12,7.64777e-13
basic,256,1,0,6,1e-12,0.0030854,0,4.77485e-12,8.01434e-13
basic,257,1,0,6,1e-12,0.00286065,0,6.59384e-12,8.10216e-13
basic,258,1,0,6,1e-12,0.00274122,0,7.04858e-12,7.85201e-13
basic,259,1,0,6,1e-12,0.00293964,0,7.04858e-12,7.27494e-13
basic,260,1,0,6,1e-12,0.00295584,0,8.18545e-12,8.36896e-13
basic,261,1,0,6,1e-12,0.00298587,0,7.50333e-12,8.34782e-13
basic,262,1,0,6,1e-12,0.00300096,0,6.48015e-12,8.22452e-13
basic,263,1,0,6,1e-12,0.00303504,0,6.9349e-12,7.96176e-13
basic,264,1,0,6,1e-12,0.00303148,0,6.48015e-12,8.21979e-13
basic,265,1,0,6,1e-12,0.00304433,0,5.22959e-12,6.87091e-13
basic,266,1,0,6,1e-12,0.00307457,0,4.54747e-12,7.96686e-13
basic,267,1,0,6,1e-12,0.00306123,0,5.79803e-12,7.55547e-13
basic,268,1,0,6,1e-12,0.00311969,0,5.79803e-12,8.34174e-13
basic,269,1,0,6,1e-12,0.00312234,0,6.59384e-12,7.43922e-13
basic,270,1,0,6,1e-12,0.00318744,0,5.79803e-12,7.38835e-13
basic,271,1,0,6,1e-12,0.00319805,0,4.43379e-12,7.3198e-13
basic,272,1,0,6,1e-12,0.00318604,0,5.91172e-12,7.59038e-13
basic,273,1,0,6,1e-12,0.00320678,0,6.13909e-12,8.08133e-13
basic,274,1,0,6,1e-12,0.00325407,0,6.13909e-12,7.68049e-13
basic,275,1,0,6,1e-12,0.00330163,0,4.66116e-12,7.57776e-13
basic,276,1,0,6,1e-12,0.00327027,0,4.66116e-12,7.06967e-13
basic,277,1,0,6,1e-12,0.00328724,0,4.88853e-12,6.45728e-13
basic,278,1,0,6,1e-12,0.00334395,0,7.16227e-12,9.23865e-13
basic,279,1,0,6,1e-12,0.00330261,0,6.59384e-12,8.22033e-13
basic,280,1,0,6,1e-12,0.00334605,0,7.16227e-12,7.64247e-13
basic,281,1,0,6,1e-12,0.00336484,0,5.91172e-12,8.47543e-13
basic,282,1,0,6,1e-12,0.00341135,0,6.36646e-12,7.65144e-13
basic,283,1,0,6,1e-12,0.00364707,0,6.0254e-12,9.65128e-13
basic,284,1,0,6,1e-12,0.003455,0,6.82121e-12,8.04269e-13
basic,285,1,0,6,1e-12,0.00346848,0,6.9349e-12,8.06589e-13
basic,286,1,0,6,1e-12,0.0035055,0,5.68434e-12,7.89546e-13
basic,287,1,0,6,1e-12,0.00351004,0,6.0254e-12,8.06803e-13
basic,288,1,0,6,1e-12,0.00354098,0,4.77485e-12,7.32157e-13
basic,289,1,0,6,1e-12,0.00354964,0,4.77485e-12,6.99928e-13
basic,290,1,0,6,1e-12,0.00357052,0,4.88853e-12,7.04368e-13
basic,291,1,0,6,1e-12,0.00363973,0,7.50333e-12,7.9957e-13
basic,292,1,0,6,1e-12,0.00368932,0,6.48015e-12,7.82049e-13
basic,293,1,0,6,1e-12,0.00370126,0,6.13909e-12,8.39303e-13
basic,294,1,0,6,1e-12,0.00366788,0,5.45697e-12,7.31895e-13
basic,295,1,0,6,1e-12,0.00379087,0,6.13909e-12,8.58212e-13
basic,296,1,0,6,1e-12,0.00399767,0,6.70752e-12,7.79524e-13
basic,297,1,0,6,1e-12,0.00379932,0,6.70752e-12,8.05841e-13
basic,298,1,0,6,1e-12,0.00386735,0,6.70752e-12,7.83281e-13
basic,299,1,0,6,1e-12,0.00384737,0,6.13909e-12,7.34767e-13
basic,300,1,0,6,1e-12,0.00384674,0,4.88853e-12,7.25208e-13
basic,301,1,0,6,1e-12,0.00390457,0,8.86757e-12,8.87447e-13
basic,302,1,0,6,1e-12,0.00397916,0,6.82121e-12,7.86298e-13
basic,303,1,0,6,1e-12,0.00395374,0,9.77707e-12,7.93935e-13
basic,304,1,0,6,1e-12,0.00393586,0,5.57066e-12,7.15628e-13
basic,305,1,0,6,1e-12,0.0039881,0,6.25278e-12,7.53956e-13
basic,306,1,0,6,1e-12,0.00405815,0,1.02318e-11,7.70736e-13
basic,307,1,0,6,1e-12,0.00404167,0,5.91172e-12,7.97764e-13
basic,308,1,0,6,1e-12,0.0040358,0,8.41283e-12,9.64681e-13
basic,309,1,0,6,1e-12,0.00412094,0,7.16227e-12,7.81831e-13
basic,310,1,0,6,1e-12,0.00533437,0,5.00222e-12,7.11833e-13
basic,311,1,0,6,1e-12,0.00416627,0,4.77485e-12,6.90629e-13
basic,312,1,0,6,1e-12,0.00416683,0,5.11591e-12,7.34948e-13
basic,313,1,0,6,1e-12,0.00423737,0,7.7307e-12,8.45391e-13
basic,314,1,0,6,1e-12,0.00417109,0,6.48015e-12,7.50177e-13
basic,315,1,0,6,1e-12,0.00425406,0,6.9349e-12,6.82672e-13
basic,316,1,0,6,1e-12,0.00423492,0,4.54747e-12,7.50864e-13
basic,317,1,0,6,1e-12,0.00430805,0,7.38964e-12,7.81689e-13
basic,318,1,0,6,1e-12,0.00426195,0,5.22959e-12,7.56465e-13
basic,319,1,0,6,1e-12,0.00437307,0,5.91172e-12,7.84816e-13
basic,320,1,0,6,1e-12,0.00439465,0,4.43379e-12,6.90444e-13
basic,321,1,0,6,1e-12,0.00441232,0,4.54747e-12,6.89233e-13
basic,322,1,0,6,1e-12,0.00450032,0,6.36646e-12,7.65973e-13
basic,323,1,0,6,1e-12,0.00445925,0,3.86535e-12,7.11626e-13
basic,324,1,0,6,1e-12,0.0045849,0,5.11591e-12,8.18389e-13
basic,325,1,0,6,1e-12,0.00454649,0,7.95808e-12,7.78472e-13
basic,326,1,0,6,1e-12,0.00456157,0,8.6402e-12,9.17826e-13
basic,327,1,0,6,1e-12,0.00454949,0,6.36646e-12,7.58919e-13
basic,328,1,0,6,1e-12,0.00461291,0,6.25278e-12,7.66581e-13
basic,329,1,0,6,1e-12,0.00468233,0,5.11591e-12,7.89169e-13
basic,330,1,0,6,1e-12,0.00469574,0,5.34328e-12,7.57277e-13
basic,331,1,0,6,1e-12,0.00472179,0,8.52651e-12,8.38357e-13
basic,332,1,0,6,1e-12,0.00470419,0,5.91172e-12,7.96367e-13
basic,333,1,0,6,1e-12,0.00477976,0,5.57066e-12,7.38484e-13
basic,334,1,0,6,1e-12,0.00478542,0,4.43379e-12,7.60185e-13
basic,335,1,0,6,1e-12,0.00480253,0,5.45697e-12,7.7446e-13
basic,336,1,0,6,1e-12,0.0048035,0,7.7307e-12,8.52789e-13
basic,337,1,0,6,1e-12,0.00478262,0,6.0254e-12,7.85662e-13
basic,338,1,0,6,1e-12,0.00489618,0,5.79803e-12,6.9182e-13
basic,339,1,0,6,1e-12,0.00488487,0,6.70752e-12,7.70735e-13
basic,340,1,0,6,1e-12,0.00499061,0,7.95808e-12,8.58195e-13
basic,341,1,0,6,1e-12,0.00492035,0,7.50333e-12,8.13896e-13
basic,342,1,0,6,1e-12,0.005068,0,6.25278e-12,7.51111e-13
basic,343,1,0,6,1e-12,0.00504949,0,5.68434e-12,8.1067e-13
basic,344,1,0,6,1e-12,0.0050601,0,5.34328e-12,6.82972e-13
basic,345,1,0,6,1e-12,0.00511053,0,6.9349e-12,7.46121e-13
basic,346,1,0,6,1e-12,0.00506925,0,6.9349e-12,8.37052e-13
basic,347,1,0,6,1e-12,0.00515376,0,6.25278e-12,7.68917e-13
basic,348,1,0,6,1e-12,0.00516389,0,6.82121e-12,8.69199e-13
basic,349,1,0,6,1e-12,0.00518659,0,1.13687e-11,9.51788e-13
basic,350,1,0,6,1e-12,0.00526614,0,6.48015e-12,7.87667e-13
basic,351,1,0,6,1e-12,0.00523995,0,8.18545e-12,7.49065e-13
basic,352,1,0,6,1e-12,0.00529184,0,1.00044e-11,7.48336e-13
basic,353,1,0,6,1e-12,0.00528339,0,5.57066e-12,7.93429e-13
basic,354,1,0,6,1e-12,0.00530476,0,6.9349e-12,8.31029e-13
basic,355,1,0,6,1e-12,0.0053973,0,8.52651e-12,7.89377e-13
basic,356,1,0,6,1e-12,0.00546337,0,4.88853e-12,8.38619e-13
basic,357,1,0,6,1e-12,0.00547021,0,4.88853e-12,6.98022e-13
basic,358,1,0,6,1e-12,0.0054559,0,7.38964e-12,7.32154e-13
basic,359,1,0,6,1e-12,0.00551009,0,6.13909e-12,7.92644e-13
basic,360,1,0,6,1e-12,0.0054751,0,5.79803e-12,7.64049e-13
basic,361,1,0,6,1e-12,0.00547629,0,5.45697e-12,8.14602e-13
basic,362,1,0,6,1e-12,0.00555668,0,5.45697e-12,7.88685e-13
basic,363,1,0,6,1e-12,0.00559321,0,4.54747e-12,8.02847e-13
basic,364,1,0,6,1e-12,0.0056766,0,9.09495e-12,8.38773e-13
basic,365,1,0,6,1e-12,0.00565397,0,7.84439e-12,7.49182e-13
basic,366,1,0,6,1e-12,0.00571033,0,5.11591e-12,8.37378e-13
basic,367,1,0,6,1e-12,0.00567527,0,6.36646e-12,8.32615e-13
basic,368,1,0,6,1e-12,0.00579672,0,6.9349e-12,7.49069e-13
basic,369,1,0,6,1e-12,0.00577039,0,7.16227e-12,8.25332e-13
basic,370,1,0,6,1e-12,0.00588347,0,4.88853e-12,7.9347e-13
basic,371,1,0,6,1e-12,0.00583597,0,8.41283e-12,8.24049e-13
basic,372,1,0,6,1e-12,0.00591189,0,5.91172e-12,8.56131e-13
basic,373,1,0,6,1e-12,0.00589904,0,5.00222e-12,7.3048e-13
basic,374,1,0,6,1e-12,0.0059186,0,1.20508e-11,9.22833e-13
basic,375,1,0,6,1e-12,0.00584128,0,7.16227e-12,8.06875e-13
basic,376,1,0,6,1e-12,0.00602853,0,6.25278e-12,8.64271e-13
basic,377,1,0,6,1e-12,0.00601135,0,7.04858e-12,7.74119e-13
basic,378,1,0,6,1e-12,0.00604222,0,5.57066e-12,8.28734e-13
basic,379,1,0,6,1e-12,0.00609837,0,7.95808e-12,8.699e-13
basic,380,1,0,6,1e-12,0.0062354,0,8.75389e-12,7.75074e-13
basic,381,1,0,6,1e-12,0.00616032,0,6.0254e-12,7.97997e-13
basic,382,1,0,6,1e-12,0.00620502,0,6.25278e-12,8.77327e-13
basic,383,1,0,6,1e-12,0.00630957,0,5.11591e-12,7.99727e-13
basic,384,1,0,6,1e-12,0.0062604,0,9.89075e-12,8.57515e-13
basic,385,1,0,6,1e-12,0.0063322,0,6.13909e-12,8.27225e-13
basic,386,1,0,6,1e-12,0.00634589,0,7.84439e-12,8.2528e-13
basic,387,1,0,6,1e-12,0.00646245,0,9.54969e-12,8.85709e-13
basic,388,1,0,6,1e-12,0.00640428,0,6.82121e-12,8.23463e-13
basic,389,1,0,6,1e-12,0.00641329,0,9.43601e-12,9.42059e-13
basic,390,1,0,6,1e-12,0.00647922,0,6.70752e-12,8.12944e-13
basic,391,1,0,6,1e-12,0.00657504,0,7.04858e-12,8.70411e-13
basic,392,1,0,6,1e-12,0.00656268,0,1.6712e-11,8.71851e-13
basic,393,1,0,6,1e-12,0.00660926,0,6.36646e-12,7.83866e-13
basic,394,1,0,6,1e-12,0.00655094,0,1.05729e-11,8.15812e-13
basic,395,1,0,6,1e-12,0.00669405,0,6.9349e-12,8.58826e-13
basic,396,1,0,6,1e-12,0.00671766,0,6.0254e-12,7.99522e-13
basic,397,1,0,6,1e-12,0.00682005,0,8.98126e-12,9.34136e-13
basic,398,1,0,6,1e-12,0.00671912,0,4.54747e-12,8.3561e-13
basic,399,1,0,6,1e-12,0.00675041,0,8.07177e-12,9.75612e-13
basic,400,1,0,6,1e-12,0.00679958,0,4.88853e-12,7.54307e-13
basic,401,1,0,6,1e-12,0.006753,0,1.26192e-11,8.79199e-13
basic,402,1,0,6,1e-12,0.00682759,0,7.50333e-12,7.40076e-13
basic,403,1,0,6,1e-12,0.00694024,0,6.13909e-12,8.72768e-13
basic,404,1,0,6,1e-12,0.00696469,0,8.18545e-12,8.79433e-13
basic,405,1,0,6,1e-12,0.00690749,0,7.04858e-12,8.2812e-13
basic,406,1,0,6,1e-12,0.00700436,0,5.68434e-12,8.20036e-13
basic,407,1,0,6,1e-12,0.00707958,0,7.16227e-12,9.18579e-13
basic,408,1,0,6,1e-12,0.00716346,0,6.70752e-12,8.38987e-13
basic,409,1,0,6,1e-12,0.0071754,0,5.79803e-12,8.82698e-13
basic,410,1,0,6,1e-12,0.00709927,0,7.61702e-12,8.96388e-13
basic,411,1,0,6,1e-12,0.00737068,0,7.04858e-12,8.38567e-13
basic,412,1,0,6,1e-12,0.00715787,0,6.59384e-12,8.45259e-13
basic,413,1,0,6,1e-12,0.00734952,0,6.25278e-12,8.65361e-13
basic,414,1,0,6,1e-12,0.00733576,0,5.45697e-12,8.03341e-13
basic,415,1,0,6,1e-12,0.00725753,0,6.36646e-12,8.07188e-13
basic,416,1,0,6,1e-12,0.00738157,0,7.16227e-12,8.23379e-13
basic,417,1,0,6,1e-12,0.00736299,0,9.32232e-12,9.38244e-13
basic,418,1,0,6,1e-12,0.00744024,0,8.6402e-12,8.97544e-13
basic,419,1,0,6,1e-12,0.00751951,0,8.41283e-12,8.66031e-13
basic,420,1,0,6,1e-12,0.0075589,0,6.59384e-12,9.25761e-13
basic,421,1,0,6,1e-12,0.00760409,0,9.43601e-12,9.36723e-13
basic,422,1,0,6,1e-12,0.0076043,0,6.59384e-12,8.45721e-13
basic,423,1,0,6,1e-12,0.00764075,0,5.34328e-12,8.14468e-13
basic,424,1,0,6,1e-12,0.00772917,0,6.25278e-12,8.46451e-13
basic,425,1,0,6,1e-12,0.00767924,0,6.9349e-12,8.13842e-13
basic,426,1,0,6,1e-12,0.00768734,0,8.07177e-12,8.88177e-13
basic,427,1,0,6,1e-12,0.00776403,0,8.6402e-12,8.394e-13
basic,428,1,0,6,1e-12,0.00781885,0,6.13909e-12,7.52004e-13
basic,429,1,0,6,1e-12,0.00796671,0,7.04858e-12,9.06544e-13
basic,430,1,0,6,1e-12,0.00786187,0,5.79803e-12,7.2401e-13
basic,431,1,0,6,1e-12,0.00789505,0,1.15961e-11,8.79955e-13
basic,432,1,0,6,1e-12,0.00794156,0,8.75389e-12,8.09962e-13
basic,433,1,0,6,1e-12,0.00793032,0,8.6402e-12,7.59305e-13
basic,434,1,0,6,1e-12,0.00801706,0,7.7307e-12,9.39097e-13
basic,435,1,0,6,1e-12,0.00805275,0,7.50333e-12,9.24082e-13
basic,436,1,0,6,1e-12,0.00806742,0,7.61702e-12,8.12019e-13
basic,437,1,0,6,1e-12,0.00813223,0,9.89075e-12,8.64465e-13
basic,438,1,0,6,1e-12,0.00819139,0,7.50333e-12,9.20359e-13
basic,439,1,0,6,1e-12,0.00831347,0,5.11591e-12,8.15699e-13
basic,440,1,0,6,1e-12,0.00833477,0,7.61702e-12,8.09762e-13
basic,441,1,0,6,1e-12,0.00836969,0,8.29914e-12,8.24138e-13
basic,442,1,0,6,1e-12,0.00832115,0,8.6402e-12,9.77003e-13
basic,443,1,0,6,1e-12,0.00845301,0,6.70752e-12,8.67029e-13
basic,444,1,0,6,1e-12,0.00854101,0,8.29914e-12,8.53209e-13
basic,445,1,0,6,1e-12,0.00854102,0,8.29914e-12,9.07691e-13
basic,446,1,0,6,1e-12,0.00855051,0,6.13909e-12,8.32344e-13
basic,447,1,0,6,1e-12,0.00846705,0,6.13909e-12,8.38845e-13
basic,448,1,0,6,1e-12,0.00858683,0,7.27596e-12,9.27382e-13
basic,449,1,0,6,1e-12,0.008749,0,7.7307e-12,8.40517e-13
basic,450,1,0,6,1e-12,0.00873713,0,8.86757e-12,9.83599e-13
basic,451,1,0,6,1e-12,0.00872861,0,6.59384e-12,8.96122e-13
basic,452,1,0,6,1e-12,0.00876255,0,9.89075e-12,9.43658e-13
basic,453,1,0,6,1e-12,0.0087782,0,9.09495e-12,8.39634e-13
basic,454,1,0,6,1e-12,0.00885111,0,6.48015e-12,8.46052e-13
basic,455,1,0,6,1e-12,0.00887353,0,7.27596e-12,8.56852e-13
basic,456,1,0,6,1e-12,0.00897229,0,9.43601e-12,8.42447e-13
basic,457,1,0,6,1e-12,0.00896446,0,1.35287e-11,9.77465e-13
basic,458,1,0,6,1e-12,0.00894861,0,8.75389e-12,9.00042e-13
basic,459,1,0,6,1e-12,0.00901328,0,7.16227e-12,8.53569e-13
basic,460,1,0,6,1e-12,0.00906336,0,8.98126e-12,8.95709e-13
basic,461,1,0,6,1e-12,0.00917148,0,7.27596e-12,8.73299e-13
basic,462,1,0,6,1e-12,0.00923992,0,1.36424e-11,8.96012e-13
basic,463,1,0,6,1e-12,0.00921638,0,6.25278e-12,9.54148e-13
basic,464,1,0,6,1e-12,0.00921925,0,9.43601e-12,9.08086e-13
basic,465,1,0,6,1e-12,0.00922497,0,9.32232e-12,1.03414e-12
basic,466,1,0,6,1e-12,0.00928811,0,6.0254e-12,8.55061e-13
basic,467,1,0,6,1e-12,0.00929461,0,6.25278e-12,7.85631e-13
basic,468,1,0,6,1e-12,0.0093092,0,7.50333e-12,9.07072e-13
basic,469,1,0,6,1e-12,0.00937646,0,6.70752e-12,8.31987e-13
basic,470,1,0,6,1e-12,0.00941571,0,9.09495e-12,9.63442e-13
basic,471,1,0,6,1e-12,0.00945021,0,1.14824e-11,8.90887e-13
basic,472,1,0,6,1e-12,0.0095547,0,8.41283e-12,8.7083e-13
basic,473,1,0,6,1e-12,0.00955595,0,7.7307e-12,8.44081e-13
basic,474,1,0,6,1e-12,0.00957684,0,8.52651e-12,9.13887e-13
basic,475,1,0,6,1e-12,0.00962098,0,7.7307e-12,8.94604e-13
basic,476,1,0,6,1e-12,0.00959632,0,6.59384e-12,9.32235e-13
basic,477,1,0,6,1e-12,0.00959122,0,9.89075e-12,8.68629e-13
basic,478,1,0,6,1e-12,0.00962614,0,5.11591e-12,7.88561e-13
basic,479,1,0,6,1e-12,0.00972371,0,8.98126e-12,9.6011e-13
basic,480,1,0,6,1e-12,0.00983113,0,6.25278e-12,8.60866e-13
basic,481,1,0,6,1e-12,0.00984035,0,1.04592e-11,9.52973e-13
basic,482,1,0,6,1e-12,0.00980976,0,8.86757e-12,9.22801e-13
basic,483,1,0,6,1e-12,0.00994874,0,9.54969e-12,8.99655e-13
basic,484,1,0,6,1e-12,0.0100351,0,5.79803e-12,8.02247e-13
basic,485,1,0,6,1e-12,0.00998262,0,7.16227e-12,8.89707e-13
basic,486,1,0,6,1e-12,0.0100569,0,6.59384e-12,8.04256e-13
basic,487,1,0,6,1e-12,0.0101494,0,7.7307e-12,8.38774e-13
basic,488,1,0,6,1e-12,0.0102763,0,1.04592e-11,9.65543e-13
basic,489,1,0,6,1e-12,0.0102165,0,8.52651e-12,9.08656e-13
basic,490,1,0,6,1e-12,0.0103483,0,8.41283e-12,1.0342e-12
basic,491,1,0,6,1e-12,0.0103114,0,1.02318e-11,8.77833e-13
basic,492,1,0,6,1e-12,0.010361,0,8.6402e-12,9.08661e-13
basic,493,1,0,6,1e-12,0.0103466,0,9.43601e-12,8.64064e-13
basic,494,1,0,6,1e-12,0.0102818,0,7.95808e-12,9.65046e-13
basic,495,1,0,6,1e-12,0.0104788,0,9.32232e-12,9.8587e-13
basic,496,1,0,6,1e-12,0.0105697,0,6.59384e-12,8.14196e-13
basic,497,1,0,6,1e-12,0.0105235,0,7.16227e-12,8.52566e-13
basic,498,1,0,6,1e-12,0.0106237,0,7.27596e-12,9.14867e-13
basic,499,1,0,6,1e-12,0.0106349,0,8.75389e-12,9.59728e-13
basic,500,1,0,6,1e-12,0.0107111,0,9.43601e-12,9.15134e-13
basic,501,1,0,6,1e-12,0.010625,0,7.61702e-12,8.97193e-13
basic,502,1,0,6,1e-12,0.0107432,0,6.59384e-12,8.63417e-13
basic,503,1,0,6,1e-12,0.0107988,0,1.00044e-11,8.81046e-13
basic,504,1,0,6,1e-12,0.0108054,0,7.38964e-12,8.39361e-13
basic,505,1,0,6,1e-12,0.0109141,0,1.02318e-11,9.04643e-13
basic,506,1,0,6,1e-12,0.0108706,0,1.18234e-11,9.02776e-13
basic,507,1,0,6,1e-12,0.0110696,0,1.15961e-11,9.1707e-13
basic,508,1,0,6,1e-12,0.0110436,0,1.23919e-11,1.02745e-12
basic,509,1,0,6,1e-12,0.0111375,0,8.75389e-12,9.28265e-13
basic,510,1,0,6,1e-12,0.0118297,0,7.61702e-12,8.96729e-13
basic,511,1,0,6,1e-12,0.0136656,0,7.84439e-12,9.32851e-13
basic,512,1,0,6,1e-12,0.0129396,0,7.84439e-12,8.75281e-13
basic,513,1,0,6,1e-12,0.0120675,0,6.82121e-12,9.634e-13
basic,514,1,0,6,1e-12,0.0122576,0,6.82121e-12,9.71887e-13
basic,515,1,0,6,1e-12,0.0118564,0,8.86757e-12,9.02018e-13
basic,516,1,0,6,1e-12,0.0113402,0,7.95808e-12,8.97288e-13
basic,517,1,0,6,1e-12,0.011415,0,9.66338e-12,9.20578e-13
basic,518,1,0,6,1e-12,0.0113841,0,8.41283e-12,9.38743e-13
basic,519,1,0,6,1e-12,0.0115932,0,8.52651e-12,8.57098e-13
basic,520,1,0,6,1e-12,0.0116495,0,8.86757e-12,9.11858e-13
basic,521,1,0,6,1e-12,0.0116175,0,7.61702e-12,8.12284e-13
basic,522,1,0,6,1e-12,0.0115903,0,6.9349e-12,8.18071e-13
basic,523,1,0,6,1e-12,0.01168,0,1.05729e-11,1.05994e-12
basic,524,1,0,6,1e-12,0.0118124,0,8.6402e-12,8.93433e-13
basic,525,1,0,6,1e-12,0.0119003,0,8.6402e-12,9.5777e-13
basic,526,1,0,6,1e-12,0.0117624,0,7.95808e-12,8.64475e-13
basic,527,1,0,6,1e-12,0.0117415,0,6.13909e-12,8.08091e-13
basic,528,1,0,6,1e-12,0.0119076,0,1.20508e-11,9.24554e-13
basic,529,1,0,6,1e-12,0.0120582,0,9.54969e-12,9.93843e-13
basic,530,1,0,6,1e-12,0.0120441,0,8.07177e-12,1.03508e-12
basic,531,1,0,6,1e-12,0.0121299,0,1.04592e-11,9.63766e-13
basic,532,1,0,6,1e-12,0.0121193,0,1.40972e-11,8.18311e-13
basic,533,1,0,6,1e-12,0.0119849,0,9.89075e-12,8.93691e-13
basic,534,1,0,6,1e-12,0.012208,0,7.50333e-12,8.83901e-13
basic,535,1,0,6,1e-12,0.0122311,0,8.29914e-12,9.05249e-13
basic,536,1,0,6,1e-12,0.0123358,0,1.06866e-11,9.70708e-13
basic,537,1,0,6,1e-12,0.0122648,0,8.75389e-12,9.41158e-13
basic,538,1,0,6,1e-12,0.0124957,0,5.11591e-12,8.20375e-13
basic,539,1,0,6,1e-12,0.0125124,0,8.29914e-12,9.07077e-13
basic,540,1,0,6,1e-12,0.0124711,0,8.6402e-12,9.75631e-13
basic,541,1,0,6,1e-12,0.0124651,0,6.25278e-12,9.16106e-13
basic,542,1,0,6,1e-12,0.0125505,0,7.50333e-12,8.65985e-13
basic,543,1,0,6,1e-12,0.0126241,0,1.40972e-11,9.8121e-13
basic,544,1,0,6,1e-12,0.0127201,0,1.02318e-11,8.69322e-13
basic,545,1,0,6,1e-12,0.0127583,0,6.70752e-12,9.64473e-13
basic,546,1,0,6,1e-12,0.0126295,0,7.50333e-12,8.72829e-13
basic,547,1,0,6,1e-12,0.0127987,0,6.82121e-12,9.00838e-13
basic,548,1,0,6,1e-12,0.0128247,0,6.70752e-12,9.492e-13
basic,549,1,0,6,1e-12,0.0128208,0,9.20863e-12,8.84855e-13
basic,550,1,0,6,1e-12,0.0129564,0,9.09495e-12,9.58023e-13
basic,551,1,0,6,1e-12,0.0128425,0,9.66338e-12,8.87418e-13
basic,552,1,0,6,1e-12,0.013057,0,9.20863e-12,9.147e-13
basic,553,1,0,6,1e-12,0.0130366,0,9.20863e-12,9.4721e-13
basic,554,1,0,6,1e-12,0.0129183,0,8.41283e-12,9.52396e-13
basic,555,1,0,6,1e-12,0.0130807,0,1.02318e-11,9.37375e-13
basic,556,1,0,6,1e-12,0.013153,0,9.20863e-12,9.36181e-13
basic,557,1,0,6,1e-12,0.0131962,0,7.27596e-12,9.23746e-13
basic,558,1,0,6,1e-12,0.0132789,0,7.7307e-12,8.69915e-13
basic,559,1,0,6,1e-12,0.0133535,0,9.09495e-12,8.81987e-13
basic,560,1,0,6,1e-12,0.0133659,0,6.36646e-12,8.85998e-13
basic,561,1,0,6,1e-12,0.0146862,0,6.36646e-12,9.56129e-13
basic,562,1,0,6,1e-12,0.0134008,0,9.32232e-12,1.01772e-12
basic,563,1,0,6,1e-12,0.0134999,0,8.52651e-12,9.82546e-13
basic,564,1,0,6,1e-12,0.0135525,0,7.38964e-12,8.5235e-13
basic,565,1,0,6,1e-12,0.0134858,0,7.38964e-12,8.71228e-13
basic,566,1,0,6,1e-12,0.0137382,0,9.09495e-12,9.50438e-13
basic,567,1,0,6,1e-12,0.0136734,0,8.52651e-12,8.84508e-13
basic,568,1,0,6,1e-12,0.0136659,0,9.77707e-12,9.31475e-13
basic,569,1,0,6,1e-12,0.0136675,0,9.54969e-12,8.77419e-13
basic,570,1,0,6,1e-12,0.0137839,0,9.32232e-12,9.72797e-13
basic,571,1,0,6,1e-12,0.0138386,0,7.04858e-12,9.22737e-13
basic,572,1,0,6,1e-12,0.0139491,0,8.52651e-12,8.61065e-13
basic,573,1,0,6,1e-12,0.0140921,0,7.16227e-12,8.39524e-13
basic,574,1,0,6,1e-12,0.0140225,0,1.02318e-11,9.51794e-13
basic,575,1,0,6,1e-12,0.0140478,0,1.1255e-11,9.18029e-13
basic,576,1,0,6,1e-12,0.0141199,0,9.77707e-12,9.55423e-13
basic,577,1,0,6,1e-12,0.0142673,0,9.20863e-12,9.36405e-13
basic,578,1,0,6,1e-12,0.014163,0,7.95808e-12,9.00266e-13
basic,579,1,0,6,1e-12,0.0142856,0,8.07177e-12,9.00196e-13
basic,580,1,0,6,1e-12,0.0144296,0,9.89075e-12,1.06702e-12
basic,581,1,0,6,1e-12,0.0144025,0,7.7307e-12,9.16318e-13
basic,582,1,0,6,1e-12,0.0144158,0,1.17097e-11,9.43058e-13
basic,583,1,0,6,1e-12,0.0144816,0,1.39835e-11,1.01328e-12
basic,584,1,0,6,1e-12,0.014565,0,7.95808e-12,8.64587e-13
basic,585,1,0,6,1e-12,0.0145385,0,1.44382e-11,9.54464e-13
basic,586,1,0,6,1e-12,0.014736,0,8.75389e-12,9.30066e-13
basic,587,1,0,6,1e-12,0.0146012,0,8.18545e-12,9.90967e-13
basic,588,1,0,6,1e-12,0.0147761,0,7.84439e-12,9.58698e-13
basic,589,1,0,6,1e-12,0.0148279,0,8.18545e-12,9.96592e-13
basic,590,1,0,6,1e-12,0.0147675,0,7.84439e-12,9.19506e-13
basic,591,1,0,6,1e-12,0.0148912,0,1.21645e-11,9.43221e-13
basic,592,1,0,6,1e-12,0.0150401,0,1.25056e-11,1.00029e-12
basic,593,1,0,6,1e-12,0.0149611,0,9.20863e-12,8.48621e-13
basic,594,1,0,6,1e-12,0.0148663,0,7.04858e-12,8.94796e-13
basic,595,1,0,6,1e-12,0.0149765,0,8.18545e-12,9.39959e-13
basic,596,1,0,6,1e-12,0.0152325,0,8.75389e-12,8.68074e-13
basic,597,1,0,6,1e-12,0.0150808,0,9.89075e-12,8.98485e-13
basic,598,1,0,6,1e-12,0.0152645,0,8.18545e-12,9.08109e-13
basic,599,1,0,6,1e-12,0.0151941,0,1.08002e-11,9.46119e-13
basic,600,1,0,6,1e-12,0.0154284,0,9.09495e-12,8.71934e-13
basic,601,1,0,6,1e-12,0.0155047,0,8.98126e-12,9.74295e-13
basic,602,1,0,6,1e-12,0.0154623,0,1.00044e-11,9.7082e-13
basic,603,1,0,6,1e-12,0.0155262,0,1.01181e-11,9.53692e-13
basic,604,1,0,6,1e-12,0.0156413,0,8.52651e-12,9.21073e-13
basic,605,1,0,6,1e-12,0.0155646,0,7.16227e-12,9.49174e-13
basic,606,1,0,6,1e-12,0.015569,0,1.1255e-11,9.81011e-13
basic,607,1,0,6,1e-12,0.0155608,0,7.84439e-12,9.15307e-13
basic,608,1,0,6,1e-12,0.015642,0,6.25278e-12,9.77942e-13
basic,609,1,0,6,1e-12,0.0158349,0,7.61702e-12,1.00329e-12
basic,610,1,0,6,1e-12,0.0158497,0,9.89075e-12,9.00263e-13
basic,611,1,0,6,1e-12,0.0155311,0,9.32232e-12,9.58607e-13
basic,612,1,0,6,1e-12,0.0155299,0,8.6402e-12,9.54507e-13
basic,613,1,0,6,1e-12,0.0156683,0,7.38964e-12,9.32396e-13
basic,614,1,0,6,1e-12,0.0155686,0,5.68434e-12,9.09776e-13
basic,615,1,0,6,1e-12,0.0157646,0,7.84439e-12,9.51779e-13
basic,616,1,0,6,1e-12,0.0157335,0,9.43601e-12,9.88958e-13
basic,617,1,0,6,1e-12,0.0156139,0,1.01181e-11,9.43342e-13
basic,618,1,0,6,1e-12,0.0156804,0,8.75389e-12,1.00648e-12
basic,619,1,0,6,1e-12,0.0157034,0,7.61702e-12,8.99445e-13
basic,620,1,0,6,1e-12,0.0157991,0,1.19371e-11,9.46473e-13
basic,621,1,0,6,1e-12,0.0158161,0,1.55751e-11,9.52057e-13
basic,622,1,0,6,1e-12,0.0159258,0,8.52651e-12,9.00257e-13
basic,623,1,0,6,1e-12,0.0158733,0,1.18234e-11,9.57781e-13
basic,624,1,0,6,1e-12,0.0159704,0,8.07177e-12,8.60488e-13
basic,625,1,0,6,1e-12,0.016079,0,1.08002e-11,9.48793e-13
basic,626,1,0,6,1e-12,0.0160028,0,1.04592e-11,9.34272e-13
basic,627,1,0,6,1e-12,0.0160616,0,8.86757e-12,9.15524e-13
basic,628,1,0,6,1e-12,0.0161467,0,7.38964e-12,9.09437e-13
basic,629,1,0,6,1e-12,0.0161774,0,8.86757e-12,9.43797e-13
basic,630,1,0,6,1e-12,0.0162804,0,1.04592e-11,9.552e-13
basic,631,1,0,6,1e-12,0.0162986,0,9.20863e-12,9.12376e-13
basic,632,1,0,6,1e-12,0.0163458,0,1.22782e-11,9.9417e-13
basic,633,1,0,6,1e-12,0.0166045,0,8.6402e-12,9.78656e-13
basic,634,1,0,6,1e-12,0.0164463,0,1.04592e-11,9.51884e-13
basic,635,1,0,6,1e-12,0.0165952,0,6.70752e-12,9.35327e-13
basic,636,1,0,6,1e-12,0.0166261,0,1.10276e-11,9.63726e-13
basic,637,1,0,6,1e-12,0.0166482,0,1.01181e-11,8.92307e-13
basic,638,1,0,6,1e-12,0.016613,0,1.29603e-11,9.38681e-13
basic,639,1,0,6,1e-12,0.016933,0,1.17097e-11,8.89079e-13
basic,640,1,0,6,1e-12,0.0167952,0,1.06866e-11,1.00394e-12
basic,641,1,0,6,1e-12,0.0168907,0,1.40972e-11,1.00474e-12
basic,642,1,0,6,1e-12,0.0167278,0,8.07177e-12,8.29073e-13
basic,643,1,0,6,1e-12,0.0170579,0,9.43601e-12,9.97043e-13
basic,644,1,0,6,1e-12,0.0171338,0,1.4893e-11,9.67646e-13
basic,645,1,0,6,1e-12,0.0170695,0,1.15961e-11,9.36577e-13
basic,646,1,0,6,1e-12,0.0171122,0,1.29603e-11,9.42794e-13
basic,647,1,0,6,1e-12,0.017208,0,8.07177e-12,9.00061e-13
basic,648,1,0,6,1e-12,0.0172139,0,1.45519e-11,1.07935e-12
basic,649,1,0,6,1e-12,0.0173775,0,1.22782e-11,9.93403e-13
basic,650,1,0,6,1e-12,0.01739,0,1.06866e-11,1.02133e-12
basic,651,1,0,6,1e-12,0.0174471,0,8.07177e-12,9.2554e-13
basic,652,1,0,6,1e-12,0.017528,0,8.86757e-12,9.54414e-13
basic,653,1,0,6,1e-12,0.0176505,0,1.03455e-11,1.04164e-12
basic,654,1,0,6,1e-12,0.0176217,0,1.00044e-11,9.03338e-13
basic,655,1,0,6,1e-12,0.0175695,0,9.77707e-12,1.00204e-12
basic,656,1,0,6,1e-12,0.0176231,0,1.46656e-11,1.00014e-12
basic,657,1,0,6,1e-12,0.0176639,0,7.7307e-12,9.39706e-13
basic,658,1,0,6,1e-12,0.0177276,0,9.43601e-12,1.00361e-12
basic,659,1,0,6,1e-12,0.0178399,0,1.33014e-11,9.40725e-13
basic,660,1,0,6,1e-12,0.0180205,0,6.82121e-12,9.07423e-13
basic,661,1,0,6,1e-12,0.0179659,0,7.7307e-12,9.23999e-13
basic,662,1,0,6,1e-12,0.0181178,0,1.55751e-11,9.71521e-13
basic,663,1,0,6,1e-12,0.0179822,0,7.04858e-12,9.56875e-13
basic,664,1,0,6,1e-12,0.0182714,0,6.48015e-12,9.51021e-13
basic,665,1,0,6,1e-12,0.0182056,0,1.28466e-11,9.09293e-13
basic,666,1,0,6,1e-12,0.0182069,0,8.29914e-12,9.50209e-13
basic,667,1,0,6,1e-12,0.0183771,0,1.05729e-11,8.87347e-13
basic,668,1,0,6,1e-12,0.0183959,0,7.16227e-12,9.65984e-13
basic,669,1,0,6,1e-12,0.0185138,0,7.27596e-12,9.31762e-13
basic,670,1,0,6,1e-12,0.018365,0,8.52651e-12,9.46275e-13
basic,671,1,0,6,1e-12,0.0184416,0,1.4893e-11,9.51212e-13
basic,672,1,0,6,1e-12,0.0183915,0,1.20508e-11,1.03704e-12
basic,673,1,0,6,1e-12,0.0186477,0,1.13687e-11,1.037e-12
basic,674,1,0,6,1e-12,0.0186725,0,1.00044e-11,9.96085e-13
basic,675,1,0,6,1e-12,0.01872,0,1.01181e-11,9.14796e-13
basic,676,1,0,6,1e-12,0.0187122,0,1.02318e-11,1.00234e-12
basic,677,1,0,6,1e-12,0.0188684,0,8.29914e-12,9.95507e-13
basic,678,1,0,6,1e-12,0.0190356,0,7.04858e-12,9.69698e-13
basic,679,1,0,6,1e-12,0.0189738,0,1.39835e-11,9.62533e-13
basic,680,1,0,6,1e-12,0.0190739,0,1.38698e-11,9.42169e-13
basic,681,1,0,6,1e-12,0.0191084,0,8.29914e-12,9.42111e-13
basic,682,1,0,6,1e-12,0.0189788,0,1.00044e-11,9.78253e-13
basic,683,1,0,6,1e-12,0.0191971,0,7.61702e-12,9.60418e-13
basic,684,1,0,6,1e-12,0.0192114,0,1.1255e-11,9.45616e-13
basic,685,1,0,6,1e-12,0.0193845,0,1.06866e-11,1.04281e-12
basic,686,1,0,6,1e-12,0.0194398,0,1.05729e-11,9.51099e-13
basic,687,1,0,6,1e-12,0.019372,0,9.09495e-12,1.01388e-12
basic,688,1,0,6,1e-12,0.0195488,0,1.13687e-11,9.21097e-13
basic,689,1,0,6,1e-12,0.0195583,0,1.37561e-11,9.46537e-13
basic,690,1,0,6,1e-12,0.0195189,0,8.75389e-12,9.25465e-13
basic,691,1,0,6,1e-12,0.0195292,0,8.52651e-12,9.37986e-13
basic,692,1,0,6,1e-12,0.0197491,0,1.08002e-11,9.52807e-13
basic,693,1,0,6,1e-12,0.019792,0,9.77707e-12,9.49476e-13
basic,694,1,0,6,1e-12,0.0198334,0,9.54969e-12,1.00307e-12
basic,695,1,0,6,1e-12,0.0200069,0,1.03455e-11,9.28917e-13
basic,696,1,0,6,1e-12,0.0199416,0,1.06866e-11,1.02811e-12
basic,697,1,0,6,1e-12,0.0200066,0,9.43601e-12,9.93594e-13
basic,698,1,0,6,1e-12,0.0199733,0,8.6402e-12,1.00879e-12
basic,699,1,0,6,1e-12,0.0200156,0,8.29914e-12,1.10051e-12
basic,700,1,0,6,1e-12,0.0201722,0,1.09139e-11,9.9449e-13
basic,701,1,0,6,1e-12,0.0201496,0,9.43601e-12,9.65603e-13
basic,702,1,0,6,1e-12,0.0204534,0,9.32232e-12,9.80716e-13
basic,703,1,0,6,1e-12,0.0207063,0,8.98126e-12,1.05015e-12
basic,704,1,0,6,1e-12,0.0203289,0,1.33014e-11,1.04454e-12
basic,705,1,0,6,1e-12,0.0204723,0,1.14824e-11,9.95833e-13
basic,706,1,0,6,1e-12,0.0206034,0,1.08002e-11,9.3063e-13
basic,707,1,0,6,1e-12,0.0204434,0,7.84439e-12,1.01757e-12
basic,708,1,0,6,1e-12,0.0214482,0,1.18234e-11,1.1044e-12
basic,709,1,0,6,1e-12,0.0214455,0,1.10276e-11,9.53524e-13
basic,710,1,0,6,1e-12,0.0208554,0,9.43601e-12,9.75806e-13
basic,711,1,0,6,1e-12,0.0209157,0,8.29914e-12,9.45613e-13
basic,712,1,0,6,1e-12,0.0209785,0,9.32232e-12,9.98607e-13
basic,713,1,0,6,1e-12,0.0210687,0,1.06866e-11,9.87266e-13
basic,714,1,0,6,1e-12,0.0210073,0,9.77707e-12,9.94563e-13
basic,715,1,0,6,1e-12,0.021311,0,1.09139e-11,1.00682e-12
basic,716,1,0,6,1e-12,0.0210986,0,9.20863e-12,9.83015e-13
basic,717,1,0,6,1e-12,0.0210185,0,8.07177e-12,9.31711e-13
basic,718,1,0,6,1e-12,0.0212215,0,1.03455e-11,9.84577e-13
basic,719,1,0,6,1e-12,0.0211677,0,8.98126e-12,1.00778e-12
basic,720,1,0,6,1e-12,0.0212094,0,7.16227e-12,9.07723e-13
basic,721,1,0,6,1e-12,0.021426,0,7.84439e-12,9.86682e-13
basic,722,1,0,6,1e-12,0.0213579,0,1.15961e-11,9.75973e-13
basic,723,1,0,6,1e-12,0.0214919,0,9.09495e-12,9.88178e-13
basic,724,1,0,6,1e-12,0.0215952,0,1.04592e-11,1.01917e-12
basic,725,1,0,6,1e-12,0.02157,0,1.03455e-11,9.81646e-13
basic,726,1,0,6,1e-12,0.0216247,0,7.16227e-12,9.72255e-13
basic,727,1,0,6,1e-12,0.0216476,0,1.10276e-11,1.04334e-12
basic,728,1,0,6,1e-12,0.0218066,0,7.04858e-12,9.13626e-13
basic,729,1,0,6,1e-12,0.0218174,0,7.38964e-12,9.54988e-13
basic,730,1,0,6,1e-12,0.0219052,0,9.09495e-12,9.20755e-13
basic,731,1,0,6,1e-12,0.0219911,0,7.16227e-12,9.38914e-13
basic,732,1,0,6,1e-12,0.0221194,0,1.00044e-11,1.00938e-12
basic,733,1,0,6,1e-12,0.0219105,0,8.18545e-12,9.77955e-13
basic,734,1,0,6,1e-12,0.0222156,0,8.98126e-12,1.00021e-12
basic,735,1,0,6,1e-12,0.0222706,0,7.38964e-12,1.03186e-12
basic,736,1,0,6,1e-12,0.0225072,0,9.32232e-12,9.80388e-13
basic,737,1,0,6,1e-12,0.02236,0,7.7307e-12,9.78302e-13
basic,738,1,0,6,1e-12,0.0226565,0,9.43601e-12,9.89547e-13
basic,739,1,0,6,1e-12,0.022565,0,1.14824e-11,9.70555e-13
basic,740,1,0,6,1e-12,0.0226409,0,1.50067e-11,1.03208e-12
basic,741,1,0,6,1e-12,0.0225408,0,9.20863e-12,1.03168e-12
basic,742,1,0,6,1e-12,0.0226585,0,1.35287e-11,9.5077e-13
basic,743,1,0,6,1e-12,0.0225621,0,7.84439e-12,9.8016e-13
basic,744,1,0,6,1e-12,0.0227328,0,1.14824e-11,1.0063e-12
basic,745,1,0,6,1e-12,0.0228616,0,1.18234e-11,9.62609e-13
basic,746,1,0,6,1e-12,0.022892,0,1.00044e-11,9.38314e-13
basic,747,1,0,6,1e-12,0.0231272,0,1.03455e-11,9.47101e-13
basic,748,1,0,6,1e-12,0.0231649,0,9.09495e-12,1.00416e-12
basic,749,1,0,6,1e-12,0.023136,0,1.18234e-11,1.01091e-12
basic,750,1,0,6,1e-12,0.0231698,0,9.09495e-12,1.00556e-12
basic,751,1,0,6,1e-12,0.0233223,0,8.75389e-12,1.02328e-12
basic,752,1,0,6,1e-12,0.0233718,0,1.10276e-11,1.01159e-12
basic,753,1,0,6,1e-12,0.0234488,0,7.16227e-12,9.43617e-13
basic,754,1,0,6,1e-12,0.0234148,0,7.84439e-12,9.32996e-13
basic,755,1,0,6,1e-12,0.0236764,0,1.44382e-11,1.00656e-12
basic,756,1,0,6,1e-12,0.0235588,0,1.09139e-11,1.0247e-12
basic,757,1,0,6,1e-12,0.0238072,0,1.3074e-11,1.05957e-12
basic,758,1,0,6,1e-12,0.0236568,0,1.10276e-11,9.79872e-13
basic,759,1,0,6,1e-12,0.0238442,0,9.20863e-12,1.04411e-12
basic,760,1,0,6,1e-12,0.0238554,0,9.77707e-12,1.03935e-12
basic,761,1,0,6,1e-12,0.0239336,0,1.54614e-11,1.11038e-12
basic,762,1,0,6,1e-12,0.0238537,0,9.43601e-12,1.00931e-12
basic,763,1,0,6,1e-12,0.0242542,0,8.6402e-12,1.06225e-12
basic,764,1,0,6,1e-12,0.0239946,0,9.09495e-12,1.04112e-12
basic,765,1,0,6,1e-12,0.0243067,0,1.06866e-11,1.02749e-12
basic,766,1,0,6,1e-12,0.0241823,0,1.26192e-11,1.06872e-12
basic,767,1,0,6,1e-12,0.0249439,0,8.75389e-12,1.07976e-12
basic,768,1,0,6,1e-12,0.0255009,0,1.03455e-11,9.90047e-13
basic,769,1,0,6,1e-12,0.0247617,0,1.03455e-11,9.66983e-13
basic,770,1,0,6,1e-12,0.0244421,0,9.43601e-12,9.6757e-13
basic,771,1,0,6,1e-12,0.024723,0,1.4893e-11,1.0262e-12
basic,772,1,0,6,1e-12,0.0248892,0,1.31877e-11,9.98001e-13
basic,773,1,0,6,1e-12,0.0248339,0,1.50067e-11,1.01276e-12
basic,774,1,0,6,1e-12,0.0247281,0,9.32232e-12,1.039e-12
basic,775,1,0,6,1e-12,0.0246705,0,1.02318e-11,1.06192e-12
basic,776,1,0,6,1e-12,0.0249032,0,1.06866e-11,1.14274e-12
basic,777,1,0,6,1e-12,0.0250419,0,1.22782e-11,1.05134e-12
basic,778,1,0,6,1e-12,0.0249886,0,8.07177e-12,9.56829e-13
basic,779,1,0,6,1e-12,0.0248722,0,1.18234e-11,1.0335e-12
basic,780,1,0,6,1e-12,0.0250984,0,8.75389e-12,8.94063e-13
basic,781,1,0,6,1e-12,0.0253217,0,1.00044e-11,1.01726e-12
basic,782,1,0,6,1e-12,0.0251757,0,9.20863e-12,1.05118e-12
basic,783,1,0,6,1e-12,0.0253091,0,8.18545e-12,9.64723e-13
basic,784,1,0,6,1e-12,0.0253833,0,8.41283e-12,9.84433e-13
basic,785,1,0,6,1e-12,0.0255679,0,1.04592e-11,1.06066e-12
basic,786,1,0,6,1e-12,0.0255679,0,1.59162e-11,1.02858e-12
basic,787,1,0,6,1e-12,0.0259049,0,1.01181e-11,9.79062e-13
basic,788,1,0,6,1e-12,0.0256899,0,1.08002e-11,1.05659e-12
basic,789,1,0,6,1e-12,0.0258246,0,1.1255e-11,1.04072e-12
basic,790,1,0,6,1e-12,0.0258,0,1.73941e-11,1.02315e-12
basic,791,1,0,6,1e-12,0.025908,0,1.11413e-11,1.02036e-12
basic,792,1,0,6,1e-12,0.0261988,0,1.19371e-11,9.99401e-13
basic,793,1,0,6,1e-12,0.026044,0,1.00044e-11,1.06645e-12
basic,794,1,0,6,1e-12,0.0261064,0,1.21645e-11,9.77926e-13
basic,795,1,0,6,1e-12,0.0261112,0,8.75389e-12,1.06725e-12
basic,796,1,0,6,1e-12,0.0262271,0,8.07177e-12,9.60278e-13
basic,797,1,0,6,1e-12,0.0257816,0,1.60298e-11,1.04239e-12
basic,798,1,0,6,1e-12,0.0259204,0,8.86757e-12,9.2853e-13
basic,799,1,0,6,1e-12,0.0257988,0,1.13687e-11,1.00269e-12
basic,800,1,0,6,1e-12,0.025946,0,9.43601e-12,9.72432e-13
basic,801,1,0,6,1e-12,0.0260827,0,1.13687e-11,1.04873e-12
basic,802,1,0,6,1e-12,0.0257573,0,1.3074e-11,1.05918e-12
basic,803,1,0,6,1e-12,0.0262767,0,8.86757e-12,1.10477e-12
basic,804,1,0,6,1e-12,0.0260815,0,7.7307e-12,9.88614e-13
basic,805,1,0,6,1e-12,0.0259347,0,9.54969e-12,1.07691e-12
basic,806,1,0,6,1e-12,0.0262348,0,1.04592e-11,1.00579e-12
basic,807,1,0,6,1e-12,0.0259247,0,1.01181e-11,9.66716e-13
basic,808,1,0,6,1e-12,0.0262119,0,1.60298e-11,9.89916e-13
basic,809,1,0,6,1e-12,0.0262718,0,1.04592e-11,1.02598e-12
basic,810,1,0,6,1e-12,0.0262642,0,1.29603e-11,1.00264e-12
basic,811,1,0,6,1e-12,0.0265148,0,1.58025e-11,1.02222e-12
basic,812,1,0,6,1e-12,0.0263793,0,1.20508e-11,1.03764e-12
basic,813,1,0,6,1e-12,0.0265629,0,7.38964e-12,9.88355e-13
basic,814,1,0,6,1e-12,0.0267351,0,1.00044e-11,1.0421e-12
basic,815,1,0,6,1e-12,0.0268243,0,9.32232e-12,9.6614e-13
basic,816,1,0,6,1e-12,0.0266983,0,1.62572e-11,1.03599e-12
basic,817,1,0,6,1e-12,0.0270058,0,7.95808e-12,9.50979e-13
basic,818,1,0,6,1e-12,0.0268695,0,1.15961e-11,1.01679e-12
basic,819,1,0,6,1e-12,0.0271172,0,1.54614e-11,1.01996e-12
basic,820,1,0,6,1e-12,0.0269332,0,8.86757e-12,1.14465e-12
basic,821,1,0,6,1e-12,0.0271134,0,1.21645e-11,1.07916e-12
basic,822,1,0,6,1e-12,0.027399,0,9.09495e-12,9.56789e-13
basic,823,1,0,6,1e-12,0.0272913,0,1.06866e-11,1.10339e-12
basic,824,1,0,6,1e-12,0.027206,0,1.15961e-11,9.87685e-13
basic,825,1,0,6,1e-12,0.0271391,0,1.5234e-11,1.02479e-12
basic,826,1,0,6,1e-12,0.0276288,0,1.00044e-11,1.01879e-12
basic,827,1,0,6,1e-12,0.0274837,0,8.86757e-12,1.0226e-12
basic,828,1,0,6,1e-12,0.0274791,0,1.54614e-11,1.11789e-12
basic,829,1,0,6,1e-12,0.0275257,0,9.32232e-12,9.47222e-13
basic,830,1,0,6,1e-12,0.0277151,0,7.04858e-12,1.00388e-12
basic,831,1,0,6,1e-12,0.027809,0,9.54969e-12,9.72064e-13
basic,832,1,0,6,1e-12,0.0278955,0,1.46656e-11,1.02624e-12
basic,833,1,0,6,1e-12,0.0278258,0,8.41283e-12,1.01614e-12
basic,834,1,0,6,1e-12,0.027927,0,9.54969e-12,1.04042e-12
basic,835,1,0,6,1e-12,0.0282191,0,1.13687e-11,1.00291e-12
basic,836,1,0,6,1e-12,0.0280199,0,1.08002e-11,1.08871e-12
basic,837,1,0,6,1e-12,0.028317,0,9.89075e-12,9.97569e-13
basic,838,1,0,6,1e-12,0.028244,0,9.89075e-12,1.05659e-12
basic,839,1,0,6,1e-12,0.028467,0,1.25056e-11,1.06768e-12
basic,840,1,0,6,1e-12,0.0284466,0,1.28466e-11,1.03245e-12
basic,841,1,0,6,1e-12,0.0287241,0,1.15961e-11,1.0755e-12
basic,842,1,0,6,1e-12,0.0284742,0,1.3074e-11,1.06839e-12
basic,843,1,0,6,1e-12,0.0285814,0,8.52651e-12,1.08978e-12
basic,844,1,0,6,1e-12,0.0287137,0,9.32232e-12,1.04894e-12
basic,845,1,0,6,1e-12,0.0287763,0,9.54969e-12,1.02357e-12
basic,846,1,0,6,1e-12,0.0291079,0,1.09139e-11,1.02893e-12
basic,847,1,0,6,1e-12,0.028754,0,1.3415e-11,1.0296e-12
basic,848,1,0,6,1e-12,0.0290188,0,9.54969e-12,9.87651e-13
basic,849,1,0,6,1e-12,0.0288785,0,1.15961e-11,1.06071e-12
basic,850,1,0,6,1e-12,0.0290277,0,1.36424e-11,1.02965e-12
basic,851,1,0,6,1e-12,0.0291495,0,9.32232e-12,9.74193e-13
basic,852,1,0,6,1e-12,0.0293511,0,1.1255e-11,1.08332e-12
basic,853,1,0,6,1e-12,0.0295437,0,1.71667e-11,1.06667e-12
basic,854,1,0,6,1e-12,0.0295156,0,1.05729e-11,1.04947e-12
basic,855,1,0,6,1e-12,0.0294413,0,1.11413e-11,1.10519e-12
basic,856,1,0,6,1e-12,0.0292366,0,1.04592e-11,1.00094e-12
basic,857,1,0,6,1e-12,0.0292719,0,8.41283e-12,1.03932e-12
basic,858,1,0,6,1e-12,0.0297902,0,9.09495e-12,1.01762e-12
basic,859,1,0,6,1e-12,0.0298069,0,1.19371e-11,1.01364e-12
basic,860,1,0,6,1e-12,0.0296789,0,9.66338e-12,9.35694e-13
basic,861,1,0,6,1e-12,0.0299723,0,1.62572e-11,1.05534e-12
basic,862,1,0,6,1e-12,0.0301943,0,1.14824e-11,1.07613e-12
basic,863,1,0,6,1e-12,0.0301774,0,1.00044e-11,1.02513e-12
basic,864,1,0,6,1e-12,0.0302636,0,1.06866e-11,1.07951e-12
basic,865,1,0,6,1e-12,0.0301827,0,1.29603e-11,1.02927e-12
basic,866,1,0,6,1e-12,0.0305267,0,1.31877e-11,1.11843e-12
basic,867,1,0,6,1e-12,0.0304797,0,1.21645e-11,1.03203e-12
basic,868,1,0,6,1e-12,0.0303358,0,1.20508e-11,1.05407e-12
basic,869,1,0,6,1e-12,0.0305734,0,8.98126e-12,1.04293e-12
basic,870,1,0,6,1e-12,0.0308289,0,1.17097e-11,1.0652e-12
basic,871,1,0,6,1e-12,0.0309362,0,1.18234e-11,1.06565e-12
basic,872,1,0,6,1e-12,0.0305059,0,8.86757e-12,9.75278e-13
basic,873,1,0,6,1e-12,0.0307497,0,1.10276e-11,1.05938e-12
basic,874,1,0,6,1e-12,0.0315775,0,9.89075e-12,1.08028e-12
basic,875,1,0,6,1e-12,0.0317717,0,8.41283e-12,1.01806e-12
basic,876,1,0,6,1e-12,0.0311471,0,1.02318e-11,1.03579e-12
basic,877,1,0,6,1e-12,0.0313322,0,1.10276e-11,1.06035e-12
basic,878,1,0,6,1e-12,0.0316735,0,1.37561e-11,1.13187e-12
basic,879,1,0,6,1e-12,0.0316559,0,8.52651e-12,9.93107e-13
basic,880,1,0,6,1e-12,0.0315568,0,1.60298e-11,1.06946e-12
basic,881,1,0,6,1e-12,0.0313896,0,1.3074e-11,1.01601e-12
basic,882,1,0,6,1e-12,0.0316294,0,1.27329e-11,1.05678e-12
basic,883,1,0,6,1e-12,0.0314625,0,1.39835e-11,1.10133e-12
basic,884,1,0,6,1e-12,0.0315706,0,1.78488e-11,1.03149e-12
basic,885,1,0,6,1e-12,0.031749,0,1.06866e-11,1.07971e-12
basic,886,1,0,6,1e-12,0.0317455,0,1.40972e-11,1.09806e-12
basic,887,1,0,6,1e-12,0.0318796,0,1.28466e-11,1.06992e-12
basic,888,1,0,6,1e-12,0.0318408,0,9.43601e-12,1.03713e-12
basic,889,1,0,6,1e-12,0.032075,0,1.01181e-11,1.0464e-12
basic,890,1,0,6,1e-12,0.0321726,0,7.61702e-12,9.84338e-13
basic,891,1,0,6,1e-12,0.0321736,0,9.54969e-12,1.01489e-12
basic,892,1,0,6,1e-12,0.032584,0,1.35287e-11,1.03446e-12
basic,893,1,0,6,1e-12,0.0322912,0,1.06866e-11,1.11828e-12
basic,894,1,0,6,1e-12,0.0325394,0,1.42109e-11,1.04868e-12
basic,895,1,0,6,1e-12,0.0328736,0,1.45519e-11,1.11285e-12
basic,896,1,0,6,1e-12,0.0326838,0,9.66338e-12,1.05455e-12
basic,897,1,0,6,1e-12,0.032484,0,8.86757e-12,1.05097e-12
basic,898,1,0,6,1e-12,0.0327884,0,1.04592e-11,1.03477e-12
basic,899,1,0,6,1e-12,0.0325697,0,1.02318e-11,1.04738e-12
basic,900,1,0,6,1e-12,0.0329108,0,1.43245e-11,1.14739e-12
basic,901,1,0,6,1e-12,0.0325204,0,1.56888e-11,1.05609e-12
basic,902,1,0,6,1e-12,0.033083,0,1.22782e-11,1.04084e-12
basic,903,1,0,6,1e-12,0.0330029,0,1.53477e-11,1.11197e-12
basic,904,1,0,6,1e-12,0.0328444,0,1.09139e-11,1.00468e-12
basic,905,1,0,6,1e-12,0.0329379,0,1.58025e-11,1.14777e-12
basic,906,1,0,6,1e-12,0.0331108,0,9.32232e-12,1.06406e-12
basic,907,1,0,6,1e-12,0.0331633,0,1.04592e-11,1.02462e-12
basic,908,1,0,6,1e-12,0.0336242,0,1.26192e-11,1.11099e-12
basic,909,1,0,6,1e-12,0.0334868,0,1.17097e-11,1.06789e-12
basic,910,1,0,6,1e-12,0.0332603,0,8.75389e-12,1.04138e-12
basic,911,1,0,6,1e-12,0.033444,0,8.6402e-12,9.77346e-13
basic,912,1,0,6,1e-12,0.0335422,0,1.36424e-11,1.02072e-12
basic,913,1,0,6,1e-12,0.0333444,0,1.54614e-11,1.10128e-12
basic,914,1,0,6,1e-12,0.0338813,0,1.42109e-11,1.03693e-12
basic,915,1,0,6,1e-12,0.0337722,0,1.36424e-11,1.11496e-12
basic,916,1,0,6,1e-12,0.033654,0,1.09139e-11,1.0401e-12
basic,917,1,0,6,1e-12,0.0336097,0,1.02318e-11,9.80813e-13
basic,918,1,0,6,1e-12,0.0340101,0,1.15961e-11,1.04321e-12
basic,919,1,0,6,1e-12,0.0337133,0,1.42109e-11,1.07226e-12
basic,920,1,0,6,1e-12,0.0341777,0,1.03455e-11,1.04242e-12
basic,921,1,0,6,1e-12,0.0338322,0,8.75389e-12,1.0365e-12
basic,922,1,0,6,1e-12,0.034075,0,1.33014e-11,1.07116e-12
basic,923,1,0,6,1e-12,0.0342211,0,9.77707e-12,1.06248e-12
basic,924,1,0,6,1e-12,0.0342658,0,7.84439e-12,1.02995e-12
basic,925,1,0,6,1e-12,0.0343096,0,1.36424e-11,1.0838e-12
basic,926,1,0,6,1e-12,0.034455,0,9.66338e-12,1.04709e-12
basic,927,1,0,6,1e-12,0.0343296,0,1.28466e-11,1.00337e-12
basic,928,1,0,6,1e-12,0.0345002,0,8.52651e-12,9.95912e-13
basic,929,1,0,6,1e-12,0.0346893,0,8.98126e-12,1.01024e-12
basic,930,1,0,6,1e-12,0.0344012,0,1.19371e-11,1.00225e-12
basic,931,1,0,6,1e-12,0.0351239,0,1.09139e-11,1.04258e-12
basic,932,1,0,6,1e-12,0.0346794,0,1.42109e-11,1.08615e-12
basic,933,1,0,6,1e-12,0.0349604,0,1.26192e-11,1.08006e-12
basic,934,1,0,6,1e-12,0.0350246,0,9.32232e-12,1.02451e-12
basic,935,1,0,6,1e-12,0.0348901,0,1.1255e-11,1.05982e-12
basic,936,1,0,6,1e-12,0.0348172,0,8.86757e-12,1.02901e-12
basic,937,1,0,6,1e-12,0.0348295,0,1.1255e-11,1.01179e-12
basic,938,1,0,6,1e-12,0.0352348,0,1.28466e-11,1.01858e-12
basic,939,1,0,6,1e-12,0.035326,0,1.58025e-11,1.05527e-12
basic,940,1,0,6,1e-12,0.0353248,0,8.98126e-12,1.03225e-12
basic,941,1,0,6,1e-12,0.0356743,0,9.77707e-12,1.03211e-12
basic,942,1,0,6,1e-12,0.035456,0,1.05729e-11,1.19258e-12
basic,943,1,0,6,1e-12,0.0356549,0,1.45519e-11,1.07324e-12
basic,944,1,0,6,1e-12,0.0357708,0,1.56888e-11,1.04887e-12
basic,945,1,0,6,1e-12,0.0359906,0,1.35287e-11,9.9412e-13
basic,946,1,0,6,1e-12,0.0358319,0,1.26192e-11,1.08006e-12
basic,947,1,0,6,1e-12,0.0358056,0,1.14824e-11,1.04413e-12
basic,948,1,0,6,1e-12,0.0353516,0,1.56888e-11,9.95735e-13
basic,949,1,0,6,1e-12,0.0355879,0,1.14824e-11,1.0717e-12
basic,950,1,0,6,1e-12,0.0356597,0,1.40972e-11,1.09059e-12
basic,951,1,0,6,1e-12,0.0355727,0,1.18234e-11,1.09975e-12
basic,952,1,0,6,1e-12,0.0353053,0,1.31877e-11,1.00823e-12
basic,953,1,0,6,1e-12,0.0355098,0,8.98126e-12,9.97597e-13
basic,954,1,0,6,1e-12,0.0358628,0,1.3074e-11,1.08046e-12
basic,955,1,0,6,1e-12,0.035728,0,1.87583e-11,1.06786e-12
basic,956,1,0,6,1e-12,0.0360967,0,1.40972e-11,1.08101e-12
basic,957,1,0,6,1e-12,0.0358295,0,1.00044e-11,1.01146e-12
basic,958,1,0,6,1e-12,0.0359681,0,7.7307e-12,1.02762e-12
basic,959,1,0,6,1e-12,0.0358545,0,1.13687e-11,1.05172e-12
basic,960,1,0,6,1e-12,0.036361,0,1.14824e-11,1.06361e-12
basic,961,1,0,6,1e-12,0.0360025,0,9.89075e-12,1.063e-12
basic,962,1,0,6,1e-12,0.0362939,0,1.04592e-11,1.07768e-12
basic,963,1,0,6,1e-12,0.0361365,0,1.58025e-11,1.05624e-12
basic,964,1,0,6,1e-12,0.0362032,0,1.17097e-11,1.06842e-12
basic,965,1,0,6,1e-12,0.0368409,0,1.00044e-11,1.0371e-12
basic,966,1,0,6,1e-12,0.0367488,0,1.18234e-11,1.11593e-12
basic,967,1,0,6,1e-12,0.0366132,0,1.21645e-11,1.01282e-12
basic,968,1,0,6,1e-12,0.0368852,0,9.66338e-12,1.06054e-12
basic,969,1,0,6,1e-12,0.0366338,0,1.00044e-11,1.069e-12
basic,970,1,0,6,1e-12,0.0368348,0,8.6402e-12,1.08731e-12
basic,971,1,0,6,1e-12,0.0370406,0,1.26192e-11,1.07081e-12
basic,972,1,0,6,1e-12,0.0371777,0,1.33014e-11,1.05245e-12
basic,973,1,0,6,1e-12,0.0374627,0,9.54969e-12,1.03736e-12
basic,974,1,0,6,1e-12,0.0374746,0,1.22782e-11,1.03664e-12
basic,975,1,0,6,1e-12,0.0374837,0,1.11413e-11,1.09313e-12
basic,976,1,0,6,1e-12,0.0374721,0,1.02318e-11,1.09984e-12
basic,977,1,0,6,1e-12,0.0374598,0,8.75389e-12,1.06634e-12
basic,978,1,0,6,1e-12,0.0375084,0,9.32232e-12,1.05735e-12
basic,979,1,0,6,1e-12,0.0381073,0,1.45519e-11,1.14343e-12
basic,980,1,0,6,1e-12,0.0376663,0,8.6402e-12,1.03337e-12
basic,981,1,0,6,1e-12,0.0375126,0,1.84173e-11,1.06298e-12
basic,982,1,0,6,1e-12,0.0382937,0,1.01181e-11,1.02467e-12
basic,983,1,0,6,1e-12,0.037573,0,1.28466e-11,1.08876e-12
basic,984,1,0,6,1e-12,0.0379983,0,1.02318e-11,1.06541e-12
basic,985,1,0,6,1e-12,0.0378525,0,1.46656e-11,1.00668e-12
basic,986,1,0,6,1e-12,0.0385389,0,1.1255e-11,1.07573e-12
basic,987,1,0,6,1e-12,0.0383597,0,1.31877e-11,1.04432e-12
basic,988,1,0,6,1e-12,0.0385364,0,1.04592e-11,9.9242e-13
basic,989,1,0,6,1e-12,0.0383549,0,1.23919e-11,1.05857e-12
basic,990,1,0,6,1e-12,0.0385996,0,1.10276e-11,1.0396e-12
basic,991,1,0,6,1e-12,0.0388548,0,1.31877e-11,1.06997e-12
basic,992,1,0,6,1e-12,0.0390769,0,1.04592e-11,1.08849e-12
basic,993,1,0,6,1e-12,0.038747,0,1.40972e-11,1.00934e-12
basic,994,1,0,6,1e-12,0.0386296,0,9.32232e-12,1.07669e-12
basic,995,1,0,6,1e-12,0.0388984,0,1.09139e-11,1.04371e-12
basic,996,1,0,6,1e-12,0.0393585,0,1.93268e-11,1.10587e-12
basic,997,1,0,6,1e-12,0.0387164,0,1.06866e-11,1.06733e-12
basic,998,1,0,6,1e-12,0.0397526,0,1.08002e-11,1.088e-12
basic,999,1,0,6,1e-12,0.0390311,0,1.14824e-11,9.23017e-13
basic,1000,1,0,6,1e-12,0.0396055,0,1.19371e-11,1.01961e-12
