version, size, hermitian, complex, seed, tol, runtime in s,min_error, max_error, avg_error
basic,1,1,0,1,1e-12,9.78e-07,0,0,0
basic,2,1,0,1,1e-12,2.864e-06,1.13687e-13,1.7053e-13,1.42109e-13
basic,3,1,0,1,1e-12,1.886e-06,2.75335e-14,5.68434e-13,2.93395e-13
basic,4,1,0,1,1e-12,2.374e-06,5.32907e-15,7.95808e-13,3.28182e-13
basic,5,1,0,1,1e-12,2.375e-06,0,2.27374e-13,7.95808e-14
basic,6,1,0,1,1e-12,3.771e-06,0,7.95808e-13,1.99988e-13
basic,7,1,0,1,1e-12,1.5994e-05,0,1.02318e-12,4.40283e-13
basic,8,1,0,1,1e-12,1.0267e-05,0,5.68434e-13,2.13274e-13
basic,9,1,0,1,1e-12,5.797e-06,0,5.68434e-13,2.47703e-13
basic,10,1,0,1,1e-12,6.704e-06,0,1.25056e-12,3.16458e-13
basic,11,1,0,1,1e-12,7.263e-06,5.06262e-14,7.95808e-13,1.69965e-13
basic,12,1,0,1,1e-12,8.66e-06,5.68434e-14,9.09495e-13,3.2722e-13
basic,13,1,0,1,1e-12,9.009e-06,0,6.82121e-13,2.20337e-13
basic,14,1,0,1,1e-12,1.0477e-05,0,1.7053e-12,3.40236e-13
basic,15,1,0,1,1e-12,1.2013e-05,0,2.04636e-12,4.3651e-13
basic,16,1,0,1,1e-12,1.32e-05,0,1.13687e-12,4.07341e-13
basic,17,1,0,1,1e-12,1.5226e-05,0,9.09495e-13,2.26956e-13
basic,18,1,0,1,1e-12,1.6064e-05,0,1.59162e-12,3.21274e-13
basic,19,1,0,1,1e-12,1.76e-05,0,6.82121e-13,2.83329e-13
basic,20,1,0,1,1e-12,1.9625e-05,4.26326e-14,1.59162e-12,5.7625e-13
basic,21,1,0,1,1e-12,2.1162e-05,5.68434e-14,1.93268e-12,4.20024e-13
basic,22,1,0,1,1e-12,2.2908e-05,0,1.47793e-12,4.26972e-13
basic,23,1,0,1,1e-12,2.626e-05,0,5.68434e-13,2.04358e-13
basic,24,1,0,1,1e-12,2.8006e-05,1.86517e-14,1.13687e-12,3.09863e-13
basic,25,1,0,1,1e-12,3.2406e-05,1.13687e-13,1.13687e-12,4.79226e-13
basic,26,1,0,1,1e-12,3.6248e-05,0,1.47793e-12,4.13823e-13
basic,27,1,0,1,1e-12,3.9042e-05,0,1.25056e-12,4.09615e-13
basic,28,1,0,1,1e-12,4.0439e-05,0,1.7053e-12,4.71877e-13
basic,29,1,0,1,1e-12,4.2883e-05,0,2.27374e-12,4.64119e-13
basic,30,1,0,1,1e-12,4.3023e-05,0,1.36424e-12,3.79015e-13
basic,31,1,0,1,1e-12,4.9447e-05,0,1.25056e-12,3.92546e-13
basic,32,1,0,1,1e-12,4.9099e-05,0,1.47793e-12,3.84526e-13
basic,33,1,0,1,1e-12,5.294e-05,0,2.6148e-12,4.12653e-13
basic,34,1,0,1,1e-12,5.5385e-05,0,1.59162e-12,3.63996e-13
basic,35,1,0,1,1e-12,5.8178e-05,0,2.50111e-12,3.47861e-13
basic,36,1,0,1,1e-12,6.4114e-05,0,1.93268e-12,4.03973e-13
basic,37,1,0,1,1e-12,6.4324e-05,0,2.16005e-12,4.22941e-13
basic,38,1,0,1,1e-12,6.628e-05,0,1.7053e-12,3.81192e-13
basic,39,1,0,1,1e-12,7.2007e-05,0,2.04636e-12,4.86608e-13
basic,40,1,0,1,1e-12,7.6127e-05,0,1.7053e-12,3.87113e-13
basic,41,1,0,1,1e-12,7.92e-05,7.10543e-15,2.84217e-12,5.67611e-13
basic,42,1,0,1,1e-12,8.2692e-05,0,1.36424e-12,3.70793e-13
basic,43,1,0,1,1e-12,8.9816e-05,0,3.06954e-12,4.50658e-13
basic,44,1,0,1,1e-12,9.3517e-05,0,1.36424e-12,3.86236e-13
basic,45,1,0,1,1e-12,9.5403e-05,0,2.16005e-12,4.24707e-13
basic,46,1,0,1,1e-12,0.000108743,0,2.04636e-12,4.12057e-13
basic,47,1,0,1,1e-12,0.000108115,0,2.04636e-12,4.14647e-13
basic,48,1,0,1,1e-12,0.000113911,0,2.27374e-12,4.92143e-13
basic,49,1,0,1,1e-12,0.000117822,0,1.59162e-12,4.09124e-13
basic,50,1,0,1,1e-12,0.00012348,0,2.16005e-12,4.21529e-13
basic,51,1,0,1,1e-12,0.000134584,0,2.04636e-12,4.96004e-13
basic,52,1,0,1,1e-12,0.000129695,0,2.38742e-12,5.43975e-13
basic,53,1,0,1,1e-12,0.000130254,0,1.93268e-12,4.24985e-13
basic,54,1,0,1,1e-12,0.000153232,0,3.18323e-12,5.63401e-13
basic,55,1,0,1,1e-12,0.000162312,0,1.25056e-12,4.33092e-13
basic,56,1,0,1,1e-12,0.000147366,0,1.36424e-12,3.71893e-13
basic,57,1,0,1,1e-12,0.000152674,0,2.27374e-12,5.29027e-13
basic,58,1,0,1,1e-12,0.00015833,0,3.29692e-12,5.52539e-13
basic,59,1,0,1,1e-12,0.000166083,0,1.7053e-12,4.01442e-13
basic,60,1,0,1,1e-12,0.000170134,0,3.52429e-12,6.23679e-13
basic,61,1,0,1,1e-12,0.000165594,0,2.04636e-12,4.15507e-13
basic,62,1,0,1,1e-12,0.000181238,0,2.84217e-12,4.66809e-13
basic,63,1,0,1,1e-12,0.000180191,0,2.04636e-12,5.3075e-13
basic,64,1,0,1,1e-12,0.000188921,0,5.34328e-12,5.33268e-13
basic,65,1,0,1,1e-12,0.000191086,0,2.50111e-12,5.79707e-13
basic,66,1,0,1,1e-12,0.000191854,0,2.6148e-12,4.82738e-13
basic,67,1,0,1,1e-12,0.000200235,0,1.81899e-12,4.48291e-13
basic,68,1,0,1,1e-12,0.00021602,0,2.50111e-12,4.41934e-13
basic,69,1,0,1,1e-12,0.000215041,0,2.38742e-12,4.50191e-13
basic,70,1,0,1,1e-12,0.000217068,0,3.97904e-12,5.30369e-13
basic,71,1,0,1,1e-12,0.000220349,0,2.50111e-12,5.55649e-13
basic,72,1,0,1,1e-12,0.000244096,0,2.72848e-12,4.68107e-13
basic,73,1,0,1,1e-12,0.00024221,0,2.84217e-12,5.71001e-13
basic,74,1,0,1,1e-12,0.000245004,0,1.93268e-12,4.84441e-13
basic,75,1,0,1,1e-12,0.000248636,0,1.93268e-12,4.20452e-13
basic,76,1,0,1,1e-12,0.000261975,0,1.93268e-12,4.59749e-13
basic,77,1,0,1,1e-12,0.000263861,0,2.50111e-12,4.73134e-13
basic,78,1,0,1,1e-12,0.000279924,0,2.50111e-12,4.85868e-13
basic,79,1,0,1,1e-12,0.000282998,7.10543e-15,2.72848e-12,5.87277e-13
basic,80,1,0,1,1e-12,0.000299061,0,2.16005e-12,4.36629e-13
basic,81,1,0,1,1e-12,0.000293334,0,3.97904e-12,4.63509e-13
basic,82,1,0,1,1e-12,0.000324553,0,3.63798e-12,5.52155e-13
basic,83,1,0,1,1e-12,0.000320083,0,2.72848e-12,5.76224e-13
basic,84,1,0,1,1e-12,0.000326369,0,3.97904e-12,5.83205e-13
basic,85,1,0,1,1e-12,0.000331398,0,3.41061e-12,4.80327e-13
basic,86,1,0,1,1e-12,0.000319175,0,2.72848e-12,5.63219e-13
basic,87,1,0,1,1e-12,0.000350395,0,3.75167e-12,4.60291e-13
basic,88,1,0,1,1e-12,0.000351023,0,2.84217e-12,5.35491e-13
basic,89,1,0,1,1e-12,0.000349766,0,2.6148e-12,5.68724e-13
basic,90,1,0,1,1e-12,0.000356051,0,3.63798e-12,5.27568e-13
basic,91,1,0,1,1e-12,0.000372604,0,2.84217e-12,6.23745e-13
basic,92,1,0,1,1e-12,0.000373442,0,3.52429e-12,5.6435e-13
basic,93,1,0,1,1e-12,0.000385245,0,2.38742e-12,4.71203e-13
basic,94,1,0,1,1e-12,0.000389436,0,4.20641e-12,6.58688e-13
basic,95,1,0,1,1e-12,0.00039209,0,3.97904e-12,5.03354e-13
basic,96,1,0,1,1e-12,0.000410737,0,3.29692e-12,5.80702e-13
basic,97,1,0,1,1e-12,0.000414788,0,1.81899e-12,4.83023e-13
basic,98,1,0,1,1e-12,0.000430642,0,2.6148e-12,4.73e-13
basic,99,1,0,1,1e-12,0.000440211,0,3.75167e-12,5.83165e-13
basic,100,1,0,1,1e-12,0.000448801,0,3.63798e-12,6.31069e-13
basic,101,1,0,1,1e-12,0.00045774,0,2.50111e-12,5.46291e-13
basic,102,1,0,1,1e-12,0.000456065,0,3.97904e-12,4.61095e-13
basic,103,1,0,1,1e-12,0.000459976,0,3.52429e-12,5.14962e-13
basic,104,1,0,1,1e-12,0.000467099,0,2.6148e-12,5.36229e-13
basic,105,1,0,1,1e-12,0.000477855,0,5.00222e-12,6.64061e-13
basic,106,1,0,1,1e-12,0.00050209,0,3.75167e-12,5.04854e-13
basic,107,1,0,1,1e-12,0.000499156,0,2.6148e-12,5.33015e-13
basic,108,1,0,1,1e-12,0.000507607,0,4.09273e-12,6.17679e-13
basic,109,1,0,1,1e-12,0.000544134,0,4.3201e-12,6.16901e-13
basic,110,1,0,1,1e-12,0.000531144,0,3.06954e-12,5.83436e-13
basic,111,1,0,1,1e-12,0.000544833,0,4.77485e-12,5.0655e-13
basic,112,1,0,1,1e-12,0.000544344,0,2.95586e-12,5.11424e-13
basic,113,1,0,1,1e-12,0.000562293,7.10543e-15,3.75167e-12,6.97024e-13
basic,114,1,0,1,1e-12,0.000572909,0,4.88853e-12,6.88307e-13
basic,115,1,0,1,1e-12,0.00057724,0,3.97904e-12,5.54617e-13
basic,116,1,0,1,1e-12,0.000588134,0,4.09273e-12,5.6358e-13
basic,117,1,0,1,1e-12,0.000608737,0,3.75167e-12,5.8843e-13
basic,118,1,0,1,1e-12,0.000597703,0,2.72848e-12,5.92076e-13
basic,119,1,0,1,1e-12,0.000607131,0,3.06954e-12,5.55201e-13
basic,120,1,0,1,1e-12,0.000618725,0,3.41061e-12,6.12717e-13
basic,121,1,0,1,1e-12,0.000630878,0,4.3201e-12,6.45515e-13
basic,122,1,0,1,1e-12,0.00063863,0,2.95586e-12,5.54711e-13
basic,123,1,0,1,1e-12,0.00064757,0,5.11591e-12,6.35654e-13
basic,124,1,0,1,1e-12,0.000675856,0,3.75167e-12,5.91598e-13
basic,125,1,0,1,1e-12,0.000691221,0,4.66116e-12,5.84023e-13
basic,126,1,0,1,1e-12,0.00069164,0,3.75167e-12,7.58913e-13
basic,127,1,0,1,1e-12,0.000691639,0,5.57066e-12,6.35992e-13
basic,128,1,0,1,1e-12,0.0007135,0,3.06954e-12,5.76643e-13
basic,129,1,0,1,1e-12,0.000713989,0,4.54747e-12,6.89867e-13
basic,130,1,0,1,1e-12,0.000724186,0,3.63798e-12,5.78184e-13
basic,131,1,0,1,1e-12,0.000728795,0,3.97904e-12,5.77689e-13
basic,132,1,0,1,1e-12,0.000746116,0,3.41061e-12,5.43141e-13
basic,133,1,0,1,1e-12,0.000756592,0,2.84217e-12,4.90114e-13
basic,134,1,0,1,1e-12,0.000780129,0,3.18323e-12,6.55926e-13
basic,135,1,0,1,1e-12,0.000764484,0,3.52429e-12,6.82417e-13
basic,136,1,0,1,1e-12,0.000818541,0,3.29692e-12,6.56925e-13
basic,137,1,0,1,1e-12,0.000806319,0,5.00222e-12,6.08298e-13
basic,138,1,0,1,1e-12,0.000829576,0,4.43379e-12,6.92734e-13
basic,139,1,0,1,1e-12,0.000834604,0,3.52429e-12,5.56703e-13
basic,140,1,0,1,1e-12,0.000843195,0,4.77485e-12,7.22451e-13
basic,141,1,0,1,1e-12,0.000840821,0,3.97904e-12,6.70165e-13
basic,142,1,0,1,1e-12,0.000851646,0,4.66116e-12,6.32452e-13
basic,143,1,0,1,1e-12,0.000854509,0,6.13909e-12,6.80922e-13
basic,144,1,0,1,1e-12,0.000918065,0,4.09273e-12,6.39162e-13
basic,145,1,0,1,1e-12,0.000917228,0,5.57066e-12,6.19403e-13
basic,146,1,0,1,1e-12,0.000885729,0,4.20641e-12,5.75509e-13
basic,147,1,0,1,1e-12,0.000923793,0,3.97904e-12,6.05417e-13
basic,148,1,0,1,1e-12,0.000935316,0,3.63798e-12,5.90873e-13
basic,149,1,0,1,1e-12,0.000970098,0,4.20641e-12,6.24676e-13
basic,150,1,0,1,1e-12,0.000960319,0,5.00222e-12,6.07372e-13
basic,151,1,0,1,1e-12,0.000981691,0,3.52429e-12,7.49728e-13
basic,152,1,0,1,1e-12,0.00102911,0,3.86535e-12,6.01694e-13
basic,153,1,0,1,1e-12,0.000993075,0,3.63798e-12,6.83468e-13
basic,154,1,0,1,1e-12,0.0010039,0,3.86535e-12,6.38618e-13
basic,155,1,0,1,1e-12,0.00100683,0,4.20641e-12,6.09267e-13
basic,156,1,0,1,1e-12,0.00104224,0,5.00222e-12,7.45529e-13
basic,157,1,0,1,1e-12,0.00105928,0,4.09273e-12,6.36598e-13
basic,158,1,0,1,1e-12,0.0010472,0,6.59384e-12,6.76196e-13
basic,159,1,0,1,1e-12,0.00109407,0,4.3201e-12,7.01756e-13
basic,160,1,0,1,1e-12,0.0011521,0,5.79803e-12,6.72862e-13
basic,161,1,0,1,1e-12,0.00108652,0,5.57066e-12,6.38451e-13
basic,162,1,0,1,1e-12,0.00113604,0,4.3201e-12,7.08108e-13
basic,163,1,0,1,1e-12,0.0011294,0,5.22959e-12,7.47688e-13
basic,164,1,0,1,1e-12,0.00116838,0,6.0254e-12,6.40517e-13
basic,165,1,0,1,1e-12,0.00116139,0,4.77485e-12,6.60966e-13
basic,166,1,0,1,1e-12,0.00115308,0,5.57066e-12,6.72843e-13
basic,167,1,0,1,1e-12,0.00119478,0,4.20641e-12,6.39345e-13
basic,168,1,0,1,1e-12,0.00127237,0,5.45697e-12,6.93176e-13
basic,169,1,0,1,1e-12,0.00120889,0,4.66116e-12,7.22436e-13
basic,170,1,0,1,1e-12,0.00126008,0,4.09273e-12,7.26279e-13
basic,171,1,0,1,1e-12,0.0012795,0,3.52429e-12,6.8652e-13
basic,172,1,0,1,1e-12,0.00125289,0,4.43379e-12,6.57366e-13
basic,173,1,0,1,1e-12,0.00134081,0,3.63798e-12,6.79539e-13
basic,174,1,0,1,1e-12,0.00131798,0,5.91172e-12,6.78681e-13
basic,175,1,0,1,1e-12,0.00127223,0,4.88853e-12,8.00878e-13
basic,176,1,0,1,1e-12,0.00140577,0,5.91172e-12,5.53098e-13
basic,177,1,0,1,1e-12,0.00139396,0,6.25278e-12,6.69812e-13
basic,178,1,0,1,1e-12,0.00131434,0,5.68434e-12,7.52611e-13
basic,179,1,0,1,1e-12,0.00143196,0,5.57066e-12,7.17971e-13
basic,180,1,0,1,1e-12,0.00145368,0,6.36646e-12,8.04991e-13
basic,181,1,0,1,1e-12,0.00139508,0,4.3201e-12,6.51432e-13
basic,182,1,0,1,1e-12,0.00147561,0,5.22959e-12,7.19039e-13
basic,183,1,0,1,1e-12,0.0014717,0,5.45697e-12,7.05223e-13
basic,184,1,0,1,1e-12,0.0015113,0,5.34328e-12,6.18809e-13
basic,185,1,0,1,1e-12,0.00144306,0,5.57066e-12,7.6259e-13
basic,186,1,0,1,1e-12,0.00147323,0,5.45697e-12,6.29427e-13
basic,187,1,0,1,1e-12,0.00152464,0,4.77485e-12,5.37433e-13
basic,188,1,0,1,1e-12,0.00154748,0,4.66116e-12,7.77978e-13
basic,189,1,0,1,1e-12,0.00151172,0,4.77485e-12,8.74875e-13
basic,190,1,0,1,1e-12,0.0015597,0,5.11591e-12,7.79339e-13
basic,191,1,0,1,1e-12,0.00158037,0,4.54747e-12,6.41004e-13
basic,192,1,0,1,1e-12,0.00164979,0,5.00222e-12,7.01629e-13
basic,193,1,0,1,1e-12,0.00154978,0,5.11591e-12,7.62048e-13
basic,194,1,0,1,1e-12,0.00162081,0,7.27596e-12,7.46464e-13
basic,195,1,0,1,1e-12,0.00163534,0,5.68434e-12,7.39438e-13
basic,196,1,0,1,1e-12,0.00164218,0,4.54747e-12,7.18419e-13
basic,197,1,0,1,1e-12,0.00162262,0,5.45697e-12,7.22626e-13
basic,198,1,0,1,1e-12,0.00167564,0,5.00222e-12,6.98418e-13
basic,199,1,0,1,1e-12,0.00172431,0,6.48015e-12,7.57665e-13
basic,200,1,0,1,1e-12,0.00178752,0,4.43379e-12,7.38694e-13
basic,201,1,0,1,1e-12,0.00170965,0,5.57066e-12,7.06946e-13
basic,202,1,0,1,1e-12,0.00176517,0,4.09273e-12,6.46528e-13
basic,203,1,0,1,1e-12,0.00181993,0,6.59384e-12,7.16196e-13
basic,204,1,0,1,1e-12,0.00178319,0,4.43379e-12,6.50464e-13
basic,205,1,0,1,1e-12,0.00183515,0,5.45697e-12,6.72312e-13
basic,206,1,0,1,1e-12,0.00176196,0,4.88853e-12,6.77146e-13
basic,207,1,0,1,1e-12,0.00185087,0,4.20641e-12,6.96692e-13
basic,208,1,0,1,1e-12,0.00191289,0,6.36646e-12,6.89952e-13
basic,209,1,0,1,1e-12,0.00186763,0,6.13909e-12,7.64441e-13
basic,210,1,0,1,1e-12,0.0019476,0,4.77485e-12,6.9796e-13
basic,211,1,0,1,1e-12,0.00185862,0,8.07177e-12,7.4575e-13
basic,212,1,0,1,1e-12,0.0019205,0,4.43379e-12,6.72519e-13
basic,213,1,0,1,1e-12,0.00198119,0,7.38964e-12,7.95866e-13
basic,214,1,0,1,1e-12,0.00196659,0,5.22959e-12,7.25227e-13
basic,215,1,0,1,1e-12,0.00199949,0,4.66116e-12,7.17388e-13
basic,216,1,0,1,1e-12,0.00204363,0,4.66116e-12,7.31908e-13
basic,217,1,0,1,1e-12,0.00195821,0,4.54747e-12,6.98284e-13
basic,218,1,0,1,1e-12,0.00206374,0,5.57066e-12,8.03508e-13
basic,219,1,0,1,1e-12,0.00207066,0,4.88853e-12,7.19319e-13
basic,220,1,0,1,1e-12,0.00211152,0,4.66116e-12,7.24616e-13
basic,221,1,0,1,1e-12,0.00211871,0,5.34328e-12,7.37252e-13
basic,222,1,0,1,1e-12,0.00214525,0,4.43379e-12,7.21465e-13
basic,223,1,0,1,1e-12,0.00216299,0,6.70752e-12,7.39036e-13
basic,224,1,0,1,1e-12,0.0021764,0,4.20641e-12,6.82101e-13
basic,225,1,0,1,1e-12,0.00207715,0,7.04858e-12,7.84151e-13
basic,226,1,0,1,1e-12,0.0021706,0,8.18545e-12,7.18442e-13
basic,227,1,0,1,1e-12,0.00220692,0,4.09273e-12,6.64831e-13
basic,228,1,0,1,1e-12,0.00222515,0,4.20641e-12,7.39023e-13
basic,229,1,0,1,1e-12,0.00228374,0,6.59384e-12,7.69306e-13
basic,230,1,0,1,1e-12,0.00227976,0,9.20863e-12,7.7112e-13
basic,231,1,0,1,1e-12,0.00228563,0,4.88853e-12,7.16891e-13
basic,232,1,0,1,1e-12,0.00238432,0,6.25278e-12,7.89215e-13
basic,233,1,0,1,1e-12,0.00236064,0,6.36646e-12,8.01423e-13
basic,234,1,0,1,1e-12,0.00227494,0,5.34328e-12,7.52746e-13
basic,235,1,0,1,1e-12,0.00239088,0,6.13909e-12,7.26352e-13
basic,236,1,0,1,1e-12,0.00237726,0,6.0254e-12,7.57518e-13
basic,237,1,0,1,1e-12,0.00242028,0,5.91172e-12,7.4203e-13
basic,238,1,0,1,1e-12,0.00246554,0,4.88853e-12,7.16129e-13
basic,239,1,0,1,1e-12,0.00245192,0,5.79803e-12,8.3135e-13
basic,240,1,0,1,1e-12,0.00253894,0,5.00222e-12,7.80083e-13
basic,241,1,0,1,1e-12,0.00251387,0,5.68434e-12,7.82846e-13
basic,242,1,0,1,1e-12,0.00253692,0,3.97904e-12,7.51461e-13
basic,243,1,0,1,1e-12,0.00253413,0,5.91172e-12,7.89609e-13
basic,244,1,0,1,1e-12,0.0025967,0,9.66338e-12,7.89416e-13
basic,245,1,0,1,1e-12,0.00259147,0,4.66116e-12,7.30626e-13
basic,246,1,0,1,1e-12,0.00261801,0,6.36646e-12,7.66141e-13
basic,247,1,0,1,1e-12,0.00262583,0,4.88853e-12,7.4452e-13
basic,248,1,0,1,1e-12,0.00267129,0,6.13909e-12,7.01127e-13
basic,249,1,0,1,1e-12,0.0026722,0,5.91172e-12,8.22781e-13
basic,250,1,0,1,1e-12,0.002681,0,5.00222e-12,8.20322e-13
basic,251,1,0,1,1e-12,0.00270999,0,7.27596e-12,6.91962e-13
basic,252,1,0,1,1e-12,0.00274218,0,6.25278e-12,8.37566e-13
basic,253,1,0,1,1e-12,0.00280637,0,6.48015e-12,6.72878e-13
basic,254,1,0,1,1e-12,0.00284262,0,6.70752e-12,7.76257e-13
basic,255,1,0,1,1e-12,0.00281349,0,6.59384e-12,7.44342e-13
basic,256,1,0,1,1e-12,0.00297594,0,5.91172e-12,7.66942e-13
basic,257,1,0,1,1e-12,0.00286497,0,7.04858e-12,7.44729e-13
basic,258,1,0,1,1e-12,0.00274966,0,4.20641e-12,7.25112e-13
basic,259,1,0,1,1e-12,0.00292573,0,5.11591e-12,7.8553e-13
basic,260,1,0,1,1e-12,0.00292594,0,5.00222e-12,7.26182e-13
basic,261,1,0,1,1e-12,0.00292768,0,5.45697e-12,7.71875e-13
basic,262,1,0,1,1e-12,0.00297622,0,6.9349e-12,7.08905e-13
basic,263,1,0,1,1e-12,0.00299843,0,3.97904e-12,7.31596e-13
basic,264,1,0,1,1e-12,0.003027,0,6.25278e-12,8.34339e-13
basic,265,1,0,1,1e-12,0.00303866,0,5.22959e-12,7.50883e-13
basic,266,1,0,1,1e-12,0.00304264,0,4.3201e-12,7.45031e-13
basic,267,1,0,1,1e-12,0.00310068,0,7.95808e-12,7.95365e-13
basic,268,1,0,1,1e-12,0.00311262,0,5.68434e-12,7.68944e-13
basic,269,1,0,1,1e-12,0.00314671,0,4.77485e-12,7.84935e-13
basic,270,1,0,1,1e-12,0.00317702,0,5.68434e-12,7.23898e-13
basic,271,1,0,1,1e-12,0.00310068,0,3.86535e-12,6.62578e-13
basic,272,1,0,1,1e-12,0.00317897,0,3.86535e-12,7.90009e-13
basic,273,1,0,1,1e-12,0.00322521,0,5.68434e-12,7.57245e-13
basic,274,1,0,1,1e-12,0.00324832,0,6.59384e-12,8.31338e-13
basic,275,1,0,1,1e-12,0.00322332,0,5.00222e-12,7.44604e-13
basic,276,1,0,1,1e-12,0.00327947,0,4.66116e-12,7.75518e-13
basic,277,1,0,1,1e-12,0.00331006,0,6.70752e-12,7.27014e-13
basic,278,1,0,1,1e-12,0.003335,0,8.6402e-12,7.62699e-13
basic,279,1,0,1,1e-12,0.00339031,0,5.00222e-12,8.58843e-13
basic,280,1,0,1,1e-12,0.00340547,0,6.48015e-12,7.96163e-13
basic,281,1,0,1,1e-12,0.00339897,0,6.48015e-12,8.08631e-13
basic,282,1,0,1,1e-12,0.00344192,0,5.11591e-12,7.15406e-13
basic,283,1,0,1,1e-12,0.00347705,0,7.04858e-12,8.07712e-13
basic,284,1,0,1,1e-12,0.00348194,0,7.95808e-12,7.68071e-13
basic,285,1,0,1,1e-12,0.00344863,0,1.09139e-11,7.49847e-13
basic,286,1,0,1,1e-12,0.00354201,0,5.11591e-12,8.47661e-13
basic,287,1,0,1,1e-12,0.00359886,0,5.00222e-12,7.494e-13
basic,288,1,0,1,1e-12,0.0035807,0,4.43379e-12,7.02759e-13
basic,289,1,0,1,1e-12,0.00358035,0,4.88853e-12,7.90445e-13
basic,290,1,0,1,1e-12,0.00363567,0,8.86757e-12,7.92185e-13
basic,291,1,0,1,1e-12,0.00363378,0,6.36646e-12,9.4211e-13
basic,292,1,0,1,1e-12,0.00367275,0,6.25278e-12,8.64347e-13
basic,293,1,0,1,1e-12,0.00370194,0,7.7307e-12,7.34211e-13
basic,294,1,0,1,1e-12,0.00368043,0,5.57066e-12,7.7347e-13
basic,295,1,0,1,1e-12,0.00375027,0,6.13909e-12,8.03651e-13
basic,296,1,0,1,1e-12,0.00374909,0,6.13909e-12,8.04762e-13
basic,297,1,0,1,1e-12,0.00378233,0,6.13909e-12,6.64704e-13
basic,298,1,0,1,1e-12,0.00381041,0,4.77485e-12,6.96442e-13
basic,299,1,0,1,1e-12,0.00387466,0,5.68434e-12,8.5173e-13
basic,300,1,0,1,1e-12,0.00388444,0,8.98126e-12,7.74805e-13
basic,301,1,0,1,1e-12,0.00396853,0,4.88853e-12,6.91469e-13
basic,302,1,0,1,1e-12,0.00390874,0,6.0254e-12,8.46672e-13
basic,303,1,0,1,1e-12,0.00395477,0,5.57066e-12,8.66856e-13
basic,304,1,0,1,1e-12,0.00393871,0,5.68434e-12,8.10361e-13
basic,305,1,0,1,1e-12,0.00399737,0,8.75389e-12,7.16457e-13
basic,306,1,0,1,1e-12,0.00404389,0,9.20863e-12,7.87338e-13
basic,307,1,0,1,1e-12,0.00407231,0,6.59384e-12,7.90432e-13
basic,308,1,0,1,1e-12,0.00406763,0,5.45697e-12,7.8779e-13
basic,309,1,0,1,1e-12,0.00414921,0,5.57066e-12,8.10954e-13
basic,310,1,0,1,1e-12,0.00407636,0,5.68434e-12,7.64975e-13
basic,311,1,0,1,1e-12,0.00411722,0,7.16227e-12,8.68229e-13
basic,312,1,0,1,1e-12,0.00415682,0,6.0254e-12,7.21173e-13
basic,313,1,0,1,1e-12,0.00418727,0,4.54747e-12,7.30919e-13
basic,314,1,0,1,1e-12,0.00426445,0,5.91172e-12,7.99573e-13
basic,315,1,0,1,1e-12,0.0042664,0,5.57066e-12,7.26176e-13
basic,316,1,0,1,1e-12,0.00425886,0,5.57066e-12,7.87102e-13
basic,317,1,0,1,1e-12,0.00432905,0,6.59384e-12,7.81917e-13
basic,318,1,0,1,1e-12,0.0043741,0,6.25278e-12,8.18379e-13
basic,319,1,0,1,1e-12,0.00442543,0,5.00222e-12,7.37916e-13
basic,320,1,0,1,1e-12,0.00437619,0,6.13909e-12,8.47995e-13
basic,321,1,0,1,1e-12,0.00444729,0,4.88853e-12,7.60337e-13
basic,322,1,0,1,1e-12,0.00451071,0,5.22959e-12,8.18046e-13
basic,323,1,0,1,1e-12,0.00445511,0,6.48015e-12,8.23306e-13
basic,324,1,0,1,1e-12,0.00453152,0,5.45697e-12,8.78108e-13
basic,325,1,0,1,1e-12,0.00449974,0,8.52651e-12,8.22162e-13
basic,326,1,0,1,1e-12,0.00453802,0,6.82121e-12,8.30748e-13
basic,327,1,0,1,1e-12,0.00460101,0,6.13909e-12,8.62406e-13
basic,328,1,0,1,1e-12,0.00460031,0,6.59384e-12,9.08747e-13
basic,329,1,0,1,1e-12,0.00468678,0,6.36646e-12,8.40273e-13
basic,330,1,0,1,1e-12,0.00465752,0,6.82121e-12,8.06328e-13
basic,331,1,0,1,1e-12,0.00471946,0,5.91172e-12,8.01686e-13
basic,332,1,0,1,1e-12,0.00478798,0,5.68434e-12,8.75468e-13
basic,333,1,0,1,1e-12,0.00474894,0,5.79803e-12,8.69584e-13
basic,334,1,0,1,1e-12,0.00480579,0,7.16227e-12,8.47718e-13
basic,335,1,0,1,1e-12,0.00483952,0,5.91172e-12,8.47573e-13
basic,336,1,0,1,1e-12,0.00483673,0,6.25278e-12,8.59831e-13
basic,337,1,0,1,1e-12,0.00484217,0,5.57066e-12,7.88702e-13
basic,338,1,0,1,1e-12,0.0049072,0,5.57066e-12,8.76115e-13
basic,339,1,0,1,1e-12,0.00488233,0,4.66116e-12,8.62227e-13
basic,340,1,0,1,1e-12,0.00501231,0,5.34328e-12,8.35809e-13
basic,341,1,0,1,1e-12,0.00498759,0,9.43601e-12,8.07124e-13
basic,342,1,0,1,1e-12,0.00505233,0,7.84439e-12,8.75658e-13
basic,343,1,0,1,1e-12,0.00507789,0,9.20863e-12,7.77434e-13
basic,344,1,0,1,1e-12,0.00511134,0,9.20863e-12,8.1541e-13
basic,345,1,0,1,1e-12,0.00506336,0,7.50333e-12,7.67019e-13
basic,346,1,0,1,1e-12,0.00514382,0,6.70752e-12,8.93669e-13
basic,347,1,0,1,1e-12,0.00522749,0,4.66116e-12,8.20845e-13
basic,348,1,0,1,1e-12,0.00519529,0,5.00222e-12,7.3562e-13
basic,349,1,0,1,1e-12,0.00529635,0,7.50333e-12,9.46149e-13
basic,350,1,0,1,1e-12,0.00532136,0,6.36646e-12,8.37647e-13
basic,351,1,0,1,1e-12,0.00535621,0,7.04858e-12,7.78124e-13
basic,352,1,0,1,1e-12,0.00538575,0,7.84439e-12,8.16115e-13
basic,353,1,0,1,1e-12,0.00537374,0,8.75389e-12,8.33057e-13
basic,354,1,0,1,1e-12,0.00536019,0,8.41283e-12,9.50055e-13
basic,355,1,0,1,1e-12,0.00546516,0,9.66338e-12,8.4164e-13
basic,356,1,0,1,1e-12,0.0054938,0,8.29914e-12,8.64296e-13
basic,357,1,0,1,1e-12,0.00549142,0,6.48015e-12,8.12551e-13
basic,358,1,0,1,1e-12,0.00552718,0,7.61702e-12,9.03638e-13
basic,359,1,0,1,1e-12,0.0055204,0,7.84439e-12,8.45599e-13
basic,360,1,0,1,1e-12,0.00558424,0,9.20863e-12,8.34157e-13
basic,361,1,0,1,1e-12,0.00562447,0,9.32232e-12,8.46733e-13
basic,362,1,0,1,1e-12,0.00568062,0,7.50333e-12,8.07972e-13
basic,363,1,0,1,1e-12,0.00571421,0,7.16227e-12,8.18748e-13
basic,364,1,0,1,1e-12,0.00576715,0,5.45697e-12,8.29592e-13
basic,365,1,0,1,1e-12,0.0058752,0,6.48015e-12,9.3563e-13
basic,366,1,0,1,1e-12,0.00574851,0,5.57066e-12,8.69442e-13
basic,367,1,0,1,1e-12,0.00599023,0,7.16227e-12,7.48491e-13
basic,368,1,0,1,1e-12,0.00586759,0,4.77485e-12,8.40283e-13
basic,369,1,0,1,1e-12,0.00586221,0,6.59384e-12,7.2411e-13
basic,370,1,0,1,1e-12,0.00591948,0,8.29914e-12,9.29431e-13
basic,371,1,0,1,1e-12,0.00595216,0,4.09273e-12,7.13837e-13
basic,372,1,0,1,1e-12,0.00595684,0,5.45697e-12,8.34709e-13
basic,373,1,0,1,1e-12,0.00603025,0,6.36646e-12,8.25142e-13
basic,374,1,0,1,1e-12,0.00604128,0,8.41283e-12,9.0295e-13
basic,375,1,0,1,1e-12,0.00603625,0,8.07177e-12,9.12211e-13
basic,376,1,0,1,1e-12,0.00613424,0,5.11591e-12,7.97294e-13
basic,377,1,0,1,1e-12,0.00615149,0,7.38964e-12,8.36993e-13
basic,378,1,0,1,1e-12,0.00617985,0,7.16227e-12,8.2993e-13
basic,379,1,0,1,1e-12,0.0062557,0,8.86757e-12,8.81133e-13
basic,380,1,0,1,1e-12,0.00618439,0,6.0254e-12,8.60525e-13
basic,381,1,0,1,1e-12,0.00622357,0,9.54969e-12,8.81187e-13
basic,382,1,0,1,1e-12,0.00634453,0,6.48015e-12,8.63739e-13
basic,383,1,0,1,1e-12,0.00639321,0,5.57066e-12,8.08183e-13
basic,384,1,0,1,1e-12,0.0063247,0,5.68434e-12,8.36315e-13
basic,385,1,0,1,1e-12,0.00640998,0,6.48015e-12,7.10326e-13
basic,386,1,0,1,1e-12,0.00641102,0,5.79803e-12,8.68078e-13
basic,387,1,0,1,1e-12,0.00639705,0,6.13909e-12,8.09785e-13
basic,388,1,0,1,1e-12,0.00653443,0,6.59384e-12,8.11218e-13
basic,389,1,0,1,1e-12,0.00647039,0,8.75389e-12,8.43489e-13
basic,390,1,0,1,1e-12,0.00656244,0,6.36646e-12,8.08292e-13
basic,391,1,0,1,1e-12,0.00659073,0,5.34328e-12,8.37933e-13
basic,392,1,0,1,1e-12,0.00654232,0,7.84439e-12,8.53721e-13
basic,393,1,0,1,1e-12,0.00656405,0,5.57066e-12,8.18434e-13
basic,394,1,0,1,1e-12,0.00656935,0,6.82121e-12,8.19106e-13
basic,395,1,0,1,1e-12,0.00669842,0,7.27596e-12,8.25125e-13
basic,396,1,0,1,1e-12,0.00681568,0,5.79803e-12,8.88254e-13
basic,397,1,0,1,1e-12,0.00674961,0,5.45697e-12,8.80386e-13
basic,398,1,0,1,1e-12,0.00676051,0,6.0254e-12,9.05254e-13
basic,399,1,0,1,1e-12,0.00678069,0,6.36646e-12,8.08202e-13
basic,400,1,0,1,1e-12,0.00686297,0,7.04858e-12,8.10674e-13
basic,401,1,0,1,1e-12,0.00696235,0,5.68434e-12,8.35482e-13
basic,402,1,0,1,1e-12,0.00693029,0,7.38964e-12,7.8744e-13
basic,403,1,0,1,1e-12,0.0069296,0,5.11591e-12,7.76125e-13
basic,404,1,0,1,1e-12,0.00699126,0,9.77707e-12,7.89043e-13
basic,405,1,0,1,1e-12,0.00690145,0,6.9349e-12,8.43671e-13
basic,406,1,0,1,1e-12,0.00706739,0,8.29914e-12,8.24006e-13
basic,407,1,0,1,1e-12,0.0071505,0,7.04858e-12,8.42814e-13
basic,408,1,0,1,1e-12,0.00715777,0,7.61702e-12,8.68856e-13
basic,409,1,0,1,1e-12,0.00713982,0,7.61702e-12,8.71219e-13
basic,410,1,0,1,1e-12,0.00721113,0,5.68434e-12,7.80368e-13
basic,411,1,0,1,1e-12,0.00725282,0,9.09495e-12,9.27438e-13
basic,412,1,0,1,1e-12,0.00731624,0,5.79803e-12,8.52934e-13
basic,413,1,0,1,1e-12,0.00735123,0,5.45697e-12,8.19311e-13
basic,414,1,0,1,1e-12,0.00728118,0,1.00044e-11,9.55361e-13
basic,415,1,0,1,1e-12,0.00729955,0,8.18545e-12,8.24539e-13
basic,416,1,0,1,1e-12,0.00749014,0,6.9349e-12,9.02742e-13
basic,417,1,0,1,1e-12,0.0073726,0,8.41283e-12,8.87521e-13
basic,418,1,0,1,1e-12,0.00754427,0,6.36646e-12,8.53516e-13
basic,419,1,0,1,1e-12,0.00747408,0,7.7307e-12,9.13271e-13
basic,420,1,0,1,1e-12,0.00763583,0,4.77485e-12,7.27804e-13
basic,421,1,0,1,1e-12,0.00764163,0,7.04858e-12,8.82351e-13
basic,422,1,0,1,1e-12,0.00768863,0,1.03455e-11,8.17531e-13
basic,423,1,0,1,1e-12,0.00767851,0,7.16227e-12,9.68388e-13
basic,424,1,0,1,1e-12,0.00763849,0,6.82121e-12,7.83819e-13
basic,425,1,0,1,1e-12,0.00772411,0,8.98126e-12,8.95478e-13
basic,426,1,0,1,1e-12,0.00781379,0,5.68434e-12,8.85714e-13
basic,427,1,0,1,1e-12,0.00787462,0,5.79803e-12,8.29933e-13
basic,428,1,0,1,1e-12,0.00794558,0,8.29914e-12,8.75675e-13
basic,429,1,0,1,1e-12,0.0080215,0,7.95808e-12,8.51832e-13
basic,430,1,0,1,1e-12,0.00788761,0,8.18545e-12,7.80891e-13
basic,431,1,0,1,1e-12,0.008012,0,7.7307e-12,8.23199e-13
basic,432,1,0,1,1e-12,0.00800948,0,6.59384e-12,8.71307e-13
basic,433,1,0,1,1e-12,0.00804392,0,6.9349e-12,8.16211e-13
basic,434,1,0,1,1e-12,0.00817857,0,1.45519e-11,8.58616e-13
basic,435,1,0,1,1e-12,0.00821733,0,9.32232e-12,8.78561e-13
basic,436,1,0,1,1e-12,0.00812647,0,7.84439e-12,9.3565e-13
basic,437,1,0,1,1e-12,0.00829227,0,6.70752e-12,8.83148e-13
basic,438,1,0,1,1e-12,0.00848119,0,5.57066e-12,8.83281e-13
basic,439,1,0,1,1e-12,0.00832873,0,5.34328e-12,8.69078e-13
basic,440,1,0,1,1e-12,0.00837608,0,6.13909e-12,8.43957e-13
basic,441,1,0,1,1e-12,0.0083707,0,6.9349e-12,7.61857e-13
basic,442,1,0,1,1e-12,0.00837852,0,5.45697e-12,8.06059e-13
basic,443,1,0,1,1e-12,0.00843831,0,9.77707e-12,8.77433e-13
basic,444,1,0,1,1e-12,0.00849816,0,1.43245e-11,9.2725e-13
basic,445,1,0,1,1e-12,0.00855494,0,7.61702e-12,9.08964e-13
basic,446,1,0,1,1e-12,0.00861068,0,7.84439e-12,8.28611e-13
basic,447,1,0,1,1e-12,0.00859811,0,7.50333e-12,9.01879e-13
basic,448,1,0,1,1e-12,0.00856235,0,5.91172e-12,8.91973e-13
basic,449,1,0,1,1e-12,0.00873325,0,6.25278e-12,8.28922e-13
basic,450,1,0,1,1e-12,0.00877487,0,8.18545e-12,9.51177e-13
basic,451,1,0,1,1e-12,0.00880581,0,7.95808e-12,9.7203e-13
basic,452,1,0,1,1e-12,0.00878598,0,5.91172e-12,9.54959e-13
basic,453,1,0,1,1e-12,0.00883948,0,6.59384e-12,8.72717e-13
basic,454,1,0,1,1e-12,0.00891637,0,7.95808e-12,9.32489e-13
basic,455,1,0,1,1e-12,0.0088568,0,8.07177e-12,8.74056e-13
basic,456,1,0,1,1e-12,0.00897176,0,8.86757e-12,9.0641e-13
basic,457,1,0,1,1e-12,0.00908434,0,6.25278e-12,8.49199e-13
basic,458,1,0,1,1e-12,0.00897742,0,6.48015e-12,9.19588e-13
basic,459,1,0,1,1e-12,0.00910934,0,7.61702e-12,8.51511e-13
basic,460,1,0,1,1e-12,0.00913079,0,6.82121e-12,9.17197e-13
basic,461,1,0,1,1e-12,0.00910774,0,7.27596e-12,8.87666e-13
basic,462,1,0,1,1e-12,0.00925231,0,7.95808e-12,9.90343e-13
basic,463,1,0,1,1e-12,0.00918631,0,7.16227e-12,8.25655e-13
basic,464,1,0,1,1e-12,0.00923338,0,8.07177e-12,9.87796e-13
basic,465,1,0,1,1e-12,0.00930211,0,7.04858e-12,9.11013e-13
basic,466,1,0,1,1e-12,0.00925727,0,6.36646e-12,9.04294e-13
basic,467,1,0,1,1e-12,0.009505,0,6.70752e-12,9.17189e-13
basic,468,1,0,1,1e-12,0.00950255,0,4.3201e-12,8.4812e-13
basic,469,1,0,1,1e-12,0.00942133,0,6.13909e-12,8.30012e-13
basic,470,1,0,1,1e-12,0.00941148,0,6.9349e-12,9.00405e-13
basic,471,1,0,1,1e-12,0.00951938,0,7.7307e-12,1.00407e-12
basic,472,1,0,1,1e-12,0.00954571,0,7.50333e-12,9.06259e-13
basic,473,1,0,1,1e-12,0.00959963,0,6.36646e-12,9.15326e-13
basic,474,1,0,1,1e-12,0.00956073,0,6.36646e-12,8.88265e-13
basic,475,1,0,1,1e-12,0.00963162,0,8.52651e-12,8.32856e-13
basic,476,1,0,1,1e-12,0.00966088,0,9.89075e-12,8.97243e-13
basic,477,1,0,1,1e-12,0.00977801,0,6.9349e-12,8.55466e-13
basic,478,1,0,1,1e-12,0.00980022,0,7.38964e-12,9.67577e-13
basic,479,1,0,1,1e-12,0.0098996,0,6.70752e-12,8.40675e-13
basic,480,1,0,1,1e-12,0.00992174,0,6.82121e-12,9.21975e-13
basic,481,1,0,1,1e-12,0.00992719,0,7.04858e-12,9.20823e-13
basic,482,1,0,1,1e-12,0.00979505,0,9.66338e-12,8.44909e-13
basic,483,1,0,1,1e-12,0.00999598,0,5.68434e-12,9.1488e-13
basic,484,1,0,1,1e-12,0.0101848,0,7.50333e-12,9.03018e-13
basic,485,1,0,1,1e-12,0.0102589,0,6.82121e-12,9.95232e-13
basic,486,1,0,1,1e-12,0.0102506,0,1.10276e-11,9.85888e-13
basic,487,1,0,1,1e-12,0.0101407,0,9.54969e-12,8.78839e-13
basic,488,1,0,1,1e-12,0.0103867,0,1.06866e-11,9.70335e-13
basic,489,1,0,1,1e-12,0.0103022,0,8.29914e-12,8.1478e-13
basic,490,1,0,1,1e-12,0.0103353,0,8.29914e-12,9.1873e-13
basic,491,1,0,1,1e-12,0.0103862,0,6.0254e-12,8.90278e-13
basic,492,1,0,1,1e-12,0.0104337,0,7.50333e-12,9.23341e-13
basic,493,1,0,1,1e-12,0.0104757,0,6.70752e-12,8.83786e-13
basic,494,1,0,1,1e-12,0.0105092,0,5.22959e-12,8.26267e-13
basic,495,1,0,1,1e-12,0.01053,0,8.29914e-12,8.70205e-13
basic,496,1,0,1,1e-12,0.0106065,0,6.25278e-12,8.58022e-13
basic,497,1,0,1,1e-12,0.0106364,0,7.84439e-12,9.3541e-13
basic,498,1,0,1,1e-12,0.0105503,0,6.59384e-12,8.96302e-13
basic,499,1,0,1,1e-12,0.0106466,0,7.27596e-12,8.88106e-13
basic,500,1,0,1,1e-12,0.0106938,0,7.16227e-12,9.6016e-13
basic,501,1,0,1,1e-12,0.0107848,0,9.77707e-12,9.93303e-13
basic,502,1,0,1,1e-12,0.0108082,0,9.54969e-12,8.90843e-13
basic,503,1,0,1,1e-12,0.0107694,0,8.52651e-12,8.44909e-13
basic,504,1,0,1,1e-12,0.0108996,0,7.27596e-12,9.15313e-13
basic,505,1,0,1,1e-12,0.0110233,0,7.38964e-12,8.99354e-13
basic,506,1,0,1,1e-12,0.0109731,0,7.7307e-12,8.91908e-13
basic,507,1,0,1,1e-12,0.0110177,0,6.9349e-12,9.67755e-13
basic,508,1,0,1,1e-12,0.0110861,0,8.29914e-12,8.40576e-13
basic,509,1,0,1,1e-12,0.0112104,0,6.13909e-12,8.91454e-13
basic,510,1,0,1,1e-12,0.0120065,0,4.88853e-12,8.53169e-13
basic,511,1,0,1,1e-12,0.0136722,0,8.98126e-12,8.74532e-13
basic,512,1,0,1,1e-12,0.012861,0,7.38964e-12,8.43662e-13
basic,513,1,0,1,1e-12,0.0120531,0,8.75389e-12,9.56901e-13
basic,514,1,0,1,1e-12,0.0123446,0,6.9349e-12,9.90897e-13
basic,515,1,0,1,1e-12,0.011923,0,6.9349e-12,8.70657e-13
basic,516,1,0,1,1e-12,0.0114953,0,9.32232e-12,9.69297e-13
basic,517,1,0,1,1e-12,0.0115139,0,8.98126e-12,9.213e-13
basic,518,1,0,1,1e-12,0.0116542,0,8.52651e-12,9.45009e-13
basic,519,1,0,1,1e-12,0.0115908,0,1.05729e-11,9.50609e-13
basic,520,1,0,1,1e-12,0.0116513,0,8.52651e-12,8.52986e-13
basic,521,1,0,1,1e-12,0.011635,0,9.20863e-12,1.01769e-12
basic,522,1,0,1,1e-12,0.012018,0,7.04858e-12,8.64714e-13
basic,523,1,0,1,1e-12,0.0118374,0,7.95808e-12,8.87244e-13
basic,524,1,0,1,1e-12,0.0118608,0,7.27596e-12,9.11244e-13
basic,525,1,0,1,1e-12,0.0118736,0,9.09495e-12,1.02145e-12
basic,526,1,0,1,1e-12,0.0120194,0,8.75389e-12,9.24635e-13
basic,527,1,0,1,1e-12,0.0120534,0,5.91172e-12,8.8257e-13
basic,528,1,0,1,1e-12,0.0120869,0,9.43601e-12,9.71933e-13
basic,529,1,0,1,1e-12,0.0122114,0,9.89075e-12,9.35417e-13
basic,530,1,0,1,1e-12,0.0121038,0,7.61702e-12,9.60928e-13
basic,531,1,0,1,1e-12,0.0122954,0,6.48015e-12,8.35289e-13
basic,532,1,0,1,1e-12,0.0122297,0,8.6402e-12,8.73031e-13
basic,533,1,0,1,1e-12,0.0121065,0,7.16227e-12,8.19979e-13
basic,534,1,0,1,1e-12,0.0122233,0,8.75389e-12,8.91435e-13
basic,535,1,0,1,1e-12,0.0124149,0,8.6402e-12,9.23383e-13
basic,536,1,0,1,1e-12,0.0123656,0,5.57066e-12,8.81633e-13
basic,537,1,0,1,1e-12,0.0124231,0,9.20863e-12,9.17269e-13
basic,538,1,0,1,1e-12,0.0124015,0,6.70752e-12,9.87231e-13
basic,539,1,0,1,1e-12,0.0126592,0,8.86757e-12,8.95263e-13
basic,540,1,0,1,1e-12,0.0126869,0,6.36646e-12,1.03813e-12
basic,541,1,0,1,1e-12,0.0125876,0,8.41283e-12,9.43206e-13
basic,542,1,0,1,1e-12,0.0126672,0,8.07177e-12,9.29607e-13
basic,543,1,0,1,1e-12,0.0126048,0,1.08002e-11,9.47115e-13
basic,544,1,0,1,1e-12,0.0127917,0,7.38964e-12,8.86985e-13
basic,545,1,0,1,1e-12,0.0127651,0,8.41283e-12,8.35403e-13
basic,546,1,0,1,1e-12,0.01297,0,5.91172e-12,8.18104e-13
basic,547,1,0,1,1e-12,0.0130607,0,7.95808e-12,9.50792e-13
basic,548,1,0,1,1e-12,0.0127742,0,1.00044e-11,8.9682e-13
basic,549,1,0,1,1e-12,0.0130993,0,8.6402e-12,9.17297e-13
basic,550,1,0,1,1e-12,0.0130682,0,6.82121e-12,8.7792e-13
basic,551,1,0,1,1e-12,0.0130668,0,8.86757e-12,1.00647e-12
basic,552,1,0,1,1e-12,0.0130895,0,6.9349e-12,9.03279e-13
basic,553,1,0,1,1e-12,0.0130667,0,8.52651e-12,9.83678e-13
basic,554,1,0,1,1e-12,0.0132125,0,6.36646e-12,8.94449e-13
basic,555,1,0,1,1e-12,0.0133038,0,8.29914e-12,8.57572e-13
basic,556,1,0,1,1e-12,0.0133512,0,7.27596e-12,9.49385e-13
basic,557,1,0,1,1e-12,0.0133493,0,1.20508e-11,8.70688e-13
basic,558,1,0,1,1e-12,0.0134591,0,8.75389e-12,9.29655e-13
basic,559,1,0,1,1e-12,0.0133907,0,7.95808e-12,9.39558e-13
basic,560,1,0,1,1e-12,0.0134607,0,6.36646e-12,8.9641e-13
basic,561,1,0,1,1e-12,0.0134665,0,8.86757e-12,8.54728e-13
basic,562,1,0,1,1e-12,0.013447,0,1.11413e-11,1.00928e-12
basic,563,1,0,1,1e-12,0.0136345,0,6.59384e-12,9.27597e-13
basic,564,1,0,1,1e-12,0.0136847,0,8.41283e-12,9.35964e-13
basic,565,1,0,1,1e-12,0.0137228,0,6.48015e-12,9.19838e-13
basic,566,1,0,1,1e-12,0.0137757,0,6.48015e-12,8.30639e-13
basic,567,1,0,1,1e-12,0.0138201,0,6.70752e-12,1.01738e-12
basic,568,1,0,1,1e-12,0.0138252,0,6.59384e-12,9.05381e-13
basic,569,1,0,1,1e-12,0.0139642,0,7.50333e-12,1.0068e-12
basic,570,1,0,1,1e-12,0.0138377,0,7.61702e-12,8.90661e-13
basic,571,1,0,1,1e-12,0.0139429,0,6.59384e-12,9.50641e-13
basic,572,1,0,1,1e-12,0.0141169,0,7.50333e-12,8.60144e-13
basic,573,1,0,1,1e-12,0.0141726,0,7.04858e-12,9.44441e-13
basic,574,1,0,1,1e-12,0.0142576,0,1.15961e-11,9.29705e-13
basic,575,1,0,1,1e-12,0.0141166,0,9.54969e-12,9.26973e-13
basic,576,1,0,1,1e-12,0.0142608,0,8.07177e-12,8.96599e-13
basic,577,1,0,1,1e-12,0.0142528,0,9.66338e-12,9.40585e-13
basic,578,1,0,1,1e-12,0.0143731,0,1.00044e-11,8.82478e-13
basic,579,1,0,1,1e-12,0.0144322,0,6.13909e-12,9.30599e-13
basic,580,1,0,1,1e-12,0.0145136,0,8.18545e-12,8.75956e-13
basic,581,1,0,1,1e-12,0.0145677,0,9.09495e-12,9.28065e-13
basic,582,1,0,1,1e-12,0.014674,0,7.27596e-12,9.71225e-13
basic,583,1,0,1,1e-12,0.0144871,0,7.27596e-12,8.78923e-13
basic,584,1,0,1,1e-12,0.0147213,0,8.75389e-12,9.66853e-13
basic,585,1,0,1,1e-12,0.0145636,0,6.82121e-12,9.60708e-13
basic,586,1,0,1,1e-12,0.0148794,0,1.26192e-11,9.89224e-13
basic,587,1,0,1,1e-12,0.0148055,0,8.41283e-12,8.91352e-13
basic,588,1,0,1,1e-12,0.0148256,0,6.70752e-12,9.35011e-13
basic,589,1,0,1,1e-12,0.0146608,0,7.27596e-12,9.38486e-13
basic,590,1,0,1,1e-12,0.0149561,0,6.13909e-12,9.67899e-13
basic,591,1,0,1,1e-12,0.0150063,0,7.61702e-12,8.78897e-13
basic,592,1,0,1,1e-12,0.0151857,0,7.61702e-12,8.91117e-13
basic,593,1,0,1,1e-12,0.0151099,0,8.18545e-12,9.16083e-13
basic,594,1,0,1,1e-12,0.0150861,0,6.82121e-12,9.43162e-13
basic,595,1,0,1,1e-12,0.0151297,0,6.82121e-12,9.41135e-13
basic,596,1,0,1,1e-12,0.0153091,0,9.32232e-12,1.0231e-12
basic,597,1,0,1,1e-12,0.0153279,0,8.86757e-12,8.63421e-13
basic,598,1,0,1,1e-12,0.015399,0,9.66338e-12,9.92071e-13
basic,599,1,0,1,1e-12,0.0153143,0,9.09495e-12,9.73003e-13
basic,600,1,0,1,1e-12,0.0154278,0,1.14824e-11,9.87853e-13
basic,601,1,0,1,1e-12,0.0155418,0,7.7307e-12,8.65765e-13
basic,602,1,0,1,1e-12,0.015236,0,1.02318e-11,9.37687e-13
basic,603,1,0,1,1e-12,0.0152342,0,7.95808e-12,8.18555e-13
basic,604,1,0,1,1e-12,0.0151883,0,1.11413e-11,9.51155e-13
basic,605,1,0,1,1e-12,0.0152362,0,6.48015e-12,9.89712e-13
basic,606,1,0,1,1e-12,0.0153079,0,1.03455e-11,9.3944e-13
basic,607,1,0,1,1e-12,0.0154613,0,7.27596e-12,9.10653e-13
basic,608,1,0,1,1e-12,0.0152822,0,1.02318e-11,9.7418e-13
basic,609,1,0,1,1e-12,0.0153057,0,5.34328e-12,8.85764e-13
basic,610,1,0,1,1e-12,0.0153731,0,8.86757e-12,8.21928e-13
basic,611,1,0,1,1e-12,0.0155682,0,8.41283e-12,9.42701e-13
basic,612,1,0,1,1e-12,0.0154268,0,9.66338e-12,9.61868e-13
basic,613,1,0,1,1e-12,0.0156141,0,7.84439e-12,9.08003e-13
basic,614,1,0,1,1e-12,0.0157809,0,6.82121e-12,9.10389e-13
basic,615,1,0,1,1e-12,0.0155957,0,5.22959e-12,9.41209e-13
basic,616,1,0,1,1e-12,0.0158233,0,1.10276e-11,9.19638e-13
basic,617,1,0,1,1e-12,0.0156731,0,8.86757e-12,9.71723e-13
basic,618,1,0,1,1e-12,0.0157054,0,6.9349e-12,8.97747e-13
basic,619,1,0,1,1e-12,0.0159061,0,1.38698e-11,9.47162e-13
basic,620,1,0,1,1e-12,0.0160904,0,7.38964e-12,9.28249e-13
basic,621,1,0,1,1e-12,0.0161529,0,8.52651e-12,9.13978e-13
basic,622,1,0,1,1e-12,0.0160663,0,8.75389e-12,9.34867e-13
basic,623,1,0,1,1e-12,0.0161144,0,7.50333e-12,9.58106e-13
basic,624,1,0,1,1e-12,0.0160813,0,8.86757e-12,9.69351e-13
basic,625,1,0,1,1e-12,0.0161645,0,1.21645e-11,1.00275e-12
basic,626,1,0,1,1e-12,0.0163133,0,1.3074e-11,1.02358e-12
basic,627,1,0,1,1e-12,0.0164419,0,1.4893e-11,9.07889e-13
basic,628,1,0,1,1e-12,0.0163695,0,1.13687e-11,9.57341e-13
basic,629,1,0,1,1e-12,0.016501,0,8.75389e-12,9.48686e-13
basic,630,1,0,1,1e-12,0.0166088,0,7.16227e-12,9.76121e-13
basic,631,1,0,1,1e-12,0.0163935,0,7.38964e-12,1.04667e-12
basic,632,1,0,1,1e-12,0.0166072,0,9.32232e-12,9.58868e-13
basic,633,1,0,1,1e-12,0.0165731,0,8.07177e-12,9.3039e-13
basic,634,1,0,1,1e-12,0.0166059,0,8.07177e-12,8.77234e-13
basic,635,1,0,1,1e-12,0.0167911,0,7.50333e-12,9.11457e-13
basic,636,1,0,1,1e-12,0.0168443,0,5.68434e-12,9.13158e-13
basic,637,1,0,1,1e-12,0.0168216,0,8.52651e-12,1.0077e-12
basic,638,1,0,1,1e-12,0.0167183,0,9.20863e-12,9.72204e-13
basic,639,1,0,1,1e-12,0.0169729,0,8.75389e-12,1.01823e-12
basic,640,1,0,1,1e-12,0.017068,0,9.09495e-12,9.07018e-13
basic,641,1,0,1,1e-12,0.0171266,0,1.33014e-11,1.02456e-12
basic,642,1,0,1,1e-12,0.0169882,0,9.43601e-12,1.01879e-12
basic,643,1,0,1,1e-12,0.0171121,0,9.66338e-12,9.54718e-13
basic,644,1,0,1,1e-12,0.0173367,0,1.18234e-11,9.26589e-13
basic,645,1,0,1,1e-12,0.0172017,0,6.70752e-12,9.35398e-13
basic,646,1,0,1,1e-12,0.01727,0,7.50333e-12,9.10224e-13
basic,647,1,0,1,1e-12,0.0174375,0,1.00044e-11,9.26688e-13
basic,648,1,0,1,1e-12,0.0176151,0,9.09495e-12,9.20237e-13
basic,649,1,0,1,1e-12,0.0172394,0,9.89075e-12,9.44568e-13
basic,650,1,0,1,1e-12,0.0176947,0,8.75389e-12,1.06607e-12
basic,651,1,0,1,1e-12,0.0176982,0,8.41283e-12,9.14091e-13
basic,652,1,0,1,1e-12,0.017581,0,6.25278e-12,8.88629e-13
basic,653,1,0,1,1e-12,0.0177431,0,7.04858e-12,9.70517e-13
basic,654,1,0,1,1e-12,0.0179043,0,6.70752e-12,1.00122e-12
basic,655,1,0,1,1e-12,0.0177516,0,7.38964e-12,9.19436e-13
basic,656,1,0,1,1e-12,0.017875,0,8.41283e-12,9.78547e-13
basic,657,1,0,1,1e-12,0.018219,0,7.84439e-12,9.94499e-13
basic,658,1,0,1,1e-12,0.017902,0,1.42109e-11,1.02306e-12
basic,659,1,0,1,1e-12,0.0179488,0,8.29914e-12,9.95441e-13
basic,660,1,0,1,1e-12,0.0181461,0,8.75389e-12,9.64551e-13
basic,661,1,0,1,1e-12,0.0182311,0,1.17097e-11,1.0095e-12
basic,662,1,0,1,1e-12,0.0181104,0,1.06866e-11,9.1301e-13
basic,663,1,0,1,1e-12,0.0181496,0,8.98126e-12,9.83008e-13
basic,664,1,0,1,1e-12,0.0183758,0,9.20863e-12,9.00343e-13
basic,665,1,0,1,1e-12,0.0182519,0,7.27596e-12,9.618e-13
basic,666,1,0,1,1e-12,0.0184458,0,7.16227e-12,9.55077e-13
basic,667,1,0,1,1e-12,0.0183746,0,1.1255e-11,9.91487e-13
basic,668,1,0,1,1e-12,0.018521,0,1.05729e-11,9.53033e-13
basic,669,1,0,1,1e-12,0.0185813,0,7.50333e-12,9.43272e-13
basic,670,1,0,1,1e-12,0.0187083,0,8.41283e-12,9.0044e-13
basic,671,1,0,1,1e-12,0.0187021,0,1.08002e-11,9.98753e-13
basic,672,1,0,1,1e-12,0.0187327,0,7.61702e-12,9.33504e-13
basic,673,1,0,1,1e-12,0.018842,0,1.60298e-11,9.76458e-13
basic,674,1,0,1,1e-12,0.0189054,0,1.26192e-11,9.6198e-13
basic,675,1,0,1,1e-12,0.0188417,0,8.29914e-12,9.0373e-13
basic,676,1,0,1,1e-12,0.0189039,0,9.20863e-12,9.51685e-13
basic,677,1,0,1,1e-12,0.0190053,0,9.20863e-12,9.50709e-13
basic,678,1,0,1,1e-12,0.0192574,0,9.09495e-12,9.2279e-13
basic,679,1,0,1,1e-12,0.019194,0,7.38964e-12,9.79597e-13
basic,680,1,0,1,1e-12,0.0190062,0,1.02318e-11,9.65943e-13
basic,681,1,0,1,1e-12,0.0193376,0,9.66338e-12,9.34935e-13
basic,682,1,0,1,1e-12,0.019352,0,7.27596e-12,9.07752e-13
basic,683,1,0,1,1e-12,0.019461,0,8.52651e-12,9.94433e-13
basic,684,1,0,1,1e-12,0.0195228,0,1.36424e-11,9.60379e-13
basic,685,1,0,1,1e-12,0.0195177,0,1.38698e-11,9.68016e-13
basic,686,1,0,1,1e-12,0.0198051,0,1.43245e-11,1.02595e-12
basic,687,1,0,1,1e-12,0.0196553,0,1.38698e-11,9.35646e-13
basic,688,1,0,1,1e-12,0.0198208,0,1.13687e-11,9.62213e-13
basic,689,1,0,1,1e-12,0.0196317,0,7.38964e-12,9.71319e-13
basic,690,1,0,1,1e-12,0.0197183,0,9.66338e-12,9.35911e-13
basic,691,1,0,1,1e-12,0.0198929,0,1.05729e-11,1.02605e-12
basic,692,1,0,1,1e-12,0.0207673,0,1.09139e-11,1.0415e-12
basic,693,1,0,1,1e-12,0.0205666,0,8.6402e-12,9.94895e-13
basic,694,1,0,1,1e-12,0.0209292,0,9.54969e-12,1.00793e-12
basic,695,1,0,1,1e-12,0.0208442,0,9.54969e-12,9.49615e-13
basic,696,1,0,1,1e-12,0.0207884,0,8.86757e-12,9.28748e-13
basic,697,1,0,1,1e-12,0.0209936,0,8.6402e-12,8.66267e-13
basic,698,1,0,1,1e-12,0.0209602,0,1.03455e-11,9.36421e-13
basic,699,1,0,1,1e-12,0.021139,0,8.75389e-12,1.03664e-12
basic,700,1,0,1,1e-12,0.0212503,0,1.21645e-11,1.03457e-12
basic,701,1,0,1,1e-12,0.0211895,0,8.6402e-12,9.36495e-13
basic,702,1,0,1,1e-12,0.0206398,0,1.20508e-11,1.05355e-12
basic,703,1,0,1,1e-12,0.020636,0,1.14824e-11,9.97461e-13
basic,704,1,0,1,1e-12,0.0207352,0,8.29914e-12,1.05505e-12
basic,705,1,0,1,1e-12,0.020873,0,1.13687e-11,9.20724e-13
basic,706,1,0,1,1e-12,0.0208582,0,9.54969e-12,9.62375e-13
basic,707,1,0,1,1e-12,0.0207336,0,9.43601e-12,1.02833e-12
basic,708,1,0,1,1e-12,0.0207967,0,8.41283e-12,1.01573e-12
basic,709,1,0,1,1e-12,0.0207173,0,1.06866e-11,1.01436e-12
basic,710,1,0,1,1e-12,0.0209607,0,1.00044e-11,1.00982e-12
basic,711,1,0,1,1e-12,0.0210362,0,7.95808e-12,1.04792e-12
basic,712,1,0,1,1e-12,0.0210477,0,1.58025e-11,9.56282e-13
basic,713,1,0,1,1e-12,0.0210098,0,7.27596e-12,9.28013e-13
basic,714,1,0,1,1e-12,0.0212617,0,7.38964e-12,9.22209e-13
basic,715,1,0,1,1e-12,0.0212585,0,7.61702e-12,9.38519e-13
basic,716,1,0,1,1e-12,0.0214009,0,7.95808e-12,9.36949e-13
basic,717,1,0,1,1e-12,0.0212594,0,8.18545e-12,1.00282e-12
basic,718,1,0,1,1e-12,0.0215492,0,7.50333e-12,9.52598e-13
basic,719,1,0,1,1e-12,0.0214406,0,9.43601e-12,1.08073e-12
basic,720,1,0,1,1e-12,0.0215472,0,7.61702e-12,9.42184e-13
basic,721,1,0,1,1e-12,0.0214524,0,8.75389e-12,9.26675e-13
basic,722,1,0,1,1e-12,0.0214949,0,1.09139e-11,9.5644e-13
basic,723,1,0,1,1e-12,0.0218235,0,9.54969e-12,9.05645e-13
basic,724,1,0,1,1e-12,0.0217813,0,1.23919e-11,9.67184e-13
basic,725,1,0,1,1e-12,0.0218649,0,1.13687e-11,1.02284e-12
basic,726,1,0,1,1e-12,0.0220149,0,7.38964e-12,1.02754e-12
basic,727,1,0,1,1e-12,0.0219575,0,9.43601e-12,1.00687e-12
basic,728,1,0,1,1e-12,0.0221911,0,7.84439e-12,9.92593e-13
basic,729,1,0,1,1e-12,0.0222032,0,9.09495e-12,9.80109e-13
basic,730,1,0,1,1e-12,0.0221638,0,7.50333e-12,9.51028e-13
basic,731,1,0,1,1e-12,0.0221817,0,8.41283e-12,1.00002e-12
basic,732,1,0,1,1e-12,0.0223022,0,6.59384e-12,9.14042e-13
basic,733,1,0,1,1e-12,0.0223003,0,1.19371e-11,1.05309e-12
basic,734,1,0,1,1e-12,0.0223993,0,9.09495e-12,9.80418e-13
basic,735,1,0,1,1e-12,0.0224408,0,1.03455e-11,1.00006e-12
basic,736,1,0,1,1e-12,0.0224735,0,8.6402e-12,1.03877e-12
basic,737,1,0,1,1e-12,0.022559,0,1.04592e-11,1.02646e-12
basic,738,1,0,1,1e-12,0.0227558,0,8.86757e-12,9.85974e-13
basic,739,1,0,1,1e-12,0.0226928,0,6.25278e-12,9.47365e-13
basic,740,1,0,1,1e-12,0.022737,0,1.10276e-11,9.18514e-13
basic,741,1,0,1,1e-12,0.0229097,0,1.04592e-11,9.97292e-13
basic,742,1,0,1,1e-12,0.0228909,0,1.14824e-11,9.38908e-13
basic,743,1,0,1,1e-12,0.0227218,0,7.95808e-12,9.66823e-13
basic,744,1,0,1,1e-12,0.0229347,0,1.04592e-11,9.80418e-13
basic,745,1,0,1,1e-12,0.0231977,0,8.86757e-12,1.03134e-12
basic,746,1,0,1,1e-12,0.0232112,0,1.00044e-11,9.8551e-13
basic,747,1,0,1,1e-12,0.0232039,0,1.05729e-11,1.02997e-12
basic,748,1,0,1,1e-12,0.0234686,0,9.89075e-12,1.01072e-12
basic,749,1,0,1,1e-12,0.0234916,0,9.09495e-12,1.0065e-12
basic,750,1,0,1,1e-12,0.0234588,0,7.38964e-12,1.06978e-12
basic,751,1,0,1,1e-12,0.0235683,0,1.09139e-11,9.9144e-13
basic,752,1,0,1,1e-12,0.0234925,0,1.29603e-11,1.0202e-12
basic,753,1,0,1,1e-12,0.0234699,0,1.00044e-11,9.61732e-13
basic,754,1,0,1,1e-12,0.0236527,0,8.29914e-12,9.3986e-13
basic,755,1,0,1,1e-12,0.0236313,0,9.54969e-12,1.0272e-12
basic,756,1,0,1,1e-12,0.0236876,0,9.54969e-12,9.68759e-13
basic,757,1,0,1,1e-12,0.0238004,0,7.61702e-12,1.00749e-12
basic,758,1,0,1,1e-12,0.0238677,0,7.04858e-12,9.7518e-13
basic,759,1,0,1,1e-12,0.0238118,0,8.98126e-12,1.00978e-12
basic,760,1,0,1,1e-12,0.0239202,0,1.06866e-11,1.02099e-12
basic,761,1,0,1,1e-12,0.0240081,0,1.21645e-11,1.0398e-12
basic,762,1,0,1,1e-12,0.0242177,0,1.01181e-11,1.00268e-12
basic,763,1,0,1,1e-12,0.0242859,0,1.20508e-11,1.04667e-12
basic,764,1,0,1,1e-12,0.02437,0,1.38698e-11,9.65699e-13
basic,765,1,0,1,1e-12,0.0243844,0,8.29914e-12,9.80742e-13
basic,766,1,0,1,1e-12,0.0244632,0,8.86757e-12,9.84976e-13
basic,767,1,0,1,1e-12,0.0253026,0,7.7307e-12,1.00147e-12
basic,768,1,0,1,1e-12,0.025933,0,1.04592e-11,1.04223e-12
basic,769,1,0,1,1e-12,0.024852,0,1.05729e-11,9.56247e-13
basic,770,1,0,1,1e-12,0.0247188,0,8.29914e-12,9.86241e-13
basic,771,1,0,1,1e-12,0.0249275,0,1.04592e-11,1.00162e-12
basic,772,1,0,1,1e-12,0.0249483,0,1.23919e-11,1.03139e-12
basic,773,1,0,1,1e-12,0.0248406,0,1.50067e-11,9.48134e-13
basic,774,1,0,1,1e-12,0.0247749,0,8.41283e-12,1.05757e-12
basic,775,1,0,1,1e-12,0.024958,0,7.95808e-12,1.05422e-12
basic,776,1,0,1,1e-12,0.0249668,0,1.1255e-11,9.9077e-13
basic,777,1,0,1,1e-12,0.0252032,0,1.31877e-11,1.00183e-12
basic,778,1,0,1,1e-12,0.0252777,0,1.29603e-11,9.66562e-13
basic,779,1,0,1,1e-12,0.0253297,0,9.32232e-12,9.57089e-13
basic,780,1,0,1,1e-12,0.0253166,0,9.20863e-12,9.71521e-13
basic,781,1,0,1,1e-12,0.0254476,0,1.18234e-11,9.52037e-13
basic,782,1,0,1,1e-12,0.0254052,0,1.05729e-11,1.0235e-12
basic,783,1,0,1,1e-12,0.0255358,0,1.00044e-11,9.95556e-13
basic,784,1,0,1,1e-12,0.0257449,0,8.41283e-12,9.51442e-13
basic,785,1,0,1,1e-12,0.025627,0,1.23919e-11,1.02079e-12
basic,786,1,0,1,1e-12,0.0257257,0,8.07177e-12,1.00255e-12
basic,787,1,0,1,1e-12,0.0256192,0,1.14824e-11,1.09151e-12
basic,788,1,0,1,1e-12,0.025908,0,8.18545e-12,1.01678e-12
basic,789,1,0,1,1e-12,0.0258195,0,1.08002e-11,1.04656e-12
basic,790,1,0,1,1e-12,0.0255338,0,7.61702e-12,9.49441e-13
basic,791,1,0,1,1e-12,0.0253038,0,1.01181e-11,9.65712e-13
basic,792,1,0,1,1e-12,0.0256903,0,1.04592e-11,9.21603e-13
basic,793,1,0,1,1e-12,0.0256069,0,7.16227e-12,9.63085e-13
basic,794,1,0,1,1e-12,0.0255387,0,9.09495e-12,9.73137e-13
basic,795,1,0,1,1e-12,0.0257341,0,1.14824e-11,1.01161e-12
basic,796,1,0,1,1e-12,0.0254462,0,1.23919e-11,9.96835e-13
basic,797,1,0,1,1e-12,0.0256279,0,7.95808e-12,9.94558e-13
basic,798,1,0,1,1e-12,0.0256194,0,1.21645e-11,9.93729e-13
basic,799,1,0,1,1e-12,0.025865,0,1.06866e-11,1.11623e-12
basic,800,1,0,1,1e-12,0.0258403,0,7.95808e-12,9.42874e-13
basic,801,1,0,1,1e-12,0.0259709,0,1.06866e-11,9.90296e-13
basic,802,1,0,1,1e-12,0.0260586,0,1.00044e-11,1.10134e-12
basic,803,1,0,1,1e-12,0.025964,0,8.75389e-12,9.73534e-13
basic,804,1,0,1,1e-12,0.0263697,0,7.16227e-12,1.01146e-12
basic,805,1,0,1,1e-12,0.0261391,0,8.98126e-12,1.02304e-12
basic,806,1,0,1,1e-12,0.0264102,0,9.77707e-12,9.62349e-13
basic,807,1,0,1,1e-12,0.026433,0,1.27329e-11,9.97768e-13
basic,808,1,0,1,1e-12,0.0266405,0,1.42109e-11,1.09251e-12
basic,809,1,0,1,1e-12,0.0265464,0,1.05729e-11,1.01045e-12
basic,810,1,0,1,1e-12,0.0267839,0,1.71667e-11,1.08436e-12
basic,811,1,0,1,1e-12,0.0269531,0,8.07177e-12,9.99859e-13
basic,812,1,0,1,1e-12,0.0266262,0,1.10276e-11,1.08305e-12
basic,813,1,0,1,1e-12,0.0270781,0,1.25056e-11,9.65842e-13
basic,814,1,0,1,1e-12,0.0268874,0,8.98126e-12,1.00924e-12
basic,815,1,0,1,1e-12,0.0269776,0,7.61702e-12,9.50642e-13
basic,816,1,0,1,1e-12,0.0269247,0,8.07177e-12,1.01788e-12
basic,817,1,0,1,1e-12,0.0273412,0,1.02318e-11,1.07063e-12
basic,818,1,0,1,1e-12,0.0276331,0,1.15961e-11,1.04388e-12
basic,819,1,0,1,1e-12,0.027204,0,8.75389e-12,1.02256e-12
basic,820,1,0,1,1e-12,0.027352,0,9.66338e-12,1.01167e-12
basic,821,1,0,1,1e-12,0.027416,0,9.66338e-12,1.0426e-12
basic,822,1,0,1,1e-12,0.0275182,0,7.50333e-12,1.05512e-12
basic,823,1,0,1,1e-12,0.0273926,0,9.20863e-12,9.81126e-13
basic,824,1,0,1,1e-12,0.0274842,0,9.43601e-12,1.08061e-12
basic,825,1,0,1,1e-12,0.0276628,0,1.29603e-11,1.04993e-12
basic,826,1,0,1,1e-12,0.0278393,0,8.98126e-12,9.8464e-13
basic,827,1,0,1,1e-12,0.0277514,0,1.47793e-11,1.04991e-12
basic,828,1,0,1,1e-12,0.0280023,0,1.04592e-11,1.04823e-12
basic,829,1,0,1,1e-12,0.0279706,0,8.98126e-12,9.87329e-13
basic,830,1,0,1,1e-12,0.0280044,0,1.09139e-11,1.04828e-12
basic,831,1,0,1,1e-12,0.0282379,0,9.43601e-12,9.71758e-13
basic,832,1,0,1,1e-12,0.0282438,0,8.41283e-12,1.06377e-12
basic,833,1,0,1,1e-12,0.0281064,0,9.32232e-12,1.04333e-12
basic,834,1,0,1,1e-12,0.0283936,0,1.00044e-11,1.00196e-12
basic,835,1,0,1,1e-12,0.0282308,0,9.43601e-12,1.05221e-12
basic,836,1,0,1,1e-12,0.0284639,0,7.7307e-12,1.06511e-12
basic,837,1,0,1,1e-12,0.0283541,0,1.19371e-11,1.05089e-12
basic,838,1,0,1,1e-12,0.0287951,0,9.32232e-12,1.03347e-12
basic,839,1,0,1,1e-12,0.0286045,0,9.20863e-12,1.12434e-12
basic,840,1,0,1,1e-12,0.0288118,0,1.04592e-11,1.00775e-12
basic,841,1,0,1,1e-12,0.0285834,0,7.16227e-12,9.87531e-13
basic,842,1,0,1,1e-12,0.029005,0,1.22782e-11,1.04389e-12
basic,843,1,0,1,1e-12,0.0291293,0,8.75389e-12,1.02102e-12
basic,844,1,0,1,1e-12,0.0291392,0,9.32232e-12,1.01565e-12
basic,845,1,0,1,1e-12,0.0289233,0,7.16227e-12,9.9566e-13
basic,846,1,0,1,1e-12,0.0291631,0,9.20863e-12,1.07205e-12
basic,847,1,0,1,1e-12,0.0294071,0,1.3074e-11,1.10136e-12
basic,848,1,0,1,1e-12,0.0291935,0,9.89075e-12,9.80424e-13
basic,849,1,0,1,1e-12,0.0292205,0,9.77707e-12,1.06293e-12
basic,850,1,0,1,1e-12,0.0293429,0,9.89075e-12,9.86393e-13
basic,851,1,0,1,1e-12,0.0295799,0,1.36424e-11,1.06988e-12
basic,852,1,0,1,1e-12,0.029704,0,8.18545e-12,1.02507e-12
basic,853,1,0,1,1e-12,0.029478,0,8.07177e-12,9.92681e-13
basic,854,1,0,1,1e-12,0.0298089,0,1.3074e-11,9.85392e-13
basic,855,1,0,1,1e-12,0.0297156,0,8.52651e-12,1.07702e-12
basic,856,1,0,1,1e-12,0.0298444,0,1.44382e-11,9.93724e-13
basic,857,1,0,1,1e-12,0.0298486,0,1.27329e-11,1.0724e-12
basic,858,1,0,1,1e-12,0.0302941,0,1.36424e-11,1.07336e-12
basic,859,1,0,1,1e-12,0.030237,0,1.1255e-11,1.02091e-12
basic,860,1,0,1,1e-12,0.0302645,0,9.20863e-12,1.11274e-12
basic,861,1,0,1,1e-12,0.0309736,0,1.02318e-11,1.0879e-12
basic,862,1,0,1,1e-12,0.0307783,0,1.26192e-11,1.04495e-12
basic,863,1,0,1,1e-12,0.0309504,0,9.89075e-12,1.05205e-12
basic,864,1,0,1,1e-12,0.0313444,0,9.54969e-12,1.15122e-12
basic,865,1,0,1,1e-12,0.031161,0,1.02318e-11,1.02959e-12
basic,866,1,0,1,1e-12,0.0314892,0,1.75078e-11,1.13462e-12
basic,867,1,0,1,1e-12,0.0314752,0,8.52651e-12,1.07678e-12
basic,868,1,0,1,1e-12,0.0316973,0,1.25056e-11,1.1076e-12
basic,869,1,0,1,1e-12,0.0310581,0,7.7307e-12,9.81327e-13
basic,870,1,0,1,1e-12,0.0311845,0,1.14824e-11,1.10117e-12
basic,871,1,0,1,1e-12,0.0307872,0,1.54614e-11,1.12424e-12
basic,872,1,0,1,1e-12,0.0311602,0,8.07177e-12,1.03458e-12
basic,873,1,0,1,1e-12,0.0312267,0,8.6402e-12,1.02959e-12
basic,874,1,0,1,1e-12,0.0310216,0,8.07177e-12,1.02922e-12
basic,875,1,0,1,1e-12,0.0312311,0,9.20863e-12,1.07117e-12
basic,876,1,0,1,1e-12,0.031383,0,1.22782e-11,1.05083e-12
basic,877,1,0,1,1e-12,0.0314218,0,7.7307e-12,1.00238e-12
basic,878,1,0,1,1e-12,0.0314821,0,7.50333e-12,9.73453e-13
basic,879,1,0,1,1e-12,0.0317246,0,8.98126e-12,1.02157e-12
basic,880,1,0,1,1e-12,0.0316758,0,9.09495e-12,1.02459e-12
basic,881,1,0,1,1e-12,0.0317357,0,1.43245e-11,1.08193e-12
basic,882,1,0,1,1e-12,0.0316037,0,7.84439e-12,1.02931e-12
basic,883,1,0,1,1e-12,0.0317736,0,1.00044e-11,1.05292e-12
basic,884,1,0,1,1e-12,0.0318632,0,8.29914e-12,1.02498e-12
basic,885,1,0,1,1e-12,0.0321537,0,8.18545e-12,1.05208e-12
basic,886,1,0,1,1e-12,0.0320685,0,8.18545e-12,1.16208e-12
basic,887,1,0,1,1e-12,0.0319229,0,9.32232e-12,1.04112e-12
basic,888,1,0,1,1e-12,0.0322199,0,1.29603e-11,1.07767e-12
basic,889,1,0,1,1e-12,0.0323746,0,8.07177e-12,9.55248e-13
basic,890,1,0,1,1e-12,0.0325407,0,9.32232e-12,1.0639e-12
basic,891,1,0,1,1e-12,0.0323207,0,1.08002e-11,9.53564e-13
basic,892,1,0,1,1e-12,0.0323303,0,1.19371e-11,1.0741e-12
basic,893,1,0,1,1e-12,0.0324339,0,1.26192e-11,1.05654e-12
basic,894,1,0,1,1e-12,0.0323955,0,1.4893e-11,9.88119e-13
basic,895,1,0,1,1e-12,0.0329637,0,8.07177e-12,1.09114e-12
basic,896,1,0,1,1e-12,0.0326602,0,1.17097e-11,1.02968e-12
basic,897,1,0,1,1e-12,0.0327563,0,1.14824e-11,1.01687e-12
basic,898,1,0,1,1e-12,0.032656,0,1.02318e-11,1.02159e-12
basic,899,1,0,1,1e-12,0.0335856,0,1.00044e-11,9.77435e-13
basic,900,1,0,1,1e-12,0.0329927,0,9.20863e-12,9.9566e-13
basic,901,1,0,1,1e-12,0.03288,0,9.20863e-12,9.88197e-13
basic,902,1,0,1,1e-12,0.0332367,0,1.56888e-11,1.09732e-12
basic,903,1,0,1,1e-12,0.0332171,0,1.01181e-11,1.10394e-12
basic,904,1,0,1,1e-12,0.0333066,0,1.5234e-11,1.05651e-12
basic,905,1,0,1,1e-12,0.0334587,0,9.77707e-12,1.02725e-12
basic,906,1,0,1,1e-12,0.0334888,0,7.84439e-12,1.08648e-12
basic,907,1,0,1,1e-12,0.033634,0,1.17097e-11,1.06579e-12
basic,908,1,0,1,1e-12,0.0336365,0,1.01181e-11,1.1009e-12
basic,909,1,0,1,1e-12,0.0339457,0,1.01181e-11,1.02571e-12
basic,910,1,0,1,1e-12,0.0336317,0,8.6402e-12,1.03984e-12
basic,911,1,0,1,1e-12,0.0337368,0,1.14824e-11,1.00937e-12
basic,912,1,0,1,1e-12,0.0340503,0,1.37561e-11,1.12359e-12
basic,913,1,0,1,1e-12,0.034083,0,1.28466e-11,1.09414e-12
basic,914,1,0,1,1e-12,0.0341615,0,1.42109e-11,1.0673e-12
basic,915,1,0,1,1e-12,0.0341622,0,1.61435e-11,1.09663e-12
basic,916,1,0,1,1e-12,0.0342308,0,1.14824e-11,1.0991e-12
basic,917,1,0,1,1e-12,0.0343195,0,8.98126e-12,1.07025e-12
basic,918,1,0,1,1e-12,0.034115,0,1.35287e-11,1.067e-12
basic,919,1,0,1,1e-12,0.0347159,0,1.13687e-11,1.04707e-12
basic,920,1,0,1,1e-12,0.0346633,0,1.03455e-11,1.04555e-12
basic,921,1,0,1,1e-12,0.0344782,0,1.19371e-11,1.1223e-12
basic,922,1,0,1,1e-12,0.0345337,0,1.10276e-11,1.06428e-12
basic,923,1,0,1,1e-12,0.0346562,0,8.18545e-12,1.04794e-12
basic,924,1,0,1,1e-12,0.0357787,0,8.98126e-12,9.79338e-13
basic,925,1,0,1,1e-12,0.0345995,0,1.11413e-11,9.84568e-13
basic,926,1,0,1,1e-12,0.0348528,0,1.36424e-11,1.07361e-12
basic,927,1,0,1,1e-12,0.0347953,0,8.18545e-12,1.04465e-12
basic,928,1,0,1,1e-12,0.0349484,0,8.98126e-12,1.06179e-12
basic,929,1,0,1,1e-12,0.035075,0,9.09495e-12,1.05998e-12
basic,930,1,0,1,1e-12,0.0352521,0,1.18234e-11,1.01926e-12
basic,931,1,0,1,1e-12,0.0355218,0,1.36424e-11,1.07928e-12
basic,932,1,0,1,1e-12,0.0354911,0,8.75389e-12,1.1245e-12
basic,933,1,0,1,1e-12,0.0354247,0,9.66338e-12,1.06562e-12
basic,934,1,0,1,1e-12,0.0355016,0,8.86757e-12,1.0701e-12
basic,935,1,0,1,1e-12,0.0355178,0,1.40972e-11,1.08286e-12
basic,936,1,0,1,1e-12,0.0354705,0,7.7307e-12,1.06798e-12
basic,937,1,0,1,1e-12,0.0354817,0,1.35287e-11,1.08053e-12
basic,938,1,0,1,1e-12,0.0362662,0,8.86757e-12,1.02454e-12
basic,939,1,0,1,1e-12,0.0358821,0,1.27329e-11,1.04776e-12
basic,940,1,0,1,1e-12,0.035771,0,1.95541e-11,1.04543e-12
basic,941,1,0,1,1e-12,0.0361946,0,1.03455e-11,9.58714e-13
basic,942,1,0,1,1e-12,0.0359016,0,1.23919e-11,1.03944e-12
basic,943,1,0,1,1e-12,0.0357365,0,8.52651e-12,1.14642e-12
basic,944,1,0,1,1e-12,0.0357617,0,1.27329e-11,1.12616e-12
basic,945,1,0,1,1e-12,0.0356229,0,1.08002e-11,1.05851e-12
basic,946,1,0,1,1e-12,0.0354558,0,1.08002e-11,1.04896e-12
basic,947,1,0,1,1e-12,0.036021,0,1.40972e-11,1.08762e-12
basic,948,1,0,1,1e-12,0.0356503,0,9.89075e-12,1.01972e-12
basic,949,1,0,1,1e-12,0.0360114,0,1.14824e-11,1.07324e-12
basic,950,1,0,1,1e-12,0.0360776,0,9.54969e-12,1.05341e-12
basic,951,1,0,1,1e-12,0.0358338,0,1.27329e-11,1.02622e-12
basic,952,1,0,1,1e-12,0.0359353,0,8.18545e-12,1.03004e-12
basic,953,1,0,1,1e-12,0.0359322,0,9.77707e-12,1.05005e-12
basic,954,1,0,1,1e-12,0.0364173,0,1.47793e-11,1.10619e-12
basic,955,1,0,1,1e-12,0.0365364,0,8.98126e-12,1.09021e-12
basic,956,1,0,1,1e-12,0.0365028,0,1.37561e-11,9.9474e-13
basic,957,1,0,1,1e-12,0.0364467,0,7.61702e-12,1.0609e-12
basic,958,1,0,1,1e-12,0.036584,0,1.31877e-11,1.10278e-12
basic,959,1,0,1,1e-12,0.0369897,0,1.02318e-11,1.08837e-12
basic,960,1,0,1,1e-12,0.0369229,0,8.18545e-12,9.91219e-13
basic,961,1,0,1,1e-12,0.0369748,0,9.43601e-12,1.05749e-12
basic,962,1,0,1,1e-12,0.0371215,0,7.7307e-12,9.79788e-13
basic,963,1,0,1,1e-12,0.0369748,0,1.20508e-11,1.09241e-12
basic,964,1,0,1,1e-12,0.0370632,0,9.32232e-12,1.0986e-12
basic,965,1,0,1,1e-12,0.0371311,0,1.08002e-11,9.60675e-13
basic,966,1,0,1,1e-12,0.0371649,0,8.18545e-12,9.63024e-13
basic,967,1,0,1,1e-12,0.0372286,0,1.06866e-11,1.113e-12
basic,968,1,0,1,1e-12,0.0372725,0,1.06866e-11,1.03744e-12
basic,969,1,0,1,1e-12,0.037779,0,1.00044e-11,1.05484e-12
basic,970,1,0,1,1e-12,0.037577,0,1.09139e-11,1.05677e-12
basic,971,1,0,1,1e-12,0.0372661,0,1.61435e-11,1.09914e-12
basic,972,1,0,1,1e-12,0.0374407,0,1.28466e-11,1.15142e-12
basic,973,1,0,1,1e-12,0.0378936,0,1.11413e-11,1.06767e-12
basic,974,1,0,1,1e-12,0.0380352,0,1.14824e-11,1.12954e-12
basic,975,1,0,1,1e-12,0.0377577,0,8.98126e-12,1.0531e-12
basic,976,1,0,1,1e-12,0.0381056,0,8.75389e-12,1.08672e-12
basic,977,1,0,1,1e-12,0.0376283,0,1.23919e-11,1.03736e-12
basic,978,1,0,1,1e-12,0.037951,0,7.50333e-12,1.10847e-12
basic,979,1,0,1,1e-12,0.0379203,0,1.58025e-11,1.03913e-12
basic,980,1,0,1,1e-12,0.0380571,0,1.47793e-11,9.90226e-13
basic,981,1,0,1,1e-12,0.0382489,0,7.95808e-12,1.11719e-12
basic,982,1,0,1,1e-12,0.0387806,0,9.43601e-12,1.09288e-12
basic,983,1,0,1,1e-12,0.0385679,0,9.89075e-12,1.03537e-12
basic,984,1,0,1,1e-12,0.0389367,0,9.77707e-12,1.02767e-12
basic,985,1,0,1,1e-12,0.0387739,0,1.3074e-11,1.00621e-12
basic,986,1,0,1,1e-12,0.0387718,0,9.43601e-12,1.03287e-12
basic,987,1,0,1,1e-12,0.0388679,0,1.28466e-11,1.05012e-12
basic,988,1,0,1,1e-12,0.0389074,0,1.03455e-11,1.0994e-12
basic,989,1,0,1,1e-12,0.038797,0,1.1255e-11,1.079e-12
basic,990,1,0,1,1e-12,0.0390622,0,9.20863e-12,1.09299e-12
basic,991,1,0,1,1e-12,0.0389464,0,8.86757e-12,1.01349e-12
basic,992,1,0,1,1e-12,0.0398677,0,7.95808e-12,1.03797e-12
basic,993,1,0,1,1e-12,0.0393396,0,1.03455e-11,1.06054e-12
basic,994,1,0,1,1e-12,0.039106,0,9.32232e-12,9.87316e-13
basic,995,1,0,1,1e-12,0.0389704,0,1.6712e-11,1.12921e-12
basic,996,1,0,1,1e-12,0.0395328,0,8.75389e-12,1.01491e-12
basic,997,1,0,1,1e-12,0.0396852,0,9.09495e-12,1.00414e-12
basic,998,1,0,1,1e-12,0.0399318,0,1.00044e-11,1.06381e-12
basic,999,1,0,1,1e-12,0.0393025,0,1.44382e-11,1.09619e-12
basic,1000,1,0,1,1e-12,0.0397299,0,1.27329e-11,1.07771e-12
