version, size, hermitian, complex, seed, tol, runtime in s,min_error, max_error, avg_error
eigen_elementwise,1,1,0,5,1e-12,1.885e-06,0,0,0
eigen_elementwise,2,1,0,5,1e-12,3.353e-06,0,3.41061e-13,1.7053e-13
eigen_elementwise,3,1,0,5,1e-12,2.444e-06,0,1.13687e-13,5.68434e-14
eigen_elementwise,4,1,0,5,1e-12,1.885e-06,0,3.41061e-13,1.91847e-13
eigen_elementwise,5,1,0,5,1e-12,2.444e-06,5.68434e-14,6.82121e-13,2.84217e-13
eigen_elementwise,6,1,0,5,1e-12,2.794e-06,0,4.54747e-13,1.96583e-13
eigen_elementwise,7,1,0,5,1e-12,3.841e-06,1.13687e-13,5.68434e-13,2.31434e-13
eigen_elementwise,8,1,0,5,1e-12,5.238e-06,2.84217e-14,5.68434e-13,2.55795e-13
eigen_elementwise,9,1,0,5,1e-12,5.238e-06,0,4.54747e-13,1.73688e-13
eigen_elementwise,10,1,0,5,1e-12,6.984e-06,2.84217e-14,6.82121e-13,3.43903e-13
eigen_elementwise,11,1,0,5,1e-12,7.613e-06,5.68434e-14,1.13687e-12,3.91444e-13
eigen_elementwise,12,1,0,5,1e-12,9.01e-06,0,1.7053e-12,2.41585e-13
eigen_elementwise,13,1,0,5,1e-12,1.0616e-05,0,1.36424e-12,2.62354e-13
eigen_elementwise,14,1,0,5,1e-12,1.1943e-05,0,1.36424e-12,1.91593e-13
eigen_elementwise,15,1,0,5,1e-12,1.2292e-05,0,1.36424e-12,4.38879e-13
eigen_elementwise,16,1,0,5,1e-12,1.5295e-05,6.03961e-14,9.09495e-13,2.52465e-13
eigen_elementwise,17,1,0,5,1e-12,1.4737e-05,0,7.95808e-13,3.02608e-13
eigen_elementwise,18,1,0,5,1e-12,1.7949e-05,0,1.25056e-12,4.11917e-13
eigen_elementwise,19,1,0,5,1e-12,1.7949e-05,2.84217e-14,1.13687e-12,3.14509e-13
eigen_elementwise,20,1,0,5,1e-12,2.0603e-05,0,9.09495e-13,2.6219e-13
eigen_elementwise,21,1,0,5,1e-12,2.1931e-05,0,1.36424e-12,3.29726e-13
eigen_elementwise,22,1,0,5,1e-12,2.3257e-05,5.68434e-14,1.47793e-12,3.22812e-13
eigen_elementwise,23,1,0,5,1e-12,2.5632e-05,0,1.13687e-12,2.97192e-13
eigen_elementwise,24,1,0,5,1e-12,2.7168e-05,0,1.93268e-12,4.12115e-13
eigen_elementwise,25,1,0,5,1e-12,3.1918e-05,0,2.27374e-12,4.63132e-13
eigen_elementwise,26,1,0,5,1e-12,3.4641e-05,0,1.25056e-12,4.50511e-13
eigen_elementwise,27,1,0,5,1e-12,3.5759e-05,0,6.82121e-13,2.1211e-13
eigen_elementwise,28,1,0,5,1e-12,3.7086e-05,0,1.13687e-12,2.94495e-13
eigen_elementwise,29,1,0,5,1e-12,3.9181e-05,0,1.81899e-12,4.00477e-13
eigen_elementwise,30,1,0,5,1e-12,4.2603e-05,0,4.66116e-12,5.67132e-13
eigen_elementwise,31,1,0,5,1e-12,4.3441e-05,0,1.36424e-12,4.31483e-13
eigen_elementwise,32,1,0,5,1e-12,4.7073e-05,0,1.59162e-12,3.61045e-13
eigen_elementwise,33,1,0,5,1e-12,4.9238e-05,0,1.81899e-12,4.14483e-13
eigen_elementwise,34,1,0,5,1e-12,5.0705e-05,0,1.59162e-12,3.8129e-13
eigen_elementwise,35,1,0,5,1e-12,5.3918e-05,0,1.59162e-12,4.02472e-13
eigen_elementwise,36,1,0,5,1e-12,5.8667e-05,0,1.36424e-12,4.44089e-13
eigen_elementwise,37,1,0,5,1e-12,6.2229e-05,0,3.18323e-12,5.04101e-13
eigen_elementwise,38,1,0,5,1e-12,7.7734e-05,0,1.59162e-12,3.9566e-13
eigen_elementwise,39,1,0,5,1e-12,7.1448e-05,0,2.16005e-12,4.39261e-13
eigen_elementwise,40,1,0,5,1e-12,7.3963e-05,0,1.25056e-12,3.8618e-13
eigen_elementwise,41,1,0,5,1e-12,7.7664e-05,0,1.25056e-12,4.10555e-13
eigen_elementwise,42,1,0,5,1e-12,7.8502e-05,0,2.27374e-12,4.67097e-13
eigen_elementwise,43,1,0,5,1e-12,8.3251e-05,0,1.47793e-12,3.78901e-13
eigen_elementwise,44,1,0,5,1e-12,8.5556e-05,0,2.27374e-12,3.96047e-13
eigen_elementwise,45,1,0,5,1e-12,8.9257e-05,0,2.16005e-12,4.41563e-13
eigen_elementwise,46,1,0,5,1e-12,9.1144e-05,0,2.04636e-12,6.09136e-13
eigen_elementwise,47,1,0,5,1e-12,9.7219e-05,0,1.81899e-12,4.22471e-13
eigen_elementwise,48,1,0,5,1e-12,9.9804e-05,0,2.27374e-12,4.58004e-13
eigen_elementwise,49,1,0,5,1e-12,0.000108394,0,1.47793e-12,3.61144e-13
eigen_elementwise,50,1,0,5,1e-12,0.000116426,0,3.06954e-12,4.91767e-13
eigen_elementwise,51,1,0,5,1e-12,0.000115378,0,2.16005e-12,5.29076e-13
eigen_elementwise,52,1,0,5,1e-12,0.000120057,0,1.93268e-12,4.69573e-13
eigen_elementwise,53,1,0,5,1e-12,0.000121106,0,2.04636e-12,4.42682e-13
eigen_elementwise,54,1,0,5,1e-12,0.00012802,0,2.16005e-12,5.22315e-13
eigen_elementwise,55,1,0,5,1e-12,0.00013675,0,1.59162e-12,3.46809e-13
eigen_elementwise,56,1,0,5,1e-12,0.000137309,0,3.29692e-12,4.85643e-13
eigen_elementwise,57,1,0,5,1e-12,0.000144503,0,2.38742e-12,5.4288e-13
eigen_elementwise,58,1,0,5,1e-12,0.000141639,0,2.95586e-12,6.14619e-13
eigen_elementwise,59,1,0,5,1e-12,0.000148344,0,2.95586e-12,5.21767e-13
eigen_elementwise,60,1,0,5,1e-12,0.000155048,0,2.6148e-12,4.97913e-13
eigen_elementwise,61,1,0,5,1e-12,0.000167759,0,3.63798e-12,5.46477e-13
eigen_elementwise,62,1,0,5,1e-12,0.000173696,0,3.63798e-12,6.72666e-13
eigen_elementwise,63,1,0,5,1e-12,0.000164616,0,3.06954e-12,4.07434e-13
eigen_elementwise,64,1,0,5,1e-12,0.00017181,0,2.27374e-12,4.92661e-13
eigen_elementwise,65,1,0,5,1e-12,0.000179981,0,2.38742e-12,5.02791e-13
eigen_elementwise,66,1,0,5,1e-12,0.00018487,0,2.16005e-12,3.56779e-13
eigen_elementwise,67,1,0,5,1e-12,0.000186127,0,2.16005e-12,4.53687e-13
eigen_elementwise,68,1,0,5,1e-12,0.000194229,0,2.38742e-12,5.08299e-13
eigen_elementwise,69,1,0,5,1e-12,0.000202401,0,1.7053e-12,3.87967e-13
eigen_elementwise,70,1,0,5,1e-12,0.000212109,0,2.95586e-12,5.42449e-13
eigen_elementwise,71,1,0,5,1e-12,0.000212249,0,2.84217e-12,5.87098e-13
eigen_elementwise,72,1,0,5,1e-12,0.000218115,0,3.06954e-12,5.50128e-13
eigen_elementwise,73,1,0,5,1e-12,0.000218115,0,1.59162e-12,4.27056e-13
eigen_elementwise,74,1,0,5,1e-12,0.000229499,0,3.63798e-12,4.55708e-13
eigen_elementwise,75,1,0,5,1e-12,0.000239137,0,3.75167e-12,5.06617e-13
eigen_elementwise,76,1,0,5,1e-12,0.000239905,0,3.75167e-12,5.67873e-13
eigen_elementwise,77,1,0,5,1e-12,0.000246052,0,2.6148e-12,4.56916e-13
eigen_elementwise,78,1,0,5,1e-12,0.000254573,0,2.6148e-12,4.60669e-13
eigen_elementwise,79,1,0,5,1e-12,0.00025981,0,2.38742e-12,5.37404e-13
eigen_elementwise,80,1,0,5,1e-12,0.000264979,0,3.18323e-12,6.01208e-13
eigen_elementwise,81,1,0,5,1e-12,0.000269867,0,3.86535e-12,5.69969e-13
eigen_elementwise,82,1,0,5,1e-12,0.00029054,0,2.38742e-12,4.71341e-13
eigen_elementwise,83,1,0,5,1e-12,0.000280134,0,2.72848e-12,4.82099e-13
eigen_elementwise,84,1,0,5,1e-12,0.000295849,0,2.95586e-12,6.02862e-13
eigen_elementwise,85,1,0,5,1e-12,0.000297525,0,3.97904e-12,4.94371e-13
eigen_elementwise,86,1,0,5,1e-12,0.000300528,0,2.50111e-12,6.51758e-13
eigen_elementwise,87,1,0,5,1e-12,0.000311284,0,2.6148e-12,3.98639e-13
eigen_elementwise,88,1,0,5,1e-12,0.000320153,0,3.29692e-12,4.8006e-13
eigen_elementwise,89,1,0,5,1e-12,0.000332656,0,2.95586e-12,5.03607e-13
eigen_elementwise,90,1,0,5,1e-12,0.000331189,0,2.6148e-12,5.18617e-13
eigen_elementwise,91,1,0,5,1e-12,0.00034802,0,3.41061e-12,5.15417e-13
eigen_elementwise,92,1,0,5,1e-12,0.000353956,0,3.97904e-12,6.52077e-13
eigen_elementwise,93,1,0,5,1e-12,0.000364154,0,3.41061e-12,6.72724e-13
eigen_elementwise,94,1,0,5,1e-12,0.000379309,0,2.04636e-12,5.2206e-13
eigen_elementwise,95,1,0,5,1e-12,0.000373652,0,3.86535e-12,6.8358e-13
eigen_elementwise,96,1,0,5,1e-12,0.000416744,0,3.29692e-12,4.87351e-13
eigen_elementwise,97,1,0,5,1e-12,0.00039202,0,2.72848e-12,6.58864e-13
eigen_elementwise,98,1,0,5,1e-12,0.000405709,0,3.29692e-12,5.59226e-13
eigen_elementwise,99,1,0,5,1e-12,0.000404382,0,3.18323e-12,6.21689e-13
eigen_elementwise,100,1,0,5,1e-12,0.000419398,0,3.29692e-12,5.04841e-13
eigen_elementwise,101,1,0,5,1e-12,0.000416116,0,2.95586e-12,6.29358e-13
eigen_elementwise,102,1,0,5,1e-12,0.00043176,0,3.18323e-12,5.57706e-13
eigen_elementwise,103,1,0,5,1e-12,0.000434764,0,3.29692e-12,5.55465e-13
eigen_elementwise,104,1,0,5,1e-12,0.000453341,0,3.06954e-12,5.74583e-13
eigen_elementwise,105,1,0,5,1e-12,0.00045837,0,3.18323e-12,4.82628e-13
eigen_elementwise,106,1,0,5,1e-12,0.000455925,0,4.3201e-12,4.89202e-13
eigen_elementwise,107,1,0,5,1e-12,0.000460395,0,2.95586e-12,5.7202e-13
eigen_elementwise,108,1,0,5,1e-12,0.000485888,0,3.06954e-12,5.16624e-13
eigen_elementwise,109,1,0,5,1e-12,0.000479253,0,4.3201e-12,6.20291e-13
eigen_elementwise,110,1,0,5,1e-12,0.000491405,0,3.18323e-12,5.25414e-13
eigen_elementwise,111,1,0,5,1e-12,0.00052891,0,3.06954e-12,6.36384e-13
eigen_elementwise,112,1,0,5,1e-12,0.000516688,0,4.54747e-12,7.2856e-13
eigen_elementwise,113,1,0,5,1e-12,0.000532612,0,3.06954e-12,6.42004e-13
eigen_elementwise,114,1,0,5,1e-12,0.000534636,0,4.09273e-12,5.50515e-13
eigen_elementwise,115,1,0,5,1e-12,0.000578148,0,4.3201e-12,6.37017e-13
eigen_elementwise,116,1,0,5,1e-12,0.000547907,0,3.52429e-12,6.32934e-13
eigen_elementwise,117,1,0,5,1e-12,0.000547627,0,4.3201e-12,6.704e-13
eigen_elementwise,118,1,0,5,1e-12,0.000558383,0,4.09273e-12,6.30757e-13
eigen_elementwise,119,1,0,5,1e-12,0.000567044,0,4.3201e-12,5.75599e-13
eigen_elementwise,120,1,0,5,1e-12,0.000592954,0,2.16005e-12,5.22249e-13
eigen_elementwise,121,1,0,5,1e-12,0.000591627,0,3.63798e-12,5.85405e-13
eigen_elementwise,122,1,0,5,1e-12,0.000609996,0,3.29692e-12,6.60921e-13
eigen_elementwise,123,1,0,5,1e-12,0.000607272,0,4.66116e-12,6.48991e-13
eigen_elementwise,124,1,0,5,1e-12,0.000612022,0,3.29692e-12,5.74308e-13
eigen_elementwise,125,1,0,5,1e-12,0.000624872,0,4.3201e-12,5.71958e-13
eigen_elementwise,126,1,0,5,1e-12,0.000644357,0,4.20641e-12,5.18583e-13
eigen_elementwise,127,1,0,5,1e-12,0.000645336,0,3.06954e-12,5.08989e-13
eigen_elementwise,128,1,0,5,1e-12,0.000689476,0,4.66116e-12,6.1412e-13
eigen_elementwise,129,1,0,5,1e-12,0.000676346,0,4.66116e-12,6.5078e-13
eigen_elementwise,130,1,0,5,1e-12,0.000684168,0,2.6148e-12,5.52365e-13
eigen_elementwise,131,1,0,5,1e-12,0.000704003,0,4.66116e-12,6.5953e-13
eigen_elementwise,132,1,0,5,1e-12,0.000677184,0,6.25278e-12,7.21632e-13
eigen_elementwise,133,1,0,5,1e-12,0.000723279,0,3.97904e-12,6.14272e-13
eigen_elementwise,134,1,0,5,1e-12,0.000729215,0,4.20641e-12,6.29997e-13
eigen_elementwise,135,1,0,5,1e-12,0.000715457,0,7.84439e-12,6.05698e-13
eigen_elementwise,136,1,0,5,1e-12,0.000795984,0,3.86535e-12,6.23867e-13
eigen_elementwise,137,1,0,5,1e-12,0.000750867,0,3.18323e-12,5.95974e-13
eigen_elementwise,138,1,0,5,1e-12,0.000780898,0,3.29692e-12,6.48447e-13
eigen_elementwise,139,1,0,5,1e-12,0.00077119,0,2.84217e-12,6.03757e-13
eigen_elementwise,140,1,0,5,1e-12,0.000792561,0,3.18323e-12,5.79752e-13
eigen_elementwise,141,1,0,5,1e-12,0.000789419,0,5.00222e-12,6.84515e-13
eigen_elementwise,142,1,0,5,1e-12,0.000829787,0,4.77485e-12,6.81646e-13
eigen_elementwise,143,1,0,5,1e-12,0.000826993,0,4.77485e-12,6.47985e-13
eigen_elementwise,144,1,0,5,1e-12,0.000886707,0,4.3201e-12,5.37521e-13
eigen_elementwise,145,1,0,5,1e-12,0.000862333,0,5.22959e-12,6.64161e-13
eigen_elementwise,146,1,0,5,1e-12,0.000858282,0,3.97904e-12,5.94252e-13
eigen_elementwise,147,1,0,5,1e-12,0.000888733,0,4.54747e-12,6.33664e-13
eigen_elementwise,148,1,0,5,1e-12,0.000866174,0,3.29692e-12,6.23309e-13
eigen_elementwise,149,1,0,5,1e-12,0.000898232,0,5.11591e-12,6.52626e-13
eigen_elementwise,150,1,0,5,1e-12,0.000902632,0,4.88853e-12,6.11919e-13
eigen_elementwise,151,1,0,5,1e-12,0.000930429,0,5.00222e-12,7.09343e-13
eigen_elementwise,152,1,0,5,1e-12,0.00097862,0,4.20641e-12,6.89881e-13
eigen_elementwise,153,1,0,5,1e-12,0.000908778,0,3.75167e-12,6.31268e-13
eigen_elementwise,154,1,0,5,1e-12,0.000948378,0,4.66116e-12,5.36137e-13
eigen_elementwise,155,1,0,5,1e-12,0.000977712,0,4.09273e-12,6.62432e-13
eigen_elementwise,156,1,0,5,1e-12,0.000992378,0,6.36646e-12,7.14073e-13
eigen_elementwise,157,1,0,5,1e-12,0.00100397,0,4.77485e-12,7.24324e-13
eigen_elementwise,158,1,0,5,1e-12,0.00100851,0,3.63798e-12,6.96444e-13
eigen_elementwise,159,1,0,5,1e-12,0.00100914,0,4.09273e-12,6.56224e-13
eigen_elementwise,160,1,0,5,1e-12,0.00109176,0,3.75167e-12,7.24598e-13
eigen_elementwise,161,1,0,5,1e-12,0.00101417,0,5.91172e-12,6.87792e-13
eigen_elementwise,162,1,0,5,1e-12,0.0010875,0,5.79803e-12,7.60719e-13
eigen_elementwise,163,1,0,5,1e-12,0.00104993,0,3.52429e-12,6.20374e-13
eigen_elementwise,164,1,0,5,1e-12,0.0011072,0,3.97904e-12,6.29913e-13
eigen_elementwise,165,1,0,5,1e-12,0.00110699,0,5.57066e-12,7.55651e-13
eigen_elementwise,166,1,0,5,1e-12,0.00108464,0,3.41061e-12,5.86005e-13
eigen_elementwise,167,1,0,5,1e-12,0.00111754,0,4.54747e-12,6.94651e-13
eigen_elementwise,168,1,0,5,1e-12,0.00120148,0,8.75389e-12,7.04199e-13
eigen_elementwise,169,1,0,5,1e-12,0.001138,0,4.3201e-12,5.74489e-13
eigen_elementwise,170,1,0,5,1e-12,0.00116468,0,3.75167e-12,5.70796e-13
eigen_elementwise,171,1,0,5,1e-12,0.00117592,0,4.09273e-12,6.52203e-13
eigen_elementwise,172,1,0,5,1e-12,0.00114379,0,5.68434e-12,6.03713e-13
eigen_elementwise,173,1,0,5,1e-12,0.00125149,0,7.95808e-12,7.54921e-13
eigen_elementwise,174,1,0,5,1e-12,0.00124346,0,6.70752e-12,6.52005e-13
eigen_elementwise,175,1,0,5,1e-12,0.00121077,0,3.63798e-12,6.18192e-13
eigen_elementwise,176,1,0,5,1e-12,0.00130087,0,3.86535e-12,6.60522e-13
eigen_elementwise,177,1,0,5,1e-12,0.00134794,0,5.79803e-12,8.61423e-13
eigen_elementwise,178,1,0,5,1e-12,0.00123871,0,3.97904e-12,6.01227e-13
eigen_elementwise,179,1,0,5,1e-12,0.00136282,0,5.34328e-12,6.6398e-13
eigen_elementwise,180,1,0,5,1e-12,0.00137567,0,5.34328e-12,6.60331e-13
eigen_elementwise,181,1,0,5,1e-12,0.00129654,0,3.52429e-12,5.56324e-13
eigen_elementwise,182,1,0,5,1e-12,0.00141373,0,5.45697e-12,7.31195e-13
eigen_elementwise,183,1,0,5,1e-12,0.00141464,0,3.86535e-12,6.74064e-13
eigen_elementwise,184,1,0,5,1e-12,0.0014108,0,4.77485e-12,6.35704e-13
eigen_elementwise,185,1,0,5,1e-12,0.00133537,0,5.68434e-12,6.24317e-13
eigen_elementwise,186,1,0,5,1e-12,0.00139467,0,5.45697e-12,7.14649e-13
eigen_elementwise,187,1,0,5,1e-12,0.00140975,0,4.66116e-12,6.85199e-13
eigen_elementwise,188,1,0,5,1e-12,0.00141282,0,4.77485e-12,6.64282e-13
eigen_elementwise,189,1,0,5,1e-12,0.0014175,0,4.77485e-12,7.61145e-13
eigen_elementwise,190,1,0,5,1e-12,0.00145487,0,4.66116e-12,6.82009e-13
eigen_elementwise,191,1,0,5,1e-12,0.00150285,0,3.41061e-12,5.94624e-13
eigen_elementwise,192,1,0,5,1e-12,0.0015611,0,4.54747e-12,5.52836e-13
eigen_elementwise,193,1,0,5,1e-12,0.00146528,0,4.3201e-12,6.52834e-13
eigen_elementwise,194,1,0,5,1e-12,0.00154476,0,4.88853e-12,6.77012e-13
eigen_elementwise,195,1,0,5,1e-12,0.00153533,0,4.54747e-12,7.07956e-13
eigen_elementwise,196,1,0,5,1e-12,0.001559,0,5.68434e-12,6.68454e-13
eigen_elementwise,197,1,0,5,1e-12,0.00151368,0,5.34328e-12,7.33284e-13
eigen_elementwise,198,1,0,5,1e-12,0.00159099,0,4.77485e-12,5.76455e-13
eigen_elementwise,199,1,0,5,1e-12,0.0016095,0,5.57066e-12,6.12031e-13
eigen_elementwise,200,1,0,5,1e-12,0.00168856,0,5.22959e-12,6.42597e-13
eigen_elementwise,201,1,0,5,1e-12,0.0015882,0,4.77485e-12,6.68281e-13
eigen_elementwise,202,1,0,5,1e-12,0.00167222,0,4.54747e-12,6.60154e-13
eigen_elementwise,203,1,0,5,1e-12,0.00166328,0,4.77485e-12,6.37703e-13
eigen_elementwise,204,1,0,5,1e-12,0.00170679,0,5.79803e-12,6.32191e-13
eigen_elementwise,205,1,0,5,1e-12,0.00170225,0,4.20641e-12,6.91107e-13
eigen_elementwise,206,1,0,5,1e-12,0.00167536,0,4.54747e-12,7.1322e-13
eigen_elementwise,207,1,0,5,1e-12,0.00175379,0,4.09273e-12,7.82108e-13
eigen_elementwise,208,1,0,5,1e-12,0.00178487,0,5.11591e-12,8.74373e-13
eigen_elementwise,209,1,0,5,1e-12,0.00176964,0,4.09273e-12,6.53427e-13
eigen_elementwise,210,1,0,5,1e-12,0.00180778,0,4.77485e-12,7.66731e-13
eigen_elementwise,211,1,0,5,1e-12,0.00173703,0,4.88853e-12,6.67308e-13
eigen_elementwise,212,1,0,5,1e-12,0.00186156,0,7.04858e-12,7.13207e-13
eigen_elementwise,213,1,0,5,1e-12,0.00184347,0,4.3201e-12,6.46852e-13
eigen_elementwise,214,1,0,5,1e-12,0.00187448,0,7.27596e-12,6.5089e-13
eigen_elementwise,215,1,0,5,1e-12,0.00190325,0,5.45697e-12,7.7072e-13
eigen_elementwise,216,1,0,5,1e-12,0.0019256,0,5.11591e-12,6.9826e-13
eigen_elementwise,217,1,0,5,1e-12,0.00184375,0,6.59384e-12,7.94686e-13
eigen_elementwise,218,1,0,5,1e-12,0.00190234,0,7.7307e-12,6.54465e-13
eigen_elementwise,219,1,0,5,1e-12,0.00195354,0,6.0254e-12,7.44148e-13
eigen_elementwise,220,1,0,5,1e-12,0.0019909,0,5.79803e-12,7.05872e-13
eigen_elementwise,221,1,0,5,1e-12,0.00198518,0,5.45697e-12,7.89751e-13
eigen_elementwise,222,1,0,5,1e-12,0.00199244,0,4.20641e-12,7.43401e-13
eigen_elementwise,223,1,0,5,1e-12,0.0020166,0,6.36646e-12,7.19719e-13
eigen_elementwise,224,1,0,5,1e-12,0.0020745,0,3.86535e-12,6.25583e-13
eigen_elementwise,225,1,0,5,1e-12,0.00199425,0,6.0254e-12,7.26115e-13
eigen_elementwise,226,1,0,5,1e-12,0.00210111,0,5.45697e-12,7.12433e-13
eigen_elementwise,227,1,0,5,1e-12,0.00209092,0,5.22959e-12,7.66549e-13
eigen_elementwise,228,1,0,5,1e-12,0.0021287,0,5.11591e-12,7.6612e-13
eigen_elementwise,229,1,0,5,1e-12,0.00212472,0,6.0254e-12,8.19443e-13
eigen_elementwise,230,1,0,5,1e-12,0.00216823,0,7.95808e-12,7.38999e-13
eigen_elementwise,231,1,0,5,1e-12,0.00217026,0,7.16227e-12,7.29071e-13
eigen_elementwise,232,1,0,5,1e-12,0.00224254,0,4.88853e-12,7.61322e-13
eigen_elementwise,233,1,0,5,1e-12,0.0022299,0,5.68434e-12,7.61409e-13
eigen_elementwise,234,1,0,5,1e-12,0.00211529,0,5.45697e-12,7.52192e-13
eigen_elementwise,235,1,0,5,1e-12,0.00221593,0,4.54747e-12,7.99191e-13
eigen_elementwise,236,1,0,5,1e-12,0.0022644,0,6.70752e-12,6.59548e-13
eigen_elementwise,237,1,0,5,1e-12,0.00226398,0,6.0254e-12,6.72216e-13
eigen_elementwise,238,1,0,5,1e-12,0.00232258,0,3.97904e-12,5.92247e-13
eigen_elementwise,239,1,0,5,1e-12,0.00229995,0,6.0254e-12,7.21807e-13
eigen_elementwise,240,1,0,5,1e-12,0.00238586,0,6.25278e-12,6.85526e-13
eigen_elementwise,241,1,0,5,1e-12,0.00237845,0,3.86535e-12,6.80625e-13
eigen_elementwise,242,1,0,5,1e-12,0.0023568,0,6.70752e-12,6.83453e-13
eigen_elementwise,243,1,0,5,1e-12,0.00241051,0,6.25278e-12,7.70895e-13
eigen_elementwise,244,1,0,5,1e-12,0.00240038,0,6.0254e-12,7.25751e-13
eigen_elementwise,245,1,0,5,1e-12,0.00244906,0,4.09273e-12,6.85224e-13
eigen_elementwise,246,1,0,5,1e-12,0.00243747,0,4.66116e-12,7.09723e-13
eigen_elementwise,247,1,0,5,1e-12,0.00248391,0,5.22959e-12,7.46343e-13
eigen_elementwise,248,1,0,5,1e-12,0.00248741,0,6.25278e-12,7.32092e-13
eigen_elementwise,249,1,0,5,1e-12,0.00248405,0,4.3201e-12,6.35768e-13
eigen_elementwise,250,1,0,5,1e-12,0.00256067,0,6.36646e-12,8.00565e-13
eigen_elementwise,251,1,0,5,1e-12,0.00252687,0,5.68434e-12,7.30369e-13
eigen_elementwise,252,1,0,5,1e-12,0.00256479,0,6.82121e-12,6.79922e-13
eigen_elementwise,253,1,0,5,1e-12,0.0025796,0,7.38964e-12,7.18382e-13
eigen_elementwise,254,1,0,5,1e-12,0.00257464,0,4.54747e-12,6.80908e-13
eigen_elementwise,255,1,0,5,1e-12,0.0026097,0,5.34328e-12,7.14527e-13
eigen_elementwise,256,1,0,5,1e-12,0.0026852,0,4.77485e-12,7.36355e-13
eigen_elementwise,257,1,0,5,1e-12,0.00265118,0,5.68434e-12,6.77373e-13
eigen_elementwise,258,1,0,5,1e-12,0.00253811,0,5.79803e-12,7.45405e-13
eigen_elementwise,259,1,0,5,1e-12,0.00269693,0,1.13687e-11,7.85548e-13
eigen_elementwise,260,1,0,5,1e-12,0.00273513,0,4.66116e-12,7.45954e-13
eigen_elementwise,261,1,0,5,1e-12,0.00274701,0,4.66116e-12,7.11604e-13
eigen_elementwise,262,1,0,5,1e-12,0.00277823,0,4.88853e-12,6.9903e-13
eigen_elementwise,263,1,0,5,1e-12,0.00281608,0,5.00222e-12,8.10282e-13
eigen_elementwise,264,1,0,5,1e-12,0.00283703,0,4.3201e-12,7.69684e-13
eigen_elementwise,265,1,0,5,1e-12,0.00288012,0,4.54747e-12,7.63783e-13
eigen_elementwise,266,1,0,5,1e-12,0.00284024,0,4.09273e-12,6.64955e-13
eigen_elementwise,267,1,0,5,1e-12,0.00288725,0,7.04858e-12,8.03592e-13
eigen_elementwise,268,1,0,5,1e-12,0.00287984,0,4.54747e-12,7.39773e-13
eigen_elementwise,269,1,0,5,1e-12,0.00296296,0,6.0254e-12,7.12481e-13
eigen_elementwise,270,1,0,5,1e-12,0.0030298,0,6.59384e-12,7.35586e-13
eigen_elementwise,271,1,0,5,1e-12,0.00300053,0,5.00222e-12,6.98003e-13
eigen_elementwise,272,1,0,5,1e-12,0.00300773,0,5.00222e-12,7.63892e-13
eigen_elementwise,273,1,0,5,1e-12,0.00307477,0,5.91172e-12,7.26885e-13
eigen_elementwise,274,1,0,5,1e-12,0.00302477,0,5.11591e-12,7.61422e-13
eigen_elementwise,275,1,0,5,1e-12,0.00305117,0,7.61702e-12,7.45563e-13
eigen_elementwise,276,1,0,5,1e-12,0.00307966,0,6.59384e-12,7.19167e-13
eigen_elementwise,277,1,0,5,1e-12,0.00307645,0,5.79803e-12,7.34049e-13
eigen_elementwise,278,1,0,5,1e-12,0.00316801,0,6.25278e-12,7.41696e-13
eigen_elementwise,279,1,0,5,1e-12,0.0031891,0,6.48015e-12,7.53322e-13
eigen_elementwise,280,1,0,5,1e-12,0.00315809,0,3.86535e-12,7.57927e-13
eigen_elementwise,281,1,0,5,1e-12,0.00319246,0,5.79803e-12,7.35605e-13
eigen_elementwise,282,1,0,5,1e-12,0.00324344,0,7.61702e-12,8.41681e-13
eigen_elementwise,283,1,0,5,1e-12,0.00325859,0,5.91172e-12,6.79569e-13
eigen_elementwise,284,1,0,5,1e-12,0.00325685,0,5.11591e-12,7.33757e-13
eigen_elementwise,285,1,0,5,1e-12,0.0032366,0,3.86535e-12,7.49819e-13
eigen_elementwise,286,1,0,5,1e-12,0.00327256,0,6.59384e-12,7.79985e-13
eigen_elementwise,287,1,0,5,1e-12,0.00334841,0,7.84439e-12,8.69963e-13
eigen_elementwise,288,1,0,5,1e-12,0.00335225,0,4.09273e-12,7.58107e-13
eigen_elementwise,289,1,0,5,1e-12,0.00338089,0,6.25278e-12,7.77445e-13
eigen_elementwise,290,1,0,5,1e-12,0.00345988,0,6.25278e-12,6.96755e-13
eigen_elementwise,291,1,0,5,1e-12,0.00341867,0,7.38964e-12,8.19425e-13
eigen_elementwise,292,1,0,5,1e-12,0.00344528,0,5.34328e-12,8.08854e-13
eigen_elementwise,293,1,0,5,1e-12,0.00354453,0,9.77707e-12,8.5283e-13
eigen_elementwise,294,1,0,5,1e-12,0.00351645,0,5.79803e-12,7.47668e-13
eigen_elementwise,295,1,0,5,1e-12,0.00349745,0,7.38964e-12,7.69473e-13
eigen_elementwise,296,1,0,5,1e-12,0.00354076,0,5.00222e-12,7.55822e-13
eigen_elementwise,297,1,0,5,1e-12,0.00355857,0,6.9349e-12,8.4365e-13
eigen_elementwise,298,1,0,5,1e-12,0.00359432,0,6.48015e-12,7.95811e-13
eigen_elementwise,299,1,0,5,1e-12,0.00362464,0,6.70752e-12,7.80195e-13
eigen_elementwise,300,1,0,5,1e-12,0.00365732,0,9.66338e-12,7.80241e-13
eigen_elementwise,301,1,0,5,1e-12,0.00366144,0,5.34328e-12,7.43016e-13
eigen_elementwise,302,1,0,5,1e-12,0.00367506,0,6.0254e-12,7.07119e-13
eigen_elementwise,303,1,0,5,1e-12,0.00376348,0,3.86535e-12,7.26706e-13
eigen_elementwise,304,1,0,5,1e-12,0.00373953,0,5.91172e-12,7.62942e-13
eigen_elementwise,305,1,0,5,1e-12,0.00379323,0,6.70752e-12,8.20196e-13
eigen_elementwise,306,1,0,5,1e-12,0.00375293,0,6.0254e-12,7.41612e-13
eigen_elementwise,307,1,0,5,1e-12,0.00382955,0,8.29914e-12,8.59294e-13
eigen_elementwise,308,1,0,5,1e-12,0.00384722,0,8.07177e-12,7.55298e-13
eigen_elementwise,309,1,0,5,1e-12,0.00391566,0,6.70752e-12,7.77918e-13
eigen_elementwise,310,1,0,5,1e-12,0.00388926,0,6.0254e-12,7.66375e-13
eigen_elementwise,311,1,0,5,1e-12,0.0039392,0,5.57066e-12,7.20404e-13
eigen_elementwise,312,1,0,5,1e-12,0.00398076,0,6.25278e-12,7.66424e-13
eigen_elementwise,313,1,0,5,1e-12,0.00399109,0,5.11591e-12,7.43581e-13
eigen_elementwise,314,1,0,5,1e-12,0.00396421,0,7.04858e-12,8.01946e-13
eigen_elementwise,315,1,0,5,1e-12,0.00395086,0,7.38964e-12,7.29716e-13
eigen_elementwise,316,1,0,5,1e-12,0.00397698,0,6.0254e-12,7.29374e-13
eigen_elementwise,317,1,0,5,1e-12,0.00401114,0,6.36646e-12,6.96817e-13
eigen_elementwise,318,1,0,5,1e-12,0.00409621,0,8.6402e-12,7.46103e-13
eigen_elementwise,319,1,0,5,1e-12,0.00410137,0,6.9349e-12,7.76613e-13
eigen_elementwise,320,1,0,5,1e-12,0.0041576,0,5.45697e-12,7.89413e-13
eigen_elementwise,321,1,0,5,1e-12,0.00414321,0,5.57066e-12,7.59318e-13
eigen_elementwise,322,1,0,5,1e-12,0.00415354,0,5.91172e-12,7.63011e-13
eigen_elementwise,323,1,0,5,1e-12,0.00416221,0,6.82121e-12,7.49364e-13
eigen_elementwise,324,1,0,5,1e-12,0.00426585,0,1.22782e-11,8.36823e-13
eigen_elementwise,325,1,0,5,1e-12,0.00426969,0,6.25278e-12,8.25569e-13
eigen_elementwise,326,1,0,5,1e-12,0.00427933,0,5.91172e-12,8.19543e-13
eigen_elementwise,327,1,0,5,1e-12,0.0043894,0,7.04858e-12,7.86896e-13
eigen_elementwise,328,1,0,5,1e-12,0.00437096,0,5.11591e-12,7.9541e-13
eigen_elementwise,329,1,0,5,1e-12,0.0044209,0,8.41283e-12,7.70863e-13
eigen_elementwise,330,1,0,5,1e-12,0.00439338,0,6.59384e-12,8.2206e-13
eigen_elementwise,331,1,0,5,1e-12,0.00442306,0,5.91172e-12,8.10891e-13
eigen_elementwise,332,1,0,5,1e-12,0.00444164,0,6.25278e-12,8.06819e-13
eigen_elementwise,333,1,0,5,1e-12,0.00446308,0,5.11591e-12,7.73267e-13
eigen_elementwise,334,1,0,5,1e-12,0.00451218,0,5.91172e-12,8.21549e-13
eigen_elementwise,335,1,0,5,1e-12,0.00449402,0,8.07177e-12,8.30993e-13
eigen_elementwise,336,1,0,5,1e-12,0.00456917,0,6.59384e-12,7.93973e-13
eigen_elementwise,337,1,0,5,1e-12,0.00465138,0,5.22959e-12,7.82306e-13
eigen_elementwise,338,1,0,5,1e-12,0.00459271,0,5.91172e-12,8.30986e-13
eigen_elementwise,339,1,0,5,1e-12,0.00459634,0,7.27596e-12,8.19202e-13
eigen_elementwise,340,1,0,5,1e-12,0.00468511,0,7.16227e-12,7.33304e-13
eigen_elementwise,341,1,0,5,1e-12,0.00466045,0,5.57066e-12,7.83446e-13
eigen_elementwise,342,1,0,5,1e-12,0.00472401,0,5.00222e-12,7.99296e-13
eigen_elementwise,343,1,0,5,1e-12,0.00473686,0,5.57066e-12,7.69308e-13
eigen_elementwise,344,1,0,5,1e-12,0.00477569,0,7.16227e-12,9.04197e-13
eigen_elementwise,345,1,0,5,1e-12,0.00478058,0,8.07177e-12,8.36988e-13
eigen_elementwise,346,1,0,5,1e-12,0.00481976,0,5.22959e-12,7.58063e-13
eigen_elementwise,347,1,0,5,1e-12,0.00488856,0,6.59384e-12,7.625e-13
eigen_elementwise,348,1,0,5,1e-12,0.00489903,0,6.82121e-12,7.09552e-13
eigen_elementwise,349,1,0,5,1e-12,0.00492844,0,5.45697e-12,7.9227e-13
eigen_elementwise,350,1,0,5,1e-12,0.00495176,0,6.48015e-12,7.84272e-13
eigen_elementwise,351,1,0,5,1e-12,0.00498438,0,5.57066e-12,8.42932e-13
eigen_elementwise,352,1,0,5,1e-12,0.00492529,0,7.04858e-12,8.7608e-13
eigen_elementwise,353,1,0,5,1e-12,0.00499569,0,7.7307e-12,7.83346e-13
eigen_elementwise,354,1,0,5,1e-12,0.00500994,0,7.84439e-12,8.51153e-13
eigen_elementwise,355,1,0,5,1e-12,0.00504256,0,6.9349e-12,8.15693e-13
eigen_elementwise,356,1,0,5,1e-12,0.00508502,0,7.04858e-12,8.46679e-13
eigen_elementwise,357,1,0,5,1e-12,0.00511869,0,6.59384e-12,8.83404e-13
eigen_elementwise,358,1,0,5,1e-12,0.00508747,0,6.82121e-12,7.60432e-13
eigen_elementwise,359,1,0,5,1e-12,0.00518943,0,7.95808e-12,8.43131e-13
eigen_elementwise,360,1,0,5,1e-12,0.00526417,0,9.43601e-12,7.9604e-13
eigen_elementwise,361,1,0,5,1e-12,0.00518315,0,5.11591e-12,7.75623e-13
eigen_elementwise,362,1,0,5,1e-12,0.0052701,0,7.16227e-12,9.19993e-13
eigen_elementwise,363,1,0,5,1e-12,0.00529483,0,5.91172e-12,6.66912e-13
eigen_elementwise,364,1,0,5,1e-12,0.00532779,0,7.84439e-12,8.32292e-13
eigen_elementwise,365,1,0,5,1e-12,0.00534805,0,7.61702e-12,8.05366e-13
eigen_elementwise,366,1,0,5,1e-12,0.00536872,0,7.04858e-12,7.67478e-13
eigen_elementwise,367,1,0,5,1e-12,0.00543206,0,6.13909e-12,8.05413e-13
eigen_elementwise,368,1,0,5,1e-12,0.00542375,0,7.27596e-12,8.16586e-13
eigen_elementwise,369,1,0,5,1e-12,0.00546321,0,7.04858e-12,7.48934e-13
eigen_elementwise,370,1,0,5,1e-12,0.00550232,0,8.86757e-12,8.27026e-13
eigen_elementwise,371,1,0,5,1e-12,0.00551091,0,6.9349e-12,7.78691e-13
eigen_elementwise,372,1,0,5,1e-12,0.00553962,0,6.59384e-12,7.97348e-13
eigen_elementwise,373,1,0,5,1e-12,0.0055987,0,5.11591e-12,7.51216e-13
eigen_elementwise,374,1,0,5,1e-12,0.00561728,0,7.84439e-12,8.46807e-13
eigen_elementwise,375,1,0,5,1e-12,0.00565898,0,7.16227e-12,7.85079e-13
eigen_elementwise,376,1,0,5,1e-12,0.00563817,0,7.95808e-12,8.21348e-13
eigen_elementwise,377,1,0,5,1e-12,0.00571499,0,5.57066e-12,8.45157e-13
eigen_elementwise,378,1,0,5,1e-12,0.00576821,0,7.84439e-12,8.58775e-13
eigen_elementwise,379,1,0,5,1e-12,0.00578811,0,8.98126e-12,8.51658e-13
eigen_elementwise,380,1,0,5,1e-12,0.00576213,0,7.50333e-12,8.02993e-13
eigen_elementwise,381,1,0,5,1e-12,0.00574446,0,7.04858e-12,8.76478e-13
eigen_elementwise,382,1,0,5,1e-12,0.00577729,0,5.45697e-12,7.52866e-13
eigen_elementwise,383,1,0,5,1e-12,0.00591306,0,9.43601e-12,8.09685e-13
eigen_elementwise,384,1,0,5,1e-12,0.00592019,0,7.50333e-12,8.11705e-13
eigen_elementwise,385,1,0,5,1e-12,0.0059688,0,6.9349e-12,7.57828e-13
eigen_elementwise,386,1,0,5,1e-12,0.00601943,0,7.16227e-12,8.88857e-13
eigen_elementwise,387,1,0,5,1e-12,0.00599317,0,7.27596e-12,9.59836e-13
eigen_elementwise,388,1,0,5,1e-12,0.00593863,0,7.61702e-12,8.89396e-13
eigen_elementwise,389,1,0,5,1e-12,0.00609081,0,6.9349e-12,9.04216e-13
eigen_elementwise,390,1,0,5,1e-12,0.00613341,0,6.82121e-12,7.91044e-13
eigen_elementwise,391,1,0,5,1e-12,0.00608857,0,9.66338e-12,8.98855e-13
eigen_elementwise,392,1,0,5,1e-12,0.00606602,0,8.29914e-12,8.46176e-13
eigen_elementwise,393,1,0,5,1e-12,0.00615807,0,8.6402e-12,7.27861e-13
eigen_elementwise,394,1,0,5,1e-12,0.00622141,0,1.14824e-11,8.93332e-13
eigen_elementwise,395,1,0,5,1e-12,0.00625144,0,1.11413e-11,9.8477e-13
eigen_elementwise,396,1,0,5,1e-12,0.00625109,0,7.7307e-12,8.76237e-13
eigen_elementwise,397,1,0,5,1e-12,0.00634901,0,8.07177e-12,9.29321e-13
eigen_elementwise,398,1,0,5,1e-12,0.00633037,0,5.68434e-12,8.20773e-13
eigen_elementwise,399,1,0,5,1e-12,0.00632785,0,6.48015e-12,8.02454e-13
eigen_elementwise,400,1,0,5,1e-12,0.00640573,0,6.9349e-12,8.59822e-13
eigen_elementwise,401,1,0,5,1e-12,0.00640747,0,8.18545e-12,8.5464e-13
eigen_elementwise,402,1,0,5,1e-12,0.00644924,0,7.38964e-12,8.36813e-13
eigen_elementwise,403,1,0,5,1e-12,0.00644924,0,5.57066e-12,8.19989e-13
eigen_elementwise,404,1,0,5,1e-12,0.00656189,0,9.20863e-12,8.53088e-13
eigen_elementwise,405,1,0,5,1e-12,0.00656692,0,4.43379e-12,7.8706e-13
eigen_elementwise,406,1,0,5,1e-12,0.0065283,0,6.59384e-12,8.08636e-13
eigen_elementwise,407,1,0,5,1e-12,0.00662496,0,6.25278e-12,8.02092e-13
eigen_elementwise,408,1,0,5,1e-12,0.00671666,0,7.50333e-12,8.49795e-13
eigen_elementwise,409,1,0,5,1e-12,0.00659506,0,7.27596e-12,7.79065e-13
eigen_elementwise,410,1,0,5,1e-12,0.00665611,0,6.13909e-12,8.76847e-13
eigen_elementwise,411,1,0,5,1e-12,0.00671456,0,4.88853e-12,7.42207e-13
eigen_elementwise,412,1,0,5,1e-12,0.006799,0,6.82121e-12,8.05784e-13
eigen_elementwise,413,1,0,5,1e-12,0.00677288,0,7.16227e-12,7.4391e-13
eigen_elementwise,414,1,0,5,1e-12,0.00678259,0,8.29914e-12,9.02589e-13
eigen_elementwise,415,1,0,5,1e-12,0.00685131,0,8.6402e-12,8.95379e-13
eigen_elementwise,416,1,0,5,1e-12,0.00681388,0,7.04858e-12,8.12456e-13
eigen_elementwise,417,1,0,5,1e-12,0.00689084,0,7.84439e-12,8.64763e-13
eigen_elementwise,418,1,0,5,1e-12,0.00689559,0,8.41283e-12,8.60924e-13
eigen_elementwise,419,1,0,5,1e-12,0.00693093,0,8.18545e-12,9.73463e-13
eigen_elementwise,420,1,0,5,1e-12,0.00697179,0,7.61702e-12,8.35421e-13
eigen_elementwise,421,1,0,5,1e-12,0.00706349,0,8.52651e-12,8.56953e-13
eigen_elementwise,422,1,0,5,1e-12,0.00708731,0,5.79803e-12,7.85716e-13
eigen_elementwise,423,1,0,5,1e-12,0.00710533,0,6.36646e-12,8.53734e-13
eigen_elementwise,424,1,0,5,1e-12,0.00715547,0,7.27596e-12,9.17606e-13
eigen_elementwise,425,1,0,5,1e-12,0.00712684,0,6.9349e-12,8.53421e-13
eigen_elementwise,426,1,0,5,1e-12,0.00718264,0,9.77707e-12,8.51259e-13
eigen_elementwise,427,1,0,5,1e-12,0.00726128,0,6.36646e-12,8.47269e-13
eigen_elementwise,428,1,0,5,1e-12,0.00718432,0,7.27596e-12,7.72735e-13
eigen_elementwise,429,1,0,5,1e-12,0.00726512,0,5.22959e-12,8.69971e-13
eigen_elementwise,430,1,0,5,1e-12,0.00737876,0,8.41283e-12,8.81859e-13
eigen_elementwise,431,1,0,5,1e-12,0.00733469,0,1.35287e-11,8.85198e-13
eigen_elementwise,432,1,0,5,1e-12,0.00733546,0,6.9349e-12,8.76663e-13
eigen_elementwise,433,1,0,5,1e-12,0.00749379,0,6.25278e-12,8.72015e-13
eigen_elementwise,434,1,0,5,1e-12,0.00752032,0,9.43601e-12,8.57848e-13
eigen_elementwise,435,1,0,5,1e-12,0.00751243,0,8.75389e-12,8.35046e-13
eigen_elementwise,436,1,0,5,1e-12,0.00745076,0,7.04858e-12,8.17096e-13
eigen_elementwise,437,1,0,5,1e-12,0.00751956,0,8.52651e-12,8.39037e-13
eigen_elementwise,438,1,0,5,1e-12,0.00754323,0,7.84439e-12,8.73648e-13
eigen_elementwise,439,1,0,5,1e-12,0.00757257,0,7.61702e-12,8.07177e-13
eigen_elementwise,440,1,0,5,1e-12,0.00769793,0,7.84439e-12,8.65263e-13
eigen_elementwise,441,1,0,5,1e-12,0.00779222,0,1.04592e-11,8.05384e-13
eigen_elementwise,442,1,0,5,1e-12,0.00767202,0,6.59384e-12,7.85498e-13
eigen_elementwise,443,1,0,5,1e-12,0.00773299,0,7.50333e-12,8.34069e-13
eigen_elementwise,444,1,0,5,1e-12,0.0078476,0,7.7307e-12,8.92993e-13
eigen_elementwise,445,1,0,5,1e-12,0.00779285,0,9.66338e-12,7.29458e-13
eigen_elementwise,446,1,0,5,1e-12,0.00774501,0,7.38964e-12,9.00743e-13
eigen_elementwise,447,1,0,5,1e-12,0.00783126,0,7.61702e-12,7.99049e-13
eigen_elementwise,448,1,0,5,1e-12,0.00785955,0,6.82121e-12,8.48322e-13
eigen_elementwise,449,1,0,5,1e-12,0.00791772,0,8.29914e-12,8.56758e-13
eigen_elementwise,450,1,0,5,1e-12,0.00798135,0,6.48015e-12,8.74235e-13
eigen_elementwise,451,1,0,5,1e-12,0.00803275,0,7.84439e-12,8.03337e-13
eigen_elementwise,452,1,0,5,1e-12,0.00807452,0,8.29914e-12,8.57295e-13
eigen_elementwise,453,1,0,5,1e-12,0.00810825,0,1.1255e-11,8.09269e-13
eigen_elementwise,454,1,0,5,1e-12,0.00805929,0,5.91172e-12,8.04886e-13
eigen_elementwise,455,1,0,5,1e-12,0.00820973,0,9.09495e-12,8.51767e-13
eigen_elementwise,456,1,0,5,1e-12,0.00815735,0,6.13909e-12,7.6103e-13
eigen_elementwise,457,1,0,5,1e-12,0.00821839,0,7.84439e-12,8.93173e-13
eigen_elementwise,458,1,0,5,1e-12,0.00835787,0,8.75389e-12,8.50719e-13
eigen_elementwise,459,1,0,5,1e-12,0.00841318,0,1.02318e-11,8.63306e-13
eigen_elementwise,460,1,0,5,1e-12,0.00846507,0,7.7307e-12,8.11579e-13
eigen_elementwise,461,1,0,5,1e-12,0.00828321,0,8.6402e-12,8.32487e-13
eigen_elementwise,462,1,0,5,1e-12,0.0084518,0,9.54969e-12,9.44862e-13
eigen_elementwise,463,1,0,5,1e-12,0.00851962,0,6.0254e-12,8.76105e-13
eigen_elementwise,464,1,0,5,1e-12,0.00851172,0,7.95808e-12,8.56756e-13
eigen_elementwise,465,1,0,5,1e-12,0.00851864,0,6.70752e-12,9.01571e-13
eigen_elementwise,466,1,0,5,1e-12,0.0085625,0,6.82121e-12,8.35691e-13
eigen_elementwise,467,1,0,5,1e-12,0.00870567,0,7.16227e-12,8.32866e-13
eigen_elementwise,468,1,0,5,1e-12,0.00869813,0,8.86757e-12,9.69889e-13
eigen_elementwise,469,1,0,5,1e-12,0.00882909,0,7.04858e-12,8.57415e-13
eigen_elementwise,470,1,0,5,1e-12,0.00871748,0,1.00044e-11,9.59741e-13
eigen_elementwise,471,1,0,5,1e-12,0.00872104,0,1.1255e-11,8.58665e-13
eigen_elementwise,472,1,0,5,1e-12,0.00886463,0,1.03455e-11,8.66837e-13
eigen_elementwise,473,1,0,5,1e-12,0.00872998,0,9.77707e-12,7.71542e-13
eigen_elementwise,474,1,0,5,1e-12,0.00880185,0,9.09495e-12,8.4194e-13
eigen_elementwise,475,1,0,5,1e-12,0.00895117,0,8.86757e-12,9.42633e-13
eigen_elementwise,476,1,0,5,1e-12,0.00904958,0,1.23919e-11,8.98792e-13
eigen_elementwise,477,1,0,5,1e-12,0.00900439,0,6.59384e-12,7.38628e-13
eigen_elementwise,478,1,0,5,1e-12,0.00903763,0,8.52651e-12,7.92735e-13
eigen_elementwise,479,1,0,5,1e-12,0.00902513,0,5.22959e-12,7.69961e-13
eigen_elementwise,480,1,0,5,1e-12,0.00920316,0,1.02318e-11,8.4432e-13
eigen_elementwise,481,1,0,5,1e-12,0.00913639,0,6.9349e-12,8.74834e-13
eigen_elementwise,482,1,0,5,1e-12,0.00908827,0,8.07177e-12,9.09971e-13
eigen_elementwise,483,1,0,5,1e-12,0.00927824,0,7.7307e-12,8.99025e-13
eigen_elementwise,484,1,0,5,1e-12,0.00922914,0,6.9349e-12,8.3556e-13
eigen_elementwise,485,1,0,5,1e-12,0.00927258,0,6.48015e-12,8.51692e-13
eigen_elementwise,486,1,0,5,1e-12,0.0093538,0,7.38964e-12,7.8931e-13
eigen_elementwise,487,1,0,5,1e-12,0.00934535,0,1.04592e-11,8.88677e-13
eigen_elementwise,488,1,0,5,1e-12,0.00951744,0,5.68434e-12,8.42131e-13
eigen_elementwise,489,1,0,5,1e-12,0.00951353,0,8.86757e-12,9.19187e-13
eigen_elementwise,490,1,0,5,1e-12,0.00942518,0,6.36646e-12,8.40509e-13
eigen_elementwise,491,1,0,5,1e-12,0.00944062,0,6.9349e-12,8.22008e-13
eigen_elementwise,492,1,0,5,1e-12,0.00950075,0,1.3074e-11,9.59005e-13
eigen_elementwise,493,1,0,5,1e-12,0.00964532,0,6.70752e-12,9.23323e-13
eigen_elementwise,494,1,0,5,1e-12,0.00956312,0,1.00044e-11,9.41685e-13
eigen_elementwise,495,1,0,5,1e-12,0.00968311,0,7.38964e-12,8.23224e-13
eigen_elementwise,496,1,0,5,1e-12,0.00981699,0,5.22959e-12,8.34059e-13
eigen_elementwise,497,1,0,5,1e-12,0.00967717,0,7.61702e-12,8.87696e-13
eigen_elementwise,498,1,0,5,1e-12,0.00978689,0,8.75389e-12,8.38707e-13
eigen_elementwise,499,1,0,5,1e-12,0.00982901,0,8.07177e-12,8.27419e-13
eigen_elementwise,500,1,0,5,1e-12,0.00982551,0,6.70752e-12,8.55649e-13
eigen_elementwise,501,1,0,5,1e-12,0.00989752,0,7.50333e-12,9.11227e-13
eigen_elementwise,502,1,0,5,1e-12,0.00991924,0,9.20863e-12,8.72291e-13
eigen_elementwise,503,1,0,5,1e-12,0.00987077,0,5.79803e-12,8.22507e-13
eigen_elementwise,504,1,0,5,1e-12,0.00995081,0,9.54969e-12,9.63843e-13
eigen_elementwise,505,1,0,5,1e-12,0.0100379,0,7.27596e-12,8.55075e-13
eigen_elementwise,506,1,0,5,1e-12,0.00999223,0,7.95808e-12,8.15992e-13
eigen_elementwise,507,1,0,5,1e-12,0.0101524,0,6.36646e-12,7.64299e-13
eigen_elementwise,508,1,0,5,1e-12,0.0103189,0,7.84439e-12,9.16317e-13
eigen_elementwise,509,1,0,5,1e-12,0.0101237,0,7.27596e-12,7.78169e-13
eigen_elementwise,510,1,0,5,1e-12,0.0104065,0,8.41283e-12,9.30567e-13
eigen_elementwise,511,1,0,5,1e-12,0.0114359,0,8.52651e-12,8.61567e-13
eigen_elementwise,512,1,0,5,1e-12,0.0113421,0,9.20863e-12,9.31096e-13
eigen_elementwise,513,1,0,5,1e-12,0.0108278,0,8.6402e-12,8.943e-13
eigen_elementwise,514,1,0,5,1e-12,0.0105901,0,9.32232e-12,8.84895e-13
eigen_elementwise,515,1,0,5,1e-12,0.0104324,0,1.04592e-11,8.84301e-13
eigen_elementwise,516,1,0,5,1e-12,0.0104753,0,9.09495e-12,8.38071e-13
eigen_elementwise,517,1,0,5,1e-12,0.0105132,0,1.08002e-11,9.21599e-13
eigen_elementwise,518,1,0,5,1e-12,0.0105473,0,7.95808e-12,8.11962e-13
eigen_elementwise,519,1,0,5,1e-12,0.0105982,0,8.41283e-12,9.4152e-13
eigen_elementwise,520,1,0,5,1e-12,0.0106533,0,8.98126e-12,9.0226e-13
eigen_elementwise,521,1,0,5,1e-12,0.0107422,0,7.50333e-12,9.31495e-13
eigen_elementwise,522,1,0,5,1e-12,0.0107925,0,9.89075e-12,9.25711e-13
eigen_elementwise,523,1,0,5,1e-12,0.0108428,0,7.7307e-12,8.52066e-13
eigen_elementwise,524,1,0,5,1e-12,0.0108323,0,7.61702e-12,8.91232e-13
eigen_elementwise,525,1,0,5,1e-12,0.0108182,0,7.38964e-12,8.96855e-13
eigen_elementwise,526,1,0,5,1e-12,0.0108929,0,8.29914e-12,9.07543e-13
eigen_elementwise,527,1,0,5,1e-12,0.0110638,0,9.43601e-12,8.71054e-13
eigen_elementwise,528,1,0,5,1e-12,0.0109392,0,9.89075e-12,9.13536e-13
eigen_elementwise,529,1,0,5,1e-12,0.0110512,0,7.04858e-12,9.00274e-13
eigen_elementwise,530,1,0,5,1e-12,0.0110839,0,9.43601e-12,8.76135e-13
eigen_elementwise,531,1,0,5,1e-12,0.011194,0,8.07177e-12,9.12237e-13
eigen_elementwise,532,1,0,5,1e-12,0.0112148,0,1.06866e-11,9.38979e-13
eigen_elementwise,533,1,0,5,1e-12,0.0112049,0,8.29914e-12,8.87483e-13
eigen_elementwise,534,1,0,5,1e-12,0.0113083,0,7.04858e-12,8.68938e-13
eigen_elementwise,535,1,0,5,1e-12,0.0112378,0,7.95808e-12,9.0761e-13
eigen_elementwise,536,1,0,5,1e-12,0.0113737,0,1.20508e-11,9.0391e-13
eigen_elementwise,537,1,0,5,1e-12,0.0113889,0,8.75389e-12,8.57676e-13
eigen_elementwise,538,1,0,5,1e-12,0.0114925,0,8.86757e-12,8.89791e-13
eigen_elementwise,539,1,0,5,1e-12,0.0114769,0,1.02318e-11,9.32002e-13
eigen_elementwise,540,1,0,5,1e-12,0.0115412,0,5.91172e-12,8.72516e-13
eigen_elementwise,541,1,0,5,1e-12,0.0115537,0,8.98126e-12,9.57533e-13
eigen_elementwise,542,1,0,5,1e-12,0.0116698,0,7.38964e-12,8.46666e-13
eigen_elementwise,543,1,0,5,1e-12,0.0116246,0,8.6402e-12,8.73317e-13
eigen_elementwise,544,1,0,5,1e-12,0.0117706,0,7.61702e-12,8.95759e-13
eigen_elementwise,545,1,0,5,1e-12,0.0117674,0,8.75389e-12,8.12948e-13
eigen_elementwise,546,1,0,5,1e-12,0.0118464,0,9.32232e-12,9.58955e-13
eigen_elementwise,547,1,0,5,1e-12,0.011982,0,1.02318e-11,9.35172e-13
eigen_elementwise,548,1,0,5,1e-12,0.0118521,0,1.14824e-11,9.83224e-13
eigen_elementwise,549,1,0,5,1e-12,0.0119638,0,1.13687e-11,9.10495e-13
eigen_elementwise,550,1,0,5,1e-12,0.0119919,0,9.20863e-12,9.58734e-13
eigen_elementwise,551,1,0,5,1e-12,0.0119079,0,8.52651e-12,9.1639e-13
eigen_elementwise,552,1,0,5,1e-12,0.0120045,0,8.41283e-12,8.56305e-13
eigen_elementwise,553,1,0,5,1e-12,0.0120375,0,1.1255e-11,8.72213e-13
eigen_elementwise,554,1,0,5,1e-12,0.0121704,0,8.07177e-12,9.23134e-13
eigen_elementwise,555,1,0,5,1e-12,0.0122003,0,1.06866e-11,9.90892e-13
eigen_elementwise,556,1,0,5,1e-12,0.0122448,0,8.18545e-12,8.20053e-13
eigen_elementwise,557,1,0,5,1e-12,0.0122668,0,1.26192e-11,9.19254e-13
eigen_elementwise,558,1,0,5,1e-12,0.0123678,0,5.91172e-12,8.55224e-13
eigen_elementwise,559,1,0,5,1e-12,0.0122478,0,8.41283e-12,9.15693e-13
eigen_elementwise,560,1,0,5,1e-12,0.0125079,0,8.41283e-12,8.18744e-13
eigen_elementwise,561,1,0,5,1e-12,0.0123844,0,1.7053e-11,9.14332e-13
eigen_elementwise,562,1,0,5,1e-12,0.0124835,0,7.38964e-12,9.20113e-13
eigen_elementwise,563,1,0,5,1e-12,0.0125055,0,1.09139e-11,9.39166e-13
eigen_elementwise,564,1,0,5,1e-12,0.0124988,0,8.41283e-12,9.47413e-13
eigen_elementwise,565,1,0,5,1e-12,0.0124333,0,8.52651e-12,9.33476e-13
eigen_elementwise,566,1,0,5,1e-12,0.012748,0,6.70752e-12,8.73222e-13
eigen_elementwise,567,1,0,5,1e-12,0.0127458,0,1.09139e-11,9.30311e-13
eigen_elementwise,568,1,0,5,1e-12,0.0128013,0,8.18545e-12,9.36061e-13
eigen_elementwise,569,1,0,5,1e-12,0.0126811,0,8.98126e-12,8.83546e-13
eigen_elementwise,570,1,0,5,1e-12,0.0128648,0,7.38964e-12,8.81403e-13
eigen_elementwise,571,1,0,5,1e-12,0.0129207,0,6.48015e-12,9.11915e-13
eigen_elementwise,572,1,0,5,1e-12,0.0128624,0,8.52651e-12,9.38801e-13
eigen_elementwise,573,1,0,5,1e-12,0.0128563,0,9.77707e-12,9.11001e-13
eigen_elementwise,574,1,0,5,1e-12,0.012892,0,9.09495e-12,8.70536e-13
eigen_elementwise,575,1,0,5,1e-12,0.0131366,0,6.13909e-12,8.45797e-13
eigen_elementwise,576,1,0,5,1e-12,0.0130227,0,9.09495e-12,8.88004e-13
eigen_elementwise,577,1,0,5,1e-12,0.0132224,0,7.50333e-12,9.02741e-13
eigen_elementwise,578,1,0,5,1e-12,0.0131151,0,9.89075e-12,9.20951e-13
eigen_elementwise,579,1,0,5,1e-12,0.0131426,0,8.52651e-12,8.81673e-13
eigen_elementwise,580,1,0,5,1e-12,0.0133207,0,9.54969e-12,9.66152e-13
eigen_elementwise,581,1,0,5,1e-12,0.0132313,0,7.84439e-12,9.03282e-13
eigen_elementwise,582,1,0,5,1e-12,0.0134837,0,1.42109e-11,9.73486e-13
eigen_elementwise,583,1,0,5,1e-12,0.0130652,0,8.07177e-12,9.36598e-13
eigen_elementwise,584,1,0,5,1e-12,0.0131877,0,1.05729e-11,9.69379e-13
eigen_elementwise,585,1,0,5,1e-12,0.0130327,0,9.32232e-12,8.46632e-13
eigen_elementwise,586,1,0,5,1e-12,0.0131868,0,1.19371e-11,9.6122e-13
eigen_elementwise,587,1,0,5,1e-12,0.0134012,0,8.6402e-12,9.66617e-13
eigen_elementwise,588,1,0,5,1e-12,0.0129903,0,8.41283e-12,8.81992e-13
eigen_elementwise,589,1,0,5,1e-12,0.0131811,0,1.20508e-11,9.50759e-13
eigen_elementwise,590,1,0,5,1e-12,0.0132855,0,7.95808e-12,9.27132e-13
eigen_elementwise,591,1,0,5,1e-12,0.0131864,0,7.61702e-12,9.128e-13
eigen_elementwise,592,1,0,5,1e-12,0.0133561,0,9.09495e-12,9.60789e-13
eigen_elementwise,593,1,0,5,1e-12,0.0133878,0,1.10276e-11,9.74593e-13
eigen_elementwise,594,1,0,5,1e-12,0.0134252,0,6.70752e-12,9.16297e-13
eigen_elementwise,595,1,0,5,1e-12,0.0135199,0,7.7307e-12,9.63881e-13
eigen_elementwise,596,1,0,5,1e-12,0.0135812,0,7.16227e-12,9.39401e-13
eigen_elementwise,597,1,0,5,1e-12,0.0133665,0,1.19371e-11,9.21673e-13
eigen_elementwise,598,1,0,5,1e-12,0.0135915,0,8.41283e-12,8.90134e-13
eigen_elementwise,599,1,0,5,1e-12,0.0136012,0,1.31877e-11,9.23025e-13
eigen_elementwise,600,1,0,5,1e-12,0.0135156,0,9.09495e-12,9.33385e-13
eigen_elementwise,601,1,0,5,1e-12,0.0136328,0,8.98126e-12,9.49415e-13
eigen_elementwise,602,1,0,5,1e-12,0.0138021,0,1.19371e-11,8.44255e-13
eigen_elementwise,603,1,0,5,1e-12,0.0138972,0,1.03455e-11,9.90102e-13
eigen_elementwise,604,1,0,5,1e-12,0.0137143,0,1.13687e-11,9.48858e-13
eigen_elementwise,605,1,0,5,1e-12,0.0137304,0,1.10276e-11,8.44364e-13
eigen_elementwise,606,1,0,5,1e-12,0.0140039,0,1.04592e-11,9.68443e-13
eigen_elementwise,607,1,0,5,1e-12,0.0140467,0,9.89075e-12,8.72448e-13
eigen_elementwise,608,1,0,5,1e-12,0.0141687,0,1.20508e-11,9.25819e-13
eigen_elementwise,609,1,0,5,1e-12,0.0139353,0,8.98126e-12,9.89535e-13
eigen_elementwise,610,1,0,5,1e-12,0.014054,0,7.7307e-12,8.94884e-13
eigen_elementwise,611,1,0,5,1e-12,0.0142201,0,6.48015e-12,9.534e-13
eigen_elementwise,612,1,0,5,1e-12,0.0141099,0,6.48015e-12,8.90844e-13
eigen_elementwise,613,1,0,5,1e-12,0.014194,0,7.95808e-12,8.75997e-13
eigen_elementwise,614,1,0,5,1e-12,0.0145249,0,1.01181e-11,1.03196e-12
eigen_elementwise,615,1,0,5,1e-12,0.0144969,0,1.09139e-11,8.66477e-13
eigen_elementwise,616,1,0,5,1e-12,0.0144172,0,8.6402e-12,9.15373e-13
eigen_elementwise,617,1,0,5,1e-12,0.0144457,0,1.04592e-11,9.21381e-13
eigen_elementwise,618,1,0,5,1e-12,0.014539,0,1.08002e-11,1.02223e-12
eigen_elementwise,619,1,0,5,1e-12,0.0145548,0,1.14824e-11,1.03386e-12
eigen_elementwise,620,1,0,5,1e-12,0.0146886,0,1.01181e-11,9.66488e-13
eigen_elementwise,621,1,0,5,1e-12,0.0145793,0,6.48015e-12,8.48095e-13
eigen_elementwise,622,1,0,5,1e-12,0.0145698,0,7.84439e-12,1.00099e-12
eigen_elementwise,623,1,0,5,1e-12,0.0148347,0,1.11413e-11,9.9429e-13
eigen_elementwise,624,1,0,5,1e-12,0.0147271,0,1.56888e-11,9.17657e-13
eigen_elementwise,625,1,0,5,1e-12,0.0148609,0,9.66338e-12,8.83936e-13
eigen_elementwise,626,1,0,5,1e-12,0.0149235,0,1.10276e-11,1.01076e-12
eigen_elementwise,627,1,0,5,1e-12,0.015004,0,7.95808e-12,9.56373e-13
eigen_elementwise,628,1,0,5,1e-12,0.0149269,0,9.77707e-12,1.02083e-12
eigen_elementwise,629,1,0,5,1e-12,0.0150316,0,9.09495e-12,1.11785e-12
eigen_elementwise,630,1,0,5,1e-12,0.0150102,0,9.43601e-12,9.53272e-13
eigen_elementwise,631,1,0,5,1e-12,0.0151479,0,1.17097e-11,8.08509e-13
eigen_elementwise,632,1,0,5,1e-12,0.0151437,0,9.32232e-12,9.08592e-13
eigen_elementwise,633,1,0,5,1e-12,0.0152628,0,6.59384e-12,9.57559e-13
eigen_elementwise,634,1,0,5,1e-12,0.0152548,0,1.03455e-11,9.27398e-13
eigen_elementwise,635,1,0,5,1e-12,0.0153731,0,7.84439e-12,9.02344e-13
eigen_elementwise,636,1,0,5,1e-12,0.0153642,0,8.52651e-12,9.76488e-13
eigen_elementwise,637,1,0,5,1e-12,0.0153682,0,7.38964e-12,9.23581e-13
eigen_elementwise,638,1,0,5,1e-12,0.015501,0,8.98126e-12,9.09911e-13
eigen_elementwise,639,1,0,5,1e-12,0.0157203,0,1.09139e-11,9.08135e-13
eigen_elementwise,640,1,0,5,1e-12,0.0156962,0,1.42109e-11,1.00845e-12
eigen_elementwise,641,1,0,5,1e-12,0.0155596,0,1.02318e-11,1.02524e-12
eigen_elementwise,642,1,0,5,1e-12,0.0155742,0,1.04592e-11,8.55716e-13
eigen_elementwise,643,1,0,5,1e-12,0.0156932,0,1.11413e-11,1.01884e-12
eigen_elementwise,644,1,0,5,1e-12,0.0155876,0,9.20863e-12,9.15866e-13
eigen_elementwise,645,1,0,5,1e-12,0.0158218,0,7.61702e-12,9.71772e-13
eigen_elementwise,646,1,0,5,1e-12,0.0156115,0,8.52651e-12,8.77319e-13
eigen_elementwise,647,1,0,5,1e-12,0.0158134,0,9.54969e-12,9.06875e-13
eigen_elementwise,648,1,0,5,1e-12,0.0157948,0,9.77707e-12,8.7797e-13
eigen_elementwise,649,1,0,5,1e-12,0.0159035,0,1.05729e-11,9.1852e-13
eigen_elementwise,650,1,0,5,1e-12,0.0160561,0,9.77707e-12,8.67406e-13
eigen_elementwise,651,1,0,5,1e-12,0.0159204,0,9.77707e-12,9.32864e-13
eigen_elementwise,652,1,0,5,1e-12,0.0162852,0,8.41283e-12,9.38539e-13
eigen_elementwise,653,1,0,5,1e-12,0.0160696,0,7.61702e-12,9.44063e-13
eigen_elementwise,654,1,0,5,1e-12,0.0162475,0,1.76215e-11,1.01053e-12
eigen_elementwise,655,1,0,5,1e-12,0.0163127,0,1.01181e-11,9.36073e-13
eigen_elementwise,656,1,0,5,1e-12,0.0164819,0,7.95808e-12,9.43289e-13
eigen_elementwise,657,1,0,5,1e-12,0.016413,0,8.41283e-12,9.19665e-13
eigen_elementwise,658,1,0,5,1e-12,0.0165031,0,8.52651e-12,9.3042e-13
eigen_elementwise,659,1,0,5,1e-12,0.0170691,0,9.09495e-12,8.99085e-13
eigen_elementwise,660,1,0,5,1e-12,0.0170791,0,1.03455e-11,9.03468e-13
eigen_elementwise,661,1,0,5,1e-12,0.0171858,0,1.04592e-11,9.54118e-13
eigen_elementwise,662,1,0,5,1e-12,0.0172029,0,1.05729e-11,9.22491e-13
eigen_elementwise,663,1,0,5,1e-12,0.0173248,0,9.77707e-12,1.03623e-12
eigen_elementwise,664,1,0,5,1e-12,0.0173431,0,1.23919e-11,9.84754e-13
eigen_elementwise,665,1,0,5,1e-12,0.0174128,0,9.66338e-12,9.48679e-13
eigen_elementwise,666,1,0,5,1e-12,0.0174082,0,9.54969e-12,9.55245e-13
eigen_elementwise,667,1,0,5,1e-12,0.0173675,0,8.86757e-12,8.99138e-13
eigen_elementwise,668,1,0,5,1e-12,0.0175695,0,8.29914e-12,9.29635e-13
eigen_elementwise,669,1,0,5,1e-12,0.0175709,0,9.89075e-12,1.01872e-12
eigen_elementwise,670,1,0,5,1e-12,0.0176543,0,8.18545e-12,8.92421e-13
eigen_elementwise,671,1,0,5,1e-12,0.0174819,0,7.04858e-12,9.38386e-13
eigen_elementwise,672,1,0,5,1e-12,0.017958,0,1.10276e-11,9.49195e-13
eigen_elementwise,673,1,0,5,1e-12,0.0178947,0,8.41283e-12,9.2603e-13
eigen_elementwise,674,1,0,5,1e-12,0.0178204,0,1.02318e-11,9.89736e-13
eigen_elementwise,675,1,0,5,1e-12,0.0180944,0,1.01181e-11,9.96866e-13
eigen_elementwise,676,1,0,5,1e-12,0.0179134,0,7.50333e-12,9.27859e-13
eigen_elementwise,677,1,0,5,1e-12,0.0181753,0,1.19371e-11,9.86112e-13
eigen_elementwise,678,1,0,5,1e-12,0.0182794,0,7.84439e-12,9.72835e-13
eigen_elementwise,679,1,0,5,1e-12,0.0181434,0,9.43601e-12,8.93535e-13
eigen_elementwise,680,1,0,5,1e-12,0.0181633,0,8.6402e-12,9.75697e-13
eigen_elementwise,681,1,0,5,1e-12,0.0180059,0,7.84439e-12,9.70887e-13
eigen_elementwise,682,1,0,5,1e-12,0.0185565,0,7.38964e-12,9.8926e-13
eigen_elementwise,683,1,0,5,1e-12,0.0184814,0,1.09139e-11,9.50272e-13
eigen_elementwise,684,1,0,5,1e-12,0.0184335,0,7.50333e-12,9.06981e-13
eigen_elementwise,685,1,0,5,1e-12,0.0181481,0,7.38964e-12,1.11819e-12
eigen_elementwise,686,1,0,5,1e-12,0.0186802,0,1.02318e-11,9.5099e-13
eigen_elementwise,687,1,0,5,1e-12,0.0183022,0,8.41283e-12,9.08267e-13
eigen_elementwise,688,1,0,5,1e-12,0.0180734,0,9.20863e-12,9.86911e-13
eigen_elementwise,689,1,0,5,1e-12,0.0178994,0,9.77707e-12,9.51273e-13
eigen_elementwise,690,1,0,5,1e-12,0.0184079,0,1.10276e-11,9.84042e-13
eigen_elementwise,691,1,0,5,1e-12,0.0183816,0,7.61702e-12,9.08776e-13
eigen_elementwise,692,1,0,5,1e-12,0.01842,0,1.23919e-11,9.5874e-13
eigen_elementwise,693,1,0,5,1e-12,0.0181509,0,8.75389e-12,9.44468e-13
eigen_elementwise,694,1,0,5,1e-12,0.0183383,0,9.32232e-12,9.35614e-13
eigen_elementwise,695,1,0,5,1e-12,0.018419,0,8.52651e-12,1.00957e-12
eigen_elementwise,696,1,0,5,1e-12,0.0185531,0,8.18545e-12,9.78068e-13
eigen_elementwise,697,1,0,5,1e-12,0.0183933,0,7.04858e-12,9.19999e-13
eigen_elementwise,698,1,0,5,1e-12,0.0187295,0,8.29914e-12,8.64002e-13
eigen_elementwise,699,1,0,5,1e-12,0.0186128,0,7.27596e-12,9.48309e-13
eigen_elementwise,700,1,0,5,1e-12,0.0186437,0,7.7307e-12,9.29339e-13
eigen_elementwise,701,1,0,5,1e-12,0.018705,0,8.75389e-12,9.95912e-13
eigen_elementwise,702,1,0,5,1e-12,0.0186659,0,1.47793e-11,9.56671e-13
eigen_elementwise,703,1,0,5,1e-12,0.0188591,0,7.84439e-12,8.66587e-13
eigen_elementwise,704,1,0,5,1e-12,0.0188665,0,1.1255e-11,1.02853e-12
eigen_elementwise,705,1,0,5,1e-12,0.0189627,0,7.50333e-12,9.62818e-13
eigen_elementwise,706,1,0,5,1e-12,0.0188425,0,8.6402e-12,9.84574e-13
eigen_elementwise,707,1,0,5,1e-12,0.0189643,0,1.3415e-11,1.07288e-12
eigen_elementwise,708,1,0,5,1e-12,0.0190405,0,8.86757e-12,9.63223e-13
eigen_elementwise,709,1,0,5,1e-12,0.0191327,0,8.41283e-12,9.39179e-13
eigen_elementwise,710,1,0,5,1e-12,0.0190518,0,1.33014e-11,9.1871e-13
eigen_elementwise,711,1,0,5,1e-12,0.0191525,0,1.04592e-11,9.19698e-13
eigen_elementwise,712,1,0,5,1e-12,0.0193168,0,1.23919e-11,1.05652e-12
eigen_elementwise,713,1,0,5,1e-12,0.0192656,0,1.04592e-11,9.74825e-13
eigen_elementwise,714,1,0,5,1e-12,0.0191564,0,9.77707e-12,9.66009e-13
eigen_elementwise,715,1,0,5,1e-12,0.0194236,0,8.75389e-12,1.03314e-12
eigen_elementwise,716,1,0,5,1e-12,0.019559,0,9.89075e-12,1.03019e-12
eigen_elementwise,717,1,0,5,1e-12,0.0196243,0,9.89075e-12,9.61302e-13
eigen_elementwise,718,1,0,5,1e-12,0.0196962,0,1.3074e-11,1.01289e-12
eigen_elementwise,719,1,0,5,1e-12,0.0196538,0,9.20863e-12,9.46962e-13
eigen_elementwise,720,1,0,5,1e-12,0.0198055,0,1.11413e-11,9.87812e-13
eigen_elementwise,721,1,0,5,1e-12,0.0196815,0,7.95808e-12,9.41805e-13
eigen_elementwise,722,1,0,5,1e-12,0.0198845,0,1.19371e-11,1.01005e-12
eigen_elementwise,723,1,0,5,1e-12,0.0197804,0,1.43245e-11,1.05379e-12
eigen_elementwise,724,1,0,5,1e-12,0.0199386,0,7.16227e-12,9.77982e-13
eigen_elementwise,725,1,0,5,1e-12,0.020043,0,1.40972e-11,1.02148e-12
eigen_elementwise,726,1,0,5,1e-12,0.0200046,0,1.03455e-11,1.03294e-12
eigen_elementwise,727,1,0,5,1e-12,0.0201561,0,1.42109e-11,9.78475e-13
eigen_elementwise,728,1,0,5,1e-12,0.0200553,0,8.29914e-12,9.75657e-13
eigen_elementwise,729,1,0,5,1e-12,0.0201658,0,1.06866e-11,9.44131e-13
eigen_elementwise,730,1,0,5,1e-12,0.0202061,0,9.54969e-12,1.00753e-12
eigen_elementwise,731,1,0,5,1e-12,0.02021,0,1.02318e-11,9.24817e-13
eigen_elementwise,732,1,0,5,1e-12,0.0204644,0,7.95808e-12,9.20439e-13
eigen_elementwise,733,1,0,5,1e-12,0.0202005,0,6.13909e-12,9.23608e-13
eigen_elementwise,734,1,0,5,1e-12,0.0203051,0,8.18545e-12,9.70547e-13
eigen_elementwise,735,1,0,5,1e-12,0.0205042,0,7.38964e-12,9.60322e-13
eigen_elementwise,736,1,0,5,1e-12,0.0204044,0,1.5234e-11,9.5242e-13
eigen_elementwise,737,1,0,5,1e-12,0.020606,0,9.32232e-12,1.00996e-12
eigen_elementwise,738,1,0,5,1e-12,0.0206204,0,1.22782e-11,1.03907e-12
eigen_elementwise,739,1,0,5,1e-12,0.0207986,0,1.17097e-11,9.74608e-13
eigen_elementwise,740,1,0,5,1e-12,0.0208855,0,1.00044e-11,1.07073e-12
eigen_elementwise,741,1,0,5,1e-12,0.0208311,0,9.54969e-12,9.91103e-13
eigen_elementwise,742,1,0,5,1e-12,0.0210004,0,1.55751e-11,1.02134e-12
eigen_elementwise,743,1,0,5,1e-12,0.0210442,0,7.38964e-12,9.49435e-13
eigen_elementwise,744,1,0,5,1e-12,0.0211039,0,8.75389e-12,9.95655e-13
eigen_elementwise,745,1,0,5,1e-12,0.0213188,0,1.17097e-11,1.06291e-12
eigen_elementwise,746,1,0,5,1e-12,0.0210223,0,7.84439e-12,9.2303e-13
eigen_elementwise,747,1,0,5,1e-12,0.0212741,0,1.21645e-11,1.07823e-12
eigen_elementwise,748,1,0,5,1e-12,0.0212215,0,8.6402e-12,9.54368e-13
eigen_elementwise,749,1,0,5,1e-12,0.0213205,0,1.21645e-11,1.02561e-12
eigen_elementwise,750,1,0,5,1e-12,0.0214212,0,1.06866e-11,1.02058e-12
eigen_elementwise,751,1,0,5,1e-12,0.0215421,0,7.95808e-12,9.46191e-13
eigen_elementwise,752,1,0,5,1e-12,0.0213443,0,1.26192e-11,8.91061e-13
eigen_elementwise,753,1,0,5,1e-12,0.02147,0,1.01181e-11,9.26338e-13
eigen_elementwise,754,1,0,5,1e-12,0.0217276,0,7.27596e-12,9.62556e-13
eigen_elementwise,755,1,0,5,1e-12,0.0217949,0,1.01181e-11,1.01713e-12
eigen_elementwise,756,1,0,5,1e-12,0.0216393,0,1.04592e-11,9.72655e-13
eigen_elementwise,757,1,0,5,1e-12,0.0219569,0,1.06866e-11,9.74967e-13
eigen_elementwise,758,1,0,5,1e-12,0.0219145,0,9.32232e-12,9.3282e-13
eigen_elementwise,759,1,0,5,1e-12,0.0219296,0,7.50333e-12,1.00179e-12
eigen_elementwise,760,1,0,5,1e-12,0.0220899,0,7.38964e-12,9.75916e-13
eigen_elementwise,761,1,0,5,1e-12,0.0220336,0,8.86757e-12,9.31785e-13
eigen_elementwise,762,1,0,5,1e-12,0.02224,0,1.04592e-11,9.79781e-13
eigen_elementwise,763,1,0,5,1e-12,0.0221492,0,8.52651e-12,9.70239e-13
eigen_elementwise,764,1,0,5,1e-12,0.0224299,0,1.06866e-11,1.07112e-12
eigen_elementwise,765,1,0,5,1e-12,0.022632,0,1.06866e-11,9.65929e-13
eigen_elementwise,766,1,0,5,1e-12,0.0225815,0,1.10276e-11,9.98018e-13
eigen_elementwise,767,1,0,5,1e-12,0.02362,0,8.75389e-12,9.57843e-13
eigen_elementwise,768,1,0,5,1e-12,0.0225721,0,1.1255e-11,1.04782e-12
eigen_elementwise,769,1,0,5,1e-12,0.0225353,0,1.36424e-11,9.63085e-13
eigen_elementwise,770,1,0,5,1e-12,0.0227175,0,9.54969e-12,9.26975e-13
eigen_elementwise,771,1,0,5,1e-12,0.0228422,0,1.17097e-11,1.02039e-12
eigen_elementwise,772,1,0,5,1e-12,0.0229621,0,1.55751e-11,1.03551e-12
eigen_elementwise,773,1,0,5,1e-12,0.0229593,0,1.00044e-11,1.03162e-12
eigen_elementwise,774,1,0,5,1e-12,0.0228389,0,9.09495e-12,9.71193e-13
eigen_elementwise,775,1,0,5,1e-12,0.022885,0,7.38964e-12,1.01048e-12
eigen_elementwise,776,1,0,5,1e-12,0.0225124,0,9.54969e-12,9.6164e-13
eigen_elementwise,777,1,0,5,1e-12,0.0225101,0,1.45519e-11,1.08049e-12
eigen_elementwise,778,1,0,5,1e-12,0.0227033,0,8.41283e-12,9.82372e-13
eigen_elementwise,779,1,0,5,1e-12,0.0228048,0,1.03455e-11,9.41756e-13
eigen_elementwise,780,1,0,5,1e-12,0.0227029,0,1.28466e-11,9.50722e-13
eigen_elementwise,781,1,0,5,1e-12,0.0225864,0,8.29914e-12,1.02967e-12
eigen_elementwise,782,1,0,5,1e-12,0.0228119,0,9.09495e-12,9.56591e-13
eigen_elementwise,783,1,0,5,1e-12,0.0228534,0,1.04592e-11,1.00416e-12
eigen_elementwise,784,1,0,5,1e-12,0.0228394,0,1.00044e-11,9.67084e-13
eigen_elementwise,785,1,0,5,1e-12,0.0228917,0,9.43601e-12,9.91521e-13
eigen_elementwise,786,1,0,5,1e-12,0.0230177,0,8.18545e-12,9.69821e-13
eigen_elementwise,787,1,0,5,1e-12,0.0229688,0,9.54969e-12,1.0762e-12
eigen_elementwise,788,1,0,5,1e-12,0.0231881,0,1.02318e-11,1.02496e-12
eigen_elementwise,789,1,0,5,1e-12,0.0230523,0,1.08002e-11,1.04897e-12
eigen_elementwise,790,1,0,5,1e-12,0.0231539,0,1.08002e-11,1.01878e-12
eigen_elementwise,791,1,0,5,1e-12,0.0231548,0,1.68257e-11,9.82894e-13
eigen_elementwise,792,1,0,5,1e-12,0.0233764,0,8.86757e-12,1.01012e-12
eigen_elementwise,793,1,0,5,1e-12,0.0234955,0,1.18234e-11,1.09426e-12
eigen_elementwise,794,1,0,5,1e-12,0.0232624,0,1.13687e-11,1.02093e-12
eigen_elementwise,795,1,0,5,1e-12,0.0234583,0,1.00044e-11,1.03959e-12
eigen_elementwise,796,1,0,5,1e-12,0.0235943,0,1.35287e-11,1.04476e-12
eigen_elementwise,797,1,0,5,1e-12,0.0234251,0,8.41283e-12,1.00481e-12
eigen_elementwise,798,1,0,5,1e-12,0.0234664,0,1.1255e-11,1.00813e-12
eigen_elementwise,799,1,0,5,1e-12,0.0237511,0,1.40972e-11,9.97966e-13
eigen_elementwise,800,1,0,5,1e-12,0.0239933,0,8.29914e-12,1.04079e-12
eigen_elementwise,801,1,0,5,1e-12,0.0239923,0,7.7307e-12,1.09486e-12
eigen_elementwise,802,1,0,5,1e-12,0.0238593,0,1.08002e-11,9.8407e-13
eigen_elementwise,803,1,0,5,1e-12,0.02385,0,7.27596e-12,9.80395e-13
eigen_elementwise,804,1,0,5,1e-12,0.0238676,0,1.17097e-11,1.0316e-12
eigen_elementwise,805,1,0,5,1e-12,0.0240052,0,1.10276e-11,9.8998e-13
eigen_elementwise,806,1,0,5,1e-12,0.0241299,0,1.04592e-11,1.04151e-12
eigen_elementwise,807,1,0,5,1e-12,0.0242389,0,1.00044e-11,9.85305e-13
eigen_elementwise,808,1,0,5,1e-12,0.0241967,0,1.33014e-11,9.8345e-13
eigen_elementwise,809,1,0,5,1e-12,0.0242919,0,1.04592e-11,1.09378e-12
eigen_elementwise,810,1,0,5,1e-12,0.0244022,0,1.00044e-11,1.02376e-12
eigen_elementwise,811,1,0,5,1e-12,0.0245466,0,8.41283e-12,9.85138e-13
eigen_elementwise,812,1,0,5,1e-12,0.0244838,0,1.05729e-11,1.09744e-12
eigen_elementwise,813,1,0,5,1e-12,0.0247112,0,8.29914e-12,9.89612e-13
eigen_elementwise,814,1,0,5,1e-12,0.0247457,0,1.28466e-11,1.01351e-12
eigen_elementwise,815,1,0,5,1e-12,0.0247451,0,1.23919e-11,1.02417e-12
eigen_elementwise,816,1,0,5,1e-12,0.0247863,0,9.43601e-12,1.01194e-12
eigen_elementwise,817,1,0,5,1e-12,0.0246339,0,1.09139e-11,1.10552e-12
eigen_elementwise,818,1,0,5,1e-12,0.0251143,0,1.13687e-11,9.02708e-13
eigen_elementwise,819,1,0,5,1e-12,0.0250061,0,1.10276e-11,1.02914e-12
eigen_elementwise,820,1,0,5,1e-12,0.0251638,0,1.00044e-11,1.06109e-12
eigen_elementwise,821,1,0,5,1e-12,0.0250621,0,1.14824e-11,9.52039e-13
eigen_elementwise,822,1,0,5,1e-12,0.0251751,0,1.03455e-11,1.10521e-12
eigen_elementwise,823,1,0,5,1e-12,0.0252412,0,1.14824e-11,1.00473e-12
eigen_elementwise,824,1,0,5,1e-12,0.025265,0,8.98126e-12,1.03969e-12
eigen_elementwise,825,1,0,5,1e-12,0.0253333,0,7.38964e-12,9.46168e-13
eigen_elementwise,826,1,0,5,1e-12,0.0253403,0,8.29914e-12,9.48336e-13
eigen_elementwise,827,1,0,5,1e-12,0.0252805,0,1.02318e-11,9.75463e-13
eigen_elementwise,828,1,0,5,1e-12,0.0253933,0,1.13687e-11,1.07006e-12
eigen_elementwise,829,1,0,5,1e-12,0.0257258,0,1.15961e-11,1.03849e-12
eigen_elementwise,830,1,0,5,1e-12,0.0256031,0,1.1255e-11,1.02532e-12
eigen_elementwise,831,1,0,5,1e-12,0.0259621,0,1.18234e-11,1.07629e-12
eigen_elementwise,832,1,0,5,1e-12,0.0260049,0,1.06866e-11,9.75175e-13
eigen_elementwise,833,1,0,5,1e-12,0.0254037,0,1.00044e-11,1.04151e-12
eigen_elementwise,834,1,0,5,1e-12,0.0259475,0,1.26192e-11,9.9927e-13
eigen_elementwise,835,1,0,5,1e-12,0.026353,0,9.43601e-12,1.05892e-12
eigen_elementwise,836,1,0,5,1e-12,0.0270093,0,1.05729e-11,1.07123e-12
eigen_elementwise,837,1,0,5,1e-12,0.0268502,0,1.11413e-11,1.07322e-12
eigen_elementwise,838,1,0,5,1e-12,0.0268571,0,1.15961e-11,1.08386e-12
eigen_elementwise,839,1,0,5,1e-12,0.0268299,0,1.04592e-11,1.03382e-12
eigen_elementwise,840,1,0,5,1e-12,0.0271331,0,9.32232e-12,1.17302e-12
eigen_elementwise,841,1,0,5,1e-12,0.0268965,0,1.53477e-11,1.05367e-12
eigen_elementwise,842,1,0,5,1e-12,0.0271325,0,1.02318e-11,1.07436e-12
eigen_elementwise,843,1,0,5,1e-12,0.0271746,0,1.06866e-11,1.01638e-12
eigen_elementwise,844,1,0,5,1e-12,0.0274551,0,1.06866e-11,1.03438e-12
eigen_elementwise,845,1,0,5,1e-12,0.0274336,0,1.03455e-11,1.10795e-12
eigen_elementwise,846,1,0,5,1e-12,0.02754,0,1.44382e-11,1.05926e-12
eigen_elementwise,847,1,0,5,1e-12,0.0271853,0,7.27596e-12,9.87951e-13
eigen_elementwise,848,1,0,5,1e-12,0.0277284,0,1.10276e-11,1.01962e-12
eigen_elementwise,849,1,0,5,1e-12,0.0275437,0,1.08002e-11,1.07796e-12
eigen_elementwise,850,1,0,5,1e-12,0.0275011,0,9.77707e-12,1.00119e-12
eigen_elementwise,851,1,0,5,1e-12,0.0273496,0,1.35287e-11,1.07566e-12
eigen_elementwise,852,1,0,5,1e-12,0.0278767,0,9.32232e-12,9.5702e-13
eigen_elementwise,853,1,0,5,1e-12,0.0277884,0,8.86757e-12,9.86712e-13
eigen_elementwise,854,1,0,5,1e-12,0.0278937,0,1.44382e-11,1.03977e-12
eigen_elementwise,855,1,0,5,1e-12,0.0279944,0,1.75078e-11,1.06931e-12
eigen_elementwise,856,1,0,5,1e-12,0.0280543,0,1.17097e-11,1.02081e-12
eigen_elementwise,857,1,0,5,1e-12,0.027563,0,7.95808e-12,9.9944e-13
eigen_elementwise,858,1,0,5,1e-12,0.0276129,0,1.22782e-11,1.01681e-12
eigen_elementwise,859,1,0,5,1e-12,0.0275657,0,9.43601e-12,1.05304e-12
eigen_elementwise,860,1,0,5,1e-12,0.0275991,0,1.19371e-11,1.04083e-12
eigen_elementwise,861,1,0,5,1e-12,0.0275745,0,8.75389e-12,1.0682e-12
eigen_elementwise,862,1,0,5,1e-12,0.0275443,0,8.07177e-12,9.93355e-13
eigen_elementwise,863,1,0,5,1e-12,0.0275885,0,1.3074e-11,1.05255e-12
eigen_elementwise,864,1,0,5,1e-12,0.027892,0,1.15961e-11,1.01877e-12
eigen_elementwise,865,1,0,5,1e-12,0.0279075,0,8.52651e-12,1.00166e-12
eigen_elementwise,866,1,0,5,1e-12,0.0279016,0,1.25056e-11,1.10779e-12
eigen_elementwise,867,1,0,5,1e-12,0.0280565,0,1.17097e-11,1.04436e-12
eigen_elementwise,868,1,0,5,1e-12,0.028027,0,9.09495e-12,1.0572e-12
eigen_elementwise,869,1,0,5,1e-12,0.0281206,0,8.6402e-12,9.9165e-13
eigen_elementwise,870,1,0,5,1e-12,0.028283,0,1.78488e-11,1.06758e-12
eigen_elementwise,871,1,0,5,1e-12,0.028403,0,1.14824e-11,1.07344e-12
eigen_elementwise,872,1,0,5,1e-12,0.0283827,0,1.64846e-11,1.15405e-12
eigen_elementwise,873,1,0,5,1e-12,0.0282769,0,1.10276e-11,1.04123e-12
eigen_elementwise,874,1,0,5,1e-12,0.0285462,0,8.41283e-12,9.92612e-13
eigen_elementwise,875,1,0,5,1e-12,0.0284947,0,1.3074e-11,1.05637e-12
eigen_elementwise,876,1,0,5,1e-12,0.0287063,0,9.43601e-12,1.05894e-12
eigen_elementwise,877,1,0,5,1e-12,0.028815,0,9.43601e-12,1.05567e-12
eigen_elementwise,878,1,0,5,1e-12,0.028813,0,8.41283e-12,1.0189e-12
eigen_elementwise,879,1,0,5,1e-12,0.0292356,0,1.31877e-11,1.04914e-12
eigen_elementwise,880,1,0,5,1e-12,0.0287958,0,1.35287e-11,1.10918e-12
eigen_elementwise,881,1,0,5,1e-12,0.028878,0,9.66338e-12,9.79268e-13
eigen_elementwise,882,1,0,5,1e-12,0.0287992,0,1.53477e-11,1.10138e-12
eigen_elementwise,883,1,0,5,1e-12,0.0289204,0,8.86757e-12,1.03114e-12
eigen_elementwise,884,1,0,5,1e-12,0.0291949,0,1.01181e-11,1.04192e-12
eigen_elementwise,885,1,0,5,1e-12,0.0290987,0,9.54969e-12,1.02918e-12
eigen_elementwise,886,1,0,5,1e-12,0.0292136,0,9.89075e-12,1.07585e-12
eigen_elementwise,887,1,0,5,1e-12,0.0293079,0,1.3415e-11,1.0769e-12
eigen_elementwise,888,1,0,5,1e-12,0.0291207,0,1.03455e-11,1.01676e-12
eigen_elementwise,889,1,0,5,1e-12,0.0295379,0,9.20863e-12,1.05201e-12
eigen_elementwise,890,1,0,5,1e-12,0.0293826,0,9.32232e-12,9.66006e-13
eigen_elementwise,891,1,0,5,1e-12,0.0296386,0,1.8531e-11,1.01687e-12
eigen_elementwise,892,1,0,5,1e-12,0.0295665,0,1.35287e-11,1.01642e-12
eigen_elementwise,893,1,0,5,1e-12,0.0295506,0,1.02318e-11,1.20691e-12
eigen_elementwise,894,1,0,5,1e-12,0.0300628,0,9.89075e-12,1.00977e-12
eigen_elementwise,895,1,0,5,1e-12,0.0301478,0,1.50067e-11,9.9023e-13
eigen_elementwise,896,1,0,5,1e-12,0.0300049,0,1.35287e-11,1.11337e-12
eigen_elementwise,897,1,0,5,1e-12,0.0301132,0,1.20508e-11,1.07921e-12
eigen_elementwise,898,1,0,5,1e-12,0.0301132,0,1.29603e-11,1.05214e-12
eigen_elementwise,899,1,0,5,1e-12,0.0300177,0,1.58025e-11,1.06186e-12
eigen_elementwise,900,1,0,5,1e-12,0.0300973,0,1.15961e-11,1.02341e-12
eigen_elementwise,901,1,0,5,1e-12,0.0303189,0,1.60298e-11,1.04553e-12
eigen_elementwise,902,1,0,5,1e-12,0.0302583,0,1.59162e-11,1.08332e-12
eigen_elementwise,903,1,0,5,1e-12,0.0305577,0,1.31877e-11,1.09899e-12
eigen_elementwise,904,1,0,5,1e-12,0.030567,0,1.39835e-11,1.02222e-12
eigen_elementwise,905,1,0,5,1e-12,0.0305681,0,9.09495e-12,1.06052e-12
eigen_elementwise,906,1,0,5,1e-12,0.0308368,0,1.18234e-11,9.99115e-13
eigen_elementwise,907,1,0,5,1e-12,0.0307641,0,1.02318e-11,9.59034e-13
eigen_elementwise,908,1,0,5,1e-12,0.0305064,0,1.27329e-11,1.07288e-12
eigen_elementwise,909,1,0,5,1e-12,0.0309092,0,1.03455e-11,1.03935e-12
eigen_elementwise,910,1,0,5,1e-12,0.0306639,0,1.59162e-11,1.15654e-12
eigen_elementwise,911,1,0,5,1e-12,0.0311401,0,1.19371e-11,1.05017e-12
eigen_elementwise,912,1,0,5,1e-12,0.0310142,0,1.03455e-11,1.03594e-12
eigen_elementwise,913,1,0,5,1e-12,0.0307647,0,1.00044e-11,9.87808e-13
eigen_elementwise,914,1,0,5,1e-12,0.0310594,0,1.09139e-11,1.01014e-12
eigen_elementwise,915,1,0,5,1e-12,0.0314077,0,1.20508e-11,1.02795e-12
eigen_elementwise,916,1,0,5,1e-12,0.0313126,0,1.31877e-11,1.18213e-12
eigen_elementwise,917,1,0,5,1e-12,0.0314888,0,1.23919e-11,9.77877e-13
eigen_elementwise,918,1,0,5,1e-12,0.0313467,0,1.39835e-11,1.04936e-12
eigen_elementwise,919,1,0,5,1e-12,0.031525,0,9.66338e-12,1.08582e-12
eigen_elementwise,920,1,0,5,1e-12,0.0316654,0,9.89075e-12,1.06926e-12
eigen_elementwise,921,1,0,5,1e-12,0.0317672,0,1.06866e-11,1.07116e-12
eigen_elementwise,922,1,0,5,1e-12,0.0316908,0,1.46656e-11,1.02349e-12
eigen_elementwise,923,1,0,5,1e-12,0.0318463,0,1.09139e-11,1.00435e-12
eigen_elementwise,924,1,0,5,1e-12,0.0321985,0,1.05729e-11,1.11615e-12
eigen_elementwise,925,1,0,5,1e-12,0.0319193,0,1.04592e-11,1.0748e-12
eigen_elementwise,926,1,0,5,1e-12,0.0320988,0,1.19371e-11,1.07229e-12
eigen_elementwise,927,1,0,5,1e-12,0.0319194,0,1.10276e-11,1.08089e-12
eigen_elementwise,928,1,0,5,1e-12,0.0321265,0,1.20508e-11,1.12772e-12
eigen_elementwise,929,1,0,5,1e-12,0.0319993,0,1.15961e-11,1.09594e-12
eigen_elementwise,930,1,0,5,1e-12,0.0315811,0,1.25056e-11,9.69506e-13
eigen_elementwise,931,1,0,5,1e-12,0.0318597,0,7.61702e-12,1.02751e-12
eigen_elementwise,932,1,0,5,1e-12,0.0315115,0,1.28466e-11,1.08333e-12
eigen_elementwise,933,1,0,5,1e-12,0.0321655,0,9.32232e-12,1.05749e-12
eigen_elementwise,934,1,0,5,1e-12,0.0319839,0,1.1255e-11,9.92363e-13
eigen_elementwise,935,1,0,5,1e-12,0.0319514,0,1.06866e-11,1.03735e-12
eigen_elementwise,936,1,0,5,1e-12,0.0318989,0,1.13687e-11,1.09159e-12
eigen_elementwise,937,1,0,5,1e-12,0.0320306,0,1.26192e-11,1.03105e-12
eigen_elementwise,938,1,0,5,1e-12,0.0323367,0,1.19371e-11,1.05988e-12
eigen_elementwise,939,1,0,5,1e-12,0.0322753,0,8.86757e-12,1.07323e-12
eigen_elementwise,940,1,0,5,1e-12,0.0323156,0,1.83036e-11,1.12883e-12
eigen_elementwise,941,1,0,5,1e-12,0.0322449,0,1.27329e-11,1.06025e-12
eigen_elementwise,942,1,0,5,1e-12,0.032387,0,1.08002e-11,1.03412e-12
eigen_elementwise,943,1,0,5,1e-12,0.0325254,0,1.05729e-11,1.00862e-12
eigen_elementwise,944,1,0,5,1e-12,0.0323735,0,8.86757e-12,1.02726e-12
eigen_elementwise,945,1,0,5,1e-12,0.0326889,0,1.03455e-11,9.84584e-13
eigen_elementwise,946,1,0,5,1e-12,0.0324353,0,1.23919e-11,1.13584e-12
eigen_elementwise,947,1,0,5,1e-12,0.0326595,0,8.98126e-12,1.0508e-12
eigen_elementwise,948,1,0,5,1e-12,0.0324788,0,1.43245e-11,1.13073e-12
eigen_elementwise,949,1,0,5,1e-12,0.0328071,0,2.00089e-11,1.05567e-12
eigen_elementwise,950,1,0,5,1e-12,0.0328964,0,1.23919e-11,1.04288e-12
eigen_elementwise,951,1,0,5,1e-12,0.0328081,0,1.39835e-11,1.04927e-12
eigen_elementwise,952,1,0,5,1e-12,0.0329822,0,8.98126e-12,1.03188e-12
eigen_elementwise,953,1,0,5,1e-12,0.0332256,0,1.22782e-11,9.85773e-13
eigen_elementwise,954,1,0,5,1e-12,0.0330607,0,1.73941e-11,1.01255e-12
eigen_elementwise,955,1,0,5,1e-12,0.033458,0,1.10276e-11,1.09779e-12
eigen_elementwise,956,1,0,5,1e-12,0.033424,0,1.42109e-11,1.07928e-12
eigen_elementwise,957,1,0,5,1e-12,0.0334206,0,1.11413e-11,9.94587e-13
eigen_elementwise,958,1,0,5,1e-12,0.0336977,0,1.19371e-11,1.07e-12
eigen_elementwise,959,1,0,5,1e-12,0.0337066,0,9.89075e-12,1.04903e-12
eigen_elementwise,960,1,0,5,1e-12,0.0333728,0,9.77707e-12,1.0105e-12
eigen_elementwise,961,1,0,5,1e-12,0.033958,0,1.11413e-11,1.02314e-12
eigen_elementwise,962,1,0,5,1e-12,0.0339098,0,9.54969e-12,1.01492e-12
eigen_elementwise,963,1,0,5,1e-12,0.033838,0,9.54969e-12,1.06546e-12
eigen_elementwise,964,1,0,5,1e-12,0.0340816,0,1.15961e-11,1.01957e-12
eigen_elementwise,965,1,0,5,1e-12,0.0344418,0,1.3074e-11,1.06395e-12
eigen_elementwise,966,1,0,5,1e-12,0.0342784,0,1.03455e-11,1.0776e-12
eigen_elementwise,967,1,0,5,1e-12,0.0341755,0,1.1255e-11,1.04337e-12
eigen_elementwise,968,1,0,5,1e-12,0.0344055,0,1.15961e-11,1.06779e-12
eigen_elementwise,969,1,0,5,1e-12,0.0342582,0,1.08002e-11,1.01666e-12
eigen_elementwise,970,1,0,5,1e-12,0.0345147,0,1.35287e-11,1.07465e-12
eigen_elementwise,971,1,0,5,1e-12,0.0343649,0,1.37561e-11,1.0506e-12
eigen_elementwise,972,1,0,5,1e-12,0.034645,0,9.32232e-12,1.0269e-12
eigen_elementwise,973,1,0,5,1e-12,0.0343849,0,1.18234e-11,1.0307e-12
eigen_elementwise,974,1,0,5,1e-12,0.0346661,0,1.08002e-11,1.07212e-12
eigen_elementwise,975,1,0,5,1e-12,0.035253,0,1.27329e-11,1.11377e-12
eigen_elementwise,976,1,0,5,1e-12,0.0347851,0,1.89857e-11,1.13095e-12
eigen_elementwise,977,1,0,5,1e-12,0.0349862,0,1.68257e-11,1.01727e-12
eigen_elementwise,978,1,0,5,1e-12,0.0349833,0,1.13687e-11,1.06184e-12
eigen_elementwise,979,1,0,5,1e-12,0.034942,0,8.41283e-12,1.07317e-12
eigen_elementwise,980,1,0,5,1e-12,0.0357832,0,9.20863e-12,1.0811e-12
eigen_elementwise,981,1,0,5,1e-12,0.0359577,0,9.20863e-12,1.0356e-12
eigen_elementwise,982,1,0,5,1e-12,0.036163,0,1.18234e-11,1.094e-12
eigen_elementwise,983,1,0,5,1e-12,0.0361258,0,8.52651e-12,1.08724e-12
eigen_elementwise,984,1,0,5,1e-12,0.0363569,0,1.1255e-11,1.05589e-12
eigen_elementwise,985,1,0,5,1e-12,0.0365341,0,1.22782e-11,1.03763e-12
eigen_elementwise,986,1,0,5,1e-12,0.0362269,0,1.19371e-11,1.10314e-12
eigen_elementwise,987,1,0,5,1e-12,0.0361453,0,9.89075e-12,9.83598e-13
eigen_elementwise,988,1,0,5,1e-12,0.0363968,0,1.11413e-11,1.0864e-12
eigen_elementwise,989,1,0,5,1e-12,0.0364211,0,1.40972e-11,1.03989e-12
eigen_elementwise,990,1,0,5,1e-12,0.0366087,0,9.89075e-12,1.04386e-12
eigen_elementwise,991,1,0,5,1e-12,0.0366897,0,1.28466e-11,1.02616e-12
eigen_elementwise,992,1,0,5,1e-12,0.0370535,0,1.03455e-11,1.0429e-12
eigen_elementwise,993,1,0,5,1e-12,0.0366872,0,9.43601e-12,1.03229e-12
eigen_elementwise,994,1,0,5,1e-12,0.036743,0,1.64846e-11,1.06343e-12
eigen_elementwise,995,1,0,5,1e-12,0.0368305,0,8.86757e-12,1.03719e-12
eigen_elementwise,996,1,0,5,1e-12,0.0367397,0,1.35287e-11,1.03302e-12
eigen_elementwise,997,1,0,5,1e-12,0.0371421,0,1.31877e-11,1.07724e-12
eigen_elementwise,998,1,0,5,1e-12,0.0366205,0,1.01181e-11,1.14533e-12
eigen_elementwise,999,1,0,5,1e-12,0.0367488,0,1.08002e-11,1.10664e-12
eigen_elementwise,1000,1,0,5,1e-12,0.0365163,0,1.47793e-11,1.05923e-12
