version, size, hermitian, complex, seed, tol, runtime in s,min_error, max_error, avg_error
eigen_elementwise,1,1,0,1,1e-12,1.886e-06,0,0,0
eigen_elementwise,2,1,0,1,1e-12,2.445e-06,1.13687e-13,1.13687e-13,1.13687e-13
eigen_elementwise,3,1,0,1,1e-12,1.956e-06,0,1.15463e-13,5.74355e-14
eigen_elementwise,4,1,0,1,1e-12,2.375e-06,3.55271e-15,1.02318e-12,5.2669e-13
eigen_elementwise,5,1,0,1,1e-12,2.864e-06,1.04805e-13,3.41061e-13,1.68754e-13
eigen_elementwise,6,1,0,1,1e-12,3.352e-06,2.75335e-14,6.82121e-13,1.94067e-13
eigen_elementwise,7,1,0,1,1e-12,4.191e-06,7.10543e-15,9.09495e-13,3.82678e-13
eigen_elementwise,8,1,0,1,1e-12,5.168e-06,5.68434e-14,6.82121e-13,3.49165e-13
eigen_elementwise,9,1,0,1,1e-12,5.308e-06,0,5.68434e-13,2.43262e-13
eigen_elementwise,10,1,0,1,1e-12,6.774e-06,0,5.68434e-13,2.40252e-13
eigen_elementwise,11,1,0,1,1e-12,7.333e-06,0,4.54747e-13,1.5422e-13
eigen_elementwise,12,1,0,1,1e-12,7.683e-06,0,1.13687e-12,3.40764e-13
eigen_elementwise,13,1,0,1,1e-12,8.661e-06,0,5.68434e-13,2.30107e-13
eigen_elementwise,14,1,0,1,1e-12,1.0546e-05,5.68434e-14,1.59162e-12,4.2677e-13
eigen_elementwise,15,1,0,1,1e-12,1.1873e-05,1.13687e-13,1.36424e-12,4.72096e-13
eigen_elementwise,16,1,0,1,1e-12,1.2362e-05,0,1.25056e-12,4.63352e-13
eigen_elementwise,17,1,0,1,1e-12,1.4318e-05,0,1.25056e-12,4.42626e-13
eigen_elementwise,18,1,0,1,1e-12,1.5505e-05,0,1.36424e-12,3.52212e-13
eigen_elementwise,19,1,0,1,1e-12,1.6343e-05,0,6.82121e-13,2.24616e-13
eigen_elementwise,20,1,0,1,1e-12,1.8229e-05,0,1.59162e-12,4.63851e-13
eigen_elementwise,21,1,0,1,1e-12,2.2489e-05,0,9.09495e-13,2.91957e-13
eigen_elementwise,22,1,0,1,1e-12,2.1721e-05,0,1.02318e-12,3.30281e-13
eigen_elementwise,23,1,0,1,1e-12,2.4305e-05,0,1.47793e-12,3.17543e-13
eigen_elementwise,24,1,0,1,1e-12,2.5841e-05,5.68434e-14,1.25056e-12,4.61927e-13
eigen_elementwise,25,1,0,1,1e-12,3.0521e-05,0,1.81899e-12,3.31859e-13
eigen_elementwise,26,1,0,1,1e-12,3.2826e-05,0,1.3074e-12,3.80414e-13
eigen_elementwise,27,1,0,1,1e-12,3.6178e-05,0,1.13687e-12,3.32771e-13
eigen_elementwise,28,1,0,1,1e-12,3.7994e-05,0,2.04636e-12,4.10941e-13
eigen_elementwise,29,1,0,1,1e-12,3.96e-05,0,2.27374e-12,4.14381e-13
eigen_elementwise,30,1,0,1,1e-12,3.9391e-05,0,1.13687e-12,3.62614e-13
eigen_elementwise,31,1,0,1,1e-12,4.8121e-05,0,1.81899e-12,4.05611e-13
eigen_elementwise,32,1,0,1,1e-12,4.5117e-05,0,1.59162e-12,3.68094e-13
eigen_elementwise,33,1,0,1,1e-12,4.847e-05,0,1.93268e-12,3.26338e-13
eigen_elementwise,34,1,0,1,1e-12,5.1474e-05,0,1.36424e-12,4.36357e-13
eigen_elementwise,35,1,0,1,1e-12,5.3568e-05,0,1.47793e-12,2.87846e-13
eigen_elementwise,36,1,0,1,1e-12,5.9156e-05,0,1.47793e-12,3.44095e-13
eigen_elementwise,37,1,0,1,1e-12,6.7677e-05,0,1.47793e-12,4.54291e-13
eigen_elementwise,38,1,0,1,1e-12,6.0763e-05,0,1.25056e-12,3.40126e-13
eigen_elementwise,39,1,0,1,1e-12,6.628e-05,0,2.38742e-12,4.73672e-13
eigen_elementwise,40,1,0,1,1e-12,7.1169e-05,0,2.38742e-12,4.76463e-13
eigen_elementwise,41,1,0,1,1e-12,7.3054e-05,0,2.04636e-12,4.76843e-13
eigen_elementwise,42,1,0,1,1e-12,7.6197e-05,0,3.52429e-12,4.47557e-13
eigen_elementwise,43,1,0,1,1e-12,8.2902e-05,0,1.93268e-12,4.29589e-13
eigen_elementwise,44,1,0,1,1e-12,8.6394e-05,0,1.42109e-12,3.91444e-13
eigen_elementwise,45,1,0,1,1e-12,8.8768e-05,0,2.27374e-12,5.19328e-13
eigen_elementwise,46,1,0,1,1e-12,9.289e-05,0,2.72848e-12,4.46213e-13
eigen_elementwise,47,1,0,1,1e-12,9.4705e-05,0,1.7053e-12,3.97602e-13
eigen_elementwise,48,1,0,1,1e-12,0.000108883,0,1.81899e-12,3.95961e-13
eigen_elementwise,49,1,0,1,1e-12,0.000109582,0,2.27374e-12,4.98612e-13
eigen_elementwise,50,1,0,1,1e-12,0.000113911,0,1.7053e-12,3.57208e-13
eigen_elementwise,51,1,0,1,1e-12,0.000118311,0,2.38742e-12,4.74618e-13
eigen_elementwise,52,1,0,1,1e-12,0.000123201,0,4.09273e-12,5.61568e-13
eigen_elementwise,53,1,0,1,1e-12,0.000162731,0,3.75167e-12,4.97413e-13
eigen_elementwise,54,1,0,1,1e-12,0.000169645,0,2.6148e-12,4.03365e-13
eigen_elementwise,55,1,0,1,1e-12,0.000181519,0,2.6148e-12,5.10816e-13
eigen_elementwise,56,1,0,1,1e-12,0.000190668,0,2.50111e-12,6.00107e-13
eigen_elementwise,57,1,0,1,1e-12,0.000171531,0,1.36424e-12,3.57702e-13
eigen_elementwise,58,1,0,1,1e-12,0.000143664,0,2.84217e-12,4.90673e-13
eigen_elementwise,59,1,0,1,1e-12,0.000144851,0,2.72848e-12,5.55367e-13
eigen_elementwise,60,1,0,1,1e-12,0.000152604,0,3.18323e-12,5.5637e-13
eigen_elementwise,61,1,0,1,1e-12,0.000147436,0,2.72848e-12,4.73501e-13
eigen_elementwise,62,1,0,1,1e-12,0.000162941,0,3.75167e-12,6.82966e-13
eigen_elementwise,63,1,0,1,1e-12,0.000165106,0,1.7053e-12,4.17387e-13
eigen_elementwise,64,1,0,1,1e-12,0.000173836,0,4.43379e-12,6.27456e-13
eigen_elementwise,65,1,0,1,1e-12,0.00017635,0,2.6148e-12,7.33143e-13
eigen_elementwise,66,1,0,1,1e-12,0.000178026,0,1.59162e-12,3.7613e-13
eigen_elementwise,67,1,0,1,1e-12,0.000184173,0,4.88853e-12,5.74917e-13
eigen_elementwise,68,1,0,1,1e-12,0.000192903,0,2.16005e-12,4.1073e-13
eigen_elementwise,69,1,0,1,1e-12,0.000206242,0,4.54747e-12,5.50812e-13
eigen_elementwise,70,1,0,1,1e-12,0.000201563,0,1.81899e-12,4.15871e-13
eigen_elementwise,71,1,0,1,1e-12,0.000199398,0,3.97904e-12,4.84745e-13
eigen_elementwise,72,1,0,1,1e-12,0.00021623,0,4.09273e-12,4.36663e-13
eigen_elementwise,73,1,0,1,1e-12,0.000228941,0,1.93268e-12,4.98292e-13
eigen_elementwise,74,1,0,1,1e-12,0.000228662,0,1.7053e-12,4.18104e-13
eigen_elementwise,75,1,0,1,1e-12,0.000228102,0,2.27374e-12,5.25873e-13
eigen_elementwise,76,1,0,1,1e-12,0.000237601,0,2.50111e-12,5.31937e-13
eigen_elementwise,77,1,0,1,1e-12,0.000243398,0,2.16005e-12,4.89213e-13
eigen_elementwise,78,1,0,1,1e-12,0.000253245,0,2.38742e-12,4.08323e-13
eigen_elementwise,79,1,0,1,1e-12,0.000263792,0,4.3201e-12,6.35194e-13
eigen_elementwise,80,1,0,1,1e-12,0.00027336,0,3.52429e-12,5.08182e-13
eigen_elementwise,81,1,0,1,1e-12,0.000274966,0,5.22959e-12,5.96373e-13
eigen_elementwise,82,1,0,1,1e-12,0.000294452,0,4.20641e-12,6.2336e-13
eigen_elementwise,83,1,0,1,1e-12,0.000292007,0,3.29692e-12,5.91195e-13
eigen_elementwise,84,1,0,1,1e-12,0.000294173,0,3.63798e-12,5.9288e-13
eigen_elementwise,85,1,0,1,1e-12,0.000300458,0,2.6148e-12,5.48873e-13
eigen_elementwise,86,1,0,1,1e-12,0.000293754,0,2.6148e-12,5.02833e-13
eigen_elementwise,87,1,0,1,1e-12,0.000309818,0,3.06954e-12,5.4427e-13
eigen_elementwise,88,1,0,1,1e-12,0.000322459,0,4.20641e-12,5.30182e-13
eigen_elementwise,89,1,0,1,1e-12,0.000323856,0,4.20641e-12,7.22508e-13
eigen_elementwise,90,1,0,1,1e-12,0.000334332,0,4.20641e-12,5.23177e-13
eigen_elementwise,91,1,0,1,1e-12,0.000342154,0,3.18323e-12,5.71626e-13
eigen_elementwise,92,1,0,1,1e-12,0.000340129,0,3.06954e-12,4.92978e-13
eigen_elementwise,93,1,0,1,1e-12,0.000350185,0,3.18323e-12,5.46325e-13
eigen_elementwise,94,1,0,1,1e-12,0.000357729,0,3.86535e-12,5.78592e-13
eigen_elementwise,95,1,0,1,1e-12,0.000359545,0,3.41061e-12,6.10917e-13
eigen_elementwise,96,1,0,1,1e-12,0.000373582,0,3.18323e-12,5.92859e-13
eigen_elementwise,97,1,0,1,1e-12,0.000380008,0,2.16005e-12,4.58117e-13
eigen_elementwise,98,1,0,1,1e-12,0.000391741,0,3.06954e-12,5.47743e-13
eigen_elementwise,99,1,0,1,1e-12,0.000408084,0,2.38742e-12,5.83201e-13
eigen_elementwise,100,1,0,1,1e-12,0.000406339,0,3.41061e-12,5.8769e-13
eigen_elementwise,101,1,0,1,1e-12,0.000412344,0,3.41061e-12,5.34481e-13
eigen_elementwise,102,1,0,1,1e-12,0.000427919,0,3.52429e-12,6.42301e-13
eigen_elementwise,103,1,0,1,1e-12,0.000420306,0,3.97904e-12,5.56345e-13
eigen_elementwise,104,1,0,1,1e-12,0.000431551,0,3.18323e-12,5.66248e-13
eigen_elementwise,105,1,0,1,1e-12,0.000441399,0,3.41061e-12,6.31258e-13
eigen_elementwise,106,1,0,1,1e-12,0.000448523,0,3.18323e-12,5.79034e-13
eigen_elementwise,107,1,0,1,1e-12,0.000456205,0,2.27374e-12,5.50197e-13
eigen_elementwise,108,1,0,1,1e-12,0.000467868,0,2.6148e-12,5.59947e-13
eigen_elementwise,109,1,0,1,1e-12,0.00047129,0,5.57066e-12,6.22279e-13
eigen_elementwise,110,1,0,1,1e-12,0.000487145,0,4.20641e-12,5.99472e-13
eigen_elementwise,111,1,0,1,1e-12,0.000501602,0,3.29692e-12,4.70727e-13
eigen_elementwise,112,1,0,1,1e-12,0.000503138,0,3.52429e-12,5.87467e-13
eigen_elementwise,113,1,0,1,1e-12,0.000514802,0,3.52429e-12,5.15772e-13
eigen_elementwise,114,1,0,1,1e-12,0.000538967,0,4.3201e-12,7.05627e-13
eigen_elementwise,115,1,0,1,1e-12,0.000529399,0,3.52429e-12,5.47975e-13
eigen_elementwise,116,1,0,1,1e-12,0.000535754,0,4.09273e-12,5.83855e-13
eigen_elementwise,117,1,0,1,1e-12,0.00054246,0,4.09273e-12,6.32459e-13
eigen_elementwise,118,1,0,1,1e-12,0.000560548,0,3.52429e-12,5.55586e-13
eigen_elementwise,119,1,0,1,1e-12,0.000554053,0,3.41061e-12,6.34585e-13
eigen_elementwise,120,1,0,1,1e-12,0.000570117,0,4.43379e-12,5.75628e-13
eigen_elementwise,121,1,0,1,1e-12,0.000573399,0,4.88853e-12,6.95473e-13
eigen_elementwise,122,1,0,1,1e-12,0.000589882,0,3.52429e-12,5.83264e-13
eigen_elementwise,123,1,0,1,1e-12,0.000595539,0,3.97904e-12,5.534e-13
eigen_elementwise,124,1,0,1,1e-12,0.000606714,0,3.63798e-12,5.93618e-13
eigen_elementwise,125,1,0,1,1e-12,0.000620542,0,6.25278e-12,6.80963e-13
eigen_elementwise,126,1,0,1,1e-12,0.000647431,0,3.63798e-12,6.61841e-13
eigen_elementwise,127,1,0,1,1e-12,0.000656441,0,3.97904e-12,6.24166e-13
eigen_elementwise,128,1,0,1,1e-12,0.000652111,0,3.97904e-12,6.10977e-13
eigen_elementwise,129,1,0,1,1e-12,0.000657209,0,5.68434e-12,6.6685e-13
eigen_elementwise,130,1,0,1,1e-12,0.000667056,0,3.97904e-12,6.63654e-13
eigen_elementwise,131,1,0,1,1e-12,0.000666987,0,4.88853e-12,5.69648e-13
eigen_elementwise,132,1,0,1,1e-12,0.000690384,0,3.52429e-12,5.7235e-13
eigen_elementwise,133,1,0,1,1e-12,0.000704143,0,2.6148e-12,4.87283e-13
eigen_elementwise,134,1,0,1,1e-12,0.000717203,0,4.77485e-12,6.39886e-13
eigen_elementwise,135,1,0,1,1e-12,0.00070512,0,3.18323e-12,6.33015e-13
eigen_elementwise,136,1,0,1,1e-12,0.000757362,0,3.41061e-12,5.06536e-13
eigen_elementwise,137,1,0,1,1e-12,0.000746327,0,7.27596e-12,6.47502e-13
eigen_elementwise,138,1,0,1,1e-12,0.000751076,0,4.20641e-12,6.78311e-13
eigen_elementwise,139,1,0,1,1e-12,0.000750447,0,3.52429e-12,6.23425e-13
eigen_elementwise,140,1,0,1,1e-12,0.000780828,0,4.43379e-12,6.18705e-13
eigen_elementwise,141,1,0,1,1e-12,0.00077552,0,4.66116e-12,6.71866e-13
eigen_elementwise,142,1,0,1,1e-12,0.000781946,0,3.06954e-12,5.80931e-13
eigen_elementwise,143,1,0,1,1e-12,0.000792423,0,4.3201e-12,6.95351e-13
eigen_elementwise,144,1,0,1,1e-12,0.000843407,0,7.38964e-12,7.67935e-13
eigen_elementwise,145,1,0,1,1e-12,0.000819731,0,3.29692e-12,5.88513e-13
eigen_elementwise,146,1,0,1,1e-12,0.000818543,0,7.38964e-12,7.01941e-13
eigen_elementwise,147,1,0,1,1e-12,0.000844734,0,4.43379e-12,6.91734e-13
eigen_elementwise,148,1,0,1,1e-12,0.000852486,0,4.20641e-12,7.33407e-13
eigen_elementwise,149,1,0,1,1e-12,0.000899071,0,4.3201e-12,6.45592e-13
eigen_elementwise,150,1,0,1,1e-12,0.000861565,0,4.3201e-12,6.29257e-13
eigen_elementwise,151,1,0,1,1e-12,0.000902493,0,5.91172e-12,6.1249e-13
eigen_elementwise,152,1,0,1,1e-12,0.00096542,0,5.45697e-12,6.91172e-13
eigen_elementwise,153,1,0,1,1e-12,0.000914854,0,6.25278e-12,8.03958e-13
eigen_elementwise,154,1,0,1,1e-12,0.000942302,0,4.3201e-12,6.93027e-13
eigen_elementwise,155,1,0,1,1e-12,0.000909826,0,7.04858e-12,6.16556e-13
eigen_elementwise,156,1,0,1,1e-12,0.000960112,0,3.06954e-12,5.7702e-13
eigen_elementwise,157,1,0,1,1e-12,0.00099189,0,5.57066e-12,7.23328e-13
eigen_elementwise,158,1,0,1,1e-12,0.000945655,0,8.6402e-12,7.30201e-13
eigen_elementwise,159,1,0,1,1e-12,0.00100523,0,4.43379e-12,6.39388e-13
eigen_elementwise,160,1,0,1,1e-12,0.00105461,0,6.82121e-12,6.90481e-13
eigen_elementwise,161,1,0,1,1e-12,0.00100537,0,5.68434e-12,7.19728e-13
eigen_elementwise,162,1,0,1,1e-12,0.00104853,0,5.79803e-12,6.68075e-13
eigen_elementwise,163,1,0,1,1e-12,0.00102499,0,4.09273e-12,6.05215e-13
eigen_elementwise,164,1,0,1,1e-12,0.00106452,0,5.00222e-12,6.64558e-13
eigen_elementwise,165,1,0,1,1e-12,0.00106439,0,7.50333e-12,7.81382e-13
eigen_elementwise,166,1,0,1,1e-12,0.00107542,0,6.48015e-12,6.53945e-13
eigen_elementwise,167,1,0,1,1e-12,0.0011218,0,3.75167e-12,6.11833e-13
eigen_elementwise,168,1,0,1,1e-12,0.0011901,0,6.9349e-12,7.60249e-13
eigen_elementwise,169,1,0,1,1e-12,0.00112368,0,5.68434e-12,6.55749e-13
eigen_elementwise,170,1,0,1,1e-12,0.00117159,0,4.43379e-12,7.48463e-13
eigen_elementwise,171,1,0,1,1e-12,0.00116251,0,3.29692e-12,6.37011e-13
eigen_elementwise,172,1,0,1,1e-12,0.00113618,0,5.45697e-12,7.0872e-13
eigen_elementwise,173,1,0,1,1e-12,0.00118235,0,7.84439e-12,7.52323e-13
eigen_elementwise,174,1,0,1,1e-12,0.00121413,0,6.9349e-12,6.72708e-13
eigen_elementwise,175,1,0,1,1e-12,0.00117194,0,6.48015e-12,7.02087e-13
eigen_elementwise,176,1,0,1,1e-12,0.00129207,0,6.48015e-12,7.05643e-13
eigen_elementwise,177,1,0,1,1e-12,0.00129375,0,5.00222e-12,6.86462e-13
eigen_elementwise,178,1,0,1,1e-12,0.0012054,0,7.84439e-12,7.24155e-13
eigen_elementwise,179,1,0,1,1e-12,0.00133551,0,3.63798e-12,6.58155e-13
eigen_elementwise,180,1,0,1,1e-12,0.00134613,0,5.57066e-12,7.69996e-13
eigen_elementwise,181,1,0,1,1e-12,0.00127999,0,5.11591e-12,6.87058e-13
eigen_elementwise,182,1,0,1,1e-12,0.00135618,0,6.13909e-12,6.5713e-13
eigen_elementwise,183,1,0,1,1e-12,0.00138545,0,4.88853e-12,7.52637e-13
eigen_elementwise,184,1,0,1,1e-12,0.00139334,0,5.34328e-12,7.18874e-13
eigen_elementwise,185,1,0,1,1e-12,0.00133858,0,3.41061e-12,7.05991e-13
eigen_elementwise,186,1,0,1,1e-12,0.001361,0,6.36646e-12,7.53796e-13
eigen_elementwise,187,1,0,1,1e-12,0.00141115,0,4.43379e-12,6.6782e-13
eigen_elementwise,188,1,0,1,1e-12,0.00142644,0,5.22959e-12,6.8986e-13
eigen_elementwise,189,1,0,1,1e-12,0.00139215,0,3.86535e-12,7.21957e-13
eigen_elementwise,190,1,0,1,1e-12,0.00144006,0,6.70752e-12,8.12693e-13
eigen_elementwise,191,1,0,1,1e-12,0.00146898,0,5.45697e-12,7.54249e-13
eigen_elementwise,192,1,0,1,1e-12,0.00152387,0,4.20641e-12,7.05574e-13
eigen_elementwise,193,1,0,1,1e-12,0.00141038,0,3.41061e-12,6.80975e-13
eigen_elementwise,194,1,0,1,1e-12,0.00148511,0,5.68434e-12,6.90733e-13
eigen_elementwise,195,1,0,1,1e-12,0.00152646,0,5.57066e-12,8.18381e-13
eigen_elementwise,196,1,0,1,1e-12,0.00153086,0,4.43379e-12,6.28246e-13
eigen_elementwise,197,1,0,1,1e-12,0.00151347,0,5.00222e-12,7.40326e-13
eigen_elementwise,198,1,0,1,1e-12,0.00154203,0,5.79803e-12,7.1205e-13
eigen_elementwise,199,1,0,1,1e-12,0.00157234,0,5.57066e-12,7.59897e-13
eigen_elementwise,200,1,0,1,1e-12,0.00164686,0,4.43379e-12,6.43721e-13
eigen_elementwise,201,1,0,1,1e-12,0.00156815,0,6.70752e-12,7.23958e-13
eigen_elementwise,202,1,0,1,1e-12,0.00163304,0,5.22959e-12,6.25783e-13
eigen_elementwise,203,1,0,1,1e-12,0.00165252,0,5.11591e-12,7.12354e-13
eigen_elementwise,204,1,0,1,1e-12,0.00163045,0,4.66116e-12,6.91312e-13
eigen_elementwise,205,1,0,1,1e-12,0.00173794,0,4.77485e-12,6.94278e-13
eigen_elementwise,206,1,0,1,1e-12,0.00160433,0,5.00222e-12,6.22272e-13
eigen_elementwise,207,1,0,1,1e-12,0.00172991,0,4.3201e-12,7.52231e-13
eigen_elementwise,208,1,0,1,1e-12,0.00175281,0,5.34328e-12,6.81105e-13
eigen_elementwise,209,1,0,1,1e-12,0.00172558,0,6.13909e-12,7.70794e-13
eigen_elementwise,210,1,0,1,1e-12,0.00175847,0,7.38964e-12,7.61499e-13
eigen_elementwise,211,1,0,1,1e-12,0.00170728,0,6.59384e-12,6.73429e-13
eigen_elementwise,212,1,0,1,1e-12,0.00175931,0,6.0254e-12,7.96072e-13
eigen_elementwise,213,1,0,1,1e-12,0.00181686,0,5.00222e-12,7.96934e-13
eigen_elementwise,214,1,0,1,1e-12,0.00182196,0,6.13909e-12,7.69806e-13
eigen_elementwise,215,1,0,1,1e-12,0.00184172,0,5.91172e-12,7.15975e-13
eigen_elementwise,216,1,0,1,1e-12,0.00188886,0,4.3201e-12,5.76152e-13
eigen_elementwise,217,1,0,1,1e-12,0.00179332,0,4.43379e-12,5.9553e-13
eigen_elementwise,218,1,0,1,1e-12,0.0018888,0,6.82121e-12,7.36903e-13
eigen_elementwise,219,1,0,1,1e-12,0.00189983,0,4.66116e-12,6.75494e-13
eigen_elementwise,220,1,0,1,1e-12,0.00193189,0,5.68434e-12,6.65157e-13
eigen_elementwise,221,1,0,1,1e-12,0.0019233,0,4.66116e-12,7.24307e-13
eigen_elementwise,222,1,0,1,1e-12,0.00200005,0,5.22959e-12,7.27286e-13
eigen_elementwise,223,1,0,1,1e-12,0.00200278,0,3.63798e-12,6.572e-13
eigen_elementwise,224,1,0,1,1e-12,0.00200843,0,4.88853e-12,7.44135e-13
eigen_elementwise,225,1,0,1,1e-12,0.00190821,0,6.36646e-12,7.88975e-13
eigen_elementwise,226,1,0,1,1e-12,0.00200857,0,5.68434e-12,7.12956e-13
eigen_elementwise,227,1,0,1,1e-12,0.00201681,0,8.75389e-12,7.22453e-13
eigen_elementwise,228,1,0,1,1e-12,0.00207143,0,5.11591e-12,8.222e-13
eigen_elementwise,229,1,0,1,1e-12,0.00209539,0,5.11591e-12,8.14782e-13
eigen_elementwise,230,1,0,1,1e-12,0.00211054,0,5.34328e-12,6.6586e-13
eigen_elementwise,231,1,0,1,1e-12,0.0020928,0,6.0254e-12,6.97831e-13
eigen_elementwise,232,1,0,1,1e-12,0.00218834,0,4.88853e-12,7.87519e-13
eigen_elementwise,233,1,0,1,1e-12,0.00216509,0,6.59384e-12,7.18635e-13
eigen_elementwise,234,1,0,1,1e-12,0.00209678,0,5.57066e-12,7.74355e-13
eigen_elementwise,235,1,0,1,1e-12,0.00217675,0,5.57066e-12,7.14409e-13
eigen_elementwise,236,1,0,1,1e-12,0.00218017,0,6.0254e-12,8.75319e-13
eigen_elementwise,237,1,0,1,1e-12,0.00221628,0,4.20641e-12,6.63893e-13
eigen_elementwise,238,1,0,1,1e-12,0.00225574,0,5.68434e-12,7.47775e-13
eigen_elementwise,239,1,0,1,1e-12,0.00225951,0,7.50333e-12,8.02259e-13
eigen_elementwise,240,1,0,1,1e-12,0.00234311,0,4.66116e-12,6.9403e-13
eigen_elementwise,241,1,0,1,1e-12,0.00231657,0,5.34328e-12,7.86119e-13
eigen_elementwise,242,1,0,1,1e-12,0.00232782,0,5.57066e-12,7.71372e-13
eigen_elementwise,243,1,0,1,1e-12,0.0023332,0,5.57066e-12,7.39904e-13
eigen_elementwise,244,1,0,1,1e-12,0.00237412,0,4.88853e-12,8.01585e-13
eigen_elementwise,245,1,0,1,1e-12,0.00234263,0,4.77485e-12,7.44928e-13
eigen_elementwise,246,1,0,1,1e-12,0.00241191,0,5.45697e-12,7.36545e-13
eigen_elementwise,247,1,0,1,1e-12,0.00242092,0,4.77485e-12,7.33172e-13
eigen_elementwise,248,1,0,1,1e-12,0.00245744,0,6.82121e-12,7.30745e-13
eigen_elementwise,249,1,0,1,1e-12,0.0024432,0,5.79803e-12,6.00854e-13
eigen_elementwise,250,1,0,1,1e-12,0.00248161,0,7.38964e-12,7.13602e-13
eigen_elementwise,251,1,0,1,1e-12,0.00250214,0,4.20641e-12,6.71548e-13
eigen_elementwise,252,1,0,1,1e-12,0.00252596,0,8.07177e-12,7.94733e-13
eigen_elementwise,253,1,0,1,1e-12,0.00255907,0,5.11591e-12,7.18361e-13
eigen_elementwise,254,1,0,1,1e-12,0.0025766,0,7.04858e-12,8.49071e-13
eigen_elementwise,255,1,0,1,1e-12,0.00259629,0,5.34328e-12,7.16959e-13
eigen_elementwise,256,1,0,1,1e-12,0.00262576,0,5.79803e-12,7.37573e-13
eigen_elementwise,257,1,0,1,1e-12,0.00263938,0,5.68434e-12,7.94733e-13
eigen_elementwise,258,1,0,1,1e-12,0.00251451,0,6.0254e-12,7.25339e-13
eigen_elementwise,259,1,0,1,1e-12,0.00268024,0,6.59384e-12,7.67986e-13
eigen_elementwise,260,1,0,1,1e-12,0.00276014,0,7.16227e-12,8.03672e-13
eigen_elementwise,261,1,0,1,1e-12,0.00269239,0,6.13909e-12,8.04149e-13
eigen_elementwise,262,1,0,1,1e-12,0.00274128,0,8.98126e-12,7.93876e-13
eigen_elementwise,263,1,0,1,1e-12,0.0027454,0,4.88853e-12,7.21677e-13
eigen_elementwise,264,1,0,1,1e-12,0.00276419,0,6.13909e-12,7.61956e-13
eigen_elementwise,265,1,0,1,1e-12,0.0027792,0,5.34328e-12,7.38827e-13
eigen_elementwise,266,1,0,1,1e-12,0.00280079,0,8.41283e-12,8.49319e-13
eigen_elementwise,267,1,0,1,1e-12,0.00285952,0,5.79803e-12,7.26789e-13
eigen_elementwise,268,1,0,1,1e-12,0.00287747,0,6.70752e-12,7.45569e-13
eigen_elementwise,269,1,0,1,1e-12,0.00290003,0,7.04858e-12,7.44587e-13
eigen_elementwise,270,1,0,1,1e-12,0.00294592,0,8.86757e-12,7.35747e-13
eigen_elementwise,271,1,0,1,1e-12,0.00288774,0,5.79803e-12,7.08838e-13
eigen_elementwise,272,1,0,1,1e-12,0.00292489,0,6.82121e-12,7.45685e-13
eigen_elementwise,273,1,0,1,1e-12,0.00296701,0,4.88853e-12,7.09323e-13
eigen_elementwise,274,1,0,1,1e-12,0.00299292,0,5.22959e-12,7.8336e-13
eigen_elementwise,275,1,0,1,1e-12,0.0029691,0,5.68434e-12,7.66256e-13
eigen_elementwise,276,1,0,1,1e-12,0.00301876,0,5.45697e-12,7.08979e-13
eigen_elementwise,277,1,0,1,1e-12,0.00304551,0,7.84439e-12,7.77188e-13
eigen_elementwise,278,1,0,1,1e-12,0.00307834,0,5.57066e-12,7.73316e-13
eigen_elementwise,279,1,0,1,1e-12,0.00313847,0,6.13909e-12,8.10907e-13
eigen_elementwise,280,1,0,1,1e-12,0.00315167,0,5.22959e-12,8.05762e-13
eigen_elementwise,281,1,0,1,1e-12,0.00313512,0,4.88853e-12,8.01181e-13
eigen_elementwise,282,1,0,1,1e-12,0.00317465,0,5.79803e-12,8.26072e-13
eigen_elementwise,283,1,0,1,1e-12,0.00326391,0,7.04858e-12,7.68632e-13
eigen_elementwise,284,1,0,1,1e-12,0.00324959,0,7.27596e-12,7.80618e-13
eigen_elementwise,285,1,0,1,1e-12,0.00325189,0,5.22959e-12,7.72793e-13
eigen_elementwise,286,1,0,1,1e-12,0.00327564,0,7.61702e-12,8.17071e-13
eigen_elementwise,287,1,0,1,1e-12,0.00335847,0,4.66116e-12,7.28712e-13
eigen_elementwise,288,1,0,1,1e-12,0.00331796,0,7.04858e-12,8.45756e-13
eigen_elementwise,289,1,0,1,1e-12,0.0033063,0,6.48015e-12,7.52339e-13
eigen_elementwise,290,1,0,1,1e-12,0.00334429,0,4.66116e-12,7.04742e-13
eigen_elementwise,291,1,0,1,1e-12,0.00334122,0,7.7307e-12,9.0814e-13
eigen_elementwise,292,1,0,1,1e-12,0.00337216,0,7.61702e-12,7.8609e-13
eigen_elementwise,293,1,0,1,1e-12,0.00341378,0,5.11591e-12,7.59517e-13
eigen_elementwise,294,1,0,1,1e-12,0.00337977,0,4.66116e-12,7.14624e-13
eigen_elementwise,295,1,0,1,1e-12,0.00345283,0,5.00222e-12,7.31531e-13
eigen_elementwise,296,1,0,1,1e-12,0.00343076,0,6.25278e-12,7.98046e-13
eigen_elementwise,297,1,0,1,1e-12,0.00348761,0,5.68434e-12,8.13829e-13
eigen_elementwise,298,1,0,1,1e-12,0.00351387,0,6.36646e-12,8.37639e-13
eigen_elementwise,299,1,0,1,1e-12,0.00358064,0,6.82121e-12,7.57967e-13
eigen_elementwise,300,1,0,1,1e-12,0.00368952,0,7.61702e-12,8.20603e-13
eigen_elementwise,301,1,0,1,1e-12,0.00365621,0,5.57066e-12,7.43801e-13
eigen_elementwise,302,1,0,1,1e-12,0.00363183,0,4.66116e-12,6.9842e-13
eigen_elementwise,303,1,0,1,1e-12,0.00363735,0,5.57066e-12,8.26539e-13
eigen_elementwise,304,1,0,1,1e-12,0.0036085,0,5.22959e-12,8.16008e-13
eigen_elementwise,305,1,0,1,1e-12,0.00365327,0,5.34328e-12,7.86612e-13
eigen_elementwise,306,1,0,1,1e-12,0.00369476,0,5.34328e-12,7.7239e-13
eigen_elementwise,307,1,0,1,1e-12,0.00373184,0,5.45697e-12,6.98044e-13
eigen_elementwise,308,1,0,1,1e-12,0.00375573,0,6.59384e-12,8.02815e-13
eigen_elementwise,309,1,0,1,1e-12,0.00381251,0,8.6402e-12,8.07165e-13
eigen_elementwise,310,1,0,1,1e-12,0.00376579,0,1.23919e-11,8.64347e-13
eigen_elementwise,311,1,0,1,1e-12,0.0037977,0,5.57066e-12,7.89221e-13
eigen_elementwise,312,1,0,1,1e-12,0.00385567,0,7.27596e-12,7.32546e-13
eigen_elementwise,313,1,0,1,1e-12,0.00383891,0,6.59384e-12,8.81575e-13
eigen_elementwise,314,1,0,1,1e-12,0.00391713,0,5.34328e-12,7.36509e-13
eigen_elementwise,315,1,0,1,1e-12,0.00389939,0,5.34328e-12,7.639e-13
eigen_elementwise,316,1,0,1,1e-12,0.0039186,0,7.50333e-12,7.03058e-13
eigen_elementwise,317,1,0,1,1e-12,0.00396232,0,6.13909e-12,7.78405e-13
eigen_elementwise,318,1,0,1,1e-12,0.00402064,0,4.66116e-12,7.47049e-13
eigen_elementwise,319,1,0,1,1e-12,0.00406366,0,5.57066e-12,7.96356e-13
eigen_elementwise,320,1,0,1,1e-12,0.00402092,0,9.43601e-12,7.60626e-13
eigen_elementwise,321,1,0,1,1e-12,0.00408427,0,7.16227e-12,7.55813e-13
eigen_elementwise,322,1,0,1,1e-12,0.00412114,0,8.86757e-12,8.18393e-13
eigen_elementwise,323,1,0,1,1e-12,0.00410494,0,6.0254e-12,9.6372e-13
eigen_elementwise,324,1,0,1,1e-12,0.00419636,0,5.22959e-12,7.92791e-13
eigen_elementwise,325,1,0,1,1e-12,0.00416591,0,5.34328e-12,7.85896e-13
eigen_elementwise,326,1,0,1,1e-12,0.004168,0,7.27596e-12,9.11456e-13
eigen_elementwise,327,1,0,1,1e-12,0.00422967,0,5.79803e-12,8.31247e-13
eigen_elementwise,328,1,0,1,1e-12,0.00424448,0,7.04858e-12,8.55568e-13
eigen_elementwise,329,1,0,1,1e-12,0.00428171,0,7.61702e-12,8.70614e-13
eigen_elementwise,330,1,0,1,1e-12,0.00428185,0,5.79803e-12,8.69332e-13
eigen_elementwise,331,1,0,1,1e-12,0.0043403,0,9.09495e-12,8.5604e-13
eigen_elementwise,332,1,0,1,1e-12,0.00439534,0,5.22959e-12,8.29141e-13
eigen_elementwise,333,1,0,1,1e-12,0.00439206,0,7.61702e-12,7.74555e-13
eigen_elementwise,334,1,0,1,1e-12,0.0043996,0,7.84439e-12,8.93855e-13
eigen_elementwise,335,1,0,1,1e-12,0.00445394,0,6.25278e-12,7.59187e-13
eigen_elementwise,336,1,0,1,1e-12,0.0044656,0,5.22959e-12,8.56807e-13
eigen_elementwise,337,1,0,1,1e-12,0.00444011,0,7.04858e-12,8.52469e-13
eigen_elementwise,338,1,0,1,1e-12,0.00450932,0,7.27596e-12,7.90973e-13
eigen_elementwise,339,1,0,1,1e-12,0.00450834,0,7.16227e-12,8.70662e-13
eigen_elementwise,340,1,0,1,1e-12,0.00457274,0,5.45697e-12,7.89368e-13
eigen_elementwise,341,1,0,1,1e-12,0.00458566,0,6.48015e-12,8.7843e-13
eigen_elementwise,342,1,0,1,1e-12,0.00465676,0,5.00222e-12,7.51587e-13
eigen_elementwise,343,1,0,1,1e-12,0.00468099,0,7.84439e-12,8.50523e-13
eigen_elementwise,344,1,0,1,1e-12,0.00468958,0,6.59384e-12,8.37641e-13
eigen_elementwise,345,1,0,1,1e-12,0.00467003,0,8.6402e-12,7.89499e-13
eigen_elementwise,346,1,0,1,1e-12,0.00476271,0,5.11591e-12,8.25885e-13
eigen_elementwise,347,1,0,1,1e-12,0.00480266,0,6.82121e-12,8.27894e-13
eigen_elementwise,348,1,0,1,1e-12,0.00477891,0,6.9349e-12,8.68527e-13
eigen_elementwise,349,1,0,1,1e-12,0.00484288,0,7.50333e-12,8.78972e-13
eigen_elementwise,350,1,0,1,1e-12,0.00488905,0,6.59384e-12,8.48698e-13
eigen_elementwise,351,1,0,1,1e-12,0.00490854,0,5.91172e-12,8.86459e-13
eigen_elementwise,352,1,0,1,1e-12,0.00498026,0,5.79803e-12,8.88397e-13
eigen_elementwise,353,1,0,1,1e-12,0.00492872,0,8.07177e-12,7.90031e-13
eigen_elementwise,354,1,0,1,1e-12,0.0049524,0,5.79803e-12,7.93003e-13
eigen_elementwise,355,1,0,1,1e-12,0.00503118,0,5.79803e-12,7.97246e-13
eigen_elementwise,356,1,0,1,1e-12,0.00505772,0,7.27596e-12,7.92243e-13
eigen_elementwise,357,1,0,1,1e-12,0.00504298,0,6.70752e-12,7.77442e-13
eigen_elementwise,358,1,0,1,1e-12,0.00509019,0,4.66116e-12,7.79405e-13
eigen_elementwise,359,1,0,1,1e-12,0.0051337,0,5.34328e-12,8.29525e-13
eigen_elementwise,360,1,0,1,1e-12,0.0051249,0,5.91172e-12,8.24154e-13
eigen_elementwise,361,1,0,1,1e-12,0.00515277,0,1.01181e-11,8.38771e-13
eigen_elementwise,362,1,0,1,1e-12,0.00524671,0,5.45697e-12,7.93145e-13
eigen_elementwise,363,1,0,1,1e-12,0.00522548,0,9.09495e-12,9.52016e-13
eigen_elementwise,364,1,0,1,1e-12,0.00530838,0,5.45697e-12,8.23049e-13
eigen_elementwise,365,1,0,1,1e-12,0.00541076,0,6.9349e-12,7.80438e-13
eigen_elementwise,366,1,0,1,1e-12,0.00532954,0,6.48015e-12,7.76133e-13
eigen_elementwise,367,1,0,1,1e-12,0.00533401,0,7.61702e-12,8.89956e-13
eigen_elementwise,368,1,0,1,1e-12,0.00538842,0,8.07177e-12,9.24503e-13
eigen_elementwise,369,1,0,1,1e-12,0.0054079,0,5.11591e-12,8.27333e-13
eigen_elementwise,370,1,0,1,1e-12,0.00540762,0,7.50333e-12,8.51061e-13
eigen_elementwise,371,1,0,1,1e-12,0.0054607,0,6.0254e-12,8.38896e-13
eigen_elementwise,372,1,0,1,1e-12,0.00545351,0,6.13909e-12,8.37759e-13
eigen_elementwise,373,1,0,1,1e-12,0.00559605,0,9.32232e-12,8.22315e-13
eigen_elementwise,374,1,0,1,1e-12,0.00559445,0,5.91172e-12,8.26151e-13
eigen_elementwise,375,1,0,1,1e-12,0.00553669,0,4.88853e-12,7.7029e-13
eigen_elementwise,376,1,0,1,1e-12,0.00566394,0,5.22959e-12,7.89183e-13
eigen_elementwise,377,1,0,1,1e-12,0.00566981,0,7.27596e-12,7.99447e-13
eigen_elementwise,378,1,0,1,1e-12,0.00566674,0,7.95808e-12,7.76033e-13
eigen_elementwise,379,1,0,1,1e-12,0.00575753,0,5.34328e-12,8.10591e-13
eigen_elementwise,380,1,0,1,1e-12,0.00569781,0,1.3415e-11,8.00511e-13
eigen_elementwise,381,1,0,1,1e-12,0.0057152,0,7.84439e-12,8.03732e-13
eigen_elementwise,382,1,0,1,1e-12,0.00582199,0,9.20863e-12,8.57796e-13
eigen_elementwise,383,1,0,1,1e-12,0.00589777,0,6.59384e-12,8.1272e-13
eigen_elementwise,384,1,0,1,1e-12,0.00582409,0,7.50333e-12,8.30564e-13
eigen_elementwise,385,1,0,1,1e-12,0.0058926,0,6.25278e-12,7.40155e-13
eigen_elementwise,386,1,0,1,1e-12,0.00589044,0,1.11413e-11,8.64231e-13
eigen_elementwise,387,1,0,1,1e-12,0.0058523,0,7.16227e-12,7.61876e-13
eigen_elementwise,388,1,0,1,1e-12,0.00605673,0,5.45697e-12,7.96563e-13
eigen_elementwise,389,1,0,1,1e-12,0.00595001,0,6.13909e-12,8.17198e-13
eigen_elementwise,390,1,0,1,1e-12,0.00603131,0,8.29914e-12,8.58469e-13
eigen_elementwise,391,1,0,1,1e-12,0.00604604,0,6.59384e-12,7.81948e-13
eigen_elementwise,392,1,0,1,1e-12,0.0059952,0,6.13909e-12,8.95083e-13
eigen_elementwise,393,1,0,1,1e-12,0.00603899,0,5.45697e-12,8.46862e-13
eigen_elementwise,394,1,0,1,1e-12,0.00605408,0,8.86757e-12,7.82136e-13
eigen_elementwise,395,1,0,1,1e-12,0.0061726,0,6.0254e-12,8.0816e-13
eigen_elementwise,396,1,0,1,1e-12,0.00626982,0,7.61702e-12,8.37534e-13
eigen_elementwise,397,1,0,1,1e-12,0.00624397,0,8.18545e-12,8.83462e-13
eigen_elementwise,398,1,0,1,1e-12,0.006202,0,7.95808e-12,9.02956e-13
eigen_elementwise,399,1,0,1,1e-12,0.00624914,0,6.59384e-12,8.21704e-13
eigen_elementwise,400,1,0,1,1e-12,0.00630502,0,7.50333e-12,8.31538e-13
eigen_elementwise,401,1,0,1,1e-12,0.00638268,0,5.68434e-12,8.16276e-13
eigen_elementwise,402,1,0,1,1e-12,0.00641369,0,7.61702e-12,8.37395e-13
eigen_elementwise,403,1,0,1,1e-12,0.00635195,0,7.16227e-12,9.14427e-13
eigen_elementwise,404,1,0,1,1e-12,0.00644693,0,6.48015e-12,7.96797e-13
eigen_elementwise,405,1,0,1,1e-12,0.00634413,0,6.13909e-12,7.77358e-13
eigen_elementwise,406,1,0,1,1e-12,0.00651748,0,7.50333e-12,9.68363e-13
eigen_elementwise,407,1,0,1,1e-12,0.00658557,0,5.79803e-12,8.50016e-13
eigen_elementwise,408,1,0,1,1e-12,0.00658075,0,5.34328e-12,8.22587e-13
eigen_elementwise,409,1,0,1,1e-12,0.00656678,0,5.68434e-12,7.72002e-13
eigen_elementwise,410,1,0,1,1e-12,0.00663048,0,5.34328e-12,8.30589e-13
eigen_elementwise,411,1,0,1,1e-12,0.0066742,0,7.7307e-12,9.07469e-13
eigen_elementwise,412,1,0,1,1e-12,0.00679391,0,7.84439e-12,8.85145e-13
eigen_elementwise,413,1,0,1,1e-12,0.00684552,0,9.09495e-12,8.51078e-13
eigen_elementwise,414,1,0,1,1e-12,0.00669851,0,7.04858e-12,8.10054e-13
eigen_elementwise,415,1,0,1,1e-12,0.0066948,0,6.9349e-12,8.4857e-13
eigen_elementwise,416,1,0,1,1e-12,0.00686361,0,8.07177e-12,9.03683e-13
eigen_elementwise,417,1,0,1,1e-12,0.00678315,0,6.13909e-12,9.05367e-13
eigen_elementwise,418,1,0,1,1e-12,0.00693638,0,8.6402e-12,8.4377e-13
eigen_elementwise,419,1,0,1,1e-12,0.0068583,0,6.0254e-12,8.94228e-13
eigen_elementwise,420,1,0,1,1e-12,0.00701258,0,5.57066e-12,8.68473e-13
eigen_elementwise,421,1,0,1,1e-12,0.00707292,0,7.50333e-12,8.58383e-13
eigen_elementwise,422,1,0,1,1e-12,0.00709451,0,6.70752e-12,9.13631e-13
eigen_elementwise,423,1,0,1,1e-12,0.00705483,0,6.59384e-12,7.62223e-13
eigen_elementwise,424,1,0,1,1e-12,0.00707237,0,8.29914e-12,8.82064e-13
eigen_elementwise,425,1,0,1,1e-12,0.0070503,0,8.41283e-12,8.96805e-13
eigen_elementwise,426,1,0,1,1e-12,0.00716658,0,6.48015e-12,8.37853e-13
eigen_elementwise,427,1,0,1,1e-12,0.00712957,0,6.82121e-12,9.24826e-13
eigen_elementwise,428,1,0,1,1e-12,0.0072256,0,6.0254e-12,8.07557e-13
eigen_elementwise,429,1,0,1,1e-12,0.00733078,0,6.70752e-12,8.81632e-13
eigen_elementwise,430,1,0,1,1e-12,0.00729013,0,6.0254e-12,8.09055e-13
eigen_elementwise,431,1,0,1,1e-12,0.00738819,0,6.48015e-12,8.63188e-13
eigen_elementwise,432,1,0,1,1e-12,0.00736437,0,8.98126e-12,8.31568e-13
eigen_elementwise,433,1,0,1,1e-12,0.00737597,0,7.95808e-12,8.42815e-13
eigen_elementwise,434,1,0,1,1e-12,0.00753199,0,6.9349e-12,8.24158e-13
eigen_elementwise,435,1,0,1,1e-12,0.00753095,0,7.16227e-12,8.68895e-13
eigen_elementwise,436,1,0,1,1e-12,0.00748855,0,1.02318e-11,8.61791e-13
eigen_elementwise,437,1,0,1,1e-12,0.00763194,0,6.48015e-12,8.42315e-13
eigen_elementwise,438,1,0,1,1e-12,0.00768313,0,8.86757e-12,7.99221e-13
eigen_elementwise,439,1,0,1,1e-12,0.00764611,0,7.7307e-12,9.37583e-13
eigen_elementwise,440,1,0,1,1e-12,0.00771777,0,8.98126e-12,9.1186e-13
eigen_elementwise,441,1,0,1,1e-12,0.00771638,0,8.07177e-12,9.15589e-13
eigen_elementwise,442,1,0,1,1e-12,0.00773453,0,6.0254e-12,8.82954e-13
eigen_elementwise,443,1,0,1,1e-12,0.00780207,0,7.04858e-12,9.39617e-13
eigen_elementwise,444,1,0,1,1e-12,0.00782903,0,7.95808e-12,9.54462e-13
eigen_elementwise,445,1,0,1,1e-12,0.00784768,0,6.70752e-12,7.92561e-13
eigen_elementwise,446,1,0,1,1e-12,0.00793526,0,6.36646e-12,8.43859e-13
eigen_elementwise,447,1,0,1,1e-12,0.00793561,0,7.95808e-12,8.47236e-13
eigen_elementwise,448,1,0,1,1e-12,0.00790488,0,5.68434e-12,8.56504e-13
eigen_elementwise,449,1,0,1,1e-12,0.00795244,0,6.0254e-12,8.80381e-13
eigen_elementwise,450,1,0,1,1e-12,0.00811992,0,5.45697e-12,8.72918e-13
eigen_elementwise,451,1,0,1,1e-12,0.00807215,0,8.98126e-12,8.2443e-13
eigen_elementwise,452,1,0,1,1e-12,0.00814332,0,5.22959e-12,8.03407e-13
eigen_elementwise,453,1,0,1,1e-12,0.00815512,0,7.16227e-12,9.72287e-13
eigen_elementwise,454,1,0,1,1e-12,0.00825667,0,6.25278e-12,8.25941e-13
eigen_elementwise,455,1,0,1,1e-12,0.00824326,0,7.16227e-12,8.50095e-13
eigen_elementwise,456,1,0,1,1e-12,0.00827113,0,6.82121e-12,8.63521e-13
eigen_elementwise,457,1,0,1,1e-12,0.00838965,0,9.43601e-12,9.39137e-13
eigen_elementwise,458,1,0,1,1e-12,0.00829767,0,6.59384e-12,9.64313e-13
eigen_elementwise,459,1,0,1,1e-12,0.00833971,0,6.13909e-12,9.04028e-13
eigen_elementwise,460,1,0,1,1e-12,0.00835089,0,6.70752e-12,9.35722e-13
eigen_elementwise,461,1,0,1,1e-12,0.00838762,0,7.84439e-12,7.925e-13
eigen_elementwise,462,1,0,1,1e-12,0.00855594,0,8.98126e-12,8.57577e-13
eigen_elementwise,463,1,0,1,1e-12,0.00849525,0,1.18234e-11,9.93544e-13
eigen_elementwise,464,1,0,1,1e-12,0.00853562,0,5.91172e-12,9.03573e-13
eigen_elementwise,465,1,0,1,1e-12,0.00858667,0,5.34328e-12,8.04706e-13
eigen_elementwise,466,1,0,1,1e-12,0.00859631,0,9.09495e-12,9.26235e-13
eigen_elementwise,467,1,0,1,1e-12,0.00874151,0,5.34328e-12,8.69346e-13
eigen_elementwise,468,1,0,1,1e-12,0.00870373,0,6.82121e-12,9.15152e-13
eigen_elementwise,469,1,0,1,1e-12,0.00866811,0,5.22959e-12,8.60556e-13
eigen_elementwise,470,1,0,1,1e-12,0.00865134,0,9.54969e-12,8.63828e-13
eigen_elementwise,471,1,0,1,1e-12,0.00877769,0,6.25278e-12,8.80943e-13
eigen_elementwise,472,1,0,1,1e-12,0.00879599,0,6.59384e-12,8.74862e-13
eigen_elementwise,473,1,0,1,1e-12,0.00884962,0,7.7307e-12,8.76592e-13
eigen_elementwise,474,1,0,1,1e-12,0.00880625,0,6.0254e-12,9.32971e-13
eigen_elementwise,475,1,0,1,1e-12,0.00886646,0,7.61702e-12,8.15189e-13
eigen_elementwise,476,1,0,1,1e-12,0.00892512,0,7.84439e-12,7.98751e-13
eigen_elementwise,477,1,0,1,1e-12,0.00893399,0,5.57066e-12,8.04011e-13
eigen_elementwise,478,1,0,1,1e-12,0.0090229,0,7.04858e-12,7.94661e-13
eigen_elementwise,479,1,0,1,1e-12,0.00910559,0,6.25278e-12,8.80986e-13
eigen_elementwise,480,1,0,1,1e-12,0.00913723,0,7.04858e-12,9.13158e-13
eigen_elementwise,481,1,0,1,1e-12,0.00911523,0,5.68434e-12,9.44438e-13
eigen_elementwise,482,1,0,1,1e-12,0.00903736,0,7.95808e-12,9.75515e-13
eigen_elementwise,483,1,0,1,1e-12,0.00919883,0,6.82121e-12,9.14125e-13
eigen_elementwise,484,1,0,1,1e-12,0.00918612,0,6.59384e-12,8.7452e-13
eigen_elementwise,485,1,0,1,1e-12,0.00943846,0,8.07177e-12,9.41882e-13
eigen_elementwise,486,1,0,1,1e-12,0.00942854,0,9.89075e-12,8.66147e-13
eigen_elementwise,487,1,0,1,1e-12,0.0093242,0,9.20863e-12,8.08363e-13
eigen_elementwise,488,1,0,1,1e-12,0.00952269,0,7.61702e-12,8.80414e-13
eigen_elementwise,489,1,0,1,1e-12,0.00949517,0,7.84439e-12,9.12519e-13
eigen_elementwise,490,1,0,1,1e-12,0.00952995,0,6.48015e-12,9.38931e-13
eigen_elementwise,491,1,0,1,1e-12,0.00951165,0,7.84439e-12,9.67585e-13
eigen_elementwise,492,1,0,1,1e-12,0.00964959,0,6.36646e-12,8.31224e-13
eigen_elementwise,493,1,0,1,1e-12,0.00968116,0,6.70752e-12,8.68392e-13
eigen_elementwise,494,1,0,1,1e-12,0.00960538,0,8.86757e-12,9.24081e-13
eigen_elementwise,495,1,0,1,1e-12,0.00977132,0,5.68434e-12,8.49813e-13
eigen_elementwise,496,1,0,1,1e-12,0.0097841,0,1.22782e-11,9.43954e-13
eigen_elementwise,497,1,0,1,1e-12,0.00984843,0,6.13909e-12,8.76142e-13
eigen_elementwise,498,1,0,1,1e-12,0.00971866,0,7.61702e-12,9.04092e-13
eigen_elementwise,499,1,0,1,1e-12,0.00980555,0,7.04858e-12,8.39744e-13
eigen_elementwise,500,1,0,1,1e-12,0.00982699,0,7.84439e-12,8.5691e-13
eigen_elementwise,501,1,0,1,1e-12,0.00996311,0,8.18545e-12,1.01444e-12
eigen_elementwise,502,1,0,1,1e-12,0.00993692,0,8.07177e-12,9.50477e-13
eigen_elementwise,503,1,0,1,1e-12,0.00990612,0,1.44382e-11,9.00548e-13
eigen_elementwise,504,1,0,1,1e-12,0.0100512,0,9.89075e-12,9.29268e-13
eigen_elementwise,505,1,0,1,1e-12,0.0101656,0,6.9349e-12,9.04152e-13
eigen_elementwise,506,1,0,1,1e-12,0.0101211,0,8.41283e-12,9.21636e-13
eigen_elementwise,507,1,0,1,1e-12,0.0101752,0,6.70752e-12,8.61338e-13
eigen_elementwise,508,1,0,1,1e-12,0.0102288,0,7.84439e-12,8.98761e-13
eigen_elementwise,509,1,0,1,1e-12,0.0103586,0,1.22782e-11,9.32092e-13
eigen_elementwise,510,1,0,1,1e-12,0.0104778,0,7.04858e-12,8.8374e-13
eigen_elementwise,511,1,0,1,1e-12,0.0114391,0,6.48015e-12,9.69853e-13
eigen_elementwise,512,1,0,1,1e-12,0.0116132,0,7.7307e-12,9.91164e-13
eigen_elementwise,513,1,0,1,1e-12,0.0108896,0,1.05729e-11,8.82721e-13
eigen_elementwise,514,1,0,1,1e-12,0.0105322,0,8.29914e-12,8.83998e-13
eigen_elementwise,515,1,0,1,1e-12,0.0105094,0,9.20863e-12,8.64285e-13
eigen_elementwise,516,1,0,1,1e-12,0.0106052,0,7.61702e-12,9.22621e-13
eigen_elementwise,517,1,0,1,1e-12,0.0106301,0,7.38964e-12,8.98023e-13
eigen_elementwise,518,1,0,1,1e-12,0.0107523,0,1.43245e-11,8.74852e-13
eigen_elementwise,519,1,0,1,1e-12,0.0106144,0,6.9349e-12,8.94638e-13
eigen_elementwise,520,1,0,1,1e-12,0.0107344,0,6.9349e-12,8.66544e-13
eigen_elementwise,521,1,0,1,1e-12,0.0107381,0,1.04592e-11,9.36182e-13
eigen_elementwise,522,1,0,1,1e-12,0.0109875,0,6.13909e-12,9.56604e-13
eigen_elementwise,523,1,0,1,1e-12,0.0109172,0,1.13687e-11,9.92848e-13
eigen_elementwise,524,1,0,1,1e-12,0.0109866,0,7.50333e-12,9.27215e-13
eigen_elementwise,525,1,0,1,1e-12,0.0109814,0,7.04858e-12,8.56639e-13
eigen_elementwise,526,1,0,1,1e-12,0.0110447,0,7.27596e-12,9.26457e-13
eigen_elementwise,527,1,0,1,1e-12,0.0110075,0,6.59384e-12,8.53294e-13
eigen_elementwise,528,1,0,1,1e-12,0.0111411,0,6.25278e-12,8.7198e-13
eigen_elementwise,529,1,0,1,1e-12,0.011103,0,7.7307e-12,9.95232e-13
eigen_elementwise,530,1,0,1,1e-12,0.0111228,0,9.54969e-12,8.78449e-13
eigen_elementwise,531,1,0,1,1e-12,0.0112872,0,7.7307e-12,8.88487e-13
eigen_elementwise,532,1,0,1,1e-12,0.0112865,0,7.84439e-12,9.05999e-13
eigen_elementwise,533,1,0,1,1e-12,0.0111513,0,6.70752e-12,8.19587e-13
eigen_elementwise,534,1,0,1,1e-12,0.0112635,0,7.38964e-12,9.01866e-13
eigen_elementwise,535,1,0,1,1e-12,0.0114721,0,5.79803e-12,9.28205e-13
eigen_elementwise,536,1,0,1,1e-12,0.0114293,0,9.32232e-12,8.64332e-13
eigen_elementwise,537,1,0,1,1e-12,0.0114317,0,8.18545e-12,9.78298e-13
eigen_elementwise,538,1,0,1,1e-12,0.0114119,0,7.38964e-12,8.92199e-13
eigen_elementwise,539,1,0,1,1e-12,0.0115359,0,7.50333e-12,9.12048e-13
eigen_elementwise,540,1,0,1,1e-12,0.011691,0,7.84439e-12,9.14074e-13
eigen_elementwise,541,1,0,1,1e-12,0.0115248,0,7.38964e-12,9.33535e-13
eigen_elementwise,542,1,0,1,1e-12,0.0116795,0,8.52651e-12,9.31571e-13
eigen_elementwise,543,1,0,1,1e-12,0.011639,0,1.33014e-11,9.12984e-13
eigen_elementwise,544,1,0,1,1e-12,0.0117472,0,1.05729e-11,9.3583e-13
eigen_elementwise,545,1,0,1,1e-12,0.0117646,0,6.48015e-12,8.9583e-13
eigen_elementwise,546,1,0,1,1e-12,0.0118201,0,6.25278e-12,7.87517e-13
eigen_elementwise,547,1,0,1,1e-12,0.0119185,0,8.41283e-12,9.05888e-13
eigen_elementwise,548,1,0,1,1e-12,0.0117874,0,6.70752e-12,8.33627e-13
eigen_elementwise,549,1,0,1,1e-12,0.0119984,0,7.84439e-12,8.53093e-13
eigen_elementwise,550,1,0,1,1e-12,0.0120769,0,6.9349e-12,8.96449e-13
eigen_elementwise,551,1,0,1,1e-12,0.0120592,0,9.54969e-12,9.78271e-13
eigen_elementwise,552,1,0,1,1e-12,0.0120612,0,1.15961e-11,8.89634e-13
eigen_elementwise,553,1,0,1,1e-12,0.0121428,0,8.41283e-12,1.00527e-12
eigen_elementwise,554,1,0,1,1e-12,0.0121965,0,1.00044e-11,9.00471e-13
eigen_elementwise,555,1,0,1,1e-12,0.0117596,0,4.77485e-12,8.80051e-13
eigen_elementwise,556,1,0,1,1e-12,0.0119599,0,9.43601e-12,9.39751e-13
eigen_elementwise,557,1,0,1,1e-12,0.0118094,0,1.08002e-11,9.28327e-13
eigen_elementwise,558,1,0,1,1e-12,0.011951,0,9.54969e-12,9.4914e-13
eigen_elementwise,559,1,0,1,1e-12,0.0119119,0,8.41283e-12,9.3456e-13
eigen_elementwise,560,1,0,1,1e-12,0.012009,0,7.61702e-12,9.26793e-13
eigen_elementwise,561,1,0,1,1e-12,0.0119701,0,8.75389e-12,8.80175e-13
eigen_elementwise,562,1,0,1,1e-12,0.0119775,0,6.9349e-12,9.35234e-13
eigen_elementwise,563,1,0,1,1e-12,0.011981,0,8.41283e-12,9.63026e-13
eigen_elementwise,564,1,0,1,1e-12,0.0121395,0,1.03455e-11,9.5296e-13
eigen_elementwise,565,1,0,1,1e-12,0.0121292,0,7.27596e-12,9.56913e-13
eigen_elementwise,566,1,0,1,1e-12,0.0121827,0,9.09495e-12,9.08731e-13
eigen_elementwise,567,1,0,1,1e-12,0.012237,0,6.70752e-12,9.12898e-13
eigen_elementwise,568,1,0,1,1e-12,0.0121448,0,8.07177e-12,9.81884e-13
eigen_elementwise,569,1,0,1,1e-12,0.012291,0,1.01181e-11,8.90353e-13
eigen_elementwise,570,1,0,1,1e-12,0.0122654,0,9.32232e-12,9.36898e-13
eigen_elementwise,571,1,0,1,1e-12,0.012308,0,8.29914e-12,9.91113e-13
eigen_elementwise,572,1,0,1,1e-12,0.0124125,0,7.50333e-12,1.03591e-12
eigen_elementwise,573,1,0,1,1e-12,0.0125602,0,9.09495e-12,9.16652e-13
eigen_elementwise,574,1,0,1,1e-12,0.0125827,0,5.91172e-12,8.91409e-13
eigen_elementwise,575,1,0,1,1e-12,0.0124808,0,7.7307e-12,9.89022e-13
eigen_elementwise,576,1,0,1,1e-12,0.0125328,0,9.09495e-12,9.38642e-13
eigen_elementwise,577,1,0,1,1e-12,0.0125878,0,9.43601e-12,9.54724e-13
eigen_elementwise,578,1,0,1,1e-12,0.0127351,0,6.25278e-12,8.41326e-13
eigen_elementwise,579,1,0,1,1e-12,0.0127444,0,5.68434e-12,8.60859e-13
eigen_elementwise,580,1,0,1,1e-12,0.0128386,0,7.38964e-12,9.17055e-13
eigen_elementwise,581,1,0,1,1e-12,0.0129984,0,7.61702e-12,8.9662e-13
eigen_elementwise,582,1,0,1,1e-12,0.0129872,0,7.7307e-12,9.66252e-13
eigen_elementwise,583,1,0,1,1e-12,0.0128601,0,8.98126e-12,8.65868e-13
eigen_elementwise,584,1,0,1,1e-12,0.0131051,0,6.82121e-12,9.48175e-13
eigen_elementwise,585,1,0,1,1e-12,0.0128758,0,7.50333e-12,9.52431e-13
eigen_elementwise,586,1,0,1,1e-12,0.0131748,0,1.25056e-11,9.44186e-13
eigen_elementwise,587,1,0,1,1e-12,0.0131037,0,6.36646e-12,9.00431e-13
eigen_elementwise,588,1,0,1,1e-12,0.0131191,0,7.7307e-12,9.60913e-13
eigen_elementwise,589,1,0,1,1e-12,0.0130007,0,9.43601e-12,9.23128e-13
eigen_elementwise,590,1,0,1,1e-12,0.0132772,0,7.7307e-12,9.63053e-13
eigen_elementwise,591,1,0,1,1e-12,0.0131041,0,7.27596e-12,9.73922e-13
eigen_elementwise,592,1,0,1,1e-12,0.0134134,0,8.75389e-12,9.25069e-13
eigen_elementwise,593,1,0,1,1e-12,0.0134071,0,8.86757e-12,8.94895e-13
eigen_elementwise,594,1,0,1,1e-12,0.013448,0,8.07177e-12,9.76531e-13
eigen_elementwise,595,1,0,1,1e-12,0.0134682,0,8.52651e-12,8.95854e-13
eigen_elementwise,596,1,0,1,1e-12,0.0134493,0,5.91172e-12,8.92733e-13
eigen_elementwise,597,1,0,1,1e-12,0.0135473,0,7.04858e-12,1.0142e-12
eigen_elementwise,598,1,0,1,1e-12,0.0136845,0,9.43601e-12,1.01498e-12
eigen_elementwise,599,1,0,1,1e-12,0.013616,0,8.52651e-12,9.66053e-13
eigen_elementwise,600,1,0,1,1e-12,0.0136871,0,1.39835e-11,1.02656e-12
eigen_elementwise,601,1,0,1,1e-12,0.013651,0,1.3074e-11,9.30436e-13
eigen_elementwise,602,1,0,1,1e-12,0.0138747,0,1.05729e-11,9.38916e-13
eigen_elementwise,603,1,0,1,1e-12,0.0138808,0,8.52651e-12,8.99158e-13
eigen_elementwise,604,1,0,1,1e-12,0.0137534,0,9.20863e-12,8.77047e-13
eigen_elementwise,605,1,0,1,1e-12,0.0139118,0,1.4893e-11,9.85484e-13
eigen_elementwise,606,1,0,1,1e-12,0.0138908,0,8.18545e-12,1.05471e-12
eigen_elementwise,607,1,0,1,1e-12,0.0141092,0,7.50333e-12,9.07169e-13
eigen_elementwise,608,1,0,1,1e-12,0.014059,0,9.43601e-12,9.47849e-13
eigen_elementwise,609,1,0,1,1e-12,0.0144735,0,8.41283e-12,9.39591e-13
eigen_elementwise,610,1,0,1,1e-12,0.0147952,0,1.65983e-11,9.26184e-13
eigen_elementwise,611,1,0,1,1e-12,0.01488,0,1.04592e-11,9.63043e-13
eigen_elementwise,612,1,0,1,1e-12,0.0148376,0,8.75389e-12,9.1966e-13
eigen_elementwise,613,1,0,1,1e-12,0.0148823,0,1.27329e-11,9.21381e-13
eigen_elementwise,614,1,0,1,1e-12,0.0150469,0,8.07177e-12,9.66137e-13
eigen_elementwise,615,1,0,1,1e-12,0.0148337,0,8.86757e-12,8.9435e-13
eigen_elementwise,616,1,0,1,1e-12,0.0151514,0,1.03455e-11,9.06163e-13
eigen_elementwise,617,1,0,1,1e-12,0.015017,0,8.18545e-12,9.73053e-13
eigen_elementwise,618,1,0,1,1e-12,0.015117,0,9.77707e-12,9.5192e-13
eigen_elementwise,619,1,0,1,1e-12,0.0151895,0,1.21645e-11,9.67475e-13
eigen_elementwise,620,1,0,1,1e-12,0.0152745,0,7.38964e-12,9.62005e-13
eigen_elementwise,621,1,0,1,1e-12,0.0154265,0,8.6402e-12,1.01847e-12
eigen_elementwise,622,1,0,1,1e-12,0.0154257,0,7.84439e-12,9.42437e-13
eigen_elementwise,623,1,0,1,1e-12,0.0154575,0,1.13687e-11,9.8522e-13
eigen_elementwise,624,1,0,1,1e-12,0.0154395,0,8.52651e-12,9.55345e-13
eigen_elementwise,625,1,0,1,1e-12,0.0155736,0,7.84439e-12,8.97865e-13
eigen_elementwise,626,1,0,1,1e-12,0.0154866,0,1.01181e-11,9.73131e-13
eigen_elementwise,627,1,0,1,1e-12,0.0156092,0,7.50333e-12,8.86923e-13
eigen_elementwise,628,1,0,1,1e-12,0.0157086,0,1.05729e-11,9.52858e-13
eigen_elementwise,629,1,0,1,1e-12,0.0157793,0,8.52651e-12,9.34873e-13
eigen_elementwise,630,1,0,1,1e-12,0.0158959,0,8.6402e-12,9.24898e-13
eigen_elementwise,631,1,0,1,1e-12,0.0156786,0,8.29914e-12,9.34827e-13
eigen_elementwise,632,1,0,1,1e-12,0.0159732,0,7.27596e-12,8.91558e-13
eigen_elementwise,633,1,0,1,1e-12,0.0159063,0,1.03455e-11,9.53643e-13
eigen_elementwise,634,1,0,1,1e-12,0.0159153,0,7.95808e-12,9.61797e-13
eigen_elementwise,635,1,0,1,1e-12,0.0160073,0,7.38964e-12,9.61027e-13
eigen_elementwise,636,1,0,1,1e-12,0.0161474,0,9.20863e-12,1.0255e-12
eigen_elementwise,637,1,0,1,1e-12,0.0160647,0,1.01181e-11,8.99311e-13
eigen_elementwise,638,1,0,1,1e-12,0.016028,0,1.06866e-11,9.91067e-13
eigen_elementwise,639,1,0,1,1e-12,0.0161677,0,9.66338e-12,9.8578e-13
eigen_elementwise,640,1,0,1,1e-12,0.0164339,0,9.09495e-12,9.92398e-13
eigen_elementwise,641,1,0,1,1e-12,0.0163846,0,1.17097e-11,9.24269e-13
eigen_elementwise,642,1,0,1,1e-12,0.0162813,0,1.1255e-11,8.77597e-13
eigen_elementwise,643,1,0,1,1e-12,0.0162976,0,8.41283e-12,8.56823e-13
eigen_elementwise,644,1,0,1,1e-12,0.0166483,0,6.59384e-12,9.92617e-13
eigen_elementwise,645,1,0,1,1e-12,0.0164158,0,9.54969e-12,9.67809e-13
eigen_elementwise,646,1,0,1,1e-12,0.0164035,0,7.7307e-12,8.65188e-13
eigen_elementwise,647,1,0,1,1e-12,0.0166531,0,7.50333e-12,9.56914e-13
eigen_elementwise,648,1,0,1,1e-12,0.0167987,0,1.47793e-11,9.89817e-13
eigen_elementwise,649,1,0,1,1e-12,0.0164278,0,8.6402e-12,8.67467e-13
eigen_elementwise,650,1,0,1,1e-12,0.0169203,0,1.06866e-11,9.73152e-13
eigen_elementwise,651,1,0,1,1e-12,0.0168793,0,1.09139e-11,1.00298e-12
eigen_elementwise,652,1,0,1,1e-12,0.0169047,0,1.00044e-11,9.4954e-13
eigen_elementwise,653,1,0,1,1e-12,0.0169186,0,8.18545e-12,8.15014e-13
eigen_elementwise,654,1,0,1,1e-12,0.0171112,0,6.59384e-12,9.18243e-13
eigen_elementwise,655,1,0,1,1e-12,0.0170085,0,9.32232e-12,1.03823e-12
eigen_elementwise,656,1,0,1,1e-12,0.0168794,0,6.9349e-12,9.49322e-13
eigen_elementwise,657,1,0,1,1e-12,0.0171923,0,7.16227e-12,1.01316e-12
eigen_elementwise,658,1,0,1,1e-12,0.0171069,0,8.41283e-12,9.9131e-13
eigen_elementwise,659,1,0,1,1e-12,0.017172,0,7.95808e-12,9.28097e-13
eigen_elementwise,660,1,0,1,1e-12,0.0175316,0,7.95808e-12,9.11266e-13
eigen_elementwise,661,1,0,1,1e-12,0.0172161,0,6.59384e-12,8.45866e-13
eigen_elementwise,662,1,0,1,1e-12,0.0171622,0,8.6402e-12,9.43848e-13
eigen_elementwise,663,1,0,1,1e-12,0.0168685,0,7.7307e-12,9.44379e-13
eigen_elementwise,664,1,0,1,1e-12,0.0170378,0,6.13909e-12,9.22376e-13
eigen_elementwise,665,1,0,1,1e-12,0.0168822,0,5.57066e-12,8.89033e-13
eigen_elementwise,666,1,0,1,1e-12,0.0171914,0,7.16227e-12,9.68265e-13
eigen_elementwise,667,1,0,1,1e-12,0.0169838,0,7.50333e-12,9.52164e-13
eigen_elementwise,668,1,0,1,1e-12,0.0171258,0,9.77707e-12,9.07033e-13
eigen_elementwise,669,1,0,1,1e-12,0.0170897,0,8.98126e-12,9.53746e-13
eigen_elementwise,670,1,0,1,1e-12,0.0172008,0,8.86757e-12,9.67621e-13
eigen_elementwise,671,1,0,1,1e-12,0.0172097,0,1.06866e-11,9.9818e-13
eigen_elementwise,672,1,0,1,1e-12,0.0173354,0,8.75389e-12,1.01091e-12
eigen_elementwise,673,1,0,1,1e-12,0.0173058,0,9.20863e-12,9.555e-13
eigen_elementwise,674,1,0,1,1e-12,0.0173977,0,8.41283e-12,9.64781e-13
eigen_elementwise,675,1,0,1,1e-12,0.017337,0,7.38964e-12,9.401e-13
eigen_elementwise,676,1,0,1,1e-12,0.0174036,0,8.6402e-12,9.11156e-13
eigen_elementwise,677,1,0,1,1e-12,0.0176251,0,8.41283e-12,9.51878e-13
eigen_elementwise,678,1,0,1,1e-12,0.0176175,0,9.89075e-12,9.85013e-13
eigen_elementwise,679,1,0,1,1e-12,0.0177442,0,9.20863e-12,9.22498e-13
eigen_elementwise,680,1,0,1,1e-12,0.0174146,0,7.84439e-12,9.09302e-13
eigen_elementwise,681,1,0,1,1e-12,0.0178095,0,8.52651e-12,9.61334e-13
eigen_elementwise,682,1,0,1,1e-12,0.0177978,0,7.50333e-12,8.98106e-13
eigen_elementwise,683,1,0,1,1e-12,0.0178581,0,6.9349e-12,9.54118e-13
eigen_elementwise,684,1,0,1,1e-12,0.0179229,0,7.27596e-12,9.37388e-13
eigen_elementwise,685,1,0,1,1e-12,0.0179701,0,9.43601e-12,1.04301e-12
eigen_elementwise,686,1,0,1,1e-12,0.0180107,0,7.61702e-12,9.58479e-13
eigen_elementwise,687,1,0,1,1e-12,0.0180929,0,9.66338e-12,9.65542e-13
eigen_elementwise,688,1,0,1,1e-12,0.0182733,0,8.07177e-12,9.00706e-13
eigen_elementwise,689,1,0,1,1e-12,0.018067,0,7.16227e-12,1.01293e-12
eigen_elementwise,690,1,0,1,1e-12,0.0181665,0,8.52651e-12,9.62213e-13
eigen_elementwise,691,1,0,1,1e-12,0.0182523,0,1.22782e-11,9.32004e-13
eigen_elementwise,692,1,0,1,1e-12,0.0184,0,9.43601e-12,1.01921e-12
eigen_elementwise,693,1,0,1,1e-12,0.0183414,0,8.98126e-12,9.26317e-13
eigen_elementwise,694,1,0,1,1e-12,0.018589,0,1.04592e-11,9.84226e-13
eigen_elementwise,695,1,0,1,1e-12,0.0185561,0,6.82121e-12,9.09537e-13
eigen_elementwise,696,1,0,1,1e-12,0.0184299,0,1.3415e-11,1.07874e-12
eigen_elementwise,697,1,0,1,1e-12,0.0186341,0,8.86757e-12,9.44604e-13
eigen_elementwise,698,1,0,1,1e-12,0.0186212,0,7.95808e-12,9.57562e-13
eigen_elementwise,699,1,0,1,1e-12,0.0185248,0,9.54969e-12,9.91778e-13
eigen_elementwise,700,1,0,1,1e-12,0.0188599,0,8.86757e-12,9.54331e-13
eigen_elementwise,701,1,0,1,1e-12,0.018905,0,6.48015e-12,9.63409e-13
eigen_elementwise,702,1,0,1,1e-12,0.0189062,0,6.82121e-12,9.39811e-13
eigen_elementwise,703,1,0,1,1e-12,0.0188789,0,1.00044e-11,9.721e-13
eigen_elementwise,704,1,0,1,1e-12,0.0190786,0,7.16227e-12,9.26858e-13
eigen_elementwise,705,1,0,1,1e-12,0.0190987,0,1.44382e-11,8.94473e-13
eigen_elementwise,706,1,0,1,1e-12,0.0191555,0,7.7307e-12,9.72621e-13
eigen_elementwise,707,1,0,1,1e-12,0.0190092,0,9.20863e-12,9.73635e-13
eigen_elementwise,708,1,0,1,1e-12,0.0192366,0,8.41283e-12,9.06183e-13
eigen_elementwise,709,1,0,1,1e-12,0.0191035,0,8.6402e-12,9.81409e-13
eigen_elementwise,710,1,0,1,1e-12,0.0192962,0,9.32232e-12,9.45208e-13
eigen_elementwise,711,1,0,1,1e-12,0.0194306,0,7.04858e-12,1.04111e-12
eigen_elementwise,712,1,0,1,1e-12,0.019415,0,1.01181e-11,1.00821e-12
eigen_elementwise,713,1,0,1,1e-12,0.0193648,0,8.6402e-12,9.24593e-13
eigen_elementwise,714,1,0,1,1e-12,0.0196217,0,7.95808e-12,9.20897e-13
eigen_elementwise,715,1,0,1,1e-12,0.019364,0,1.02318e-11,9.47603e-13
eigen_elementwise,716,1,0,1,1e-12,0.0196275,0,7.04858e-12,9.86488e-13
eigen_elementwise,717,1,0,1,1e-12,0.0196304,0,1.10276e-11,9.54679e-13
eigen_elementwise,718,1,0,1,1e-12,0.0198679,0,8.75389e-12,9.6697e-13
eigen_elementwise,719,1,0,1,1e-12,0.0195969,0,8.86757e-12,1.03733e-12
eigen_elementwise,720,1,0,1,1e-12,0.0198905,0,7.38964e-12,9.44168e-13
eigen_elementwise,721,1,0,1,1e-12,0.0198212,0,9.09495e-12,9.06548e-13
eigen_elementwise,722,1,0,1,1e-12,0.0198539,0,8.86757e-12,9.79821e-13
eigen_elementwise,723,1,0,1,1e-12,0.0200148,0,1.5234e-11,9.41992e-13
eigen_elementwise,724,1,0,1,1e-12,0.0200718,0,8.52651e-12,9.56742e-13
eigen_elementwise,725,1,0,1,1e-12,0.020224,0,8.07177e-12,9.8928e-13
eigen_elementwise,726,1,0,1,1e-12,0.0203279,0,1.19371e-11,1.01903e-12
eigen_elementwise,727,1,0,1,1e-12,0.0203104,0,1.13687e-11,9.93442e-13
eigen_elementwise,728,1,0,1,1e-12,0.0203852,0,7.50333e-12,8.95068e-13
eigen_elementwise,729,1,0,1,1e-12,0.0205021,0,8.75389e-12,9.5217e-13
eigen_elementwise,730,1,0,1,1e-12,0.0205385,0,7.7307e-12,9.85814e-13
eigen_elementwise,731,1,0,1,1e-12,0.0204073,0,7.38964e-12,9.30854e-13
eigen_elementwise,732,1,0,1,1e-12,0.0205702,0,7.04858e-12,9.8025e-13
eigen_elementwise,733,1,0,1,1e-12,0.0204222,0,1.3415e-11,9.46604e-13
eigen_elementwise,734,1,0,1,1e-12,0.0206707,0,9.43601e-12,9.68181e-13
eigen_elementwise,735,1,0,1,1e-12,0.0206678,0,7.27596e-12,9.98685e-13
eigen_elementwise,736,1,0,1,1e-12,0.0207628,0,7.84439e-12,9.95264e-13
eigen_elementwise,737,1,0,1,1e-12,0.0208468,0,8.75389e-12,9.58826e-13
eigen_elementwise,738,1,0,1,1e-12,0.0208402,0,1.19371e-11,9.81941e-13
eigen_elementwise,739,1,0,1,1e-12,0.020826,0,9.20863e-12,9.6036e-13
eigen_elementwise,740,1,0,1,1e-12,0.021019,0,8.52651e-12,9.83544e-13
eigen_elementwise,741,1,0,1,1e-12,0.0211429,0,8.52651e-12,9.83558e-13
eigen_elementwise,742,1,0,1,1e-12,0.0211322,0,7.38964e-12,8.97441e-13
eigen_elementwise,743,1,0,1,1e-12,0.0210184,0,9.09495e-12,1.04664e-12
eigen_elementwise,744,1,0,1,1e-12,0.0211873,0,7.95808e-12,9.8574e-13
eigen_elementwise,745,1,0,1,1e-12,0.02129,0,7.04858e-12,9.99336e-13
eigen_elementwise,746,1,0,1,1e-12,0.0214502,0,6.82121e-12,9.75812e-13
eigen_elementwise,747,1,0,1,1e-12,0.0213821,0,1.10276e-11,9.69499e-13
eigen_elementwise,748,1,0,1,1e-12,0.0215241,0,7.84439e-12,9.56696e-13
eigen_elementwise,749,1,0,1,1e-12,0.021698,0,7.38964e-12,9.29676e-13
eigen_elementwise,750,1,0,1,1e-12,0.0216307,0,1.03455e-11,1.00829e-12
eigen_elementwise,751,1,0,1,1e-12,0.0216944,0,8.6402e-12,1.01015e-12
eigen_elementwise,752,1,0,1,1e-12,0.0217422,0,8.41283e-12,9.34814e-13
eigen_elementwise,753,1,0,1,1e-12,0.0216746,0,1.11413e-11,9.48549e-13
eigen_elementwise,754,1,0,1,1e-12,0.0218125,0,8.6402e-12,9.55592e-13
eigen_elementwise,755,1,0,1,1e-12,0.0217311,0,9.09495e-12,1.12815e-12
eigen_elementwise,756,1,0,1,1e-12,0.0212663,0,9.54969e-12,9.85523e-13
eigen_elementwise,757,1,0,1,1e-12,0.0214388,0,1.09139e-11,9.97892e-13
eigen_elementwise,758,1,0,1,1e-12,0.0214611,0,8.41283e-12,1.07536e-12
eigen_elementwise,759,1,0,1,1e-12,0.0213945,0,9.43601e-12,1.02939e-12
eigen_elementwise,760,1,0,1,1e-12,0.0215409,0,8.52651e-12,1.01734e-12
eigen_elementwise,761,1,0,1,1e-12,0.0214736,0,8.52651e-12,9.72639e-13
eigen_elementwise,762,1,0,1,1e-12,0.0217116,0,8.07177e-12,1.00329e-12
eigen_elementwise,763,1,0,1,1e-12,0.0216072,0,1.5234e-11,1.06971e-12
eigen_elementwise,764,1,0,1,1e-12,0.0217526,0,8.6402e-12,1.00448e-12
eigen_elementwise,765,1,0,1,1e-12,0.0217255,0,6.9349e-12,9.66696e-13
eigen_elementwise,766,1,0,1,1e-12,0.0219484,0,1.3074e-11,9.69267e-13
eigen_elementwise,767,1,0,1,1e-12,0.0228469,0,1.21645e-11,9.424e-13
eigen_elementwise,768,1,0,1,1e-12,0.0219671,0,1.14824e-11,9.77066e-13
eigen_elementwise,769,1,0,1,1e-12,0.0220678,0,1.09139e-11,1.04511e-12
eigen_elementwise,770,1,0,1,1e-12,0.0219939,0,1.11413e-11,1.02714e-12
eigen_elementwise,771,1,0,1,1e-12,0.0222209,0,9.09495e-12,1.0046e-12
eigen_elementwise,772,1,0,1,1e-12,0.0223374,0,7.38964e-12,9.63368e-13
eigen_elementwise,773,1,0,1,1e-12,0.0221885,0,9.77707e-12,9.83701e-13
eigen_elementwise,774,1,0,1,1e-12,0.0221446,0,1.08002e-11,1.04499e-12
eigen_elementwise,775,1,0,1,1e-12,0.0223675,0,8.18545e-12,9.98014e-13
eigen_elementwise,776,1,0,1,1e-12,0.0224047,0,9.32232e-12,1.0239e-12
eigen_elementwise,777,1,0,1,1e-12,0.0224662,0,9.89075e-12,9.76557e-13
eigen_elementwise,778,1,0,1,1e-12,0.0226528,0,1.1255e-11,1.10775e-12
eigen_elementwise,779,1,0,1,1e-12,0.0225756,0,8.41283e-12,9.9832e-13
eigen_elementwise,780,1,0,1,1e-12,0.0228445,0,7.16227e-12,9.36037e-13
eigen_elementwise,781,1,0,1,1e-12,0.0227556,0,9.43601e-12,1.05827e-12
eigen_elementwise,782,1,0,1,1e-12,0.0227678,0,9.54969e-12,1.05621e-12
eigen_elementwise,783,1,0,1,1e-12,0.0229183,0,7.16227e-12,9.36567e-13
eigen_elementwise,784,1,0,1,1e-12,0.0230478,0,9.66338e-12,1.0152e-12
eigen_elementwise,785,1,0,1,1e-12,0.0227483,0,8.86757e-12,1.0226e-12
eigen_elementwise,786,1,0,1,1e-12,0.0229669,0,1.22782e-11,9.53136e-13
eigen_elementwise,787,1,0,1,1e-12,0.0228415,0,1.05729e-11,9.89192e-13
eigen_elementwise,788,1,0,1,1e-12,0.023084,0,6.48015e-12,9.31752e-13
eigen_elementwise,789,1,0,1,1e-12,0.0230699,0,1.26192e-11,9.84061e-13
eigen_elementwise,790,1,0,1,1e-12,0.0233633,0,8.18545e-12,1.0067e-12
eigen_elementwise,791,1,0,1,1e-12,0.023175,0,9.09495e-12,9.15374e-13
eigen_elementwise,792,1,0,1,1e-12,0.0235265,0,9.54969e-12,1.00327e-12
eigen_elementwise,793,1,0,1,1e-12,0.0234654,0,7.7307e-12,9.1797e-13
eigen_elementwise,794,1,0,1,1e-12,0.0234354,0,1.04592e-11,9.95623e-13
eigen_elementwise,795,1,0,1,1e-12,0.0235506,0,1.20508e-11,1.04717e-12
eigen_elementwise,796,1,0,1,1e-12,0.0241269,0,9.43601e-12,9.98148e-13
eigen_elementwise,797,1,0,1,1e-12,0.0242827,0,1.26192e-11,1.02693e-12
eigen_elementwise,798,1,0,1,1e-12,0.0243669,0,1.23919e-11,1.06125e-12
eigen_elementwise,799,1,0,1,1e-12,0.024426,0,6.48015e-12,1.02289e-12
eigen_elementwise,800,1,0,1,1e-12,0.0244312,0,8.6402e-12,1.08813e-12
eigen_elementwise,801,1,0,1,1e-12,0.0246402,0,6.82121e-12,9.82535e-13
eigen_elementwise,802,1,0,1,1e-12,0.0247062,0,1.1255e-11,1.00613e-12
eigen_elementwise,803,1,0,1,1e-12,0.0245814,0,9.54969e-12,1.03127e-12
eigen_elementwise,804,1,0,1,1e-12,0.0249137,0,1.21645e-11,1.03809e-12
eigen_elementwise,805,1,0,1,1e-12,0.0247915,0,9.54969e-12,9.70549e-13
eigen_elementwise,806,1,0,1,1e-12,0.025029,0,1.09139e-11,1.01106e-12
eigen_elementwise,807,1,0,1,1e-12,0.0248752,0,1.00044e-11,9.77699e-13
eigen_elementwise,808,1,0,1,1e-12,0.0251455,0,1.43245e-11,1.19209e-12
eigen_elementwise,809,1,0,1,1e-12,0.0251184,0,1.1255e-11,1.00766e-12
eigen_elementwise,810,1,0,1,1e-12,0.0253577,0,9.32232e-12,1.01125e-12
eigen_elementwise,811,1,0,1,1e-12,0.0254491,0,9.77707e-12,9.97967e-13
eigen_elementwise,812,1,0,1,1e-12,0.0252207,0,1.59162e-11,9.76233e-13
eigen_elementwise,813,1,0,1,1e-12,0.0256631,0,1.22782e-11,1.0042e-12
eigen_elementwise,814,1,0,1,1e-12,0.0254146,0,1.25056e-11,9.42161e-13
eigen_elementwise,815,1,0,1,1e-12,0.0255803,0,1.14824e-11,1.00727e-12
eigen_elementwise,816,1,0,1,1e-12,0.0254875,0,8.98126e-12,9.89162e-13
eigen_elementwise,817,1,0,1,1e-12,0.0256782,0,1.23919e-11,9.91758e-13
eigen_elementwise,818,1,0,1,1e-12,0.0260624,0,8.07177e-12,8.96016e-13
eigen_elementwise,819,1,0,1,1e-12,0.0257365,0,9.09495e-12,9.4867e-13
eigen_elementwise,820,1,0,1,1e-12,0.0257587,0,1.11413e-11,9.2433e-13
eigen_elementwise,821,1,0,1,1e-12,0.0258484,0,1.18234e-11,9.70666e-13
eigen_elementwise,822,1,0,1,1e-12,0.0260248,0,1.10276e-11,1.05062e-12
eigen_elementwise,823,1,0,1,1e-12,0.0259514,0,9.43601e-12,1.00895e-12
eigen_elementwise,824,1,0,1,1e-12,0.0261209,0,8.86757e-12,9.81129e-13
eigen_elementwise,825,1,0,1,1e-12,0.0262513,0,1.51203e-11,1.06272e-12
eigen_elementwise,826,1,0,1,1e-12,0.02638,0,9.54969e-12,9.57092e-13
eigen_elementwise,827,1,0,1,1e-12,0.0262381,0,7.38964e-12,9.40632e-13
eigen_elementwise,828,1,0,1,1e-12,0.0266136,0,1.14824e-11,1.03908e-12
eigen_elementwise,829,1,0,1,1e-12,0.0265197,0,1.09139e-11,1.06717e-12
eigen_elementwise,830,1,0,1,1e-12,0.0268112,0,1.14824e-11,9.87095e-13
eigen_elementwise,831,1,0,1,1e-12,0.0267875,0,7.16227e-12,1.03852e-12
eigen_elementwise,832,1,0,1,1e-12,0.0266664,0,1.00044e-11,9.89386e-13
eigen_elementwise,833,1,0,1,1e-12,0.0262766,0,8.07177e-12,9.96777e-13
eigen_elementwise,834,1,0,1,1e-12,0.0268129,0,1.42109e-11,9.63203e-13
eigen_elementwise,835,1,0,1,1e-12,0.0266491,0,1.3074e-11,1.09687e-12
eigen_elementwise,836,1,0,1,1e-12,0.0268678,0,1.04592e-11,1.0139e-12
eigen_elementwise,837,1,0,1,1e-12,0.0268185,0,1.18234e-11,1.03042e-12
eigen_elementwise,838,1,0,1,1e-12,0.0265376,0,9.32232e-12,1.01304e-12
eigen_elementwise,839,1,0,1,1e-12,0.0265582,0,8.41283e-12,9.97047e-13
eigen_elementwise,840,1,0,1,1e-12,0.0267224,0,1.00044e-11,9.87178e-13
eigen_elementwise,841,1,0,1,1e-12,0.0264815,0,1.19371e-11,1.00909e-12
eigen_elementwise,842,1,0,1,1e-12,0.0268224,0,1.3074e-11,1.1006e-12
eigen_elementwise,843,1,0,1,1e-12,0.0265854,0,9.20863e-12,9.95001e-13
eigen_elementwise,844,1,0,1,1e-12,0.0268998,0,1.25056e-11,9.78144e-13
eigen_elementwise,845,1,0,1,1e-12,0.0265218,0,1.22782e-11,9.70735e-13
eigen_elementwise,846,1,0,1,1e-12,0.0268251,0,8.18545e-12,9.79283e-13
eigen_elementwise,847,1,0,1,1e-12,0.0271183,0,6.70752e-12,9.54705e-13
eigen_elementwise,848,1,0,1,1e-12,0.0265753,0,8.07177e-12,1.01545e-12
eigen_elementwise,849,1,0,1,1e-12,0.0269519,0,1.40972e-11,1.09352e-12
eigen_elementwise,850,1,0,1,1e-12,0.026942,0,1.03455e-11,9.31757e-13
eigen_elementwise,851,1,0,1,1e-12,0.0271887,0,8.07177e-12,1.05407e-12
eigen_elementwise,852,1,0,1,1e-12,0.0273784,0,8.41283e-12,9.31756e-13
eigen_elementwise,853,1,0,1,1e-12,0.0271846,0,8.52651e-12,1.03316e-12
eigen_elementwise,854,1,0,1,1e-12,0.0274218,0,1.08002e-11,1.02026e-12
eigen_elementwise,855,1,0,1,1e-12,0.0274859,0,8.86757e-12,1.00915e-12
eigen_elementwise,856,1,0,1,1e-12,0.0273714,0,9.09495e-12,9.96252e-13
eigen_elementwise,857,1,0,1,1e-12,0.0273158,0,1.08002e-11,9.5335e-13
eigen_elementwise,858,1,0,1,1e-12,0.0279451,0,1.01181e-11,9.88424e-13
eigen_elementwise,859,1,0,1,1e-12,0.0277975,0,7.38964e-12,1.01786e-12
eigen_elementwise,860,1,0,1,1e-12,0.0277558,0,9.43601e-12,1.06534e-12
eigen_elementwise,861,1,0,1,1e-12,0.0279591,0,8.07177e-12,9.42679e-13
eigen_elementwise,862,1,0,1,1e-12,0.027747,0,1.26192e-11,1.05196e-12
eigen_elementwise,863,1,0,1,1e-12,0.0278119,0,8.6402e-12,1.01319e-12
eigen_elementwise,864,1,0,1,1e-12,0.0281806,0,1.06866e-11,1.04552e-12
eigen_elementwise,865,1,0,1,1e-12,0.0279398,0,8.75389e-12,1.03892e-12
eigen_elementwise,866,1,0,1,1e-12,0.0279932,0,1.15961e-11,1.07208e-12
eigen_elementwise,867,1,0,1,1e-12,0.0283439,0,1.09139e-11,1.09797e-12
eigen_elementwise,868,1,0,1,1e-12,0.0284652,0,8.75389e-12,1.04291e-12
eigen_elementwise,869,1,0,1,1e-12,0.0284801,0,1.02318e-11,9.44494e-13
eigen_elementwise,870,1,0,1,1e-12,0.0283367,0,1.78488e-11,1.08599e-12
eigen_elementwise,871,1,0,1,1e-12,0.0282592,0,1.80762e-11,1.01594e-12
eigen_elementwise,872,1,0,1,1e-12,0.0285011,0,1.17097e-11,1.0131e-12
eigen_elementwise,873,1,0,1,1e-12,0.0286734,0,9.43601e-12,1.01644e-12
eigen_elementwise,874,1,0,1,1e-12,0.0287513,0,8.86757e-12,1.01793e-12
eigen_elementwise,875,1,0,1,1e-12,0.0288909,0,8.6402e-12,9.86804e-13
eigen_elementwise,876,1,0,1,1e-12,0.0288561,0,1.14824e-11,1.02247e-12
eigen_elementwise,877,1,0,1,1e-12,0.0290133,0,8.41283e-12,9.65416e-13
eigen_elementwise,878,1,0,1,1e-12,0.0289516,0,8.52651e-12,9.89476e-13
eigen_elementwise,879,1,0,1,1e-12,0.029195,0,1.04592e-11,1.03703e-12
eigen_elementwise,880,1,0,1,1e-12,0.0291821,0,8.98126e-12,1.07394e-12
eigen_elementwise,881,1,0,1,1e-12,0.0292634,0,1.10276e-11,1.07518e-12
eigen_elementwise,882,1,0,1,1e-12,0.0291876,0,1.1255e-11,1.05618e-12
eigen_elementwise,883,1,0,1,1e-12,0.029335,0,7.61702e-12,9.52522e-13
eigen_elementwise,884,1,0,1,1e-12,0.0294088,0,1.03455e-11,1.02081e-12
eigen_elementwise,885,1,0,1,1e-12,0.0293737,0,7.7307e-12,9.94485e-13
eigen_elementwise,886,1,0,1,1e-12,0.0295565,0,9.09495e-12,9.93573e-13
eigen_elementwise,887,1,0,1,1e-12,0.0295159,0,7.38964e-12,9.62803e-13
eigen_elementwise,888,1,0,1,1e-12,0.0297342,0,1.18234e-11,1.01616e-12
eigen_elementwise,889,1,0,1,1e-12,0.0296981,0,9.54969e-12,9.6566e-13
eigen_elementwise,890,1,0,1,1e-12,0.0298553,0,9.66338e-12,1.05662e-12
eigen_elementwise,891,1,0,1,1e-12,0.0297256,0,9.89075e-12,1.05103e-12
eigen_elementwise,892,1,0,1,1e-12,0.0296739,0,1.03455e-11,1.02564e-12
eigen_elementwise,893,1,0,1,1e-12,0.0299136,0,1.61435e-11,1.04484e-12
eigen_elementwise,894,1,0,1,1e-12,0.0299956,0,7.84439e-12,1.02006e-12
eigen_elementwise,895,1,0,1,1e-12,0.0304558,0,1.56888e-11,1.05789e-12
eigen_elementwise,896,1,0,1,1e-12,0.0302225,0,9.66338e-12,1.08948e-12
eigen_elementwise,897,1,0,1,1e-12,0.030116,0,1.36424e-11,9.98916e-13
eigen_elementwise,898,1,0,1,1e-12,0.0301706,0,8.18545e-12,1.02396e-12
eigen_elementwise,899,1,0,1,1e-12,0.0301368,0,9.32232e-12,1.00893e-12
eigen_elementwise,900,1,0,1,1e-12,0.0304571,0,1.23919e-11,1.04158e-12
eigen_elementwise,901,1,0,1,1e-12,0.0303343,0,1.10276e-11,1.02285e-12
eigen_elementwise,902,1,0,1,1e-12,0.0307331,0,1.3415e-11,1.10388e-12
eigen_elementwise,903,1,0,1,1e-12,0.0306071,0,1.3074e-11,9.88255e-13
eigen_elementwise,904,1,0,1,1e-12,0.0307385,0,1.00044e-11,1.03086e-12
eigen_elementwise,905,1,0,1,1e-12,0.0308475,0,7.84439e-12,1.06429e-12
eigen_elementwise,906,1,0,1,1e-12,0.0309274,0,9.89075e-12,1.04564e-12
eigen_elementwise,907,1,0,1,1e-12,0.0310221,0,1.03455e-11,1.04783e-12
eigen_elementwise,908,1,0,1,1e-12,0.0310243,0,1.31877e-11,1.12399e-12
eigen_elementwise,909,1,0,1,1e-12,0.0312632,0,9.66338e-12,1.09202e-12
eigen_elementwise,910,1,0,1,1e-12,0.0311901,0,7.84439e-12,1.07403e-12
eigen_elementwise,911,1,0,1,1e-12,0.0308813,0,1.13687e-11,1.02334e-12
eigen_elementwise,912,1,0,1,1e-12,0.0314073,0,8.86757e-12,1.03796e-12
eigen_elementwise,913,1,0,1,1e-12,0.0308934,0,1.58025e-11,1.11044e-12
eigen_elementwise,914,1,0,1,1e-12,0.0308879,0,1.38698e-11,1.06011e-12
eigen_elementwise,915,1,0,1,1e-12,0.0309152,0,9.20863e-12,1.05007e-12
eigen_elementwise,916,1,0,1,1e-12,0.0310425,0,9.43601e-12,1.07586e-12
eigen_elementwise,917,1,0,1,1e-12,0.0309061,0,1.43245e-11,1.01752e-12
eigen_elementwise,918,1,0,1,1e-12,0.0307612,0,1.37561e-11,1.13692e-12
eigen_elementwise,919,1,0,1,1e-12,0.0313248,0,1.08002e-11,9.7661e-13
eigen_elementwise,920,1,0,1,1e-12,0.0312569,0,1.28466e-11,1.04836e-12
eigen_elementwise,921,1,0,1,1e-12,0.0310102,0,1.02318e-11,1.02752e-12
eigen_elementwise,922,1,0,1,1e-12,0.0311633,0,9.20863e-12,1.03327e-12
eigen_elementwise,923,1,0,1,1e-12,0.0307619,0,1.38698e-11,1.06325e-12
eigen_elementwise,924,1,0,1,1e-12,0.031274,0,1.04592e-11,1.0011e-12
eigen_elementwise,925,1,0,1,1e-12,0.0310082,0,1.27329e-11,1.01358e-12
eigen_elementwise,926,1,0,1,1e-12,0.0314712,0,1.1255e-11,1.07898e-12
eigen_elementwise,927,1,0,1,1e-12,0.0313501,0,9.77707e-12,9.89138e-13
eigen_elementwise,928,1,0,1,1e-12,0.0315775,0,1.19371e-11,1.06084e-12
eigen_elementwise,929,1,0,1,1e-12,0.0311632,0,9.66338e-12,1.07239e-12
eigen_elementwise,930,1,0,1,1e-12,0.0317847,0,1.58025e-11,1.10319e-12
eigen_elementwise,931,1,0,1,1e-12,0.0318949,0,8.75389e-12,1.03153e-12
eigen_elementwise,932,1,0,1,1e-12,0.0319783,0,7.95808e-12,9.77906e-13
eigen_elementwise,933,1,0,1,1e-12,0.0318912,0,9.77707e-12,1.10636e-12
eigen_elementwise,934,1,0,1,1e-12,0.0321004,0,8.6402e-12,9.8507e-13
eigen_elementwise,935,1,0,1,1e-12,0.0321357,0,1.29603e-11,9.59696e-13
eigen_elementwise,936,1,0,1,1e-12,0.0320916,0,1.23919e-11,1.05431e-12
eigen_elementwise,937,1,0,1,1e-12,0.0320099,0,8.6402e-12,9.81531e-13
eigen_elementwise,938,1,0,1,1e-12,0.0327179,0,7.16227e-12,9.41375e-13
eigen_elementwise,939,1,0,1,1e-12,0.0322579,0,1.26192e-11,1.03513e-12
eigen_elementwise,940,1,0,1,1e-12,0.0321758,0,1.00044e-11,1.01227e-12
eigen_elementwise,941,1,0,1,1e-12,0.0321755,0,9.20863e-12,1.07445e-12
eigen_elementwise,942,1,0,1,1e-12,0.0327761,0,1.06866e-11,9.70342e-13
eigen_elementwise,943,1,0,1,1e-12,0.0327479,0,1.05729e-11,1.08553e-12
eigen_elementwise,944,1,0,1,1e-12,0.0326664,0,1.43245e-11,1.01492e-12
eigen_elementwise,945,1,0,1,1e-12,0.0325839,0,9.32232e-12,1.01801e-12
eigen_elementwise,946,1,0,1,1e-12,0.0325541,0,1.09139e-11,1.0474e-12
eigen_elementwise,947,1,0,1,1e-12,0.0336849,0,1.68257e-11,1.09741e-12
eigen_elementwise,948,1,0,1,1e-12,0.0334866,0,1.03455e-11,1.04663e-12
eigen_elementwise,949,1,0,1,1e-12,0.0339016,0,1.3074e-11,1.03811e-12
eigen_elementwise,950,1,0,1,1e-12,0.0337442,0,1.06866e-11,1.09829e-12
eigen_elementwise,951,1,0,1,1e-12,0.0337089,0,8.6402e-12,1.04797e-12
eigen_elementwise,952,1,0,1,1e-12,0.0338354,0,1.45519e-11,1.00628e-12
eigen_elementwise,953,1,0,1,1e-12,0.0336318,0,9.77707e-12,1.08435e-12
eigen_elementwise,954,1,0,1,1e-12,0.034205,0,1.25056e-11,1.07461e-12
eigen_elementwise,955,1,0,1,1e-12,0.0341265,0,9.20863e-12,1.04068e-12
eigen_elementwise,956,1,0,1,1e-12,0.0342597,0,9.20863e-12,1.00452e-12
eigen_elementwise,957,1,0,1,1e-12,0.034305,0,1.15961e-11,1.0891e-12
eigen_elementwise,958,1,0,1,1e-12,0.0341617,0,1.08002e-11,1.02054e-12
eigen_elementwise,959,1,0,1,1e-12,0.0347162,0,8.86757e-12,1.00954e-12
eigen_elementwise,960,1,0,1,1e-12,0.0347309,0,1.15961e-11,1.0823e-12
eigen_elementwise,961,1,0,1,1e-12,0.0347556,0,8.86757e-12,1.09895e-12
eigen_elementwise,962,1,0,1,1e-12,0.0348986,0,1.01181e-11,1.08263e-12
eigen_elementwise,963,1,0,1,1e-12,0.0346913,0,8.98126e-12,9.93953e-13
eigen_elementwise,964,1,0,1,1e-12,0.0349507,0,1.22782e-11,1.07314e-12
eigen_elementwise,965,1,0,1,1e-12,0.0348974,0,9.54969e-12,1.01671e-12
eigen_elementwise,966,1,0,1,1e-12,0.0349111,0,8.98126e-12,1.01745e-12
eigen_elementwise,967,1,0,1,1e-12,0.0347697,0,1.13687e-11,1.05456e-12
eigen_elementwise,968,1,0,1,1e-12,0.0349869,0,1.25056e-11,1.09869e-12
eigen_elementwise,969,1,0,1,1e-12,0.0354282,0,1.00044e-11,9.5449e-13
eigen_elementwise,970,1,0,1,1e-12,0.0353276,0,1.25056e-11,1.06207e-12
eigen_elementwise,971,1,0,1,1e-12,0.0348942,0,1.33014e-11,1.0573e-12
eigen_elementwise,972,1,0,1,1e-12,0.0351019,0,1.14824e-11,1.07854e-12
eigen_elementwise,973,1,0,1,1e-12,0.0355838,0,9.66338e-12,1.09878e-12
eigen_elementwise,974,1,0,1,1e-12,0.035617,0,1.25056e-11,1.03814e-12
eigen_elementwise,975,1,0,1,1e-12,0.0350531,0,1.1255e-11,1.10573e-12
eigen_elementwise,976,1,0,1,1e-12,0.0356293,0,1.33014e-11,1.10874e-12
eigen_elementwise,977,1,0,1,1e-12,0.0352622,0,1.37561e-11,1.03761e-12
eigen_elementwise,978,1,0,1,1e-12,0.0355952,0,1.10276e-11,1.03488e-12
eigen_elementwise,979,1,0,1,1e-12,0.0355739,0,1.25056e-11,1.07681e-12
eigen_elementwise,980,1,0,1,1e-12,0.0356637,0,8.18545e-12,1.09497e-12
eigen_elementwise,981,1,0,1,1e-12,0.0358387,0,1.23919e-11,1.03575e-12
eigen_elementwise,982,1,0,1,1e-12,0.0359747,0,1.33014e-11,1.08491e-12
eigen_elementwise,983,1,0,1,1e-12,0.0356415,0,1.04592e-11,1.1034e-12
eigen_elementwise,984,1,0,1,1e-12,0.0358789,0,1.13687e-11,1.08656e-12
eigen_elementwise,985,1,0,1,1e-12,0.0357353,0,1.15961e-11,1.03566e-12
eigen_elementwise,986,1,0,1,1e-12,0.0356158,0,7.61702e-12,1.04343e-12
eigen_elementwise,987,1,0,1,1e-12,0.0356151,0,1.25056e-11,1.11446e-12
eigen_elementwise,988,1,0,1,1e-12,0.035793,0,8.98126e-12,1.00113e-12
eigen_elementwise,989,1,0,1,1e-12,0.0356425,0,1.47793e-11,1.13334e-12
eigen_elementwise,990,1,0,1,1e-12,0.0359084,0,9.66338e-12,1.08077e-12
eigen_elementwise,991,1,0,1,1e-12,0.0357802,0,8.6402e-12,1.05183e-12
eigen_elementwise,992,1,0,1,1e-12,0.0366803,0,1.46656e-11,1.00555e-12
eigen_elementwise,993,1,0,1,1e-12,0.0361288,0,1.1255e-11,1.12111e-12
eigen_elementwise,994,1,0,1,1e-12,0.035957,0,8.86757e-12,9.71786e-13
eigen_elementwise,995,1,0,1,1e-12,0.0357723,0,1.10276e-11,1.02049e-12
eigen_elementwise,996,1,0,1,1e-12,0.0363373,0,9.66338e-12,1.08252e-12
eigen_elementwise,997,1,0,1,1e-12,0.0364201,0,1.08002e-11,1.07967e-12
eigen_elementwise,998,1,0,1,1e-12,0.0365609,0,8.07177e-12,9.90942e-13
eigen_elementwise,999,1,0,1,1e-12,0.0361837,0,9.66338e-12,1.0714e-12
eigen_elementwise,1000,1,0,1,1e-12,0.0364518,0,1.3074e-11,9.88624e-13
