version, size, hermitian, complex, seed, tol, runtime in s,min_error, max_error, avg_error
eigen_elementwise,1,1,0,8,1e-12,1.886e-06,0,0,0
eigen_elementwise,2,1,0,8,1e-12,2.863e-06,0,2.27374e-13,1.13687e-13
eigen_elementwise,3,1,0,8,1e-12,2.305e-06,0,2.27374e-13,1.13687e-13
eigen_elementwise,4,1,0,8,1e-12,2.305e-06,5.68434e-14,5.68434e-13,2.59348e-13
eigen_elementwise,5,1,0,8,1e-12,2.863e-06,4.9738e-14,7.95808e-13,2.74269e-13
eigen_elementwise,6,1,0,8,1e-12,3.353e-06,0,2.27374e-13,1.14279e-13
eigen_elementwise,7,1,0,8,1e-12,3.841e-06,0,4.54747e-13,1.42616e-13
eigen_elementwise,8,1,0,8,1e-12,3.771e-06,0,5.68434e-13,1.42553e-13
eigen_elementwise,9,1,0,8,1e-12,4.819e-06,0,1.13687e-12,2.91717e-13
eigen_elementwise,10,1,0,8,1e-12,5.238e-06,0,2.27374e-13,1.10845e-13
eigen_elementwise,11,1,0,8,1e-12,6.635e-06,0,1.13687e-12,1.91201e-13
eigen_elementwise,12,1,0,8,1e-12,7.613e-06,0,5.68434e-13,1.75563e-13
eigen_elementwise,13,1,0,8,1e-12,8.591e-06,0,1.13687e-12,2.16989e-13
eigen_elementwise,14,1,0,8,1e-12,1.0127e-05,1.42109e-14,1.13687e-12,2.13417e-13
eigen_elementwise,15,1,0,8,1e-12,1.1315e-05,1.42109e-14,1.13687e-12,3.07902e-13
eigen_elementwise,16,1,0,8,1e-12,1.1943e-05,0,1.36424e-12,1.97842e-13
eigen_elementwise,17,1,0,8,1e-12,1.334e-05,1.42109e-14,9.09495e-13,3.41478e-13
eigen_elementwise,18,1,0,8,1e-12,1.4457e-05,0,1.02318e-12,2.85401e-13
eigen_elementwise,19,1,0,8,1e-12,1.7181e-05,0,5.68434e-13,1.65669e-13
eigen_elementwise,20,1,0,8,1e-12,1.8158e-05,0,1.13687e-12,2.15472e-13
eigen_elementwise,21,1,0,8,1e-12,1.9346e-05,7.10543e-15,6.82121e-13,1.59026e-13
eigen_elementwise,22,1,0,8,1e-12,1.9556e-05,0,1.13687e-12,2.03474e-13
eigen_elementwise,23,1,0,8,1e-12,2.3397e-05,0,2.38742e-12,3.54499e-13
eigen_elementwise,24,1,0,8,1e-12,2.5004e-05,0,2.27374e-12,3.72147e-13
eigen_elementwise,25,1,0,8,1e-12,2.6749e-05,0,1.13687e-12,1.96962e-13
eigen_elementwise,26,1,0,8,1e-12,3.2895e-05,0,1.81899e-12,4.24549e-13
eigen_elementwise,27,1,0,8,1e-12,3.0311e-05,0,1.25056e-12,3.13428e-13
eigen_elementwise,28,1,0,8,1e-12,3.2406e-05,0,1.13687e-12,3.13019e-13
eigen_elementwise,29,1,0,8,1e-12,3.4152e-05,0,3.06954e-12,4.13707e-13
eigen_elementwise,30,1,0,8,1e-12,3.7156e-05,0,1.25056e-12,2.40992e-13
eigen_elementwise,31,1,0,8,1e-12,4.0089e-05,0,1.25056e-12,3.4404e-13
eigen_elementwise,32,1,0,8,1e-12,4.4698e-05,0,1.3074e-12,2.41251e-13
eigen_elementwise,33,1,0,8,1e-12,4.3441e-05,0,1.7053e-12,2.70006e-13
eigen_elementwise,34,1,0,8,1e-12,4.7841e-05,0,1.81899e-12,3.78364e-13
eigen_elementwise,35,1,0,8,1e-12,5.28e-05,0,1.93268e-12,2.6422e-13
eigen_elementwise,36,1,0,8,1e-12,5.4825e-05,0,2.04636e-12,2.30236e-13
eigen_elementwise,37,1,0,8,1e-12,5.5245e-05,0,1.13687e-12,2.64917e-13
eigen_elementwise,38,1,0,8,1e-12,5.7829e-05,0,1.7053e-12,2.96652e-13
eigen_elementwise,39,1,0,8,1e-12,6.5022e-05,0,1.36424e-12,2.98975e-13
eigen_elementwise,40,1,0,8,1e-12,6.9562e-05,0,1.59162e-12,4.37428e-13
eigen_elementwise,41,1,0,8,1e-12,7.0051e-05,0,1.81899e-12,3.46606e-13
eigen_elementwise,42,1,0,8,1e-12,7.2006e-05,0,2.84217e-12,3.82678e-13
eigen_elementwise,43,1,0,8,1e-12,7.5289e-05,0,1.7053e-12,3.76588e-13
eigen_elementwise,44,1,0,8,1e-12,7.8711e-05,0,2.16005e-12,3.21763e-13
eigen_elementwise,45,1,0,8,1e-12,9.3448e-05,0,2.16005e-12,3.22744e-13
eigen_elementwise,46,1,0,8,1e-12,8.7651e-05,0,2.04636e-12,3.18122e-13
eigen_elementwise,47,1,0,8,1e-12,8.9746e-05,0,2.27374e-12,3.19744e-13
eigen_elementwise,48,1,0,8,1e-12,9.4356e-05,1.42109e-14,2.6148e-12,4.24327e-13
eigen_elementwise,49,1,0,8,1e-12,0.000109092,0,1.81899e-12,3.50486e-13
eigen_elementwise,50,1,0,8,1e-12,0.00011426,0,1.47793e-12,2.83507e-13
eigen_elementwise,51,1,0,8,1e-12,0.0001144,0,2.27374e-12,3.34025e-13
eigen_elementwise,52,1,0,8,1e-12,0.000113772,0,2.84217e-12,4.27692e-13
eigen_elementwise,53,1,0,8,1e-12,0.000120197,0,2.27374e-12,3.58288e-13
eigen_elementwise,54,1,0,8,1e-12,0.000124666,0,1.3074e-12,3.52903e-13
eigen_elementwise,55,1,0,8,1e-12,0.00012739,0,2.84217e-12,4.42604e-13
eigen_elementwise,56,1,0,8,1e-12,0.000130464,0,4.20641e-12,5.89402e-13
eigen_elementwise,57,1,0,8,1e-12,0.000132628,0,2.6148e-12,4.81393e-13
eigen_elementwise,58,1,0,8,1e-12,0.000137937,0,3.06954e-12,4.65252e-13
eigen_elementwise,59,1,0,8,1e-12,0.00013647,0,2.38742e-12,4.74137e-13
eigen_elementwise,60,1,0,8,1e-12,0.000139613,0,3.06954e-12,4.51787e-13
eigen_elementwise,61,1,0,8,1e-12,0.000148762,0,2.95586e-12,3.73268e-13
eigen_elementwise,62,1,0,8,1e-12,0.00015428,0,2.95586e-12,3.69912e-13
eigen_elementwise,63,1,0,8,1e-12,0.000158331,0,3.06954e-12,4.20207e-13
eigen_elementwise,64,1,0,8,1e-12,0.000157562,0,2.16005e-12,3.98348e-13
eigen_elementwise,65,1,0,8,1e-12,0.000172369,0,1.59162e-12,4.00145e-13
eigen_elementwise,66,1,0,8,1e-12,0.000178166,0,4.66116e-12,4.90597e-13
eigen_elementwise,67,1,0,8,1e-12,0.000181308,0,3.63798e-12,5.13844e-13
eigen_elementwise,68,1,0,8,1e-12,0.00018487,0,2.84217e-12,4.24393e-13
eigen_elementwise,69,1,0,8,1e-12,0.000190317,0,1.81899e-12,2.86122e-13
eigen_elementwise,70,1,0,8,1e-12,0.00019814,0,4.09273e-12,5.04917e-13
eigen_elementwise,71,1,0,8,1e-12,0.000208477,0,2.95586e-12,4.91701e-13
eigen_elementwise,72,1,0,8,1e-12,0.000209036,0,2.95586e-12,4.68687e-13
eigen_elementwise,73,1,0,8,1e-12,0.000217835,0,2.38742e-12,4.01092e-13
eigen_elementwise,74,1,0,8,1e-12,0.000221327,0,2.38742e-12,4.48674e-13
eigen_elementwise,75,1,0,8,1e-12,0.000218883,0,2.16005e-12,4.63084e-13
eigen_elementwise,76,1,0,8,1e-12,0.000231803,0,1.93268e-12,3.92201e-13
eigen_elementwise,77,1,0,8,1e-12,0.000238927,0,2.27374e-12,4.02149e-13
eigen_elementwise,78,1,0,8,1e-12,0.000247727,0,2.95586e-12,4.4065e-13
eigen_elementwise,79,1,0,8,1e-12,0.0002596,0,2.6148e-12,4.99539e-13
eigen_elementwise,80,1,0,8,1e-12,0.000258622,0,3.63798e-12,5.42033e-13
eigen_elementwise,81,1,0,8,1e-12,0.000263302,0,2.27374e-12,4.34528e-13
eigen_elementwise,82,1,0,8,1e-12,0.000266655,0,4.54747e-12,6.0472e-13
eigen_elementwise,83,1,0,8,1e-12,0.00027713,0,2.95586e-12,6.24657e-13
eigen_elementwise,84,1,0,8,1e-12,0.000280413,0,4.66116e-12,5.9637e-13
eigen_elementwise,85,1,0,8,1e-12,0.000294102,0,3.06954e-12,6.21495e-13
eigen_elementwise,86,1,0,8,1e-12,0.000300458,0,2.95586e-12,5.27599e-13
eigen_elementwise,87,1,0,8,1e-12,0.000304229,0,2.16005e-12,5.32458e-13
eigen_elementwise,88,1,0,8,1e-12,0.000315334,0,2.50111e-12,4.9304e-13
eigen_elementwise,89,1,0,8,1e-12,0.000315055,0,2.50111e-12,4.49318e-13
eigen_elementwise,90,1,0,8,1e-12,0.000317499,0,2.6148e-12,3.9366e-13
eigen_elementwise,91,1,0,8,1e-12,0.00034341,0,2.16005e-12,4.36535e-13
eigen_elementwise,92,1,0,8,1e-12,0.000338731,0,3.63798e-12,5.14912e-13
eigen_elementwise,93,1,0,8,1e-12,0.000354515,0,5.34328e-12,6.09329e-13
eigen_elementwise,94,1,0,8,1e-12,0.000345714,0,3.86535e-12,5.4793e-13
eigen_elementwise,95,1,0,8,1e-12,0.000362267,0,3.97904e-12,5.38891e-13
eigen_elementwise,96,1,0,8,1e-12,0.00037442,0,3.18323e-12,5.28189e-13
eigen_elementwise,97,1,0,8,1e-12,0.000378051,0,4.20641e-12,5.83707e-13
eigen_elementwise,98,1,0,8,1e-12,0.000380984,0,4.43379e-12,5.75957e-13
eigen_elementwise,99,1,0,8,1e-12,0.000392718,0,4.20641e-12,6.68108e-13
eigen_elementwise,100,1,0,8,1e-12,0.000406127,7.10543e-15,5.22959e-12,4.79439e-13
eigen_elementwise,101,1,0,8,1e-12,0.000408292,0,3.06954e-12,5.28598e-13
eigen_elementwise,102,1,0,8,1e-12,0.000415696,0,4.09273e-12,7.00755e-13
eigen_elementwise,103,1,0,8,1e-12,0.000429594,0,5.00222e-12,5.37995e-13
eigen_elementwise,104,1,0,8,1e-12,0.000433366,0,4.77485e-12,5.39859e-13
eigen_elementwise,105,1,0,8,1e-12,0.000451804,0,3.41061e-12,5.81325e-13
eigen_elementwise,106,1,0,8,1e-12,0.000460255,0,3.75167e-12,5.24746e-13
eigen_elementwise,107,1,0,8,1e-12,0.000455715,0,3.63798e-12,5.05564e-13
eigen_elementwise,108,1,0,8,1e-12,0.000459836,0,5.79803e-12,5.25226e-13
eigen_elementwise,109,1,0,8,1e-12,0.000484699,0,4.43379e-12,6.34534e-13
eigen_elementwise,110,1,0,8,1e-12,0.000476598,0,3.75167e-12,5.2992e-13
eigen_elementwise,111,1,0,8,1e-12,0.000485677,0,3.97904e-12,5.24393e-13
eigen_elementwise,112,1,0,8,1e-12,0.0005016,0,5.00222e-12,6.45325e-13
eigen_elementwise,113,1,0,8,1e-12,0.000515709,0,6.25278e-12,6.39206e-13
eigen_elementwise,114,1,0,8,1e-12,0.000513264,0,4.54747e-12,6.48401e-13
eigen_elementwise,115,1,0,8,1e-12,0.00051501,0,3.86535e-12,6.26899e-13
eigen_elementwise,116,1,0,8,1e-12,0.000538617,0,6.9349e-12,6.21128e-13
eigen_elementwise,117,1,0,8,1e-12,0.000531283,0,3.63798e-12,7.028e-13
eigen_elementwise,118,1,0,8,1e-12,0.000552446,0,2.84217e-12,5.07556e-13
eigen_elementwise,119,1,0,8,1e-12,0.000569417,0,3.06954e-12,5.52716e-13
eigen_elementwise,120,1,0,8,1e-12,0.00056809,0,3.52429e-12,5.1131e-13
eigen_elementwise,121,1,0,8,1e-12,0.000581988,0,3.86535e-12,5.82997e-13
eigen_elementwise,122,1,0,8,1e-12,0.000596655,0,3.41061e-12,6.47773e-13
eigen_elementwise,123,1,0,8,1e-12,0.000618516,0,3.52429e-12,6.01087e-13
eigen_elementwise,124,1,0,8,1e-12,0.000594769,0,2.84217e-12,5.07923e-13
eigen_elementwise,125,1,0,8,1e-12,0.000602941,0,4.3201e-12,6.75257e-13
eigen_elementwise,126,1,0,8,1e-12,0.000623613,0,3.18323e-12,5.4341e-13
eigen_elementwise,127,1,0,8,1e-12,0.000639118,0,3.06954e-12,5.30138e-13
eigen_elementwise,128,1,0,8,1e-12,0.000649106,0,3.86535e-12,6.30648e-13
eigen_elementwise,129,1,0,8,1e-12,0.000658535,0,3.29692e-12,5.47276e-13
eigen_elementwise,130,1,0,8,1e-12,0.000658674,0,3.63798e-12,6.3006e-13
eigen_elementwise,131,1,0,8,1e-12,0.000686541,0,2.50111e-12,5.47881e-13
eigen_elementwise,132,1,0,8,1e-12,0.00067795,0,3.06954e-12,5.54637e-13
eigen_elementwise,133,1,0,8,1e-12,0.000702814,0,4.54747e-12,5.85356e-13
eigen_elementwise,134,1,0,8,1e-12,0.000699322,0,5.11591e-12,5.67344e-13
eigen_elementwise,135,1,0,8,1e-12,0.000728865,0,3.52429e-12,5.84502e-13
eigen_elementwise,136,1,0,8,1e-12,0.000794237,0,5.11591e-12,6.42986e-13
eigen_elementwise,137,1,0,8,1e-12,0.000750585,0,3.63798e-12,5.89498e-13
eigen_elementwise,138,1,0,8,1e-12,0.000760643,0,3.97904e-12,5.45527e-13
eigen_elementwise,139,1,0,8,1e-12,0.000763576,0,3.97904e-12,5.34578e-13
eigen_elementwise,140,1,0,8,1e-12,0.000780128,0,4.77485e-12,5.76816e-13
eigen_elementwise,141,1,0,8,1e-12,0.000783271,0,4.66116e-12,6.45432e-13
eigen_elementwise,142,1,0,8,1e-12,0.000810858,0,4.3201e-12,5.82035e-13
eigen_elementwise,143,1,0,8,1e-12,0.000821334,0,5.34328e-12,8.05763e-13
eigen_elementwise,144,1,0,8,1e-12,0.000883215,0,4.20641e-12,6.62763e-13
eigen_elementwise,145,1,0,8,1e-12,0.000829087,0,3.63798e-12,5.81535e-13
eigen_elementwise,146,1,0,8,1e-12,0.000849411,0,3.75167e-12,6.62756e-13
eigen_elementwise,147,1,0,8,1e-12,0.000862332,0,6.13909e-12,6.96413e-13
eigen_elementwise,148,1,0,8,1e-12,0.000849551,0,3.41061e-12,5.50458e-13
eigen_elementwise,149,1,0,8,1e-12,0.000902071,0,4.54747e-12,7.39106e-13
eigen_elementwise,150,1,0,8,1e-12,0.000890478,0,4.43379e-12,6.82168e-13
eigen_elementwise,151,1,0,8,1e-12,0.000918764,0,5.34328e-12,6.0878e-13
eigen_elementwise,152,1,0,8,1e-12,0.000961926,0,3.97904e-12,5.67276e-13
eigen_elementwise,153,1,0,8,1e-12,0.0009071,0,4.77485e-12,5.73737e-13
eigen_elementwise,154,1,0,8,1e-12,0.000931404,0,3.63798e-12,6.07627e-13
eigen_elementwise,155,1,0,8,1e-12,0.000935176,0,4.77485e-12,6.2597e-13
eigen_elementwise,156,1,0,8,1e-12,0.000980573,0,3.52429e-12,6.38505e-13
eigen_elementwise,157,1,0,8,1e-12,0.000978618,0,4.77485e-12,6.0067e-13
eigen_elementwise,158,1,0,8,1e-12,0.000953614,0,5.68434e-12,6.78783e-13
eigen_elementwise,159,1,0,8,1e-12,0.00103316,0,6.36646e-12,6.62335e-13
eigen_elementwise,160,1,0,8,1e-12,0.00106648,0,5.68434e-12,6.64292e-13
eigen_elementwise,161,1,0,8,1e-12,0.00100348,0,2.95586e-12,5.31144e-13
eigen_elementwise,162,1,0,8,1e-12,0.00104601,0,3.52429e-12,6.70416e-13
eigen_elementwise,163,1,0,8,1e-12,0.001056,0,4.66116e-12,6.52904e-13
eigen_elementwise,164,1,0,8,1e-12,0.00108848,0,6.48015e-12,7.43155e-13
eigen_elementwise,165,1,0,8,1e-12,0.00109127,0,5.57066e-12,7.13709e-13
eigen_elementwise,166,1,0,8,1e-12,0.00111956,0,5.45697e-12,6.36669e-13
eigen_elementwise,167,1,0,8,1e-12,0.00113436,0,3.86535e-12,6.60085e-13
eigen_elementwise,168,1,0,8,1e-12,0.00120853,0,5.22959e-12,6.74873e-13
eigen_elementwise,169,1,0,8,1e-12,0.00113325,0,4.88853e-12,7.32504e-13
eigen_elementwise,170,1,0,8,1e-12,0.00119722,0,6.25278e-12,6.93185e-13
eigen_elementwise,171,1,0,8,1e-12,0.00119534,0,5.22959e-12,6.48435e-13
eigen_elementwise,172,1,0,8,1e-12,0.00117026,0,5.57066e-12,6.80365e-13
eigen_elementwise,173,1,0,8,1e-12,0.00122418,0,6.13909e-12,6.70119e-13
eigen_elementwise,174,1,0,8,1e-12,0.00124206,0,4.3201e-12,6.11236e-13
eigen_elementwise,175,1,0,8,1e-12,0.00122516,0,5.45697e-12,7.74738e-13
eigen_elementwise,176,1,0,8,1e-12,0.00130603,0,5.79803e-12,7.37582e-13
eigen_elementwise,177,1,0,8,1e-12,0.00128508,0,4.43379e-12,6.35499e-13
eigen_elementwise,178,1,0,8,1e-12,0.00121238,0,4.88853e-12,6.35092e-13
eigen_elementwise,179,1,0,8,1e-12,0.0013383,0,4.3201e-12,7.12231e-13
eigen_elementwise,180,1,0,8,1e-12,0.00132461,0,3.06954e-12,5.53394e-13
eigen_elementwise,181,1,0,8,1e-12,0.00129318,0,5.11591e-12,6.19318e-13
eigen_elementwise,182,1,0,8,1e-12,0.00134836,0,3.86535e-12,5.85549e-13
eigen_elementwise,183,1,0,8,1e-12,0.00139522,0,8.6402e-12,7.91806e-13
eigen_elementwise,184,1,0,8,1e-12,0.00139522,0,4.20641e-12,6.84911e-13
eigen_elementwise,185,1,0,8,1e-12,0.00132419,0,5.22959e-12,6.11887e-13
eigen_elementwise,186,1,0,8,1e-12,0.00137846,0,5.11591e-12,7.14566e-13
eigen_elementwise,187,1,0,8,1e-12,0.00142449,0,5.00222e-12,6.86003e-13
eigen_elementwise,188,1,0,8,1e-12,0.0013999,0,4.54747e-12,6.32863e-13
eigen_elementwise,189,1,0,8,1e-12,0.00137846,0,5.45697e-12,7.61934e-13
eigen_elementwise,190,1,0,8,1e-12,0.00149384,0,4.77485e-12,7.37653e-13
eigen_elementwise,191,1,0,8,1e-12,0.00153232,0,3.75167e-12,6.42912e-13
eigen_elementwise,192,1,0,8,1e-12,0.00153288,0,4.54747e-12,6.58294e-13
eigen_elementwise,193,1,0,8,1e-12,0.00143922,0,7.50333e-12,7.04857e-13
eigen_elementwise,194,1,0,8,1e-12,0.00151046,0,5.68434e-12,7.02606e-13
eigen_elementwise,195,1,0,8,1e-12,0.00155299,0,5.34328e-12,7.2602e-13
eigen_elementwise,196,1,0,8,1e-12,0.00154636,0,5.57066e-12,6.98234e-13
eigen_elementwise,197,1,0,8,1e-12,0.00151102,0,3.75167e-12,7.434e-13
eigen_elementwise,198,1,0,8,1e-12,0.0015553,0,4.3201e-12,7.49738e-13
eigen_elementwise,199,1,0,8,1e-12,0.00159217,0,4.88853e-12,6.51096e-13
eigen_elementwise,200,1,0,8,1e-12,0.0016572,0,4.3201e-12,6.06315e-13
eigen_elementwise,201,1,0,8,1e-12,0.00156312,0,4.77485e-12,7.10746e-13
eigen_elementwise,202,1,0,8,1e-12,0.00165126,0,4.20641e-12,6.30088e-13
eigen_elementwise,203,1,0,8,1e-12,0.00163932,0,6.13909e-12,7.19493e-13
eigen_elementwise,204,1,0,8,1e-12,0.00166425,0,4.20641e-12,7.17245e-13
eigen_elementwise,205,1,0,8,1e-12,0.00171062,0,5.34328e-12,6.3484e-13
eigen_elementwise,206,1,0,8,1e-12,0.00163429,0,4.09273e-12,6.6414e-13
eigen_elementwise,207,1,0,8,1e-12,0.00180324,0,4.54747e-12,6.58641e-13
eigen_elementwise,208,1,0,8,1e-12,0.0018091,0,8.41283e-12,7.87708e-13
eigen_elementwise,209,1,0,8,1e-12,0.00175127,0,5.34328e-12,8.05029e-13
eigen_elementwise,210,1,0,8,1e-12,0.00178347,0,4.3201e-12,6.76474e-13
eigen_elementwise,211,1,0,8,1e-12,0.00173716,0,3.75167e-12,5.68019e-13
eigen_elementwise,212,1,0,8,1e-12,0.00179548,0,3.86535e-12,6.82097e-13
eigen_elementwise,213,1,0,8,1e-12,0.00182782,0,6.59384e-12,8.15126e-13
eigen_elementwise,214,1,0,8,1e-12,0.0018691,0,5.00222e-12,7.78161e-13
eigen_elementwise,215,1,0,8,1e-12,0.00185918,0,4.88853e-12,6.70096e-13
eigen_elementwise,216,1,0,8,1e-12,0.0019594,0,5.34328e-12,6.85963e-13
eigen_elementwise,217,1,0,8,1e-12,0.00185373,0,5.68434e-12,7.54233e-13
eigen_elementwise,218,1,0,8,1e-12,0.00191952,0,8.52651e-12,7.1802e-13
eigen_elementwise,219,1,0,8,1e-12,0.00192818,0,4.54747e-12,7.76375e-13
eigen_elementwise,220,1,0,8,1e-12,0.00198901,0,5.45697e-12,7.68316e-13
eigen_elementwise,221,1,0,8,1e-12,0.00198042,0,6.59384e-12,8.71205e-13
eigen_elementwise,222,1,0,8,1e-12,0.0020166,0,7.27596e-12,7.62567e-13
eigen_elementwise,223,1,0,8,1e-12,0.00204195,0,6.13909e-12,7.69523e-13
eigen_elementwise,224,1,0,8,1e-12,0.00210209,0,6.25278e-12,7.86185e-13
eigen_elementwise,225,1,0,8,1e-12,0.00195228,0,4.20641e-12,7.00373e-13
eigen_elementwise,226,1,0,8,1e-12,0.00207869,0,5.91172e-12,8.15594e-13
eigen_elementwise,227,1,0,8,1e-12,0.00210914,0,5.57066e-12,8.91019e-13
eigen_elementwise,228,1,0,8,1e-12,0.00209468,0,4.09273e-12,6.55317e-13
eigen_elementwise,229,1,0,8,1e-12,0.00213449,0,4.3201e-12,6.68783e-13
eigen_elementwise,230,1,0,8,1e-12,0.00213757,0,6.0254e-12,7.02917e-13
eigen_elementwise,231,1,0,8,1e-12,0.0021859,0,6.59384e-12,8.04376e-13
eigen_elementwise,232,1,0,8,1e-12,0.00221313,0,5.57066e-12,7.04791e-13
eigen_elementwise,233,1,0,8,1e-12,0.00223883,0,6.0254e-12,7.46325e-13
eigen_elementwise,234,1,0,8,1e-12,0.00208295,0,8.29914e-12,7.30818e-13
eigen_elementwise,235,1,0,8,1e-12,0.00222703,0,5.79803e-12,7.10477e-13
eigen_elementwise,236,1,0,8,1e-12,0.0022769,0,5.79803e-12,6.65346e-13
eigen_elementwise,237,1,0,8,1e-12,0.00229604,0,5.34328e-12,8.14427e-13
eigen_elementwise,238,1,0,8,1e-12,0.00229764,0,8.07177e-12,8.36328e-13
eigen_elementwise,239,1,0,8,1e-12,0.00230518,0,6.82121e-12,7.2128e-13
eigen_elementwise,240,1,0,8,1e-12,0.00238543,0,5.11591e-12,7.04799e-13
eigen_elementwise,241,1,0,8,1e-12,0.00232872,0,4.3201e-12,7.31922e-13
eigen_elementwise,242,1,0,8,1e-12,0.00237621,0,8.86757e-12,8.14399e-13
eigen_elementwise,243,1,0,8,1e-12,0.00241246,0,6.13909e-12,7.42748e-13
eigen_elementwise,244,1,0,8,1e-12,0.00238906,0,4.66116e-12,6.68989e-13
eigen_elementwise,245,1,0,8,1e-12,0.00244061,0,7.7307e-12,7.1882e-13
eigen_elementwise,246,1,0,8,1e-12,0.00240059,0,5.22959e-12,7.62805e-13
eigen_elementwise,247,1,0,8,1e-12,0.00246023,0,5.57066e-12,7.87008e-13
eigen_elementwise,248,1,0,8,1e-12,0.0025395,0,6.48015e-12,7.91279e-13
eigen_elementwise,249,1,0,8,1e-12,0.00249068,0,6.9349e-12,9.14022e-13
eigen_elementwise,250,1,0,8,1e-12,0.00253252,0,5.34328e-12,6.78994e-13
eigen_elementwise,251,1,0,8,1e-12,0.00251953,0,5.79803e-12,7.29997e-13
eigen_elementwise,252,1,0,8,1e-12,0.00254439,0,6.0254e-12,6.65525e-13
eigen_elementwise,253,1,0,8,1e-12,0.00255487,0,5.91172e-12,7.45096e-13
eigen_elementwise,254,1,0,8,1e-12,0.00259356,0,5.45697e-12,6.9986e-13
eigen_elementwise,255,1,0,8,1e-12,0.00265795,0,4.20641e-12,7.46149e-13
eigen_elementwise,256,1,0,8,1e-12,0.00270391,0,6.9349e-12,9.08897e-13
eigen_elementwise,257,1,0,8,1e-12,0.00266061,0,4.88853e-12,7.89545e-13
eigen_elementwise,258,1,0,8,1e-12,0.00251939,0,5.79803e-12,7.75519e-13
eigen_elementwise,259,1,0,8,1e-12,0.00268303,0,4.09273e-12,6.90116e-13
eigen_elementwise,260,1,0,8,1e-12,0.00270028,0,4.66116e-12,7.3814e-13
eigen_elementwise,261,1,0,8,1e-12,0.00275629,0,5.34328e-12,7.92626e-13
eigen_elementwise,262,1,0,8,1e-12,0.00276118,0,7.50333e-12,8.74735e-13
eigen_elementwise,263,1,0,8,1e-12,0.00279044,0,6.25278e-12,7.24812e-13
eigen_elementwise,264,1,0,8,1e-12,0.00283221,0,6.0254e-12,7.59386e-13
eigen_elementwise,265,1,0,8,1e-12,0.00285267,0,6.9349e-12,7.08974e-13
eigen_elementwise,266,1,0,8,1e-12,0.00286992,0,5.79803e-12,7.89541e-13
eigen_elementwise,267,1,0,8,1e-12,0.00289053,0,5.11591e-12,7.05876e-13
eigen_elementwise,268,1,0,8,1e-12,0.00287314,0,5.00222e-12,7.32044e-13
eigen_elementwise,269,1,0,8,1e-12,0.0029031,0,6.13909e-12,7.45952e-13
eigen_elementwise,270,1,0,8,1e-12,0.00295485,0,5.68434e-12,6.40841e-13
eigen_elementwise,271,1,0,8,1e-12,0.00299773,0,6.0254e-12,7.78664e-13
eigen_elementwise,272,1,0,8,1e-12,0.00297922,0,6.25278e-12,8.60278e-13
eigen_elementwise,273,1,0,8,1e-12,0.00298558,0,6.0254e-12,7.35255e-13
eigen_elementwise,274,1,0,8,1e-12,0.00305193,0,7.04858e-12,7.66936e-13
eigen_elementwise,275,1,0,8,1e-12,0.00303461,0,5.34328e-12,7.15996e-13
eigen_elementwise,276,1,0,8,1e-12,0.00307016,0,6.48015e-12,7.16855e-13
eigen_elementwise,277,1,0,8,1e-12,0.0031555,0,9.32232e-12,7.68884e-13
eigen_elementwise,278,1,0,8,1e-12,0.00309181,0,1.06866e-11,8.48595e-13
eigen_elementwise,279,1,0,8,1e-12,0.00315334,0,5.45697e-12,7.44343e-13
eigen_elementwise,280,1,0,8,1e-12,0.00311982,0,5.11591e-12,6.66194e-13
eigen_elementwise,281,1,0,8,1e-12,0.00319378,0,7.61702e-12,7.84747e-13
eigen_elementwise,282,1,0,8,1e-12,0.00320286,0,3.86535e-12,6.7781e-13
eigen_elementwise,283,1,0,8,1e-12,0.00323135,0,4.3201e-12,7.16299e-13
eigen_elementwise,284,1,0,8,1e-12,0.0032118,0,4.3201e-12,6.66354e-13
eigen_elementwise,285,1,0,8,1e-12,0.0032838,0,5.45697e-12,8.24179e-13
eigen_elementwise,286,1,0,8,1e-12,0.00329009,0,5.68434e-12,7.79337e-13
eigen_elementwise,287,1,0,8,1e-12,0.00339324,0,5.79803e-12,6.56049e-13
eigen_elementwise,288,1,0,8,1e-12,0.00332173,0,8.6402e-12,7.86977e-13
eigen_elementwise,289,1,0,8,1e-12,0.00332606,0,5.45697e-12,7.60844e-13
eigen_elementwise,290,1,0,8,1e-12,0.00341992,0,5.34328e-12,7.46694e-13
eigen_elementwise,291,1,0,8,1e-12,0.00341671,0,5.68434e-12,6.87304e-13
eigen_elementwise,292,1,0,8,1e-12,0.00340428,0,8.41283e-12,8.15341e-13
eigen_elementwise,293,1,0,8,1e-12,0.00347293,0,6.59384e-12,7.76869e-13
eigen_elementwise,294,1,0,8,1e-12,0.00349633,0,6.25278e-12,8.06107e-13
eigen_elementwise,295,1,0,8,1e-12,0.00349221,0,7.84439e-12,8.96483e-13
eigen_elementwise,296,1,0,8,1e-12,0.0035397,0,8.52651e-12,8.80049e-13
eigen_elementwise,297,1,0,8,1e-12,0.003539,0,8.29914e-12,8.52278e-13
eigen_elementwise,298,1,0,8,1e-12,0.00364132,0,5.11591e-12,7.73035e-13
eigen_elementwise,299,1,0,8,1e-12,0.0036328,0,5.91172e-12,8.48103e-13
eigen_elementwise,300,1,0,8,1e-12,0.00365515,0,7.04858e-12,8.18838e-13
eigen_elementwise,301,1,0,8,1e-12,0.00363783,0,5.68434e-12,7.00501e-13
eigen_elementwise,302,1,0,8,1e-12,0.0036782,0,6.82121e-12,7.63015e-13
eigen_elementwise,303,1,0,8,1e-12,0.00373987,0,5.00222e-12,8.50393e-13
eigen_elementwise,304,1,0,8,1e-12,0.00373156,0,4.88853e-12,7.25686e-13
eigen_elementwise,305,1,0,8,1e-12,0.00380398,0,5.91172e-12,7.57182e-13
eigen_elementwise,306,1,0,8,1e-12,0.00390776,0,6.48015e-12,7.40999e-13
eigen_elementwise,307,1,0,8,1e-12,0.00380349,0,3.97904e-12,6.47219e-13
eigen_elementwise,308,1,0,8,1e-12,0.00382354,0,6.48015e-12,7.59229e-13
eigen_elementwise,309,1,0,8,1e-12,0.003825,0,7.84439e-12,7.79445e-13
eigen_elementwise,310,1,0,8,1e-12,0.00380712,0,6.0254e-12,7.50645e-13
eigen_elementwise,311,1,0,8,1e-12,0.00383604,0,5.91172e-12,8.12613e-13
eigen_elementwise,312,1,0,8,1e-12,0.00384065,0,5.00222e-12,7.45168e-13
eigen_elementwise,313,1,0,8,1e-12,0.00388863,0,8.75389e-12,7.28543e-13
eigen_elementwise,314,1,0,8,1e-12,0.00399137,0,7.7307e-12,7.73987e-13
eigen_elementwise,315,1,0,8,1e-12,0.00392823,0,8.18545e-12,8.03128e-13
eigen_elementwise,316,1,0,8,1e-12,0.00398927,0,8.07177e-12,7.87587e-13
eigen_elementwise,317,1,0,8,1e-12,0.00401232,0,5.22959e-12,6.48004e-13
eigen_elementwise,318,1,0,8,1e-12,0.0040684,0,5.22959e-12,8.16101e-13
eigen_elementwise,319,1,0,8,1e-12,0.00425097,0,8.6402e-12,7.50644e-13
eigen_elementwise,320,1,0,8,1e-12,0.00412853,0,9.09495e-12,7.71644e-13
eigen_elementwise,321,1,0,8,1e-12,0.00408181,0,7.27596e-12,7.76336e-13
eigen_elementwise,322,1,0,8,1e-12,0.00416939,0,6.0254e-12,7.5471e-13
eigen_elementwise,323,1,0,8,1e-12,0.00417882,0,5.34328e-12,8.50262e-13
eigen_elementwise,324,1,0,8,1e-12,0.00419167,0,7.04858e-12,7.72781e-13
eigen_elementwise,325,1,0,8,1e-12,0.00419446,0,6.59384e-12,7.0742e-13
eigen_elementwise,326,1,0,8,1e-12,0.00420201,0,5.79803e-12,7.30072e-13
eigen_elementwise,327,1,0,8,1e-12,0.00428652,0,8.98126e-12,9.17344e-13
eigen_elementwise,328,1,0,8,1e-12,0.00428023,0,7.27596e-12,7.91945e-13
eigen_elementwise,329,1,0,8,1e-12,0.00432262,0,7.04858e-12,8.18399e-13
eigen_elementwise,330,1,0,8,1e-12,0.00434302,0,8.41283e-12,8.89536e-13
eigen_elementwise,331,1,0,8,1e-12,0.0043479,0,7.38964e-12,8.37465e-13
eigen_elementwise,332,1,0,8,1e-12,0.00439107,0,7.38964e-12,8.5134e-13
eigen_elementwise,333,1,0,8,1e-12,0.00438974,0,6.0254e-12,8.94774e-13
eigen_elementwise,334,1,0,8,1e-12,0.00443884,0,6.70752e-12,7.86902e-13
eigen_elementwise,335,1,0,8,1e-12,0.0044093,0,6.36646e-12,7.81763e-13
eigen_elementwise,336,1,0,8,1e-12,0.00446936,0,4.88853e-12,7.74155e-13
eigen_elementwise,337,1,0,8,1e-12,0.00449031,0,5.34328e-12,8.02644e-13
eigen_elementwise,338,1,0,8,1e-12,0.00459612,0,6.82121e-12,7.89311e-13
eigen_elementwise,339,1,0,8,1e-12,0.00458767,0,7.61702e-12,8.39769e-13
eigen_elementwise,340,1,0,8,1e-12,0.00469774,0,8.75389e-12,8.08211e-13
eigen_elementwise,341,1,0,8,1e-12,0.00466352,0,6.9349e-12,8.12449e-13
eigen_elementwise,342,1,0,8,1e-12,0.00470605,0,8.18545e-12,8.46793e-13
eigen_elementwise,343,1,0,8,1e-12,0.00465758,0,4.77485e-12,8.71819e-13
eigen_elementwise,344,1,0,8,1e-12,0.00471017,0,6.82121e-12,8.76204e-13
eigen_elementwise,345,1,0,8,1e-12,0.00477471,0,7.27596e-12,9.39538e-13
eigen_elementwise,346,1,0,8,1e-12,0.00475068,0,5.45697e-12,8.07359e-13
eigen_elementwise,347,1,0,8,1e-12,0.0047664,0,7.7307e-12,8.09678e-13
eigen_elementwise,348,1,0,8,1e-12,0.00485845,0,6.36646e-12,7.49033e-13
eigen_elementwise,349,1,0,8,1e-12,0.00483177,0,6.48015e-12,7.66263e-13
eigen_elementwise,350,1,0,8,1e-12,0.00488108,0,5.34328e-12,8.63378e-13
eigen_elementwise,351,1,0,8,1e-12,0.00492843,0,7.38964e-12,8.28227e-13
eigen_elementwise,352,1,0,8,1e-12,0.00491474,0,7.16227e-12,8.19548e-13
eigen_elementwise,353,1,0,8,1e-12,0.00491425,0,7.7307e-12,8.38073e-13
eigen_elementwise,354,1,0,8,1e-12,0.00498311,0,6.70752e-12,7.42037e-13
eigen_elementwise,355,1,0,8,1e-12,0.00502551,0,6.82121e-12,8.61472e-13
eigen_elementwise,356,1,0,8,1e-12,0.0049864,0,6.48015e-12,8.88962e-13
eigen_elementwise,357,1,0,8,1e-12,0.00505058,0,4.88853e-12,6.96367e-13
eigen_elementwise,358,1,0,8,1e-12,0.00514158,0,8.41283e-12,8.35264e-13
eigen_elementwise,359,1,0,8,1e-12,0.0051105,0,8.41283e-12,8.7088e-13
eigen_elementwise,360,1,0,8,1e-12,0.00518649,0,8.29914e-12,8.19712e-13
eigen_elementwise,361,1,0,8,1e-12,0.0051756,0,8.29914e-12,8.40356e-13
eigen_elementwise,362,1,0,8,1e-12,0.005227,0,9.66338e-12,9.61553e-13
eigen_elementwise,363,1,0,8,1e-12,0.00526953,0,7.04858e-12,8.53784e-13
eigen_elementwise,364,1,0,8,1e-12,0.00528196,0,9.09495e-12,8.1714e-13
eigen_elementwise,365,1,0,8,1e-12,0.00524222,0,6.13909e-12,8.75803e-13
eigen_elementwise,366,1,0,8,1e-12,0.00534852,0,6.13909e-12,7.54631e-13
eigen_elementwise,367,1,0,8,1e-12,0.00540042,0,8.86757e-12,8.75821e-13
eigen_elementwise,368,1,0,8,1e-12,0.00544372,0,6.13909e-12,8.51765e-13
eigen_elementwise,369,1,0,8,1e-12,0.00542549,0,6.9349e-12,8.38709e-13
eigen_elementwise,370,1,0,8,1e-12,0.0054676,0,6.59384e-12,8.87246e-13
eigen_elementwise,371,1,0,8,1e-12,0.00559953,0,8.41283e-12,8.89525e-13
eigen_elementwise,372,1,0,8,1e-12,0.00551335,0,1.00044e-11,8.43111e-13
eigen_elementwise,373,1,0,8,1e-12,0.00547801,0,6.48015e-12,8.42035e-13
eigen_elementwise,374,1,0,8,1e-12,0.00558138,0,5.11591e-12,8.09823e-13
eigen_elementwise,375,1,0,8,1e-12,0.00561308,0,5.91172e-12,7.38027e-13
eigen_elementwise,376,1,0,8,1e-12,0.00561211,0,1.01181e-11,8.279e-13
eigen_elementwise,377,1,0,8,1e-12,0.00568048,0,5.11591e-12,7.71414e-13
eigen_elementwise,378,1,0,8,1e-12,0.00563606,0,7.27596e-12,8.90841e-13
eigen_elementwise,379,1,0,8,1e-12,0.00584167,0,5.22959e-12,8.52143e-13
eigen_elementwise,380,1,0,8,1e-12,0.00574739,0,6.48015e-12,8.64489e-13
eigen_elementwise,381,1,0,8,1e-12,0.00580012,0,7.04858e-12,8.46341e-13
eigen_elementwise,382,1,0,8,1e-12,0.00577847,0,5.34328e-12,8.45934e-13
eigen_elementwise,383,1,0,8,1e-12,0.006217,0,4.77485e-12,7.73314e-13
eigen_elementwise,384,1,0,8,1e-12,0.00586919,0,6.25278e-12,8.02305e-13
eigen_elementwise,385,1,0,8,1e-12,0.00580801,0,8.52651e-12,8.50993e-13
eigen_elementwise,386,1,0,8,1e-12,0.00588113,0,8.75389e-12,9.12818e-13
eigen_elementwise,387,1,0,8,1e-12,0.0058752,0,7.16227e-12,7.86226e-13
eigen_elementwise,388,1,0,8,1e-12,0.00594755,0,1.19371e-11,7.4725e-13
eigen_elementwise,389,1,0,8,1e-12,0.00598171,0,6.70752e-12,8.52436e-13
eigen_elementwise,390,1,0,8,1e-12,0.0060123,0,1.19371e-11,8.33855e-13
eigen_elementwise,391,1,0,8,1e-12,0.00605169,0,7.04858e-12,7.69189e-13
eigen_elementwise,392,1,0,8,1e-12,0.00607662,0,9.43601e-12,8.06161e-13
eigen_elementwise,393,1,0,8,1e-12,0.00610602,0,6.36646e-12,8.56287e-13
eigen_elementwise,394,1,0,8,1e-12,0.00610798,0,5.00222e-12,8.07193e-13
eigen_elementwise,395,1,0,8,1e-12,0.00613417,0,8.18545e-12,8.34426e-13
eigen_elementwise,396,1,0,8,1e-12,0.00615282,0,5.68434e-12,8.36627e-13
eigen_elementwise,397,1,0,8,1e-12,0.0062668,0,9.89075e-12,8.62811e-13
eigen_elementwise,398,1,0,8,1e-12,0.00626596,0,7.95808e-12,8.49543e-13
eigen_elementwise,399,1,0,8,1e-12,0.00629068,0,6.36646e-12,7.95427e-13
eigen_elementwise,400,1,0,8,1e-12,0.00630689,0,7.95808e-12,8.86037e-13
eigen_elementwise,401,1,0,8,1e-12,0.00628642,0,1.09139e-11,8.97098e-13
eigen_elementwise,402,1,0,8,1e-12,0.00642422,0,7.61702e-12,8.20018e-13
eigen_elementwise,403,1,0,8,1e-12,0.00637652,0,6.82121e-12,8.49556e-13
eigen_elementwise,404,1,0,8,1e-12,0.00640285,0,6.9349e-12,8.74006e-13
eigen_elementwise,405,1,0,8,1e-12,0.00639985,0,6.82121e-12,8.59454e-13
eigen_elementwise,406,1,0,8,1e-12,0.00648659,0,8.07177e-12,8.48837e-13
eigen_elementwise,407,1,0,8,1e-12,0.00652821,0,6.13909e-12,7.63302e-13
eigen_elementwise,408,1,0,8,1e-12,0.00656502,0,8.07177e-12,8.03186e-13
eigen_elementwise,409,1,0,8,1e-12,0.00665281,0,7.27596e-12,8.859e-13
eigen_elementwise,410,1,0,8,1e-12,0.00659875,0,9.66338e-12,9.1517e-13
eigen_elementwise,411,1,0,8,1e-12,0.00659128,0,7.38964e-12,8.68643e-13
eigen_elementwise,412,1,0,8,1e-12,0.00665749,0,7.38964e-12,9.64083e-13
eigen_elementwise,413,1,0,8,1e-12,0.00668424,0,7.95808e-12,8.83561e-13
eigen_elementwise,414,1,0,8,1e-12,0.00676141,0,5.79803e-12,8.22387e-13
eigen_elementwise,415,1,0,8,1e-12,0.00680479,0,7.7307e-12,8.77596e-13
eigen_elementwise,416,1,0,8,1e-12,0.00674444,0,6.9349e-12,7.95773e-13
eigen_elementwise,417,1,0,8,1e-12,0.00676868,0,8.41283e-12,8.35183e-13
eigen_elementwise,418,1,0,8,1e-12,0.00685619,0,1.11413e-11,8.23855e-13
eigen_elementwise,419,1,0,8,1e-12,0.00684264,0,6.0254e-12,8.5217e-13
eigen_elementwise,420,1,0,8,1e-12,0.0069085,0,8.07177e-12,8.52047e-13
eigen_elementwise,421,1,0,8,1e-12,0.00685842,0,9.09495e-12,8.27731e-13
eigen_elementwise,422,1,0,8,1e-12,0.0069597,0,7.38964e-12,8.73776e-13
eigen_elementwise,423,1,0,8,1e-12,0.00698316,0,8.75389e-12,8.81752e-13
eigen_elementwise,424,1,0,8,1e-12,0.00692338,0,6.48015e-12,8.55294e-13
eigen_elementwise,425,1,0,8,1e-12,0.00709058,0,7.27596e-12,8.93117e-13
eigen_elementwise,426,1,0,8,1e-12,0.0072003,0,7.04858e-12,8.40007e-13
eigen_elementwise,427,1,0,8,1e-12,0.00714994,0,7.7307e-12,8.48392e-13
eigen_elementwise,428,1,0,8,1e-12,0.00723054,0,6.9349e-12,9.24703e-13
eigen_elementwise,429,1,0,8,1e-12,0.00714973,0,7.7307e-12,8.27087e-13
eigen_elementwise,430,1,0,8,1e-12,0.00727182,0,7.50333e-12,7.8742e-13
eigen_elementwise,431,1,0,8,1e-12,0.00733537,0,6.36646e-12,8.37868e-13
eigen_elementwise,432,1,0,8,1e-12,0.00726169,0,6.70752e-12,8.24326e-13
eigen_elementwise,433,1,0,8,1e-12,0.00737141,0,7.27596e-12,8.75299e-13
eigen_elementwise,434,1,0,8,1e-12,0.00740745,0,1.01181e-11,9.42402e-13
eigen_elementwise,435,1,0,8,1e-12,0.00750243,0,1.11413e-11,8.80746e-13
eigen_elementwise,436,1,0,8,1e-12,0.00758436,0,7.16227e-12,9.25305e-13
eigen_elementwise,437,1,0,8,1e-12,0.00753952,0,6.25278e-12,7.29263e-13
eigen_elementwise,438,1,0,8,1e-12,0.00756501,0,6.82121e-12,9.17705e-13
eigen_elementwise,439,1,0,8,1e-12,0.0075655,0,6.70752e-12,8.19987e-13
eigen_elementwise,440,1,0,8,1e-12,0.00761718,0,5.91172e-12,8.49783e-13
eigen_elementwise,441,1,0,8,1e-12,0.00766111,0,8.18545e-12,8.55069e-13
eigen_elementwise,442,1,0,8,1e-12,0.00768912,0,6.70752e-12,8.56429e-13
eigen_elementwise,443,1,0,8,1e-12,0.00775763,0,8.75389e-12,8.61295e-13
eigen_elementwise,444,1,0,8,1e-12,0.00778899,0,6.82121e-12,8.33634e-13
eigen_elementwise,445,1,0,8,1e-12,0.00786707,0,8.29914e-12,9.169e-13
eigen_elementwise,446,1,0,8,1e-12,0.00786861,0,8.29914e-12,8.42069e-13
eigen_elementwise,447,1,0,8,1e-12,0.00821866,0,7.95808e-12,8.76997e-13
eigen_elementwise,448,1,0,8,1e-12,0.00800257,0,5.11591e-12,8.03968e-13
eigen_elementwise,449,1,0,8,1e-12,0.00795291,0,6.36646e-12,8.9402e-13
eigen_elementwise,450,1,0,8,1e-12,0.00796325,0,5.34328e-12,8.50876e-13
eigen_elementwise,451,1,0,8,1e-12,0.0080085,0,6.48015e-12,8.66229e-13
eigen_elementwise,452,1,0,8,1e-12,0.00806347,0,8.07177e-12,8.58343e-13
eigen_elementwise,453,1,0,8,1e-12,0.0080164,0,6.82121e-12,9.41764e-13
eigen_elementwise,454,1,0,8,1e-12,0.00816648,0,7.16227e-12,8.60784e-13
eigen_elementwise,455,1,0,8,1e-12,0.00819037,0,7.50333e-12,9.93959e-13
eigen_elementwise,456,1,0,8,1e-12,0.00815419,0,1.15961e-11,8.2194e-13
eigen_elementwise,457,1,0,8,1e-12,0.00821852,0,7.50333e-12,8.10653e-13
eigen_elementwise,458,1,0,8,1e-12,0.00831741,0,1.19371e-11,9.37775e-13
eigen_elementwise,459,1,0,8,1e-12,0.00838844,0,1.06866e-11,9.04486e-13
eigen_elementwise,460,1,0,8,1e-12,0.00833557,0,7.27596e-12,8.74268e-13
eigen_elementwise,461,1,0,8,1e-12,0.00839235,0,9.20863e-12,8.54438e-13
eigen_elementwise,462,1,0,8,1e-12,0.00840779,0,9.43601e-12,8.52666e-13
eigen_elementwise,463,1,0,8,1e-12,0.00849998,0,9.77707e-12,9.4128e-13
eigen_elementwise,464,1,0,8,1e-12,0.00856053,0,8.18545e-12,9.38425e-13
eigen_elementwise,465,1,0,8,1e-12,0.00852896,0,8.86757e-12,8.59495e-13
eigen_elementwise,466,1,0,8,1e-12,0.00850989,0,7.04858e-12,8.43751e-13
eigen_elementwise,467,1,0,8,1e-12,0.00858511,0,7.27596e-12,8.3505e-13
eigen_elementwise,468,1,0,8,1e-12,0.008518,0,8.41283e-12,9.52578e-13
eigen_elementwise,469,1,0,8,1e-12,0.00870713,0,1.22782e-11,9.32657e-13
eigen_elementwise,470,1,0,8,1e-12,0.00876572,0,9.89075e-12,9.35248e-13
eigen_elementwise,471,1,0,8,1e-12,0.00881189,0,6.70752e-12,9.06617e-13
eigen_elementwise,472,1,0,8,1e-12,0.00876377,0,8.07177e-12,8.00794e-13
eigen_elementwise,473,1,0,8,1e-12,0.00889856,0,9.32232e-12,9.6455e-13
eigen_elementwise,474,1,0,8,1e-12,0.00885009,0,7.16227e-12,9.30856e-13
eigen_elementwise,475,1,0,8,1e-12,0.00909607,0,8.07177e-12,8.61879e-13
eigen_elementwise,476,1,0,8,1e-12,0.00888404,0,8.18545e-12,8.35087e-13
eigen_elementwise,477,1,0,8,1e-12,0.00900877,0,1.01181e-11,9.3301e-13
eigen_elementwise,478,1,0,8,1e-12,0.00899362,0,9.77707e-12,9.59506e-13
eigen_elementwise,479,1,0,8,1e-12,0.00925922,0,9.32232e-12,8.7982e-13
eigen_elementwise,480,1,0,8,1e-12,0.00912338,0,7.61702e-12,8.74351e-13
eigen_elementwise,481,1,0,8,1e-12,0.00915774,0,7.95808e-12,9.38116e-13
eigen_elementwise,482,1,0,8,1e-12,0.00915704,0,9.32232e-12,9.23638e-13
eigen_elementwise,483,1,0,8,1e-12,0.0093408,0,9.54969e-12,8.90133e-13
eigen_elementwise,484,1,0,8,1e-12,0.0092711,0,8.07177e-12,8.49238e-13
eigen_elementwise,485,1,0,8,1e-12,0.00925112,0,5.79803e-12,9.32168e-13
eigen_elementwise,486,1,0,8,1e-12,0.00935079,0,1.11413e-11,9.3865e-13
eigen_elementwise,487,1,0,8,1e-12,0.00931586,0,7.38964e-12,9.62482e-13
eigen_elementwise,488,1,0,8,1e-12,0.00950967,0,7.7307e-12,9.24976e-13
eigen_elementwise,489,1,0,8,1e-12,0.00941581,0,7.27596e-12,8.56459e-13
eigen_elementwise,490,1,0,8,1e-12,0.00950402,0,9.89075e-12,1.06954e-12
eigen_elementwise,491,1,0,8,1e-12,0.00950276,0,8.86757e-12,8.78804e-13
eigen_elementwise,492,1,0,8,1e-12,0.00966046,0,8.6402e-12,9.6107e-13
eigen_elementwise,493,1,0,8,1e-12,0.00966242,0,6.0254e-12,8.88577e-13
eigen_elementwise,494,1,0,8,1e-12,0.00961492,0,8.6402e-12,9.3237e-13
eigen_elementwise,495,1,0,8,1e-12,0.00969489,0,5.45697e-12,8.45603e-13
eigen_elementwise,496,1,0,8,1e-12,0.00970153,0,1.06866e-11,9.50165e-13
eigen_elementwise,497,1,0,8,1e-12,0.00976885,0,1.08002e-11,8.91582e-13
eigen_elementwise,498,1,0,8,1e-12,0.00972534,0,7.61702e-12,9.43656e-13
eigen_elementwise,499,1,0,8,1e-12,0.00984191,0,1.11413e-11,8.16894e-13
eigen_elementwise,500,1,0,8,1e-12,0.00992174,0,8.07177e-12,8.80092e-13
eigen_elementwise,501,1,0,8,1e-12,0.00988856,0,1.00044e-11,9.36071e-13
eigen_elementwise,502,1,0,8,1e-12,0.00993096,0,7.95808e-12,9.06745e-13
eigen_elementwise,503,1,0,8,1e-12,0.0100925,0,7.61702e-12,9.57834e-13
eigen_elementwise,504,1,0,8,1e-12,0.0100702,0,8.41283e-12,9.6323e-13
eigen_elementwise,505,1,0,8,1e-12,0.0100677,0,1.01181e-11,9.2613e-13
eigen_elementwise,506,1,0,8,1e-12,0.0100303,0,8.18545e-12,9.26331e-13
eigen_elementwise,507,1,0,8,1e-12,0.0101776,0,7.7307e-12,9.08308e-13
eigen_elementwise,508,1,0,8,1e-12,0.0101489,0,7.61702e-12,9.61465e-13
eigen_elementwise,509,1,0,8,1e-12,0.0102346,0,6.48015e-12,9.46326e-13
eigen_elementwise,510,1,0,8,1e-12,0.0103059,0,7.50333e-12,8.9509e-13
eigen_elementwise,511,1,0,8,1e-12,0.0114492,0,1.01181e-11,9.54987e-13
eigen_elementwise,512,1,0,8,1e-12,0.0117008,0,6.48015e-12,8.68648e-13
eigen_elementwise,513,1,0,8,1e-12,0.0109142,0,8.07177e-12,1.05481e-12
eigen_elementwise,514,1,0,8,1e-12,0.01054,0,8.86757e-12,9.69023e-13
eigen_elementwise,515,1,0,8,1e-12,0.0104962,0,9.77707e-12,9.15134e-13
eigen_elementwise,516,1,0,8,1e-12,0.0105257,0,6.48015e-12,9.24781e-13
eigen_elementwise,517,1,0,8,1e-12,0.0104867,0,1.00044e-11,9.52634e-13
eigen_elementwise,518,1,0,8,1e-12,0.0105309,0,6.48015e-12,8.91621e-13
eigen_elementwise,519,1,0,8,1e-12,0.0106014,0,7.61702e-12,8.97877e-13
eigen_elementwise,520,1,0,8,1e-12,0.0106377,0,8.41283e-12,9.07796e-13
eigen_elementwise,521,1,0,8,1e-12,0.0105985,0,1.11413e-11,1.05013e-12
eigen_elementwise,522,1,0,8,1e-12,0.0107636,0,6.59384e-12,9.0856e-13
eigen_elementwise,523,1,0,8,1e-12,0.0106313,0,9.20863e-12,9.19544e-13
eigen_elementwise,524,1,0,8,1e-12,0.0108331,0,6.36646e-12,9.05165e-13
eigen_elementwise,525,1,0,8,1e-12,0.0107303,0,1.08002e-11,9.19603e-13
eigen_elementwise,526,1,0,8,1e-12,0.0109512,0,9.20863e-12,8.74907e-13
eigen_elementwise,527,1,0,8,1e-12,0.010886,0,1.69393e-11,1.00428e-12
eigen_elementwise,528,1,0,8,1e-12,0.0110301,0,7.95808e-12,8.46363e-13
eigen_elementwise,529,1,0,8,1e-12,0.0109307,0,7.7307e-12,9.0744e-13
eigen_elementwise,530,1,0,8,1e-12,0.0110572,0,9.20863e-12,8.93446e-13
eigen_elementwise,531,1,0,8,1e-12,0.0110541,0,9.43601e-12,8.97777e-13
eigen_elementwise,532,1,0,8,1e-12,0.0111533,0,1.44382e-11,9.45567e-13
eigen_elementwise,533,1,0,8,1e-12,0.0112302,0,7.27596e-12,9.48141e-13
eigen_elementwise,534,1,0,8,1e-12,0.0112704,0,1.21645e-11,9.92899e-13
eigen_elementwise,535,1,0,8,1e-12,0.011344,0,9.54969e-12,9.4973e-13
eigen_elementwise,536,1,0,8,1e-12,0.0113141,0,6.59384e-12,9.04905e-13
eigen_elementwise,537,1,0,8,1e-12,0.0113874,0,8.29914e-12,9.37839e-13
eigen_elementwise,538,1,0,8,1e-12,0.0113884,0,7.84439e-12,8.76588e-13
eigen_elementwise,539,1,0,8,1e-12,0.0113485,0,8.52651e-12,9.50631e-13
eigen_elementwise,540,1,0,8,1e-12,0.0115104,0,1.27329e-11,9.91721e-13
eigen_elementwise,541,1,0,8,1e-12,0.0114601,0,7.27596e-12,9.71529e-13
eigen_elementwise,542,1,0,8,1e-12,0.0116037,0,8.6402e-12,9.15024e-13
eigen_elementwise,543,1,0,8,1e-12,0.0118159,0,8.75389e-12,9.01495e-13
eigen_elementwise,544,1,0,8,1e-12,0.0118841,0,9.09495e-12,8.69289e-13
eigen_elementwise,545,1,0,8,1e-12,0.0117539,0,9.32232e-12,8.89847e-13
eigen_elementwise,546,1,0,8,1e-12,0.0116891,0,1.02318e-11,1.0041e-12
eigen_elementwise,547,1,0,8,1e-12,0.011803,0,7.27596e-12,8.67218e-13
eigen_elementwise,548,1,0,8,1e-12,0.0119943,0,7.50333e-12,9.67402e-13
eigen_elementwise,549,1,0,8,1e-12,0.0120532,0,7.61702e-12,8.87874e-13
eigen_elementwise,550,1,0,8,1e-12,0.011878,0,7.61702e-12,9.79404e-13
eigen_elementwise,551,1,0,8,1e-12,0.0121002,0,1.28466e-11,9.72513e-13
eigen_elementwise,552,1,0,8,1e-12,0.0119762,0,1.51203e-11,9.76468e-13
eigen_elementwise,553,1,0,8,1e-12,0.0120525,0,1.01181e-11,9.32927e-13
eigen_elementwise,554,1,0,8,1e-12,0.0117419,0,1.10276e-11,8.98725e-13
eigen_elementwise,555,1,0,8,1e-12,0.01179,0,9.20863e-12,9.55007e-13
eigen_elementwise,556,1,0,8,1e-12,0.0117584,0,1.08002e-11,9.39604e-13
eigen_elementwise,557,1,0,8,1e-12,0.0115158,0,7.95808e-12,9.12547e-13
eigen_elementwise,558,1,0,8,1e-12,0.0118813,0,8.18545e-12,9.36026e-13
eigen_elementwise,559,1,0,8,1e-12,0.0120597,0,7.38964e-12,9.63317e-13
eigen_elementwise,560,1,0,8,1e-12,0.0119484,0,1.08002e-11,9.67265e-13
eigen_elementwise,561,1,0,8,1e-12,0.011898,0,9.43601e-12,9.22676e-13
eigen_elementwise,562,1,0,8,1e-12,0.0118928,0,1.20508e-11,9.66375e-13
eigen_elementwise,563,1,0,8,1e-12,0.012056,0,9.43601e-12,8.79868e-13
eigen_elementwise,564,1,0,8,1e-12,0.0120517,0,5.00222e-12,9.50684e-13
eigen_elementwise,565,1,0,8,1e-12,0.0122427,0,6.9349e-12,8.71993e-13
eigen_elementwise,566,1,0,8,1e-12,0.0121947,0,9.89075e-12,9.73856e-13
eigen_elementwise,567,1,0,8,1e-12,0.0120615,0,8.86757e-12,8.36667e-13
eigen_elementwise,568,1,0,8,1e-12,0.0121783,0,1.15961e-11,9.20981e-13
eigen_elementwise,569,1,0,8,1e-12,0.0121852,0,9.89075e-12,8.36925e-13
eigen_elementwise,570,1,0,8,1e-12,0.0122436,0,7.7307e-12,9.97035e-13
eigen_elementwise,571,1,0,8,1e-12,0.0123477,0,1.00044e-11,1.00719e-12
eigen_elementwise,572,1,0,8,1e-12,0.0124698,0,9.20863e-12,9.40671e-13
eigen_elementwise,573,1,0,8,1e-12,0.0123858,0,7.27596e-12,8.92895e-13
eigen_elementwise,574,1,0,8,1e-12,0.0124068,0,1.08002e-11,9.5312e-13
eigen_elementwise,575,1,0,8,1e-12,0.0130198,0,9.32232e-12,1.06502e-12
eigen_elementwise,576,1,0,8,1e-12,0.0126294,0,9.66338e-12,9.40384e-13
eigen_elementwise,577,1,0,8,1e-12,0.0125958,0,9.09495e-12,9.66712e-13
eigen_elementwise,578,1,0,8,1e-12,0.0127611,0,9.09495e-12,9.23073e-13
eigen_elementwise,579,1,0,8,1e-12,0.0126725,0,8.41283e-12,9.33084e-13
eigen_elementwise,580,1,0,8,1e-12,0.0126532,0,8.18545e-12,9.83823e-13
eigen_elementwise,581,1,0,8,1e-12,0.0128424,0,1.09139e-11,9.7531e-13
eigen_elementwise,582,1,0,8,1e-12,0.0128013,0,9.66338e-12,1.04613e-12
eigen_elementwise,583,1,0,8,1e-12,0.0130264,0,1.01181e-11,8.96832e-13
eigen_elementwise,584,1,0,8,1e-12,0.0129793,0,9.54969e-12,9.19432e-13
eigen_elementwise,585,1,0,8,1e-12,0.0129053,0,7.04858e-12,9.36694e-13
eigen_elementwise,586,1,0,8,1e-12,0.0130794,0,9.32232e-12,9.20603e-13
eigen_elementwise,587,1,0,8,1e-12,0.013181,0,1.43245e-11,9.97261e-13
eigen_elementwise,588,1,0,8,1e-12,0.0131422,0,8.41283e-12,9.25277e-13
eigen_elementwise,589,1,0,8,1e-12,0.0130828,0,1.14824e-11,1.02001e-12
eigen_elementwise,590,1,0,8,1e-12,0.0131472,0,7.7307e-12,9.67189e-13
eigen_elementwise,591,1,0,8,1e-12,0.0131962,0,9.32232e-12,9.3445e-13
eigen_elementwise,592,1,0,8,1e-12,0.0133082,0,9.54969e-12,9.24189e-13
eigen_elementwise,593,1,0,8,1e-12,0.0132222,0,1.21645e-11,9.66912e-13
eigen_elementwise,594,1,0,8,1e-12,0.0132836,0,1.37561e-11,1.02964e-12
eigen_elementwise,595,1,0,8,1e-12,0.0133784,0,8.41283e-12,9.23056e-13
eigen_elementwise,596,1,0,8,1e-12,0.0134192,0,8.29914e-12,9.84304e-13
eigen_elementwise,597,1,0,8,1e-12,0.0134876,0,8.29914e-12,9.32148e-13
eigen_elementwise,598,1,0,8,1e-12,0.0135112,0,7.7307e-12,1.03463e-12
eigen_elementwise,599,1,0,8,1e-12,0.0135448,0,8.41283e-12,8.99905e-13
eigen_elementwise,600,1,0,8,1e-12,0.0136781,0,7.04858e-12,8.81049e-13
eigen_elementwise,601,1,0,8,1e-12,0.0137981,0,9.77707e-12,1.05026e-12
eigen_elementwise,602,1,0,8,1e-12,0.0138241,0,8.6402e-12,1.01346e-12
eigen_elementwise,603,1,0,8,1e-12,0.0138463,0,7.7307e-12,8.72393e-13
eigen_elementwise,604,1,0,8,1e-12,0.0137952,0,9.20863e-12,9.86722e-13
eigen_elementwise,605,1,0,8,1e-12,0.0137961,0,9.20863e-12,9.79969e-13
eigen_elementwise,606,1,0,8,1e-12,0.014523,0,9.54969e-12,9.82075e-13
eigen_elementwise,607,1,0,8,1e-12,0.0147102,0,8.86757e-12,9.69651e-13
eigen_elementwise,608,1,0,8,1e-12,0.0145267,0,9.89075e-12,9.16132e-13
eigen_elementwise,609,1,0,8,1e-12,0.0145883,0,8.18545e-12,1.07138e-12
eigen_elementwise,610,1,0,8,1e-12,0.0147201,0,1.21645e-11,1.09322e-12
eigen_elementwise,611,1,0,8,1e-12,0.0147457,0,7.84439e-12,9.93201e-13
eigen_elementwise,612,1,0,8,1e-12,0.0148421,0,6.9349e-12,1.00808e-12
eigen_elementwise,613,1,0,8,1e-12,0.0149791,0,9.54969e-12,1.03472e-12
eigen_elementwise,614,1,0,8,1e-12,0.0149186,0,8.98126e-12,9.37647e-13
eigen_elementwise,615,1,0,8,1e-12,0.0150646,0,8.52651e-12,9.06224e-13
eigen_elementwise,616,1,0,8,1e-12,0.0150277,0,1.36424e-11,1.02921e-12
eigen_elementwise,617,1,0,8,1e-12,0.0150058,0,7.7307e-12,9.18857e-13
eigen_elementwise,618,1,0,8,1e-12,0.0151445,0,1.3415e-11,1.0277e-12
eigen_elementwise,619,1,0,8,1e-12,0.0151022,0,1.3415e-11,9.55818e-13
eigen_elementwise,620,1,0,8,1e-12,0.0152344,0,1.10276e-11,1.01427e-12
eigen_elementwise,621,1,0,8,1e-12,0.0151686,0,1.03455e-11,1.0005e-12
eigen_elementwise,622,1,0,8,1e-12,0.0153269,0,1.25056e-11,9.79789e-13
eigen_elementwise,623,1,0,8,1e-12,0.0154369,0,1.03455e-11,9.80769e-13
eigen_elementwise,624,1,0,8,1e-12,0.0153148,0,1.03455e-11,9.68113e-13
eigen_elementwise,625,1,0,8,1e-12,0.015503,0,9.66338e-12,9.63852e-13
eigen_elementwise,626,1,0,8,1e-12,0.0155994,0,8.75389e-12,9.92819e-13
eigen_elementwise,627,1,0,8,1e-12,0.0156947,0,1.00044e-11,9.64939e-13
eigen_elementwise,628,1,0,8,1e-12,0.0156114,0,1.10276e-11,9.4914e-13
eigen_elementwise,629,1,0,8,1e-12,0.0156767,0,8.41283e-12,1.0034e-12
eigen_elementwise,630,1,0,8,1e-12,0.015757,0,7.95808e-12,1.0003e-12
eigen_elementwise,631,1,0,8,1e-12,0.015766,0,1.43245e-11,1.07128e-12
eigen_elementwise,632,1,0,8,1e-12,0.015793,0,1.29603e-11,1.0117e-12
eigen_elementwise,633,1,0,8,1e-12,0.015873,0,1.13687e-11,1.0057e-12
eigen_elementwise,634,1,0,8,1e-12,0.0160135,0,8.86757e-12,9.8517e-13
eigen_elementwise,635,1,0,8,1e-12,0.0160222,0,1.14824e-11,1.03547e-12
eigen_elementwise,636,1,0,8,1e-12,0.0161233,0,9.09495e-12,1.0206e-12
eigen_elementwise,637,1,0,8,1e-12,0.0160905,0,1.59162e-11,1.06944e-12
eigen_elementwise,638,1,0,8,1e-12,0.0163269,0,9.09495e-12,1.00371e-12
eigen_elementwise,639,1,0,8,1e-12,0.0173685,0,1.1255e-11,1.00959e-12
eigen_elementwise,640,1,0,8,1e-12,0.0163265,0,9.66338e-12,1.00309e-12
eigen_elementwise,641,1,0,8,1e-12,0.0162301,0,1.10276e-11,9.61081e-13
eigen_elementwise,642,1,0,8,1e-12,0.0162823,0,1.01181e-11,9.53545e-13
eigen_elementwise,643,1,0,8,1e-12,0.0162277,0,1.01181e-11,9.84833e-13
eigen_elementwise,644,1,0,8,1e-12,0.016352,0,8.75389e-12,1.05309e-12
eigen_elementwise,645,1,0,8,1e-12,0.0164668,0,1.03455e-11,1.04673e-12
eigen_elementwise,646,1,0,8,1e-12,0.0165545,0,8.29914e-12,1.04086e-12
eigen_elementwise,647,1,0,8,1e-12,0.0165768,0,1.51203e-11,1.07822e-12
eigen_elementwise,648,1,0,8,1e-12,0.0165793,0,8.98126e-12,9.68398e-13
eigen_elementwise,649,1,0,8,1e-12,0.0164324,0,8.86757e-12,8.99097e-13
eigen_elementwise,650,1,0,8,1e-12,0.0166687,0,1.43245e-11,9.92323e-13
eigen_elementwise,651,1,0,8,1e-12,0.0167014,0,8.29914e-12,1.00341e-12
eigen_elementwise,652,1,0,8,1e-12,0.0169188,0,1.13687e-11,9.92972e-13
eigen_elementwise,653,1,0,8,1e-12,0.0168393,0,9.89075e-12,9.8504e-13
eigen_elementwise,654,1,0,8,1e-12,0.0169682,0,1.03455e-11,1.03405e-12
eigen_elementwise,655,1,0,8,1e-12,0.0169639,0,1.33014e-11,1.02645e-12
eigen_elementwise,656,1,0,8,1e-12,0.0171292,0,8.75389e-12,9.14343e-13
eigen_elementwise,657,1,0,8,1e-12,0.0171621,0,8.29914e-12,9.73951e-13
eigen_elementwise,658,1,0,8,1e-12,0.0170381,0,9.09495e-12,1.00122e-12
eigen_elementwise,659,1,0,8,1e-12,0.0170653,0,8.75389e-12,1.03094e-12
eigen_elementwise,660,1,0,8,1e-12,0.0173264,0,1.35287e-11,9.94414e-13
eigen_elementwise,661,1,0,8,1e-12,0.0172529,0,6.48015e-12,9.13365e-13
eigen_elementwise,662,1,0,8,1e-12,0.0166023,0,8.86757e-12,9.21477e-13
eigen_elementwise,663,1,0,8,1e-12,0.0168322,0,9.43601e-12,9.95366e-13
eigen_elementwise,664,1,0,8,1e-12,0.0169662,0,1.20508e-11,1.17156e-12
eigen_elementwise,665,1,0,8,1e-12,0.0169215,0,7.7307e-12,9.62012e-13
eigen_elementwise,666,1,0,8,1e-12,0.0170796,0,8.29914e-12,1.02041e-12
eigen_elementwise,667,1,0,8,1e-12,0.016896,0,8.86757e-12,9.27498e-13
eigen_elementwise,668,1,0,8,1e-12,0.0169018,0,8.18545e-12,9.554e-13
eigen_elementwise,669,1,0,8,1e-12,0.0168015,0,7.61702e-12,1.00719e-12
eigen_elementwise,670,1,0,8,1e-12,0.0167096,0,1.39835e-11,1.01288e-12
eigen_elementwise,671,1,0,8,1e-12,0.0172462,0,1.19371e-11,1.00396e-12
eigen_elementwise,672,1,0,8,1e-12,0.0173215,0,1.02318e-11,9.12416e-13
eigen_elementwise,673,1,0,8,1e-12,0.0170421,0,1.18234e-11,9.64576e-13
eigen_elementwise,674,1,0,8,1e-12,0.0172832,0,7.95808e-12,9.15511e-13
eigen_elementwise,675,1,0,8,1e-12,0.0174043,0,1.36424e-11,9.46781e-13
eigen_elementwise,676,1,0,8,1e-12,0.0173001,0,1.33014e-11,1.05066e-12
eigen_elementwise,677,1,0,8,1e-12,0.0174171,0,7.50333e-12,9.59776e-13
eigen_elementwise,678,1,0,8,1e-12,0.0174075,0,9.20863e-12,9.55606e-13
eigen_elementwise,679,1,0,8,1e-12,0.0174932,0,8.75389e-12,9.2588e-13
eigen_elementwise,680,1,0,8,1e-12,0.0175187,0,9.20863e-12,9.31856e-13
eigen_elementwise,681,1,0,8,1e-12,0.0174062,0,9.43601e-12,1.05938e-12
eigen_elementwise,682,1,0,8,1e-12,0.0176686,0,7.50333e-12,1.01522e-12
eigen_elementwise,683,1,0,8,1e-12,0.0176386,0,1.04592e-11,1.02744e-12
eigen_elementwise,684,1,0,8,1e-12,0.0176675,0,9.09495e-12,9.01757e-13
eigen_elementwise,685,1,0,8,1e-12,0.0177931,0,8.52651e-12,1.00767e-12
eigen_elementwise,686,1,0,8,1e-12,0.0177043,0,9.66338e-12,8.93211e-13
eigen_elementwise,687,1,0,8,1e-12,0.0180321,0,1.10276e-11,1.0812e-12
eigen_elementwise,688,1,0,8,1e-12,0.0177235,0,9.32232e-12,9.9609e-13
eigen_elementwise,689,1,0,8,1e-12,0.0181157,0,9.09495e-12,1.0443e-12
eigen_elementwise,690,1,0,8,1e-12,0.0180332,0,7.95808e-12,9.73154e-13
eigen_elementwise,691,1,0,8,1e-12,0.0182188,0,1.1255e-11,1.00148e-12
eigen_elementwise,692,1,0,8,1e-12,0.0181858,0,1.1255e-11,1.01744e-12
eigen_elementwise,693,1,0,8,1e-12,0.0183125,0,9.77707e-12,1.0235e-12
eigen_elementwise,694,1,0,8,1e-12,0.018266,0,1.20508e-11,9.72981e-13
eigen_elementwise,695,1,0,8,1e-12,0.0180405,0,1.10276e-11,9.58226e-13
eigen_elementwise,696,1,0,8,1e-12,0.018449,0,1.00044e-11,1.04561e-12
eigen_elementwise,697,1,0,8,1e-12,0.0184663,0,8.6402e-12,1.05947e-12
eigen_elementwise,698,1,0,8,1e-12,0.0185216,0,8.52651e-12,9.8449e-13
eigen_elementwise,699,1,0,8,1e-12,0.0186413,0,1.14824e-11,9.80787e-13
eigen_elementwise,700,1,0,8,1e-12,0.0185076,0,1.02318e-11,8.97826e-13
eigen_elementwise,701,1,0,8,1e-12,0.018656,0,1.02318e-11,9.91354e-13
eigen_elementwise,702,1,0,8,1e-12,0.0189033,0,1.78488e-11,1.02719e-12
eigen_elementwise,703,1,0,8,1e-12,0.0195038,0,7.7307e-12,9.91627e-13
eigen_elementwise,704,1,0,8,1e-12,0.0188506,0,7.7307e-12,1.00127e-12
eigen_elementwise,705,1,0,8,1e-12,0.018769,0,8.07177e-12,9.85684e-13
eigen_elementwise,706,1,0,8,1e-12,0.0188744,0,7.84439e-12,9.72289e-13
eigen_elementwise,707,1,0,8,1e-12,0.0190277,0,9.20863e-12,1.0038e-12
eigen_elementwise,708,1,0,8,1e-12,0.0190384,0,8.07177e-12,1.03469e-12
eigen_elementwise,709,1,0,8,1e-12,0.0190774,0,1.13687e-11,9.93177e-13
eigen_elementwise,710,1,0,8,1e-12,0.0192931,0,8.6402e-12,9.79375e-13
eigen_elementwise,711,1,0,8,1e-12,0.0192004,0,1.22782e-11,1.11145e-12
eigen_elementwise,712,1,0,8,1e-12,0.0192925,0,9.43601e-12,8.55704e-13
eigen_elementwise,713,1,0,8,1e-12,0.0192116,0,8.98126e-12,9.65689e-13
eigen_elementwise,714,1,0,8,1e-12,0.0194457,0,8.75389e-12,1.00584e-12
eigen_elementwise,715,1,0,8,1e-12,0.0196124,0,8.6402e-12,9.93524e-13
eigen_elementwise,716,1,0,8,1e-12,0.0194038,0,1.02318e-11,1.07975e-12
eigen_elementwise,717,1,0,8,1e-12,0.0194519,0,7.38964e-12,8.98781e-13
eigen_elementwise,718,1,0,8,1e-12,0.0196279,0,9.77707e-12,1.04433e-12
eigen_elementwise,719,1,0,8,1e-12,0.019692,0,9.77707e-12,1.05218e-12
eigen_elementwise,720,1,0,8,1e-12,0.0197112,0,1.10276e-11,9.67863e-13
eigen_elementwise,721,1,0,8,1e-12,0.0194922,0,1.03455e-11,9.62223e-13
eigen_elementwise,722,1,0,8,1e-12,0.019798,0,1.01181e-11,1.0248e-12
eigen_elementwise,723,1,0,8,1e-12,0.019954,0,1.10276e-11,9.55244e-13
eigen_elementwise,724,1,0,8,1e-12,0.0197832,0,7.04858e-12,8.90754e-13
eigen_elementwise,725,1,0,8,1e-12,0.0198628,0,1.17097e-11,9.96583e-13
eigen_elementwise,726,1,0,8,1e-12,0.0199429,0,1.1255e-11,1.00715e-12
eigen_elementwise,727,1,0,8,1e-12,0.0201222,0,8.6402e-12,9.96618e-13
eigen_elementwise,728,1,0,8,1e-12,0.0200025,0,1.01181e-11,1.10211e-12
eigen_elementwise,729,1,0,8,1e-12,0.0201508,0,9.43601e-12,1.00418e-12
eigen_elementwise,730,1,0,8,1e-12,0.0203583,0,1.29603e-11,1.03538e-12
eigen_elementwise,731,1,0,8,1e-12,0.0203746,0,9.77707e-12,1.05113e-12
eigen_elementwise,732,1,0,8,1e-12,0.0203865,0,1.23919e-11,9.76199e-13
eigen_elementwise,733,1,0,8,1e-12,0.0204518,0,9.77707e-12,1.03167e-12
eigen_elementwise,734,1,0,8,1e-12,0.0204425,0,1.01181e-11,1.04514e-12
eigen_elementwise,735,1,0,8,1e-12,0.0207624,0,1.04592e-11,1.04346e-12
eigen_elementwise,736,1,0,8,1e-12,0.0205927,0,1.17097e-11,9.88478e-13
eigen_elementwise,737,1,0,8,1e-12,0.0207219,0,9.32232e-12,9.29136e-13
eigen_elementwise,738,1,0,8,1e-12,0.0204879,0,1.33014e-11,1.10566e-12
eigen_elementwise,739,1,0,8,1e-12,0.0207567,0,8.6402e-12,9.83393e-13
eigen_elementwise,740,1,0,8,1e-12,0.020772,0,1.09139e-11,1.04873e-12
eigen_elementwise,741,1,0,8,1e-12,0.0207347,0,1.15961e-11,1.02421e-12
eigen_elementwise,742,1,0,8,1e-12,0.0208719,0,9.43601e-12,1.00233e-12
eigen_elementwise,743,1,0,8,1e-12,0.0210637,0,8.29914e-12,1.02401e-12
eigen_elementwise,744,1,0,8,1e-12,0.0211705,0,9.54969e-12,1.04628e-12
eigen_elementwise,745,1,0,8,1e-12,0.0211057,0,1.05729e-11,9.53648e-13
eigen_elementwise,746,1,0,8,1e-12,0.021255,0,9.54969e-12,9.97478e-13
eigen_elementwise,747,1,0,8,1e-12,0.0210989,0,7.16227e-12,9.63185e-13
eigen_elementwise,748,1,0,8,1e-12,0.0212217,0,1.13687e-11,1.00563e-12
eigen_elementwise,749,1,0,8,1e-12,0.0214875,0,9.66338e-12,9.63434e-13
eigen_elementwise,750,1,0,8,1e-12,0.0215398,0,9.54969e-12,9.16909e-13
eigen_elementwise,751,1,0,8,1e-12,0.0216895,0,1.20508e-11,9.6235e-13
eigen_elementwise,752,1,0,8,1e-12,0.0213671,0,9.77707e-12,1.02279e-12
eigen_elementwise,753,1,0,8,1e-12,0.0215698,0,8.6402e-12,1.0081e-12
eigen_elementwise,754,1,0,8,1e-12,0.0211597,0,1.00044e-11,1.05147e-12
eigen_elementwise,755,1,0,8,1e-12,0.0210962,0,1.09139e-11,1.03839e-12
eigen_elementwise,756,1,0,8,1e-12,0.0211877,0,9.54969e-12,9.36024e-13
eigen_elementwise,757,1,0,8,1e-12,0.0211047,0,7.84439e-12,9.65915e-13
eigen_elementwise,758,1,0,8,1e-12,0.0214572,0,1.09139e-11,1.04792e-12
eigen_elementwise,759,1,0,8,1e-12,0.0215364,0,1.00044e-11,9.82735e-13
eigen_elementwise,760,1,0,8,1e-12,0.0211649,0,1.28466e-11,1.04983e-12
eigen_elementwise,761,1,0,8,1e-12,0.0211901,0,7.95808e-12,9.7229e-13
eigen_elementwise,762,1,0,8,1e-12,0.0214288,0,9.09495e-12,1.03592e-12
eigen_elementwise,763,1,0,8,1e-12,0.021513,0,9.32232e-12,1.02685e-12
eigen_elementwise,764,1,0,8,1e-12,0.0217909,0,1.05729e-11,1.00443e-12
eigen_elementwise,765,1,0,8,1e-12,0.0216303,0,1.38698e-11,1.00669e-12
eigen_elementwise,766,1,0,8,1e-12,0.0216412,0,1.08002e-11,1.09152e-12
eigen_elementwise,767,1,0,8,1e-12,0.022712,0,1.25056e-11,1.04287e-12
eigen_elementwise,768,1,0,8,1e-12,0.0216672,0,1.01181e-11,9.97896e-13
eigen_elementwise,769,1,0,8,1e-12,0.0218187,0,9.66338e-12,1.0856e-12
eigen_elementwise,770,1,0,8,1e-12,0.0218658,0,8.75389e-12,9.75522e-13
eigen_elementwise,771,1,0,8,1e-12,0.0220526,0,1.37561e-11,1.03099e-12
eigen_elementwise,772,1,0,8,1e-12,0.0220372,0,9.32232e-12,1.02655e-12
eigen_elementwise,773,1,0,8,1e-12,0.0220707,0,1.02318e-11,9.8753e-13
eigen_elementwise,774,1,0,8,1e-12,0.0220727,0,1.35287e-11,1.02792e-12
eigen_elementwise,775,1,0,8,1e-12,0.0220679,0,1.44382e-11,9.85562e-13
eigen_elementwise,776,1,0,8,1e-12,0.022096,0,1.62572e-11,1.06938e-12
eigen_elementwise,777,1,0,8,1e-12,0.0222351,0,8.6402e-12,9.6433e-13
eigen_elementwise,778,1,0,8,1e-12,0.0224152,0,1.59162e-11,1.07675e-12
eigen_elementwise,779,1,0,8,1e-12,0.0224213,0,1.21645e-11,1.03692e-12
eigen_elementwise,780,1,0,8,1e-12,0.0225988,0,7.61702e-12,1.05669e-12
eigen_elementwise,781,1,0,8,1e-12,0.0225049,0,1.1255e-11,1.06281e-12
eigen_elementwise,782,1,0,8,1e-12,0.0226686,0,1.04592e-11,1.12649e-12
eigen_elementwise,783,1,0,8,1e-12,0.0227547,0,8.6402e-12,1.061e-12
eigen_elementwise,784,1,0,8,1e-12,0.0225913,0,1.05729e-11,1.09752e-12
eigen_elementwise,785,1,0,8,1e-12,0.022759,0,1.61435e-11,1.1147e-12
eigen_elementwise,786,1,0,8,1e-12,0.0227934,0,1.15961e-11,1.03281e-12
eigen_elementwise,787,1,0,8,1e-12,0.0228189,0,1.14824e-11,9.74257e-13
eigen_elementwise,788,1,0,8,1e-12,0.0227967,0,1.11413e-11,9.92364e-13
eigen_elementwise,789,1,0,8,1e-12,0.0232323,0,9.54969e-12,1.02187e-12
eigen_elementwise,790,1,0,8,1e-12,0.023012,0,1.17097e-11,1.06465e-12
eigen_elementwise,791,1,0,8,1e-12,0.0232292,0,1.26192e-11,1.0552e-12
eigen_elementwise,792,1,0,8,1e-12,0.0233584,0,1.05729e-11,1.16506e-12
eigen_elementwise,793,1,0,8,1e-12,0.0232112,0,8.6402e-12,1.06251e-12
eigen_elementwise,794,1,0,8,1e-12,0.0240536,0,6.36646e-12,9.70921e-13
eigen_elementwise,795,1,0,8,1e-12,0.0242111,0,1.03455e-11,1.07944e-12
eigen_elementwise,796,1,0,8,1e-12,0.024181,0,8.29914e-12,9.74518e-13
eigen_elementwise,797,1,0,8,1e-12,0.0242924,0,1.44382e-11,9.88633e-13
eigen_elementwise,798,1,0,8,1e-12,0.0243371,0,1.00044e-11,9.93598e-13
eigen_elementwise,799,1,0,8,1e-12,0.0247651,0,9.89075e-12,1.09677e-12
eigen_elementwise,800,1,0,8,1e-12,0.0245402,0,1.10276e-11,1.03119e-12
eigen_elementwise,801,1,0,8,1e-12,0.0244467,0,8.6402e-12,9.59442e-13
eigen_elementwise,802,1,0,8,1e-12,0.0246433,0,1.06866e-11,1.06943e-12
eigen_elementwise,803,1,0,8,1e-12,0.0244594,0,7.7307e-12,1.08723e-12
eigen_elementwise,804,1,0,8,1e-12,0.0246076,0,1.03455e-11,1.0088e-12
eigen_elementwise,805,1,0,8,1e-12,0.0248085,0,1.18234e-11,1.10151e-12
eigen_elementwise,806,1,0,8,1e-12,0.0246407,0,1.18234e-11,1.06336e-12
eigen_elementwise,807,1,0,8,1e-12,0.0247789,0,1.21645e-11,1.12128e-12
eigen_elementwise,808,1,0,8,1e-12,0.0247453,0,9.89075e-12,1.08094e-12
eigen_elementwise,809,1,0,8,1e-12,0.0247358,0,1.13687e-11,1.04035e-12
eigen_elementwise,810,1,0,8,1e-12,0.0251362,0,1.18234e-11,1.10065e-12
eigen_elementwise,811,1,0,8,1e-12,0.0252111,0,1.1255e-11,1.06231e-12
eigen_elementwise,812,1,0,8,1e-12,0.0251191,0,1.01181e-11,1.08332e-12
eigen_elementwise,813,1,0,8,1e-12,0.0252607,0,9.66338e-12,1.07395e-12
eigen_elementwise,814,1,0,8,1e-12,0.0248512,0,1.19371e-11,1.04455e-12
eigen_elementwise,815,1,0,8,1e-12,0.0253436,0,1.37561e-11,1.07058e-12
eigen_elementwise,816,1,0,8,1e-12,0.0253172,0,9.09495e-12,1.0275e-12
eigen_elementwise,817,1,0,8,1e-12,0.0253954,0,1.26192e-11,1.02259e-12
eigen_elementwise,818,1,0,8,1e-12,0.0256078,0,1.23919e-11,9.9039e-13
eigen_elementwise,819,1,0,8,1e-12,0.0256145,0,1.75078e-11,1.12013e-12
eigen_elementwise,820,1,0,8,1e-12,0.0256993,0,1.1255e-11,1.11008e-12
eigen_elementwise,821,1,0,8,1e-12,0.0255315,0,1.01181e-11,1.05434e-12
eigen_elementwise,822,1,0,8,1e-12,0.0257721,0,1.01181e-11,1.10088e-12
eigen_elementwise,823,1,0,8,1e-12,0.0257495,0,1.04592e-11,1.01434e-12
eigen_elementwise,824,1,0,8,1e-12,0.0258638,0,1.09139e-11,9.73333e-13
eigen_elementwise,825,1,0,8,1e-12,0.0256949,0,8.52651e-12,1.1072e-12
eigen_elementwise,826,1,0,8,1e-12,0.0259216,0,1.09139e-11,1.14197e-12
eigen_elementwise,827,1,0,8,1e-12,0.0260744,0,1.61435e-11,1.10433e-12
eigen_elementwise,828,1,0,8,1e-12,0.026391,0,8.41283e-12,9.77286e-13
eigen_elementwise,829,1,0,8,1e-12,0.0264165,0,9.77707e-12,1.05771e-12
eigen_elementwise,830,1,0,8,1e-12,0.0259167,0,1.04592e-11,9.88433e-13
eigen_elementwise,831,1,0,8,1e-12,0.0271112,0,9.20863e-12,1.01518e-12
eigen_elementwise,832,1,0,8,1e-12,0.0264658,0,1.29603e-11,1.06534e-12
eigen_elementwise,833,1,0,8,1e-12,0.0260651,0,1.14824e-11,1.05244e-12
eigen_elementwise,834,1,0,8,1e-12,0.0264774,0,9.77707e-12,1.06182e-12
eigen_elementwise,835,1,0,8,1e-12,0.026487,0,1.13687e-11,1.05133e-12
eigen_elementwise,836,1,0,8,1e-12,0.0268472,0,1.73941e-11,1.05444e-12
eigen_elementwise,837,1,0,8,1e-12,0.0259414,0,1.1255e-11,1.09813e-12
eigen_elementwise,838,1,0,8,1e-12,0.0262792,0,9.20863e-12,1.09521e-12
eigen_elementwise,839,1,0,8,1e-12,0.0263714,0,8.41283e-12,1.00601e-12
eigen_elementwise,840,1,0,8,1e-12,0.026195,0,1.02318e-11,1.06606e-12
eigen_elementwise,841,1,0,8,1e-12,0.0263713,0,1.14824e-11,1.09087e-12
eigen_elementwise,842,1,0,8,1e-12,0.0263118,0,9.20863e-12,1.03965e-12
eigen_elementwise,843,1,0,8,1e-12,0.0262984,0,1.50067e-11,1.07271e-12
eigen_elementwise,844,1,0,8,1e-12,0.0263523,0,9.77707e-12,1.0761e-12
eigen_elementwise,845,1,0,8,1e-12,0.0265617,0,1.13687e-11,1.03742e-12
eigen_elementwise,846,1,0,8,1e-12,0.026589,0,1.33014e-11,9.36115e-13
eigen_elementwise,847,1,0,8,1e-12,0.0266045,0,8.52651e-12,1.03724e-12
eigen_elementwise,848,1,0,8,1e-12,0.0270201,0,1.01181e-11,1.03638e-12
eigen_elementwise,849,1,0,8,1e-12,0.0265332,0,7.7307e-12,1.01484e-12
eigen_elementwise,850,1,0,8,1e-12,0.0269706,0,1.35287e-11,1.02953e-12
eigen_elementwise,851,1,0,8,1e-12,0.0269262,0,1.08002e-11,1.10383e-12
eigen_elementwise,852,1,0,8,1e-12,0.0268772,0,1.3074e-11,1.01656e-12
eigen_elementwise,853,1,0,8,1e-12,0.0271155,0,1.22782e-11,9.7939e-13
eigen_elementwise,854,1,0,8,1e-12,0.0269,0,9.54969e-12,1.02407e-12
eigen_elementwise,855,1,0,8,1e-12,0.0271308,0,1.09139e-11,1.05166e-12
eigen_elementwise,856,1,0,8,1e-12,0.0271488,0,1.42109e-11,1.05493e-12
eigen_elementwise,857,1,0,8,1e-12,0.0271045,0,1.04592e-11,1.05047e-12
eigen_elementwise,858,1,0,8,1e-12,0.0276559,0,9.32232e-12,1.01352e-12
eigen_elementwise,859,1,0,8,1e-12,0.0276096,0,1.00044e-11,1.00615e-12
eigen_elementwise,860,1,0,8,1e-12,0.0276082,0,1.58025e-11,1.09626e-12
eigen_elementwise,861,1,0,8,1e-12,0.027607,0,1.10276e-11,1.06357e-12
eigen_elementwise,862,1,0,8,1e-12,0.0274627,0,9.66338e-12,9.62232e-13
eigen_elementwise,863,1,0,8,1e-12,0.0279039,0,8.86757e-12,1.10145e-12
eigen_elementwise,864,1,0,8,1e-12,0.0277499,0,9.20863e-12,1.04794e-12
eigen_elementwise,865,1,0,8,1e-12,0.0279015,0,8.6402e-12,1.12813e-12
eigen_elementwise,866,1,0,8,1e-12,0.0278768,0,9.09495e-12,9.89329e-13
eigen_elementwise,867,1,0,8,1e-12,0.027664,0,1.38698e-11,1.02717e-12
eigen_elementwise,868,1,0,8,1e-12,0.0279122,0,1.22782e-11,1.04135e-12
eigen_elementwise,869,1,0,8,1e-12,0.0282448,0,1.11413e-11,1.0221e-12
eigen_elementwise,870,1,0,8,1e-12,0.0282128,0,1.17097e-11,1.04361e-12
eigen_elementwise,871,1,0,8,1e-12,0.0283226,0,8.6402e-12,1.02778e-12
eigen_elementwise,872,1,0,8,1e-12,0.0283144,0,9.43601e-12,1.05926e-12
eigen_elementwise,873,1,0,8,1e-12,0.028276,0,1.50067e-11,1.06692e-12
eigen_elementwise,874,1,0,8,1e-12,0.0282753,0,9.54969e-12,1.05978e-12
eigen_elementwise,875,1,0,8,1e-12,0.0282552,0,9.20863e-12,1.05615e-12
eigen_elementwise,876,1,0,8,1e-12,0.0285249,0,8.6402e-12,1.04348e-12
eigen_elementwise,877,1,0,8,1e-12,0.0286425,0,1.08002e-11,1.06465e-12
eigen_elementwise,878,1,0,8,1e-12,0.028513,0,1.50067e-11,1.03105e-12
eigen_elementwise,879,1,0,8,1e-12,0.0289189,0,1.06866e-11,1.08668e-12
eigen_elementwise,880,1,0,8,1e-12,0.0286136,0,1.4893e-11,1.00115e-12
eigen_elementwise,881,1,0,8,1e-12,0.0289648,0,1.17097e-11,9.74147e-13
eigen_elementwise,882,1,0,8,1e-12,0.0290554,0,1.1255e-11,9.87373e-13
eigen_elementwise,883,1,0,8,1e-12,0.0289083,0,9.77707e-12,1.01911e-12
eigen_elementwise,884,1,0,8,1e-12,0.0289979,0,8.6402e-12,1.11062e-12
eigen_elementwise,885,1,0,8,1e-12,0.0292115,0,1.47793e-11,1.09906e-12
eigen_elementwise,886,1,0,8,1e-12,0.0290859,0,1.43245e-11,1.02882e-12
eigen_elementwise,887,1,0,8,1e-12,0.0291358,0,9.77707e-12,1.03633e-12
eigen_elementwise,888,1,0,8,1e-12,0.0293923,0,1.18234e-11,1.15893e-12
eigen_elementwise,889,1,0,8,1e-12,0.0294181,0,1.06866e-11,1.02632e-12
eigen_elementwise,890,1,0,8,1e-12,0.0294904,0,1.40972e-11,1.05348e-12
eigen_elementwise,891,1,0,8,1e-12,0.0295162,0,1.05729e-11,1.05684e-12
eigen_elementwise,892,1,0,8,1e-12,0.0296781,0,8.6402e-12,1.04277e-12
eigen_elementwise,893,1,0,8,1e-12,0.0293942,0,9.77707e-12,1.04179e-12
eigen_elementwise,894,1,0,8,1e-12,0.0298604,0,9.54969e-12,1.04334e-12
eigen_elementwise,895,1,0,8,1e-12,0.0325507,0,1.18234e-11,1.12742e-12
eigen_elementwise,896,1,0,8,1e-12,0.029667,0,8.18545e-12,1.04461e-12
eigen_elementwise,897,1,0,8,1e-12,0.0299717,0,1.00044e-11,1.09112e-12
eigen_elementwise,898,1,0,8,1e-12,0.0298058,0,1.18234e-11,1.02017e-12
eigen_elementwise,899,1,0,8,1e-12,0.0299782,0,1.08002e-11,1.04221e-12
eigen_elementwise,900,1,0,8,1e-12,0.0303345,0,9.43601e-12,9.69429e-13
eigen_elementwise,901,1,0,8,1e-12,0.0300146,0,9.66338e-12,1.03951e-12
eigen_elementwise,902,1,0,8,1e-12,0.0302082,0,1.89857e-11,1.06065e-12
eigen_elementwise,903,1,0,8,1e-12,0.030182,0,1.11413e-11,9.91279e-13
eigen_elementwise,904,1,0,8,1e-12,0.0304578,0,9.54969e-12,1.10428e-12
eigen_elementwise,905,1,0,8,1e-12,0.0305259,0,7.27596e-12,1.00255e-12
eigen_elementwise,906,1,0,8,1e-12,0.0305919,0,1.64846e-11,1.0731e-12
eigen_elementwise,907,1,0,8,1e-12,0.0306426,0,1.11413e-11,1.00024e-12
eigen_elementwise,908,1,0,8,1e-12,0.0308454,0,1.00044e-11,1.04835e-12
eigen_elementwise,909,1,0,8,1e-12,0.0308994,0,1.37561e-11,1.10859e-12
eigen_elementwise,910,1,0,8,1e-12,0.0310352,0,1.14824e-11,1.12182e-12
eigen_elementwise,911,1,0,8,1e-12,0.0311182,0,9.77707e-12,1.01377e-12
eigen_elementwise,912,1,0,8,1e-12,0.0303969,0,9.89075e-12,1.09694e-12
eigen_elementwise,913,1,0,8,1e-12,0.0307334,0,1.38698e-11,1.00827e-12
eigen_elementwise,914,1,0,8,1e-12,0.0304863,0,1.28466e-11,1.06374e-12
eigen_elementwise,915,1,0,8,1e-12,0.0305241,0,1.00044e-11,1.13243e-12
eigen_elementwise,916,1,0,8,1e-12,0.0307329,0,1.35287e-11,1.10226e-12
eigen_elementwise,917,1,0,8,1e-12,0.0307489,0,1.64846e-11,1.08327e-12
eigen_elementwise,918,1,0,8,1e-12,0.0306307,0,1.17097e-11,1.0847e-12
eigen_elementwise,919,1,0,8,1e-12,0.0303986,0,1.10276e-11,1.05201e-12
eigen_elementwise,920,1,0,8,1e-12,0.0310105,0,1.11413e-11,1.05751e-12
eigen_elementwise,921,1,0,8,1e-12,0.0308955,0,9.20863e-12,1.04019e-12
eigen_elementwise,922,1,0,8,1e-12,0.0311445,0,9.54969e-12,1.13587e-12
eigen_elementwise,923,1,0,8,1e-12,0.0310718,0,1.44382e-11,1.09188e-12
eigen_elementwise,924,1,0,8,1e-12,0.0309165,0,1.50067e-11,1.07285e-12
eigen_elementwise,925,1,0,8,1e-12,0.0306189,0,9.66338e-12,1.03446e-12
eigen_elementwise,926,1,0,8,1e-12,0.0311065,0,1.13687e-11,1.11458e-12
eigen_elementwise,927,1,0,8,1e-12,0.0317148,0,9.89075e-12,1.04344e-12
eigen_elementwise,928,1,0,8,1e-12,0.0315744,0,9.43601e-12,1.03985e-12
eigen_elementwise,929,1,0,8,1e-12,0.0311998,0,1.02318e-11,1.09084e-12
eigen_elementwise,930,1,0,8,1e-12,0.0313498,0,1.17097e-11,1.10126e-12
eigen_elementwise,931,1,0,8,1e-12,0.0314208,0,1.15961e-11,1.05421e-12
eigen_elementwise,932,1,0,8,1e-12,0.0313924,0,1.14824e-11,1.05858e-12
eigen_elementwise,933,1,0,8,1e-12,0.0315355,0,1.09139e-11,1.02546e-12
eigen_elementwise,934,1,0,8,1e-12,0.0316434,0,1.13687e-11,1.15823e-12
eigen_elementwise,935,1,0,8,1e-12,0.031952,0,1.04592e-11,1.1318e-12
eigen_elementwise,936,1,0,8,1e-12,0.0320066,0,1.02318e-11,1.05805e-12
eigen_elementwise,937,1,0,8,1e-12,0.0319731,0,9.77707e-12,1.12402e-12
eigen_elementwise,938,1,0,8,1e-12,0.0317777,0,1.36424e-11,1.06199e-12
eigen_elementwise,939,1,0,8,1e-12,0.0320708,0,1.01181e-11,1.00161e-12
eigen_elementwise,940,1,0,8,1e-12,0.0321264,0,1.06866e-11,1.01946e-12
eigen_elementwise,941,1,0,8,1e-12,0.0323073,0,1.15961e-11,1.12817e-12
eigen_elementwise,942,1,0,8,1e-12,0.0324799,0,1.38698e-11,1.13275e-12
eigen_elementwise,943,1,0,8,1e-12,0.0323265,0,7.95808e-12,1.09441e-12
eigen_elementwise,944,1,0,8,1e-12,0.032553,0,9.66338e-12,1.01388e-12
eigen_elementwise,945,1,0,8,1e-12,0.03326,0,9.54969e-12,1.02582e-12
eigen_elementwise,946,1,0,8,1e-12,0.033036,0,1.10276e-11,1.08417e-12
eigen_elementwise,947,1,0,8,1e-12,0.0332011,0,9.20863e-12,1.08568e-12
eigen_elementwise,948,1,0,8,1e-12,0.0331666,0,1.15961e-11,1.10372e-12
eigen_elementwise,949,1,0,8,1e-12,0.0335185,0,1.25056e-11,1.0748e-12
eigen_elementwise,950,1,0,8,1e-12,0.0334292,0,1.45519e-11,1.05555e-12
eigen_elementwise,951,1,0,8,1e-12,0.0334954,0,1.18234e-11,1.11373e-12
eigen_elementwise,952,1,0,8,1e-12,0.0337825,0,1.08002e-11,1.19567e-12
eigen_elementwise,953,1,0,8,1e-12,0.0336988,0,1.43245e-11,1.15389e-12
eigen_elementwise,954,1,0,8,1e-12,0.033844,0,1.08002e-11,1.10067e-12
eigen_elementwise,955,1,0,8,1e-12,0.0339139,0,1.94404e-11,1.1306e-12
eigen_elementwise,956,1,0,8,1e-12,0.0339422,0,1.18234e-11,1.00108e-12
eigen_elementwise,957,1,0,8,1e-12,0.0336515,0,1.44382e-11,1.03644e-12
eigen_elementwise,958,1,0,8,1e-12,0.0339118,0,1.3074e-11,1.11481e-12
eigen_elementwise,959,1,0,8,1e-12,0.0355138,0,1.28466e-11,1.08269e-12
eigen_elementwise,960,1,0,8,1e-12,0.0341756,0,9.09495e-12,9.7163e-13
eigen_elementwise,961,1,0,8,1e-12,0.034358,0,9.20863e-12,9.90501e-13
eigen_elementwise,962,1,0,8,1e-12,0.0342124,0,1.3074e-11,1.12708e-12
eigen_elementwise,963,1,0,8,1e-12,0.034363,0,1.15961e-11,1.08801e-12
eigen_elementwise,964,1,0,8,1e-12,0.0346145,0,9.54969e-12,1.01182e-12
eigen_elementwise,965,1,0,8,1e-12,0.0343497,0,1.22782e-11,1.03818e-12
eigen_elementwise,966,1,0,8,1e-12,0.0344322,0,1.02318e-11,1.01256e-12
eigen_elementwise,967,1,0,8,1e-12,0.0349693,0,1.23919e-11,1.08592e-12
eigen_elementwise,968,1,0,8,1e-12,0.0347336,0,9.20863e-12,1.07213e-12
eigen_elementwise,969,1,0,8,1e-12,0.0349276,0,1.72804e-11,1.09651e-12
eigen_elementwise,970,1,0,8,1e-12,0.0348697,0,9.20863e-12,9.8018e-13
eigen_elementwise,971,1,0,8,1e-12,0.0348772,0,1.79625e-11,1.07617e-12
eigen_elementwise,972,1,0,8,1e-12,0.0347199,0,1.44382e-11,1.04459e-12
eigen_elementwise,973,1,0,8,1e-12,0.0352208,0,1.17097e-11,1.09961e-12
eigen_elementwise,974,1,0,8,1e-12,0.0352218,0,1.38698e-11,1.14873e-12
eigen_elementwise,975,1,0,8,1e-12,0.0358944,0,1.68257e-11,1.06737e-12
eigen_elementwise,976,1,0,8,1e-12,0.0355463,0,7.04858e-12,1.01521e-12
eigen_elementwise,977,1,0,8,1e-12,0.0353725,0,1.20508e-11,1.10557e-12
eigen_elementwise,978,1,0,8,1e-12,0.0353077,0,1.1255e-11,1.06697e-12
eigen_elementwise,979,1,0,8,1e-12,0.0357279,0,1.55751e-11,1.12985e-12
eigen_elementwise,980,1,0,8,1e-12,0.0359079,0,1.61435e-11,1.16373e-12
eigen_elementwise,981,1,0,8,1e-12,0.0353585,0,1.50067e-11,1.05866e-12
eigen_elementwise,982,1,0,8,1e-12,0.0356927,0,1.14824e-11,1.15211e-12
eigen_elementwise,983,1,0,8,1e-12,0.0354278,0,1.09139e-11,1.04519e-12
eigen_elementwise,984,1,0,8,1e-12,0.0353639,0,1.05729e-11,1.05316e-12
eigen_elementwise,985,1,0,8,1e-12,0.0351953,0,1.63709e-11,1.07893e-12
eigen_elementwise,986,1,0,8,1e-12,0.0353401,0,1.18234e-11,1.12333e-12
eigen_elementwise,987,1,0,8,1e-12,0.0353009,0,1.78488e-11,1.11065e-12
eigen_elementwise,988,1,0,8,1e-12,0.0356767,0,1.08002e-11,1.12272e-12
eigen_elementwise,989,1,0,8,1e-12,0.0353516,0,1.39835e-11,1.09036e-12
eigen_elementwise,990,1,0,8,1e-12,0.0356492,0,1.27329e-11,1.16528e-12
eigen_elementwise,991,1,0,8,1e-12,0.0360401,0,1.46656e-11,1.09327e-12
eigen_elementwise,992,1,0,8,1e-12,0.0361579,0,1.55751e-11,1.16045e-12
eigen_elementwise,993,1,0,8,1e-12,0.0364548,0,1.3415e-11,1.07625e-12
eigen_elementwise,994,1,0,8,1e-12,0.0359999,0,1.15961e-11,1.16821e-12
eigen_elementwise,995,1,0,8,1e-12,0.0363092,0,1.23919e-11,1.12106e-12
eigen_elementwise,996,1,0,8,1e-12,0.0363349,0,1.04592e-11,1.04523e-12
eigen_elementwise,997,1,0,8,1e-12,0.0361374,0,1.28466e-11,1.05995e-12
eigen_elementwise,998,1,0,8,1e-12,0.0363413,0,1.00044e-11,1.11259e-12
eigen_elementwise,999,1,0,8,1e-12,0.0365491,0,1.50067e-11,1.1018e-12
eigen_elementwise,1000,1,0,8,1e-12,0.0366038,0,1.31877e-11,1.11034e-12
