version, size, hermitian, complex, seed, tol, runtime in s,min_error, max_error, avg_error
basic,1,1,0,5,1e-12,9.78e-07,0,0,0
basic,2,1,0,5,1e-12,3.352e-06,1.42109e-14,3.41061e-13,1.77636e-13
basic,3,1,0,5,1e-12,1.955e-06,1.42109e-14,5.68434e-13,3.07902e-13
basic,4,1,0,5,1e-12,2.375e-06,0,4.54747e-13,1.84741e-13
basic,5,1,0,5,1e-12,2.374e-06,1.42109e-14,1.13687e-13,9.37916e-14
basic,6,1,0,5,1e-12,3.282e-06,0,5.68434e-13,2.4869e-13
basic,7,1,0,5,1e-12,4.33e-06,8.52651e-14,4.54747e-13,2.19253e-13
basic,8,1,0,5,1e-12,9.918e-06,0,7.95808e-13,2.38032e-13
basic,9,1,0,5,1e-12,5.727e-06,2.84217e-14,1.13687e-12,2.57374e-13
basic,10,1,0,5,1e-12,7.473e-06,5.68434e-14,1.25056e-12,2.79243e-13
basic,11,1,0,5,1e-12,7.962e-06,4.26326e-14,9.09495e-13,3.66575e-13
basic,12,1,0,5,1e-12,9.359e-06,2.84217e-14,1.02318e-12,3.005e-13
basic,13,1,0,5,1e-12,1.0336e-05,2.84217e-14,1.25056e-12,3.95171e-13
basic,14,1,0,5,1e-12,1.2083e-05,2.84217e-14,7.95808e-13,3.01473e-13
basic,15,1,0,5,1e-12,1.32e-05,0,1.7053e-12,3.49587e-13
basic,16,1,0,5,1e-12,1.5784e-05,0,1.7053e-12,3.84359e-13
basic,17,1,0,5,1e-12,1.6064e-05,0,9.09495e-13,3.71154e-13
basic,18,1,0,5,1e-12,1.9137e-05,0,1.02318e-12,3.87641e-13
basic,19,1,0,5,1e-12,1.9066e-05,0,1.02318e-12,2.6421e-13
basic,20,1,0,5,1e-12,2.3955e-05,0,1.47793e-12,3.70726e-13
basic,21,1,0,5,1e-12,2.3536e-05,1.42109e-14,1.7053e-12,4.10423e-13
basic,22,1,0,5,1e-12,2.5353e-05,0,1.47793e-12,4.12599e-13
basic,23,1,0,5,1e-12,2.7169e-05,0,2.38742e-12,4.19066e-13
basic,24,1,0,5,1e-12,2.8635e-05,0,1.81899e-12,3.75699e-13
basic,25,1,0,5,1e-12,3.3873e-05,5.68434e-14,1.36424e-12,3.54134e-13
basic,26,1,0,5,1e-12,3.6667e-05,0,1.93268e-12,4.27145e-13
basic,27,1,0,5,1e-12,3.8762e-05,0,1.81899e-12,3.59482e-13
basic,28,1,0,5,1e-12,4.0508e-05,0,1.36424e-12,3.35985e-13
basic,29,1,0,5,1e-12,4.2533e-05,0,1.36424e-12,4.06969e-13
basic,30,1,0,5,1e-12,4.5397e-05,0,1.7053e-12,4.83998e-13
basic,31,1,0,5,1e-12,4.7074e-05,2.84217e-14,2.16005e-12,5.36345e-13
basic,32,1,0,5,1e-12,5.0495e-05,0,2.72848e-12,5.00933e-13
basic,33,1,0,5,1e-12,5.3359e-05,0,3.63798e-12,5.38075e-13
basic,34,1,0,5,1e-12,5.4336e-05,0,1.81899e-12,5.06366e-13
basic,35,1,0,5,1e-12,7.1658e-05,0,2.95586e-12,5.40825e-13
basic,36,1,0,5,1e-12,6.628e-05,0,1.59162e-12,3.5616e-13
basic,37,1,0,5,1e-12,6.6699e-05,0,1.36424e-12,3.06878e-13
basic,38,1,0,5,1e-12,7.1867e-05,0,2.50111e-12,4.75316e-13
basic,39,1,0,5,1e-12,7.3263e-05,0,1.7053e-12,4.21862e-13
basic,40,1,0,5,1e-12,7.8991e-05,0,2.27374e-12,4.58567e-13
basic,41,1,0,5,1e-12,8.5067e-05,0,1.47793e-12,3.26156e-13
basic,42,1,0,5,1e-12,8.4718e-05,0,4.09273e-12,4.57285e-13
basic,43,1,0,5,1e-12,8.9537e-05,0,2.04636e-12,4.19964e-13
basic,44,1,0,5,1e-12,9.2121e-05,0,1.47793e-12,4.27537e-13
basic,45,1,0,5,1e-12,9.5613e-05,0,1.47793e-12,3.64429e-13
basic,46,1,0,5,1e-12,9.8197e-05,0,1.93268e-12,4.44862e-13
basic,47,1,0,5,1e-12,0.000109931,0,1.81899e-12,4.08562e-13
basic,48,1,0,5,1e-12,0.000121105,0,1.59162e-12,3.64893e-13
basic,49,1,0,5,1e-12,0.000114819,0,2.27374e-12,4.66203e-13
basic,50,1,0,5,1e-12,0.000122013,0,2.95586e-12,4.11617e-13
basic,51,1,0,5,1e-12,0.00011894,0,2.04636e-12,4.97589e-13
basic,52,1,0,5,1e-12,0.000127321,0,1.81899e-12,4.17512e-13
basic,53,1,0,5,1e-12,0.000131651,0,3.75167e-12,4.94699e-13
basic,54,1,0,5,1e-12,0.000133397,0,2.04636e-12,4.91656e-13
basic,55,1,0,5,1e-12,0.000143664,0,2.27374e-12,4.10306e-13
basic,56,1,0,5,1e-12,0.000144852,0,2.72848e-12,5.76999e-13
basic,57,1,0,5,1e-12,0.000150718,0,2.27374e-12,4.29317e-13
basic,58,1,0,5,1e-12,0.000153512,0,2.84217e-12,5.8926e-13
basic,59,1,0,5,1e-12,0.000161753,0,2.6148e-12,5.13578e-13
basic,60,1,0,5,1e-12,0.000167689,0,2.38742e-12,5.29769e-13
basic,61,1,0,5,1e-12,0.000168947,0,2.04636e-12,3.94759e-13
basic,62,1,0,5,1e-12,0.000175092,0,2.16005e-12,5.17378e-13
basic,63,1,0,5,1e-12,0.000182147,0,2.84217e-12,5.80333e-13
basic,64,1,0,5,1e-12,0.000183892,0,2.50111e-12,3.95961e-13
basic,65,1,0,5,1e-12,0.000192553,0,2.04636e-12,5.72971e-13
basic,66,1,0,5,1e-12,0.000200305,0,1.59162e-12,4.05655e-13
basic,67,1,0,5,1e-12,0.000200445,0,3.18323e-12,5.0475e-13
basic,68,1,0,5,1e-12,0.000217696,0,2.6148e-12,4.33849e-13
basic,69,1,0,5,1e-12,0.000217207,0,2.04636e-12,4.48414e-13
basic,70,1,0,5,1e-12,0.000227124,0,2.6148e-12,6.32434e-13
basic,71,1,0,5,1e-12,0.000236134,0,2.27374e-12,4.83269e-13
basic,72,1,0,5,1e-12,0.000230896,0,2.38742e-12,4.19368e-13
basic,73,1,0,5,1e-12,0.00023795,0,2.27374e-12,4.50513e-13
basic,74,1,0,5,1e-12,0.00024668,0,1.81899e-12,4.9642e-13
basic,75,1,0,5,1e-12,0.000256179,0,3.97904e-12,7.39864e-13
basic,76,1,0,5,1e-12,0.000260508,0,4.54747e-12,6.94509e-13
basic,77,1,0,5,1e-12,0.000265188,0,2.50111e-12,5.24787e-13
basic,78,1,0,5,1e-12,0.000288166,0,2.16005e-12,4.84672e-13
basic,79,1,0,5,1e-12,0.000278598,0,3.06954e-12,4.92118e-13
basic,80,1,0,5,1e-12,0.00028628,0,3.06954e-12,5.7927e-13
basic,81,1,0,5,1e-12,0.000298293,0,3.86535e-12,6.26681e-13
basic,82,1,0,5,1e-12,0.000297245,0,3.52429e-12,6.72503e-13
basic,83,1,0,5,1e-12,0.000301645,0,2.84217e-12,5.54908e-13
basic,84,1,0,5,1e-12,0.000327207,0,3.75167e-12,4.60372e-13
basic,85,1,0,5,1e-12,0.000317708,0,5.11591e-12,5.50211e-13
basic,86,1,0,5,1e-12,0.000323226,0,2.38742e-12,4.88498e-13
basic,87,1,0,5,1e-12,0.00033475,0,3.06954e-12,4.72103e-13
basic,88,1,0,5,1e-12,0.000344947,0,2.27374e-12,5.04364e-13
basic,89,1,0,5,1e-12,0.000359823,0,2.95586e-12,6.49109e-13
basic,90,1,0,5,1e-12,0.000360941,0,2.38742e-12,5.56394e-13
basic,91,1,0,5,1e-12,0.000415626,0,4.3201e-12,5.12567e-13
basic,92,1,0,5,1e-12,0.000384477,0,2.38742e-12,4.79346e-13
basic,93,1,0,5,1e-12,0.000391601,2.84217e-14,2.95586e-12,6.61454e-13
basic,94,1,0,5,1e-12,0.000397328,0,5.57066e-12,5.27729e-13
basic,95,1,0,5,1e-12,0.000412693,0,4.3201e-12,5.92144e-13
basic,96,1,0,5,1e-12,0.00040955,0,3.52429e-12,6.49406e-13
basic,97,1,0,5,1e-12,0.000443563,0,2.72848e-12,5.77078e-13
basic,98,1,0,5,1e-12,0.000426033,0,2.84217e-12,5.23445e-13
basic,99,1,0,5,1e-12,0.000461163,0,4.54747e-12,5.52931e-13
basic,100,1,0,5,1e-12,0.000455436,0,3.06954e-12,5.85167e-13
basic,101,1,0,5,1e-12,0.00044943,0,5.68434e-12,6.238e-13
basic,102,1,0,5,1e-12,0.00045802,0,2.84217e-12,5.64847e-13
basic,103,1,0,5,1e-12,0.000465283,0,3.75167e-12,5.30458e-13
basic,104,1,0,5,1e-12,0.000502649,0,2.6148e-12,5.25289e-13
basic,105,1,0,5,1e-12,0.000496642,0,5.11591e-12,5.38997e-13
basic,106,1,0,5,1e-12,0.000492452,0,3.75167e-12,5.00262e-13
basic,107,1,0,5,1e-12,0.000498668,0,4.20641e-12,5.67571e-13
basic,108,1,0,5,1e-12,0.00050649,0,2.6148e-12,4.96492e-13
basic,109,1,0,5,1e-12,0.000514382,0,2.84217e-12,5.68695e-13
basic,110,1,0,5,1e-12,0.000527373,0,3.18323e-12,5.25349e-13
basic,111,1,0,5,1e-12,0.000534427,0,2.50111e-12,4.33399e-13
basic,112,1,0,5,1e-12,0.000553843,0,2.27374e-12,5.88894e-13
basic,113,1,0,5,1e-12,0.000592465,0,4.20641e-12,7.00545e-13
basic,114,1,0,5,1e-12,0.000571722,0,2.84217e-12,4.16073e-13
basic,115,1,0,5,1e-12,0.000572001,0,2.6148e-12,6.01026e-13
basic,116,1,0,5,1e-12,0.000591627,0,3.41061e-12,5.45617e-13
basic,117,1,0,5,1e-12,0.000601824,0,3.06954e-12,5.86441e-13
basic,118,1,0,5,1e-12,0.000614326,0,4.09273e-12,5.62112e-13
basic,119,1,0,5,1e-12,0.000605386,0,4.20641e-12,6.13784e-13
basic,120,1,0,5,1e-12,0.000625291,0,3.63798e-12,6.17995e-13
basic,121,1,0,5,1e-12,0.000640726,0,4.77485e-12,5.94595e-13
basic,122,1,0,5,1e-12,0.000652529,0,3.75167e-12,5.74375e-13
basic,123,1,0,5,1e-12,0.000654763,0,5.00222e-12,5.87931e-13
basic,124,1,0,5,1e-12,0.000665379,0,3.86535e-12,6.4966e-13
basic,125,1,0,5,1e-12,0.000673691,0,2.6148e-12,4.71147e-13
basic,126,1,0,5,1e-12,0.000696389,0,3.86535e-12,5.83068e-13
basic,127,1,0,5,1e-12,0.000717621,0,5.11591e-12,5.92856e-13
basic,128,1,0,5,1e-12,0.000717062,0,3.75167e-12,7.65721e-13
basic,129,1,0,5,1e-12,0.000716992,0,3.75167e-12,6.66919e-13
basic,130,1,0,5,1e-12,0.000730402,0,3.06954e-12,5.55508e-13
basic,131,1,0,5,1e-12,0.000769304,0,3.52429e-12,6.20586e-13
basic,132,1,0,5,1e-12,0.000750167,0,3.86535e-12,6.28561e-13
basic,133,1,0,5,1e-12,0.00077978,0,3.52429e-12,6.49425e-13
basic,134,1,0,5,1e-12,0.000787252,0,3.97904e-12,6.54203e-13
basic,135,1,0,5,1e-12,0.000776846,0,3.06954e-12,5.87961e-13
basic,136,1,0,5,1e-12,0.000855418,0,3.52429e-12,7.0537e-13
basic,137,1,0,5,1e-12,0.000813723,0,4.09273e-12,6.47346e-13
basic,138,1,0,5,1e-12,0.000836352,0,4.09273e-12,6.49168e-13
basic,139,1,0,5,1e-12,0.000837539,0,3.18323e-12,5.83156e-13
basic,140,1,0,5,1e-12,0.000850739,0,3.75167e-12,6.40047e-13
basic,141,1,0,5,1e-12,0.0008455,0,3.06954e-12,5.43716e-13
basic,142,1,0,5,1e-12,0.000893831,0,3.52429e-12,5.51146e-13
basic,143,1,0,5,1e-12,0.000887824,0,4.20641e-12,6.65152e-13
basic,144,1,0,5,1e-12,0.000958923,0,5.91172e-12,8.64296e-13
basic,145,1,0,5,1e-12,0.000925469,0,5.57066e-12,6.48701e-13
basic,146,1,0,5,1e-12,0.000927704,0,5.11591e-12,6.78885e-13
basic,147,1,0,5,1e-12,0.000958923,0,3.63798e-12,4.88027e-13
basic,148,1,0,5,1e-12,0.000936225,0,5.00222e-12,6.2727e-13
basic,149,1,0,5,1e-12,0.000981203,0,3.41061e-12,5.82144e-13
basic,150,1,0,5,1e-12,0.00096912,0,5.91172e-12,6.68005e-13
basic,151,1,0,5,1e-12,0.00102262,0,5.11591e-12,6.21019e-13
basic,152,1,0,5,1e-12,0.00105551,0,3.52429e-12,7.1877e-13
basic,153,1,0,5,1e-12,0.000980993,0,3.75167e-12,6.36516e-13
basic,154,1,0,5,1e-12,0.0010245,0,3.86535e-12,5.67304e-13
basic,155,1,0,5,1e-12,0.00103652,0,3.97904e-12,6.46067e-13
basic,156,1,0,5,1e-12,0.00108743,0,7.04858e-12,6.29081e-13
basic,157,1,0,5,1e-12,0.00109539,0,5.00222e-12,6.78365e-13
basic,158,1,0,5,1e-12,0.00107234,0,6.25278e-12,7.64845e-13
basic,159,1,0,5,1e-12,0.00109518,0,3.29692e-12,6.8907e-13
basic,160,1,0,5,1e-12,0.00118479,0,4.54747e-12,6.39733e-13
basic,161,1,0,5,1e-12,0.00110049,0,3.97904e-12,6.84879e-13
basic,162,1,0,5,1e-12,0.00117187,0,5.79803e-12,6.95849e-13
basic,163,1,0,5,1e-12,0.00113073,0,6.25278e-12,7.94696e-13
basic,164,1,0,5,1e-12,0.00119995,0,4.66116e-12,6.73629e-13
basic,165,1,0,5,1e-12,0.00120441,0,5.79803e-12,7.27876e-13
basic,166,1,0,5,1e-12,0.00117124,0,6.13909e-12,6.14619e-13
basic,167,1,0,5,1e-12,0.00120197,0,4.54747e-12,7.06565e-13
basic,168,1,0,5,1e-12,0.00129535,0,6.36646e-12,7.30231e-13
basic,169,1,0,5,1e-12,0.00121566,0,3.75167e-12,6.278e-13
basic,170,1,0,5,1e-12,0.00126371,0,4.20641e-12,6.58297e-13
basic,171,1,0,5,1e-12,0.00126748,0,7.16227e-12,6.82017e-13
basic,172,1,0,5,1e-12,0.00123494,0,5.91172e-12,6.60887e-13
basic,173,1,0,5,1e-12,0.00133425,0,4.20641e-12,5.59809e-13
basic,174,1,0,5,1e-12,0.00134179,0,3.18323e-12,5.80011e-13
basic,175,1,0,5,1e-12,0.00129842,0,6.25278e-12,6.1064e-13
basic,176,1,0,5,1e-12,0.00140088,0,4.66116e-12,6.77377e-13
basic,177,1,0,5,1e-12,0.00144579,0,5.11591e-12,6.91394e-13
basic,178,1,0,5,1e-12,0.00133118,0,4.09273e-12,6.54558e-13
basic,179,1,0,5,1e-12,0.00146066,0,3.97904e-12,6.67493e-13
basic,180,1,0,5,1e-12,0.00153379,0,4.54747e-12,6.72884e-13
basic,181,1,0,5,1e-12,0.00140968,0,4.88853e-12,6.85949e-13
basic,182,1,0,5,1e-12,0.00152282,0,3.63798e-12,6.4839e-13
basic,183,1,0,5,1e-12,0.00149314,0,5.22959e-12,7.56243e-13
basic,184,1,0,5,1e-12,0.0015025,0,6.13909e-12,7.18691e-13
basic,185,1,0,5,1e-12,0.00144271,0,3.63798e-12,6.52105e-13
basic,186,1,0,5,1e-12,0.00148567,0,4.3201e-12,7.69296e-13
basic,187,1,0,5,1e-12,0.00153379,0,5.00222e-12,6.28032e-13
basic,188,1,0,5,1e-12,0.0015398,0,5.00222e-12,6.39488e-13
basic,189,1,0,5,1e-12,0.0015062,0,3.75167e-12,6.71143e-13
basic,190,1,0,5,1e-12,0.00156431,0,4.20641e-12,6.32813e-13
basic,191,1,0,5,1e-12,0.00164511,0,5.22959e-12,6.53848e-13
basic,192,1,0,5,1e-12,0.001669,0,6.25278e-12,6.95703e-13
basic,193,1,0,5,1e-12,0.00157059,0,8.18545e-12,6.97344e-13
basic,194,1,0,5,1e-12,0.00163946,0,5.11591e-12,6.04584e-13
basic,195,1,0,5,1e-12,0.00165496,0,3.06954e-12,6.02121e-13
basic,196,1,0,5,1e-12,0.00165664,0,4.54747e-12,6.95806e-13
basic,197,1,0,5,1e-12,0.00163157,0,3.41061e-12,5.25838e-13
basic,198,1,0,5,1e-12,0.00172893,0,4.43379e-12,5.76365e-13
basic,199,1,0,5,1e-12,0.00173137,0,5.00222e-12,7.21683e-13
basic,200,1,0,5,1e-12,0.00182663,0,7.16227e-12,8.38476e-13
basic,201,1,0,5,1e-12,0.00168925,0,3.86535e-12,6.70614e-13
basic,202,1,0,5,1e-12,0.00181169,0,3.41061e-12,6.03346e-13
basic,203,1,0,5,1e-12,0.00181916,0,3.52429e-12,5.77185e-13
basic,204,1,0,5,1e-12,0.00183487,0,4.43379e-12,7.1396e-13
basic,205,1,0,5,1e-12,0.00185848,0,6.25278e-12,7.97225e-13
basic,206,1,0,5,1e-12,0.00182531,0,3.75167e-12,5.69547e-13
basic,207,1,0,5,1e-12,0.00186917,0,5.22959e-12,6.17421e-13
basic,208,1,0,5,1e-12,0.00193719,0,5.00222e-12,7.68168e-13
basic,209,1,0,5,1e-12,0.00191966,0,4.88853e-12,6.34023e-13
basic,210,1,0,5,1e-12,0.00193321,0,4.66116e-12,5.74131e-13
basic,211,1,0,5,1e-12,0.0018728,0,5.34328e-12,6.83485e-13
basic,212,1,0,5,1e-12,0.00202037,0,5.11591e-12,7.07371e-13
basic,213,1,0,5,1e-12,0.00197917,0,6.9349e-12,6.69499e-13
basic,214,1,0,5,1e-12,0.00203916,0,3.97904e-12,7.35283e-13
basic,215,1,0,5,1e-12,0.00204859,0,4.09273e-12,6.81336e-13
basic,216,1,0,5,1e-12,0.00207115,0,7.38964e-12,7.61395e-13
basic,217,1,0,5,1e-12,0.00200152,0,4.54747e-12,7.2592e-13
basic,218,1,0,5,1e-12,0.00205362,0,5.79803e-12,8.06926e-13
basic,219,1,0,5,1e-12,0.00211822,0,3.97904e-12,6.81383e-13
basic,220,1,0,5,1e-12,0.002172,0,5.22959e-12,7.90802e-13
basic,221,1,0,5,1e-12,0.00214162,0,4.66116e-12,6.31447e-13
basic,222,1,0,5,1e-12,0.0021206,0,5.79803e-12,7.81361e-13
basic,223,1,0,5,1e-12,0.00218653,0,4.3201e-12,5.78459e-13
basic,224,1,0,5,1e-12,0.00220224,0,5.91172e-12,6.40226e-13
basic,225,1,0,5,1e-12,0.00213484,0,5.57066e-12,8.24135e-13
basic,226,1,0,5,1e-12,0.00224324,0,4.66116e-12,7.73686e-13
basic,227,1,0,5,1e-12,0.00224848,0,3.75167e-12,6.60163e-13
basic,228,1,0,5,1e-12,0.0023077,0,4.88853e-12,6.12422e-13
basic,229,1,0,5,1e-12,0.00228912,0,7.16227e-12,7.46861e-13
basic,230,1,0,5,1e-12,0.00233627,0,4.20641e-12,7.11512e-13
basic,231,1,0,5,1e-12,0.00234821,0,6.36646e-12,6.91833e-13
basic,232,1,0,5,1e-12,0.00243286,0,4.88853e-12,7.74672e-13
basic,233,1,0,5,1e-12,0.00239312,0,6.82121e-12,7.82661e-13
basic,234,1,0,5,1e-12,0.00228612,0,4.43379e-12,6.85848e-13
basic,235,1,0,5,1e-12,0.00240548,0,4.66116e-12,7.60606e-13
basic,236,1,0,5,1e-12,0.00246163,0,6.82121e-12,7.60977e-13
basic,237,1,0,5,1e-12,0.00245975,0,4.77485e-12,7.04558e-13
basic,238,1,0,5,1e-12,0.00249362,0,4.20641e-12,5.89665e-13
basic,239,1,0,5,1e-12,0.00249222,0,5.34328e-12,7.00126e-13
basic,240,1,0,5,1e-12,0.00254132,0,4.3201e-12,7.66542e-13
basic,241,1,0,5,1e-12,0.00255061,0,5.45697e-12,7.71352e-13
basic,242,1,0,5,1e-12,0.00254439,0,4.20641e-12,7.04131e-13
basic,243,1,0,5,1e-12,0.00262625,0,5.91172e-12,7.12202e-13
basic,244,1,0,5,1e-12,0.00258728,0,5.91172e-12,7.11646e-13
basic,245,1,0,5,1e-12,0.00264895,0,5.34328e-12,7.37529e-13
basic,246,1,0,5,1e-12,0.00265076,0,4.88853e-12,7.6357e-13
basic,247,1,0,5,1e-12,0.00270133,0,6.70752e-12,6.8685e-13
basic,248,1,0,5,1e-12,0.00270412,0,6.82121e-12,7.35104e-13
basic,249,1,0,5,1e-12,0.00269637,0,5.57066e-12,8.01223e-13
basic,250,1,0,5,1e-12,0.00280113,0,7.61702e-12,7.90159e-13
basic,251,1,0,5,1e-12,0.0027322,0,4.66116e-12,7.09103e-13
basic,252,1,0,5,1e-12,0.0028144,0,5.34328e-12,7.46687e-13
basic,253,1,0,5,1e-12,0.00279491,0,5.68434e-12,7.32691e-13
basic,254,1,0,5,1e-12,0.00284415,0,4.77485e-12,6.98671e-13
basic,255,1,0,5,1e-12,0.00281747,0,5.00222e-12,7.60472e-13
basic,256,1,0,5,1e-12,0.00306129,0,6.25278e-12,7.80535e-13
basic,257,1,0,5,1e-12,0.00287844,0,4.3201e-12,7.52899e-13
basic,258,1,0,5,1e-12,0.00274204,0,8.6402e-12,7.33474e-13
basic,259,1,0,5,1e-12,0.0029573,0,9.43601e-12,7.74879e-13
basic,260,1,0,5,1e-12,0.00296735,0,4.88853e-12,6.89479e-13
basic,261,1,0,5,1e-12,0.00297238,0,4.88853e-12,6.94093e-13
basic,262,1,0,5,1e-12,0.00299731,0,5.79803e-12,8.02764e-13
basic,263,1,0,5,1e-12,0.00306178,0,6.25278e-12,8.62671e-13
basic,264,1,0,5,1e-12,0.00307889,0,8.52651e-12,7.26543e-13
basic,265,1,0,5,1e-12,0.00314796,0,8.41283e-12,7.67875e-13
basic,266,1,0,5,1e-12,0.00306695,0,7.61702e-12,7.83714e-13
basic,267,1,0,5,1e-12,0.00314803,0,6.36646e-12,7.69978e-13
basic,268,1,0,5,1e-12,0.00315851,0,7.84439e-12,7.3568e-13
basic,269,1,0,5,1e-12,0.00320426,0,6.0254e-12,7.67895e-13
basic,270,1,0,5,1e-12,0.00329973,0,5.91172e-12,7.50978e-13
basic,271,1,0,5,1e-12,0.00326627,0,3.86535e-12,7.53392e-13
basic,272,1,0,5,1e-12,0.00325817,0,5.34328e-12,7.21201e-13
basic,273,1,0,5,1e-12,0.00332641,0,5.11591e-12,7.68271e-13
basic,274,1,0,5,1e-12,0.00329617,0,5.79803e-12,8.10307e-13
basic,275,1,0,5,1e-12,0.00333863,0,8.52651e-12,7.46428e-13
basic,276,1,0,5,1e-12,0.00333737,0,8.41283e-12,7.3481e-13
basic,277,1,0,5,1e-12,0.00333109,0,6.0254e-12,7.77878e-13
basic,278,1,0,5,1e-12,0.00346127,0,6.48015e-12,7.66584e-13
basic,279,1,0,5,1e-12,0.00344493,0,4.43379e-12,8.10528e-13
basic,280,1,0,5,1e-12,0.00341546,0,5.34328e-12,7.83672e-13
basic,281,1,0,5,1e-12,0.00348907,0,4.3201e-12,7.75727e-13
basic,282,1,0,5,1e-12,0.00351247,0,8.86757e-12,7.57711e-13
basic,283,1,0,5,1e-12,0.0035397,0,5.57066e-12,7.2475e-13
basic,284,1,0,5,1e-12,0.00353614,0,7.50333e-12,7.8286e-13
basic,285,1,0,5,1e-12,0.00350436,0,7.95808e-12,7.90008e-13
basic,286,1,0,5,1e-12,0.0035506,0,7.38964e-12,7.11859e-13
basic,287,1,0,5,1e-12,0.00365103,0,5.57066e-12,7.52101e-13
basic,288,1,0,5,1e-12,0.00367736,0,4.88853e-12,8.32707e-13
basic,289,1,0,5,1e-12,0.00365627,0,5.91172e-12,8.61914e-13
basic,290,1,0,5,1e-12,0.00379567,0,5.11591e-12,7.10696e-13
basic,291,1,0,5,1e-12,0.00373952,0,7.16227e-12,8.34204e-13
basic,292,1,0,5,1e-12,0.00375551,0,6.70752e-12,7.31695e-13
basic,293,1,0,5,1e-12,0.00386014,0,7.04858e-12,8.40953e-13
basic,294,1,0,5,1e-12,0.00382647,0,3.41061e-12,7.2327e-13
basic,295,1,0,5,1e-12,0.00380866,0,7.7307e-12,7.28911e-13
basic,296,1,0,5,1e-12,0.00383974,0,7.38964e-12,8.51757e-13
basic,297,1,0,5,1e-12,0.00386307,0,4.77485e-12,8.07261e-13
basic,298,1,0,5,1e-12,0.0039283,0,9.54969e-12,9.39317e-13
basic,299,1,0,5,1e-12,0.00393515,0,5.00222e-12,7.34405e-13
basic,300,1,0,5,1e-12,0.00397894,0,7.7307e-12,7.34074e-13
basic,301,1,0,5,1e-12,0.00402692,0,3.97904e-12,8.16425e-13
basic,302,1,0,5,1e-12,0.00398522,0,5.11591e-12,7.2873e-13
basic,303,1,0,5,1e-12,0.00409397,0,5.91172e-12,7.65416e-13
basic,304,1,0,5,1e-12,0.00405646,0,6.0254e-12,7.34743e-13
basic,305,1,0,5,1e-12,0.00409872,0,6.9349e-12,8.07139e-13
basic,306,1,0,5,1e-12,0.00409362,0,7.27596e-12,8.89801e-13
basic,307,1,0,5,1e-12,0.00410458,0,9.66338e-12,8.24013e-13
basic,308,1,0,5,1e-12,0.00416339,0,5.00222e-12,8.26724e-13
basic,309,1,0,5,1e-12,0.00427283,0,7.27596e-12,7.98409e-13
basic,310,1,0,5,1e-12,0.00420697,0,5.79803e-12,8.15706e-13
basic,311,1,0,5,1e-12,0.0042956,0,4.09273e-12,7.0386e-13
basic,312,1,0,5,1e-12,0.00431054,0,5.22959e-12,7.98982e-13
basic,313,1,0,5,1e-12,0.00433185,0,4.66116e-12,8.15047e-13
basic,314,1,0,5,1e-12,0.00432549,0,7.61702e-12,8.10463e-13
basic,315,1,0,5,1e-12,0.0043176,0,4.09273e-12,7.59466e-13
basic,316,1,0,5,1e-12,0.00432933,0,5.79803e-12,7.70346e-13
basic,317,1,0,5,1e-12,0.00435454,0,7.27596e-12,7.69193e-13
basic,318,1,0,5,1e-12,0.00445882,0,5.00222e-12,8.45158e-13
basic,319,1,0,5,1e-12,0.00449981,0,6.59384e-12,8.31015e-13
basic,320,1,0,5,1e-12,0.00454074,0,4.54747e-12,6.96598e-13
basic,321,1,0,5,1e-12,0.00451818,0,8.18545e-12,8.15893e-13
basic,322,1,0,5,1e-12,0.00450065,0,9.66338e-12,7.82485e-13
basic,323,1,0,5,1e-12,0.00451853,0,9.54969e-12,8.14383e-13
basic,324,1,0,5,1e-12,0.00460772,0,7.16227e-12,8.58265e-13
basic,325,1,0,5,1e-12,0.0046439,0,7.27596e-12,8.17436e-13
basic,326,1,0,5,1e-12,0.0046726,0,7.50333e-12,7.88326e-13
basic,327,1,0,5,1e-12,0.00478651,0,9.32232e-12,8.04212e-13
basic,328,1,0,5,1e-12,0.0047298,0,7.61702e-12,7.61762e-13
basic,329,1,0,5,1e-12,0.0048375,0,5.57066e-12,7.2937e-13
basic,330,1,0,5,1e-12,0.00476291,0,7.38964e-12,7.69873e-13
basic,331,1,0,5,1e-12,0.00481641,0,7.50333e-12,8.48538e-13
basic,332,1,0,5,1e-12,0.00483254,0,5.22959e-12,7.92402e-13
basic,333,1,0,5,1e-12,0.00483135,0,6.36646e-12,7.91972e-13
basic,334,1,0,5,1e-12,0.0049086,0,6.82121e-12,8.60065e-13
basic,335,1,0,5,1e-12,0.00490119,0,7.84439e-12,9.72303e-13
basic,336,1,0,5,1e-12,0.00493178,0,9.09495e-12,8.07005e-13
basic,337,1,0,5,1e-12,0.00506078,0,5.00222e-12,8.74113e-13
basic,338,1,0,5,1e-12,0.00499073,0,5.57066e-12,7.50647e-13
basic,339,1,0,5,1e-12,0.00497921,0,6.59384e-12,7.96853e-13
basic,340,1,0,5,1e-12,0.0050934,0,6.13909e-12,7.96218e-13
basic,341,1,0,5,1e-12,0.00508013,0,6.59384e-12,8.58915e-13
basic,342,1,0,5,1e-12,0.00513726,0,7.16227e-12,8.60403e-13
basic,343,1,0,5,1e-12,0.00515276,0,7.27596e-12,8.17531e-13
basic,344,1,0,5,1e-12,0.00521038,0,7.61702e-12,8.52496e-13
basic,345,1,0,5,1e-12,0.00522603,0,4.88853e-12,8.37315e-13
basic,346,1,0,5,1e-12,0.00522826,0,8.98126e-12,8.69391e-13
basic,347,1,0,5,1e-12,0.00532925,0,5.57066e-12,8.0536e-13
basic,348,1,0,5,1e-12,0.005312,0,5.34328e-12,8.30335e-13
basic,349,1,0,5,1e-12,0.00533253,0,5.11591e-12,8.71588e-13
basic,350,1,0,5,1e-12,0.00535977,0,7.95808e-12,8.50674e-13
basic,351,1,0,5,1e-12,0.00546474,0,6.59384e-12,7.35776e-13
basic,352,1,0,5,1e-12,0.00538059,0,5.11591e-12,7.97289e-13
basic,353,1,0,5,1e-12,0.00544414,0,6.13909e-12,8.37522e-13
basic,354,1,0,5,1e-12,0.00548081,0,6.70752e-12,8.53966e-13
basic,355,1,0,5,1e-12,0.00551559,0,6.13909e-12,8.48873e-13
basic,356,1,0,5,1e-12,0.00550239,0,6.70752e-12,8.3135e-13
basic,357,1,0,5,1e-12,0.00554702,0,7.84439e-12,8.77132e-13
basic,358,1,0,5,1e-12,0.00551405,0,6.13909e-12,8.14933e-13
basic,359,1,0,5,1e-12,0.0056149,0,7.27596e-12,8.09091e-13
basic,360,1,0,5,1e-12,0.00570695,0,9.77707e-12,8.32376e-13
basic,361,1,0,5,1e-12,0.0056163,0,6.70752e-12,7.70139e-13
basic,362,1,0,5,1e-12,0.00573929,0,6.59384e-12,7.12479e-13
basic,363,1,0,5,1e-12,0.00576813,0,5.79803e-12,8.65409e-13
basic,364,1,0,5,1e-12,0.00580033,0,8.52651e-12,8.73189e-13
basic,365,1,0,5,1e-12,0.00581011,0,7.84439e-12,8.22434e-13
basic,366,1,0,5,1e-12,0.00589553,0,6.48015e-12,8.3905e-13
basic,367,1,0,5,1e-12,0.00590035,0,7.16227e-12,8.38649e-13
basic,368,1,0,5,1e-12,0.00589951,0,6.59384e-12,7.43183e-13
basic,369,1,0,5,1e-12,0.00591431,0,6.70752e-12,8.5528e-13
basic,370,1,0,5,1e-12,0.00595929,0,7.50333e-12,8.6119e-13
basic,371,1,0,5,1e-12,0.00601503,0,7.16227e-12,8.60315e-13
basic,372,1,0,5,1e-12,0.00601768,0,7.7307e-12,7.96916e-13
basic,373,1,0,5,1e-12,0.00607334,0,6.70752e-12,8.1295e-13
basic,374,1,0,5,1e-12,0.00608947,0,6.36646e-12,8.52043e-13
basic,375,1,0,5,1e-12,0.00613746,0,7.27596e-12,8.3534e-13
basic,376,1,0,5,1e-12,0.00611196,0,4.88853e-12,7.62603e-13
basic,377,1,0,5,1e-12,0.00619717,0,6.82121e-12,8.50552e-13
basic,378,1,0,5,1e-12,0.006274,0,1.19371e-11,9.53434e-13
basic,379,1,0,5,1e-12,0.00627016,0,7.7307e-12,7.01872e-13
basic,380,1,0,5,1e-12,0.00624871,0,6.36646e-12,8.29091e-13
basic,381,1,0,5,1e-12,0.00623342,0,6.36646e-12,8.37457e-13
basic,382,1,0,5,1e-12,0.0062902,0,4.88853e-12,7.78451e-13
basic,383,1,0,5,1e-12,0.00641584,0,8.07177e-12,8.6935e-13
basic,384,1,0,5,1e-12,0.00642416,0,1.02318e-11,8.49501e-13
basic,385,1,0,5,1e-12,0.0064669,0,8.29914e-12,9.41358e-13
basic,386,1,0,5,1e-12,0.00651621,0,5.79803e-12,8.32191e-13
basic,387,1,0,5,1e-12,0.00649917,0,8.86757e-12,8.1918e-13
basic,388,1,0,5,1e-12,0.00643142,0,4.88853e-12,7.86322e-13
basic,389,1,0,5,1e-12,0.00657487,0,6.59384e-12,8.24689e-13
basic,390,1,0,5,1e-12,0.00665226,0,7.50333e-12,8.92173e-13
basic,391,1,0,5,1e-12,0.00658402,0,7.95808e-12,7.86238e-13
basic,392,1,0,5,1e-12,0.00657983,0,8.41283e-12,8.99949e-13
basic,393,1,0,5,1e-12,0.00668096,0,7.84439e-12,8.40716e-13
basic,394,1,0,5,1e-12,0.00677294,0,9.89075e-12,8.55686e-13
basic,395,1,0,5,1e-12,0.00683203,0,7.16227e-12,8.26779e-13
basic,396,1,0,5,1e-12,0.00688713,0,7.61702e-12,8.27502e-13
basic,397,1,0,5,1e-12,0.00686164,0,8.75389e-12,8.54437e-13
basic,398,1,0,5,1e-12,0.0068386,0,7.7307e-12,9.85715e-13
basic,399,1,0,5,1e-12,0.00682602,0,5.34328e-12,8.14388e-13
basic,400,1,0,5,1e-12,0.0069685,0,9.43601e-12,8.86479e-13
basic,401,1,0,5,1e-12,0.00694566,0,6.48015e-12,9.51372e-13
basic,402,1,0,5,1e-12,0.00703359,0,6.36646e-12,8.61238e-13
basic,403,1,0,5,1e-12,0.00700426,0,6.36646e-12,8.5592e-13
basic,404,1,0,5,1e-12,0.00712383,0,7.38964e-12,1.07106e-12
basic,405,1,0,5,1e-12,0.00711237,0,7.50333e-12,8.33034e-13
basic,406,1,0,5,1e-12,0.00708576,0,5.11591e-12,7.71339e-13
basic,407,1,0,5,1e-12,0.00715051,0,7.50333e-12,8.47288e-13
basic,408,1,0,5,1e-12,0.00725932,0,6.70752e-12,8.71431e-13
basic,409,1,0,5,1e-12,0.0071445,0,8.75389e-12,8.26389e-13
basic,410,1,0,5,1e-12,0.00723243,0,7.50333e-12,8.40319e-13
basic,411,1,0,5,1e-12,0.00727357,0,6.70752e-12,9.23298e-13
basic,412,1,0,5,1e-12,0.00741549,0,7.38964e-12,8.57295e-13
basic,413,1,0,5,1e-12,0.00735431,0,5.79803e-12,8.04162e-13
basic,414,1,0,5,1e-12,0.00735619,0,6.36646e-12,8.18705e-13
basic,415,1,0,5,1e-12,0.00747653,0,7.04858e-12,8.74554e-13
basic,416,1,0,5,1e-12,0.00739865,0,6.9349e-12,8.05456e-13
basic,417,1,0,5,1e-12,0.00755475,0,7.04858e-12,9.01053e-13
basic,418,1,0,5,1e-12,0.00753575,0,1.04592e-11,8.89839e-13
basic,419,1,0,5,1e-12,0.00752227,0,1.02318e-11,8.48331e-13
basic,420,1,0,5,1e-12,0.00756348,0,9.32232e-12,8.68229e-13
basic,421,1,0,5,1e-12,0.00769618,0,1.19371e-11,8.58984e-13
basic,422,1,0,5,1e-12,0.00769401,0,7.27596e-12,8.66928e-13
basic,423,1,0,5,1e-12,0.0076739,0,6.9349e-12,8.51028e-13
basic,424,1,0,5,1e-12,0.00774269,0,1.06866e-11,8.84405e-13
basic,425,1,0,5,1e-12,0.00769457,0,9.89075e-12,8.78641e-13
basic,426,1,0,5,1e-12,0.00779745,0,7.27596e-12,8.37642e-13
basic,427,1,0,5,1e-12,0.00787679,0,6.36646e-12,8.60735e-13
basic,428,1,0,5,1e-12,0.00777992,0,7.61702e-12,8.12435e-13
basic,429,1,0,5,1e-12,0.00786862,0,6.82121e-12,8.00887e-13
basic,430,1,0,5,1e-12,0.00802506,0,8.07177e-12,8.62663e-13
basic,431,1,0,5,1e-12,0.00800676,0,1.43245e-11,9.49693e-13
basic,432,1,0,5,1e-12,0.00799021,0,6.70752e-12,9.09064e-13
basic,433,1,0,5,1e-12,0.00803302,0,7.27596e-12,8.22456e-13
basic,434,1,0,5,1e-12,0.00814728,0,6.0254e-12,8.16998e-13
basic,435,1,0,5,1e-12,0.00819115,0,8.18545e-12,8.32813e-13
basic,436,1,0,5,1e-12,0.00811069,0,6.13909e-12,8.15846e-13
basic,437,1,0,5,1e-12,0.00820749,0,7.04858e-12,8.56698e-13
basic,438,1,0,5,1e-12,0.00825477,0,8.07177e-12,8.77411e-13
basic,439,1,0,5,1e-12,0.00819017,0,9.54969e-12,8.60736e-13
basic,440,1,0,5,1e-12,0.00839669,0,9.43601e-12,8.71448e-13
basic,441,1,0,5,1e-12,0.00838656,0,9.77707e-12,8.7878e-13
basic,442,1,0,5,1e-12,0.00838698,0,6.70752e-12,8.61397e-13
basic,443,1,0,5,1e-12,0.00836079,0,7.16227e-12,8.42341e-13
basic,444,1,0,5,1e-12,0.00853707,0,6.82121e-12,9.07072e-13
basic,445,1,0,5,1e-12,0.00844257,0,1.10276e-11,8.64372e-13
basic,446,1,0,5,1e-12,0.008471,0,5.68434e-12,8.36764e-13
basic,447,1,0,5,1e-12,0.00856864,0,5.45697e-12,8.58981e-13
basic,448,1,0,5,1e-12,0.00852939,0,6.13909e-12,7.61679e-13
basic,449,1,0,5,1e-12,0.00858135,0,1.02318e-11,8.47825e-13
basic,450,1,0,5,1e-12,0.00865007,0,9.43601e-12,8.95192e-13
basic,451,1,0,5,1e-12,0.00873612,0,8.29914e-12,1.00392e-12
basic,452,1,0,5,1e-12,0.00877963,0,1.03455e-11,9.38686e-13
basic,453,1,0,5,1e-12,0.00875484,0,7.95808e-12,7.83671e-13
basic,454,1,0,5,1e-12,0.0087827,0,5.22959e-12,7.86339e-13
basic,455,1,0,5,1e-12,0.00887412,0,6.0254e-12,7.86398e-13
basic,456,1,0,5,1e-12,0.00884877,0,9.77707e-12,9.42868e-13
basic,457,1,0,5,1e-12,0.00892385,0,7.84439e-12,8.89805e-13
basic,458,1,0,5,1e-12,0.00906409,0,7.95808e-12,8.48073e-13
basic,459,1,0,5,1e-12,0.00912227,0,7.27596e-12,8.84783e-13
basic,460,1,0,5,1e-12,0.00918157,0,6.82121e-12,8.6712e-13
basic,461,1,0,5,1e-12,0.00899523,0,8.6402e-12,8.50132e-13
basic,462,1,0,5,1e-12,0.00915824,0,7.7307e-12,8.64902e-13
basic,463,1,0,5,1e-12,0.00924805,0,6.48015e-12,7.96899e-13
basic,464,1,0,5,1e-12,0.0093077,0,7.38964e-12,8.13935e-13
basic,465,1,0,5,1e-12,0.00935233,0,9.66338e-12,8.96625e-13
basic,466,1,0,5,1e-12,0.0092871,0,7.04858e-12,9.97662e-13
basic,467,1,0,5,1e-12,0.00948168,0,8.18545e-12,8.65188e-13
basic,468,1,0,5,1e-12,0.00939968,0,7.61702e-12,8.59315e-13
basic,469,1,0,5,1e-12,0.00960872,0,7.27596e-12,9.37764e-13
basic,470,1,0,5,1e-12,0.00945974,0,8.52651e-12,8.74911e-13
basic,471,1,0,5,1e-12,0.00949557,0,9.09495e-12,9.3436e-13
basic,472,1,0,5,1e-12,0.00961814,0,9.09495e-12,8.9114e-13
basic,473,1,0,5,1e-12,0.0094397,0,6.70752e-12,8.81532e-13
basic,474,1,0,5,1e-12,0.00958364,0,7.84439e-12,9.59772e-13
basic,475,1,0,5,1e-12,0.00971166,0,7.16227e-12,8.60825e-13
basic,476,1,0,5,1e-12,0.00976453,0,9.09495e-12,9.79155e-13
basic,477,1,0,5,1e-12,0.00983298,0,7.38964e-12,8.77505e-13
basic,478,1,0,5,1e-12,0.0098218,0,1.02318e-11,1.06007e-12
basic,479,1,0,5,1e-12,0.00984757,0,1.20508e-11,9.12172e-13
basic,480,1,0,5,1e-12,0.00997601,0,9.09495e-12,9.1096e-13
basic,481,1,0,5,1e-12,0.00994626,0,1.11413e-11,9.2997e-13
basic,482,1,0,5,1e-12,0.00984094,0,6.36646e-12,8.64637e-13
basic,483,1,0,5,1e-12,0.0101092,0,1.04592e-11,8.55881e-13
basic,484,1,0,5,1e-12,0.010054,0,6.59384e-12,8.60901e-13
basic,485,1,0,5,1e-12,0.0100798,0,6.36646e-12,8.87945e-13
basic,486,1,0,5,1e-12,0.010133,0,9.09495e-12,9.14015e-13
basic,487,1,0,5,1e-12,0.0101271,0,7.7307e-12,8.54288e-13
basic,488,1,0,5,1e-12,0.0103127,0,5.45697e-12,8.38064e-13
basic,489,1,0,5,1e-12,0.0103487,0,6.82121e-12,9.29705e-13
basic,490,1,0,5,1e-12,0.0102952,0,8.41283e-12,9.16512e-13
basic,491,1,0,5,1e-12,0.0102909,0,6.48015e-12,8.57239e-13
basic,492,1,0,5,1e-12,0.0103145,0,9.20863e-12,9.5997e-13
basic,493,1,0,5,1e-12,0.0104564,0,6.9349e-12,8.52715e-13
basic,494,1,0,5,1e-12,0.0104336,0,8.52651e-12,9.37204e-13
basic,495,1,0,5,1e-12,0.0104842,0,8.29914e-12,9.16755e-13
basic,496,1,0,5,1e-12,0.0106082,0,1.04592e-11,9.36444e-13
basic,497,1,0,5,1e-12,0.010548,0,6.82121e-12,9.16204e-13
basic,498,1,0,5,1e-12,0.0106089,0,9.89075e-12,8.45477e-13
basic,499,1,0,5,1e-12,0.0107561,0,7.27596e-12,8.76706e-13
basic,500,1,0,5,1e-12,0.0106769,0,1.02318e-11,8.84892e-13
basic,501,1,0,5,1e-12,0.0107175,0,8.29914e-12,8.77204e-13
basic,502,1,0,5,1e-12,0.0108356,0,7.61702e-12,1.0038e-12
basic,503,1,0,5,1e-12,0.0106909,0,1.04592e-11,9.7404e-13
basic,504,1,0,5,1e-12,0.0108486,0,6.25278e-12,7.99031e-13
basic,505,1,0,5,1e-12,0.0108719,0,1.08002e-11,9.59699e-13
basic,506,1,0,5,1e-12,0.0109205,0,9.54969e-12,9.08591e-13
basic,507,1,0,5,1e-12,0.0110171,0,6.59384e-12,9.01238e-13
basic,508,1,0,5,1e-12,0.0111954,0,6.70752e-12,8.78376e-13
basic,509,1,0,5,1e-12,0.0110804,0,8.52651e-12,8.47988e-13
basic,510,1,0,5,1e-12,0.0119311,0,7.50333e-12,8.47867e-13
basic,511,1,0,5,1e-12,0.0137015,0,5.79803e-12,8.34585e-13
basic,512,1,0,5,1e-12,0.0127718,0,7.95808e-12,9.48765e-13
basic,513,1,0,5,1e-12,0.0120402,0,1.10276e-11,8.98101e-13
basic,514,1,0,5,1e-12,0.012342,0,5.22959e-12,8.91595e-13
basic,515,1,0,5,1e-12,0.011845,0,1.02318e-11,8.97499e-13
basic,516,1,0,5,1e-12,0.0114268,0,9.54969e-12,8.95602e-13
basic,517,1,0,5,1e-12,0.0114069,0,7.38964e-12,8.87683e-13
basic,518,1,0,5,1e-12,0.0115135,0,5.34328e-12,8.172e-13
basic,519,1,0,5,1e-12,0.0114909,0,9.77707e-12,8.97795e-13
basic,520,1,0,5,1e-12,0.0115598,0,5.91172e-12,8.68938e-13
basic,521,1,0,5,1e-12,0.0117003,0,9.77707e-12,9.25621e-13
basic,522,1,0,5,1e-12,0.0117563,0,6.48015e-12,9.02274e-13
basic,523,1,0,5,1e-12,0.0117503,0,6.25278e-12,9.02943e-13
basic,524,1,0,5,1e-12,0.0117506,0,8.41283e-12,8.45259e-13
basic,525,1,0,5,1e-12,0.0118603,0,1.13687e-11,8.95822e-13
basic,526,1,0,5,1e-12,0.0118178,0,6.82121e-12,8.98069e-13
basic,527,1,0,5,1e-12,0.0119503,0,1.02318e-11,9.21713e-13
basic,528,1,0,5,1e-12,0.0119089,0,7.7307e-12,9.87652e-13
basic,529,1,0,5,1e-12,0.011996,0,7.27596e-12,8.9793e-13
basic,530,1,0,5,1e-12,0.012123,0,6.82121e-12,9.40573e-13
basic,531,1,0,5,1e-12,0.012197,0,9.89075e-12,1.01615e-12
basic,532,1,0,5,1e-12,0.0121609,0,8.75389e-12,9.22541e-13
basic,533,1,0,5,1e-12,0.0121372,0,9.54969e-12,9.89847e-13
basic,534,1,0,5,1e-12,0.0122741,0,7.04858e-12,8.69202e-13
basic,535,1,0,5,1e-12,0.0122223,0,1.37561e-11,8.92099e-13
basic,536,1,0,5,1e-12,0.0123411,0,9.66338e-12,8.38517e-13
basic,537,1,0,5,1e-12,0.0123645,0,8.86757e-12,8.99263e-13
basic,538,1,0,5,1e-12,0.0124453,0,1.04592e-11,9.63666e-13
basic,539,1,0,5,1e-12,0.0124682,0,9.43601e-12,9.45952e-13
basic,540,1,0,5,1e-12,0.0125185,0,7.38964e-12,9.50953e-13
basic,541,1,0,5,1e-12,0.0125694,0,8.18545e-12,9.54355e-13
basic,542,1,0,5,1e-12,0.0126357,0,7.38964e-12,9.19797e-13
basic,543,1,0,5,1e-12,0.0127127,0,7.50333e-12,8.02499e-13
basic,544,1,0,5,1e-12,0.0127579,0,8.52651e-12,8.68551e-13
basic,545,1,0,5,1e-12,0.0127642,0,8.07177e-12,9.60668e-13
basic,546,1,0,5,1e-12,0.0128274,0,1.06866e-11,8.62883e-13
basic,547,1,0,5,1e-12,0.0130137,0,8.29914e-12,1.08504e-12
basic,548,1,0,5,1e-12,0.0127994,0,1.08002e-11,9.47008e-13
basic,549,1,0,5,1e-12,0.0129716,0,1.03455e-11,9.7542e-13
basic,550,1,0,5,1e-12,0.0129581,0,1.03455e-11,9.06205e-13
basic,551,1,0,5,1e-12,0.0128941,0,1.14824e-11,9.44473e-13
basic,552,1,0,5,1e-12,0.0130035,0,9.43601e-12,8.82972e-13
basic,553,1,0,5,1e-12,0.0130469,0,5.91172e-12,8.67417e-13
basic,554,1,0,5,1e-12,0.0131706,0,1.06866e-11,8.70928e-13
basic,555,1,0,5,1e-12,0.0133488,0,7.61702e-12,9.00009e-13
basic,556,1,0,5,1e-12,0.0132824,0,7.50333e-12,9.21448e-13
basic,557,1,0,5,1e-12,0.0133481,0,8.86757e-12,8.9112e-13
basic,558,1,0,5,1e-12,0.0134089,0,1.01181e-11,9.2363e-13
basic,559,1,0,5,1e-12,0.0132133,0,8.18545e-12,9.27181e-13
basic,560,1,0,5,1e-12,0.0136226,0,8.41283e-12,9.3922e-13
basic,561,1,0,5,1e-12,0.0134286,0,1.27329e-11,8.64502e-13
basic,562,1,0,5,1e-12,0.0135243,0,6.48015e-12,1.01258e-12
basic,563,1,0,5,1e-12,0.0135838,0,1.04592e-11,1.0791e-12
basic,564,1,0,5,1e-12,0.0135993,0,7.50333e-12,9.4542e-13
basic,565,1,0,5,1e-12,0.0136922,0,8.75389e-12,9.71878e-13
basic,566,1,0,5,1e-12,0.0138869,0,8.18545e-12,9.45489e-13
basic,567,1,0,5,1e-12,0.0138033,0,6.48015e-12,8.38944e-13
basic,568,1,0,5,1e-12,0.0139648,0,9.77707e-12,9.50489e-13
basic,569,1,0,5,1e-12,0.0137695,0,1.00044e-11,8.73129e-13
basic,570,1,0,5,1e-12,0.0139837,0,1.03455e-11,9.36997e-13
basic,571,1,0,5,1e-12,0.0140752,0,8.6402e-12,8.92685e-13
basic,572,1,0,5,1e-12,0.0139883,0,9.54969e-12,9.30151e-13
basic,573,1,0,5,1e-12,0.0141798,0,7.84439e-12,9.40777e-13
basic,574,1,0,5,1e-12,0.0140067,0,8.07177e-12,9.6367e-13
basic,575,1,0,5,1e-12,0.0142968,0,7.84439e-12,9.54176e-13
basic,576,1,0,5,1e-12,0.0141712,0,9.43601e-12,9.43788e-13
basic,577,1,0,5,1e-12,0.0144211,0,1.10276e-11,8.99622e-13
basic,578,1,0,5,1e-12,0.0142238,0,9.54969e-12,9.35094e-13
basic,579,1,0,5,1e-12,0.0142421,0,6.59384e-12,8.66829e-13
basic,580,1,0,5,1e-12,0.0144612,0,8.52651e-12,1.02759e-12
basic,581,1,0,5,1e-12,0.0143303,0,9.09495e-12,9.54607e-13
basic,582,1,0,5,1e-12,0.0146346,0,7.50333e-12,9.19448e-13
basic,583,1,0,5,1e-12,0.0145705,0,6.36646e-12,8.75976e-13
basic,584,1,0,5,1e-12,0.0147311,0,9.54969e-12,9.60636e-13
basic,585,1,0,5,1e-12,0.0148427,0,8.07177e-12,9.7098e-13
basic,586,1,0,5,1e-12,0.0147409,0,7.38964e-12,8.78461e-13
basic,587,1,0,5,1e-12,0.0147602,0,9.54969e-12,1.0277e-12
basic,588,1,0,5,1e-12,0.0147101,0,9.09495e-12,1.00467e-12
basic,589,1,0,5,1e-12,0.0147807,0,8.98126e-12,9.08091e-13
basic,590,1,0,5,1e-12,0.0149117,0,7.84439e-12,9.49826e-13
basic,591,1,0,5,1e-12,0.0147802,0,8.41283e-12,8.95657e-13
basic,592,1,0,5,1e-12,0.0145758,0,9.77707e-12,1.01294e-12
basic,593,1,0,5,1e-12,0.0147211,0,8.86757e-12,1.00535e-12
basic,594,1,0,5,1e-12,0.0147092,0,7.27596e-12,9.60245e-13
basic,595,1,0,5,1e-12,0.0148785,0,7.61702e-12,9.46338e-13
basic,596,1,0,5,1e-12,0.0149094,0,9.66338e-12,9.37985e-13
basic,597,1,0,5,1e-12,0.0146136,0,7.95808e-12,9.32588e-13
basic,598,1,0,5,1e-12,0.0149411,0,9.32232e-12,9.86445e-13
basic,599,1,0,5,1e-12,0.0147913,0,1.02318e-11,9.46077e-13
basic,600,1,0,5,1e-12,0.0147169,0,8.07177e-12,9.84993e-13
basic,601,1,0,5,1e-12,0.0148082,0,7.16227e-12,8.41839e-13
basic,602,1,0,5,1e-12,0.0149897,0,1.08002e-11,9.19746e-13
basic,603,1,0,5,1e-12,0.0150756,0,1.64846e-11,9.58325e-13
basic,604,1,0,5,1e-12,0.0148414,0,7.04858e-12,7.78649e-13
basic,605,1,0,5,1e-12,0.0150087,0,7.50333e-12,1.02611e-12
basic,606,1,0,5,1e-12,0.0152385,0,9.89075e-12,9.3604e-13
basic,607,1,0,5,1e-12,0.0152857,0,8.41283e-12,1.0077e-12
basic,608,1,0,5,1e-12,0.0154024,0,7.04858e-12,8.81798e-13
basic,609,1,0,5,1e-12,0.0151707,0,8.86757e-12,8.58903e-13
basic,610,1,0,5,1e-12,0.0153345,0,8.86757e-12,9.41505e-13
basic,611,1,0,5,1e-12,0.0154616,0,9.54969e-12,9.07e-13
basic,612,1,0,5,1e-12,0.015568,0,8.98126e-12,9.40591e-13
basic,613,1,0,5,1e-12,0.0154812,0,9.20863e-12,9.4034e-13
basic,614,1,0,5,1e-12,0.0158338,0,8.41283e-12,1.04498e-12
basic,615,1,0,5,1e-12,0.015661,0,1.05729e-11,9.9582e-13
basic,616,1,0,5,1e-12,0.0156757,0,7.84439e-12,8.57763e-13
basic,617,1,0,5,1e-12,0.0156842,0,8.07177e-12,9.24906e-13
basic,618,1,0,5,1e-12,0.015817,0,7.38964e-12,9.38243e-13
basic,619,1,0,5,1e-12,0.0158138,0,8.86757e-12,1.01788e-12
basic,620,1,0,5,1e-12,0.0158882,0,7.7307e-12,9.40575e-13
basic,621,1,0,5,1e-12,0.0158943,0,1.19371e-11,9.61444e-13
basic,622,1,0,5,1e-12,0.0157937,0,1.3415e-11,8.99992e-13
basic,623,1,0,5,1e-12,0.0160494,0,1.08002e-11,9.6653e-13
basic,624,1,0,5,1e-12,0.0159933,0,1.01181e-11,9.32015e-13
basic,625,1,0,5,1e-12,0.0160901,0,1.10276e-11,9.64599e-13
basic,626,1,0,5,1e-12,0.0161839,0,1.04592e-11,1.00739e-12
basic,627,1,0,5,1e-12,0.0162931,0,1.11413e-11,1.03391e-12
basic,628,1,0,5,1e-12,0.0162217,0,9.20863e-12,9.41246e-13
basic,629,1,0,5,1e-12,0.016293,0,1.28466e-11,9.13674e-13
basic,630,1,0,5,1e-12,0.0163445,0,1.05729e-11,1.09505e-12
basic,631,1,0,5,1e-12,0.0164068,0,1.05729e-11,9.96939e-13
basic,632,1,0,5,1e-12,0.0164678,0,1.1255e-11,9.34173e-13
basic,633,1,0,5,1e-12,0.0166147,0,1.01181e-11,9.85028e-13
basic,634,1,0,5,1e-12,0.0165588,0,1.27329e-11,9.40308e-13
basic,635,1,0,5,1e-12,0.016774,0,1.00044e-11,9.06123e-13
basic,636,1,0,5,1e-12,0.0167375,0,1.05729e-11,9.45245e-13
basic,637,1,0,5,1e-12,0.0166846,0,1.21645e-11,1.00157e-12
basic,638,1,0,5,1e-12,0.0168708,0,1.06866e-11,9.51758e-13
basic,639,1,0,5,1e-12,0.0170988,0,1.20508e-11,9.64592e-13
basic,640,1,0,5,1e-12,0.0171425,0,1.00044e-11,9.30599e-13
basic,641,1,0,5,1e-12,0.0169405,0,9.54969e-12,9.00199e-13
basic,642,1,0,5,1e-12,0.016922,0,1.04592e-11,8.95496e-13
basic,643,1,0,5,1e-12,0.0170887,0,8.6402e-12,9.22793e-13
basic,644,1,0,5,1e-12,0.0169313,0,9.66338e-12,9.8649e-13
basic,645,1,0,5,1e-12,0.0172466,0,6.36646e-12,8.97771e-13
basic,646,1,0,5,1e-12,0.016999,0,1.21645e-11,9.68623e-13
basic,647,1,0,5,1e-12,0.0171955,0,8.41283e-12,9.17357e-13
basic,648,1,0,5,1e-12,0.0172359,0,8.86757e-12,9.63901e-13
basic,649,1,0,5,1e-12,0.0172842,0,1.15961e-11,1.00723e-12
basic,650,1,0,5,1e-12,0.0175213,0,1.1255e-11,8.93691e-13
basic,651,1,0,5,1e-12,0.0173335,0,8.98126e-12,9.85431e-13
basic,652,1,0,5,1e-12,0.0177413,0,1.03455e-11,1.03669e-12
basic,653,1,0,5,1e-12,0.017468,0,8.41283e-12,9.33978e-13
basic,654,1,0,5,1e-12,0.0177538,0,1.54614e-11,1.03914e-12
basic,655,1,0,5,1e-12,0.0176646,0,8.41283e-12,8.35577e-13
basic,656,1,0,5,1e-12,0.0179544,0,9.89075e-12,9.58198e-13
basic,657,1,0,5,1e-12,0.0178116,0,7.50333e-12,9.09758e-13
basic,658,1,0,5,1e-12,0.0179417,0,1.1255e-11,1.04343e-12
basic,659,1,0,5,1e-12,0.0178695,0,9.09495e-12,8.71304e-13
basic,660,1,0,5,1e-12,0.0178832,0,9.20863e-12,8.87557e-13
basic,661,1,0,5,1e-12,0.017938,0,8.07177e-12,8.88474e-13
basic,662,1,0,5,1e-12,0.0179663,0,1.00044e-11,9.19939e-13
basic,663,1,0,5,1e-12,0.0182075,0,1.10276e-11,9.3113e-13
basic,664,1,0,5,1e-12,0.0181552,0,1.06866e-11,9.94756e-13
basic,665,1,0,5,1e-12,0.0182063,0,8.6402e-12,1.00393e-12
basic,666,1,0,5,1e-12,0.0182364,0,1.20508e-11,9.41964e-13
basic,667,1,0,5,1e-12,0.0181239,0,8.6402e-12,9.02433e-13
basic,668,1,0,5,1e-12,0.0184449,0,9.77707e-12,9.46222e-13
basic,669,1,0,5,1e-12,0.0183955,0,8.98126e-12,9.56175e-13
basic,670,1,0,5,1e-12,0.0185236,0,8.98126e-12,9.35604e-13
basic,671,1,0,5,1e-12,0.0183663,0,8.75389e-12,9.01254e-13
basic,672,1,0,5,1e-12,0.0187626,0,7.7307e-12,9.91537e-13
basic,673,1,0,5,1e-12,0.0187086,0,1.27329e-11,9.75632e-13
basic,674,1,0,5,1e-12,0.0193482,0,6.48015e-12,9.49836e-13
basic,675,1,0,5,1e-12,0.0196084,0,8.75389e-12,9.39964e-13
basic,676,1,0,5,1e-12,0.0195171,0,1.26192e-11,9.42064e-13
basic,677,1,0,5,1e-12,0.0197258,0,8.86757e-12,9.56402e-13
basic,678,1,0,5,1e-12,0.019978,0,8.86757e-12,8.92131e-13
basic,679,1,0,5,1e-12,0.0196247,0,7.27596e-12,9.44693e-13
basic,680,1,0,5,1e-12,0.0197574,0,9.32232e-12,9.42005e-13
basic,681,1,0,5,1e-12,0.0195791,0,9.09495e-12,1.02765e-12
basic,682,1,0,5,1e-12,0.0201241,0,1.10276e-11,1.04443e-12
basic,683,1,0,5,1e-12,0.0201637,0,9.20863e-12,9.43675e-13
basic,684,1,0,5,1e-12,0.0201035,0,7.61702e-12,9.15393e-13
basic,685,1,0,5,1e-12,0.0198568,0,1.19371e-11,9.14522e-13
basic,686,1,0,5,1e-12,0.0202287,0,1.45519e-11,1.10738e-12
basic,687,1,0,5,1e-12,0.0203518,0,9.09495e-12,9.60083e-13
basic,688,1,0,5,1e-12,0.0204306,0,7.7307e-12,9.01698e-13
basic,689,1,0,5,1e-12,0.0202437,0,1.13687e-11,9.96405e-13
basic,690,1,0,5,1e-12,0.0205462,0,1.75078e-11,9.35748e-13
basic,691,1,0,5,1e-12,0.0205404,0,8.86757e-12,9.39893e-13
basic,692,1,0,5,1e-12,0.0205807,0,1.21645e-11,1.01034e-12
basic,693,1,0,5,1e-12,0.0203484,0,1.39835e-11,9.99833e-13
basic,694,1,0,5,1e-12,0.0199835,0,1.6712e-11,8.31537e-13
basic,695,1,0,5,1e-12,0.0200756,0,1.56888e-11,9.82165e-13
basic,696,1,0,5,1e-12,0.020325,0,7.50333e-12,9.72069e-13
basic,697,1,0,5,1e-12,0.0201324,0,8.98126e-12,9.95101e-13
basic,698,1,0,5,1e-12,0.0205036,0,1.10276e-11,1.04426e-12
basic,699,1,0,5,1e-12,0.0202287,0,7.61702e-12,9.19937e-13
basic,700,1,0,5,1e-12,0.0202054,0,8.75389e-12,9.0377e-13
basic,701,1,0,5,1e-12,0.0203294,0,1.21645e-11,9.88736e-13
basic,702,1,0,5,1e-12,0.0202572,0,6.9349e-12,9.89719e-13
basic,703,1,0,5,1e-12,0.0206536,0,1.05729e-11,9.59819e-13
basic,704,1,0,5,1e-12,0.0205651,0,7.61702e-12,9.21825e-13
basic,705,1,0,5,1e-12,0.0205498,0,1.01181e-11,9.20428e-13
basic,706,1,0,5,1e-12,0.0204436,0,8.41283e-12,8.87655e-13
basic,707,1,0,5,1e-12,0.0205707,0,1.10276e-11,9.61383e-13
basic,708,1,0,5,1e-12,0.0205992,0,9.89075e-12,9.51168e-13
basic,709,1,0,5,1e-12,0.0208233,0,8.41283e-12,9.67766e-13
basic,710,1,0,5,1e-12,0.0207353,0,6.48015e-12,9.59657e-13
basic,711,1,0,5,1e-12,0.0207316,0,1.10276e-11,9.70575e-13
basic,712,1,0,5,1e-12,0.0209966,0,7.95808e-12,1.10942e-12
basic,713,1,0,5,1e-12,0.0210413,0,7.04858e-12,9.41059e-13
basic,714,1,0,5,1e-12,0.0208128,0,1.31877e-11,1.00008e-12
basic,715,1,0,5,1e-12,0.0211329,0,9.20863e-12,9.71518e-13
basic,716,1,0,5,1e-12,0.0212704,0,8.86757e-12,8.69682e-13
basic,717,1,0,5,1e-12,0.0212974,0,1.40972e-11,9.57116e-13
basic,718,1,0,5,1e-12,0.021394,0,1.04592e-11,9.93462e-13
basic,719,1,0,5,1e-12,0.0212875,0,1.13687e-11,9.82956e-13
basic,720,1,0,5,1e-12,0.0214716,0,8.86757e-12,1.04731e-12
basic,721,1,0,5,1e-12,0.0213959,0,8.98126e-12,9.82159e-13
basic,722,1,0,5,1e-12,0.0215638,0,8.18545e-12,9.89621e-13
basic,723,1,0,5,1e-12,0.0214533,0,9.66338e-12,1.05764e-12
basic,724,1,0,5,1e-12,0.0216546,0,1.03455e-11,9.67622e-13
basic,725,1,0,5,1e-12,0.0217562,0,1.55751e-11,1.10254e-12
basic,726,1,0,5,1e-12,0.0217927,0,9.54969e-12,1.01883e-12
basic,727,1,0,5,1e-12,0.0218112,0,8.41283e-12,9.95195e-13
basic,728,1,0,5,1e-12,0.0217947,0,8.07177e-12,9.71637e-13
basic,729,1,0,5,1e-12,0.0219265,0,9.09495e-12,9.06202e-13
basic,730,1,0,5,1e-12,0.0219242,0,9.09495e-12,9.40027e-13
basic,731,1,0,5,1e-12,0.0219128,0,9.77707e-12,9.14361e-13
basic,732,1,0,5,1e-12,0.0222138,0,1.08002e-11,1.10019e-12
basic,733,1,0,5,1e-12,0.0219646,0,6.82121e-12,9.07329e-13
basic,734,1,0,5,1e-12,0.0220103,0,1.39835e-11,1.04804e-12
basic,735,1,0,5,1e-12,0.0223033,0,1.14824e-11,9.19868e-13
basic,736,1,0,5,1e-12,0.0223367,0,1.09139e-11,1.03126e-12
basic,737,1,0,5,1e-12,0.0223317,0,9.32232e-12,9.86397e-13
basic,738,1,0,5,1e-12,0.0224322,0,1.1255e-11,9.75997e-13
basic,739,1,0,5,1e-12,0.0225341,0,9.32232e-12,9.41307e-13
basic,740,1,0,5,1e-12,0.0226352,0,1.00044e-11,9.48815e-13
basic,741,1,0,5,1e-12,0.0227203,0,1.17097e-11,1.00554e-12
basic,742,1,0,5,1e-12,0.0227922,0,1.11413e-11,9.9247e-13
basic,743,1,0,5,1e-12,0.0227729,0,7.7307e-12,9.21229e-13
basic,744,1,0,5,1e-12,0.0228646,0,8.52651e-12,9.24208e-13
basic,745,1,0,5,1e-12,0.0231036,0,9.09495e-12,1.07239e-12
basic,746,1,0,5,1e-12,0.0227575,0,8.41283e-12,8.9657e-13
basic,747,1,0,5,1e-12,0.0230716,0,1.00044e-11,9.44217e-13
basic,748,1,0,5,1e-12,0.0229574,0,8.29914e-12,9.91651e-13
basic,749,1,0,5,1e-12,0.0231244,0,7.95808e-12,1.00999e-12
basic,750,1,0,5,1e-12,0.0231774,0,9.66338e-12,1.04375e-12
basic,751,1,0,5,1e-12,0.0232422,0,8.41283e-12,1.02408e-12
basic,752,1,0,5,1e-12,0.0232254,0,1.42109e-11,1.00174e-12
basic,753,1,0,5,1e-12,0.0233842,0,8.86757e-12,9.20212e-13
basic,754,1,0,5,1e-12,0.0235789,0,1.62572e-11,9.91139e-13
basic,755,1,0,5,1e-12,0.0236394,0,1.06866e-11,9.70923e-13
basic,756,1,0,5,1e-12,0.0234469,0,1.00044e-11,9.24166e-13
basic,757,1,0,5,1e-12,0.0237601,0,9.32232e-12,9.85151e-13
basic,758,1,0,5,1e-12,0.0237883,0,9.09495e-12,9.69412e-13
basic,759,1,0,5,1e-12,0.0237367,0,1.15961e-11,9.51045e-13
basic,760,1,0,5,1e-12,0.023912,0,1.02318e-11,1.04214e-12
basic,761,1,0,5,1e-12,0.0238432,0,8.52651e-12,9.21027e-13
basic,762,1,0,5,1e-12,0.024102,0,9.66338e-12,9.88491e-13
basic,763,1,0,5,1e-12,0.02396,0,1.01181e-11,9.56907e-13
basic,764,1,0,5,1e-12,0.0242351,0,1.31877e-11,9.83948e-13
basic,765,1,0,5,1e-12,0.0244979,0,1.00044e-11,1.01715e-12
basic,766,1,0,5,1e-12,0.0244442,0,1.25056e-11,1.05114e-12
basic,767,1,0,5,1e-12,0.0252732,0,1.02318e-11,9.62397e-13
basic,768,1,0,5,1e-12,0.0258297,0,1.02318e-11,1.01835e-12
basic,769,1,0,5,1e-12,0.0246311,0,1.02318e-11,9.87237e-13
basic,770,1,0,5,1e-12,0.0245714,0,1.38698e-11,9.57327e-13
basic,771,1,0,5,1e-12,0.0247918,0,9.89075e-12,1.06097e-12
basic,772,1,0,5,1e-12,0.0248359,0,1.3074e-11,9.93211e-13
basic,773,1,0,5,1e-12,0.0249225,0,9.77707e-12,1.02106e-12
basic,774,1,0,5,1e-12,0.0247874,0,1.00044e-11,9.40268e-13
basic,775,1,0,5,1e-12,0.0248064,0,9.77707e-12,1.05185e-12
basic,776,1,0,5,1e-12,0.0249345,0,9.54969e-12,1.02888e-12
basic,777,1,0,5,1e-12,0.0249903,0,8.52651e-12,9.72549e-13
basic,778,1,0,5,1e-12,0.0252653,0,1.14824e-11,1.01843e-12
basic,779,1,0,5,1e-12,0.0253417,0,9.54969e-12,1.05682e-12
basic,780,1,0,5,1e-12,0.0252224,0,8.29914e-12,9.72193e-13
basic,781,1,0,5,1e-12,0.0252657,0,8.29914e-12,9.31012e-13
basic,782,1,0,5,1e-12,0.025446,0,1.00044e-11,1.03106e-12
basic,783,1,0,5,1e-12,0.0249435,0,7.84439e-12,1.08279e-12
basic,784,1,0,5,1e-12,0.024977,0,8.6402e-12,9.87678e-13
basic,785,1,0,5,1e-12,0.024899,0,9.20863e-12,1.03184e-12
basic,786,1,0,5,1e-12,0.0252464,0,9.66338e-12,9.57255e-13
basic,787,1,0,5,1e-12,0.0253962,0,9.89075e-12,9.60601e-13
basic,788,1,0,5,1e-12,0.025177,0,1.14824e-11,1.04026e-12
basic,789,1,0,5,1e-12,0.0252151,0,1.06866e-11,9.53053e-13
basic,790,1,0,5,1e-12,0.0251552,0,1.04592e-11,1.01474e-12
basic,791,1,0,5,1e-12,0.0251711,0,1.15961e-11,1.00746e-12
basic,792,1,0,5,1e-12,0.0285749,0,1.29603e-11,9.89637e-13
basic,793,1,0,5,1e-12,0.0255339,0,1.64846e-11,1.0632e-12
basic,794,1,0,5,1e-12,0.0252943,0,1.11413e-11,1.00811e-12
basic,795,1,0,5,1e-12,0.0255718,0,1.23919e-11,1.04842e-12
basic,796,1,0,5,1e-12,0.0256188,0,1.38698e-11,1.08614e-12
basic,797,1,0,5,1e-12,0.025507,0,9.32232e-12,1.0001e-12
basic,798,1,0,5,1e-12,0.0255526,0,8.86757e-12,1.09429e-12
basic,799,1,0,5,1e-12,0.026005,0,8.86757e-12,9.74504e-13
basic,800,1,0,5,1e-12,0.0260079,0,1.04592e-11,1.04662e-12
basic,801,1,0,5,1e-12,0.0262216,0,1.04592e-11,1.09994e-12
basic,802,1,0,5,1e-12,0.0258797,0,7.7307e-12,9.64323e-13
basic,803,1,0,5,1e-12,0.0259988,0,8.18545e-12,1.03137e-12
basic,804,1,0,5,1e-12,0.0259006,0,1.39835e-11,1.03625e-12
basic,805,1,0,5,1e-12,0.0261252,0,1.33014e-11,9.85092e-13
basic,806,1,0,5,1e-12,0.0261449,0,1.10276e-11,1.01936e-12
basic,807,1,0,5,1e-12,0.0264207,0,8.6402e-12,1.01246e-12
basic,808,1,0,5,1e-12,0.026259,0,1.31877e-11,1.00229e-12
basic,809,1,0,5,1e-12,0.026491,0,9.09495e-12,1.02639e-12
basic,810,1,0,5,1e-12,0.0265183,0,1.45519e-11,1.15049e-12
basic,811,1,0,5,1e-12,0.0266404,0,9.54969e-12,9.61676e-13
basic,812,1,0,5,1e-12,0.0266085,0,9.66338e-12,1.08477e-12
basic,813,1,0,5,1e-12,0.0269042,0,8.41283e-12,9.64573e-13
basic,814,1,0,5,1e-12,0.026838,0,1.54614e-11,9.55216e-13
basic,815,1,0,5,1e-12,0.0269439,0,1.20508e-11,1.03557e-12
basic,816,1,0,5,1e-12,0.0267993,0,8.52651e-12,1.04374e-12
basic,817,1,0,5,1e-12,0.0267141,0,1.05729e-11,1.03652e-12
basic,818,1,0,5,1e-12,0.0273518,0,8.29914e-12,1.01335e-12
basic,819,1,0,5,1e-12,0.0271217,0,9.43601e-12,1.06417e-12
basic,820,1,0,5,1e-12,0.0272747,0,1.08002e-11,1.04911e-12
basic,821,1,0,5,1e-12,0.0273084,0,8.98126e-12,1.07363e-12
basic,822,1,0,5,1e-12,0.0274848,0,1.05729e-11,1.06758e-12
basic,823,1,0,5,1e-12,0.0274617,0,1.11413e-11,1.01149e-12
basic,824,1,0,5,1e-12,0.0274575,0,1.11413e-11,1.01621e-12
basic,825,1,0,5,1e-12,0.0274927,0,9.20863e-12,1.0446e-12
basic,826,1,0,5,1e-12,0.0276205,0,1.17097e-11,1.02094e-12
basic,827,1,0,5,1e-12,0.0277809,0,1.23919e-11,1.01189e-12
basic,828,1,0,5,1e-12,0.0275857,0,1.29603e-11,1.00812e-12
basic,829,1,0,5,1e-12,0.027901,0,7.7307e-12,1.01159e-12
basic,830,1,0,5,1e-12,0.0278467,0,1.40972e-11,1.08025e-12
basic,831,1,0,5,1e-12,0.0282001,0,1.06866e-11,9.60457e-13
basic,832,1,0,5,1e-12,0.0281749,0,1.11413e-11,1.04536e-12
basic,833,1,0,5,1e-12,0.0279188,0,1.17097e-11,1.07136e-12
basic,834,1,0,5,1e-12,0.0282535,0,1.04592e-11,9.86231e-13
basic,835,1,0,5,1e-12,0.0282068,0,1.00044e-11,1.07289e-12
basic,836,1,0,5,1e-12,0.0285311,0,1.3074e-11,1.08113e-12
basic,837,1,0,5,1e-12,0.028331,0,1.23919e-11,1.02756e-12
basic,838,1,0,5,1e-12,0.0284243,0,1.18234e-11,1.12818e-12
basic,839,1,0,5,1e-12,0.0281665,0,1.10276e-11,1.07008e-12
basic,840,1,0,5,1e-12,0.0287615,0,8.98126e-12,9.72966e-13
basic,841,1,0,5,1e-12,0.0283831,0,1.13687e-11,1.03239e-12
basic,842,1,0,5,1e-12,0.0287316,0,1.19371e-11,1.00235e-12
basic,843,1,0,5,1e-12,0.0286605,0,1.54614e-11,1.00898e-12
basic,844,1,0,5,1e-12,0.0290233,0,1.18234e-11,1.02925e-12
basic,845,1,0,5,1e-12,0.0290369,0,1.10276e-11,1.12171e-12
basic,846,1,0,5,1e-12,0.0291378,0,1.13687e-11,1.09624e-12
basic,847,1,0,5,1e-12,0.0292867,0,8.29914e-12,9.63753e-13
basic,848,1,0,5,1e-12,0.0297986,0,9.20863e-12,1.051e-12
basic,849,1,0,5,1e-12,0.0298719,0,1.54614e-11,1.18005e-12
basic,850,1,0,5,1e-12,0.0298374,0,1.08002e-11,1.00277e-12
basic,851,1,0,5,1e-12,0.0296993,0,9.89075e-12,9.35158e-13
basic,852,1,0,5,1e-12,0.0302456,0,8.52651e-12,9.64108e-13
basic,853,1,0,5,1e-12,0.0301514,0,8.6402e-12,1.06314e-12
basic,854,1,0,5,1e-12,0.0303057,0,1.72804e-11,9.95422e-13
basic,855,1,0,5,1e-12,0.0303002,0,1.17097e-11,1.02226e-12
basic,856,1,0,5,1e-12,0.030363,0,2.23963e-11,1.05436e-12
basic,857,1,0,5,1e-12,0.030572,0,8.6402e-12,1.01047e-12
basic,858,1,0,5,1e-12,0.0304844,0,1.19371e-11,1.12682e-12
basic,859,1,0,5,1e-12,0.0304041,0,1.23919e-11,9.93217e-13
basic,860,1,0,5,1e-12,0.0306165,0,1.31877e-11,1.04103e-12
basic,861,1,0,5,1e-12,0.0305683,0,8.98126e-12,9.79374e-13
basic,862,1,0,5,1e-12,0.0299378,0,7.84439e-12,9.94108e-13
basic,863,1,0,5,1e-12,0.0304301,0,1.04592e-11,1.05004e-12
basic,864,1,0,5,1e-12,0.0304349,0,1.33014e-11,1.14765e-12
basic,865,1,0,5,1e-12,0.0305843,0,1.23919e-11,1.03084e-12
basic,866,1,0,5,1e-12,0.0304385,0,1.26192e-11,1.15692e-12
basic,867,1,0,5,1e-12,0.0303231,0,1.73941e-11,1.05556e-12
basic,868,1,0,5,1e-12,0.0305044,0,1.79625e-11,1.02502e-12
basic,869,1,0,5,1e-12,0.0306621,0,8.98126e-12,1.00693e-12
basic,870,1,0,5,1e-12,0.03072,0,1.73941e-11,1.04666e-12
basic,871,1,0,5,1e-12,0.0307604,0,8.75389e-12,9.93703e-13
basic,872,1,0,5,1e-12,0.0307969,0,9.89075e-12,1.06018e-12
basic,873,1,0,5,1e-12,0.0308983,0,1.62572e-11,1.10448e-12
basic,874,1,0,5,1e-12,0.031075,0,1.58025e-11,1.00502e-12
basic,875,1,0,5,1e-12,0.0309882,0,1.45519e-11,1.05377e-12
basic,876,1,0,5,1e-12,0.0311096,0,1.05729e-11,1.05065e-12
basic,877,1,0,5,1e-12,0.0312909,0,1.26192e-11,1.05823e-12
basic,878,1,0,5,1e-12,0.0313005,0,1.64846e-11,1.08787e-12
basic,879,1,0,5,1e-12,0.0316091,0,1.28466e-11,1.09708e-12
basic,880,1,0,5,1e-12,0.0312389,0,1.18234e-11,9.95815e-13
basic,881,1,0,5,1e-12,0.0314425,0,9.43601e-12,9.42505e-13
basic,882,1,0,5,1e-12,0.0312511,0,1.36424e-11,1.13014e-12
basic,883,1,0,5,1e-12,0.0313783,0,1.23919e-11,1.07258e-12
basic,884,1,0,5,1e-12,0.031852,0,1.05729e-11,1.02884e-12
basic,885,1,0,5,1e-12,0.0316309,0,1.18234e-11,1.05178e-12
basic,886,1,0,5,1e-12,0.0316576,0,1.06866e-11,1.08944e-12
basic,887,1,0,5,1e-12,0.0318004,0,1.27329e-11,1.11215e-12
basic,888,1,0,5,1e-12,0.0318007,0,1.33014e-11,9.57158e-13
basic,889,1,0,5,1e-12,0.0322242,0,8.29914e-12,1.08621e-12
basic,890,1,0,5,1e-12,0.0318626,0,1.02318e-11,9.87605e-13
basic,891,1,0,5,1e-12,0.0322159,0,1.6712e-11,1.11418e-12
basic,892,1,0,5,1e-12,0.0319887,0,1.3415e-11,1.07509e-12
basic,893,1,0,5,1e-12,0.0320792,0,1.68257e-11,1.00656e-12
basic,894,1,0,5,1e-12,0.0325435,0,1.05729e-11,1.05024e-12
basic,895,1,0,5,1e-12,0.0326798,0,1.21645e-11,1.07462e-12
basic,896,1,0,5,1e-12,0.0325596,0,1.46656e-11,1.07054e-12
basic,897,1,0,5,1e-12,0.0328077,0,1.64846e-11,1.03497e-12
basic,898,1,0,5,1e-12,0.0326633,0,1.05729e-11,1.03069e-12
basic,899,1,0,5,1e-12,0.0326902,0,1.72804e-11,1.01164e-12
basic,900,1,0,5,1e-12,0.0326212,0,1.20508e-11,1.0587e-12
basic,901,1,0,5,1e-12,0.03294,0,1.20508e-11,1.05454e-12
basic,902,1,0,5,1e-12,0.0328203,0,1.13687e-11,1.07381e-12
basic,903,1,0,5,1e-12,0.0332189,0,1.61435e-11,1.06033e-12
basic,904,1,0,5,1e-12,0.0331874,0,1.06866e-11,1.01756e-12
basic,905,1,0,5,1e-12,0.0332205,0,1.08002e-11,1.06805e-12
basic,906,1,0,5,1e-12,0.0335027,0,9.09495e-12,1.11502e-12
basic,907,1,0,5,1e-12,0.0334791,0,1.04592e-11,9.98586e-13
basic,908,1,0,5,1e-12,0.0330263,0,9.20863e-12,1.0559e-12
basic,909,1,0,5,1e-12,0.0335629,0,1.10276e-11,9.81764e-13
basic,910,1,0,5,1e-12,0.0333021,0,1.56888e-11,1.06738e-12
basic,911,1,0,5,1e-12,0.033623,0,1.43245e-11,1.13785e-12
basic,912,1,0,5,1e-12,0.0336582,0,1.15961e-11,1.10541e-12
basic,913,1,0,5,1e-12,0.0335413,0,1.39835e-11,1.01345e-12
basic,914,1,0,5,1e-12,0.0338416,0,1.25056e-11,1.07529e-12
basic,915,1,0,5,1e-12,0.0339977,0,7.50333e-12,9.55977e-13
basic,916,1,0,5,1e-12,0.0340643,0,1.03455e-11,1.06502e-12
basic,917,1,0,5,1e-12,0.0341723,0,1.23919e-11,1.15396e-12
basic,918,1,0,5,1e-12,0.0339825,0,1.47793e-11,1.00333e-12
basic,919,1,0,5,1e-12,0.0341495,0,1.29603e-11,1.03231e-12
basic,920,1,0,5,1e-12,0.0343249,0,9.54969e-12,1.08491e-12
basic,921,1,0,5,1e-12,0.034448,0,9.32232e-12,1.01148e-12
basic,922,1,0,5,1e-12,0.0343373,0,1.25056e-11,1.04793e-12
basic,923,1,0,5,1e-12,0.034506,0,1.20508e-11,1.11395e-12
basic,924,1,0,5,1e-12,0.0347679,0,1.31877e-11,1.10514e-12
basic,925,1,0,5,1e-12,0.0346155,0,1.27329e-11,1.06442e-12
basic,926,1,0,5,1e-12,0.0347529,0,9.66338e-12,1.07688e-12
basic,927,1,0,5,1e-12,0.0347192,0,1.35287e-11,9.93772e-13
basic,928,1,0,5,1e-12,0.0348066,0,9.43601e-12,1.0332e-12
basic,929,1,0,5,1e-12,0.0348953,0,1.21645e-11,1.07703e-12
basic,930,1,0,5,1e-12,0.034889,0,1.68257e-11,1.14432e-12
basic,931,1,0,5,1e-12,0.035426,0,1.29603e-11,1.07114e-12
basic,932,1,0,5,1e-12,0.0352069,0,8.86757e-12,1.12177e-12
basic,933,1,0,5,1e-12,0.0354073,0,1.40972e-11,1.09056e-12
basic,934,1,0,5,1e-12,0.0353081,0,1.36424e-11,1.16584e-12
basic,935,1,0,5,1e-12,0.0348603,0,1.51203e-11,1.06886e-12
basic,936,1,0,5,1e-12,0.0347809,0,1.01181e-11,1.0195e-12
basic,937,1,0,5,1e-12,0.0350615,0,1.44382e-11,1.0901e-12
basic,938,1,0,5,1e-12,0.035196,0,1.03455e-11,1.01467e-12
basic,939,1,0,5,1e-12,0.0352693,0,1.00044e-11,1.11192e-12
basic,940,1,0,5,1e-12,0.035127,0,1.25056e-11,1.1904e-12
basic,941,1,0,5,1e-12,0.0350873,0,1.19371e-11,1.052e-12
basic,942,1,0,5,1e-12,0.0351692,0,8.86757e-12,1.03724e-12
basic,943,1,0,5,1e-12,0.0353425,0,1.09139e-11,1.04304e-12
basic,944,1,0,5,1e-12,0.0352497,0,1.93268e-11,1.111e-12
basic,945,1,0,5,1e-12,0.0357628,0,1.15961e-11,1.08983e-12
basic,946,1,0,5,1e-12,0.0352874,0,1.09139e-11,1.06417e-12
basic,947,1,0,5,1e-12,0.0356822,0,1.15961e-11,1.03987e-12
basic,948,1,0,5,1e-12,0.0355178,0,1.35287e-11,1.02311e-12
basic,949,1,0,5,1e-12,0.0356321,0,1.14824e-11,1.0383e-12
basic,950,1,0,5,1e-12,0.0357668,0,1.53477e-11,1.08841e-12
basic,951,1,0,5,1e-12,0.0358882,0,1.35287e-11,1.05839e-12
basic,952,1,0,5,1e-12,0.0357774,0,1.21645e-11,1.04422e-12
basic,953,1,0,5,1e-12,0.0360684,0,1.06866e-11,1.02359e-12
basic,954,1,0,5,1e-12,0.0359691,0,1.75078e-11,1.03354e-12
basic,955,1,0,5,1e-12,0.036352,0,1.09139e-11,1.12002e-12
basic,956,1,0,5,1e-12,0.0361302,0,1.00044e-11,1.12224e-12
basic,957,1,0,5,1e-12,0.0365317,0,1.50067e-11,1.15303e-12
basic,958,1,0,5,1e-12,0.0366282,0,1.1255e-11,1.08565e-12
basic,959,1,0,5,1e-12,0.036806,0,1.02318e-11,1.0686e-12
basic,960,1,0,5,1e-12,0.0364674,0,1.38698e-11,1.05559e-12
basic,961,1,0,5,1e-12,0.037048,0,9.32232e-12,1.03357e-12
basic,962,1,0,5,1e-12,0.0368012,0,1.22782e-11,1.20288e-12
basic,963,1,0,5,1e-12,0.0368925,0,1.38698e-11,1.21612e-12
basic,964,1,0,5,1e-12,0.0368526,0,1.21645e-11,1.06446e-12
basic,965,1,0,5,1e-12,0.0371025,0,1.04592e-11,1.03175e-12
basic,966,1,0,5,1e-12,0.0372306,0,1.1255e-11,1.07225e-12
basic,967,1,0,5,1e-12,0.0370199,0,1.15961e-11,1.1154e-12
basic,968,1,0,5,1e-12,0.0373611,0,8.6402e-12,1.01405e-12
basic,969,1,0,5,1e-12,0.0371869,0,9.54969e-12,9.87169e-13
basic,970,1,0,5,1e-12,0.0375046,0,1.04592e-11,1.03309e-12
basic,971,1,0,5,1e-12,0.0373982,0,1.26192e-11,1.0997e-12
basic,972,1,0,5,1e-12,0.0377034,0,1.06866e-11,1.11797e-12
basic,973,1,0,5,1e-12,0.0374508,0,8.41283e-12,1.03626e-12
basic,974,1,0,5,1e-12,0.0377187,0,1.45519e-11,1.03338e-12
basic,975,1,0,5,1e-12,0.0381451,0,1.04592e-11,9.86442e-13
basic,976,1,0,5,1e-12,0.0377981,0,1.5234e-11,1.08664e-12
basic,977,1,0,5,1e-12,0.0379569,0,1.15961e-11,1.07251e-12
basic,978,1,0,5,1e-12,0.0379544,0,9.43601e-12,1.08609e-12
basic,979,1,0,5,1e-12,0.037891,0,1.09139e-11,1.01009e-12
basic,980,1,0,5,1e-12,0.0382172,0,1.65983e-11,1.08057e-12
basic,981,1,0,5,1e-12,0.0383086,0,1.04592e-11,1.09909e-12
basic,982,1,0,5,1e-12,0.03869,0,1.23919e-11,1.10532e-12
basic,983,1,0,5,1e-12,0.038394,0,1.23919e-11,1.12098e-12
basic,984,1,0,5,1e-12,0.0386783,0,1.31877e-11,1.0598e-12
basic,985,1,0,5,1e-12,0.0387869,0,1.15961e-11,1.00197e-12
basic,986,1,0,5,1e-12,0.0387095,0,1.19371e-11,1.13531e-12
basic,987,1,0,5,1e-12,0.0385971,0,1.31877e-11,1.04494e-12
basic,988,1,0,5,1e-12,0.0387774,0,1.50067e-11,1.10798e-12
basic,989,1,0,5,1e-12,0.038805,0,1.06866e-11,1.10838e-12
basic,990,1,0,5,1e-12,0.039607,0,9.89075e-12,1.0225e-12
basic,991,1,0,5,1e-12,0.0399281,0,1.26192e-11,1.06273e-12
basic,992,1,0,5,1e-12,0.0401505,0,1.22782e-11,1.11562e-12
basic,993,1,0,5,1e-12,0.039822,0,1.61435e-11,1.07043e-12
basic,994,1,0,5,1e-12,0.0398815,0,1.14824e-11,1.03795e-12
basic,995,1,0,5,1e-12,0.0401392,0,1.19371e-11,1.14062e-12
basic,996,1,0,5,1e-12,0.0402168,0,8.52651e-12,1.0883e-12
basic,997,1,0,5,1e-12,0.0402893,0,1.08002e-11,1.09805e-12
basic,998,1,0,5,1e-12,0.0402457,0,9.43601e-12,1.02323e-12
basic,999,1,0,5,1e-12,0.0403211,0,1.00044e-11,1.0567e-12
basic,1000,1,0,5,1e-12,0.0401739,0,1.61435e-11,1.05743e-12
