version, size, hermitian, complex, seed, tol, runtime in s,min_error, max_error, avg_error
Hessenberg basic,900,1,0,4,1e-12,1.06716,0,1.05729e-11,1.61416e-12
Hessenberg basic,900,1,1,4,1e-12,3.5488,0,1.1255e-11,1.73105e-12
Hessenberg basic,901,1,0,4,1e-12,1.31344,0,1.29603e-11,1.69111e-12
Hessenberg basic,901,1,1,4,1e-12,3.40389,0,1.11413e-11,1.81251e-12
Hessenberg basic,902,1,0,4,1e-12,1.5416,0,1.18234e-11,1.67005e-12
Hessenberg basic,902,1,1,4,1e-12,3.54504,0,1.05729e-11,1.80282e-12
Hessenberg basic,903,1,0,4,1e-12,0.516871,0,1.03455e-11,1.80461e-12
Hessenberg basic,903,1,1,4,1e-12,2.52514,0,1.17097e-11,1.86379e-12
Hessenberg basic,904,1,0,4,1e-12,0.56445,0,1.19371e-11,1.6494e-12
Hessenberg basic,904,1,1,4,1e-12,1.71949,0,1.40972e-11,1.77935e-12
Hessenberg basic,905,1,0,4,1e-12,0.622651,0,1.54614e-11,1.70559e-12
Hessenberg basic,905,1,1,4,1e-12,2.45972,0,1.39835e-11,1.7594e-12
Hessenberg basic,906,1,0,4,1e-12,0.94017,0,1.09139e-11,1.6403e-12
Hessenberg basic,906,1,1,4,1e-12,2.36345,0,8.86757e-12,1.84749e-12
Hessenberg basic,907,1,0,4,1e-12,1.86624,0,1.60298e-11,1.67941e-12
Hessenberg basic,907,1,1,4,1e-12,1.62973,0,1.08002e-11,1.88233e-12
Hessenberg basic,908,1,0,4,1e-12,1.80493,0,1.04592e-11,1.70731e-12
Hessenberg basic,908,1,1,4,1e-12,1.67153,0,1.05729e-11,1.75026e-12
Hessenberg basic,909,1,0,4,1e-12,1.00194,0,1.10276e-11,1.74623e-12
Hessenberg basic,909,1,1,4,1e-12,1.90724,0,1.60298e-11,1.8828e-12
Hessenberg basic,910,1,0,4,1e-12,0.82181,0,1.31877e-11,1.64249e-12
Hessenberg basic,910,1,1,4,1e-12,3.3446,0,1.28466e-11,1.817e-12
Hessenberg basic,911,1,0,4,1e-12,0.944925,0,1.42109e-11,1.7038e-12
Hessenberg basic,911,1,1,4,1e-12,3.56165,0,1.46656e-11,1.57375e-12
Hessenberg basic,912,1,0,4,1e-12,0.876409,0,1.1255e-11,1.62799e-12
Hessenberg basic,912,1,1,4,1e-12,3.14421,0,1.3074e-11,1.74214e-12
Hessenberg basic,913,1,0,4,1e-12,0.661435,0,9.89075e-12,1.73946e-12
Hessenberg basic,913,1,1,4,1e-12,2.72706,0,1.19371e-11,1.71621e-12
Hessenberg basic,914,1,0,4,1e-12,0.551415,0,1.38698e-11,1.80149e-12
Hessenberg basic,914,1,1,4,1e-12,2.21844,0,1.31877e-11,1.86358e-12
Hessenberg basic,915,1,0,4,1e-12,0.951878,0,1.6712e-11,1.7881e-12
Hessenberg basic,915,1,1,4,1e-12,2.96805,0,1.18234e-11,1.74943e-12
Hessenberg basic,916,1,0,4,1e-12,1.28241,0,1.06866e-11,1.7784e-12
Hessenberg basic,916,1,1,4,1e-12,4.30525,0,1.51203e-11,1.69699e-12
Hessenberg basic,917,1,0,4,1e-12,1.87948,0,1.4893e-11,1.71368e-12
Hessenberg basic,917,1,1,4,1e-12,4.54178,0,1.04592e-11,1.84055e-12
Hessenberg basic,918,1,0,4,1e-12,1.26894,0,1.28466e-11,1.71e-12
Hessenberg basic,918,1,1,4,1e-12,3.56455,0,1.36424e-11,1.72182e-12
Hessenberg basic,919,1,0,4,1e-12,1.53835,0,1.11413e-11,1.66275e-12
Hessenberg basic,919,1,1,4,1e-12,3.45732,0,1.78488e-11,1.78231e-12
Hessenberg basic,920,1,0,4,1e-12,1.86624,0,1.37561e-11,1.68833e-12
Hessenberg basic,920,1,1,4,1e-12,3.40515,0,1.13687e-11,1.68424e-12
Hessenberg basic,921,1,0,4,1e-12,2.00383,0,1.36424e-11,1.7729e-12
Hessenberg basic,921,1,1,4,1e-12,3.86516,0,9.89075e-12,1.71531e-12
Hessenberg basic,922,1,0,4,1e-12,1.46388,0,9.77707e-12,1.68765e-12
Hessenberg basic,922,1,1,4,1e-12,3.95674,0,1.80762e-11,1.92055e-12
Hessenberg basic,923,1,0,4,1e-12,1.5088,0,1.27329e-11,1.72634e-12
Hessenberg basic,923,1,1,4,1e-12,4.40313,0,1.14824e-11,1.83839e-12
Hessenberg basic,924,1,0,4,1e-12,2.02911,0,1.08002e-11,1.66132e-12
Hessenberg basic,924,1,1,4,1e-12,4.44609,0,1.26192e-11,1.86027e-12
Hessenberg basic,925,1,0,4,1e-12,1.66687,0,1.22782e-11,1.78378e-12
Hessenberg basic,925,1,1,4,1e-12,4.64992,0,1.35287e-11,1.76113e-12
Hessenberg basic,926,1,0,4,1e-12,1.53557,0,1.25056e-11,1.83342e-12
Hessenberg basic,926,1,1,4,1e-12,3.4188,0,1.09139e-11,1.86848e-12
Hessenberg basic,927,1,0,4,1e-12,1.6551,0,9.77707e-12,1.76284e-12
Hessenberg basic,927,1,1,4,1e-12,3.95872,0,1.14824e-11,1.87534e-12
Hessenberg basic,928,1,0,4,1e-12,1.99475,0,9.66338e-12,1.73596e-12
Hessenberg basic,928,1,1,4,1e-12,4.0462,0,1.44382e-11,1.83135e-12
Hessenberg basic,929,1,0,4,1e-12,1.52427,0,1.14824e-11,1.6763e-12
Hessenberg basic,929,1,1,4,1e-12,4.42674,0,1.8531e-11,1.86515e-12
Hessenberg basic,930,1,0,4,1e-12,1.95956,0,1.00044e-11,1.76784e-12
Hessenberg basic,930,1,1,4,1e-12,5.10459,0,1.17097e-11,1.87614e-12
Hessenberg basic,931,1,0,4,1e-12,1.90229,0,8.75389e-12,1.67947e-12
Hessenberg basic,931,1,1,4,1e-12,4.92638,0,1.59162e-11,1.75551e-12
Hessenberg basic,932,1,0,4,1e-12,1.70794,0,1.15961e-11,1.77167e-12
Hessenberg basic,932,1,1,4,1e-12,4.04258,0,1.31877e-11,1.80431e-12
Hessenberg basic,933,1,0,4,1e-12,2.24612,0,1.20508e-11,1.78482e-12
Hessenberg basic,933,1,1,4,1e-12,3.88774,0,1.35287e-11,1.90119e-12
Hessenberg basic,934,1,0,4,1e-12,2.14312,0,1.15961e-11,1.7152e-12
Hessenberg basic,934,1,1,4,1e-12,4.27603,0,1.11413e-11,1.82884e-12
Hessenberg basic,935,1,0,4,1e-12,1.78579,0,1.21645e-11,1.68473e-12
Hessenberg basic,935,1,1,4,1e-12,4.94931,0,1.38698e-11,1.92141e-12
Hessenberg basic,936,1,0,4,1e-12,1.7115,0,1.33014e-11,1.76379e-12
Hessenberg basic,936,1,1,4,1e-12,4.6202,0,1.29603e-11,1.9609e-12
Hessenberg basic,937,1,0,4,1e-12,1.76558,0,1.19371e-11,1.7815e-12
Hessenberg basic,937,1,1,4,1e-12,5.22813,0,1.27329e-11,1.97175e-12
Hessenberg basic,938,1,0,4,1e-12,2.28475,0,1.09139e-11,1.77451e-12
Hessenberg basic,938,1,1,4,1e-12,5.0041,0,1.31877e-11,1.85453e-12
Hessenberg basic,939,1,0,4,1e-12,1.88864,0,1.23919e-11,1.74906e-12
Hessenberg basic,939,1,1,4,1e-12,4.00887,0,1.5234e-11,2.00283e-12
Hessenberg basic,940,1,0,4,1e-12,2.25914,0,1.72804e-11,1.82545e-12
Hessenberg basic,940,1,1,4,1e-12,4.61388,0,1.25056e-11,1.89895e-12
Hessenberg basic,941,1,0,4,1e-12,1.91593,0,1.23919e-11,1.71634e-12
Hessenberg basic,941,1,1,4,1e-12,4.58004,0,1.21645e-11,1.80227e-12
Hessenberg basic,942,1,0,4,1e-12,1.88896,0,1.36424e-11,1.78113e-12
Hessenberg basic,942,1,1,4,1e-12,4.47005,0,1.20508e-11,1.95049e-12
Hessenberg basic,943,1,0,4,1e-12,1.98389,0,1.76215e-11,1.83673e-12
Hessenberg basic,943,1,1,4,1e-12,5.2167,0,1.62572e-11,1.87657e-12
Hessenberg basic,944,1,0,4,1e-12,2.38616,0,1.17097e-11,1.68663e-12
Hessenberg basic,944,1,1,4,1e-12,4.8357,0,1.22782e-11,1.93425e-12
Hessenberg basic,945,1,0,4,1e-12,1.82903,0,1.23919e-11,1.75986e-12
Hessenberg basic,945,1,1,4,1e-12,4.98298,0,1.22782e-11,1.83529e-12
Hessenberg basic,946,1,0,4,1e-12,2.04326,0,1.1255e-11,1.74882e-12
Hessenberg basic,946,1,1,4,1e-12,3.99399,0,1.23919e-11,1.89565e-12
Hessenberg basic,947,1,0,4,1e-12,2.42043,0,1.22782e-11,1.80316e-12
Hessenberg basic,947,1,1,4,1e-12,4.93885,0,9.89075e-12,1.81816e-12
Hessenberg basic,948,1,0,4,1e-12,2.07711,0,1.93268e-11,1.79148e-12
Hessenberg basic,948,1,1,4,1e-12,4.35391,0,1.71667e-11,1.85379e-12
Hessenberg basic,949,1,0,4,1e-12,1.94737,0,1.23919e-11,1.79572e-12
Hessenberg basic,949,1,1,4,1e-12,4.14296,0,1.75078e-11,1.83888e-12
Hessenberg basic,950,1,0,4,1e-12,2.25142,0,1.14824e-11,1.78673e-12
Hessenberg basic,950,1,1,4,1e-12,5.72161,0,1.29603e-11,1.94324e-12
Hessenberg basic,951,1,0,4,1e-12,2.2868,0,1.37561e-11,1.71365e-12
Hessenberg basic,951,1,1,4,1e-12,5.03716,0,1.50067e-11,1.78771e-12
Hessenberg basic,952,1,0,4,1e-12,1.80059,0,1.46656e-11,1.7659e-12
Hessenberg basic,952,1,1,4,1e-12,4.21715,0,1.3074e-11,1.67188e-12
Hessenberg basic,953,1,0,4,1e-12,2.01588,0,1.36424e-11,1.70469e-12
Hessenberg basic,953,1,1,4,1e-12,3.82027,0,1.18234e-11,1.92093e-12
Hessenberg basic,954,1,0,4,1e-12,2.64712,0,1.46656e-11,1.77136e-12
Hessenberg basic,954,1,1,4,1e-12,4.31646,0,1.7053e-11,2.0029e-12
Hessenberg basic,955,1,0,4,1e-12,2.07906,0,1.22782e-11,1.84513e-12
Hessenberg basic,955,1,1,4,1e-12,5.21507,0,1.1255e-11,1.76266e-12
Hessenberg basic,956,1,0,4,1e-12,1.77427,0,1.76215e-11,1.75206e-12
Hessenberg basic,956,1,1,4,1e-12,4.43079,0,1.98952e-11,1.88499e-12
Hessenberg basic,957,1,0,4,1e-12,1.74229,0,1.47793e-11,1.80947e-12
Hessenberg basic,957,1,1,4,1e-12,5.10734,0,1.17097e-11,1.92747e-12
Hessenberg basic,958,1,0,4,1e-12,2.566,0,1.4893e-11,1.90733e-12
Hessenberg basic,958,1,1,4,1e-12,5.39173,0,1.44382e-11,1.83119e-12
Hessenberg basic,959,1,0,4,1e-12,2.19246,0,1.1255e-11,1.74362e-12
Hessenberg basic,959,1,1,4,1e-12,4.734,0,1.36424e-11,1.8106e-12
Hessenberg basic,960,1,0,4,1e-12,1.95322,0,1.20508e-11,1.76429e-12
Hessenberg basic,960,1,1,4,1e-12,4.94232,0,1.51203e-11,1.83653e-12
Hessenberg basic,961,1,0,4,1e-12,1.91764,0,1.06866e-11,1.6092e-12
Hessenberg basic,961,1,1,4,1e-12,3.93224,0,1.89857e-11,1.71546e-12
Hessenberg basic,962,1,0,4,1e-12,2.47057,0,1.05729e-11,1.73318e-12
Hessenberg basic,962,1,1,4,1e-12,4.97895,0,1.25056e-11,1.78681e-12
Hessenberg basic,963,1,0,4,1e-12,2.08871,0,1.28466e-11,1.76433e-12
Hessenberg basic,963,1,1,4,1e-12,4.37636,0,1.18234e-11,1.8816e-12
Hessenberg basic,964,1,0,4,1e-12,2.01973,0,1.14824e-11,1.77862e-12
Hessenberg basic,964,1,1,4,1e-12,4.24339,0,1.11413e-11,1.75842e-12
Hessenberg basic,965,1,0,4,1e-12,1.99708,0,1.33014e-11,1.70291e-12
Hessenberg basic,965,1,1,4,1e-12,5.76526,0,1.47793e-11,1.87361e-12
Hessenberg basic,966,1,0,4,1e-12,2.59881,0,1.37561e-11,1.86677e-12
Hessenberg basic,966,1,1,4,1e-12,5.76962,0,1.4893e-11,1.81268e-12
Hessenberg basic,967,1,0,4,1e-12,2.17223,0,1.37561e-11,1.83186e-12
Hessenberg basic,967,1,1,4,1e-12,5.10021,0,1.38698e-11,1.88325e-12
Hessenberg basic,968,1,0,4,1e-12,2.00194,0,1.09139e-11,1.85196e-12
Hessenberg basic,968,1,1,4,1e-12,4.54384,0,1.3415e-11,1.92656e-12
Hessenberg basic,969,1,0,4,1e-12,1.94004,0,1.01181e-11,1.74749e-12
Hessenberg basic,969,1,1,4,1e-12,4.19477,0,1.37561e-11,1.79891e-12
Hessenberg basic,970,1,0,4,1e-12,2.64933,0,1.56888e-11,1.68491e-12
Hessenberg basic,970,1,1,4,1e-12,4.26751,0,9.20863e-12,1.80116e-12
Hessenberg basic,971,1,0,4,1e-12,2.26331,0,9.43601e-12,1.64674e-12
Hessenberg basic,971,1,1,4,1e-12,4.79362,0,1.72804e-11,1.78152e-12
Hessenberg basic,972,1,0,4,1e-12,2.0694,0,1.22782e-11,1.81928e-12
Hessenberg basic,972,1,1,4,1e-12,4.96871,0,1.28466e-11,1.83471e-12
Hessenberg basic,973,1,0,4,1e-12,1.98472,0,1.7053e-11,1.80272e-12
Hessenberg basic,973,1,1,4,1e-12,4.56262,0,1.3074e-11,1.81272e-12
Hessenberg basic,974,1,0,4,1e-12,1.75431,0,1.11413e-11,1.72025e-12
Hessenberg basic,974,1,1,4,1e-12,5.12151,0,1.19371e-11,1.74858e-12
Hessenberg basic,975,1,0,4,1e-12,2.3252,0,1.46656e-11,1.76158e-12
Hessenberg basic,975,1,1,4,1e-12,5.9092,0,1.59162e-11,1.86239e-12
Hessenberg basic,976,1,0,4,1e-12,2.05033,0,1.01181e-11,1.80416e-12
Hessenberg basic,976,1,1,4,1e-12,4.21495,0,1.45519e-11,1.86271e-12
Hessenberg basic,977,1,0,4,1e-12,1.75178,0,1.02318e-11,1.66908e-12
Hessenberg basic,977,1,1,4,1e-12,3.70405,0,1.25056e-11,1.86447e-12
Hessenberg basic,978,1,0,4,1e-12,1.41296,0,1.61435e-11,1.77336e-12
Hessenberg basic,978,1,1,4,1e-12,3.58825,0,1.3074e-11,1.89051e-12
Hessenberg basic,979,1,0,4,1e-12,1.36251,0,1.05729e-11,1.75726e-12
Hessenberg basic,979,1,1,4,1e-12,5.16988,0,1.19371e-11,1.80656e-12
Hessenberg basic,980,1,0,4,1e-12,1.52344,0,1.20508e-11,1.72801e-12
Hessenberg basic,980,1,1,4,1e-12,3.22489,0,1.79625e-11,1.85413e-12
Hessenberg basic,981,1,0,4,1e-12,2.24043,0,1.06866e-11,1.73907e-12
Hessenberg basic,981,1,1,4,1e-12,4.45022,0,1.4893e-11,1.83893e-12
Hessenberg basic,982,1,0,4,1e-12,1.50846,0,1.23919e-11,1.79241e-12
Hessenberg basic,982,1,1,4,1e-12,4.3336,0,1.14824e-11,1.74127e-12
Hessenberg basic,983,1,0,4,1e-12,1.76063,0,1.17097e-11,1.7004e-12
Hessenberg basic,983,1,1,4,1e-12,3.91623,0,1.18234e-11,1.88486e-12
Hessenberg basic,984,1,0,4,1e-12,2.47338,0,1.3415e-11,1.731e-12
Hessenberg basic,984,1,1,4,1e-12,4.06846,0,1.31308e-11,1.72682e-12
Hessenberg basic,985,1,0,4,1e-12,2.13464,0,1.10276e-11,1.72041e-12
Hessenberg basic,985,1,1,4,1e-12,4.72717,0,1.28466e-11,1.81268e-12
Hessenberg basic,986,1,0,4,1e-12,2.60353,0,1.06866e-11,1.60037e-12
Hessenberg basic,986,1,1,4,1e-12,4.27153,0,1.28466e-11,1.8026e-12
Hessenberg basic,987,1,0,4,1e-12,2.25323,0,1.73941e-11,1.67704e-12
Hessenberg basic,987,1,1,4,1e-12,4.88589,0,1.19371e-11,1.76496e-12
Hessenberg basic,988,1,0,4,1e-12,2.79622,0,1.25056e-11,1.72142e-12
Hessenberg basic,988,1,1,4,1e-12,4.25117,0,1.55751e-11,1.86583e-12
Hessenberg basic,989,1,0,4,1e-12,2.06416,0,9.54969e-12,1.78511e-12
Hessenberg basic,989,1,1,4,1e-12,5.42292,0,9.54969e-12,1.83722e-12
Hessenberg basic,990,1,0,4,1e-12,2.16034,0,1.09139e-11,1.65871e-12
Hessenberg basic,990,1,1,4,1e-12,4.09276,0,1.45519e-11,1.76235e-12
Hessenberg basic,991,1,0,4,1e-12,1.29181,0,1.14824e-11,1.75489e-12
Hessenberg basic,991,1,1,4,1e-12,4.44237,0,1.20508e-11,1.81771e-12
Hessenberg basic,992,1,0,4,1e-12,1.62562,0,1.11413e-11,1.74714e-12
Hessenberg basic,992,1,1,4,1e-12,3.88537,0,1.31877e-11,1.90864e-12
Hessenberg basic,993,1,0,4,1e-12,2.39602,0,1.43245e-11,1.74222e-12
Hessenberg basic,993,1,1,4,1e-12,4.30094,0,1.42109e-11,1.83525e-12
Hessenberg basic,994,1,0,4,1e-12,0.882062,0,1.37561e-11,1.72285e-12
Hessenberg basic,994,1,1,4,1e-12,4.27041,0,1.3415e-11,1.76036e-12
Hessenberg basic,995,1,0,4,1e-12,0.918154,0,1.29603e-11,1.75275e-12
Hessenberg basic,995,1,1,4,1e-12,3.27637,0,1.3415e-11,1.90017e-12
Hessenberg basic,996,1,0,4,1e-12,1.69896,0,9.77707e-12,1.80202e-12
Hessenberg basic,996,1,1,4,1e-12,3.18148,0,1.28466e-11,1.68458e-12
Hessenberg basic,997,1,0,4,1e-12,0.959241,0,1.09139e-11,1.75516e-12
Hessenberg basic,997,1,1,4,1e-12,3.65233,0,1.03455e-11,1.75278e-12
Hessenberg basic,998,1,0,4,1e-12,0.842877,0,1.31877e-11,1.7739e-12
Hessenberg basic,998,1,1,4,1e-12,4.51106,0,1.51203e-11,1.8807e-12
Hessenberg basic,999,1,0,4,1e-12,0.916138,0,1.26192e-11,1.67076e-12
Hessenberg basic,999,1,1,4,1e-12,3.77342,0,1.27329e-11,1.97293e-12
Hessenberg basic,1000,1,0,4,1e-12,1.61192,0,1.46656e-11,1.83649e-12
Hessenberg basic,1000,1,1,4,1e-12,2.13054,0,1.35287e-11,1.90773e-12
