version, size, hermitian, complex, seed, tol, runtime in s,min_error, max_error, avg_error
Hessenberg basic,900,1,0,5,1e-12,1.17894,0,1.05729e-11,1.72157e-12
Hessenberg basic,900,1,1,5,1e-12,1.93001,0,1.80762e-11,1.78878e-12
Hessenberg basic,901,1,0,5,1e-12,1.76786,0,1.95541e-11,1.72023e-12
Hessenberg basic,901,1,1,5,1e-12,1.71804,0,1.08002e-11,1.71246e-12
Hessenberg basic,902,1,0,5,1e-12,1.50876,0,1.59162e-11,1.76389e-12
Hessenberg basic,902,1,1,5,1e-12,1.69301,0,1.36424e-11,1.85573e-12
Hessenberg basic,903,1,0,5,1e-12,0.662311,0,1.14255e-11,1.68608e-12
Hessenberg basic,903,1,1,5,1e-12,2.1152,0,1.33014e-11,1.84905e-12
Hessenberg basic,904,1,0,5,1e-12,0.977653,0,9.54969e-12,1.71089e-12
Hessenberg basic,904,1,1,5,1e-12,3.66711,0,1.95541e-11,1.96843e-12
Hessenberg basic,905,1,0,5,1e-12,1.09046,0,9.66338e-12,1.63276e-12
Hessenberg basic,905,1,1,5,1e-12,3.21441,0,1.14824e-11,1.7147e-12
Hessenberg basic,906,1,0,5,1e-12,0.894577,0,1.5234e-11,1.77193e-12
Hessenberg basic,906,1,1,5,1e-12,2.50057,0,1.80762e-11,1.93295e-12
Hessenberg basic,907,1,0,5,1e-12,0.540462,0,1.29603e-11,1.6686e-12
Hessenberg basic,907,1,1,5,1e-12,2.33901,0,1.3074e-11,1.71057e-12
Hessenberg basic,908,1,0,5,1e-12,0.530587,0,1.29603e-11,1.78447e-12
Hessenberg basic,908,1,1,5,1e-12,2.42556,0,1.22782e-11,1.96548e-12
Hessenberg basic,909,1,0,5,1e-12,0.680504,0,1.26192e-11,1.67708e-12
Hessenberg basic,909,1,1,5,1e-12,2.79358,0,1.4893e-11,1.85016e-12
Hessenberg basic,910,1,0,5,1e-12,1.11159,0,1.84173e-11,1.6911e-12
Hessenberg basic,910,1,1,5,1e-12,3.75977,0,1.46656e-11,1.78392e-12
Hessenberg basic,911,1,0,5,1e-12,1.34804,0,1.03455e-11,1.65622e-12
Hessenberg basic,911,1,1,5,1e-12,3.75652,0,1.37561e-11,1.76129e-12
Hessenberg basic,912,1,0,5,1e-12,1.70878,0,1.10276e-11,1.68163e-12
Hessenberg basic,912,1,1,5,1e-12,3.23639,0,1.35287e-11,1.84071e-12
Hessenberg basic,913,1,0,5,1e-12,1.41581,0,1.51203e-11,1.6445e-12
Hessenberg basic,913,1,1,5,1e-12,2.75715,0,1.13687e-11,1.79715e-12
Hessenberg basic,914,1,0,5,1e-12,1.29948,0,1.36424e-11,1.75456e-12
Hessenberg basic,914,1,1,5,1e-12,2.77955,0,1.4893e-11,1.85523e-12
Hessenberg basic,915,1,0,5,1e-12,0.846384,0,1.23919e-11,1.72475e-12
Hessenberg basic,915,1,1,5,1e-12,2.8808,0,1.08002e-11,1.74809e-12
Hessenberg basic,916,1,0,5,1e-12,0.877502,0,1.38698e-11,1.79505e-12
Hessenberg basic,916,1,1,5,1e-12,2.27204,0,1.22782e-11,1.73545e-12
Hessenberg basic,917,1,0,5,1e-12,0.848855,0,1.14824e-11,1.7664e-12
Hessenberg basic,917,1,1,5,1e-12,2.51119,0,1.21645e-11,1.68496e-12
Hessenberg basic,918,1,0,5,1e-12,0.786475,0,1.76215e-11,1.80567e-12
Hessenberg basic,918,1,1,5,1e-12,1.93098,0,1.54614e-11,1.92527e-12
Hessenberg basic,919,1,0,5,1e-12,0.648348,0,1.27329e-11,1.75425e-12
Hessenberg basic,919,1,1,5,1e-12,1.7536,0,1.5234e-11,1.78823e-12
Hessenberg basic,920,1,0,5,1e-12,0.679702,0,1.11413e-11,1.78838e-12
Hessenberg basic,920,1,1,5,1e-12,3.22145,0,1.33014e-11,1.75006e-12
Hessenberg basic,921,1,0,5,1e-12,1.05239,0,1.06866e-11,1.57751e-12
Hessenberg basic,921,1,1,5,1e-12,3.20893,0,1.79625e-11,1.75387e-12
Hessenberg basic,922,1,0,5,1e-12,1.17301,0,1.33014e-11,1.75934e-12
Hessenberg basic,922,1,1,5,1e-12,2.09006,0,1.13687e-11,1.80448e-12
Hessenberg basic,923,1,0,5,1e-12,1.40325,0,1.36424e-11,1.64031e-12
Hessenberg basic,923,1,1,5,1e-12,1.9656,0,1.05729e-11,1.73252e-12
Hessenberg basic,924,1,0,5,1e-12,1.59273,0,1.15961e-11,1.71486e-12
Hessenberg basic,924,1,1,5,1e-12,1.88681,0,1.58025e-11,1.83031e-12
Hessenberg basic,925,1,0,5,1e-12,1.47226,0,1.20508e-11,1.62746e-12
Hessenberg basic,925,1,1,5,1e-12,2.06503,0,1.03455e-11,1.8526e-12
Hessenberg basic,926,1,0,5,1e-12,1.57311,0,9.89075e-12,1.68253e-12
Hessenberg basic,926,1,1,5,1e-12,1.84636,0,1.09139e-11,1.70544e-12
Hessenberg basic,927,1,0,5,1e-12,1.5072,0,1.48361e-11,1.68381e-12
Hessenberg basic,927,1,1,5,1e-12,1.97834,0,1.17097e-11,1.71476e-12
Hessenberg basic,928,1,0,5,1e-12,1.39754,0,1.40972e-11,1.76828e-12
Hessenberg basic,928,1,1,5,1e-12,1.85654,0,1.06866e-11,1.6851e-12
Hessenberg basic,929,1,0,5,1e-12,1.27621,0,8.86757e-12,1.59168e-12
Hessenberg basic,929,1,1,5,1e-12,1.8804,0,1.10276e-11,1.65784e-12
Hessenberg basic,930,1,0,5,1e-12,0.838756,0,8.86757e-12,1.75974e-12
Hessenberg basic,930,1,1,5,1e-12,3.17666,0,1.53477e-11,1.83052e-12
Hessenberg basic,931,1,0,5,1e-12,1.20262,0,1.14824e-11,1.56841e-12
Hessenberg basic,931,1,1,5,1e-12,3.5035,0,1.04592e-11,1.76908e-12
Hessenberg basic,932,1,0,5,1e-12,1.74311,0,8.6402e-12,1.61121e-12
Hessenberg basic,932,1,1,5,1e-12,3.32174,0,1.4893e-11,1.76776e-12
Hessenberg basic,933,1,0,5,1e-12,1.84472,0,1.26192e-11,1.60169e-12
Hessenberg basic,933,1,1,5,1e-12,3.40426,0,1.20508e-11,1.74786e-12
Hessenberg basic,934,1,0,5,1e-12,2.01985,0,1.39835e-11,1.66361e-12
Hessenberg basic,934,1,1,5,1e-12,4.10461,0,1.25056e-11,1.91743e-12
Hessenberg basic,935,1,0,5,1e-12,1.71626,0,1.33014e-11,1.69591e-12
Hessenberg basic,935,1,1,5,1e-12,4.19851,0,1.05729e-11,1.80862e-12
Hessenberg basic,936,1,0,5,1e-12,1.68297,0,1.08002e-11,1.72597e-12
Hessenberg basic,936,1,1,5,1e-12,2.95108,0,1.02318e-11,1.81366e-12
Hessenberg basic,937,1,0,5,1e-12,0.93905,0,1.36424e-11,1.65375e-12
Hessenberg basic,937,1,1,5,1e-12,2.98562,0,1.75078e-11,1.73214e-12
Hessenberg basic,938,1,0,5,1e-12,0.970101,0,1.22782e-11,1.55268e-12
Hessenberg basic,938,1,1,5,1e-12,2.27765,0,1.09139e-11,1.76063e-12
Hessenberg basic,939,1,0,5,1e-12,0.95162,0,1.11413e-11,1.69004e-12
Hessenberg basic,939,1,1,5,1e-12,1.99069,0,2.10321e-11,1.82671e-12
Hessenberg basic,940,1,0,5,1e-12,0.67735,0,1.20508e-11,1.63179e-12
Hessenberg basic,940,1,1,5,1e-12,2.27524,0,1.10276e-11,1.71938e-12
Hessenberg basic,941,1,0,5,1e-12,0.851219,0,1.25056e-11,1.63327e-12
Hessenberg basic,941,1,1,5,1e-12,4.02179,0,1.02318e-11,1.68175e-12
Hessenberg basic,942,1,0,5,1e-12,1.85677,0,1.21645e-11,1.64895e-12
Hessenberg basic,942,1,1,5,1e-12,3.0809,0,1.20508e-11,1.80589e-12
Hessenberg basic,943,1,0,5,1e-12,1.55788,0,7.7307e-12,1.58664e-12
Hessenberg basic,943,1,1,5,1e-12,2.42134,0,1.15961e-11,1.80017e-12
Hessenberg basic,944,1,0,5,1e-12,1.48428,0,1.05729e-11,1.653e-12
Hessenberg basic,944,1,1,5,1e-12,1.92734,0,1.17097e-11,1.79982e-12
Hessenberg basic,945,1,0,5,1e-12,1.71526,0,1.27329e-11,1.67718e-12
Hessenberg basic,945,1,1,5,1e-12,1.98473,0,1.08002e-11,1.79401e-12
Hessenberg basic,946,1,0,5,1e-12,1.98288,0,1.21645e-11,1.7432e-12
Hessenberg basic,946,1,1,5,1e-12,2.2817,0,1.01181e-11,1.82648e-12
Hessenberg basic,947,1,0,5,1e-12,2.47043,0,1.13687e-11,1.66006e-12
Hessenberg basic,947,1,1,5,1e-12,3.02911,0,1.4893e-11,1.72772e-12
Hessenberg basic,948,1,0,5,1e-12,1.54644,0,1.00044e-11,1.66697e-12
Hessenberg basic,948,1,1,5,1e-12,3.2352,0,1.17097e-11,1.71248e-12
Hessenberg basic,949,1,0,5,1e-12,1.5762,0,1.55751e-11,1.74734e-12
Hessenberg basic,949,1,1,5,1e-12,2.9626,0,1.37561e-11,1.67235e-12
Hessenberg basic,950,1,0,5,1e-12,1.5147,0,1.20508e-11,1.66388e-12
Hessenberg basic,950,1,1,5,1e-12,3.20835,0,1.20508e-11,1.70424e-12
Hessenberg basic,951,1,0,5,1e-12,1.68125,0,1.1255e-11,1.72101e-12
Hessenberg basic,951,1,1,5,1e-12,3.37509,0,1.38698e-11,1.74898e-12
Hessenberg basic,952,1,0,5,1e-12,1.38027,0,1.56888e-11,1.71794e-12
Hessenberg basic,952,1,1,5,1e-12,3.36216,0,1.54614e-11,1.80036e-12
Hessenberg basic,953,1,0,5,1e-12,1.87544,0,1.39835e-11,1.75208e-12
Hessenberg basic,953,1,1,5,1e-12,3.16453,0,1.13687e-11,1.75749e-12
Hessenberg basic,954,1,0,5,1e-12,1.48489,0,1.23919e-11,1.72517e-12
Hessenberg basic,954,1,1,5,1e-12,2.94755,0,1.22782e-11,1.98733e-12
Hessenberg basic,955,1,0,5,1e-12,1.56724,0,1.50067e-11,1.67261e-12
Hessenberg basic,955,1,1,5,1e-12,3.32536,0,1.72804e-11,1.80874e-12
Hessenberg basic,956,1,0,5,1e-12,1.76742,0,1.13687e-11,1.68473e-12
Hessenberg basic,956,1,1,5,1e-12,4.25565,0,1.39835e-11,1.82112e-12
Hessenberg basic,957,1,0,5,1e-12,2.1327,0,1.40972e-11,1.67066e-12
Hessenberg basic,957,1,1,5,1e-12,4.06447,0,1.42109e-11,1.8403e-12
Hessenberg basic,958,1,0,5,1e-12,1.88008,0,1.44382e-11,1.80621e-12
Hessenberg basic,958,1,1,5,1e-12,3.95075,0,1.31877e-11,1.9e-12
Hessenberg basic,959,1,0,5,1e-12,2.13209,0,1.54614e-11,1.71826e-12
Hessenberg basic,959,1,1,5,1e-12,3.84894,0,1.31877e-11,1.85319e-12
Hessenberg basic,960,1,0,5,1e-12,1.77378,0,1.28466e-11,1.82931e-12
Hessenberg basic,960,1,1,5,1e-12,4.44301,0,1.25056e-11,1.86034e-12
Hessenberg basic,961,1,0,5,1e-12,1.95184,0,1.14824e-11,1.79401e-12
Hessenberg basic,961,1,1,5,1e-12,3.64402,0,1.42109e-11,1.88731e-12
Hessenberg basic,962,1,0,5,1e-12,1.80089,0,1.03455e-11,1.72862e-12
Hessenberg basic,962,1,1,5,1e-12,3.87235,0,1.87583e-11,1.87581e-12
Hessenberg basic,963,1,0,5,1e-12,2.03212,0,1.15961e-11,1.74903e-12
Hessenberg basic,963,1,1,5,1e-12,4.59021,0,1.51203e-11,1.8096e-12
Hessenberg basic,964,1,0,5,1e-12,1.17958,0,1.00044e-11,1.68323e-12
Hessenberg basic,964,1,1,5,1e-12,4.08627,0,1.65983e-11,1.75478e-12
Hessenberg basic,965,1,0,5,1e-12,1.1711,0,1.31877e-11,1.75677e-12
Hessenberg basic,965,1,1,5,1e-12,4.63102,0,2.37605e-11,1.84783e-12
Hessenberg basic,966,1,0,5,1e-12,1.56552,0,1.51203e-11,1.6662e-12
Hessenberg basic,966,1,1,5,1e-12,4.15514,0,1.45519e-11,1.82232e-12
Hessenberg basic,967,1,0,5,1e-12,1.28671,0,9.20863e-12,1.72623e-12
Hessenberg basic,967,1,1,5,1e-12,4.45501,0,1.45519e-11,1.7953e-12
Hessenberg basic,968,1,0,5,1e-12,1.97622,0,1.19371e-11,1.74623e-12
Hessenberg basic,968,1,1,5,1e-12,5.0031,0,1.23919e-11,1.96157e-12
Hessenberg basic,969,1,0,5,1e-12,1.53865,0,1.15961e-11,1.77141e-12
Hessenberg basic,969,1,1,5,1e-12,4.62813,0,1.06866e-11,1.8114e-12
Hessenberg basic,970,1,0,5,1e-12,1.33646,0,1.05729e-11,1.69997e-12
Hessenberg basic,970,1,1,5,1e-12,4.17528,0,1.44382e-11,1.81707e-12
Hessenberg basic,971,1,0,5,1e-12,1.68136,0,1.54614e-11,1.80261e-12
Hessenberg basic,971,1,1,5,1e-12,3.42872,0,1.47793e-11,1.90925e-12
Hessenberg basic,972,1,0,5,1e-12,1.76904,0,1.13687e-11,1.60841e-12
Hessenberg basic,972,1,1,5,1e-12,4.26636,0,1.1255e-11,1.78584e-12
Hessenberg basic,973,1,0,5,1e-12,1.35461,0,1.23919e-11,1.79302e-12
Hessenberg basic,973,1,1,5,1e-12,3.0373,0,1.33014e-11,1.7463e-12
Hessenberg basic,974,1,0,5,1e-12,2.01552,0,1.15961e-11,1.66417e-12
Hessenberg basic,974,1,1,5,1e-12,4.41703,0,1.28466e-11,1.86627e-12
Hessenberg basic,975,1,0,5,1e-12,1.52046,0,1.56888e-11,1.68404e-12
Hessenberg basic,975,1,1,5,1e-12,3.16878,0,1.65983e-11,1.82381e-12
Hessenberg basic,976,1,0,5,1e-12,1.96654,0,1.18234e-11,1.65481e-12
Hessenberg basic,976,1,1,5,1e-12,4.3603,0,1.60298e-11,2.02006e-12
Hessenberg basic,977,1,0,5,1e-12,1.4243,0,1.55751e-11,1.70873e-12
Hessenberg basic,977,1,1,5,1e-12,4.22394,0,1.7053e-11,1.84165e-12
Hessenberg basic,978,1,0,5,1e-12,1.51645,0,2.08047e-11,1.85606e-12
Hessenberg basic,978,1,1,5,1e-12,3.61461,0,1.43245e-11,1.68489e-12
Hessenberg basic,979,1,0,5,1e-12,2.57869,0,1.13687e-11,1.85902e-12
Hessenberg basic,979,1,1,5,1e-12,3.96538,0,1.25056e-11,1.82189e-12
Hessenberg basic,980,1,0,5,1e-12,2.29076,0,1.69393e-11,1.74231e-12
Hessenberg basic,980,1,1,5,1e-12,3.7071,0,1.39835e-11,1.88133e-12
Hessenberg basic,981,1,0,5,1e-12,1.96299,0,1.43245e-11,1.64826e-12
Hessenberg basic,981,1,1,5,1e-12,3.97318,0,1.56888e-11,1.79841e-12
Hessenberg basic,982,1,0,5,1e-12,1.90144,0,1.26192e-11,1.65405e-12
Hessenberg basic,982,1,1,5,1e-12,4.60184,0,1.18234e-11,1.67766e-12
Hessenberg basic,983,1,0,5,1e-12,1.69589,0,1.29603e-11,1.67309e-12
Hessenberg basic,983,1,1,5,1e-12,3.52907,0,1.50635e-11,1.79064e-12
Hessenberg basic,984,1,0,5,1e-12,1.48517,0,1.03455e-11,1.68829e-12
Hessenberg basic,984,1,1,5,1e-12,3.68365,0,1.05729e-11,1.71147e-12
Hessenberg basic,985,1,0,5,1e-12,2.20647,0,1.10276e-11,1.60452e-12
Hessenberg basic,985,1,1,5,1e-12,4.0902,0,1.22782e-11,1.86428e-12
Hessenberg basic,986,1,0,5,1e-12,2.49143,0,1.21645e-11,1.71206e-12
Hessenberg basic,986,1,1,5,1e-12,4.05142,0,1.50067e-11,1.78777e-12
Hessenberg basic,987,1,0,5,1e-12,1.56078,0,1.14824e-11,1.71465e-12
Hessenberg basic,987,1,1,5,1e-12,5.28824,0,1.8531e-11,1.94018e-12
Hessenberg basic,988,1,0,5,1e-12,1.70836,0,1.03455e-11,1.73366e-12
Hessenberg basic,988,1,1,5,1e-12,3.92355,0,1.17097e-11,1.8334e-12
Hessenberg basic,989,1,0,5,1e-12,1.5543,0,1.2335e-11,1.57983e-12
Hessenberg basic,989,1,1,5,1e-12,3.20909,0,1.14824e-11,1.75356e-12
Hessenberg basic,990,1,0,5,1e-12,1.85982,0,1.21645e-11,1.59311e-12
Hessenberg basic,990,1,1,5,1e-12,4.04447,0,1.29603e-11,1.76573e-12
Hessenberg basic,991,1,0,5,1e-12,2.7607,0,1.4893e-11,1.70663e-12
Hessenberg basic,991,1,1,5,1e-12,4.82763,0,1.50067e-11,1.86446e-12
Hessenberg basic,992,1,0,5,1e-12,1.6731,0,2.01226e-11,1.75396e-12
Hessenberg basic,992,1,1,5,1e-12,4.62692,0,1.54614e-11,1.81959e-12
Hessenberg basic,993,1,0,5,1e-12,1.51845,0,1.25056e-11,1.71401e-12
Hessenberg basic,993,1,1,5,1e-12,3.42876,0,1.33014e-11,1.92079e-12
Hessenberg basic,994,1,0,5,1e-12,1.63489,0,1.27329e-11,1.68338e-12
Hessenberg basic,994,1,1,5,1e-12,4.50528,0,1.58025e-11,1.89283e-12
Hessenberg basic,995,1,0,5,1e-12,1.79314,0,1.15961e-11,1.80759e-12
Hessenberg basic,995,1,1,5,1e-12,3.18417,0,1.28466e-11,1.82349e-12
Hessenberg basic,996,1,0,5,1e-12,3.11794,0,1.10276e-11,1.83172e-12
Hessenberg basic,996,1,1,5,1e-12,4.73054,0,1.54614e-11,1.77305e-12
Hessenberg basic,997,1,0,5,1e-12,1.58632,0,1.33014e-11,1.82187e-12
Hessenberg basic,997,1,1,5,1e-12,3.48768,0,1.21645e-11,1.79195e-12
Hessenberg basic,998,1,0,5,1e-12,2.05314,0,1.23919e-11,1.68579e-12
Hessenberg basic,998,1,1,5,1e-12,4.8935,0,1.45519e-11,1.82278e-12
Hessenberg basic,999,1,0,5,1e-12,2.62017,0,1.3415e-11,1.70147e-12
Hessenberg basic,999,1,1,5,1e-12,4.3353,0,1.19371e-11,1.84419e-12
Hessenberg basic,1000,1,0,5,1e-12,1.51077,0,1.13687e-11,1.74901e-12
Hessenberg basic,1000,1,1,5,1e-12,3.85257,0,1.17097e-11,1.75677e-12
