version, size, hermitian, complex, seed, tol, runtime in s,min_error, max_error, avg_error
Hessenberg basic,900,1,0,6,1e-12,1.23478,0,1.01181e-11,1.73783e-12
Hessenberg basic,900,1,1,6,1e-12,2.73062,0,1.03455e-11,1.9802e-12
Hessenberg basic,901,1,0,6,1e-12,1.35655,0,1.19371e-11,1.85936e-12
Hessenberg basic,901,1,1,6,1e-12,3.7727,0,1.22782e-11,1.87785e-12
Hessenberg basic,902,1,0,6,1e-12,0.975374,0,1.36424e-11,1.72683e-12
Hessenberg basic,902,1,1,6,1e-12,3.38973,0,1.18234e-11,1.64823e-12
Hessenberg basic,903,1,0,6,1e-12,0.765726,0,1.22782e-11,1.84498e-12
Hessenberg basic,903,1,1,6,1e-12,2.77699,0,1.27329e-11,1.83957e-12
Hessenberg basic,904,1,0,6,1e-12,0.610896,0,1.64846e-11,1.6926e-12
Hessenberg basic,904,1,1,6,1e-12,2.14672,0,1.4893e-11,1.79349e-12
Hessenberg basic,905,1,0,6,1e-12,0.674248,0,1.45519e-11,1.86173e-12
Hessenberg basic,905,1,1,6,1e-12,2.29794,0,1.26192e-11,1.86428e-12
Hessenberg basic,906,1,0,6,1e-12,0.954448,0,1.19371e-11,1.65297e-12
Hessenberg basic,906,1,1,6,1e-12,2.44165,0,1.26192e-11,1.97354e-12
Hessenberg basic,907,1,0,6,1e-12,1.58337,0,1.11413e-11,1.70178e-12
Hessenberg basic,907,1,1,6,1e-12,2.14039,0,1.17097e-11,1.87026e-12
Hessenberg basic,908,1,0,6,1e-12,2.11174,0,1.01181e-11,1.79106e-12
Hessenberg basic,908,1,1,6,1e-12,1.75389,0,1.25056e-11,1.94574e-12
Hessenberg basic,909,1,0,6,1e-12,2.03518,0,1.43245e-11,1.68159e-12
Hessenberg basic,909,1,1,6,1e-12,1.6437,0,1.05729e-11,1.8508e-12
Hessenberg basic,910,1,0,6,1e-12,2.00625,0,1.28466e-11,1.72125e-12
Hessenberg basic,910,1,1,6,1e-12,1.68914,0,1.60298e-11,1.80204e-12
Hessenberg basic,911,1,0,6,1e-12,2.052,0,1.20508e-11,1.74489e-12
Hessenberg basic,911,1,1,6,1e-12,1.66281,0,1.44382e-11,1.78356e-12
Hessenberg basic,912,1,0,6,1e-12,1.89166,0,1.18234e-11,1.86118e-12
Hessenberg basic,912,1,1,6,1e-12,1.81805,0,1.22782e-11,1.87678e-12
Hessenberg basic,913,1,0,6,1e-12,1.27592,0,1.3074e-11,1.71974e-12
Hessenberg basic,913,1,1,6,1e-12,2.14381,0,1.75078e-11,1.86748e-12
Hessenberg basic,914,1,0,6,1e-12,1.42807,0,1.18234e-11,1.80903e-12
Hessenberg basic,914,1,1,6,1e-12,2.70032,0,1.35287e-11,1.90771e-12
Hessenberg basic,915,1,0,6,1e-12,1.22786,0,1.11413e-11,1.57223e-12
Hessenberg basic,915,1,1,6,1e-12,3.0465,0,1.18234e-11,1.86018e-12
Hessenberg basic,916,1,0,6,1e-12,1.0199,0,1.27329e-11,1.75395e-12
Hessenberg basic,916,1,1,6,1e-12,3.46507,0,1.46656e-11,1.94474e-12
Hessenberg basic,917,1,0,6,1e-12,1.33731,0,1.26192e-11,1.69598e-12
Hessenberg basic,917,1,1,6,1e-12,4.20246,0,1.37561e-11,1.77537e-12
Hessenberg basic,918,1,0,6,1e-12,0.954938,0,1.08002e-11,1.75424e-12
Hessenberg basic,918,1,1,6,1e-12,3.89003,0,1.33014e-11,1.95512e-12
Hessenberg basic,919,1,0,6,1e-12,0.900517,0,9.66338e-12,1.67583e-12
Hessenberg basic,919,1,1,6,1e-12,3.98788,0,1.36424e-11,1.87524e-12
Hessenberg basic,920,1,0,6,1e-12,0.776818,0,1.20508e-11,1.72013e-12
Hessenberg basic,920,1,1,6,1e-12,2.57576,0,1.15961e-11,1.90338e-12
Hessenberg basic,921,1,0,6,1e-12,0.737909,0,9.43601e-12,1.7632e-12
Hessenberg basic,921,1,1,6,1e-12,1.97562,0,1.36424e-11,2.02195e-12
Hessenberg basic,922,1,0,6,1e-12,0.75375,0,1.29603e-11,1.74826e-12
Hessenberg basic,922,1,1,6,1e-12,2.44527,0,1.43245e-11,1.85692e-12
Hessenberg basic,923,1,0,6,1e-12,0.769161,0,1.10276e-11,1.70986e-12
Hessenberg basic,923,1,1,6,1e-12,2.7434,0,1.59162e-11,1.85602e-12
Hessenberg basic,924,1,0,6,1e-12,1.31051,0,1.6712e-11,1.77174e-12
Hessenberg basic,924,1,1,6,1e-12,2.44435,0,2.251e-11,1.95311e-12
Hessenberg basic,925,1,0,6,1e-12,1.82432,0,1.18234e-11,1.7494e-12
Hessenberg basic,925,1,1,6,1e-12,2.20921,0,1.10276e-11,1.88662e-12
Hessenberg basic,926,1,0,6,1e-12,1.83965,0,9.89075e-12,1.73046e-12
Hessenberg basic,926,1,1,6,1e-12,2.21914,0,1.45519e-11,1.85145e-12
Hessenberg basic,927,1,0,6,1e-12,1.42422,0,1.1255e-11,1.72288e-12
Hessenberg basic,927,1,1,6,1e-12,2.37939,0,1.51203e-11,2.01521e-12
Hessenberg basic,928,1,0,6,1e-12,1.32714,0,1.09139e-11,1.68701e-12
Hessenberg basic,928,1,1,6,1e-12,2.24514,0,1.54614e-11,1.79406e-12
Hessenberg basic,929,1,0,6,1e-12,1.39401,0,1.80762e-11,1.79302e-12
Hessenberg basic,929,1,1,6,1e-12,3.02029,0,1.22782e-11,1.91458e-12
Hessenberg basic,930,1,0,6,1e-12,1.74409,0,9.89075e-12,1.63694e-12
Hessenberg basic,930,1,1,6,1e-12,2.88969,0,1.14824e-11,1.92382e-12
Hessenberg basic,931,1,0,6,1e-12,1.09314,0,9.43601e-12,1.74344e-12
Hessenberg basic,931,1,1,6,1e-12,2.87001,0,1.10276e-11,1.9384e-12
Hessenberg basic,932,1,0,6,1e-12,1.17011,0,1.26192e-11,1.78962e-12
Hessenberg basic,932,1,1,6,1e-12,2.38495,0,9.32232e-12,1.80526e-12
Hessenberg basic,933,1,0,6,1e-12,1.22567,0,1.25056e-11,1.73198e-12
Hessenberg basic,933,1,1,6,1e-12,2.34344,0,1.44382e-11,1.88737e-12
Hessenberg basic,934,1,0,6,1e-12,1.28755,0,1.15961e-11,1.74808e-12
Hessenberg basic,934,1,1,6,1e-12,2.3398,0,1.17097e-11,2.03729e-12
Hessenberg basic,935,1,0,6,1e-12,1.21281,0,1.20508e-11,1.77342e-12
Hessenberg basic,935,1,1,6,1e-12,2.4823,0,1.26192e-11,1.80311e-12
Hessenberg basic,936,1,0,6,1e-12,1.3668,0,1.15961e-11,1.86682e-12
Hessenberg basic,936,1,1,6,1e-12,2.30246,0,1.18234e-11,1.92217e-12
Hessenberg basic,937,1,0,6,1e-12,0.834689,0,1.15961e-11,1.74892e-12
Hessenberg basic,937,1,1,6,1e-12,3.00027,0,1.42109e-11,1.98188e-12
Hessenberg basic,938,1,0,6,1e-12,1.45386,0,1.33014e-11,1.73169e-12
Hessenberg basic,938,1,1,6,1e-12,2.22948,0,1.83036e-11,1.83471e-12
Hessenberg basic,939,1,0,6,1e-12,1.6403,0,1.27329e-11,1.67028e-12
Hessenberg basic,939,1,1,6,1e-12,2.58925,0,1.20508e-11,1.75945e-12
Hessenberg basic,940,1,0,6,1e-12,1.42413,0,1.1255e-11,1.8592e-12
Hessenberg basic,940,1,1,6,1e-12,3.01943,0,1.3415e-11,1.86408e-12
Hessenberg basic,941,1,0,6,1e-12,1.43727,0,1.61435e-11,1.84885e-12
Hessenberg basic,941,1,1,6,1e-12,3.72379,0,1.51203e-11,1.90104e-12
Hessenberg basic,942,1,0,6,1e-12,1.29799,0,1.3074e-11,1.73131e-12
Hessenberg basic,942,1,1,6,1e-12,4.25709,0,1.29603e-11,2.00509e-12
Hessenberg basic,943,1,0,6,1e-12,1.40174,0,1.18234e-11,1.78887e-12
Hessenberg basic,943,1,1,6,1e-12,4.41974,0,1.09139e-11,2.00511e-12
Hessenberg basic,944,1,0,6,1e-12,0.727976,0,1.31877e-11,1.7598e-12
Hessenberg basic,944,1,1,6,1e-12,4.29385,0,1.05729e-11,1.83802e-12
Hessenberg basic,945,1,0,6,1e-12,0.847132,0,1.20508e-11,1.67696e-12
Hessenberg basic,945,1,1,6,1e-12,3.06982,0,1.4893e-11,1.93772e-12
Hessenberg basic,946,1,0,6,1e-12,0.764141,0,1.18234e-11,1.88096e-12
Hessenberg basic,946,1,1,6,1e-12,2.71248,0,1.26192e-11,1.97763e-12
Hessenberg basic,947,1,0,6,1e-12,0.948304,0,1.13687e-11,1.85446e-12
Hessenberg basic,947,1,1,6,1e-12,3.05487,0,1.40972e-11,1.95312e-12
Hessenberg basic,948,1,0,6,1e-12,1.54727,0,1.58025e-11,1.824e-12
Hessenberg basic,948,1,1,6,1e-12,1.87772,0,1.45519e-11,1.92721e-12
Hessenberg basic,949,1,0,6,1e-12,2.23242,0,1.56888e-11,1.79412e-12
Hessenberg basic,949,1,1,6,1e-12,2.04747,0,1.22782e-11,1.75889e-12
Hessenberg basic,950,1,0,6,1e-12,1.27302,0,1.60298e-11,1.94517e-12
Hessenberg basic,950,1,1,6,1e-12,2.41778,0,1.3074e-11,2.10624e-12
Hessenberg basic,951,1,0,6,1e-12,1.16161,0,1.21645e-11,1.87153e-12
Hessenberg basic,951,1,1,6,1e-12,3.8153,0,1.54614e-11,1.9817e-12
Hessenberg basic,952,1,0,6,1e-12,2.26397,0,1.61435e-11,1.73131e-12
Hessenberg basic,952,1,1,6,1e-12,4.89223,0,1.59162e-11,2.03835e-12
Hessenberg basic,953,1,0,6,1e-12,1.65331,0,1.25056e-11,1.77001e-12
Hessenberg basic,953,1,1,6,1e-12,4.61262,0,1.63709e-11,1.91393e-12
Hessenberg basic,954,1,0,6,1e-12,1.47103,0,1.54614e-11,1.83955e-12
Hessenberg basic,954,1,1,6,1e-12,3.87271,0,1.38698e-11,1.95384e-12
Hessenberg basic,955,1,0,6,1e-12,0.959673,0,1.79625e-11,1.8851e-12
Hessenberg basic,955,1,1,6,1e-12,3.82556,0,1.43245e-11,1.76268e-12
Hessenberg basic,956,1,0,6,1e-12,0.837964,0,1.3415e-11,1.81228e-12
Hessenberg basic,956,1,1,6,1e-12,3.80724,0,1.5234e-11,2.0721e-12
Hessenberg basic,957,1,0,6,1e-12,0.815765,0,1.56888e-11,1.94566e-12
Hessenberg basic,957,1,1,6,1e-12,2.62246,0,1.28466e-11,1.94065e-12
Hessenberg basic,958,1,0,6,1e-12,0.862106,0,1.28466e-11,1.84282e-12
Hessenberg basic,958,1,1,6,1e-12,2.49491,0,1.25056e-11,1.98904e-12
Hessenberg basic,959,1,0,6,1e-12,1.05928,0,1.15961e-11,1.85609e-12
Hessenberg basic,959,1,1,6,1e-12,3.18864,0,1.36424e-11,1.9918e-12
Hessenberg basic,960,1,0,6,1e-12,1.25001,0,2.14868e-11,1.8591e-12
Hessenberg basic,960,1,1,6,1e-12,2.97859,0,1.45519e-11,1.99272e-12
Hessenberg basic,961,1,0,6,1e-12,1.46127,0,1.38698e-11,1.92585e-12
Hessenberg basic,961,1,1,6,1e-12,2.81548,0,1.43245e-11,1.97111e-12
Hessenberg basic,962,1,0,6,1e-12,1.90152,0,1.42109e-11,1.8416e-12
Hessenberg basic,962,1,1,6,1e-12,2.61549,0,1.58025e-11,1.85476e-12
Hessenberg basic,963,1,0,6,1e-12,1.90629,0,1.20508e-11,1.93362e-12
Hessenberg basic,963,1,1,6,1e-12,2.98533,0,1.25056e-11,2.04754e-12
Hessenberg basic,964,1,0,6,1e-12,1.9413,0,1.40972e-11,1.84876e-12
Hessenberg basic,964,1,1,6,1e-12,3.25603,0,1.19371e-11,1.94367e-12
Hessenberg basic,965,1,0,6,1e-12,0.865711,0,1.31877e-11,1.8371e-12
Hessenberg basic,965,1,1,6,1e-12,2.58915,0,1.37561e-11,1.91203e-12
Hessenberg basic,966,1,0,6,1e-12,1.45791,0,1.36424e-11,1.73129e-12
Hessenberg basic,966,1,1,6,1e-12,3.54855,0,9.77707e-12,1.84013e-12
Hessenberg basic,967,1,0,6,1e-12,1.05933,0,1.19371e-11,1.68664e-12
Hessenberg basic,967,1,1,6,1e-12,2.96078,0,1.10276e-11,1.80128e-12
Hessenberg basic,968,1,0,6,1e-12,1.15421,0,1.17097e-11,1.78188e-12
Hessenberg basic,968,1,1,6,1e-12,3.96581,0,1.86446e-11,1.89691e-12
Hessenberg basic,969,1,0,6,1e-12,0.92135,0,1.05729e-11,1.81037e-12
Hessenberg basic,969,1,1,6,1e-12,2.6414,0,1.09139e-11,1.86463e-12
Hessenberg basic,970,1,0,6,1e-12,1.46961,0,1.3074e-11,1.85598e-12
Hessenberg basic,970,1,1,6,1e-12,3.30939,0,1.21645e-11,1.85331e-12
Hessenberg basic,971,1,0,6,1e-12,1.68553,0,1.15961e-11,1.81039e-12
Hessenberg basic,971,1,1,6,1e-12,2.88512,0,1.18234e-11,1.88366e-12
Hessenberg basic,972,1,0,6,1e-12,1.02955,0,8.86757e-12,1.59164e-12
Hessenberg basic,972,1,1,6,1e-12,2.78042,0,1.21645e-11,1.88282e-12
Hessenberg basic,973,1,0,6,1e-12,2.05766,0,1.23919e-11,1.87825e-12
Hessenberg basic,973,1,1,6,1e-12,4.08997,0,1.55751e-11,1.91629e-12
Hessenberg basic,974,1,0,6,1e-12,0.890773,0,1.02318e-11,1.75423e-12
Hessenberg basic,974,1,1,6,1e-12,2.47305,0,1.18234e-11,1.84997e-12
Hessenberg basic,975,1,0,6,1e-12,2.14353,0,1.38698e-11,1.70735e-12
Hessenberg basic,975,1,1,6,1e-12,2.74901,0,1.45519e-11,1.87561e-12
Hessenberg basic,976,1,0,6,1e-12,1.02816,0,1.20508e-11,1.95918e-12
Hessenberg basic,976,1,1,6,1e-12,3.87213,0,1.86446e-11,1.91146e-12
Hessenberg basic,977,1,0,6,1e-12,1.56245,0,1.00044e-11,1.84267e-12
Hessenberg basic,977,1,1,6,1e-12,3.31715,0,1.54614e-11,1.82368e-12
Hessenberg basic,978,1,0,6,1e-12,1.56955,0,1.1255e-11,1.89279e-12
Hessenberg basic,978,1,1,6,1e-12,2.49532,0,1.05729e-11,1.83123e-12
Hessenberg basic,979,1,0,6,1e-12,1.61927,0,1.22782e-11,1.79563e-12
Hessenberg basic,979,1,1,6,1e-12,3.47676,0,1.44382e-11,2.0377e-12
Hessenberg basic,980,1,0,6,1e-12,1.29042,0,1.39835e-11,1.75952e-12
Hessenberg basic,980,1,1,6,1e-12,2.37417,0,1.25056e-11,1.85451e-12
Hessenberg basic,981,1,0,6,1e-12,2.05863,0,1.46656e-11,1.736e-12
Hessenberg basic,981,1,1,6,1e-12,3.5777,0,1.19371e-11,1.79474e-12
Hessenberg basic,982,1,0,6,1e-12,1.578,0,1.10276e-11,1.79969e-12
Hessenberg basic,982,1,1,6,1e-12,2.62533,0,1.58025e-11,1.84404e-12
Hessenberg basic,983,1,0,6,1e-12,2.02759,0,1.13687e-11,1.88e-12
Hessenberg basic,983,1,1,6,1e-12,3.38653,0,1.36424e-11,1.95672e-12
Hessenberg basic,984,1,0,6,1e-12,1.2633,0,1.5234e-11,1.74835e-12
Hessenberg basic,984,1,1,6,1e-12,3.08302,0,1.3415e-11,1.99149e-12
Hessenberg basic,985,1,0,6,1e-12,1.89106,0,1.26192e-11,1.92634e-12
Hessenberg basic,985,1,1,6,1e-12,3.07144,0,1.27329e-11,1.86262e-12
Hessenberg basic,986,1,0,6,1e-12,1.34262,0,1.21645e-11,1.83432e-12
Hessenberg basic,986,1,1,6,1e-12,2.95592,0,1.10276e-11,1.97667e-12
Hessenberg basic,987,1,0,6,1e-12,2.31345,0,1.36424e-11,1.91152e-12
Hessenberg basic,987,1,1,6,1e-12,4.08789,0,1.50067e-11,1.79507e-12
Hessenberg basic,988,1,0,6,1e-12,1.14213,0,1.08002e-11,1.72327e-12
Hessenberg basic,988,1,1,6,1e-12,2.88499,0,1.71667e-11,1.98157e-12
Hessenberg basic,989,1,0,6,1e-12,0.95073,0,1.28466e-11,1.79672e-12
Hessenberg basic,989,1,1,6,1e-12,4.69484,0,1.31877e-11,2.08481e-12
Hessenberg basic,990,1,0,6,1e-12,1.54447,0,1.3074e-11,1.9387e-12
Hessenberg basic,990,1,1,6,1e-12,3.30339,0,1.26192e-11,1.95727e-12
Hessenberg basic,991,1,0,6,1e-12,1.82471,0,1.18234e-11,1.85053e-12
Hessenberg basic,991,1,1,6,1e-12,3.00137,0,1.37561e-11,1.96085e-12
Hessenberg basic,992,1,0,6,1e-12,2.02196,0,1.27329e-11,1.72828e-12
Hessenberg basic,992,1,1,6,1e-12,2.91267,0,1.04592e-11,1.93396e-12
Hessenberg basic,993,1,0,6,1e-12,1.68171,0,1.43245e-11,1.85209e-12
Hessenberg basic,993,1,1,6,1e-12,4.21064,0,1.69393e-11,1.98288e-12
Hessenberg basic,994,1,0,6,1e-12,1.59153,0,1.39835e-11,1.67781e-12
Hessenberg basic,994,1,1,6,1e-12,3.10449,0,1.3415e-11,1.7295e-12
Hessenberg basic,995,1,0,6,1e-12,1.66665,0,1.01181e-11,1.72124e-12
Hessenberg basic,995,1,1,6,1e-12,2.97619,0,1.25056e-11,1.88216e-12
Hessenberg basic,996,1,0,6,1e-12,1.76085,0,1.13687e-11,1.80625e-12
Hessenberg basic,996,1,1,6,1e-12,4.73536,0,1.19371e-11,1.84534e-12
Hessenberg basic,997,1,0,6,1e-12,1.29809,0,1.15961e-11,1.85971e-12
Hessenberg basic,997,1,1,6,1e-12,3.35159,0,1.61435e-11,1.86423e-12
Hessenberg basic,998,1,0,6,1e-12,1.33874,0,1.13687e-11,1.66289e-12
Hessenberg basic,998,1,1,6,1e-12,2.42016,0,1.39835e-11,1.79609e-12
Hessenberg basic,999,1,0,6,1e-12,2.04617,0,1.18234e-11,1.78829e-12
Hessenberg basic,999,1,1,6,1e-12,3.54538,0,1.5234e-11,2.06431e-12
Hessenberg basic,1000,1,0,6,1e-12,0.904294,0,1.44382e-11,1.83983e-12
Hessenberg basic,1000,1,1,6,1e-12,3.48834,0,1.31877e-11,1.82997e-12
