version, size, hermitian, complex, seed, tol, runtime in s,min_error, max_error, avg_error
Hessenberg basic,900,1,0,8,1e-12,1.31316,0,1.58025e-11,1.68352e-12
Hessenberg basic,900,1,1,8,1e-12,1.73688,0,1.35287e-11,1.80744e-12
Hessenberg basic,901,1,0,8,1e-12,1.69631,0,1.14824e-11,1.56932e-12
Hessenberg basic,901,1,1,8,1e-12,1.73804,0,1.18234e-11,1.83065e-12
Hessenberg basic,902,1,0,8,1e-12,1.23212,0,8.6402e-12,1.66394e-12
Hessenberg basic,902,1,1,8,1e-12,1.78946,0,1.19371e-11,1.73915e-12
Hessenberg basic,903,1,0,8,1e-12,0.918886,0,1.00044e-11,1.73995e-12
Hessenberg basic,903,1,1,8,1e-12,1.97482,0,1.01181e-11,1.74646e-12
Hessenberg basic,904,1,0,8,1e-12,0.670488,0,8.98126e-12,1.67126e-12
Hessenberg basic,904,1,1,8,1e-12,3.10654,0,1.1255e-11,1.86022e-12
Hessenberg basic,905,1,0,8,1e-12,0.959937,0,1.1255e-11,1.70616e-12
Hessenberg basic,905,1,1,8,1e-12,3.19796,0,1.05729e-11,1.77768e-12
Hessenberg basic,906,1,0,8,1e-12,0.850957,0,1.17097e-11,1.65446e-12
Hessenberg basic,906,1,1,8,1e-12,3.76821,0,9.54969e-12,1.7569e-12
Hessenberg basic,907,1,0,8,1e-12,1.09311,0,1.17097e-11,1.71761e-12
Hessenberg basic,907,1,1,8,1e-12,3.12576,0,1.84173e-11,1.78505e-12
Hessenberg basic,908,1,0,8,1e-12,0.948993,0,1.3415e-11,1.68351e-12
Hessenberg basic,908,1,1,8,1e-12,2.99782,0,1.40972e-11,1.78457e-12
Hessenberg basic,909,1,0,8,1e-12,1.10432,0,1.18234e-11,1.61029e-12
Hessenberg basic,909,1,1,8,1e-12,3.4204,0,1.3415e-11,1.92176e-12
Hessenberg basic,910,1,0,8,1e-12,1.27707,0,1.43245e-11,1.69257e-12
Hessenberg basic,910,1,1,8,1e-12,3.0621,0,1.09139e-11,1.83617e-12
Hessenberg basic,911,1,0,8,1e-12,1.03023,0,1.05729e-11,1.70373e-12
Hessenberg basic,911,1,1,8,1e-12,2.90582,0,1.3074e-11,1.68938e-12
Hessenberg basic,912,1,0,8,1e-12,1.01914,0,1.45519e-11,1.80711e-12
Hessenberg basic,912,1,1,8,1e-12,3.01708,0,1.23919e-11,1.89687e-12
Hessenberg basic,913,1,0,8,1e-12,1.15533,0,1.56888e-11,1.72225e-12
Hessenberg basic,913,1,1,8,1e-12,3.71469,0,1.47793e-11,1.85718e-12
Hessenberg basic,914,1,0,8,1e-12,1.09169,0,1.28466e-11,1.75069e-12
Hessenberg basic,914,1,1,8,1e-12,3.68018,0,1.17097e-11,1.81634e-12
Hessenberg basic,915,1,0,8,1e-12,1.29967,0,1.35287e-11,1.7211e-12
Hessenberg basic,915,1,1,8,1e-12,3.06949,0,1.51203e-11,1.77946e-12
Hessenberg basic,916,1,0,8,1e-12,1.14577,0,8.98126e-12,1.56116e-12
Hessenberg basic,916,1,1,8,1e-12,3.85875,0,1.06866e-11,1.7292e-12
Hessenberg basic,917,1,0,8,1e-12,1.50435,0,1.09139e-11,1.66896e-12
Hessenberg basic,917,1,1,8,1e-12,4.62377,0,1.11413e-11,1.77359e-12
Hessenberg basic,918,1,0,8,1e-12,0.948219,0,1.25056e-11,1.827e-12
Hessenberg basic,918,1,1,8,1e-12,2.58709,0,1.27329e-11,1.75061e-12
Hessenberg basic,919,1,0,8,1e-12,0.694917,0,1.01181e-11,1.6573e-12
Hessenberg basic,919,1,1,8,1e-12,2.13807,0,1.33014e-11,1.76342e-12
Hessenberg basic,920,1,0,8,1e-12,0.750207,0,1.19371e-11,1.67363e-12
Hessenberg basic,920,1,1,8,1e-12,2.71694,0,1.26192e-11,1.64842e-12
Hessenberg basic,921,1,0,8,1e-12,1.71133,0,1.45519e-11,1.72239e-12
Hessenberg basic,921,1,1,8,1e-12,2.10808,0,1.55751e-11,1.70557e-12
Hessenberg basic,922,1,0,8,1e-12,1.72097,0,1.33014e-11,1.66128e-12
Hessenberg basic,922,1,1,8,1e-12,1.89126,0,1.43245e-11,1.80536e-12
Hessenberg basic,923,1,0,8,1e-12,0.842865,0,1.39835e-11,1.71062e-12
Hessenberg basic,923,1,1,8,1e-12,3.62711,0,1.17097e-11,1.67261e-12
Hessenberg basic,924,1,0,8,1e-12,1.78486,0,1.76215e-11,1.61562e-12
Hessenberg basic,924,1,1,8,1e-12,4.28777,0,1.4893e-11,1.86723e-12
Hessenberg basic,925,1,0,8,1e-12,0.694208,0,1.14824e-11,1.70781e-12
Hessenberg basic,925,1,1,8,1e-12,2.95752,0,1.31877e-11,1.75757e-12
Hessenberg basic,926,1,0,8,1e-12,0.745601,0,9.32232e-12,1.7117e-12
Hessenberg basic,926,1,1,8,1e-12,1.92117,0,1.18234e-11,1.79361e-12
Hessenberg basic,927,1,0,8,1e-12,0.951253,0,1.22782e-11,1.74248e-12
Hessenberg basic,927,1,1,8,1e-12,3.05213,0,1.27329e-11,1.90419e-12
Hessenberg basic,928,1,0,8,1e-12,1.47705,0,1.20508e-11,1.69923e-12
Hessenberg basic,928,1,1,8,1e-12,1.82437,0,1.35287e-11,1.79994e-12
Hessenberg basic,929,1,0,8,1e-12,1.89267,0,1.1255e-11,1.57885e-12
Hessenberg basic,929,1,1,8,1e-12,2.06594,0,1.08002e-11,1.70305e-12
Hessenberg basic,930,1,0,8,1e-12,0.645023,0,9.43601e-12,1.67158e-12
Hessenberg basic,930,1,1,8,1e-12,3.98373,0,1.21645e-11,1.80385e-12
Hessenberg basic,931,1,0,8,1e-12,1.61243,0,1.08002e-11,1.79374e-12
Hessenberg basic,931,1,1,8,1e-12,3.54937,0,1.01181e-11,1.74332e-12
Hessenberg basic,932,1,0,8,1e-12,1.09512,0,1.18234e-11,1.68885e-12
Hessenberg basic,932,1,1,8,1e-12,2.84784,0,1.06866e-11,1.71083e-12
Hessenberg basic,933,1,0,8,1e-12,0.952736,0,1.25056e-11,1.70466e-12
Hessenberg basic,933,1,1,8,1e-12,1.92284,0,1.18234e-11,1.73467e-12
Hessenberg basic,934,1,0,8,1e-12,1.08629,0,1.27329e-11,1.68156e-12
Hessenberg basic,934,1,1,8,1e-12,1.76843,0,1.23919e-11,1.80131e-12
Hessenberg basic,935,1,0,8,1e-12,1.06777,0,1.17097e-11,1.68032e-12
Hessenberg basic,935,1,1,8,1e-12,2.96453,0,9.89075e-12,1.68496e-12
Hessenberg basic,936,1,0,8,1e-12,1.87502,0,1.10276e-11,1.58665e-12
Hessenberg basic,936,1,1,8,1e-12,2.68933,0,1.54614e-11,1.66487e-12
Hessenberg basic,937,1,0,8,1e-12,2.28301,0,1.15961e-11,1.63374e-12
Hessenberg basic,937,1,1,8,1e-12,1.86639,0,9.66338e-12,1.73198e-12
Hessenberg basic,938,1,0,8,1e-12,1.84417,0,1.14824e-11,1.66518e-12
Hessenberg basic,938,1,1,8,1e-12,2.10625,0,1.28466e-11,1.75057e-12
Hessenberg basic,939,1,0,8,1e-12,0.908114,0,1.08002e-11,1.7462e-12
Hessenberg basic,939,1,1,8,1e-12,2.9149,0,1.37561e-11,1.8582e-12
Hessenberg basic,940,1,0,8,1e-12,1.34045,0,1.3415e-11,1.63899e-12
Hessenberg basic,940,1,1,8,1e-12,4.20919,0,1.09139e-11,1.71855e-12
Hessenberg basic,941,1,0,8,1e-12,1.65015,0,1.47793e-11,1.61156e-12
Hessenberg basic,941,1,1,8,1e-12,3.90913,0,1.3415e-11,1.70833e-12
Hessenberg basic,942,1,0,8,1e-12,0.766993,0,1.11413e-11,1.65672e-12
Hessenberg basic,942,1,1,8,1e-12,2.3983,0,1.40972e-11,1.84226e-12
Hessenberg basic,943,1,0,8,1e-12,0.836193,0,1.04592e-11,1.69302e-12
Hessenberg basic,943,1,1,8,1e-12,2.19104,0,1.26192e-11,1.76204e-12
Hessenberg basic,944,1,0,8,1e-12,1.55919,0,1.43245e-11,1.79941e-12
Hessenberg basic,944,1,1,8,1e-12,3.07315,0,1.06866e-11,1.71911e-12
Hessenberg basic,945,1,0,8,1e-12,1.9564,0,1.19371e-11,1.67314e-12
Hessenberg basic,945,1,1,8,1e-12,2.27105,0,9.72022e-12,1.70814e-12
Hessenberg basic,946,1,0,8,1e-12,1.78258,0,1.09139e-11,1.7009e-12
Hessenberg basic,946,1,1,8,1e-12,2.36744,0,1.20508e-11,1.72523e-12
Hessenberg basic,947,1,0,8,1e-12,1.82986,0,1.38698e-11,1.64294e-12
Hessenberg basic,947,1,1,8,1e-12,2.00203,0,1.02318e-11,1.82486e-12
Hessenberg basic,948,1,0,8,1e-12,1.29119,0,8.98126e-12,1.67767e-12
Hessenberg basic,948,1,1,8,1e-12,2.12375,0,1.22782e-11,1.79356e-12
Hessenberg basic,949,1,0,8,1e-12,0.742475,0,1.01181e-11,1.75575e-12
Hessenberg basic,949,1,1,8,1e-12,3.31525,0,1.28466e-11,1.72363e-12
Hessenberg basic,950,1,0,8,1e-12,1.25256,0,1.28466e-11,1.71668e-12
Hessenberg basic,950,1,1,8,1e-12,3.16906,0,1.3415e-11,1.69527e-12
Hessenberg basic,951,1,0,8,1e-12,1.03761,0,1.21645e-11,1.70771e-12
Hessenberg basic,951,1,1,8,1e-12,3.60419,0,1.02318e-11,1.74651e-12
Hessenberg basic,952,1,0,8,1e-12,0.891165,0,1.43245e-11,1.70262e-12
Hessenberg basic,952,1,1,8,1e-12,3.25814,0,1.18234e-11,1.68558e-12
Hessenberg basic,953,1,0,8,1e-12,1.47689,0,1.14824e-11,1.61664e-12
Hessenberg basic,953,1,1,8,1e-12,3.78037,0,1.33014e-11,1.70964e-12
Hessenberg basic,954,1,0,8,1e-12,0.915111,0,1.25056e-11,1.73455e-12
Hessenberg basic,954,1,1,8,1e-12,4.03633,0,1.26192e-11,1.60667e-12
Hessenberg basic,955,1,0,8,1e-12,1.31284,0,9.77707e-12,1.6007e-12
Hessenberg basic,955,1,1,8,1e-12,2.84832,0,1.19371e-11,1.79871e-12
Hessenberg basic,956,1,0,8,1e-12,2.19181,0,1.21645e-11,1.62612e-12
Hessenberg basic,956,1,1,8,1e-12,3.67498,0,1.17097e-11,1.73206e-12
Hessenberg basic,957,1,0,8,1e-12,1.16011,0,1.08002e-11,1.63327e-12
Hessenberg basic,957,1,1,8,1e-12,3.2856,0,1.05729e-11,1.67273e-12
Hessenberg basic,958,1,0,8,1e-12,0.813386,0,1.19371e-11,1.71748e-12
Hessenberg basic,958,1,1,8,1e-12,3.84818,0,1.27329e-11,1.76176e-12
Hessenberg basic,959,1,0,8,1e-12,1.85279,0,1.09139e-11,1.62325e-12
Hessenberg basic,959,1,1,8,1e-12,4.31638,0,1.25056e-11,1.82649e-12
Hessenberg basic,960,1,0,8,1e-12,1.36025,0,9.89075e-12,1.58618e-12
Hessenberg basic,960,1,1,8,1e-12,2.89013,0,1.01181e-11,1.82133e-12
Hessenberg basic,961,1,0,8,1e-12,1.71225,0,1.46656e-11,1.67218e-12
Hessenberg basic,961,1,1,8,1e-12,3.72141,0,9.32232e-12,1.76709e-12
Hessenberg basic,962,1,0,8,1e-12,0.784545,0,1.14824e-11,1.77249e-12
Hessenberg basic,962,1,1,8,1e-12,3.98815,0,1.19371e-11,1.73524e-12
Hessenberg basic,963,1,0,8,1e-12,1.18628,0,1.01181e-11,1.70817e-12
Hessenberg basic,963,1,1,8,1e-12,3.91378,0,1.36424e-11,1.82194e-12
Hessenberg basic,964,1,0,8,1e-12,1.24306,0,1.26192e-11,1.72438e-12
Hessenberg basic,964,1,1,8,1e-12,2.30291,0,1.5234e-11,1.766e-12
Hessenberg basic,965,1,0,8,1e-12,1.60931,0,1.23919e-11,1.73077e-12
Hessenberg basic,965,1,1,8,1e-12,3.25575,0,1.58025e-11,1.66231e-12
Hessenberg basic,966,1,0,8,1e-12,0.830204,0,1.25056e-11,1.86187e-12
Hessenberg basic,966,1,1,8,1e-12,2.63228,0,1.54614e-11,1.75881e-12
Hessenberg basic,967,1,0,8,1e-12,0.835442,0,1.15961e-11,1.78711e-12
Hessenberg basic,967,1,1,8,1e-12,3.48941,0,1.20508e-11,1.68091e-12
Hessenberg basic,968,1,0,8,1e-12,1.29522,0,1.08002e-11,1.70023e-12
Hessenberg basic,968,1,1,8,1e-12,3.59493,0,1.55751e-11,1.86824e-12
Hessenberg basic,969,1,0,8,1e-12,0.944456,0,9.32232e-12,1.70326e-12
Hessenberg basic,969,1,1,8,1e-12,3.13841,0,1.3074e-11,1.83081e-12
Hessenberg basic,970,1,0,8,1e-12,1.11452,0,1.22782e-11,1.65776e-12
Hessenberg basic,970,1,1,8,1e-12,2.87233,0,1.05729e-11,1.71828e-12
Hessenberg basic,971,1,0,8,1e-12,1.96146,0,9.89075e-12,1.53202e-12
Hessenberg basic,971,1,1,8,1e-12,3.76751,0,1.22782e-11,1.71102e-12
Hessenberg basic,972,1,0,8,1e-12,0.880179,0,9.20863e-12,1.66187e-12
Hessenberg basic,972,1,1,8,1e-12,2.91957,0,1.3415e-11,1.69592e-12
Hessenberg basic,973,1,0,8,1e-12,0.987929,0,1.27329e-11,1.71015e-12
Hessenberg basic,973,1,1,8,1e-12,4.87566,0,1.35287e-11,1.85084e-12
Hessenberg basic,974,1,0,8,1e-12,1.03651,0,1.10276e-11,1.65139e-12
Hessenberg basic,974,1,1,8,1e-12,3.89231,0,1.25056e-11,1.74235e-12
Hessenberg basic,975,1,0,8,1e-12,1.41613,0,1.06866e-11,1.6216e-12
Hessenberg basic,975,1,1,8,1e-12,2.40221,0,1.19371e-11,1.77262e-12
Hessenberg basic,976,1,0,8,1e-12,2.12174,0,1.11413e-11,1.72329e-12
Hessenberg basic,976,1,1,8,1e-12,3.67068,0,1.15961e-11,1.78239e-12
Hessenberg basic,977,1,0,8,1e-12,1.09478,0,1.6712e-11,1.63441e-12
Hessenberg basic,977,1,1,8,1e-12,3.79339,0,1.20508e-11,1.80667e-12
Hessenberg basic,978,1,0,8,1e-12,0.936748,0,1.19371e-11,1.65704e-12
Hessenberg basic,978,1,1,8,1e-12,3.04769,0,1.17097e-11,1.88238e-12
Hessenberg basic,979,1,0,8,1e-12,1.30604,0,1.77351e-11,1.65681e-12
Hessenberg basic,979,1,1,8,1e-12,4.99712,0,9.66338e-12,1.77411e-12
Hessenberg basic,980,1,0,8,1e-12,1.04744,0,9.43601e-12,1.66069e-12
Hessenberg basic,980,1,1,8,1e-12,3.42557,0,1.13687e-11,1.68871e-12
Hessenberg basic,981,1,0,8,1e-12,1.51359,0,1.10276e-11,1.63078e-12
Hessenberg basic,981,1,1,8,1e-12,2.43846,0,1.19371e-11,1.73775e-12
Hessenberg basic,982,1,0,8,1e-12,1.47664,0,1.27329e-11,1.63844e-12
Hessenberg basic,982,1,1,8,1e-12,3.74805,0,1.27329e-11,1.7609e-12
Hessenberg basic,983,1,0,8,1e-12,1.01711,0,9.09495e-12,1.62982e-12
Hessenberg basic,983,1,1,8,1e-12,3.37294,0,1.21645e-11,1.72696e-12
Hessenberg basic,984,1,0,8,1e-12,0.907789,0,1.17097e-11,1.71095e-12
Hessenberg basic,984,1,1,8,1e-12,4.30231,0,1.35287e-11,1.69268e-12
Hessenberg basic,985,1,0,8,1e-12,1.44331,0,1.20508e-11,1.66799e-12
Hessenberg basic,985,1,1,8,1e-12,4.33597,0,1.14824e-11,1.84187e-12
Hessenberg basic,986,1,0,8,1e-12,1.10115,0,1.09139e-11,1.64984e-12
Hessenberg basic,986,1,1,8,1e-12,3.14745,0,1.45519e-11,1.86142e-12
Hessenberg basic,987,1,0,8,1e-12,1.46356,0,9.66338e-12,1.63782e-12
Hessenberg basic,987,1,1,8,1e-12,2.60936,0,9.77707e-12,1.76726e-12
Hessenberg basic,988,1,0,8,1e-12,2.15801,0,1.01181e-11,1.67241e-12
Hessenberg basic,988,1,1,8,1e-12,4.36619,0,1.31877e-11,1.84701e-12
Hessenberg basic,989,1,0,8,1e-12,1.3105,0,9.66338e-12,1.77002e-12
Hessenberg basic,989,1,1,8,1e-12,3.31691,0,1.14824e-11,1.89469e-12
Hessenberg basic,990,1,0,8,1e-12,1.87991,0,1.06866e-11,1.71758e-12
Hessenberg basic,990,1,1,8,1e-12,4.9925,0,1.10276e-11,1.77524e-12
Hessenberg basic,991,1,0,8,1e-12,1.15064,0,1.45519e-11,1.77572e-12
Hessenberg basic,991,1,1,8,1e-12,3.21511,0,1.00044e-11,1.69972e-12
Hessenberg basic,992,1,0,8,1e-12,1.70222,0,1.14824e-11,1.85753e-12
Hessenberg basic,992,1,1,8,1e-12,2.67429,0,1.61435e-11,1.87451e-12
Hessenberg basic,993,1,0,8,1e-12,1.39155,0,1.13687e-11,1.73674e-12
Hessenberg basic,993,1,1,8,1e-12,3.80805,0,1.1255e-11,1.75585e-12
Hessenberg basic,994,1,0,8,1e-12,0.890112,0,1.14824e-11,1.61213e-12
Hessenberg basic,994,1,1,8,1e-12,2.97225,0,1.29603e-11,1.77417e-12
Hessenberg basic,995,1,0,8,1e-12,0.952453,0,1.11413e-11,1.66245e-12
Hessenberg basic,995,1,1,8,1e-12,3.81057,0,1.17097e-11,1.84572e-12
Hessenberg basic,996,1,0,8,1e-12,1.71383,0,1.31877e-11,1.79179e-12
Hessenberg basic,996,1,1,8,1e-12,4.43254,0,1.35287e-11,1.87064e-12
Hessenberg basic,997,1,0,8,1e-12,1.09256,0,1.21645e-11,1.72202e-12
Hessenberg basic,997,1,1,8,1e-12,2.8823,0,1.51203e-11,1.78323e-12
Hessenberg basic,998,1,0,8,1e-12,1.61052,0,1.27329e-11,1.73991e-12
Hessenberg basic,998,1,1,8,1e-12,2.43991,0,1.73941e-11,1.82431e-12
Hessenberg basic,999,1,0,8,1e-12,2.14205,0,9.66338e-12,1.76205e-12
Hessenberg basic,999,1,1,8,1e-12,4.04786,0,1.44382e-11,1.77425e-12
Hessenberg basic,1000,1,0,8,1e-12,1.43289,0,9.77707e-12,1.67475e-12
Hessenberg basic,1000,1,1,8,1e-12,3.49923,0,9.09495e-12,1.69698e-12
