version, size, hermitian, complex, seed, tol, runtime in s,min_error, max_error, avg_error
Hessenberg basic,900,1,0,10,1e-12,0.920373,0,1.53477e-11,1.73778e-12
Hessenberg basic,900,1,1,10,1e-12,2.74347,0,1.27329e-11,1.92149e-12
Hessenberg basic,901,1,0,10,1e-12,2.03645,0,1.01181e-11,1.75792e-12
Hessenberg basic,901,1,1,10,1e-12,2.48444,0,1.39835e-11,1.88467e-12
Hessenberg basic,902,1,0,10,1e-12,1.72606,0,1.08002e-11,1.58343e-12
Hessenberg basic,902,1,1,10,1e-12,2.10328,0,1.60298e-11,1.68041e-12
Hessenberg basic,903,1,0,10,1e-12,0.928719,0,8.52651e-12,1.70126e-12
Hessenberg basic,903,1,1,10,1e-12,1.75953,0,1.20508e-11,1.77719e-12
Hessenberg basic,904,1,0,10,1e-12,0.661167,0,1.04592e-11,1.86696e-12
Hessenberg basic,904,1,1,10,1e-12,3.6953,0,9.89075e-12,1.84796e-12
Hessenberg basic,905,1,0,10,1e-12,1.32252,0,1.19371e-11,1.73634e-12
Hessenberg basic,905,1,1,10,1e-12,2.78559,0,1.37561e-11,1.82676e-12
Hessenberg basic,906,1,0,10,1e-12,0.568841,0,1.20508e-11,1.72656e-12
Hessenberg basic,906,1,1,10,1e-12,1.96052,0,1.35287e-11,1.82871e-12
Hessenberg basic,907,1,0,10,1e-12,0.743367,0,1.61435e-11,1.86722e-12
Hessenberg basic,907,1,1,10,1e-12,1.9008,0,1.47793e-11,1.79833e-12
Hessenberg basic,908,1,0,10,1e-12,1.43007,0,1.17097e-11,1.79035e-12
Hessenberg basic,908,1,1,10,1e-12,1.94831,0,1.20508e-11,1.68316e-12
Hessenberg basic,909,1,0,10,1e-12,0.598794,0,1.08002e-11,1.74109e-12
Hessenberg basic,909,1,1,10,1e-12,2.03679,0,1.14824e-11,1.89762e-12
Hessenberg basic,910,1,0,10,1e-12,1.00551,0,1.08002e-11,1.65397e-12
Hessenberg basic,910,1,1,10,1e-12,3.58905,0,1.35287e-11,1.84614e-12
Hessenberg basic,911,1,0,10,1e-12,0.908115,0,1.10276e-11,1.77853e-12
Hessenberg basic,911,1,1,10,1e-12,2.35039,0,1.54614e-11,1.81736e-12
Hessenberg basic,912,1,0,10,1e-12,0.624977,0,1.27329e-11,1.79761e-12
Hessenberg basic,912,1,1,10,1e-12,1.82092,0,9.77707e-12,1.76899e-12
Hessenberg basic,913,1,0,10,1e-12,0.956595,0,1.09139e-11,1.79711e-12
Hessenberg basic,913,1,1,10,1e-12,1.86859,0,1.22782e-11,1.84104e-12
Hessenberg basic,914,1,0,10,1e-12,1.70212,0,1.28466e-11,1.74219e-12
Hessenberg basic,914,1,1,10,1e-12,1.74234,0,1.1255e-11,1.84681e-12
Hessenberg basic,915,1,0,10,1e-12,1.12282,0,1.19371e-11,1.67611e-12
Hessenberg basic,915,1,1,10,1e-12,2.46146,0,1.09139e-11,1.82631e-12
Hessenberg basic,916,1,0,10,1e-12,1.35817,0,1.06866e-11,1.70104e-12
Hessenberg basic,916,1,1,10,1e-12,3.23961,0,1.1255e-11,1.94413e-12
Hessenberg basic,917,1,0,10,1e-12,0.76753,0,1.20508e-11,1.7765e-12
Hessenberg basic,917,1,1,10,1e-12,1.70857,0,1.20508e-11,1.81431e-12
Hessenberg basic,918,1,0,10,1e-12,0.895094,0,1.28466e-11,1.79112e-12
Hessenberg basic,918,1,1,10,1e-12,1.8855,0,1.15961e-11,1.97278e-12
Hessenberg basic,919,1,0,10,1e-12,0.711605,0,1.22782e-11,1.80706e-12
Hessenberg basic,919,1,1,10,1e-12,1.92802,0,1.19371e-11,2.04858e-12
Hessenberg basic,920,1,0,10,1e-12,1.46535,0,1.08002e-11,1.86154e-12
Hessenberg basic,920,1,1,10,1e-12,1.85835,0,1.28466e-11,1.81212e-12
Hessenberg basic,921,1,0,10,1e-12,0.74298,0,1.10276e-11,1.68858e-12
Hessenberg basic,921,1,1,10,1e-12,2.71558,0,1.10276e-11,1.94321e-12
Hessenberg basic,922,1,0,10,1e-12,1.39543,0,1.33014e-11,2.00011e-12
Hessenberg basic,922,1,1,10,1e-12,4.36032,0,1.94404e-11,1.84521e-12
Hessenberg basic,923,1,0,10,1e-12,1.48315,0,1.78488e-11,1.8685e-12
Hessenberg basic,923,1,1,10,1e-12,3.84702,0,1.36424e-11,1.83241e-12
Hessenberg basic,924,1,0,10,1e-12,0.815343,0,1.06866e-11,1.8421e-12
Hessenberg basic,924,1,1,10,1e-12,3.07006,0,1.31877e-11,1.79861e-12
Hessenberg basic,925,1,0,10,1e-12,0.662675,0,1.06866e-11,1.80811e-12
Hessenberg basic,925,1,1,10,1e-12,2.13812,0,1.06866e-11,1.75529e-12
Hessenberg basic,926,1,0,10,1e-12,0.724078,0,1.43245e-11,1.86897e-12
Hessenberg basic,926,1,1,10,1e-12,3.32535,0,1.28466e-11,2.0281e-12
Hessenberg basic,927,1,0,10,1e-12,1.62384,0,1.00044e-11,1.72581e-12
Hessenberg basic,927,1,1,10,1e-12,2.31648,0,1.51203e-11,2.00533e-12
Hessenberg basic,928,1,0,10,1e-12,1.54915,0,1.33014e-11,1.88773e-12
Hessenberg basic,928,1,1,10,1e-12,2.3473,0,1.25056e-11,1.89754e-12
Hessenberg basic,929,1,0,10,1e-12,1.49163,0,1.11413e-11,1.73074e-12
Hessenberg basic,929,1,1,10,1e-12,2.12334,0,1.04592e-11,1.90833e-12
Hessenberg basic,930,1,0,10,1e-12,0.646434,0,1.51203e-11,1.83269e-12
Hessenberg basic,930,1,1,10,1e-12,4.24015,0,1.65983e-11,1.79978e-12
Hessenberg basic,931,1,0,10,1e-12,1.17467,0,1.09139e-11,1.75628e-12
Hessenberg basic,931,1,1,10,1e-12,2.84865,0,1.59162e-11,1.80166e-12
Hessenberg basic,932,1,0,10,1e-12,0.662761,0,1.13687e-11,1.76983e-12
Hessenberg basic,932,1,1,10,1e-12,2.10185,0,1.43245e-11,1.79917e-12
Hessenberg basic,933,1,0,10,1e-12,0.871612,0,1.1255e-11,1.77033e-12
Hessenberg basic,933,1,1,10,1e-12,2.6943,0,1.6712e-11,1.79841e-12
Hessenberg basic,934,1,0,10,1e-12,1.60343,0,1.25056e-11,1.67855e-12
Hessenberg basic,934,1,1,10,1e-12,2.17458,0,1.18234e-11,1.7327e-12
Hessenberg basic,935,1,0,10,1e-12,1.40193,0,1.29603e-11,1.75878e-12
Hessenberg basic,935,1,1,10,1e-12,2.23505,0,1.50067e-11,1.81761e-12
Hessenberg basic,936,1,0,10,1e-12,1.09606,0,8.75389e-12,1.71436e-12
Hessenberg basic,936,1,1,10,1e-12,3.97566,0,1.25056e-11,1.87894e-12
Hessenberg basic,937,1,0,10,1e-12,1.4766,0,1.46656e-11,1.82907e-12
Hessenberg basic,937,1,1,10,1e-12,3.03739,0,1.15961e-11,1.72252e-12
Hessenberg basic,938,1,0,10,1e-12,0.838355,0,1.03455e-11,1.67635e-12
Hessenberg basic,938,1,1,10,1e-12,2.11915,0,1.1255e-11,1.80493e-12
Hessenberg basic,939,1,0,10,1e-12,0.986908,0,1.46656e-11,1.67459e-12
Hessenberg basic,939,1,1,10,1e-12,2.37194,0,1.20508e-11,1.82047e-12
Hessenberg basic,940,1,0,10,1e-12,1.57232,0,1.47793e-11,1.69047e-12
Hessenberg basic,940,1,1,10,1e-12,1.82395,0,1.02318e-11,1.84978e-12
Hessenberg basic,941,1,0,10,1e-12,1.91355,0,1.13687e-11,1.77894e-12
Hessenberg basic,941,1,1,10,1e-12,2.1998,0,1.26192e-11,1.93755e-12
Hessenberg basic,942,1,0,10,1e-12,0.772544,0,1.37561e-11,1.81661e-12
Hessenberg basic,942,1,1,10,1e-12,3.51845,0,1.77351e-11,1.94823e-12
Hessenberg basic,943,1,0,10,1e-12,0.985976,0,1.25056e-11,1.72004e-12
Hessenberg basic,943,1,1,10,1e-12,2.99514,0,1.18234e-11,1.77646e-12
Hessenberg basic,944,1,0,10,1e-12,0.805109,0,1.76215e-11,1.76753e-12
Hessenberg basic,944,1,1,10,1e-12,2.84731,0,1.1255e-11,1.80431e-12
Hessenberg basic,945,1,0,10,1e-12,0.947937,0,1.61435e-11,1.81492e-12
Hessenberg basic,945,1,1,10,1e-12,2.77007,0,1.01181e-11,1.79543e-12
Hessenberg basic,946,1,0,10,1e-12,0.706159,0,1.1255e-11,1.8553e-12
Hessenberg basic,946,1,1,10,1e-12,2.36883,0,1.09139e-11,1.8213e-12
Hessenberg basic,947,1,0,10,1e-12,0.702988,0,1.06866e-11,1.81241e-12
Hessenberg basic,947,1,1,10,1e-12,2.28646,0,1.1255e-11,1.78236e-12
Hessenberg basic,948,1,0,10,1e-12,0.702914,0,1.03455e-11,1.7611e-12
Hessenberg basic,948,1,1,10,1e-12,2.17162,0,1.65983e-11,1.89866e-12
Hessenberg basic,949,1,0,10,1e-12,0.589447,0,1.51203e-11,1.91529e-12
Hessenberg basic,949,1,1,10,1e-12,2.12188,0,1.03455e-11,1.74854e-12
Hessenberg basic,950,1,0,10,1e-12,0.685826,0,1.27329e-11,1.74849e-12
Hessenberg basic,950,1,1,10,1e-12,2.13544,0,1.06866e-11,1.82066e-12
Hessenberg basic,951,1,0,10,1e-12,0.595729,0,1.03455e-11,1.64462e-12
Hessenberg basic,951,1,1,10,1e-12,1.81856,0,1.3074e-11,1.86512e-12
Hessenberg basic,952,1,0,10,1e-12,0.607939,0,1.22782e-11,1.79699e-12
Hessenberg basic,952,1,1,10,1e-12,1.79824,0,1.63709e-11,1.95415e-12
Hessenberg basic,953,1,0,10,1e-12,0.676096,0,1.46656e-11,1.80209e-12
Hessenberg basic,953,1,1,10,1e-12,1.75852,0,1.54614e-11,1.93178e-12
Hessenberg basic,954,1,0,10,1e-12,0.635759,0,1.3415e-11,1.64417e-12
Hessenberg basic,954,1,1,10,1e-12,1.95776,0,1.10276e-11,1.75581e-12
Hessenberg basic,955,1,0,10,1e-12,0.60757,0,1.31877e-11,1.77193e-12
Hessenberg basic,955,1,1,10,1e-12,1.70974,0,1.5234e-11,1.90768e-12
Hessenberg basic,956,1,0,10,1e-12,0.675383,0,1.11413e-11,1.69874e-12
Hessenberg basic,956,1,1,10,1e-12,1.92034,0,1.17097e-11,1.83688e-12
Hessenberg basic,957,1,0,10,1e-12,0.78258,0,1.28466e-11,1.81585e-12
Hessenberg basic,957,1,1,10,1e-12,2.00326,0,1.23919e-11,1.80063e-12
Hessenberg basic,958,1,0,10,1e-12,0.643198,0,1.35287e-11,1.78448e-12
Hessenberg basic,958,1,1,10,1e-12,1.87632,0,1.3415e-11,1.96214e-12
Hessenberg basic,959,1,0,10,1e-12,0.793194,0,1.14824e-11,1.81177e-12
Hessenberg basic,959,1,1,10,1e-12,1.72822,0,1.27329e-11,1.81126e-12
Hessenberg basic,960,1,0,10,1e-12,0.877078,0,1.56888e-11,1.9245e-12
Hessenberg basic,960,1,1,10,1e-12,1.88287,0,1.25056e-11,1.73721e-12
Hessenberg basic,961,1,0,10,1e-12,0.985564,0,1.11413e-11,1.79781e-12
Hessenberg basic,961,1,1,10,1e-12,1.70468,0,1.72804e-11,1.94304e-12
Hessenberg basic,962,1,0,10,1e-12,0.919119,0,1.04592e-11,1.64892e-12
Hessenberg basic,962,1,1,10,1e-12,1.82646,0,9.77707e-12,1.74981e-12
Hessenberg basic,963,1,0,10,1e-12,0.694214,0,1.13687e-11,1.94068e-12
Hessenberg basic,963,1,1,10,1e-12,2.01147,0,1.29603e-11,1.90475e-12
Hessenberg basic,964,1,0,10,1e-12,0.668683,0,1.51203e-11,1.87806e-12
Hessenberg basic,964,1,1,10,1e-12,1.87444,0,1.3415e-11,1.86798e-12
Hessenberg basic,965,1,0,10,1e-12,0.710861,0,1.22782e-11,1.73956e-12
Hessenberg basic,965,1,1,10,1e-12,1.99647,0,1.62572e-11,1.98704e-12
Hessenberg basic,966,1,0,10,1e-12,0.743648,0,1.43245e-11,1.77214e-12
Hessenberg basic,966,1,1,10,1e-12,2.3563,0,1.06866e-11,1.79521e-12
Hessenberg basic,967,1,0,10,1e-12,0.934704,0,1.86446e-11,1.80721e-12
Hessenberg basic,967,1,1,10,1e-12,2.69005,0,1.47793e-11,1.91086e-12
Hessenberg basic,968,1,0,10,1e-12,0.882663,0,1.18234e-11,1.9313e-12
Hessenberg basic,968,1,1,10,1e-12,2.29285,0,1.02318e-11,1.97837e-12
Hessenberg basic,969,1,0,10,1e-12,0.646572,0,1.04592e-11,1.77696e-12
Hessenberg basic,969,1,1,10,1e-12,2.12055,0,1.14824e-11,1.91179e-12
Hessenberg basic,970,1,0,10,1e-12,0.672045,0,1.18234e-11,1.73339e-12
Hessenberg basic,970,1,1,10,1e-12,1.91582,0,1.26192e-11,1.81082e-12
Hessenberg basic,971,1,0,10,1e-12,0.751995,0,1.18234e-11,1.72145e-12
Hessenberg basic,971,1,1,10,1e-12,1.88224,0,1.36424e-11,1.91941e-12
Hessenberg basic,972,1,0,10,1e-12,0.675713,0,1.43245e-11,1.82195e-12
Hessenberg basic,972,1,1,10,1e-12,2.12985,0,1.10276e-11,1.84824e-12
Hessenberg basic,973,1,0,10,1e-12,0.656018,0,1.06866e-11,1.91265e-12
Hessenberg basic,973,1,1,10,1e-12,1.80801,0,1.59162e-11,1.90082e-12
Hessenberg basic,974,1,0,10,1e-12,0.682747,0,1.23919e-11,1.8161e-12
Hessenberg basic,974,1,1,10,1e-12,2.00645,0,1.4893e-11,1.89998e-12
Hessenberg basic,975,1,0,10,1e-12,0.765601,0,1.39835e-11,1.8583e-12
Hessenberg basic,975,1,1,10,1e-12,1.82605,0,1.20508e-11,1.81109e-12
Hessenberg basic,976,1,0,10,1e-12,0.669721,0,1.27329e-11,1.75691e-12
Hessenberg basic,976,1,1,10,1e-12,2.27707,0,1.31877e-11,1.81333e-12
Hessenberg basic,977,1,0,10,1e-12,0.690597,0,1.18234e-11,1.76785e-12
Hessenberg basic,977,1,1,10,1e-12,2.20181,0,1.3074e-11,1.91096e-12
Hessenberg basic,978,1,0,10,1e-12,0.73841,0,1.86446e-11,1.87958e-12
Hessenberg basic,978,1,1,10,1e-12,2.1612,0,1.05729e-11,1.81156e-12
Hessenberg basic,979,1,0,10,1e-12,0.840818,0,1.3415e-11,1.85458e-12
Hessenberg basic,979,1,1,10,1e-12,1.80369,0,1.42109e-11,1.90222e-12
Hessenberg basic,980,1,0,10,1e-12,0.973963,0,1.3415e-11,1.73779e-12
Hessenberg basic,980,1,1,10,1e-12,1.88503,0,1.25056e-11,1.97759e-12
Hessenberg basic,981,1,0,10,1e-12,1.07845,0,1.05729e-11,1.70096e-12
Hessenberg basic,981,1,1,10,1e-12,2.0667,0,1.56888e-11,1.95595e-12
Hessenberg basic,982,1,0,10,1e-12,0.947853,0,1.65983e-11,1.78598e-12
Hessenberg basic,982,1,1,10,1e-12,1.82352,0,1.27329e-11,1.88343e-12
Hessenberg basic,983,1,0,10,1e-12,0.81389,0,1.21645e-11,1.78382e-12
Hessenberg basic,983,1,1,10,1e-12,1.95743,0,1.46656e-11,2.01451e-12
Hessenberg basic,984,1,0,10,1e-12,0.82493,0,1.53477e-11,1.7019e-12
Hessenberg basic,984,1,1,10,1e-12,1.91805,0,1.22782e-11,1.82072e-12
Hessenberg basic,985,1,0,10,1e-12,0.712462,0,1.11413e-11,1.80321e-12
Hessenberg basic,985,1,1,10,1e-12,2.20079,0,9.32232e-12,1.83134e-12
Hessenberg basic,986,1,0,10,1e-12,0.68698,0,9.77707e-12,1.90858e-12
Hessenberg basic,986,1,1,10,1e-12,1.96348,0,1.15961e-11,1.93579e-12
Hessenberg basic,987,1,0,10,1e-12,0.768378,0,1.27329e-11,1.94151e-12
Hessenberg basic,987,1,1,10,1e-12,2.90281,0,1.38698e-11,1.98201e-12
Hessenberg basic,988,1,0,10,1e-12,1.08071,0,1.55751e-11,1.66818e-12
Hessenberg basic,988,1,1,10,1e-12,2.62447,0,1.47793e-11,1.99168e-12
Hessenberg basic,989,1,0,10,1e-12,0.907983,0,1.15961e-11,1.85049e-12
Hessenberg basic,989,1,1,10,1e-12,2.33472,0,1.38698e-11,1.92425e-12
Hessenberg basic,990,1,0,10,1e-12,0.691299,0,1.26192e-11,1.79975e-12
Hessenberg basic,990,1,1,10,1e-12,2.60512,0,1.50067e-11,1.89226e-12
Hessenberg basic,991,1,0,10,1e-12,0.720335,0,1.08002e-11,1.7251e-12
Hessenberg basic,991,1,1,10,1e-12,2.26087,0,1.08002e-11,1.74643e-12
Hessenberg basic,992,1,0,10,1e-12,0.72659,0,9.32232e-12,1.66357e-12
Hessenberg basic,992,1,1,10,1e-12,2.19618,0,1.10276e-11,1.9551e-12
Hessenberg basic,993,1,0,10,1e-12,0.793128,0,1.21645e-11,1.75626e-12
Hessenberg basic,993,1,1,10,1e-12,2.02336,0,1.59162e-11,1.96482e-12
Hessenberg basic,994,1,0,10,1e-12,0.745647,0,1.69393e-11,1.63737e-12
Hessenberg basic,994,1,1,10,1e-12,2.01755,0,1.18234e-11,1.85821e-12
Hessenberg basic,995,1,0,10,1e-12,0.726297,0,1.35287e-11,1.77744e-12
Hessenberg basic,995,1,1,10,1e-12,1.93907,0,1.3074e-11,1.88382e-12
Hessenberg basic,996,1,0,10,1e-12,0.690298,0,1.26192e-11,1.88309e-12
Hessenberg basic,996,1,1,10,1e-12,2.03439,0,1.43245e-11,1.94446e-12
Hessenberg basic,997,1,0,10,1e-12,0.723361,0,1.05729e-11,1.82968e-12
Hessenberg basic,997,1,1,10,1e-12,2.02427,0,1.22782e-11,1.83259e-12
Hessenberg basic,998,1,0,10,1e-12,0.776476,0,1.18234e-11,1.7114e-12
Hessenberg basic,998,1,1,10,1e-12,2.09932,0,1.65983e-11,1.89677e-12
Hessenberg basic,999,1,0,10,1e-12,0.732194,0,1.02318e-11,1.75407e-12
Hessenberg basic,999,1,1,10,1e-12,2.01185,0,1.01181e-11,1.88238e-12
Hessenberg basic,1000,1,0,10,1e-12,0.711702,0,1.42109e-11,1.80561e-12
Hessenberg basic,1000,1,1,10,1e-12,1.90145,0,1.20508e-11,1.83483e-12
