version, size, hermitian, complex, seed, tol, runtime in s,min_error, max_error, avg_error
Hessenberg basic,900,1,0,1,1e-12,0.744513,0,1.21645e-11,1.66409e-12
Hessenberg basic,900,1,1,1,1e-12,3.29134,0,1.1255e-11,1.69214e-12
Hessenberg basic,901,1,0,1,1e-12,0.798184,0,1.1255e-11,1.75224e-12
Hessenberg basic,901,1,1,1,1e-12,2.78835,0,1.09139e-11,1.95461e-12
Hessenberg basic,902,1,0,1,1e-12,1.25352,0,1.13687e-11,1.64563e-12
Hessenberg basic,902,1,1,1,1e-12,3.17511,0,1.09139e-11,1.82107e-12
Hessenberg basic,903,1,0,1,1e-12,0.873059,0,1.44382e-11,1.84097e-12
Hessenberg basic,903,1,1,1,1e-12,3.07249,0,1.3415e-11,1.76472e-12
Hessenberg basic,904,1,0,1,1e-12,0.851985,0,1.17097e-11,1.81298e-12
Hessenberg basic,904,1,1,1,1e-12,3.48567,0,1.28466e-11,1.81617e-12
Hessenberg basic,905,1,0,1,1e-12,1.04756,0,1.09139e-11,1.67256e-12
Hessenberg basic,905,1,1,1,1e-12,3.53929,0,1.47793e-11,1.83204e-12
Hessenberg basic,906,1,0,1,1e-12,0.934919,0,1.01181e-11,1.69702e-12
Hessenberg basic,906,1,1,1,1e-12,3.31358,0,1.18234e-11,1.78212e-12
Hessenberg basic,907,1,0,1,1e-12,1.21583,0,1.09139e-11,1.60291e-12
Hessenberg basic,907,1,1,1,1e-12,2.87675,0,1.15961e-11,1.86994e-12
Hessenberg basic,908,1,0,1,1e-12,1.34974,0,1.02318e-11,1.76919e-12
Hessenberg basic,908,1,1,1,1e-12,2.66815,0,1.01181e-11,1.9268e-12
Hessenberg basic,909,1,0,1,1e-12,1.50386,0,1.55751e-11,1.76404e-12
Hessenberg basic,909,1,1,1,1e-12,2.71403,0,1.29603e-11,1.80833e-12
Hessenberg basic,910,1,0,1,1e-12,1.35874,0,1.18234e-11,1.79755e-12
Hessenberg basic,910,1,1,1,1e-12,3.29951,0,1.19371e-11,1.90707e-12
Hessenberg basic,911,1,0,1,1e-12,1.01124,0,1.46656e-11,1.87304e-12
Hessenberg basic,911,1,1,1,1e-12,3.15793,0,1.29603e-11,1.82421e-12
Hessenberg basic,912,1,0,1,1e-12,0.895823,0,2.05773e-11,1.76538e-12
Hessenberg basic,912,1,1,1,1e-12,3.55182,0,1.4893e-11,1.79408e-12
Hessenberg basic,913,1,0,1,1e-12,1.11134,0,1.15961e-11,1.64929e-12
Hessenberg basic,913,1,1,1,1e-12,3.41002,0,1.76215e-11,2.03341e-12
Hessenberg basic,914,1,0,1,1e-12,0.932648,0,1.14824e-11,1.7272e-12
Hessenberg basic,914,1,1,1,1e-12,3.69988,0,1.35287e-11,1.96839e-12
Hessenberg basic,915,1,0,1,1e-12,1.08063,0,1.13687e-11,1.79267e-12
Hessenberg basic,915,1,1,1,1e-12,3.23552,0,1.43245e-11,1.84069e-12
Hessenberg basic,916,1,0,1,1e-12,1.01455,0,1.15961e-11,1.80677e-12
Hessenberg basic,916,1,1,1,1e-12,3.4426,0,1.09139e-11,1.78882e-12
Hessenberg basic,917,1,0,1,1e-12,1.34385,0,9.54969e-12,1.69682e-12
Hessenberg basic,917,1,1,1,1e-12,3.65975,0,1.21645e-11,1.83414e-12
Hessenberg basic,918,1,0,1,1e-12,0.754611,0,1.20508e-11,1.74317e-12
Hessenberg basic,918,1,1,1,1e-12,3.21526,0,1.58025e-11,1.85492e-12
Hessenberg basic,919,1,0,1,1e-12,0.882642,0,1.39835e-11,1.73447e-12
Hessenberg basic,919,1,1,1,1e-12,3.35992,0,1.3074e-11,1.81793e-12
Hessenberg basic,920,1,0,1,1e-12,1.02221,0,1.93268e-11,1.86102e-12
Hessenberg basic,920,1,1,1,1e-12,3.35939,0,1.40972e-11,1.99234e-12
Hessenberg basic,921,1,0,1,1e-12,1.27518,0,1.14824e-11,1.6798e-12
Hessenberg basic,921,1,1,1,1e-12,3.47886,0,1.05729e-11,1.81845e-12
Hessenberg basic,922,1,0,1,1e-12,0.910576,0,9.54969e-12,1.7252e-12
Hessenberg basic,922,1,1,1,1e-12,3.50033,0,1.19371e-11,1.93013e-12
Hessenberg basic,923,1,0,1,1e-12,0.947035,0,1.1255e-11,1.72082e-12
Hessenberg basic,923,1,1,1,1e-12,3.59319,0,1.29603e-11,1.82019e-12
Hessenberg basic,924,1,0,1,1e-12,1.10744,0,1.17097e-11,1.72922e-12
Hessenberg basic,924,1,1,1,1e-12,3.40679,0,1.05729e-11,1.99917e-12
Hessenberg basic,925,1,0,1,1e-12,1.24228,0,1.08002e-11,1.75691e-12
Hessenberg basic,925,1,1,1,1e-12,3.55062,0,1.26192e-11,1.75651e-12
Hessenberg basic,926,1,0,1,1e-12,1.27431,0,9.66338e-12,1.60415e-12
Hessenberg basic,926,1,1,1,1e-12,3.56811,0,1.43245e-11,1.95456e-12
Hessenberg basic,927,1,0,1,1e-12,1.045,0,1.09139e-11,1.69305e-12
Hessenberg basic,927,1,1,1,1e-12,3.95481,0,1.10276e-11,1.78866e-12
Hessenberg basic,928,1,0,1,1e-12,1.21777,0,1.03455e-11,1.70267e-12
Hessenberg basic,928,1,1,1,1e-12,3.43911,0,1.27329e-11,1.81393e-12
Hessenberg basic,929,1,0,1,1e-12,1.12892,0,1.33014e-11,1.79194e-12
Hessenberg basic,929,1,1,1,1e-12,3.56212,0,1.27329e-11,1.91353e-12
Hessenberg basic,930,1,0,1,1e-12,1.47194,0,1.38698e-11,1.81499e-12
Hessenberg basic,930,1,1,1,1e-12,3.79526,0,1.20508e-11,1.75918e-12
Hessenberg basic,931,1,0,1,1e-12,0.972035,0,1.1255e-11,1.70082e-12
Hessenberg basic,931,1,1,1,1e-12,3.50201,0,1.09139e-11,1.92381e-12
Hessenberg basic,932,1,0,1,1e-12,1.04793,0,9.54969e-12,1.65037e-12
Hessenberg basic,932,1,1,1,1e-12,4.03397,0,1.35287e-11,1.83615e-12
Hessenberg basic,933,1,0,1,1e-12,1.43246,0,1.10276e-11,1.62237e-12
Hessenberg basic,933,1,1,1,1e-12,3.65995,0,1.19371e-11,1.74938e-12
Hessenberg basic,934,1,0,1,1e-12,1.0973,0,9.43601e-12,1.81994e-12
Hessenberg basic,934,1,1,1,1e-12,3.9296,0,1.06866e-11,1.83026e-12
Hessenberg basic,935,1,0,1,1e-12,1.51817,0,1.3415e-11,1.78707e-12
Hessenberg basic,935,1,1,1,1e-12,4.1871,0,1.4893e-11,1.92432e-12
Hessenberg basic,936,1,0,1,1e-12,0.963822,0,1.43245e-11,1.7793e-12
Hessenberg basic,936,1,1,1,1e-12,3.75841,0,1.17097e-11,1.79884e-12
Hessenberg basic,937,1,0,1,1e-12,1.00328,0,1.54614e-11,1.79965e-12
Hessenberg basic,937,1,1,1,1e-12,4.23023,0,1.38698e-11,1.70622e-12
Hessenberg basic,938,1,0,1,1e-12,1.19456,0,1.26192e-11,1.84724e-12
Hessenberg basic,938,1,1,1,1e-12,3.44125,0,1.55751e-11,1.75267e-12
Hessenberg basic,939,1,0,1,1e-12,1.02991,0,1.68257e-11,1.75905e-12
Hessenberg basic,939,1,1,1,1e-12,3.78035,0,1.5234e-11,1.8946e-12
Hessenberg basic,940,1,0,1,1e-12,1.43464,0,1.01181e-11,1.69803e-12
Hessenberg basic,940,1,1,1,1e-12,4.1931,0,1.4893e-11,1.86552e-12
Hessenberg basic,941,1,0,1,1e-12,1.00893,0,1.51203e-11,1.79914e-12
Hessenberg basic,941,1,1,1,1e-12,3.7752,0,1.19371e-11,1.84126e-12
Hessenberg basic,942,1,0,1,1e-12,1.07855,0,1.23919e-11,1.75203e-12
Hessenberg basic,942,1,1,1,1e-12,4.36421,0,1.7053e-11,1.78306e-12
Hessenberg basic,943,1,0,1,1e-12,1.39301,0,1.29603e-11,1.75281e-12
Hessenberg basic,943,1,1,1,1e-12,3.69193,0,1.44382e-11,1.80045e-12
Hessenberg basic,944,1,0,1,1e-12,1.12119,0,1.06866e-11,1.7462e-12
Hessenberg basic,944,1,1,1,1e-12,3.98527,0,1.15961e-11,1.75626e-12
Hessenberg basic,945,1,0,1,1e-12,1.61536,0,1.33014e-11,1.78412e-12
Hessenberg basic,945,1,1,1,1e-12,4.29419,0,1.29603e-11,1.85003e-12
Hessenberg basic,946,1,0,1,1e-12,1.0162,0,1.44382e-11,1.78404e-12
Hessenberg basic,946,1,1,1,1e-12,3.85399,0,1.14824e-11,1.84214e-12
Hessenberg basic,947,1,0,1,1e-12,1.15386,0,1.11413e-11,1.63779e-12
Hessenberg basic,947,1,1,1,1e-12,4.46417,0,1.51203e-11,1.84975e-12
Hessenberg basic,948,1,0,1,1e-12,1.55163,0,1.19371e-11,1.75434e-12
Hessenberg basic,948,1,1,1,1e-12,3.73568,0,1.10276e-11,1.87938e-12
Hessenberg basic,949,1,0,1,1e-12,1.29325,0,1.03455e-11,1.66548e-12
Hessenberg basic,949,1,1,1,1e-12,3.92985,0,1.26192e-11,1.87083e-12
Hessenberg basic,950,1,0,1,1e-12,1.73023,0,1.64846e-11,1.7947e-12
Hessenberg basic,950,1,1,1,1e-12,4.31937,0,1.62572e-11,1.78387e-12
Hessenberg basic,951,1,0,1,1e-12,1.21073,0,1.35287e-11,1.8757e-12
Hessenberg basic,951,1,1,1,1e-12,4.18349,0,1.28466e-11,1.77233e-12
Hessenberg basic,952,1,0,1,1e-12,1.27663,0,1.08002e-11,1.66254e-12
Hessenberg basic,952,1,1,1,1e-12,4.54436,0,1.02318e-11,1.78412e-12
Hessenberg basic,953,1,0,1,1e-12,1.62619,0,1.29603e-11,1.67799e-12
Hessenberg basic,953,1,1,1,1e-12,4.12443,0,1.45519e-11,1.82849e-12
Hessenberg basic,954,1,0,1,1e-12,1.45485,0,9.89075e-12,1.66388e-12
Hessenberg basic,954,1,1,1,1e-12,3.95291,0,1.25056e-11,1.90661e-12
Hessenberg basic,955,1,0,1,1e-12,1.62443,0,1.05729e-11,1.70182e-12
Hessenberg basic,955,1,1,1,1e-12,4.32446,0,1.15961e-11,1.83907e-12
Hessenberg basic,956,1,0,1,1e-12,1.3696,0,1.55751e-11,1.82964e-12
Hessenberg basic,956,1,1,1,1e-12,4.09903,0,1.29603e-11,1.72833e-12
Hessenberg basic,957,1,0,1,1e-12,1.25808,0,1.3813e-11,1.69264e-12
Hessenberg basic,957,1,1,1,1e-12,4.31444,0,1.51203e-11,1.76049e-12
Hessenberg basic,958,1,0,1,1e-12,1.55043,0,1.20508e-11,1.71965e-12
Hessenberg basic,958,1,1,1,1e-12,4.07288,0,1.40972e-11,1.78541e-12
Hessenberg basic,959,1,0,1,1e-12,1.48338,0,1.35287e-11,1.73024e-12
Hessenberg basic,959,1,1,1,1e-12,3.93443,0,1.39835e-11,1.80621e-12
Hessenberg basic,960,1,0,1,1e-12,1.58481,0,1.02318e-11,1.75725e-12
Hessenberg basic,960,1,1,1,1e-12,4.16786,0,1.27329e-11,1.78522e-12
Hessenberg basic,961,1,0,1,1e-12,1.57802,0,1.13687e-11,1.70959e-12
Hessenberg basic,961,1,1,1,1e-12,4.05398,0,1.3074e-11,1.8074e-12
Hessenberg basic,962,1,0,1,1e-12,1.33031,0,1.44382e-11,1.75287e-12
Hessenberg basic,962,1,1,1,1e-12,4.03581,0,1.3415e-11,1.85584e-12
Hessenberg basic,963,1,0,1,1e-12,1.31329,0,1.31877e-11,1.79213e-12
Hessenberg basic,963,1,1,1,1e-12,4.4289,0,1.7053e-11,1.84672e-12
Hessenberg basic,964,1,0,1,1e-12,1.4885,0,1.08002e-11,1.63364e-12
Hessenberg basic,964,1,1,1,1e-12,4.04421,0,1.26192e-11,1.7136e-12
Hessenberg basic,965,1,0,1,1e-12,1.53255,0,1.1255e-11,1.63525e-12
Hessenberg basic,965,1,1,1,1e-12,4.39271,0,1.09139e-11,1.89276e-12
Hessenberg basic,966,1,0,1,1e-12,1.67819,0,1.36424e-11,1.80257e-12
Hessenberg basic,966,1,1,1,1e-12,4.39746,0,2.16005e-11,1.72472e-12
Hessenberg basic,967,1,0,1,1e-12,1.30454,0,1.50067e-11,1.78682e-12
Hessenberg basic,967,1,1,1,1e-12,4.20691,0,1.20508e-11,1.77275e-12
Hessenberg basic,968,1,0,1,1e-12,1.33512,0,1.38698e-11,1.75698e-12
Hessenberg basic,968,1,1,1,1e-12,4.47998,0,1.19371e-11,1.9532e-12
Hessenberg basic,969,1,0,1,1e-12,1.57148,0,1.15961e-11,1.79441e-12
Hessenberg basic,969,1,1,1,1e-12,4.19114,0,1.13687e-11,1.77764e-12
Hessenberg basic,970,1,0,1,1e-12,1.67105,0,1.03455e-11,1.662e-12
Hessenberg basic,970,1,1,1,1e-12,4.62151,0,1.58025e-11,1.98856e-12
Hessenberg basic,971,1,0,1,1e-12,1.81487,0,1.05729e-11,1.7638e-12
Hessenberg basic,971,1,1,1,1e-12,4.55297,0,1.20508e-11,1.91403e-12
Hessenberg basic,972,1,0,1,1e-12,1.2846,0,1.26192e-11,1.80369e-12
Hessenberg basic,972,1,1,1,1e-12,4.61144,0,1.3074e-11,1.71536e-12
Hessenberg basic,973,1,0,1,1e-12,1.7593,0,1.6712e-11,1.80813e-12
Hessenberg basic,973,1,1,1,1e-12,4.45608,0,1.25056e-11,1.95532e-12
Hessenberg basic,974,1,0,1,1e-12,1.39756,0,1.71667e-11,1.73798e-12
Hessenberg basic,974,1,1,1,1e-12,4.3163,0,1.09139e-11,1.84222e-12
Hessenberg basic,975,1,0,1,1e-12,1.54566,0,1.10276e-11,1.81301e-12
Hessenberg basic,975,1,1,1,1e-12,4.71856,0,1.01181e-11,1.72142e-12
Hessenberg basic,976,1,0,1,1e-12,1.60288,0,1.4893e-11,1.68125e-12
Hessenberg basic,976,1,1,1,1e-12,4.56602,0,1.4893e-11,1.7918e-12
Hessenberg basic,977,1,0,1,1e-12,1.36474,0,1.46656e-11,1.82094e-12
Hessenberg basic,977,1,1,1,1e-12,4.57257,0,1.04592e-11,1.77486e-12
Hessenberg basic,978,1,0,1,1e-12,1.80249,0,1.20508e-11,1.75367e-12
Hessenberg basic,978,1,1,1,1e-12,4.52378,0,1.25056e-11,1.68181e-12
Hessenberg basic,979,1,0,1,1e-12,1.76244,0,1.20508e-11,1.70732e-12
Hessenberg basic,979,1,1,1,1e-12,4.34913,0,1.25056e-11,1.84389e-12
Hessenberg basic,980,1,0,1,1e-12,1.79156,0,1.13687e-11,1.67117e-12
Hessenberg basic,980,1,1,1,1e-12,4.79201,0,1.65983e-11,1.90368e-12
Hessenberg basic,981,1,0,1,1e-12,1.95424,0,1.22782e-11,1.77558e-12
Hessenberg basic,981,1,1,1,1e-12,4.59667,0,1.23919e-11,1.90258e-12
Hessenberg basic,982,1,0,1,1e-12,1.38674,0,1.1255e-11,1.71528e-12
Hessenberg basic,982,1,1,1,1e-12,4.46201,0,1.69393e-11,1.72623e-12
Hessenberg basic,983,1,0,1,1e-12,1.4301,0,1.4893e-11,1.71884e-12
Hessenberg basic,983,1,1,1,1e-12,5.03003,0,1.10276e-11,1.76751e-12
Hessenberg basic,984,1,0,1,1e-12,1.76184,0,1.29603e-11,1.62955e-12
Hessenberg basic,984,1,1,1,1e-12,4.4601,0,1.37561e-11,1.98294e-12
Hessenberg basic,985,1,0,1,1e-12,1.87582,0,1.04592e-11,1.66424e-12
Hessenberg basic,985,1,1,1,1e-12,4.8158,0,1.46656e-11,1.75628e-12
Hessenberg basic,986,1,0,1,1e-12,1.94967,0,1.14824e-11,1.85828e-12
Hessenberg basic,986,1,1,1,1e-12,4.29464,0,1.92131e-11,1.94918e-12
Hessenberg basic,987,1,0,1,1e-12,1.51634,0,1.44382e-11,1.78885e-12
Hessenberg basic,987,1,1,1,1e-12,4.30842,0,1.42109e-11,1.80535e-12
Hessenberg basic,988,1,0,1,1e-12,1.42037,0,1.14824e-11,1.68439e-12
Hessenberg basic,988,1,1,1,1e-12,4.85442,0,1.25056e-11,1.82957e-12
Hessenberg basic,989,1,0,1,1e-12,1.50526,0,1.33014e-11,1.78207e-12
Hessenberg basic,989,1,1,1,1e-12,4.24538,0,1.23919e-11,1.65429e-12
Hessenberg basic,990,1,0,1,1e-12,1.4095,0,1.1255e-11,1.68411e-12
Hessenberg basic,990,1,1,1,1e-12,4.37405,0,1.38698e-11,1.88909e-12
Hessenberg basic,991,1,0,1,1e-12,1.90834,0,1.09139e-11,1.66678e-12
Hessenberg basic,991,1,1,1,1e-12,4.58378,0,1.81899e-11,1.83115e-12
Hessenberg basic,992,1,0,1,1e-12,1.46014,0,1.28466e-11,1.6561e-12
Hessenberg basic,992,1,1,1,1e-12,4.564,0,1.33014e-11,1.68916e-12
Hessenberg basic,993,1,0,1,1e-12,1.38299,0,1.10276e-11,1.65562e-12
Hessenberg basic,993,1,1,1,1e-12,4.37463,0,1.10276e-11,1.80398e-12
Hessenberg basic,994,1,0,1,1e-12,1.52187,0,1.36424e-11,1.76019e-12
Hessenberg basic,994,1,1,1,1e-12,4.88442,0,1.51203e-11,1.80752e-12
Hessenberg basic,995,1,0,1,1e-12,2.18978,0,1.77351e-11,1.67848e-12
Hessenberg basic,995,1,1,1,1e-12,4.36985,0,1.08002e-11,1.82837e-12
Hessenberg basic,996,1,0,1,1e-12,1.55173,0,1.22782e-11,1.67558e-12
Hessenberg basic,996,1,1,1,1e-12,4.50626,0,1.11413e-11,1.77507e-12
Hessenberg basic,997,1,0,1,1e-12,1.82772,0,1.20508e-11,1.6451e-12
Hessenberg basic,997,1,1,1,1e-12,4.89107,0,1.56888e-11,1.83138e-12
Hessenberg basic,998,1,0,1,1e-12,1.52785,0,1.25056e-11,1.66624e-12
Hessenberg basic,998,1,1,1,1e-12,2.85839,0,1.43245e-11,1.82971e-12
Hessenberg basic,999,1,0,1,1e-12,1.31932,0,1.17097e-11,1.70735e-12
Hessenberg basic,999,1,1,1,1e-12,2.60626,0,1.44382e-11,1.95484e-12
Hessenberg basic,1000,1,0,1,1e-12,1.27788,0,8.86757e-12,1.68004e-12
Hessenberg basic,1000,1,1,1,1e-12,3.06938,0,1.13687e-11,1.7162e-12
