version, size, hermitian, complex, seed, tol, runtime in s,min_error, max_error, avg_error
Hessenberg basic,900,0,0,2,1e-12,0.777,0,2.47837e-11,3.12007e-12
Hessenberg basic,901,0,0,2,1e-12,0.854018,0,2.41016e-11,3.00828e-12
Hessenberg basic,902,0,0,2,1e-12,0.818755,0,1.93268e-11,3.3282e-12
Hessenberg basic,903,0,0,2,1e-12,0.885918,0,1.97815e-11,3.15106e-12
Hessenberg basic,904,0,0,2,1e-12,0.722184,0,1.82205e-11,3.37089e-12
Hessenberg basic,905,0,0,2,1e-12,0.871381,0,2.68301e-11,3.39371e-12
Hessenberg basic,906,0,0,2,1e-12,0.838076,0,1.86446e-11,3.36987e-12
Hessenberg basic,907,0,0,2,1e-12,0.886792,0,2.50111e-11,3.36079e-12
Hessenberg basic,908,0,0,2,1e-12,0.780318,0,3.34239e-11,3.38273e-12
Hessenberg basic,909,0,0,2,1e-12,0.903856,0,3.54703e-11,3.54178e-12
Hessenberg basic,910,0,0,2,1e-12,0.893624,0,1.857e-11,3.27466e-12
Hessenberg basic,911,0,0,2,1e-12,0.896414,0,2.93312e-11,3.36361e-12
Hessenberg basic,912,0,0,2,1e-12,0.807561,0,2.29647e-11,3.64444e-12
Hessenberg basic,913,0,0,2,1e-12,0.912877,0,2.00089e-11,3.01806e-12
Hessenberg basic,914,0,0,2,1e-12,0.857351,0,3.34239e-11,3.32974e-12
Hessenberg basic,915,0,0,2,1e-12,0.926334,0,2.0691e-11,3.23135e-12
Hessenberg basic,916,0,0,2,1e-12,0.818093,0,1.97809e-11,3.42553e-12
Hessenberg basic,917,0,0,2,1e-12,0.987405,0,2.0691e-11,3.43904e-12
Hessenberg basic,918,0,0,2,1e-12,0.902571,0,2.26953e-11,3.42142e-12
Hessenberg basic,919,0,0,2,1e-12,0.930584,0,2.54717e-11,3.49058e-12
Hessenberg basic,920,0,0,2,1e-12,0.80648,0,2.72848e-11,3.55102e-12
Hessenberg basic,921,0,0,2,1e-12,0.933281,0,2.68301e-11,3.37333e-12
Hessenberg basic,922,0,0,2,1e-12,0.880173,0,3.09228e-11,3.29043e-12
Hessenberg basic,923,0,0,2,1e-12,0.930296,0,2.63753e-11,3.5177e-12
Hessenberg basic,924,0,0,2,1e-12,0.87473,0,1.95091e-11,3.47738e-12
Hessenberg basic,925,0,0,2,1e-12,0.954048,0,2.88765e-11,3.19963e-12
Hessenberg basic,926,0,0,2,1e-12,0.923964,0,2.13969e-11,3.50765e-12
Hessenberg basic,927,0,0,2,1e-12,0.971147,0,4.27463e-11,3.472e-12
Hessenberg basic,928,0,0,2,1e-12,0.895841,0,3.91083e-11,3.77509e-12
Hessenberg basic,929,0,0,2,1e-12,0.979042,0,2.36469e-11,3.59354e-12
Hessenberg basic,930,0,0,2,1e-12,0.926673,0,3.04681e-11,3.51787e-12
Hessenberg basic,931,0,0,2,1e-12,0.977145,0,2.41016e-11,3.44149e-12
Hessenberg basic,932,0,0,2,1e-12,0.884977,0,3.02407e-11,3.42785e-12
Hessenberg basic,933,0,0,2,1e-12,1.02146,0,2.13731e-11,3.49177e-12
Hessenberg basic,934,0,0,2,1e-12,0.961498,0,2.11833e-11,3.38216e-12
Hessenberg basic,935,0,0,2,1e-12,1.00565,0,2.50111e-11,3.15058e-12
Hessenberg basic,936,0,0,2,1e-12,0.869287,0,2.69284e-11,3.71889e-12
Hessenberg basic,937,0,0,2,1e-12,0.986292,0,2.09175e-11,3.2248e-12
Hessenberg basic,938,0,0,2,1e-12,0.940103,0,1.54631e-11,3.12649e-12
Hessenberg basic,939,0,0,2,1e-12,1.01461,0,1.7053e-11,3.45761e-12
Hessenberg basic,940,0,0,2,1e-12,0.916394,0,2.81943e-11,3.4734e-12
Hessenberg basic,941,0,0,2,1e-12,1.04686,0,3.72893e-11,3.52686e-12
Hessenberg basic,942,0,0,2,1e-12,0.994319,0,2.06913e-11,3.64006e-12
Hessenberg basic,943,0,0,2,1e-12,1.04712,0,3.56977e-11,3.58107e-12
Hessenberg basic,944,0,0,2,1e-12,0.927654,0,3.66072e-11,3.44788e-12
Hessenberg basic,945,0,0,2,1e-12,1.0817,0,3.31966e-11,3.83338e-12
Hessenberg basic,946,0,0,2,1e-12,1.03364,0,4.27463e-11,3.77145e-12
Hessenberg basic,947,0,0,2,1e-12,1.09149,0,2.4329e-11,3.47307e-12
Hessenberg basic,948,0,0,2,1e-12,0.972476,0,2.31921e-11,3.26518e-12
Hessenberg basic,949,0,0,2,1e-12,1.07843,0,3.72893e-11,3.28072e-12
Hessenberg basic,950,0,0,2,1e-12,1.00087,0,3.09228e-11,3.45012e-12
Hessenberg basic,951,0,0,2,1e-12,1.06147,0,2.86491e-11,3.50059e-12
Hessenberg basic,952,0,0,2,1e-12,0.902214,0,2.31921e-11,3.26198e-12
Hessenberg basic,953,0,0,2,1e-12,1.1477,0,1.90994e-11,3.35396e-12
Hessenberg basic,954,0,0,2,1e-12,1.07504,0,2.34195e-11,3.25071e-12
Hessenberg basic,955,0,0,2,1e-12,1.15061,0,2.36562e-11,3.61853e-12
Hessenberg basic,956,0,0,2,1e-12,1.01449,0,3.29692e-11,3.42079e-12
Hessenberg basic,957,0,0,2,1e-12,1.15275,0,3.25144e-11,3.27481e-12
Hessenberg basic,958,0,0,2,1e-12,1.08777,0,2.09184e-11,3.68692e-12
Hessenberg basic,959,0,0,2,1e-12,1.15337,0,2.31921e-11,3.18182e-12
Hessenberg basic,960,0,0,2,1e-12,1.40686,0,3.50155e-11,3.68741e-12
Hessenberg basic,961,0,0,2,1e-12,1.14635,0,2.10772e-11,3.3599e-12
Hessenberg basic,962,0,0,2,1e-12,1.10171,0,3.45608e-11,3.46451e-12
Hessenberg basic,963,0,0,2,1e-12,1.19339,0,2.22826e-11,3.58395e-12
Hessenberg basic,964,0,0,2,1e-12,0.928574,0,2.09026e-11,3.68942e-12
Hessenberg basic,965,0,0,2,1e-12,1.1326,0,2.59206e-11,3.56707e-12
Hessenberg basic,966,0,0,2,1e-12,1.09989,0,4.29736e-11,3.5068e-12
Hessenberg basic,967,0,0,2,1e-12,1.15989,0,3.20597e-11,3.09764e-12
Hessenberg basic,968,0,0,2,1e-12,1.00231,0,3.13776e-11,3.32379e-12
Hessenberg basic,969,0,0,2,1e-12,1.22379,0,2.73048e-11,3.72951e-12
Hessenberg basic,970,0,0,2,1e-12,1.14946,0,3.45608e-11,3.20788e-12
Hessenberg basic,971,0,0,2,1e-12,1.19294,0,2.75122e-11,3.49719e-12
Hessenberg basic,972,0,0,2,1e-12,1.0613,0,2.36469e-11,2.96631e-12
Hessenberg basic,973,0,0,2,1e-12,1.23301,0,2.16005e-11,3.46286e-12
Hessenberg basic,974,0,0,2,1e-12,1.18358,0,3.66072e-11,3.34103e-12
Hessenberg basic,975,0,0,2,1e-12,1.26224,0,2.45564e-11,3.40444e-12
Hessenberg basic,976,0,0,2,1e-12,1.06525,0,3.09228e-11,3.12367e-12
Hessenberg basic,977,0,0,2,1e-12,1.25003,0,2.13731e-11,3.152e-12
Hessenberg basic,978,0,0,2,1e-12,1.19826,0,3.7744e-11,3.21304e-12
Hessenberg basic,979,0,0,2,1e-12,1.2641,0,3.25144e-11,3.7146e-12
Hessenberg basic,980,0,0,2,1e-12,1.09135,0,2.56932e-11,3.48924e-12
Hessenberg basic,981,0,0,2,1e-12,1.29114,0,3.18323e-11,3.3846e-12
Hessenberg basic,982,0,0,2,1e-12,1.20403,0,3.88809e-11,3.2506e-12
Hessenberg basic,983,0,0,2,1e-12,1.30306,0,2.84217e-11,3.75062e-12
Hessenberg basic,984,0,0,2,1e-12,1.04559,0,3.43334e-11,3.22136e-12
Hessenberg basic,985,0,0,2,1e-12,1.28473,0,2.41016e-11,3.16324e-12
Hessenberg basic,986,0,0,2,1e-12,1.23302,0,3.13776e-11,3.21826e-12
Hessenberg basic,987,0,0,2,1e-12,1.30081,0,2.7967e-11,3.67798e-12
Hessenberg basic,988,0,0,2,1e-12,1.13729,0,3.5925e-11,3.48682e-12
Hessenberg basic,989,0,0,2,1e-12,1.31964,0,3.79714e-11,3.43889e-12
Hessenberg basic,990,0,0,2,1e-12,1.22577,0,2.251e-11,3.43475e-12
Hessenberg basic,991,0,0,2,1e-12,1.29615,0,2.38742e-11,3.73016e-12
Hessenberg basic,992,0,0,2,1e-12,1.16146,0,2.70575e-11,3.09336e-12
Hessenberg basic,993,0,0,2,1e-12,1.17762,0,2.93312e-11,3.3824e-12
Hessenberg basic,994,0,0,2,1e-12,1.16954,0,3.50155e-11,3.16621e-12
Hessenberg basic,995,0,0,2,1e-12,1.31745,0,2.38742e-11,3.43065e-12
Hessenberg basic,996,0,0,2,1e-12,1.16076,0,3.72893e-11,3.334e-12
Hessenberg basic,997,0,0,2,1e-12,1.31222,0,2.04636e-11,3.15393e-12
Hessenberg basic,998,0,0,2,1e-12,1.28046,0,2.63753e-11,3.23376e-12
Hessenberg basic,999,0,0,2,1e-12,1.33276,0,3.54703e-11,3.66378e-12
Hessenberg basic,1000,0,0,2,1e-12,1.12562,0,2.56932e-11,3.22509e-12
