version, size, hermitian, complex, seed, tol, runtime in s,min_error, max_error, avg_error
Hessenberg basic,900,0,0,1,1e-12,0.769546,0,2.0691e-11,3.74704e-12
Hessenberg basic,901,0,0,1,1e-12,0.862723,0,2.03484e-11,4.0571e-12
Hessenberg basic,902,0,0,1,1e-12,0.800377,0,2.0691e-11,3.818e-12
Hessenberg basic,903,0,0,1,1e-12,0.864868,0,3.81988e-11,3.90185e-12
Hessenberg basic,904,0,0,1,1e-12,0.74548,0,1.65983e-11,4.01141e-12
Hessenberg basic,905,0,0,1,1e-12,0.884242,0,3.20597e-11,4.23241e-12
Hessenberg basic,906,0,0,1,1e-12,0.822154,0,2.07123e-11,4.22929e-12
Hessenberg basic,907,0,0,1,1e-12,0.897091,0,2.3152e-11,4.04463e-12
Hessenberg basic,908,0,0,1,1e-12,0.815887,0,2.11458e-11,3.89746e-12
Hessenberg basic,909,0,0,1,1e-12,0.915285,0,2.93312e-11,3.7409e-12
Hessenberg basic,910,0,0,1,1e-12,0.886791,0,2.01854e-11,3.74194e-12
Hessenberg basic,911,0,0,1,1e-12,0.863682,0,2.38742e-11,3.87942e-12
Hessenberg basic,912,0,0,1,1e-12,0.811691,0,4.00178e-11,3.49144e-12
Hessenberg basic,913,0,0,1,1e-12,0.907051,0,3.50155e-11,4.2795e-12
Hessenberg basic,914,0,0,1,1e-12,0.870078,0,2.04636e-11,3.7806e-12
Hessenberg basic,915,0,0,1,1e-12,0.90795,0,2.23949e-11,3.9662e-12
Hessenberg basic,916,0,0,1,1e-12,0.836405,0,2.0674e-11,4.00873e-12
Hessenberg basic,917,0,0,1,1e-12,0.905864,0,3.09228e-11,4.25505e-12
Hessenberg basic,918,0,0,1,1e-12,0.890877,0,1.88545e-11,3.93565e-12
Hessenberg basic,919,0,0,1,1e-12,0.939217,0,2.27374e-11,4.12006e-12
Hessenberg basic,920,0,0,1,1e-12,0.813111,0,3.81988e-11,3.7153e-12
Hessenberg basic,921,0,0,1,1e-12,0.94762,0,3.04681e-11,3.76573e-12
Hessenberg basic,922,0,0,1,1e-12,0.887873,0,3.04681e-11,3.82066e-12
Hessenberg basic,923,0,0,1,1e-12,0.972291,0,4.25189e-11,4.18876e-12
Hessenberg basic,924,0,0,1,1e-12,0.864525,0,2.47837e-11,3.52156e-12
Hessenberg basic,925,0,0,1,1e-12,0.997094,0,3.66072e-11,4.23156e-12
Hessenberg basic,926,0,0,1,1e-12,0.923266,0,4.02451e-11,3.80757e-12
Hessenberg basic,927,0,0,1,1e-12,0.980537,0,3.70619e-11,3.67483e-12
Hessenberg basic,928,0,0,1,1e-12,0.911164,0,2.47837e-11,4.04309e-12
Hessenberg basic,929,0,0,1,1e-12,0.981991,0,3.13776e-11,3.72675e-12
Hessenberg basic,930,0,0,1,1e-12,0.956066,0,3.27418e-11,3.71204e-12
Hessenberg basic,931,0,0,1,1e-12,0.97488,0,2.6148e-11,4.10537e-12
Hessenberg basic,932,0,0,1,1e-12,0.909949,0,2.70575e-11,3.77471e-12
Hessenberg basic,933,0,0,1,1e-12,1.0064,0,3.04681e-11,3.7079e-12
Hessenberg basic,934,0,0,1,1e-12,0.953771,0,2.6148e-11,4.09275e-12
Hessenberg basic,935,0,0,1,1e-12,1.01558,0,2.75122e-11,3.9502e-12
Hessenberg basic,936,0,0,1,1e-12,0.869086,0,2.37144e-11,3.70938e-12
Hessenberg basic,937,0,0,1,1e-12,0.952427,0,3.29692e-11,3.81995e-12
Hessenberg basic,938,0,0,1,1e-12,0.956906,0,2.4329e-11,3.75947e-12
Hessenberg basic,939,0,0,1,1e-12,1.01117,0,2.54659e-11,3.54467e-12
Hessenberg basic,940,0,0,1,1e-12,0.934322,0,2.16005e-11,4.1786e-12
Hessenberg basic,941,0,0,1,1e-12,1.03565,0,4.54747e-11,3.86013e-12
Hessenberg basic,942,0,0,1,1e-12,0.981627,0,2.11458e-11,4.19935e-12
Hessenberg basic,943,0,0,1,1e-12,1.03622,0,2.68301e-11,3.79183e-12
Hessenberg basic,944,0,0,1,1e-12,0.939561,0,2.34195e-11,3.85074e-12
Hessenberg basic,945,0,0,1,1e-12,1.07633,0,1.89052e-11,3.78733e-12
Hessenberg basic,946,0,0,1,1e-12,1.03437,0,2.28262e-11,4.2639e-12
Hessenberg basic,947,0,0,1,1e-12,1.06998,0,4.61569e-11,3.68841e-12
Hessenberg basic,948,0,0,1,1e-12,0.946169,0,3.27418e-11,3.95583e-12
Hessenberg basic,949,0,0,1,1e-12,1.12201,0,2.70575e-11,3.4915e-12
Hessenberg basic,950,0,0,1,1e-12,1.0418,0,2.9786e-11,3.38007e-12
Hessenberg basic,951,0,0,1,1e-12,1.0724,0,2.4329e-11,3.53867e-12
Hessenberg basic,952,0,0,1,1e-12,0.926035,0,2.36469e-11,3.76597e-12
Hessenberg basic,953,0,0,1,1e-12,1.12403,0,2.413e-11,3.97687e-12
Hessenberg basic,954,0,0,1,1e-12,1.06806,0,3.79714e-11,3.6937e-12
Hessenberg basic,955,0,0,1,1e-12,1.13214,0,2.29647e-11,3.74649e-12
Hessenberg basic,956,0,0,1,1e-12,0.993563,0,2.54659e-11,3.58623e-12
Hessenberg basic,957,0,0,1,1e-12,1.14336,0,3.75167e-11,3.67995e-12
Hessenberg basic,958,0,0,1,1e-12,1.07067,0,3.54703e-11,3.85882e-12
Hessenberg basic,959,0,0,1,1e-12,1.12758,0,3.36513e-11,3.64654e-12
Hessenberg basic,960,0,0,1,1e-12,1.39289,0,3.43334e-11,3.79036e-12
Hessenberg basic,961,0,0,1,1e-12,1.16465,0,1.97815e-11,3.574e-12
Hessenberg basic,962,0,0,1,1e-12,1.09291,0,3.72893e-11,3.86889e-12
Hessenberg basic,963,0,0,1,1e-12,1.20614,0,2.66027e-11,3.66151e-12
Hessenberg basic,964,0,0,1,1e-12,1.01746,0,1.63709e-11,3.29856e-12
Hessenberg basic,965,0,0,1,1e-12,1.14777,0,2.29647e-11,3.6897e-12
Hessenberg basic,966,0,0,1,1e-12,1.12279,0,3.45608e-11,3.5595e-12
Hessenberg basic,967,0,0,1,1e-12,1.12416,0,2.13731e-11,3.89959e-12
Hessenberg basic,968,0,0,1,1e-12,0.962128,0,2.72848e-11,3.96034e-12
Hessenberg basic,969,0,0,1,1e-12,1.20212,0,2.27374e-11,3.52242e-12
Hessenberg basic,970,0,0,1,1e-12,1.14633,0,2.38742e-11,3.83854e-12
Hessenberg basic,971,0,0,1,1e-12,1.21204,0,2.52385e-11,3.48436e-12
Hessenberg basic,972,0,0,1,1e-12,1.08838,0,2.38742e-11,3.57613e-12
Hessenberg basic,973,0,0,1,1e-12,1.20887,0,2.09573e-11,3.93092e-12
Hessenberg basic,974,0,0,1,1e-12,1.15902,0,1.95541e-11,3.7931e-12
Hessenberg basic,975,0,0,1,1e-12,1.23317,0,2.70575e-11,3.72912e-12
Hessenberg basic,976,0,0,1,1e-12,1.07974,0,3.11502e-11,3.66363e-12
Hessenberg basic,977,0,0,1,1e-12,1.24697,0,2.91038e-11,3.87073e-12
Hessenberg basic,978,0,0,1,1e-12,1.16873,0,3.04681e-11,3.49446e-12
Hessenberg basic,979,0,0,1,1e-12,1.2401,0,1.86446e-11,3.68388e-12
Hessenberg basic,980,0,0,1,1e-12,1.1167,0,2.41016e-11,3.85724e-12
Hessenberg basic,981,0,0,1,1e-12,1.27873,0,4.36557e-11,3.68158e-12
Hessenberg basic,982,0,0,1,1e-12,1.18457,0,1.95541e-11,3.48551e-12
Hessenberg basic,983,0,0,1,1e-12,1.26575,0,2.11458e-11,3.8136e-12
Hessenberg basic,984,0,0,1,1e-12,1.04004,0,2.91038e-11,3.65726e-12
Hessenberg basic,985,0,0,1,1e-12,1.28693,0,2.38742e-11,3.76199e-12
Hessenberg basic,986,0,0,1,1e-12,1.24201,0,2.50111e-11,3.52938e-12
Hessenberg basic,987,0,0,1,1e-12,1.29207,0,2.18279e-11,3.6661e-12
Hessenberg basic,988,0,0,1,1e-12,1.16879,0,2.251e-11,3.49158e-12
Hessenberg basic,989,0,0,1,1e-12,1.31576,0,2.16005e-11,3.35422e-12
Hessenberg basic,990,0,0,1,1e-12,1.2382,0,1.90994e-11,3.55288e-12
Hessenberg basic,991,0,0,1,1e-12,1.30641,0,2.02804e-11,3.58805e-12
Hessenberg basic,992,0,0,1,1e-12,1.17942,0,2.04993e-11,3.54924e-12
Hessenberg basic,993,0,0,1,1e-12,1.15492,0,2.59206e-11,3.4618e-12
Hessenberg basic,994,0,0,1,1e-12,1.20565,0,1.69674e-11,3.53961e-12
Hessenberg basic,995,0,0,1,1e-12,1.31637,0,2.29647e-11,3.46662e-12
Hessenberg basic,996,0,0,1,1e-12,1.19154,0,3.9563e-11,3.80992e-12
Hessenberg basic,997,0,0,1,1e-12,1.32732,0,2.22826e-11,3.94987e-12
Hessenberg basic,998,0,0,1,1e-12,1.29976,0,4.00178e-11,3.61832e-12
Hessenberg basic,999,0,0,1,1e-12,1.31965,0,2.6148e-11,3.53867e-12
Hessenberg basic,1000,0,0,1,1e-12,1.10391,0,3.7744e-11,3.53157e-12
