version, size, hermitian, complex, seed, tol, runtime in s,min_error, max_error, avg_error
Hessenberg basic,900,0,0,7,1e-12,0.768414,0,4.92524e-11,3.72544e-12
Hessenberg basic,901,0,0,7,1e-12,0.86272,0,5.00917e-11,3.6373e-12
Hessenberg basic,902,0,0,7,1e-12,0.793711,0,4.89904e-11,3.68669e-12
Hessenberg basic,903,0,0,7,1e-12,0.863834,0,4.78097e-11,3.30307e-12
Hessenberg basic,904,0,0,7,1e-12,0.741605,0,4.91927e-11,3.55904e-12
Hessenberg basic,905,0,0,7,1e-12,0.874635,0,4.82205e-11,3.58485e-12
Hessenberg basic,906,0,0,7,1e-12,0.81778,0,4.80845e-11,3.37965e-12
Hessenberg basic,907,0,0,7,1e-12,0.866597,0,4.8058e-11,3.56253e-12
Hessenberg basic,908,0,0,7,1e-12,0.796468,0,4.82296e-11,3.59221e-12
Hessenberg basic,909,0,0,7,1e-12,0.90109,0,4.79468e-11,3.52385e-12
Hessenberg basic,910,0,0,7,1e-12,0.901932,0,4.85279e-11,4.02237e-12
Hessenberg basic,911,0,0,7,1e-12,0.867613,0,4.84354e-11,3.52943e-12
Hessenberg basic,912,0,0,7,1e-12,0.80593,0,4.98948e-11,3.40932e-12
Hessenberg basic,913,0,0,7,1e-12,0.893017,0,4.83811e-11,3.45176e-12
Hessenberg basic,914,0,0,7,1e-12,0.866658,0,4.80192e-11,3.58574e-12
Hessenberg basic,915,0,0,7,1e-12,0.89611,0,4.84063e-11,3.51346e-12
Hessenberg basic,916,0,0,7,1e-12,0.833119,0,4.82879e-11,3.34407e-12
Hessenberg basic,917,0,0,7,1e-12,0.90715,0,4.8023e-11,3.41914e-12
Hessenberg basic,918,0,0,7,1e-12,0.88089,0,4.92802e-11,3.51376e-12
Hessenberg basic,919,0,0,7,1e-12,0.939506,0,4.80377e-11,3.78163e-12
Hessenberg basic,920,0,0,7,1e-12,0.796488,0,4.81325e-11,3.75022e-12
Hessenberg basic,921,0,0,7,1e-12,0.935721,0,4.82762e-11,3.63327e-12
Hessenberg basic,922,0,0,7,1e-12,0.910082,0,4.83456e-11,3.63767e-12
Hessenberg basic,923,0,0,7,1e-12,0.963598,0,4.89259e-11,3.6131e-12
Hessenberg basic,924,0,0,7,1e-12,0.857197,0,4.81535e-11,3.60315e-12
Hessenberg basic,925,0,0,7,1e-12,0.970613,0,4.76604e-11,3.56994e-12
Hessenberg basic,926,0,0,7,1e-12,0.91337,0,4.81678e-11,3.4996e-12
Hessenberg basic,927,0,0,7,1e-12,0.975305,0,5.01035e-11,3.55128e-12
Hessenberg basic,928,0,0,7,1e-12,0.890166,0,4.87307e-11,3.64236e-12
Hessenberg basic,929,0,0,7,1e-12,0.955637,0,5.08543e-11,3.57765e-12
Hessenberg basic,930,0,0,7,1e-12,0.941452,0,4.82169e-11,3.62001e-12
Hessenberg basic,931,0,0,7,1e-12,0.960327,0,4.84493e-11,3.74428e-12
Hessenberg basic,932,0,0,7,1e-12,0.906835,0,4.84374e-11,3.42572e-12
Hessenberg basic,933,0,0,7,1e-12,1.00742,0,4.82922e-11,3.72201e-12
Hessenberg basic,934,0,0,7,1e-12,0.957665,0,4.94503e-11,3.49422e-12
Hessenberg basic,935,0,0,7,1e-12,1.01881,0,4.84308e-11,3.47936e-12
Hessenberg basic,936,0,0,7,1e-12,0.85978,0,4.88974e-11,3.83329e-12
Hessenberg basic,937,0,0,7,1e-12,0.949217,0,4.77672e-11,3.57759e-12
Hessenberg basic,938,0,0,7,1e-12,0.957149,0,4.90195e-11,3.61207e-12
Hessenberg basic,939,0,0,7,1e-12,1.00297,0,4.82798e-11,3.765e-12
Hessenberg basic,940,0,0,7,1e-12,0.934109,0,4.87486e-11,3.74507e-12
Hessenberg basic,941,0,0,7,1e-12,1.03292,0,4.88803e-11,3.97343e-12
Hessenberg basic,942,0,0,7,1e-12,0.97898,0,4.75169e-11,3.76508e-12
Hessenberg basic,943,0,0,7,1e-12,1.05569,0,4.83919e-11,3.86115e-12
Hessenberg basic,944,0,0,7,1e-12,0.937773,0,4.78379e-11,3.71716e-12
Hessenberg basic,945,0,0,7,1e-12,1.07142,0,4.80672e-11,3.43878e-12
Hessenberg basic,946,0,0,7,1e-12,1.01497,0,4.9066e-11,3.77228e-12
Hessenberg basic,947,0,0,7,1e-12,1.06689,0,4.88226e-11,3.72024e-12
Hessenberg basic,948,0,0,7,1e-12,0.941488,0,4.82231e-11,3.98294e-12
Hessenberg basic,949,0,0,7,1e-12,1.09609,0,4.91709e-11,3.67632e-12
Hessenberg basic,950,0,0,7,1e-12,1.02996,0,4.94867e-11,3.95522e-12
Hessenberg basic,951,0,0,7,1e-12,1.06141,0,4.8519e-11,3.22605e-12
Hessenberg basic,952,0,0,7,1e-12,0.93347,0,4.79435e-11,3.72707e-12
Hessenberg basic,953,0,0,7,1e-12,1.11776,0,4.97627e-11,3.90805e-12
Hessenberg basic,954,0,0,7,1e-12,1.05824,0,4.82432e-11,3.72563e-12
Hessenberg basic,955,0,0,7,1e-12,1.12589,0,4.77962e-11,3.89288e-12
Hessenberg basic,956,0,0,7,1e-12,0.986673,0,4.81699e-11,3.68262e-12
Hessenberg basic,957,0,0,7,1e-12,1.13784,0,4.83609e-11,3.69102e-12
Hessenberg basic,958,0,0,7,1e-12,1.06449,0,4.88474e-11,3.85267e-12
Hessenberg basic,959,0,0,7,1e-12,1.12236,0,4.91771e-11,3.77559e-12
Hessenberg basic,960,0,0,7,1e-12,1.36517,0,5.1263e-11,3.78743e-12
Hessenberg basic,961,0,0,7,1e-12,1.13309,0,4.86545e-11,3.67958e-12
Hessenberg basic,962,0,0,7,1e-12,1.08011,0,4.81189e-11,3.92675e-12
Hessenberg basic,963,0,0,7,1e-12,1.18387,0,5.15059e-11,3.68575e-12
Hessenberg basic,964,0,0,7,1e-12,0.996458,0,4.79301e-11,3.96734e-12
Hessenberg basic,965,0,0,7,1e-12,1.14494,0,4.84432e-11,3.47811e-12
Hessenberg basic,966,0,0,7,1e-12,1.11875,0,4.85944e-11,3.96327e-12
Hessenberg basic,967,0,0,7,1e-12,1.13663,0,4.98798e-11,3.69554e-12
Hessenberg basic,968,0,0,7,1e-12,0.958795,0,4.81474e-11,3.54538e-12
Hessenberg basic,969,0,0,7,1e-12,1.1904,0,4.8023e-11,3.36635e-12
Hessenberg basic,970,0,0,7,1e-12,1.13441,0,4.81327e-11,3.50659e-12
Hessenberg basic,971,0,0,7,1e-12,1.18944,0,4.80714e-11,3.79695e-12
Hessenberg basic,972,0,0,7,1e-12,1.07675,0,4.84288e-11,3.52255e-12
Hessenberg basic,973,0,0,7,1e-12,1.19654,0,4.81138e-11,3.89244e-12
Hessenberg basic,974,0,0,7,1e-12,1.1432,0,4.78332e-11,3.74134e-12
Hessenberg basic,975,0,0,7,1e-12,1.22751,0,4.72994e-11,3.69665e-12
Hessenberg basic,976,0,0,7,1e-12,1.07064,0,4.79931e-11,3.28185e-12
Hessenberg basic,977,0,0,7,1e-12,1.24175,0,4.89895e-11,3.70394e-12
Hessenberg basic,978,0,0,7,1e-12,1.18676,0,4.77319e-11,3.5481e-12
Hessenberg basic,979,0,0,7,1e-12,1.23089,0,4.82734e-11,3.89306e-12
Hessenberg basic,980,0,0,7,1e-12,1.10593,0,4.85103e-11,3.80708e-12
Hessenberg basic,981,0,0,7,1e-12,1.25667,0,4.81039e-11,3.73981e-12
Hessenberg basic,982,0,0,7,1e-12,1.18015,0,4.82247e-11,3.56285e-12
Hessenberg basic,983,0,0,7,1e-12,1.25996,0,4.78592e-11,3.98018e-12
Hessenberg basic,984,0,0,7,1e-12,1.03802,0,4.77585e-11,3.71691e-12
Hessenberg basic,985,0,0,7,1e-12,1.28019,0,4.8276e-11,3.50334e-12
Hessenberg basic,986,0,0,7,1e-12,1.22892,0,4.7908e-11,3.78069e-12
Hessenberg basic,987,0,0,7,1e-12,1.27184,0,4.79427e-11,3.86555e-12
Hessenberg basic,988,0,0,7,1e-12,1.1566,0,4.77414e-11,3.59939e-12
Hessenberg basic,989,0,0,7,1e-12,1.30303,0,4.74354e-11,3.58317e-12
Hessenberg basic,990,0,0,7,1e-12,1.22896,0,4.82193e-11,3.52362e-12
Hessenberg basic,991,0,0,7,1e-12,1.29568,0,4.77935e-11,3.56652e-12
Hessenberg basic,992,0,0,7,1e-12,1.16957,0,4.82418e-11,3.92727e-12
Hessenberg basic,993,0,0,7,1e-12,1.14561,0,4.84658e-11,3.77468e-12
Hessenberg basic,994,0,0,7,1e-12,1.21827,0,4.74661e-11,3.88849e-12
Hessenberg basic,995,0,0,7,1e-12,1.31909,0,4.79648e-11,3.87023e-12
Hessenberg basic,996,0,0,7,1e-12,1.19347,0,4.77647e-11,3.72097e-12
Hessenberg basic,997,0,0,7,1e-12,1.32979,0,4.83845e-11,3.82465e-12
Hessenberg basic,998,0,0,7,1e-12,1.31004,0,4.79798e-11,3.94532e-12
Hessenberg basic,999,0,0,7,1e-12,1.33555,0,4.76519e-11,3.98579e-12
Hessenberg basic,1000,0,0,7,1e-12,1.10568,0,4.77968e-11,3.80892e-12
