version, size, hermitian, complex, seed, tol, runtime in s,min_error, max_error, avg_error
Hessenberg basic,900,0,0,3,1e-12,0.788224,0,3.04681e-11,3.15347e-12
Hessenberg basic,901,0,0,3,1e-12,0.857504,0,1.72804e-11,3.16954e-12
Hessenberg basic,902,0,0,3,1e-12,0.824161,0,2.36469e-11,3.27872e-12
Hessenberg basic,903,0,0,3,1e-12,0.920745,0,2.251e-11,3.32787e-12
Hessenberg basic,904,0,0,3,1e-12,0.77514,0,3.18323e-11,3.54065e-12
Hessenberg basic,905,0,0,3,1e-12,0.928921,0,3.9563e-11,3.3373e-12
Hessenberg basic,906,0,0,3,1e-12,0.839603,0,2.68301e-11,3.31642e-12
Hessenberg basic,907,0,0,3,1e-12,0.892337,0,2.88765e-11,3.37011e-12
Hessenberg basic,908,0,0,3,1e-12,0.814487,0,2.63753e-11,3.34357e-12
Hessenberg basic,909,0,0,3,1e-12,0.884307,0,1.81899e-11,3.24864e-12
Hessenberg basic,910,0,0,3,1e-12,0.889046,0,2.56932e-11,3.22694e-12
Hessenberg basic,911,0,0,3,1e-12,0.878691,0,2.20552e-11,3.33379e-12
Hessenberg basic,912,0,0,3,1e-12,0.790349,0,2.34195e-11,3.15331e-12
Hessenberg basic,913,0,0,3,1e-12,0.89917,0,3.11502e-11,3.91175e-12
Hessenberg basic,914,0,0,3,1e-12,0.870294,0,2.80703e-11,3.63506e-12
Hessenberg basic,915,0,0,3,1e-12,0.916823,0,3.63798e-11,3.51429e-12
Hessenberg basic,916,0,0,3,1e-12,0.83512,0,2.50111e-11,3.41824e-12
Hessenberg basic,917,0,0,3,1e-12,0.914598,0,2.36469e-11,3.36224e-12
Hessenberg basic,918,0,0,3,1e-12,0.887681,0,3.11502e-11,3.59329e-12
Hessenberg basic,919,0,0,3,1e-12,0.919272,0,2.6148e-11,3.2944e-12
Hessenberg basic,920,0,0,3,1e-12,0.796495,0,3.27418e-11,3.61705e-12
Hessenberg basic,921,0,0,3,1e-12,0.941627,0,2.27374e-11,3.46876e-12
Hessenberg basic,922,0,0,3,1e-12,0.87304,0,2.6148e-11,3.41313e-12
Hessenberg basic,923,0,0,3,1e-12,0.958714,0,3.02407e-11,3.61892e-12
Hessenberg basic,924,0,0,3,1e-12,0.861545,0,4.04725e-11,3.33749e-12
Hessenberg basic,925,0,0,3,1e-12,0.975239,0,2.70575e-11,3.32122e-12
Hessenberg basic,926,0,0,3,1e-12,0.920961,0,2.7967e-11,3.42977e-12
Hessenberg basic,927,0,0,3,1e-12,0.9554,0,2.81943e-11,3.48716e-12
Hessenberg basic,928,0,0,3,1e-12,0.90054,0,3.06954e-11,3.55565e-12
Hessenberg basic,929,0,0,3,1e-12,0.958835,0,2.84217e-11,3.18741e-12
Hessenberg basic,930,0,0,3,1e-12,0.94651,0,2.56932e-11,3.66699e-12
Hessenberg basic,931,0,0,3,1e-12,0.972469,0,1.68257e-11,3.29356e-12
Hessenberg basic,932,0,0,3,1e-12,0.887392,0,2.52385e-11,3.13714e-12
Hessenberg basic,933,0,0,3,1e-12,1.01704,0,2.95586e-11,3.45576e-12
Hessenberg basic,934,0,0,3,1e-12,0.962628,0,2.22826e-11,3.70608e-12
Hessenberg basic,935,0,0,3,1e-12,1.02422,0,2.20552e-11,3.64942e-12
Hessenberg basic,936,0,0,3,1e-12,0.864936,0,2.77396e-11,3.54945e-12
Hessenberg basic,937,0,0,3,1e-12,0.966363,0,2.27374e-11,3.25227e-12
Hessenberg basic,938,0,0,3,1e-12,0.935689,0,3.06954e-11,3.25816e-12
Hessenberg basic,939,0,0,3,1e-12,1.00775,0,2.4329e-11,3.60026e-12
Hessenberg basic,940,0,0,3,1e-12,0.938802,0,2.29647e-11,3.73041e-12
Hessenberg basic,941,0,0,3,1e-12,1.04324,0,3.22871e-11,3.45655e-12
Hessenberg basic,942,0,0,3,1e-12,0.987837,0,2.29647e-11,3.38451e-12
Hessenberg basic,943,0,0,3,1e-12,1.04231,0,2.18279e-11,3.45191e-12
Hessenberg basic,944,0,0,3,1e-12,0.942524,0,2.04636e-11,3.61517e-12
Hessenberg basic,945,0,0,3,1e-12,1.0795,0,1.90994e-11,3.25122e-12
Hessenberg basic,946,0,0,3,1e-12,1.02467,0,2.93312e-11,3.63452e-12
Hessenberg basic,947,0,0,3,1e-12,1.07692,0,2.27374e-11,3.57083e-12
Hessenberg basic,948,0,0,3,1e-12,0.949556,0,1.84176e-11,3.77976e-12
Hessenberg basic,949,0,0,3,1e-12,1.07967,0,2.13731e-11,3.66543e-12
Hessenberg basic,950,0,0,3,1e-12,1.01592,0,4.00178e-11,3.17698e-12
Hessenberg basic,951,0,0,3,1e-12,1.06902,0,3.20597e-11,3.36785e-12
Hessenberg basic,952,0,0,3,1e-12,0.927896,0,2.27175e-11,3.58516e-12
Hessenberg basic,953,0,0,3,1e-12,1.12471,0,2.28522e-11,3.48603e-12
Hessenberg basic,954,0,0,3,1e-12,1.06643,0,2.50111e-11,3.35718e-12
Hessenberg basic,955,0,0,3,1e-12,1.13222,0,2.31921e-11,3.5073e-12
Hessenberg basic,956,0,0,3,1e-12,1.00364,0,2.9786e-11,3.46191e-12
Hessenberg basic,957,0,0,3,1e-12,1.16758,0,2.18279e-11,3.6493e-12
Hessenberg basic,958,0,0,3,1e-12,1.06949,0,2.50111e-11,3.06231e-12
Hessenberg basic,959,0,0,3,1e-12,1.14425,0,4.11546e-11,3.34508e-12
Hessenberg basic,960,0,0,3,1e-12,1.38604,0,2.36895e-11,3.42182e-12
Hessenberg basic,961,0,0,3,1e-12,1.16636,0,2.52385e-11,3.75814e-12
Hessenberg basic,962,0,0,3,1e-12,1.09575,0,2.47837e-11,3.48122e-12
Hessenberg basic,963,0,0,3,1e-12,1.19418,0,1.95541e-11,3.16265e-12
Hessenberg basic,964,0,0,3,1e-12,1.00445,0,3.38787e-11,3.2083e-12
Hessenberg basic,965,0,0,3,1e-12,1.15419,0,3.47882e-11,3.49152e-12
Hessenberg basic,966,0,0,3,1e-12,1.09897,0,2.04636e-11,3.39898e-12
Hessenberg basic,967,0,0,3,1e-12,1.1413,0,2.13731e-11,3.26758e-12
Hessenberg basic,968,0,0,3,1e-12,0.972429,0,2.70575e-11,3.74359e-12
Hessenberg basic,969,0,0,3,1e-12,1.21121,0,1.97815e-11,3.37791e-12
Hessenberg basic,970,0,0,3,1e-12,1.14182,0,3.29692e-11,3.43843e-12
Hessenberg basic,971,0,0,3,1e-12,1.19478,0,3.41061e-11,3.27325e-12
Hessenberg basic,972,0,0,3,1e-12,1.05455,0,3.04681e-11,3.33087e-12
Hessenberg basic,973,0,0,3,1e-12,1.1962,0,2.22826e-11,3.47338e-12
Hessenberg basic,974,0,0,3,1e-12,1.14958,0,2.77396e-11,3.4776e-12
Hessenberg basic,975,0,0,3,1e-12,1.23049,0,2.50111e-11,3.38642e-12
Hessenberg basic,976,0,0,3,1e-12,1.08402,0,3.13776e-11,3.48968e-12
Hessenberg basic,977,0,0,3,1e-12,1.26401,0,2.47837e-11,3.38333e-12
Hessenberg basic,978,0,0,3,1e-12,1.16951,0,2.04636e-11,3.3768e-12
Hessenberg basic,979,0,0,3,1e-12,1.26312,0,2.6148e-11,3.38201e-12
Hessenberg basic,980,0,0,3,1e-12,1.11872,0,2.7967e-11,3.35464e-12
Hessenberg basic,981,0,0,3,1e-12,1.23116,0,1.84173e-11,3.48272e-12
Hessenberg basic,982,0,0,3,1e-12,1.18088,0,4.22915e-11,3.4424e-12
Hessenberg basic,983,0,0,3,1e-12,1.24434,0,3.29692e-11,3.38329e-12
Hessenberg basic,984,0,0,3,1e-12,1.04169,0,4.16094e-11,3.39878e-12
Hessenberg basic,985,0,0,3,1e-12,1.2769,0,4.1382e-11,3.44121e-12
Hessenberg basic,986,0,0,3,1e-12,1.21776,0,2.63753e-11,3.23714e-12
Hessenberg basic,987,0,0,3,1e-12,1.28323,0,2.20552e-11,3.29227e-12
Hessenberg basic,988,0,0,3,1e-12,1.16069,0,3.13776e-11,3.231e-12
Hessenberg basic,989,0,0,3,1e-12,1.3116,0,2.91038e-11,3.19651e-12
Hessenberg basic,990,0,0,3,1e-12,1.23548,0,2.81943e-11,3.42516e-12
Hessenberg basic,991,0,0,3,1e-12,1.27626,0,3.41061e-11,3.27892e-12
Hessenberg basic,992,0,0,3,1e-12,1.17592,0,2.18279e-11,3.39183e-12
Hessenberg basic,993,0,0,3,1e-12,1.15709,0,2.09184e-11,3.31502e-12
Hessenberg basic,994,0,0,3,1e-12,1.2144,0,4.27463e-11,3.38646e-12
Hessenberg basic,995,0,0,3,1e-12,1.30984,0,2.73405e-11,3.19262e-12
Hessenberg basic,996,0,0,3,1e-12,1.19371,0,2.0691e-11,3.19605e-12
Hessenberg basic,997,0,0,3,1e-12,1.31568,0,3.50155e-11,3.57427e-12
Hessenberg basic,998,0,0,3,1e-12,1.26442,0,2.70575e-11,3.22587e-12
Hessenberg basic,999,0,0,3,1e-12,1.30547,0,3.93356e-11,3.02919e-12
Hessenberg basic,1000,0,0,3,1e-12,1.10511,0,2.22826e-11,3.53308e-12
