version, size, hermitian, complex, seed, tol, runtime in s,min_error, max_error, avg_error
Hessenberg basic,900,0,0,9,1e-12,0.864034,0,2.72848e-11,3.7132e-12
Hessenberg basic,900,0,1,9,1e-12,2.6009,7.65278e-14,2.55996e-11,4.66158e-12
Hessenberg basic,901,0,0,9,1e-12,0.882871,0,2.38742e-11,3.37886e-12
Hessenberg basic,901,0,1,9,1e-12,3.2886,5.1238e-14,3.08299e-11,4.52162e-12
Hessenberg basic,902,0,0,9,1e-12,0.829462,0,2.01226e-11,3.65062e-12
Hessenberg basic,902,0,1,9,1e-12,2.83975,4.9738e-14,2.18622e-11,4.9352e-12
Hessenberg basic,903,0,0,9,1e-12,0.959761,0,2.0989e-11,3.75864e-12
Hessenberg basic,903,0,1,9,1e-12,3.22581,2.92964e-14,2.58109e-11,4.80933e-12
Hessenberg basic,904,0,0,9,1e-12,0.782342,0,2.57565e-11,3.79554e-12
Hessenberg basic,904,0,1,9,1e-12,2.75084,8.91901e-14,2.19769e-11,4.60546e-12
Hessenberg basic,905,0,0,9,1e-12,0.988616,0,2.81943e-11,4.0861e-12
Hessenberg basic,905,0,1,9,1e-12,3.47834,2.84217e-14,2.61106e-11,4.62434e-12
Hessenberg basic,906,0,0,9,1e-12,0.844917,0,2.23732e-11,3.76017e-12
Hessenberg basic,906,0,1,9,1e-12,2.92998,7.65278e-14,2.81435e-11,4.65757e-12
Hessenberg basic,907,0,0,9,1e-12,0.943297,0,4.3201e-11,4.04936e-12
Hessenberg basic,907,0,1,9,1e-12,3.41305,2.84217e-14,2.64927e-11,4.57698e-12
Hessenberg basic,908,0,0,9,1e-12,0.841549,0,3.06954e-11,3.81554e-12
Hessenberg basic,908,0,1,9,1e-12,2.68012,2.13163e-14,2.33399e-11,4.80124e-12
Hessenberg basic,909,0,0,9,1e-12,0.93937,0,4.3201e-11,4.04795e-12
Hessenberg basic,909,0,1,9,1e-12,3.29905,4.76647e-14,2.22852e-11,5.03412e-12
Hessenberg basic,910,0,0,9,1e-12,0.996191,0,2.63753e-11,3.85462e-12
Hessenberg basic,910,0,1,9,1e-12,2.9732,7.32411e-15,2.99647e-11,4.96078e-12
Hessenberg basic,911,0,0,9,1e-12,0.854545,0,2.56932e-11,3.72601e-12
Hessenberg basic,911,0,1,9,1e-12,2.72025,2.84217e-14,2.19144e-11,4.76792e-12
Hessenberg basic,912,0,0,9,1e-12,0.834393,0,2.35617e-11,3.70404e-12
Hessenberg basic,912,0,1,9,1e-12,2.72105,3.59246e-14,2.13888e-11,4.91212e-12
Hessenberg basic,913,0,0,9,1e-12,0.970777,0,3.41061e-11,3.61381e-12
Hessenberg basic,913,0,1,9,1e-12,3.33479,2.13163e-14,2.71073e-11,4.92188e-12
Hessenberg basic,914,0,0,9,1e-12,0.934528,0,2.27374e-11,3.97608e-12
Hessenberg basic,914,0,1,9,1e-12,2.98395,6.35529e-14,2.45671e-11,4.77017e-12
Hessenberg basic,915,0,0,9,1e-12,0.945725,0,2.93312e-11,3.87362e-12
Hessenberg basic,915,0,1,9,1e-12,3.41177,6.35529e-14,2.04497e-11,4.80164e-12
Hessenberg basic,916,0,0,9,1e-12,0.824616,0,2.47837e-11,4.34881e-12
Hessenberg basic,916,0,1,9,1e-12,2.71944,1.00486e-14,2.80189e-11,5.01359e-12
Hessenberg basic,917,0,0,9,1e-12,0.92843,0,2.47475e-11,3.64127e-12
Hessenberg basic,917,0,1,9,1e-12,2.95305,5.72858e-14,2.38875e-11,4.5097e-12
Hessenberg basic,918,0,0,9,1e-12,0.898548,0,2.50111e-11,3.87326e-12
Hessenberg basic,918,0,1,9,1e-12,2.94149,6.35529e-14,2.86184e-11,4.7091e-12
Hessenberg basic,919,0,0,9,1e-12,0.948602,0,3.09228e-11,4.01209e-12
Hessenberg basic,919,0,1,9,1e-12,3.5585,2.84217e-14,2.18752e-11,4.73462e-12
Hessenberg basic,920,0,0,9,1e-12,0.795067,0,2.48402e-11,3.6336e-12
Hessenberg basic,920,0,1,9,1e-12,2.76978,2.84217e-14,2.31564e-11,4.68923e-12
Hessenberg basic,921,0,0,9,1e-12,0.963292,0,2.41016e-11,3.92959e-12
Hessenberg basic,921,0,1,9,1e-12,3.49246,3.30541e-14,2.68282e-11,4.84135e-12
Hessenberg basic,922,0,0,9,1e-12,0.89424,0,1.97815e-11,3.91145e-12
Hessenberg basic,922,0,1,9,1e-12,2.97766,0,2.39642e-11,4.81951e-12
Hessenberg basic,923,0,0,9,1e-12,0.945801,0,2.18657e-11,3.84385e-12
Hessenberg basic,923,0,1,9,1e-12,3.5376,4.01944e-14,2.11424e-11,4.84708e-12
Hessenberg basic,924,0,0,9,1e-12,0.86591,0,3.18323e-11,3.89141e-12
Hessenberg basic,924,0,1,9,1e-12,2.97082,0,2.09406e-11,4.70756e-12
Hessenberg basic,925,0,0,9,1e-12,1.00315,0,2.47837e-11,3.89504e-12
Hessenberg basic,925,0,1,9,1e-12,3.74583,2.84217e-14,2.57226e-11,4.85525e-12
Hessenberg basic,926,0,0,9,1e-12,0.93685,0,2.50111e-11,4.14161e-12
Hessenberg basic,926,0,1,9,1e-12,3.05834,3.17764e-14,2.54661e-11,4.69973e-12
Hessenberg basic,927,0,0,9,1e-12,0.994429,0,2.20552e-11,3.97436e-12
Hessenberg basic,927,0,1,9,1e-12,3.66531,4.01944e-14,2.81753e-11,4.55814e-12
Hessenberg basic,928,0,0,9,1e-12,0.892766,0,1.68576e-11,3.3819e-12
Hessenberg basic,928,0,1,9,1e-12,3.55266,3.55271e-14,2.65923e-11,4.89524e-12
Hessenberg basic,929,0,0,9,1e-12,0.990329,0,2.19416e-11,3.89422e-12
Hessenberg basic,929,0,1,9,1e-12,3.65385,4.83221e-14,2.28126e-11,4.63296e-12
Hessenberg basic,930,0,0,9,1e-12,0.962091,0,2.90692e-11,4.1633e-12
Hessenberg basic,930,0,1,9,1e-12,3.08015,6.21725e-15,2.37184e-11,4.83187e-12
Hessenberg basic,931,0,0,9,1e-12,0.987878,0,2.14082e-11,3.86569e-12
Hessenberg basic,931,0,1,9,1e-12,3.81136,5.68434e-14,2.72013e-11,4.52152e-12
Hessenberg basic,932,0,0,9,1e-12,0.905555,0,2.37744e-11,3.79783e-12
Hessenberg basic,932,0,1,9,1e-12,2.92669,6.01081e-14,2.68734e-11,4.647e-12
Hessenberg basic,933,0,0,9,1e-12,1.04179,0,2.0691e-11,3.70766e-12
Hessenberg basic,933,0,1,9,1e-12,3.77448,1.83103e-14,2.10625e-11,4.92022e-12
Hessenberg basic,934,0,0,9,1e-12,1.02336,0,2.23625e-11,3.57024e-12
Hessenberg basic,934,0,1,9,1e-12,3.09627,2.27485e-14,2.27158e-11,4.68195e-12
Hessenberg basic,935,0,0,9,1e-12,1.03607,0,2.50111e-11,3.67232e-12
Hessenberg basic,935,0,1,9,1e-12,3.80243,3.82639e-14,2.94122e-11,4.59291e-12
Hessenberg basic,936,0,0,9,1e-12,0.98172,0,1.93925e-11,4.01781e-12
Hessenberg basic,936,0,1,9,1e-12,2.94682,2.84217e-14,2.63138e-11,4.60543e-12
Hessenberg basic,937,0,0,9,1e-12,0.96564,0,3.54703e-11,3.7486e-12
Hessenberg basic,937,0,1,9,1e-12,3.69869,7.24614e-14,2.50163e-11,4.87808e-12
Hessenberg basic,938,0,0,9,1e-12,0.949442,0,2.75122e-11,3.6142e-12
Hessenberg basic,938,0,1,9,1e-12,3.11687,0,2.095e-11,4.72011e-12
Hessenberg basic,939,0,0,9,1e-12,1.00391,0,2.18752e-11,3.7295e-12
Hessenberg basic,939,0,1,9,1e-12,3.62749,0,2.60522e-11,4.89139e-12
Hessenberg basic,940,0,0,9,1e-12,0.946842,0,2.07375e-11,3.58045e-12
Hessenberg basic,940,0,1,9,1e-12,3.02123,1.42109e-14,2.11424e-11,4.73287e-12
Hessenberg basic,941,0,0,9,1e-12,1.07885,0,2.04652e-11,3.48805e-12
Hessenberg basic,941,0,1,9,1e-12,3.8084,9.30894e-14,2.51953e-11,4.9538e-12
Hessenberg basic,942,0,0,9,1e-12,0.999183,0,2.84217e-11,3.70449e-12
Hessenberg basic,942,0,1,9,1e-12,3.24477,2.84217e-14,2.7815e-11,4.95629e-12
Hessenberg basic,943,0,0,9,1e-12,1.06394,0,2.09184e-11,3.58161e-12
Hessenberg basic,943,0,1,9,1e-12,3.89828,6.99653e-14,2.74042e-11,4.88153e-12
Hessenberg basic,944,0,0,9,1e-12,0.94202,0,1.90994e-11,3.64344e-12
Hessenberg basic,944,0,1,9,1e-12,3.07558,1.42109e-14,2.5357e-11,4.76063e-12
Hessenberg basic,945,0,0,9,1e-12,1.1076,0,2.261e-11,3.79219e-12
Hessenberg basic,945,0,1,9,1e-12,3.90477,5.72858e-14,2.34582e-11,5.13145e-12
Hessenberg basic,946,0,0,9,1e-12,1.02994,0,2.04636e-11,3.42196e-12
Hessenberg basic,946,0,1,9,1e-12,3.23011,1.42109e-14,2.17145e-11,4.80127e-12
Hessenberg basic,947,0,0,9,1e-12,1.09346,0,1.95541e-11,3.76487e-12
Hessenberg basic,947,0,1,9,1e-12,3.67891,6.07088e-14,2.1389e-11,4.58418e-12
Hessenberg basic,948,0,0,9,1e-12,0.9547,0,2.46585e-11,3.65915e-12
Hessenberg basic,948,0,1,9,1e-12,3.0831,7.10543e-15,3.40643e-11,4.75214e-12
Hessenberg basic,949,0,0,9,1e-12,1.08852,0,2.07397e-11,3.94838e-12
Hessenberg basic,949,0,1,9,1e-12,3.91271,5.72858e-14,3.45724e-11,4.89604e-12
Hessenberg basic,950,0,0,9,1e-12,1.01012,0,2.11326e-11,4.14497e-12
Hessenberg basic,950,0,1,9,1e-12,3.26499,2.13163e-14,2.80933e-11,4.86411e-12
Hessenberg basic,951,0,0,9,1e-12,1.06659,0,1.81899e-11,3.55938e-12
Hessenberg basic,951,0,1,9,1e-12,4.45098,5.85929e-14,2.68586e-11,4.60618e-12
Hessenberg basic,952,0,0,9,1e-12,1.06052,0,1.84173e-11,3.6926e-12
Hessenberg basic,952,0,1,9,1e-12,3.52557,2.00972e-14,2.50421e-11,4.90706e-12
Hessenberg basic,953,0,0,9,1e-12,1.28125,0,2.7531e-11,3.55066e-12
Hessenberg basic,953,0,1,9,1e-12,3.91118,0,2.44828e-11,4.60615e-12
Hessenberg basic,954,0,0,9,1e-12,1.15086,0,2.38742e-11,3.78308e-12
Hessenberg basic,954,0,1,9,1e-12,3.45836,0,2.43207e-11,4.84595e-12
Hessenberg basic,955,0,0,9,1e-12,1.43718,0,2.41016e-11,3.6988e-12
Hessenberg basic,955,0,1,9,1e-12,4.20324,0,2.61044e-11,4.54024e-12
Hessenberg basic,956,0,0,9,1e-12,1.04511,0,2.02363e-11,3.64078e-12
Hessenberg basic,956,0,1,9,1e-12,3.39096,5.68434e-14,2.13865e-11,4.69598e-12
Hessenberg basic,957,0,0,9,1e-12,1.24509,0,1.97988e-11,3.64435e-12
Hessenberg basic,957,0,1,9,1e-12,4.26621,6.28539e-14,2.20552e-11,4.68549e-12
Hessenberg basic,958,0,0,9,1e-12,1.15314,0,2.25596e-11,3.75291e-12
Hessenberg basic,958,0,1,9,1e-12,3.46414,5.98253e-14,2.87849e-11,4.90655e-12
Hessenberg basic,959,0,0,9,1e-12,1.22769,0,2.11458e-11,3.79313e-12
Hessenberg basic,959,0,1,9,1e-12,3.99128,0,2.45313e-11,4.56045e-12
Hessenberg basic,960,0,0,9,1e-12,1.47241,0,2.43473e-11,3.78433e-12
Hessenberg basic,960,0,1,9,1e-12,4.1284,3.77659e-14,2.94754e-11,4.77802e-12
Hessenberg basic,961,0,0,9,1e-12,1.24376,0,2.81943e-11,4.17359e-12
Hessenberg basic,961,0,1,9,1e-12,4.22294,2.27485e-14,2.46537e-11,4.6895e-12
Hessenberg basic,962,0,0,9,1e-12,1.09947,0,2.8561e-11,3.74835e-12
Hessenberg basic,962,0,1,9,1e-12,3.34445,1.42109e-14,2.23051e-11,4.62246e-12
Hessenberg basic,963,0,0,9,1e-12,1.2086,0,2.33292e-11,4.09477e-12
Hessenberg basic,963,0,1,9,1e-12,4.18505,7.61195e-14,1.96202e-11,4.71911e-12
Hessenberg basic,964,0,0,9,1e-12,0.93838,0,2.4329e-11,3.96746e-12
Hessenberg basic,964,0,1,9,1e-12,2.95817,5.68434e-14,2.29316e-11,4.72448e-12
Hessenberg basic,965,0,0,9,1e-12,1.14707,0,2.43802e-11,3.79145e-12
Hessenberg basic,965,0,1,9,1e-12,3.96746,0,2.35527e-11,4.73615e-12
Hessenberg basic,966,0,0,9,1e-12,1.09596,0,2.41016e-11,3.94449e-12
Hessenberg basic,966,0,1,9,1e-12,3.39572,2.30926e-14,1.94428e-11,4.60908e-12
Hessenberg basic,967,0,0,9,1e-12,1.11304,0,2.38742e-11,4.30436e-12
Hessenberg basic,967,0,1,9,1e-12,4.12716,5.1238e-14,2.41028e-11,4.5923e-12
Hessenberg basic,968,0,0,9,1e-12,0.985941,0,2.72006e-11,3.95293e-12
Hessenberg basic,968,0,1,9,1e-12,3.26657,4.9738e-14,2.74908e-11,4.81099e-12
Hessenberg basic,969,0,0,9,1e-12,1.18793,0,2.11458e-11,3.72277e-12
Hessenberg basic,969,0,1,9,1e-12,4.22956,0,2.33206e-11,4.92592e-12
Hessenberg basic,970,0,0,9,1e-12,1.13126,0,2.52385e-11,3.60925e-12
Hessenberg basic,970,0,1,9,1e-12,3.46398,5.1238e-14,2.74972e-11,4.58302e-12
Hessenberg basic,971,0,0,9,1e-12,1.18453,0,2.18279e-11,3.68242e-12
Hessenberg basic,971,0,1,9,1e-12,4.23506,0,3.14715e-11,4.66693e-12
Hessenberg basic,972,0,0,9,1e-12,1.05785,0,2.29118e-11,3.95779e-12
Hessenberg basic,972,0,1,9,1e-12,3.41332,7.10543e-14,2.6854e-11,4.69445e-12
Hessenberg basic,973,0,0,9,1e-12,1.19841,0,2.59206e-11,3.93259e-12
Hessenberg basic,973,0,1,9,1e-12,4.05348,2.84217e-14,2.75214e-11,4.58625e-12
Hessenberg basic,974,0,0,9,1e-12,1.14735,0,3.31966e-11,3.81091e-12
Hessenberg basic,974,0,1,9,1e-12,3.55507,0,2.45777e-11,4.60965e-12
Hessenberg basic,975,0,0,9,1e-12,1.25921,0,2.4329e-11,3.76236e-12
Hessenberg basic,975,0,1,9,1e-12,4.32675,1.42109e-14,2.81386e-11,4.63428e-12
Hessenberg basic,976,0,0,9,1e-12,1.09866,0,2.41595e-11,3.8574e-12
Hessenberg basic,976,0,1,9,1e-12,3.79331,2.84217e-14,2.26442e-11,4.67259e-12
Hessenberg basic,977,0,0,9,1e-12,1.23704,0,2.70575e-11,3.66012e-12
Hessenberg basic,977,0,1,9,1e-12,4.30574,1.06581e-14,2.41937e-11,4.47381e-12
Hessenberg basic,978,0,0,9,1e-12,1.20182,0,1.97815e-11,3.8101e-12
Hessenberg basic,978,0,1,9,1e-12,3.69274,4.49387e-14,2.60313e-11,4.57841e-12
Hessenberg basic,979,0,0,9,1e-12,1.26614,0,3.09228e-11,3.89589e-12
Hessenberg basic,979,0,1,9,1e-12,4.26954,5.68712e-14,2.0328e-11,4.63135e-12
Hessenberg basic,980,0,0,9,1e-12,1.09668,0,2.13731e-11,3.64241e-12
Hessenberg basic,980,0,1,9,1e-12,3.40164,7.10543e-15,2.61954e-11,4.69069e-12
Hessenberg basic,981,0,0,9,1e-12,1.23249,0,1.94338e-11,3.49338e-12
Hessenberg basic,981,0,1,9,1e-12,4.22587,3.17764e-14,2.34198e-11,4.76156e-12
Hessenberg basic,982,0,0,9,1e-12,1.18062,0,2.00089e-11,3.68153e-12
Hessenberg basic,982,0,1,9,1e-12,3.60448,2.86429e-14,2.85363e-11,4.65755e-12
Hessenberg basic,983,0,0,9,1e-12,1.31726,0,2.70575e-11,3.75581e-12
Hessenberg basic,983,0,1,9,1e-12,4.49528,0,2.42182e-11,4.6082e-12
Hessenberg basic,984,0,0,9,1e-12,1.04208,0,2.41498e-11,3.80981e-12
Hessenberg basic,984,0,1,9,1e-12,3.37633,5.70927e-14,3.74221e-11,4.86786e-12
Hessenberg basic,985,0,0,9,1e-12,1.26901,0,3.97904e-11,3.99066e-12
Hessenberg basic,985,0,1,9,1e-12,4.4202,2.84217e-14,3.28121e-11,4.7523e-12
Hessenberg basic,986,0,0,9,1e-12,1.24023,0,2.59206e-11,3.56661e-12
Hessenberg basic,986,0,1,9,1e-12,3.84835,3.49902e-14,3.23359e-11,4.6772e-12
Hessenberg basic,987,0,0,9,1e-12,1.31561,0,2.70575e-11,3.91213e-12
Hessenberg basic,987,0,1,9,1e-12,4.39832,4.27803e-14,2.60571e-11,4.67734e-12
Hessenberg basic,988,0,0,9,1e-12,1.13895,0,2.36469e-11,3.59561e-12
Hessenberg basic,988,0,1,9,1e-12,3.44471,3.55271e-14,2.36512e-11,4.7558e-12
Hessenberg basic,989,0,0,9,1e-12,1.3146,0,2.31921e-11,3.81634e-12
Hessenberg basic,989,0,1,9,1e-12,4.57919,1.58882e-14,3.10712e-11,4.73335e-12
Hessenberg basic,990,0,0,9,1e-12,1.25441,0,2.41016e-11,3.66734e-12
Hessenberg basic,990,0,1,9,1e-12,3.72437,0,2.28853e-11,4.41446e-12
Hessenberg basic,991,0,0,9,1e-12,1.30163,0,2.63753e-11,3.49779e-12
Hessenberg basic,991,0,1,9,1e-12,4.57034,5.68434e-14,2.12777e-11,4.73504e-12
Hessenberg basic,992,0,0,9,1e-12,1.17429,0,2.18849e-11,3.61941e-12
Hessenberg basic,992,0,1,9,1e-12,4.4374,3.17764e-14,2.13139e-11,4.62513e-12
Hessenberg basic,993,0,0,9,1e-12,1.13965,0,2.47837e-11,3.46306e-12
Hessenberg basic,993,0,1,9,1e-12,4.25213,4.54969e-14,2.78626e-11,4.80964e-12
Hessenberg basic,994,0,0,9,1e-12,1.18939,0,2.16005e-11,3.5011e-12
Hessenberg basic,994,0,1,9,1e-12,3.75439,1.42109e-14,2.65366e-11,4.76536e-12
Hessenberg basic,995,0,0,9,1e-12,1.34499,0,2.63753e-11,3.70547e-12
Hessenberg basic,995,0,1,9,1e-12,4.6852,4.27803e-14,2.40081e-11,4.77306e-12
Hessenberg basic,996,0,0,9,1e-12,1.15682,0,3.47882e-11,3.73565e-12
Hessenberg basic,996,0,1,9,1e-12,3.47788,0,2.15766e-11,4.61958e-12
Hessenberg basic,997,0,0,9,1e-12,1.31901,0,2.40471e-11,3.99159e-12
Hessenberg basic,997,0,1,9,1e-12,4.74216,5.08749e-14,2.77789e-11,4.55377e-12
Hessenberg basic,998,0,0,9,1e-12,1.26944,0,3.11365e-11,4.01915e-12
Hessenberg basic,998,0,1,9,1e-12,3.76756,9.95394e-14,2.64206e-11,4.48375e-12
Hessenberg basic,999,0,0,9,1e-12,1.3168,0,1.99429e-11,3.88701e-12
Hessenberg basic,999,0,1,9,1e-12,4.56586,2.13163e-14,2.28626e-11,4.61275e-12
Hessenberg basic,1000,0,0,9,1e-12,1.09342,0,2.22826e-11,3.80026e-12
Hessenberg basic,1000,0,1,9,1e-12,3.60645,0,2.36121e-11,4.48361e-12
