version, size, hermitian, complex, seed, tol, runtime in s,min_error, max_error, avg_error
Hessenberg basic,900,0,0,6,1e-12,0.778843,0,1.93268e-11,3.82657e-12
Hessenberg basic,900,0,1,6,1e-12,2.45003,3.17764e-14,2.23396e-11,4.6545e-12
Hessenberg basic,901,0,0,6,1e-12,0.831076,0,2.49335e-11,3.55907e-12
Hessenberg basic,901,0,1,6,1e-12,3.18552,3.55271e-14,2.31173e-11,4.6822e-12
Hessenberg basic,902,0,0,6,1e-12,0.791032,0,2.56932e-11,3.62222e-12
Hessenberg basic,902,0,1,6,1e-12,2.66443,7.32034e-14,2.4107e-11,4.59336e-12
Hessenberg basic,903,0,0,6,1e-12,0.848695,0,4.25189e-11,3.58856e-12
Hessenberg basic,903,0,1,6,1e-12,3.08551,2.84217e-14,2.19875e-11,4.53543e-12
Hessenberg basic,904,0,0,6,1e-12,0.72131,0,2.10427e-11,3.64827e-12
Hessenberg basic,904,0,1,6,1e-12,2.57291,6.39488e-14,2.87212e-11,4.66003e-12
Hessenberg basic,905,0,0,6,1e-12,0.863911,0,2.00089e-11,3.45543e-12
Hessenberg basic,905,0,1,6,1e-12,3.2392,0,2.43035e-11,4.35841e-12
Hessenberg basic,906,0,0,6,1e-12,0.824076,0,2.6148e-11,3.45145e-12
Hessenberg basic,906,0,1,6,1e-12,2.73298,4.49387e-14,2.22373e-11,4.4501e-12
Hessenberg basic,907,0,0,6,1e-12,0.858522,0,2.13731e-11,3.58083e-12
Hessenberg basic,907,0,1,6,1e-12,3.2134,5.85929e-14,2.59029e-11,4.65744e-12
Hessenberg basic,908,0,0,6,1e-12,0.776781,0,1.73062e-11,3.34969e-12
Hessenberg basic,908,0,1,6,1e-12,2.61901,0,2.10133e-11,4.55402e-12
Hessenberg basic,909,0,0,6,1e-12,0.924973,0,2.75122e-11,3.74185e-12
Hessenberg basic,909,0,1,6,1e-12,3.28604,9.90734e-14,2.66932e-11,4.69265e-12
Hessenberg basic,910,0,0,6,1e-12,0.930423,0,2.22925e-11,4.04618e-12
Hessenberg basic,910,0,1,6,1e-12,2.87445,2.84217e-14,2.13102e-11,4.43949e-12
Hessenberg basic,911,0,0,6,1e-12,0.830653,0,2.11458e-11,3.78777e-12
Hessenberg basic,911,0,1,6,1e-12,2.55287,2.84217e-14,3.07089e-11,4.74952e-12
Hessenberg basic,912,0,0,6,1e-12,0.803987,0,2.75122e-11,3.72588e-12
Hessenberg basic,912,0,1,6,1e-12,2.68287,1.58882e-14,3.12721e-11,4.78932e-12
Hessenberg basic,913,0,0,6,1e-12,0.911876,0,2.31921e-11,3.40892e-12
Hessenberg basic,913,0,1,6,1e-12,3.21842,6.07088e-14,2.1651e-11,4.65564e-12
Hessenberg basic,914,0,0,6,1e-12,0.855355,0,2.81943e-11,3.71763e-12
Hessenberg basic,914,0,1,6,1e-12,2.84406,7.10543e-14,3.14412e-11,4.74195e-12
Hessenberg basic,915,0,0,6,1e-12,0.89415,0,2.52385e-11,3.35351e-12
Hessenberg basic,915,0,1,6,1e-12,3.2326,3.82639e-14,3.32339e-11,4.74853e-12
Hessenberg basic,916,0,0,6,1e-12,0.809793,0,2.41016e-11,3.31432e-12
Hessenberg basic,916,0,1,6,1e-12,2.64858,6.35529e-14,2.55696e-11,4.60962e-12
Hessenberg basic,917,0,0,6,1e-12,0.897832,0,2.88765e-11,3.38618e-12
Hessenberg basic,917,0,1,6,1e-12,2.89757,1.42109e-14,1.98952e-11,4.64333e-12
Hessenberg basic,918,0,0,6,1e-12,0.8759,0,2.37924e-11,3.83175e-12
Hessenberg basic,918,0,1,6,1e-12,2.86018,3.59246e-14,2.95894e-11,4.46849e-12
Hessenberg basic,919,0,0,6,1e-12,0.922631,0,3.52429e-11,3.4909e-12
Hessenberg basic,919,0,1,6,1e-12,3.45756,4.01944e-14,2.18353e-11,4.64406e-12
Hessenberg basic,920,0,0,6,1e-12,0.781128,0,2.36469e-11,3.86667e-12
Hessenberg basic,920,0,1,6,1e-12,2.83117,2.84217e-14,2.07459e-11,4.62586e-12
Hessenberg basic,921,0,0,6,1e-12,0.939479,0,2.59635e-11,3.58052e-12
Hessenberg basic,921,0,1,6,1e-12,3.45522,3.19744e-14,3.0144e-11,4.59856e-12
Hessenberg basic,922,0,0,6,1e-12,0.886269,0,2.02545e-11,3.75941e-12
Hessenberg basic,922,0,1,6,1e-12,2.8756,3.90799e-14,2.47409e-11,4.64416e-12
Hessenberg basic,923,0,0,6,1e-12,0.909218,0,2.00089e-11,3.21961e-12
Hessenberg basic,923,0,1,6,1e-12,3.50799,0,2.27842e-11,4.50916e-12
Hessenberg basic,924,0,0,6,1e-12,0.847155,0,2.18279e-11,3.83036e-12
Hessenberg basic,924,0,1,6,1e-12,2.74425,7.10543e-15,2.07837e-11,4.68087e-12
Hessenberg basic,925,0,0,6,1e-12,0.95375,0,2.11458e-11,3.67312e-12
Hessenberg basic,925,0,1,6,1e-12,3.68206,3.17764e-14,2.41554e-11,4.62788e-12
Hessenberg basic,926,0,0,6,1e-12,0.90983,0,1.69367e-11,3.26921e-12
Hessenberg basic,926,0,1,6,1e-12,2.96628,0,2.16435e-11,4.41832e-12
Hessenberg basic,927,0,0,6,1e-12,0.957133,0,2.02682e-11,3.67743e-12
Hessenberg basic,927,0,1,6,1e-12,3.59483,4.76647e-14,2.76165e-11,4.38315e-12
Hessenberg basic,928,0,0,6,1e-12,0.877426,0,2.6148e-11,3.96282e-12
Hessenberg basic,928,0,1,6,1e-12,3.49678,0,2.55479e-11,4.57154e-12
Hessenberg basic,929,0,0,6,1e-12,0.965725,0,2.37712e-11,3.6979e-12
Hessenberg basic,929,0,1,6,1e-12,3.72207,2.5619e-14,2.45383e-11,4.66387e-12
Hessenberg basic,930,0,0,6,1e-12,0.933323,0,2.02363e-11,3.52272e-12
Hessenberg basic,930,0,1,6,1e-12,3.04278,8.29389e-14,2.45577e-11,4.68795e-12
Hessenberg basic,931,0,0,6,1e-12,0.965124,0,2.251e-11,3.66434e-12
Hessenberg basic,931,0,1,6,1e-12,3.75764,2.84217e-14,2.21721e-11,4.44013e-12
Hessenberg basic,932,0,0,6,1e-12,0.89662,0,2.54659e-11,3.66972e-12
Hessenberg basic,932,0,1,6,1e-12,2.83361,6.52192e-14,2.23304e-11,4.78897e-12
Hessenberg basic,933,0,0,6,1e-12,1.00554,0,1.50067e-11,3.52105e-12
Hessenberg basic,933,0,1,6,1e-12,3.68933,1.42109e-14,2.01084e-11,4.38215e-12
Hessenberg basic,934,0,0,6,1e-12,0.949929,0,2.72848e-11,3.78164e-12
Hessenberg basic,934,0,1,6,1e-12,3.00976,2.84217e-14,2.19743e-11,4.7187e-12
Hessenberg basic,935,0,0,6,1e-12,1.05163,0,2.63753e-11,3.82193e-12
Hessenberg basic,935,0,1,6,1e-12,3.74749,6.27597e-14,2.50692e-11,4.46022e-12
Hessenberg basic,936,0,0,6,1e-12,0.857892,0,2.22826e-11,3.59572e-12
Hessenberg basic,936,0,1,6,1e-12,2.88968,5.68434e-14,2.53705e-11,4.60155e-12
Hessenberg basic,937,0,0,6,1e-12,0.962053,0,2.18279e-11,3.48912e-12
Hessenberg basic,937,0,1,6,1e-12,3.61434,2.92964e-14,2.72054e-11,4.68926e-12
Hessenberg basic,938,0,0,6,1e-12,0.942802,0,1.93268e-11,3.49824e-12
Hessenberg basic,938,0,1,6,1e-12,3.03923,4.01944e-14,2.39059e-11,4.76573e-12
Hessenberg basic,939,0,0,6,1e-12,0.993571,0,2.20552e-11,3.40353e-12
Hessenberg basic,939,0,1,6,1e-12,3.53117,5.85929e-14,2.13573e-11,4.70523e-12
Hessenberg basic,940,0,0,6,1e-12,0.917418,0,2.20172e-11,3.3406e-12
Hessenberg basic,940,0,1,6,1e-12,2.87589,5.68434e-14,2.46447e-11,4.72963e-12
Hessenberg basic,941,0,0,6,1e-12,1.02004,0,2.50111e-11,3.57995e-12
Hessenberg basic,941,0,1,6,1e-12,3.78754,7.10543e-15,2.96398e-11,4.81516e-12
Hessenberg basic,942,0,0,6,1e-12,0.977845,0,2.27374e-11,3.61389e-12
Hessenberg basic,942,0,1,6,1e-12,3.14188,6.35529e-14,2.28946e-11,4.70044e-12
Hessenberg basic,943,0,0,6,1e-12,1.03443,0,2.04665e-11,3.4371e-12
Hessenberg basic,943,0,1,6,1e-12,3.86367,4.26326e-14,2.26748e-11,4.59447e-12
Hessenberg basic,944,0,0,6,1e-12,0.938561,0,3.45608e-11,3.73721e-12
Hessenberg basic,944,0,1,6,1e-12,3.06447,2.86429e-14,2.82221e-11,4.69665e-12
Hessenberg basic,945,0,0,6,1e-12,1.07427,0,2.21483e-11,3.70186e-12
Hessenberg basic,945,0,1,6,1e-12,3.90705,5.68434e-14,2.36693e-11,4.726e-12
Hessenberg basic,946,0,0,6,1e-12,1.00812,0,2.4329e-11,3.62712e-12
Hessenberg basic,946,0,1,6,1e-12,3.23153,2.84217e-14,2.12932e-11,4.81461e-12
Hessenberg basic,947,0,0,6,1e-12,1.09763,0,2.31921e-11,3.50651e-12
Hessenberg basic,947,0,1,6,1e-12,3.73308,4.26326e-14,2.68403e-11,4.53438e-12
Hessenberg basic,948,0,0,6,1e-12,0.956557,0,2.04636e-11,3.83109e-12
Hessenberg basic,948,0,1,6,1e-12,3.10261,0,2.73549e-11,4.69019e-12
Hessenberg basic,949,0,0,6,1e-12,1.10121,0,2.45564e-11,3.30466e-12
Hessenberg basic,949,0,1,6,1e-12,3.81612,3.55271e-14,2.37712e-11,4.72947e-12
Hessenberg basic,950,0,0,6,1e-12,1.01091,0,2.28214e-11,3.78185e-12
Hessenberg basic,950,0,1,6,1e-12,3.24619,4.32206e-14,2.23146e-11,4.51447e-12
Hessenberg basic,951,0,0,6,1e-12,1.05337,0,2.78406e-11,3.52733e-12
Hessenberg basic,951,0,1,6,1e-12,3.99785,4.27803e-14,2.43961e-11,4.68177e-12
Hessenberg basic,952,0,0,6,1e-12,0.917342,0,2.09289e-11,3.57387e-12
Hessenberg basic,952,0,1,6,1e-12,3.16841,2.00972e-14,2.88391e-11,4.75866e-12
Hessenberg basic,953,0,0,6,1e-12,1.14101,0,1.88165e-11,3.80302e-12
Hessenberg basic,953,0,1,6,1e-12,3.87431,3.17764e-14,2.50021e-11,4.81977e-12
Hessenberg basic,954,0,0,6,1e-12,1.08479,0,2.16005e-11,3.7736e-12
Hessenberg basic,954,0,1,6,1e-12,3.60057,8.64413e-14,2.11995e-11,4.80661e-12
Hessenberg basic,955,0,0,6,1e-12,1.3232,0,2.6148e-11,3.75307e-12
Hessenberg basic,955,0,1,6,1e-12,4.22651,1.42109e-14,2.18224e-11,4.44965e-12
Hessenberg basic,956,0,0,6,1e-12,1.01718,0,1.90333e-11,3.81138e-12
Hessenberg basic,956,0,1,6,1e-12,3.28625,5.1238e-14,2.86635e-11,4.6761e-12
Hessenberg basic,957,0,0,6,1e-12,1.1748,0,2.00089e-11,3.54462e-12
Hessenberg basic,957,0,1,6,1e-12,4.3091,1.48886e-14,2.6044e-11,4.82557e-12
Hessenberg basic,958,0,0,6,1e-12,1.05891,0,2.44287e-11,3.66484e-12
Hessenberg basic,958,0,1,6,1e-12,3.3865,4.32206e-14,2.35954e-11,4.70437e-12
Hessenberg basic,959,0,0,6,1e-12,1.13404,0,2.56932e-11,3.56513e-12
Hessenberg basic,959,0,1,6,1e-12,4.15813,0,2.38048e-11,4.62465e-12
Hessenberg basic,960,0,0,6,1e-12,1.44036,0,2.8204e-11,3.56487e-12
Hessenberg basic,960,0,1,6,1e-12,4.477,5.85929e-14,3.51851e-11,4.74314e-12
Hessenberg basic,961,0,0,6,1e-12,1.15303,0,2.4329e-11,3.83088e-12
Hessenberg basic,961,0,1,6,1e-12,3.93631,5.1238e-14,2.29278e-11,4.85398e-12
Hessenberg basic,962,0,0,6,1e-12,1.15888,0,2.11458e-11,3.60112e-12
Hessenberg basic,962,0,1,6,1e-12,3.48301,2.5619e-14,1.89339e-11,4.65235e-12
Hessenberg basic,963,0,0,6,1e-12,1.21843,0,1.99001e-11,3.65908e-12
Hessenberg basic,963,0,1,6,1e-12,4.21439,0,2.30131e-11,4.73329e-12
Hessenberg basic,964,0,0,6,1e-12,1.05442,0,2.59206e-11,3.55418e-12
Hessenberg basic,964,0,1,6,1e-12,2.92339,9.09939e-14,3.06348e-11,4.47566e-12
Hessenberg basic,965,0,0,6,1e-12,1.19685,0,2.47856e-11,3.87073e-12
Hessenberg basic,965,0,1,6,1e-12,3.91676,3.37508e-14,2.31263e-11,4.55609e-12
Hessenberg basic,966,0,0,6,1e-12,1.09237,0,2.251e-11,3.65363e-12
Hessenberg basic,966,0,1,6,1e-12,3.38903,2.84217e-14,2.46008e-11,4.60709e-12
Hessenberg basic,967,0,0,6,1e-12,1.10998,0,1.92614e-11,3.47653e-12
Hessenberg basic,967,0,1,6,1e-12,4.19212,4.9738e-14,2.55995e-11,4.63515e-12
Hessenberg basic,968,0,0,6,1e-12,0.952858,0,2.81943e-11,4.0291e-12
Hessenberg basic,968,0,1,6,1e-12,3.21712,5.68434e-14,2.41766e-11,4.58583e-12
Hessenberg basic,969,0,0,6,1e-12,1.1789,0,2.39736e-11,3.56373e-12
Hessenberg basic,969,0,1,6,1e-12,4.23291,4.01944e-14,2.6784e-11,4.6232e-12
Hessenberg basic,970,0,0,6,1e-12,1.12896,0,2.80017e-11,3.53969e-12
Hessenberg basic,970,0,1,6,1e-12,3.43974,6.35529e-14,2.59248e-11,4.57707e-12
Hessenberg basic,971,0,0,6,1e-12,1.16338,0,1.95574e-11,3.61446e-12
Hessenberg basic,971,0,1,6,1e-12,4.16569,2.13163e-14,2.35949e-11,4.61292e-12
Hessenberg basic,972,0,0,6,1e-12,1.04669,0,2.18944e-11,3.88051e-12
Hessenberg basic,972,0,1,6,1e-12,3.23741,6.03961e-14,2.05896e-11,4.74454e-12
Hessenberg basic,973,0,0,6,1e-12,1.19815,0,2.67664e-11,3.98654e-12
Hessenberg basic,973,0,1,6,1e-12,4.12309,0,2.57003e-11,4.75579e-12
Hessenberg basic,974,0,0,6,1e-12,1.13644,0,2.33576e-11,3.61921e-12
Hessenberg basic,974,0,1,6,1e-12,3.51434,3.44906e-14,3.11247e-11,4.7591e-12
Hessenberg basic,975,0,0,6,1e-12,1.21747,0,2.54659e-11,3.70692e-12
Hessenberg basic,975,0,1,6,1e-12,4.23995,0,2.11878e-11,4.53224e-12
Hessenberg basic,976,0,0,6,1e-12,1.06507,0,2.32244e-11,3.98326e-12
Hessenberg basic,976,0,1,6,1e-12,3.4177,2.84217e-14,2.67268e-11,4.55655e-12
Hessenberg basic,977,0,0,6,1e-12,1.23048,0,2.56932e-11,3.72909e-12
Hessenberg basic,977,0,1,6,1e-12,4.21995,3.19775e-14,3.35607e-11,5.00424e-12
Hessenberg basic,978,0,0,6,1e-12,1.15605,0,2.34294e-11,3.79094e-12
Hessenberg basic,978,0,1,6,1e-12,3.58867,0,2.13976e-11,4.7677e-12
Hessenberg basic,979,0,0,6,1e-12,1.2258,0,1.96713e-11,3.91764e-12
Hessenberg basic,979,0,1,6,1e-12,4.24444,5.7834e-14,2.9792e-11,4.82177e-12
Hessenberg basic,980,0,0,6,1e-12,1.08163,0,2.4329e-11,3.6594e-12
Hessenberg basic,980,0,1,6,1e-12,3.34274,7.10543e-15,2.55391e-11,4.76272e-12
Hessenberg basic,981,0,0,6,1e-12,1.22823,0,2.53295e-11,3.9118e-12
Hessenberg basic,981,0,1,6,1e-12,4.23627,1.20711e-13,3.43336e-11,4.86903e-12
Hessenberg basic,982,0,0,6,1e-12,1.1738,0,2.12871e-11,3.74813e-12
Hessenberg basic,982,0,1,6,1e-12,3.554,6.99803e-14,2.42995e-11,4.82728e-12
Hessenberg basic,983,0,0,6,1e-12,1.31311,0,2.91038e-11,4.0019e-12
Hessenberg basic,983,0,1,6,1e-12,4.60468,5.42298e-14,2.34881e-11,4.74245e-12
Hessenberg basic,984,0,0,6,1e-12,1.03465,0,2.36469e-11,3.69715e-12
Hessenberg basic,984,0,1,6,1e-12,3.37198,5.68434e-14,3.21396e-11,4.60821e-12
Hessenberg basic,985,0,0,6,1e-12,1.27163,0,2.21147e-11,3.76224e-12
Hessenberg basic,985,0,1,6,1e-12,4.48333,4.01944e-14,2.68127e-11,4.81272e-12
Hessenberg basic,986,0,0,6,1e-12,1.22417,0,2.13731e-11,3.62882e-12
Hessenberg basic,986,0,1,6,1e-12,3.66899,3.55271e-14,2.47077e-11,4.79054e-12
Hessenberg basic,987,0,0,6,1e-12,1.27605,0,3.06954e-11,3.77474e-12
Hessenberg basic,987,0,1,6,1e-12,4.365,7.16668e-15,2.1966e-11,4.59937e-12
Hessenberg basic,988,0,0,6,1e-12,1.1323,0,1.91021e-11,3.72866e-12
Hessenberg basic,988,0,1,6,1e-12,3.43194,1.42109e-14,2.48499e-11,4.75022e-12
Hessenberg basic,989,0,0,6,1e-12,1.3039,0,3.11189e-11,3.57927e-12
Hessenberg basic,989,0,1,6,1e-12,4.61271,1.24345e-14,2.19125e-11,4.69874e-12
Hessenberg basic,990,0,0,6,1e-12,1.22295,0,2.32453e-11,3.93222e-12
Hessenberg basic,990,0,1,6,1e-12,3.70924,4.01944e-14,2.78171e-11,4.75828e-12
Hessenberg basic,991,0,0,6,1e-12,1.29443,0,2.0691e-11,3.7475e-12
Hessenberg basic,991,0,1,6,1e-12,4.56481,2.61239e-14,2.56935e-11,4.88694e-12
Hessenberg basic,992,0,0,6,1e-12,1.15892,0,2.47503e-11,4.00572e-12
Hessenberg basic,992,0,1,6,1e-12,4.51491,5.68434e-14,2.68773e-11,4.90708e-12
Hessenberg basic,993,0,0,6,1e-12,1.12305,0,1.92609e-11,3.81018e-12
Hessenberg basic,993,0,1,6,1e-12,4.27556,2.24693e-14,3.53915e-11,4.88969e-12
Hessenberg basic,994,0,0,6,1e-12,1.17516,0,2.34195e-11,3.70222e-12
Hessenberg basic,994,0,1,6,1e-12,3.7579,2.00972e-14,2.49234e-11,4.79e-12
Hessenberg basic,995,0,0,6,1e-12,1.31216,0,2.70575e-11,3.88065e-12
Hessenberg basic,995,0,1,6,1e-12,4.68378,7.98373e-14,3.50893e-11,4.90087e-12
Hessenberg basic,996,0,0,6,1e-12,1.15761,0,2.48362e-11,3.82767e-12
Hessenberg basic,996,0,1,6,1e-12,3.49263,3.55271e-14,2.3908e-11,4.61081e-12
Hessenberg basic,997,0,0,6,1e-12,1.31634,0,1.95541e-11,3.86799e-12
Hessenberg basic,997,0,1,6,1e-12,4.71644,2.92964e-14,2.36512e-11,4.7659e-12
Hessenberg basic,998,0,0,6,1e-12,1.26855,0,2.61153e-11,3.74174e-12
Hessenberg basic,998,0,1,6,1e-12,3.80644,0,2.59507e-11,4.98273e-12
Hessenberg basic,999,0,0,6,1e-12,1.32807,0,1.8872e-11,3.54039e-12
Hessenberg basic,999,0,1,6,1e-12,4.57548,4.01944e-14,2.0328e-11,4.69906e-12
Hessenberg basic,1000,0,0,6,1e-12,1.09106,0,2.21187e-11,3.90162e-12
Hessenberg basic,1000,0,1,6,1e-12,3.56582,2.84217e-14,2.63776e-11,5.04741e-12
