version, size, hermitian, complex, seed, tol, runtime in s,min_error, max_error, avg_error
Hessenberg basic,900,0,0,6,1e-12,0.775098,0,1.93268e-11,3.82657e-12
Hessenberg basic,901,0,0,6,1e-12,0.87777,0,2.49335e-11,3.55907e-12
Hessenberg basic,902,0,0,6,1e-12,0.796034,0,2.56932e-11,3.62222e-12
Hessenberg basic,903,0,0,6,1e-12,0.865071,0,4.25189e-11,3.58856e-12
Hessenberg basic,904,0,0,6,1e-12,0.741743,0,2.10427e-11,3.64827e-12
Hessenberg basic,905,0,0,6,1e-12,0.885053,0,2.00089e-11,3.45543e-12
Hessenberg basic,906,0,0,6,1e-12,0.82592,0,2.6148e-11,3.45145e-12
Hessenberg basic,907,0,0,6,1e-12,0.881339,0,2.13731e-11,3.58083e-12
Hessenberg basic,908,0,0,6,1e-12,0.809439,0,1.73062e-11,3.34969e-12
Hessenberg basic,909,0,0,6,1e-12,0.878389,0,2.75122e-11,3.74185e-12
Hessenberg basic,910,0,0,6,1e-12,0.890796,0,2.22925e-11,4.04618e-12
Hessenberg basic,911,0,0,6,1e-12,0.881836,0,2.11458e-11,3.78777e-12
Hessenberg basic,912,0,0,6,1e-12,0.806348,0,2.75122e-11,3.72588e-12
Hessenberg basic,913,0,0,6,1e-12,0.890966,0,2.31921e-11,3.40892e-12
Hessenberg basic,914,0,0,6,1e-12,0.867708,0,2.81943e-11,3.71763e-12
Hessenberg basic,915,0,0,6,1e-12,0.906749,0,2.52385e-11,3.35351e-12
Hessenberg basic,916,0,0,6,1e-12,0.834026,0,2.41016e-11,3.31432e-12
Hessenberg basic,917,0,0,6,1e-12,0.898985,0,2.88765e-11,3.38618e-12
Hessenberg basic,918,0,0,6,1e-12,0.881154,0,2.37924e-11,3.83175e-12
Hessenberg basic,919,0,0,6,1e-12,0.967334,0,3.52429e-11,3.4909e-12
Hessenberg basic,920,0,0,6,1e-12,0.802772,0,2.36469e-11,3.86667e-12
Hessenberg basic,921,0,0,6,1e-12,0.939997,0,2.59635e-11,3.58052e-12
Hessenberg basic,922,0,0,6,1e-12,0.886755,0,2.02545e-11,3.75941e-12
Hessenberg basic,923,0,0,6,1e-12,1.04251,0,2.00089e-11,3.21961e-12
Hessenberg basic,924,0,0,6,1e-12,0.868558,0,2.18279e-11,3.83036e-12
Hessenberg basic,925,0,0,6,1e-12,0.959927,0,2.11458e-11,3.67312e-12
Hessenberg basic,926,0,0,6,1e-12,0.912697,0,1.69367e-11,3.26921e-12
Hessenberg basic,927,0,0,6,1e-12,0.963699,0,2.02682e-11,3.67743e-12
Hessenberg basic,928,0,0,6,1e-12,0.88926,0,2.6148e-11,3.96282e-12
Hessenberg basic,929,0,0,6,1e-12,0.952949,0,2.37712e-11,3.6979e-12
Hessenberg basic,930,0,0,6,1e-12,0.936688,0,2.02363e-11,3.52272e-12
Hessenberg basic,931,0,0,6,1e-12,0.962452,0,2.251e-11,3.66434e-12
Hessenberg basic,932,0,0,6,1e-12,0.906097,0,2.54659e-11,3.66972e-12
Hessenberg basic,933,0,0,6,1e-12,1.01172,0,1.50067e-11,3.52105e-12
Hessenberg basic,934,0,0,6,1e-12,0.973651,0,2.72848e-11,3.78164e-12
Hessenberg basic,935,0,0,6,1e-12,1.02597,0,2.63753e-11,3.82193e-12
Hessenberg basic,936,0,0,6,1e-12,0.867395,0,2.22826e-11,3.59572e-12
Hessenberg basic,937,0,0,6,1e-12,0.958775,0,2.18279e-11,3.48912e-12
Hessenberg basic,938,0,0,6,1e-12,0.963552,0,1.93268e-11,3.49824e-12
Hessenberg basic,939,0,0,6,1e-12,0.993063,0,2.20552e-11,3.40353e-12
Hessenberg basic,940,0,0,6,1e-12,0.931941,0,2.20172e-11,3.3406e-12
Hessenberg basic,941,0,0,6,1e-12,1.02865,0,2.50111e-11,3.57995e-12
Hessenberg basic,942,0,0,6,1e-12,0.978736,0,2.27374e-11,3.61389e-12
Hessenberg basic,943,0,0,6,1e-12,1.02684,0,2.04665e-11,3.4371e-12
Hessenberg basic,944,0,0,6,1e-12,0.939034,0,3.45608e-11,3.73721e-12
Hessenberg basic,945,0,0,6,1e-12,1.07344,0,2.21483e-11,3.70186e-12
Hessenberg basic,946,0,0,6,1e-12,1.01587,0,2.4329e-11,3.62712e-12
Hessenberg basic,947,0,0,6,1e-12,1.05879,0,2.31921e-11,3.50651e-12
Hessenberg basic,948,0,0,6,1e-12,0.943363,0,2.04636e-11,3.83109e-12
Hessenberg basic,949,0,0,6,1e-12,1.09569,0,2.45564e-11,3.30466e-12
Hessenberg basic,950,0,0,6,1e-12,1.03192,0,2.28214e-11,3.78185e-12
Hessenberg basic,951,0,0,6,1e-12,1.07282,0,2.78406e-11,3.52733e-12
Hessenberg basic,952,0,0,6,1e-12,0.932348,0,2.09289e-11,3.57387e-12
Hessenberg basic,953,0,0,6,1e-12,1.13444,0,1.88165e-11,3.80302e-12
Hessenberg basic,954,0,0,6,1e-12,1.06102,0,2.16005e-11,3.7736e-12
Hessenberg basic,955,0,0,6,1e-12,1.11707,0,2.6148e-11,3.75307e-12
Hessenberg basic,956,0,0,6,1e-12,0.990549,0,1.90333e-11,3.81138e-12
Hessenberg basic,957,0,0,6,1e-12,1.13632,0,2.00089e-11,3.54462e-12
Hessenberg basic,958,0,0,6,1e-12,1.06329,0,2.44287e-11,3.66484e-12
Hessenberg basic,959,0,0,6,1e-12,1.11482,0,2.56932e-11,3.56513e-12
Hessenberg basic,960,0,0,6,1e-12,1.37427,0,2.8204e-11,3.56487e-12
Hessenberg basic,961,0,0,6,1e-12,1.13441,0,2.4329e-11,3.83088e-12
Hessenberg basic,962,0,0,6,1e-12,1.09177,0,2.11458e-11,3.60112e-12
Hessenberg basic,963,0,0,6,1e-12,1.18935,0,1.99001e-11,3.65908e-12
Hessenberg basic,964,0,0,6,1e-12,1.00027,0,2.59206e-11,3.55418e-12
Hessenberg basic,965,0,0,6,1e-12,1.14474,0,2.47856e-11,3.87073e-12
Hessenberg basic,966,0,0,6,1e-12,1.11723,0,2.251e-11,3.65363e-12
Hessenberg basic,967,0,0,6,1e-12,1.14052,0,1.92614e-11,3.47653e-12
Hessenberg basic,968,0,0,6,1e-12,0.963206,0,2.81943e-11,4.0291e-12
Hessenberg basic,969,0,0,6,1e-12,1.20176,0,2.39736e-11,3.56373e-12
Hessenberg basic,970,0,0,6,1e-12,1.13522,0,2.80017e-11,3.53969e-12
Hessenberg basic,971,0,0,6,1e-12,1.21065,0,1.95574e-11,3.61446e-12
Hessenberg basic,972,0,0,6,1e-12,1.08318,0,2.18944e-11,3.88051e-12
Hessenberg basic,973,0,0,6,1e-12,1.18555,0,2.67664e-11,3.98654e-12
Hessenberg basic,974,0,0,6,1e-12,1.15255,0,2.33576e-11,3.61921e-12
Hessenberg basic,975,0,0,6,1e-12,1.23711,0,2.54659e-11,3.70692e-12
Hessenberg basic,976,0,0,6,1e-12,1.07707,0,2.32244e-11,3.98326e-12
Hessenberg basic,977,0,0,6,1e-12,1.24656,0,2.56932e-11,3.72909e-12
Hessenberg basic,978,0,0,6,1e-12,1.18674,0,2.34294e-11,3.79094e-12
Hessenberg basic,979,0,0,6,1e-12,1.22795,0,1.96713e-11,3.91764e-12
Hessenberg basic,980,0,0,6,1e-12,1.11676,0,2.4329e-11,3.6594e-12
Hessenberg basic,981,0,0,6,1e-12,1.23272,0,2.53295e-11,3.9118e-12
Hessenberg basic,982,0,0,6,1e-12,1.18375,0,2.12871e-11,3.74813e-12
Hessenberg basic,983,0,0,6,1e-12,1.25869,0,2.91038e-11,4.0019e-12
Hessenberg basic,984,0,0,6,1e-12,1.03878,0,2.36469e-11,3.69715e-12
Hessenberg basic,985,0,0,6,1e-12,1.28267,0,2.21147e-11,3.76224e-12
Hessenberg basic,986,0,0,6,1e-12,1.23623,0,2.13731e-11,3.62882e-12
Hessenberg basic,987,0,0,6,1e-12,1.28039,0,3.06954e-11,3.77474e-12
Hessenberg basic,988,0,0,6,1e-12,1.16687,0,1.91021e-11,3.72866e-12
Hessenberg basic,989,0,0,6,1e-12,1.30763,0,3.11189e-11,3.57927e-12
Hessenberg basic,990,0,0,6,1e-12,1.23051,0,2.32453e-11,3.93222e-12
Hessenberg basic,991,0,0,6,1e-12,1.29042,0,2.0691e-11,3.7475e-12
Hessenberg basic,992,0,0,6,1e-12,1.17115,0,2.47503e-11,4.00572e-12
Hessenberg basic,993,0,0,6,1e-12,1.15096,0,1.92609e-11,3.81018e-12
Hessenberg basic,994,0,0,6,1e-12,1.20337,0,2.34195e-11,3.70222e-12
Hessenberg basic,995,0,0,6,1e-12,1.31151,0,2.70575e-11,3.88065e-12
Hessenberg basic,996,0,0,6,1e-12,1.19348,0,2.48362e-11,3.82767e-12
Hessenberg basic,997,0,0,6,1e-12,1.31606,0,1.95541e-11,3.86799e-12
Hessenberg basic,998,0,0,6,1e-12,1.27365,0,2.61153e-11,3.74174e-12
Hessenberg basic,999,0,0,6,1e-12,1.31693,0,1.8872e-11,3.54039e-12
Hessenberg basic,1000,0,0,6,1e-12,1.10985,0,2.21187e-11,3.90162e-12
