version, size, hermitian, complex, seed, tol, runtime in s,min_error, max_error, avg_error
Hessenberg basic,900,0,0,4,1e-12,0.76251,0,2.02363e-11,3.67063e-12
Hessenberg basic,901,0,0,4,1e-12,0.847744,0,2.02363e-11,3.28752e-12
Hessenberg basic,902,0,0,4,1e-12,0.796831,0,2.88765e-11,3.79681e-12
Hessenberg basic,903,0,0,4,1e-12,0.855366,0,2.20552e-11,3.93997e-12
Hessenberg basic,904,0,0,4,1e-12,0.742552,0,2.16681e-11,3.89463e-12
Hessenberg basic,905,0,0,4,1e-12,0.871562,0,1.79625e-11,3.84526e-12
Hessenberg basic,906,0,0,4,1e-12,0.822902,0,2.25416e-11,3.63318e-12
Hessenberg basic,907,0,0,4,1e-12,0.868266,0,1.91222e-11,3.77569e-12
Hessenberg basic,908,0,0,4,1e-12,0.795114,0,2.45564e-11,3.73405e-12
Hessenberg basic,909,0,0,4,1e-12,0.897431,0,2.9786e-11,3.65778e-12
Hessenberg basic,910,0,0,4,1e-12,0.880685,0,3.22871e-11,3.70682e-12
Hessenberg basic,911,0,0,4,1e-12,0.859432,0,2.27374e-11,3.74716e-12
Hessenberg basic,912,0,0,4,1e-12,0.804382,0,2.6148e-11,3.76451e-12
Hessenberg basic,913,0,0,4,1e-12,0.886365,0,2.56932e-11,4.07872e-12
Hessenberg basic,914,0,0,4,1e-12,0.864346,0,2.16005e-11,3.6355e-12
Hessenberg basic,915,0,0,4,1e-12,0.897151,0,2.66027e-11,3.89464e-12
Hessenberg basic,916,0,0,4,1e-12,0.828275,0,1.79625e-11,3.95551e-12
Hessenberg basic,917,0,0,4,1e-12,0.922532,0,2.34195e-11,3.90512e-12
Hessenberg basic,918,0,0,4,1e-12,0.880844,0,2.12485e-11,3.81782e-12
Hessenberg basic,919,0,0,4,1e-12,0.933269,0,3.16049e-11,3.63891e-12
Hessenberg basic,920,0,0,4,1e-12,0.792904,0,2.6148e-11,4.1591e-12
Hessenberg basic,921,0,0,4,1e-12,0.926302,0,2.11458e-11,3.77381e-12
Hessenberg basic,922,0,0,4,1e-12,0.868571,0,2.22826e-11,3.72811e-12
Hessenberg basic,923,0,0,4,1e-12,0.943121,0,2.31921e-11,3.60613e-12
Hessenberg basic,924,0,0,4,1e-12,0.845061,0,3.56977e-11,3.79979e-12
Hessenberg basic,925,0,0,4,1e-12,0.966897,0,2.63753e-11,4.03527e-12
Hessenberg basic,926,0,0,4,1e-12,0.913804,0,2.20552e-11,3.95578e-12
Hessenberg basic,927,0,0,4,1e-12,0.969512,0,2.13731e-11,3.58201e-12
Hessenberg basic,928,0,0,4,1e-12,0.887229,0,3.36513e-11,3.88944e-12
Hessenberg basic,929,0,0,4,1e-12,0.976903,0,3.09228e-11,4.00511e-12
Hessenberg basic,930,0,0,4,1e-12,0.942522,0,2.32392e-11,4.09094e-12
Hessenberg basic,931,0,0,4,1e-12,0.968639,0,2.50111e-11,3.69545e-12
Hessenberg basic,932,0,0,4,1e-12,0.919056,0,3.45608e-11,3.51602e-12
Hessenberg basic,933,0,0,4,1e-12,1.01149,0,2.56932e-11,4.23016e-12
Hessenberg basic,934,0,0,4,1e-12,0.956557,0,3.72893e-11,3.87387e-12
Hessenberg basic,935,0,0,4,1e-12,1.00714,0,3.50155e-11,3.93854e-12
Hessenberg basic,936,0,0,4,1e-12,0.866849,0,1.61435e-11,3.73958e-12
Hessenberg basic,937,0,0,4,1e-12,0.940475,0,2.52385e-11,4.11767e-12
Hessenberg basic,938,0,0,4,1e-12,0.960278,0,3.06954e-11,4.0196e-12
Hessenberg basic,939,0,0,4,1e-12,1.00046,0,2.38742e-11,4.01498e-12
Hessenberg basic,940,0,0,4,1e-12,0.936085,0,2.09184e-11,3.5589e-12
Hessenberg basic,941,0,0,4,1e-12,1.03501,0,2.50111e-11,3.73967e-12
Hessenberg basic,942,0,0,4,1e-12,0.992492,0,2.31921e-11,3.80005e-12
Hessenberg basic,943,0,0,4,1e-12,1.05124,0,1.95541e-11,3.73685e-12
Hessenberg basic,944,0,0,4,1e-12,0.937606,0,2.34195e-11,3.75178e-12
Hessenberg basic,945,0,0,4,1e-12,1.06598,0,3.36513e-11,3.89886e-12
Hessenberg basic,946,0,0,4,1e-12,1.02071,0,1.81942e-11,3.47338e-12
Hessenberg basic,947,0,0,4,1e-12,1.0607,0,2.72848e-11,3.65249e-12
Hessenberg basic,948,0,0,4,1e-12,0.946208,0,3.75167e-11,3.99746e-12
Hessenberg basic,949,0,0,4,1e-12,1.09659,0,3.25144e-11,3.76407e-12
Hessenberg basic,950,0,0,4,1e-12,1.03781,0,2.18865e-11,3.78879e-12
Hessenberg basic,951,0,0,4,1e-12,1.05231,0,2.251e-11,3.88248e-12
Hessenberg basic,952,0,0,4,1e-12,0.926599,0,2.29647e-11,3.82162e-12
Hessenberg basic,953,0,0,4,1e-12,1.11171,0,1.81899e-11,4.03235e-12
Hessenberg basic,954,0,0,4,1e-12,1.06232,0,2.21132e-11,3.86653e-12
Hessenberg basic,955,0,0,4,1e-12,1.12874,0,2.70575e-11,3.45876e-12
Hessenberg basic,956,0,0,4,1e-12,0.991378,0,1.75208e-11,3.59915e-12
Hessenberg basic,957,0,0,4,1e-12,1.15868,0,2.9786e-11,4.11113e-12
Hessenberg basic,958,0,0,4,1e-12,1.06926,0,4.38831e-11,4.06093e-12
Hessenberg basic,959,0,0,4,1e-12,1.10822,0,2.251e-11,3.62565e-12
Hessenberg basic,960,0,0,4,1e-12,1.37725,0,2.7967e-11,4.03653e-12
Hessenberg basic,961,0,0,4,1e-12,1.14393,0,2.56932e-11,3.82857e-12
Hessenberg basic,962,0,0,4,1e-12,1.09387,0,2.53896e-11,4.16989e-12
Hessenberg basic,963,0,0,4,1e-12,1.19134,0,2.34195e-11,3.83756e-12
Hessenberg basic,964,0,0,4,1e-12,1.00326,0,2.9786e-11,3.70785e-12
Hessenberg basic,965,0,0,4,1e-12,1.14419,0,2.18279e-11,3.85925e-12
Hessenberg basic,966,0,0,4,1e-12,1.12557,0,2.75122e-11,3.6746e-12
Hessenberg basic,967,0,0,4,1e-12,1.16619,0,2.10333e-11,3.8256e-12
Hessenberg basic,968,0,0,4,1e-12,0.960886,0,2.64267e-11,3.96285e-12
Hessenberg basic,969,0,0,4,1e-12,1.19502,0,2.33168e-11,3.91361e-12
Hessenberg basic,970,0,0,4,1e-12,1.13691,0,2.77396e-11,3.74592e-12
Hessenberg basic,971,0,0,4,1e-12,1.20147,0,2.41016e-11,3.65845e-12
Hessenberg basic,972,0,0,4,1e-12,1.08319,0,2.81943e-11,3.82759e-12
Hessenberg basic,973,0,0,4,1e-12,1.18753,0,2.86491e-11,3.77516e-12
Hessenberg basic,974,0,0,4,1e-12,1.14897,0,3.56977e-11,4.12541e-12
Hessenberg basic,975,0,0,4,1e-12,1.23001,0,2.09184e-11,4.0156e-12
Hessenberg basic,976,0,0,4,1e-12,1.07734,0,2.2269e-11,3.86357e-12
Hessenberg basic,977,0,0,4,1e-12,1.24481,0,2.08757e-11,3.70303e-12
Hessenberg basic,978,0,0,4,1e-12,1.21004,0,2.16005e-11,3.76588e-12
Hessenberg basic,979,0,0,4,1e-12,1.24014,0,2.72848e-11,3.80333e-12
Hessenberg basic,980,0,0,4,1e-12,1.11991,0,2.41016e-11,3.94915e-12
Hessenberg basic,981,0,0,4,1e-12,1.27188,0,2.91038e-11,3.92557e-12
Hessenberg basic,982,0,0,4,1e-12,1.19022,0,2.50111e-11,3.73854e-12
Hessenberg basic,983,0,0,4,1e-12,1.2788,0,3.02407e-11,3.88934e-12
Hessenberg basic,984,0,0,4,1e-12,1.03937,0,2.52385e-11,3.76412e-12
Hessenberg basic,985,0,0,4,1e-12,1.27935,0,3.11502e-11,3.55164e-12
Hessenberg basic,986,0,0,4,1e-12,1.24354,0,2.17499e-11,4.0621e-12
Hessenberg basic,987,0,0,4,1e-12,1.27169,0,2.04593e-11,3.50016e-12
Hessenberg basic,988,0,0,4,1e-12,1.16021,0,1.78746e-11,3.97105e-12
Hessenberg basic,989,0,0,4,1e-12,1.33577,0,1.59818e-11,3.68233e-12
Hessenberg basic,990,0,0,4,1e-12,1.2274,0,2.2003e-11,3.59188e-12
Hessenberg basic,991,0,0,4,1e-12,1.28925,0,3.70619e-11,3.63663e-12
Hessenberg basic,992,0,0,4,1e-12,1.16874,0,2.93312e-11,3.69547e-12
Hessenberg basic,993,0,0,4,1e-12,1.15959,0,2.92741e-11,4.31457e-12
Hessenberg basic,994,0,0,4,1e-12,1.21772,0,2.35804e-11,3.89552e-12
Hessenberg basic,995,0,0,4,1e-12,1.2931,0,2.93312e-11,3.90659e-12
Hessenberg basic,996,0,0,4,1e-12,1.19596,0,2.18279e-11,3.80737e-12
Hessenberg basic,997,0,0,4,1e-12,1.35002,0,2.4914e-11,4.12024e-12
Hessenberg basic,998,0,0,4,1e-12,1.30714,0,3.02407e-11,3.57626e-12
Hessenberg basic,999,0,0,4,1e-12,1.34656,0,3.22871e-11,4.10431e-12
Hessenberg basic,1000,0,0,4,1e-12,1.10987,0,2.11458e-11,3.80842e-12
