version, size, hermitian, complex, seed, tol, runtime in s,min_error, max_error, avg_error
Hessenberg basic,900,0,0,10,1e-12,0.768197,0,2.36469e-11,3.81567e-12
Hessenberg basic,900,0,1,10,1e-12,2.47777,5.1238e-14,2.82802e-11,4.45909e-12
Hessenberg basic,901,0,0,10,1e-12,0.897323,0,2.251e-11,3.85273e-12
Hessenberg basic,901,0,1,10,1e-12,3.18907,2.92964e-14,2.29962e-11,4.42492e-12
Hessenberg basic,902,0,0,10,1e-12,0.801618,0,2.6148e-11,3.66118e-12
Hessenberg basic,902,0,1,10,1e-12,2.64802,5.42298e-14,2.20063e-11,4.60493e-12
Hessenberg basic,903,0,0,10,1e-12,0.858504,0,2.18279e-11,3.69786e-12
Hessenberg basic,903,0,1,10,1e-12,3.1305,4.49387e-14,2.16184e-11,4.56512e-12
Hessenberg basic,904,0,0,10,1e-12,0.721516,0,2.0691e-11,3.84607e-12
Hessenberg basic,904,0,1,10,1e-12,2.54594,5.80586e-14,2.78124e-11,4.80731e-12
Hessenberg basic,905,0,0,10,1e-12,0.859937,0,2.11458e-11,4.09207e-12
Hessenberg basic,905,0,1,10,1e-12,3.25529,0,1.98592e-11,4.3587e-12
Hessenberg basic,906,0,0,10,1e-12,0.829491,0,2.88765e-11,3.84839e-12
Hessenberg basic,906,0,1,10,1e-12,2.72767,6.35529e-14,2.30232e-11,4.74001e-12
Hessenberg basic,907,0,0,10,1e-12,0.86421,0,2.10962e-11,3.63411e-12
Hessenberg basic,907,0,1,10,1e-12,3.19584,2.84217e-14,2.26782e-11,4.6649e-12
Hessenberg basic,908,0,0,10,1e-12,0.780016,0,2.66027e-11,3.75279e-12
Hessenberg basic,908,0,1,10,1e-12,2.58297,5.85929e-14,2.63606e-11,4.8942e-12
Hessenberg basic,909,0,0,10,1e-12,0.887801,0,2.66027e-11,3.85474e-12
Hessenberg basic,909,0,1,10,1e-12,3.16522,0,3.17219e-11,4.66889e-12
Hessenberg basic,910,0,0,10,1e-12,0.934524,0,2.68301e-11,3.50013e-12
Hessenberg basic,910,0,1,10,1e-12,2.88608,4.49387e-14,2.2449e-11,4.63995e-12
Hessenberg basic,911,0,0,10,1e-12,0.847206,0,2.50111e-11,3.65238e-12
Hessenberg basic,911,0,1,10,1e-12,2.63405,3.07459e-14,2.02005e-11,4.60419e-12
Hessenberg basic,912,0,0,10,1e-12,0.798652,0,2.29647e-11,3.76864e-12
Hessenberg basic,912,0,1,10,1e-12,2.619,2.84217e-14,2.6856e-11,4.61145e-12
Hessenberg basic,913,0,0,10,1e-12,0.896966,0,2.45564e-11,3.89411e-12
Hessenberg basic,913,0,1,10,1e-12,3.18357,5.72858e-14,2.49625e-11,4.41492e-12
Hessenberg basic,914,0,0,10,1e-12,0.859873,0,2.75122e-11,3.55628e-12
Hessenberg basic,914,0,1,10,1e-12,2.87143,4.26326e-14,2.77992e-11,4.95103e-12
Hessenberg basic,915,0,0,10,1e-12,0.909349,0,3.11502e-11,3.82843e-12
Hessenberg basic,915,0,1,10,1e-12,3.22542,1.42109e-14,2.32058e-11,4.73286e-12
Hessenberg basic,916,0,0,10,1e-12,0.825798,0,2.30952e-11,3.64004e-12
Hessenberg basic,916,0,1,10,1e-12,2.69251,3.82639e-14,2.52886e-11,4.59293e-12
Hessenberg basic,917,0,0,10,1e-12,0.910722,0,2.36715e-11,3.68925e-12
Hessenberg basic,917,0,1,10,1e-12,2.8568,0,2.20553e-11,4.71269e-12
Hessenberg basic,918,0,0,10,1e-12,0.87918,0,2.70575e-11,3.93039e-12
Hessenberg basic,918,0,1,10,1e-12,2.84388,8.78893e-14,2.66949e-11,4.43797e-12
Hessenberg basic,919,0,0,10,1e-12,0.921019,0,2.17579e-11,4.00502e-12
Hessenberg basic,919,0,1,10,1e-12,3.45657,2.46779e-14,2.22699e-11,4.70525e-12
Hessenberg basic,920,0,0,10,1e-12,0.787842,0,2.49211e-11,4.03622e-12
Hessenberg basic,920,0,1,10,1e-12,2.70056,2.92964e-14,2.70893e-11,4.65683e-12
Hessenberg basic,921,0,0,10,1e-12,0.922566,0,2.13674e-11,3.72618e-12
Hessenberg basic,921,0,1,10,1e-12,3.4262,5.85929e-14,3.01474e-11,4.60092e-12
Hessenberg basic,922,0,0,10,1e-12,0.873851,0,2.90812e-11,4.15175e-12
Hessenberg basic,922,0,1,10,1e-12,2.90131,5.83838e-14,2.1315e-11,4.77566e-12
Hessenberg basic,923,0,0,10,1e-12,0.925761,0,2.22826e-11,3.71731e-12
Hessenberg basic,923,0,1,10,1e-12,3.47668,6.03961e-14,3.57353e-11,4.73474e-12
Hessenberg basic,924,0,0,10,1e-12,0.854528,0,2.31921e-11,3.84698e-12
Hessenberg basic,924,0,1,10,1e-12,2.74284,1.42109e-14,2.37638e-11,4.58795e-12
Hessenberg basic,925,0,0,10,1e-12,0.96205,0,2.77396e-11,3.90608e-12
Hessenberg basic,925,0,1,10,1e-12,3.66564,3.09846e-14,2.72517e-11,4.62027e-12
Hessenberg basic,926,0,0,10,1e-12,0.920151,0,2.56932e-11,3.67923e-12
Hessenberg basic,926,0,1,10,1e-12,2.99828,1.77636e-14,2.07409e-11,4.63957e-12
Hessenberg basic,927,0,0,10,1e-12,0.96409,0,2.81943e-11,3.6963e-12
Hessenberg basic,927,0,1,10,1e-12,3.49453,4.26326e-14,2.15706e-11,4.58157e-12
Hessenberg basic,928,0,0,10,1e-12,0.887664,0,2.38742e-11,3.73586e-12
Hessenberg basic,928,0,1,10,1e-12,3.44794,4.01944e-14,2.52519e-11,4.80192e-12
Hessenberg basic,929,0,0,10,1e-12,0.966313,0,2.84217e-11,3.82477e-12
Hessenberg basic,929,0,1,10,1e-12,3.538,3.49902e-14,2.43314e-11,4.6135e-12
Hessenberg basic,930,0,0,10,1e-12,0.931228,0,1.93268e-11,3.68648e-12
Hessenberg basic,930,0,1,10,1e-12,2.98045,0,2.24502e-11,4.67118e-12
Hessenberg basic,931,0,0,10,1e-12,0.960484,0,2.42803e-11,4.05366e-12
Hessenberg basic,931,0,1,10,1e-12,3.73121,5.85929e-14,2.16972e-11,4.75372e-12
Hessenberg basic,932,0,0,10,1e-12,0.885931,0,2.05795e-11,3.76521e-12
Hessenberg basic,932,0,1,10,1e-12,2.80215,4.49387e-14,2.50833e-11,4.65646e-12
Hessenberg basic,933,0,0,10,1e-12,0.999211,0,3.07007e-11,4.09177e-12
Hessenberg basic,933,0,1,10,1e-12,3.67204,2.84217e-14,2.72848e-11,4.64904e-12
Hessenberg basic,934,0,0,10,1e-12,0.964772,0,2.41016e-11,3.70949e-12
Hessenberg basic,934,0,1,10,1e-12,3.03729,4.01944e-14,2.43643e-11,4.95763e-12
Hessenberg basic,935,0,0,10,1e-12,1.00133,0,2.70911e-11,3.98783e-12
Hessenberg basic,935,0,1,10,1e-12,3.6977,2.00972e-14,2.38518e-11,4.7239e-12
Hessenberg basic,936,0,0,10,1e-12,0.871406,0,2.52385e-11,4.0463e-12
Hessenberg basic,936,0,1,10,1e-12,2.85286,6.55088e-14,2.20717e-11,4.5586e-12
Hessenberg basic,937,0,0,10,1e-12,0.953359,0,2.0691e-11,3.854e-12
Hessenberg basic,937,0,1,10,1e-12,3.64222,3.55271e-14,2.281e-11,4.86624e-12
Hessenberg basic,938,0,0,10,1e-12,0.939158,0,2.4329e-11,3.50371e-12
Hessenberg basic,938,0,1,10,1e-12,3.00537,1.42109e-14,2.61401e-11,4.73302e-12
Hessenberg basic,939,0,0,10,1e-12,0.986857,0,2.16005e-11,4.15652e-12
Hessenberg basic,939,0,1,10,1e-12,3.48552,1.58882e-14,3.22879e-11,4.89938e-12
Hessenberg basic,940,0,0,10,1e-12,0.921814,0,2.29917e-11,3.79351e-12
Hessenberg basic,940,0,1,10,1e-12,2.85097,6.52192e-14,2.15844e-11,4.56314e-12
Hessenberg basic,941,0,0,10,1e-12,1.02447,0,2.54965e-11,3.74026e-12
Hessenberg basic,941,0,1,10,1e-12,3.71913,3.55278e-14,2.36053e-11,4.67764e-12
Hessenberg basic,942,0,0,10,1e-12,0.986212,0,2.50111e-11,3.98018e-12
Hessenberg basic,942,0,1,10,1e-12,3.13826,1.77636e-14,2.56784e-11,4.61441e-12
Hessenberg basic,943,0,0,10,1e-12,1.03617,0,2.75122e-11,4.11057e-12
Hessenberg basic,943,0,1,10,1e-12,3.79217,5.72858e-14,3.09005e-11,4.68428e-12
Hessenberg basic,944,0,0,10,1e-12,0.92741,0,2.84217e-11,4.10829e-12
Hessenberg basic,944,0,1,10,1e-12,3.00983,3.82639e-14,2.17294e-11,4.63814e-12
Hessenberg basic,945,0,0,10,1e-12,1.06603,0,2.15733e-11,3.8864e-12
Hessenberg basic,945,0,1,10,1e-12,3.86258,4.19609e-14,2.68725e-11,4.76642e-12
Hessenberg basic,946,0,0,10,1e-12,1.0298,0,2.68301e-11,3.6857e-12
Hessenberg basic,946,0,1,10,1e-12,3.17956,3.17764e-14,2.38396e-11,4.52143e-12
Hessenberg basic,947,0,0,10,1e-12,1.06077,0,2.22826e-11,3.75555e-12
Hessenberg basic,947,0,1,10,1e-12,3.5728,2.84217e-14,3.20951e-11,4.68266e-12
Hessenberg basic,948,0,0,10,1e-12,0.948334,0,3.43334e-11,4.12997e-12
Hessenberg basic,948,0,1,10,1e-12,3.04679,2.58641e-14,2.74798e-11,4.85901e-12
Hessenberg basic,949,0,0,10,1e-12,1.07077,0,2.05733e-11,3.76878e-12
Hessenberg basic,949,0,1,10,1e-12,3.81893,5.68434e-14,2.71112e-11,4.76464e-12
Hessenberg basic,950,0,0,10,1e-12,0.994106,0,2.95509e-11,4.30937e-12
Hessenberg basic,950,0,1,10,1e-12,3.19425,5.1238e-14,2.56532e-11,4.52526e-12
Hessenberg basic,951,0,0,10,1e-12,1.05075,0,2.13731e-11,3.77411e-12
Hessenberg basic,951,0,1,10,1e-12,3.87538,3.10227e-14,2.18282e-11,4.57203e-12
Hessenberg basic,952,0,0,10,1e-12,0.897873,0,2.31934e-11,4.0955e-12
Hessenberg basic,952,0,1,10,1e-12,3.08796,3.77659e-14,2.08243e-11,4.45406e-12
Hessenberg basic,953,0,0,10,1e-12,1.11416,0,2.25229e-11,3.83286e-12
Hessenberg basic,953,0,1,10,1e-12,3.88305,1.58882e-14,2.48098e-11,4.37742e-12
Hessenberg basic,954,0,0,10,1e-12,1.05597,0,2.71436e-11,3.84895e-12
Hessenberg basic,954,0,1,10,1e-12,3.27406,3.1427e-14,2.57357e-11,4.7001e-12
Hessenberg basic,955,0,0,10,1e-12,1.11485,0,1.90093e-11,3.78455e-12
Hessenberg basic,955,0,1,10,1e-12,4.01689,2.4869e-14,3.53023e-11,4.92604e-12
Hessenberg basic,956,0,0,10,1e-12,0.980994,0,3.75167e-11,3.86224e-12
Hessenberg basic,956,0,1,10,1e-12,3.0718,1.42109e-14,2.84138e-11,4.55849e-12
Hessenberg basic,957,0,0,10,1e-12,1.12804,0,3.2236e-11,4.15556e-12
Hessenberg basic,957,0,1,10,1e-12,4.10332,7.07204e-14,2.77992e-11,4.47759e-12
Hessenberg basic,958,0,0,10,1e-12,1.05768,0,2.77396e-11,3.99489e-12
Hessenberg basic,958,0,1,10,1e-12,3.27821,1.42109e-14,2.94719e-11,4.68502e-12
Hessenberg basic,959,0,0,10,1e-12,1.12763,0,2.9786e-11,4.33572e-12
Hessenberg basic,959,0,1,10,1e-12,4.03613,5.95543e-14,2.41982e-11,4.70734e-12
Hessenberg basic,960,0,0,10,1e-12,1.35708,0,3.00133e-11,3.8707e-12
Hessenberg basic,960,0,1,10,1e-12,3.92278,1.42109e-14,2.71147e-11,4.79368e-12
Hessenberg basic,961,0,0,10,1e-12,1.12076,0,2.50111e-11,4.13782e-12
Hessenberg basic,961,0,1,10,1e-12,4.08831,2.00972e-14,2.20845e-11,4.85655e-12
Hessenberg basic,962,0,0,10,1e-12,1.08137,0,2.83862e-11,4.08182e-12
Hessenberg basic,962,0,1,10,1e-12,3.3672,7.68569e-14,2.69458e-11,4.63407e-12
Hessenberg basic,963,0,0,10,1e-12,1.18717,0,2.70575e-11,4.00642e-12
Hessenberg basic,963,0,1,10,1e-12,4.16276,3.69636e-14,2.25775e-11,4.57699e-12
Hessenberg basic,964,0,0,10,1e-12,0.927188,0,2.27374e-11,3.7471e-12
Hessenberg basic,964,0,1,10,1e-12,3.00256,0,2.59248e-11,4.37515e-12
Hessenberg basic,965,0,0,10,1e-12,1.14319,0,2.84217e-11,4.07965e-12
Hessenberg basic,965,0,1,10,1e-12,3.85085,2.24693e-14,2.09162e-11,4.59449e-12
Hessenberg basic,966,0,0,10,1e-12,1.09957,0,2.36469e-11,3.95272e-12
Hessenberg basic,966,0,1,10,1e-12,3.38017,3.03544e-14,3.58474e-11,4.67227e-12
Hessenberg basic,967,0,0,10,1e-12,1.11781,0,2.31921e-11,3.80908e-12
Hessenberg basic,967,0,1,10,1e-12,4.14034,2.34486e-14,2.79817e-11,4.91739e-12
Hessenberg basic,968,0,0,10,1e-12,1.04208,0,2.38038e-11,4.09062e-12
Hessenberg basic,968,0,1,10,1e-12,3.28069,0,2.79679e-11,4.62452e-12
Hessenberg basic,969,0,0,10,1e-12,1.18344,0,2.31556e-11,3.93366e-12
Hessenberg basic,969,0,1,10,1e-12,4.20943,3.49902e-14,1.99325e-11,4.52533e-12
Hessenberg basic,970,0,0,10,1e-12,1.14429,0,2.50176e-11,3.87929e-12
Hessenberg basic,970,0,1,10,1e-12,3.48207,4.26326e-14,3.25608e-11,4.56848e-12
Hessenberg basic,971,0,0,10,1e-12,1.17792,0,2.34429e-11,4.09862e-12
Hessenberg basic,971,0,1,10,1e-12,4.23917,2.84217e-14,2.12537e-11,4.5582e-12
Hessenberg basic,972,0,0,10,1e-12,1.05646,0,2.95586e-11,3.87363e-12
Hessenberg basic,972,0,1,10,1e-12,3.21251,1.42109e-14,2.12521e-11,4.53781e-12
Hessenberg basic,973,0,0,10,1e-12,1.18317,0,2.38742e-11,3.99932e-12
Hessenberg basic,973,0,1,10,1e-12,4.03785,3.17764e-14,2.46638e-11,4.74926e-12
Hessenberg basic,974,0,0,10,1e-12,1.14506,0,2.86933e-11,4.1819e-12
Hessenberg basic,974,0,1,10,1e-12,3.50267,2.24693e-14,2.80546e-11,4.65723e-12
Hessenberg basic,975,0,0,10,1e-12,1.21334,0,2.79043e-11,4.20389e-12
Hessenberg basic,975,0,1,10,1e-12,4.20388,4.49387e-14,2.35542e-11,4.685e-12
Hessenberg basic,976,0,0,10,1e-12,1.05648,0,2.52503e-11,4.31729e-12
Hessenberg basic,976,0,1,10,1e-12,3.37238,4.27803e-14,2.62971e-11,4.78554e-12
Hessenberg basic,977,0,0,10,1e-12,1.22632,0,2.22826e-11,3.80331e-12
Hessenberg basic,977,0,1,10,1e-12,4.21759,4.26326e-14,2.33446e-11,4.39967e-12
Hessenberg basic,978,0,0,10,1e-12,1.16757,0,1.90994e-11,4.013e-12
Hessenberg basic,978,0,1,10,1e-12,3.58186,2.84217e-14,2.59455e-11,4.6538e-12
Hessenberg basic,979,0,0,10,1e-12,1.24299,0,2.77396e-11,3.73419e-12
Hessenberg basic,979,0,1,10,1e-12,4.19638,0,2.78373e-11,4.68089e-12
Hessenberg basic,980,0,0,10,1e-12,1.0883,0,2.76766e-11,4.17914e-12
Hessenberg basic,980,0,1,10,1e-12,3.38596,3.55271e-14,2.42654e-11,4.70357e-12
Hessenberg basic,981,0,0,10,1e-12,1.23816,0,2.251e-11,4.05373e-12
Hessenberg basic,981,0,1,10,1e-12,4.27243,0,2.24191e-11,4.30177e-12
Hessenberg basic,982,0,0,10,1e-12,1.18156,0,1.92698e-11,3.76867e-12
Hessenberg basic,982,0,1,10,1e-12,3.57011,2.34486e-14,3.06356e-11,4.58797e-12
Hessenberg basic,983,0,0,10,1e-12,1.31945,0,2.84217e-11,4.30419e-12
Hessenberg basic,983,0,1,10,1e-12,4.59302,3.35162e-14,3.63947e-11,4.54088e-12
Hessenberg basic,984,0,0,10,1e-12,1.03747,0,2.50369e-11,4.16532e-12
Hessenberg basic,984,0,1,10,1e-12,3.40205,5.85929e-14,2.4435e-11,4.63734e-12
Hessenberg basic,985,0,0,10,1e-12,1.27338,0,3.03239e-11,4.06527e-12
Hessenberg basic,985,0,1,10,1e-12,4.42642,2.92964e-14,2.96921e-11,4.48155e-12
Hessenberg basic,986,0,0,10,1e-12,1.22881,0,2.12579e-11,3.97036e-12
Hessenberg basic,986,0,1,10,1e-12,3.65212,4.01944e-14,2.59945e-11,4.74633e-12
Hessenberg basic,987,0,0,10,1e-12,1.26883,0,3.02416e-11,4.41597e-12
Hessenberg basic,987,0,1,10,1e-12,4.34831,9.68288e-15,2.61173e-11,4.76315e-12
Hessenberg basic,988,0,0,10,1e-12,1.13854,0,2.58617e-11,4.31355e-12
Hessenberg basic,988,0,1,10,1e-12,3.46701,0,1.98533e-11,4.60713e-12
Hessenberg basic,989,0,0,10,1e-12,1.30695,0,2.04409e-11,3.93252e-12
Hessenberg basic,989,0,1,10,1e-12,4.61939,2.13163e-14,2.4564e-11,4.46745e-12
Hessenberg basic,990,0,0,10,1e-12,1.23893,0,2.27374e-11,4.0537e-12
Hessenberg basic,990,0,1,10,1e-12,3.8525,1.42109e-14,2.65521e-11,4.70035e-12
Hessenberg basic,991,0,0,10,1e-12,1.29945,0,2.55391e-11,4.07047e-12
Hessenberg basic,991,0,1,10,1e-12,4.61838,4.97633e-14,2.57936e-11,4.77459e-12
Hessenberg basic,992,0,0,10,1e-12,1.16311,0,2.88765e-11,4.01271e-12
Hessenberg basic,992,0,1,10,1e-12,4.4467,5.1238e-14,2.64832e-11,4.74204e-12
Hessenberg basic,993,0,0,10,1e-12,1.12251,0,3.04414e-11,3.9616e-12
Hessenberg basic,993,0,1,10,1e-12,4.33203,4.26326e-14,2.85234e-11,4.60766e-12
Hessenberg basic,994,0,0,10,1e-12,1.18025,0,3.04681e-11,4.31381e-12
Hessenberg basic,994,0,1,10,1e-12,4.30718,0,2.38038e-11,4.65611e-12
Hessenberg basic,995,0,0,10,1e-12,1.62783,0,2.27263e-11,4.07364e-12
Hessenberg basic,995,0,1,10,1e-12,4.75166,5.53482e-14,3.09498e-11,4.67862e-12
Hessenberg basic,996,0,0,10,1e-12,1.17895,0,2.39823e-11,4.09748e-12
Hessenberg basic,996,0,1,10,1e-12,3.64007,0,2.433e-11,4.6042e-12
Hessenberg basic,997,0,0,10,1e-12,1.43432,0,2.6148e-11,3.97459e-12
Hessenberg basic,997,0,1,10,1e-12,4.81241,0,3.49187e-11,4.49233e-12
Hessenberg basic,998,0,0,10,1e-12,1.28286,0,1.89633e-11,3.76454e-12
Hessenberg basic,998,0,1,10,1e-12,4.01645,2.5619e-14,2.42556e-11,4.72878e-12
Hessenberg basic,999,0,0,10,1e-12,1.39687,0,2.4329e-11,4.11851e-12
Hessenberg basic,999,0,1,10,1e-12,4.80742,6.89812e-14,2.59303e-11,4.58112e-12
Hessenberg basic,1000,0,0,10,1e-12,1.14755,0,3.04878e-11,4.00748e-12
Hessenberg basic,1000,0,1,10,1e-12,3.70614,5.37623e-14,2.25045e-11,4.54869e-12
