version, size, hermitian, complex, seed, tol, runtime in s,min_error, max_error, avg_error
Hessenberg basic,900,0,0,5,1e-12,0.779321,0,8.58336e-11,3.80923e-12
Hessenberg basic,900,0,1,5,1e-12,2.47167,5.68434e-14,2.88899e-11,4.70311e-12
Hessenberg basic,901,0,0,5,1e-12,0.845526,0,7.94671e-11,3.92044e-12
Hessenberg basic,901,0,1,5,1e-12,3.24199,4.54969e-14,2.22798e-11,4.51468e-12
Hessenberg basic,902,0,0,5,1e-12,0.80604,0,8.2764e-11,3.86164e-12
Hessenberg basic,902,0,1,5,1e-12,2.6965,8.03887e-14,2.79746e-11,4.55377e-12
Hessenberg basic,903,0,0,5,1e-12,0.870238,0,7.99218e-11,3.77268e-12
Hessenberg basic,903,0,1,5,1e-12,3.18072,3.55271e-14,2.28745e-11,4.77533e-12
Hessenberg basic,904,0,0,5,1e-12,0.716569,0,7.50333e-11,3.71483e-12
Hessenberg basic,904,0,1,5,1e-12,2.55035,3.17764e-14,3.09362e-11,4.58764e-12
Hessenberg basic,905,0,0,5,1e-12,0.865952,0,7.66249e-11,3.55247e-12
Hessenberg basic,905,0,1,5,1e-12,3.24974,3.17764e-14,2.8948e-11,4.84022e-12
Hessenberg basic,906,0,0,5,1e-12,0.82463,0,7.74207e-11,3.82921e-12
Hessenberg basic,906,0,1,5,1e-12,2.72745,4.83221e-14,3.26026e-11,4.65701e-12
Hessenberg basic,907,0,0,5,1e-12,0.87651,0,8.2423e-11,3.84625e-12
Hessenberg basic,907,0,1,5,1e-12,3.23917,3.3622e-14,2.15601e-11,4.65782e-12
Hessenberg basic,908,0,0,5,1e-12,0.779527,0,7.63976e-11,3.96525e-12
Hessenberg basic,908,0,1,5,1e-12,2.60962,1.42109e-14,2.54935e-11,4.76262e-12
Hessenberg basic,909,0,0,5,1e-12,0.89618,0,7.21911e-11,3.61992e-12
Hessenberg basic,909,0,1,5,1e-12,3.27789,5.15143e-14,2.82237e-11,4.68616e-12
Hessenberg basic,910,0,0,5,1e-12,0.952166,0,8.23093e-11,3.93892e-12
Hessenberg basic,910,0,1,5,1e-12,2.92324,0,2.96459e-11,4.87357e-12
Hessenberg basic,911,0,0,5,1e-12,0.855755,0,7.65112e-11,3.97853e-12
Hessenberg basic,911,0,1,5,1e-12,2.80518,2.13163e-14,2.21281e-11,4.62256e-12
Hessenberg basic,912,0,0,5,1e-12,0.801447,0,8.07177e-11,3.87867e-12
Hessenberg basic,912,0,1,5,1e-12,2.66453,1.42109e-14,2.73116e-11,4.95306e-12
Hessenberg basic,913,0,0,5,1e-12,0.902175,0,7.77618e-11,3.56988e-12
Hessenberg basic,913,0,1,5,1e-12,3.16797,2.41611e-14,2.7639e-11,4.76055e-12
Hessenberg basic,914,0,0,5,1e-12,0.868626,0,7.92397e-11,3.79907e-12
Hessenberg basic,914,0,1,5,1e-12,2.87882,3.17764e-14,2.13819e-11,4.46534e-12
Hessenberg basic,915,0,0,5,1e-12,0.903149,0,7.88987e-11,4.05512e-12
Hessenberg basic,915,0,1,5,1e-12,3.23291,1.42109e-14,2.36908e-11,4.61672e-12
Hessenberg basic,916,0,0,5,1e-12,0.815916,0,7.82165e-11,3.80212e-12
Hessenberg basic,916,0,1,5,1e-12,2.68955,5.68434e-14,2.50176e-11,4.86865e-12
Hessenberg basic,917,0,0,5,1e-12,0.907119,0,7.52607e-11,3.76876e-12
Hessenberg basic,917,0,1,5,1e-12,2.93123,0,2.66483e-11,4.83495e-12
Hessenberg basic,918,0,0,5,1e-12,0.877896,0,7.21911e-11,3.86364e-12
Hessenberg basic,918,0,1,5,1e-12,2.8366,8.52836e-14,2.30179e-11,4.55733e-12
Hessenberg basic,919,0,0,5,1e-12,0.92515,0,7.53744e-11,4.00314e-12
Hessenberg basic,919,0,1,5,1e-12,3.48496,2.84217e-14,2.22699e-11,4.90204e-12
Hessenberg basic,920,0,0,5,1e-12,0.7831,0,7.78755e-11,3.90934e-12
Hessenberg basic,920,0,1,5,1e-12,2.67493,4.9738e-14,2.14664e-11,4.81555e-12
Hessenberg basic,921,0,0,5,1e-12,0.923509,0,8.03766e-11,4.04891e-12
Hessenberg basic,921,0,1,5,1e-12,3.39416,1.58882e-14,3.0077e-11,4.84351e-12
Hessenberg basic,922,0,0,5,1e-12,0.866782,0,8.08313e-11,3.96762e-12
Hessenberg basic,922,0,1,5,1e-12,2.9018,5.68434e-14,2.23435e-11,4.47495e-12
Hessenberg basic,923,0,0,5,1e-12,0.917779,0,8.21956e-11,4.07979e-12
Hessenberg basic,923,0,1,5,1e-12,3.48069,3.34338e-14,3.05096e-11,4.82305e-12
Hessenberg basic,924,0,0,5,1e-12,0.843694,0,7.83302e-11,4.06177e-12
Hessenberg basic,924,0,1,5,1e-12,2.74473,6.35529e-14,2.65161e-11,4.6819e-12
Hessenberg basic,925,0,0,5,1e-12,0.954658,0,7.66249e-11,3.88559e-12
Hessenberg basic,925,0,1,5,1e-12,3.65712,4.17672e-14,2.54953e-11,4.55159e-12
Hessenberg basic,926,0,0,5,1e-12,0.907634,0,7.31006e-11,3.93156e-12
Hessenberg basic,926,0,1,5,1e-12,2.96095,3.55271e-14,2.32147e-11,4.80834e-12
Hessenberg basic,927,0,0,5,1e-12,0.957156,0,8.29914e-11,3.86356e-12
Hessenberg basic,927,0,1,5,1e-12,3.5336,2.84217e-14,2.25275e-11,4.80523e-12
Hessenberg basic,928,0,0,5,1e-12,0.896054,0,7.65112e-11,3.46712e-12
Hessenberg basic,928,0,1,5,1e-12,3.51397,6.78745e-14,3.09128e-11,4.61002e-12
Hessenberg basic,929,0,0,5,1e-12,0.953284,0,7.21911e-11,3.63398e-12
Hessenberg basic,929,0,1,5,1e-12,3.58551,4.28632e-14,2.49648e-11,4.59608e-12
Hessenberg basic,930,0,0,5,1e-12,0.92127,0,8.08313e-11,3.79321e-12
Hessenberg basic,930,0,1,5,1e-12,2.97349,8.55607e-14,2.71312e-11,4.50406e-12
Hessenberg basic,931,0,0,5,1e-12,0.958553,0,7.58291e-11,3.75693e-12
Hessenberg basic,931,0,1,5,1e-12,3.71055,0,2.91925e-11,4.87088e-12
Hessenberg basic,932,0,0,5,1e-12,0.88331,0,7.37828e-11,3.81938e-12
Hessenberg basic,932,0,1,5,1e-12,2.80666,6.35529e-14,2.40898e-11,4.56608e-12
Hessenberg basic,933,0,0,5,1e-12,1.00988,0,7.90124e-11,3.87556e-12
Hessenberg basic,933,0,1,5,1e-12,3.72384,4.89144e-14,2.21398e-11,4.52844e-12
Hessenberg basic,934,0,0,5,1e-12,0.958425,0,7.79892e-11,3.93234e-12
Hessenberg basic,934,0,1,5,1e-12,3.05499,0,2.6168e-11,4.76276e-12
Hessenberg basic,935,0,0,5,1e-12,1.04613,0,7.56017e-11,3.61126e-12
Hessenberg basic,935,0,1,5,1e-12,3.73102,1.42109e-14,2.26953e-11,4.72866e-12
Hessenberg basic,936,0,0,5,1e-12,0.86689,0,7.7307e-11,3.70523e-12
Hessenberg basic,936,0,1,5,1e-12,2.86227,0,2.12579e-11,4.40185e-12
Hessenberg basic,937,0,0,5,1e-12,0.940838,0,7.63976e-11,3.32452e-12
Hessenberg basic,937,0,1,5,1e-12,3.65711,2.84217e-14,2.07163e-11,4.43032e-12
Hessenberg basic,938,0,0,5,1e-12,0.931652,0,8.07177e-11,3.9629e-12
Hessenberg basic,938,0,1,5,1e-12,2.99428,5.1238e-14,2.41982e-11,4.65811e-12
Hessenberg basic,939,0,0,5,1e-12,0.981212,0,8.73115e-11,3.99755e-12
Hessenberg basic,939,0,1,5,1e-12,3.54792,3.17764e-14,3.09379e-11,4.87984e-12
Hessenberg basic,940,0,0,5,1e-12,0.916392,0,7.36691e-11,4.08216e-12
Hessenberg basic,940,0,1,5,1e-12,2.85798,5.68434e-14,2.69579e-11,4.96749e-12
Hessenberg basic,941,0,0,5,1e-12,1.02458,0,8.20819e-11,3.50413e-12
Hessenberg basic,941,0,1,5,1e-12,3.77237,5.32907e-14,2.22803e-11,4.77567e-12
Hessenberg basic,942,0,0,5,1e-12,0.982018,0,7.74207e-11,3.52844e-12
Hessenberg basic,942,0,1,5,1e-12,3.12937,6.35529e-14,1.90767e-11,4.64793e-12
Hessenberg basic,943,0,0,5,1e-12,1.03503,0,7.79892e-11,3.79928e-12
Hessenberg basic,943,0,1,5,1e-12,3.84755,3.44906e-14,2.44596e-11,4.68269e-12
Hessenberg basic,944,0,0,5,1e-12,0.925392,0,7.9126e-11,3.30386e-12
Hessenberg basic,944,0,1,5,1e-12,3.01354,8.52651e-14,2.39403e-11,4.57194e-12
Hessenberg basic,945,0,0,5,1e-12,1.06276,0,7.95808e-11,3.21676e-12
Hessenberg basic,945,0,1,5,1e-12,3.86531,2.92964e-14,2.9008e-11,4.6303e-12
Hessenberg basic,946,0,0,5,1e-12,1.00656,0,7.71934e-11,3.59589e-12
Hessenberg basic,946,0,1,5,1e-12,3.17382,5.68434e-14,2.86202e-11,4.74397e-12
Hessenberg basic,947,0,0,5,1e-12,1.06809,0,7.70797e-11,3.18679e-12
Hessenberg basic,947,0,1,5,1e-12,3.54933,0,2.14569e-11,4.72874e-12
Hessenberg basic,948,0,0,5,1e-12,0.941646,0,7.25322e-11,3.3975e-12
Hessenberg basic,948,0,1,5,1e-12,3.03524,6.35529e-14,2.42814e-11,4.80577e-12
Hessenberg basic,949,0,0,5,1e-12,1.05878,0,7.66249e-11,3.40529e-12
Hessenberg basic,949,0,1,5,1e-12,3.82787,1.00364e-13,2.35527e-11,4.65283e-12
Hessenberg basic,950,0,0,5,1e-12,0.983765,0,7.66249e-11,3.58784e-12
Hessenberg basic,950,0,1,5,1e-12,3.19751,1.24345e-14,2.84544e-11,4.88299e-12
Hessenberg basic,951,0,0,5,1e-12,1.04897,0,7.62839e-11,3.64567e-12
Hessenberg basic,951,0,1,5,1e-12,3.92365,1.0875e-13,3.15329e-11,4.7296e-12
Hessenberg basic,952,0,0,5,1e-12,0.892737,0,7.75344e-11,3.67013e-12
Hessenberg basic,952,0,1,5,1e-12,3.0391,0,2.19262e-11,4.76513e-12
Hessenberg basic,953,0,0,5,1e-12,1.11017,0,8.04903e-11,3.36431e-12
Hessenberg basic,953,0,1,5,1e-12,3.92054,0,2.38493e-11,4.75181e-12
Hessenberg basic,954,0,0,5,1e-12,1.05665,0,7.48059e-11,3.58766e-12
Hessenberg basic,954,0,1,5,1e-12,3.27767,7.81597e-14,2.6144e-11,4.57128e-12
Hessenberg basic,955,0,0,5,1e-12,1.11461,0,7.85576e-11,3.49751e-12
Hessenberg basic,955,0,1,5,1e-12,3.97719,1.42109e-14,2.28752e-11,4.58669e-12
Hessenberg basic,956,0,0,5,1e-12,0.976946,0,7.83302e-11,3.53623e-12
Hessenberg basic,956,0,1,5,1e-12,3.0842,5.72858e-14,2.45187e-11,4.76948e-12
Hessenberg basic,957,0,0,5,1e-12,1.12825,0,7.78755e-11,3.46436e-12
Hessenberg basic,957,0,1,5,1e-12,4.09482,1.42109e-14,2.63873e-11,4.72719e-12
Hessenberg basic,958,0,0,5,1e-12,1.05539,0,7.53744e-11,3.78208e-12
Hessenberg basic,958,0,1,5,1e-12,3.32007,2.84217e-14,2.04548e-11,4.55525e-12
Hessenberg basic,959,0,0,5,1e-12,1.12313,0,7.76481e-11,3.30484e-12
Hessenberg basic,959,0,1,5,1e-12,4.13236,2.19829e-14,2.19789e-11,4.477e-12
Hessenberg basic,960,0,0,5,1e-12,1.35906,0,7.66249e-11,3.46874e-12
Hessenberg basic,960,0,1,5,1e-12,3.94144,1.0624e-13,2.76556e-11,4.58023e-12
Hessenberg basic,961,0,0,5,1e-12,1.1124,0,7.43512e-11,3.59444e-12
Hessenberg basic,961,0,1,5,1e-12,4.07845,4.01944e-14,2.31388e-11,4.67518e-12
Hessenberg basic,962,0,0,5,1e-12,1.07182,0,7.63976e-11,3.45512e-12
Hessenberg basic,962,0,1,5,1e-12,3.32635,5.72858e-14,2.73539e-11,4.76642e-12
Hessenberg basic,963,0,0,5,1e-12,1.1879,0,7.82165e-11,3.65633e-12
Hessenberg basic,963,0,1,5,1e-12,4.23569,2.13163e-14,2.4195e-11,4.67233e-12
Hessenberg basic,964,0,0,5,1e-12,0.926566,0,7.54881e-11,3.41236e-12
Hessenberg basic,964,0,1,5,1e-12,2.95927,6.35529e-14,2.17404e-11,4.777e-12
Hessenberg basic,965,0,0,5,1e-12,1.15755,0,7.28733e-11,3.41803e-12
Hessenberg basic,965,0,1,5,1e-12,3.89563,1.42754e-14,2.83901e-11,4.81837e-12
Hessenberg basic,966,0,0,5,1e-12,1.09339,0,7.79892e-11,3.58973e-12
Hessenberg basic,966,0,1,5,1e-12,3.46927,2.13163e-14,2.02123e-11,4.63878e-12
Hessenberg basic,967,0,0,5,1e-12,1.19081,0,7.35554e-11,3.50949e-12
Hessenberg basic,967,0,1,5,1e-12,4.20668,2.84217e-14,2.09989e-11,4.96246e-12
Hessenberg basic,968,0,0,5,1e-12,0.956731,0,7.61702e-11,3.26741e-12
Hessenberg basic,968,0,1,5,1e-12,3.26201,7.94411e-15,2.39392e-11,4.5179e-12
Hessenberg basic,969,0,0,5,1e-12,1.2037,0,7.85576e-11,3.27657e-12
Hessenberg basic,969,0,1,5,1e-12,4.26526,2.84217e-14,2.60321e-11,4.6861e-12
Hessenberg basic,970,0,0,5,1e-12,1.15219,0,7.95808e-11,3.57188e-12
Hessenberg basic,970,0,1,5,1e-12,3.58334,6.35529e-14,2.11222e-11,4.88461e-12
Hessenberg basic,971,0,0,5,1e-12,1.18515,0,7.70797e-11,3.55116e-12
Hessenberg basic,971,0,1,5,1e-12,4.1449,1.24345e-14,3.46968e-11,4.64834e-12
Hessenberg basic,972,0,0,5,1e-12,1.05297,0,7.40101e-11,3.21943e-12
Hessenberg basic,972,0,1,5,1e-12,3.2184,4.54969e-14,2.59186e-11,4.54006e-12
Hessenberg basic,973,0,0,5,1e-12,1.19438,0,8.10587e-11,3.4825e-12
Hessenberg basic,973,0,1,5,1e-12,4.07664,6.35529e-14,2.8316e-11,4.66657e-12
Hessenberg basic,974,0,0,5,1e-12,1.13613,0,8.73115e-11,3.31787e-12
Hessenberg basic,974,0,1,5,1e-12,3.50082,1.58882e-14,2.38824e-11,4.70666e-12
Hessenberg basic,975,0,0,5,1e-12,1.21885,0,8.32188e-11,3.47777e-12
Hessenberg basic,975,0,1,5,1e-12,4.29625,1.46482e-14,3.04078e-11,4.61093e-12
Hessenberg basic,976,0,0,5,1e-12,1.05407,0,7.54881e-11,3.4755e-12
Hessenberg basic,976,0,1,5,1e-12,3.37894,5.72858e-14,2.28689e-11,4.92246e-12
Hessenberg basic,977,0,0,5,1e-12,1.20199,0,7.77618e-11,3.55832e-12
Hessenberg basic,977,0,1,5,1e-12,4.24157,4.14314e-14,3.18385e-11,4.74959e-12
Hessenberg basic,978,0,0,5,1e-12,1.15902,0,7.99218e-11,3.18321e-12
Hessenberg basic,978,0,1,5,1e-12,3.56894,3.17764e-14,2.09001e-11,4.54206e-12
Hessenberg basic,979,0,0,5,1e-12,1.22126,0,8.16271e-11,3.30912e-12
Hessenberg basic,979,0,1,5,1e-12,4.26444,0,2.90874e-11,4.79164e-12
Hessenberg basic,980,0,0,5,1e-12,1.08288,0,7.62839e-11,3.28957e-12
Hessenberg basic,980,0,1,5,1e-12,3.38553,0,2.55124e-11,4.81184e-12
Hessenberg basic,981,0,0,5,1e-12,1.21823,0,8.16271e-11,3.631e-12
Hessenberg basic,981,0,1,5,1e-12,4.25411,2.5619e-14,2.30246e-11,4.64693e-12
Hessenberg basic,982,0,0,5,1e-12,1.16823,0,8.08313e-11,3.31728e-12
Hessenberg basic,982,0,1,5,1e-12,3.52915,2.87666e-14,3.23071e-11,4.73567e-12
Hessenberg basic,983,0,0,5,1e-12,1.30226,0,7.82165e-11,3.35884e-12
Hessenberg basic,983,0,1,5,1e-12,4.50329,3.62307e-14,2.50578e-11,4.81181e-12
Hessenberg basic,984,0,0,5,1e-12,1.03379,0,8.0945e-11,3.36274e-12
Hessenberg basic,984,0,1,5,1e-12,3.40277,1.42109e-14,2.20297e-11,4.58264e-12
Hessenberg basic,985,0,0,5,1e-12,1.25882,0,8.12861e-11,3.63219e-12
Hessenberg basic,985,0,1,5,1e-12,4.45769,5.42298e-14,2.31701e-11,4.85661e-12
Hessenberg basic,986,0,0,5,1e-12,1.23013,0,8.25366e-11,3.501e-12
Hessenberg basic,986,0,1,5,1e-12,3.674,2.84217e-14,2.20257e-11,4.75511e-12
Hessenberg basic,987,0,0,5,1e-12,1.26955,0,7.3328e-11,3.64062e-12
Hessenberg basic,987,0,1,5,1e-12,4.25672,3.17764e-14,2.50362e-11,4.61243e-12
Hessenberg basic,988,0,0,5,1e-12,1.1342,0,7.74207e-11,3.405e-12
Hessenberg basic,988,0,1,5,1e-12,3.4702,1.06581e-14,2.94885e-11,4.68227e-12
Hessenberg basic,989,0,0,5,1e-12,1.30632,0,7.65112e-11,3.21661e-12
Hessenberg basic,989,0,1,5,1e-12,4.60434,2.84217e-14,2.44965e-11,4.76092e-12
Hessenberg basic,990,0,0,5,1e-12,1.22393,0,8.00355e-11,3.42468e-12
Hessenberg basic,990,0,1,5,1e-12,3.74139,5.72858e-14,2.57425e-11,4.75373e-12
Hessenberg basic,991,0,0,5,1e-12,1.29081,0,7.68523e-11,3.2219e-12
Hessenberg basic,991,0,1,5,1e-12,4.6523,1.58882e-14,2.66134e-11,4.62816e-12
Hessenberg basic,992,0,0,5,1e-12,1.15762,0,7.88987e-11,3.67656e-12
Hessenberg basic,992,0,1,5,1e-12,4.46966,3.10227e-14,2.78709e-11,4.84604e-12
Hessenberg basic,993,0,0,5,1e-12,1.11677,0,7.43512e-11,3.56508e-12
Hessenberg basic,993,0,1,5,1e-12,4.32907,1.99572e-14,2.33033e-11,4.69274e-12
Hessenberg basic,994,0,0,5,1e-12,1.17063,0,7.76481e-11,3.51958e-12
Hessenberg basic,994,0,1,5,1e-12,3.72619,2.86429e-14,2.40847e-11,4.7112e-12
Hessenberg basic,995,0,0,5,1e-12,1.30302,0,7.66249e-11,3.4446e-12
Hessenberg basic,995,0,1,5,1e-12,4.66904,4.9738e-14,2.6594e-11,4.77596e-12
Hessenberg basic,996,0,0,5,1e-12,1.15823,0,7.49196e-11,3.58397e-12
Hessenberg basic,996,0,1,5,1e-12,3.51639,1.42109e-14,2.85321e-11,4.84943e-12
Hessenberg basic,997,0,0,5,1e-12,1.30843,0,7.53744e-11,3.49124e-12
Hessenberg basic,997,0,1,5,1e-12,4.70867,4.83221e-14,2.15505e-11,4.9286e-12
Hessenberg basic,998,0,0,5,1e-12,1.28126,0,7.99218e-11,3.38318e-12
Hessenberg basic,998,0,1,5,1e-12,3.779,7.98373e-14,2.51646e-11,4.90008e-12
Hessenberg basic,999,0,0,5,1e-12,1.31414,0,7.81029e-11,3.49321e-12
Hessenberg basic,999,0,1,5,1e-12,4.80382,6.39488e-14,2.57979e-11,4.77368e-12
Hessenberg basic,1000,0,0,5,1e-12,1.09169,0,7.77618e-11,3.26621e-12
Hessenberg basic,1000,0,1,5,1e-12,3.61615,2.00972e-14,2.9838e-11,4.78022e-12
