version, size, hermitian, complex, seed, tol, runtime in s,min_error, max_error, avg_error
Hessenberg basic,900,0,0,4,1e-12,0.860679,0,2.02363e-11,3.67063e-12
Hessenberg basic,900,0,1,4,1e-12,2.65265,5.68434e-14,2.91553e-11,4.56959e-12
Hessenberg basic,901,0,0,4,1e-12,0.832171,0,2.02363e-11,3.28752e-12
Hessenberg basic,901,0,1,4,1e-12,3.21276,6.07088e-14,2.10772e-11,4.27785e-12
Hessenberg basic,902,0,0,4,1e-12,0.79168,0,2.88765e-11,3.79681e-12
Hessenberg basic,902,0,1,4,1e-12,2.66986,7.10543e-14,2.14222e-11,4.53092e-12
Hessenberg basic,903,0,0,4,1e-12,0.857159,0,2.20552e-11,3.93997e-12
Hessenberg basic,903,0,1,4,1e-12,3.12426,1.42109e-14,1.95204e-11,4.59514e-12
Hessenberg basic,904,0,0,4,1e-12,0.734644,0,2.16681e-11,3.89463e-12
Hessenberg basic,904,0,1,4,1e-12,2.55331,8.03887e-14,2.71833e-11,4.55419e-12
Hessenberg basic,905,0,0,4,1e-12,1.17902,0,1.79625e-11,3.84526e-12
Hessenberg basic,905,0,1,4,1e-12,3.61079,2.84217e-14,2.12907e-11,4.47154e-12
Hessenberg basic,906,0,0,4,1e-12,1.16956,0,2.25416e-11,3.63318e-12
Hessenberg basic,906,0,1,4,1e-12,3.06415,5.1238e-14,2.26839e-11,4.48423e-12
Hessenberg basic,907,0,0,4,1e-12,1.12948,0,1.91222e-11,3.77569e-12
Hessenberg basic,907,0,1,4,1e-12,3.27585,4.49387e-14,2.32225e-11,4.47852e-12
Hessenberg basic,908,0,0,4,1e-12,0.827257,0,2.45564e-11,3.73405e-12
Hessenberg basic,908,0,1,4,1e-12,2.65337,4.49387e-14,2.57425e-11,4.64913e-12
Hessenberg basic,909,0,0,4,1e-12,0.924855,0,2.9786e-11,3.65778e-12
Hessenberg basic,909,0,1,4,1e-12,3.28283,9.55937e-14,2.49335e-11,4.51053e-12
Hessenberg basic,910,0,0,4,1e-12,0.931241,0,3.22871e-11,3.70682e-12
Hessenberg basic,910,0,1,4,1e-12,2.95726,0,2.23174e-11,4.40223e-12
Hessenberg basic,911,0,0,4,1e-12,0.864254,0,2.27374e-11,3.74716e-12
Hessenberg basic,911,0,1,4,1e-12,2.89097,4.76647e-14,2.45564e-11,4.67497e-12
Hessenberg basic,912,0,0,4,1e-12,0.800481,0,2.6148e-11,3.76451e-12
Hessenberg basic,912,0,1,4,1e-12,2.63993,5.68434e-14,2.25822e-11,4.66187e-12
Hessenberg basic,913,0,0,4,1e-12,0.891436,0,2.56932e-11,4.07872e-12
Hessenberg basic,913,0,1,4,1e-12,3.40376,7.10543e-15,2.03853e-11,4.64741e-12
Hessenberg basic,914,0,0,4,1e-12,0.886145,0,2.16005e-11,3.6355e-12
Hessenberg basic,914,0,1,4,1e-12,3.55807,1.1099e-13,2.43385e-11,4.5645e-12
Hessenberg basic,915,0,0,4,1e-12,0.918953,0,2.66027e-11,3.89464e-12
Hessenberg basic,915,0,1,4,1e-12,3.33213,3.55271e-15,2.63646e-11,4.42413e-12
Hessenberg basic,916,0,0,4,1e-12,0.905023,0,1.79625e-11,3.95551e-12
Hessenberg basic,916,0,1,4,1e-12,3.00544,4.01944e-14,2.23359e-11,4.29459e-12
Hessenberg basic,917,0,0,4,1e-12,1.04713,0,2.34195e-11,3.90512e-12
Hessenberg basic,917,0,1,4,1e-12,3.08095,0,2.54598e-11,4.51325e-12
Hessenberg basic,918,0,0,4,1e-12,0.901481,0,2.12485e-11,3.81782e-12
Hessenberg basic,918,0,1,4,1e-12,2.90092,8.03887e-14,2.2493e-11,4.44116e-12
Hessenberg basic,919,0,0,4,1e-12,0.946675,0,3.16049e-11,3.63891e-12
Hessenberg basic,919,0,1,4,1e-12,3.54989,5.68434e-14,1.89213e-11,4.54717e-12
Hessenberg basic,920,0,0,4,1e-12,0.860808,0,2.6148e-11,4.1591e-12
Hessenberg basic,920,0,1,4,1e-12,2.73034,4.01944e-14,3.12057e-11,4.68546e-12
Hessenberg basic,921,0,0,4,1e-12,1.0188,0,2.11458e-11,3.77381e-12
Hessenberg basic,921,0,1,4,1e-12,3.43998,4.01944e-14,2.3086e-11,4.98912e-12
Hessenberg basic,922,0,0,4,1e-12,0.870725,0,2.22826e-11,3.72811e-12
Hessenberg basic,922,0,1,4,1e-12,2.93267,6.35529e-14,2.19566e-11,4.62891e-12
Hessenberg basic,923,0,0,4,1e-12,0.924435,0,2.31921e-11,3.60613e-12
Hessenberg basic,923,0,1,4,1e-12,3.50547,3.90899e-14,2.41426e-11,4.67713e-12
Hessenberg basic,924,0,0,4,1e-12,0.866215,0,3.56977e-11,3.79979e-12
Hessenberg basic,924,0,1,4,1e-12,2.77746,5.68434e-14,2.36515e-11,4.73972e-12
Hessenberg basic,925,0,0,4,1e-12,0.980319,0,2.63753e-11,4.03527e-12
Hessenberg basic,925,0,1,4,1e-12,3.68494,2.84217e-14,2.2088e-11,4.39186e-12
Hessenberg basic,926,0,0,4,1e-12,0.905019,0,2.20552e-11,3.95578e-12
Hessenberg basic,926,0,1,4,1e-12,2.95935,5.1238e-14,2.9585e-11,4.57345e-12
Hessenberg basic,927,0,0,4,1e-12,0.957173,0,2.13731e-11,3.58201e-12
Hessenberg basic,927,0,1,4,1e-12,3.48632,2.13163e-14,2.81888e-11,4.51296e-12
Hessenberg basic,928,0,0,4,1e-12,0.883221,0,3.36513e-11,3.88944e-12
Hessenberg basic,928,0,1,4,1e-12,3.5347,5.68434e-14,2.38821e-11,4.40845e-12
Hessenberg basic,929,0,0,4,1e-12,0.95645,0,3.09228e-11,4.00511e-12
Hessenberg basic,929,0,1,4,1e-12,3.58353,6.35529e-14,2.40468e-11,4.60679e-12
Hessenberg basic,930,0,0,4,1e-12,0.945018,0,2.32392e-11,4.09094e-12
Hessenberg basic,930,0,1,4,1e-12,3.0327,5.68434e-14,2.83297e-11,4.62021e-12
Hessenberg basic,931,0,0,4,1e-12,0.98463,0,2.50111e-11,3.69545e-12
Hessenberg basic,931,0,1,4,1e-12,3.77128,3.17764e-14,2.56126e-11,4.70784e-12
Hessenberg basic,932,0,0,4,1e-12,0.881732,0,3.45608e-11,3.51602e-12
Hessenberg basic,932,0,1,4,1e-12,2.79625,9.10632e-14,2.17615e-11,4.6136e-12
Hessenberg basic,933,0,0,4,1e-12,0.991136,0,2.56932e-11,4.23016e-12
Hessenberg basic,933,0,1,4,1e-12,3.71984,6.30607e-14,2.45565e-11,4.56668e-12
Hessenberg basic,934,0,0,4,1e-12,0.95923,0,3.72893e-11,3.87387e-12
Hessenberg basic,934,0,1,4,1e-12,3.05384,5.85929e-14,2.31388e-11,4.61779e-12
Hessenberg basic,935,0,0,4,1e-12,1.0125,0,3.50155e-11,3.93854e-12
Hessenberg basic,935,0,1,4,1e-12,3.76704,5.85929e-14,2.16089e-11,4.44872e-12
Hessenberg basic,936,0,0,4,1e-12,0.871725,0,1.61435e-11,3.73958e-12
Hessenberg basic,936,0,1,4,1e-12,2.97198,3.90799e-14,2.55409e-11,4.53277e-12
Hessenberg basic,937,0,0,4,1e-12,1.01506,0,2.52385e-11,4.11767e-12
Hessenberg basic,937,0,1,4,1e-12,3.65292,0,2.32867e-11,4.51484e-12
Hessenberg basic,938,0,0,4,1e-12,0.940394,0,3.06954e-11,4.0196e-12
Hessenberg basic,938,0,1,4,1e-12,3.04081,1.42109e-14,2.46834e-11,4.68882e-12
Hessenberg basic,939,0,0,4,1e-12,1.01888,0,2.38742e-11,4.01498e-12
Hessenberg basic,939,0,1,4,1e-12,3.55321,5.68434e-14,2.7531e-11,4.80533e-12
Hessenberg basic,940,0,0,4,1e-12,0.919119,0,2.09184e-11,3.5589e-12
Hessenberg basic,940,0,1,4,1e-12,2.9578,2.92964e-14,2.20927e-11,4.52232e-12
Hessenberg basic,941,0,0,4,1e-12,1.02917,0,2.50111e-11,3.73967e-12
Hessenberg basic,941,0,1,4,1e-12,3.83973,6.35529e-14,2.21873e-11,4.55768e-12
Hessenberg basic,942,0,0,4,1e-12,1.00463,0,2.31921e-11,3.80005e-12
Hessenberg basic,942,0,1,4,1e-12,3.17212,8.55607e-14,2.43205e-11,4.70295e-12
Hessenberg basic,943,0,0,4,1e-12,1.03984,0,1.95541e-11,3.73685e-12
Hessenberg basic,943,0,1,4,1e-12,3.88023,4.26326e-14,2.8154e-11,4.77001e-12
Hessenberg basic,944,0,0,4,1e-12,0.938664,0,2.34195e-11,3.75178e-12
Hessenberg basic,944,0,1,4,1e-12,3.11283,4.9738e-14,2.06788e-11,4.65071e-12
Hessenberg basic,945,0,0,4,1e-12,1.07737,0,3.36513e-11,3.89886e-12
Hessenberg basic,945,0,1,4,1e-12,3.87868,9.09939e-14,1.88687e-11,4.57692e-12
Hessenberg basic,946,0,0,4,1e-12,1.01294,0,1.81942e-11,3.47338e-12
Hessenberg basic,946,0,1,4,1e-12,3.22555,2.13163e-14,3.05494e-11,4.6438e-12
Hessenberg basic,947,0,0,4,1e-12,1.06334,0,2.72848e-11,3.65249e-12
Hessenberg basic,947,0,1,4,1e-12,3.68956,5.85929e-14,2.18291e-11,4.7413e-12
Hessenberg basic,948,0,0,4,1e-12,0.963956,0,3.75167e-11,3.99746e-12
Hessenberg basic,948,0,1,4,1e-12,3.06008,1.46482e-14,2.40124e-11,4.64791e-12
Hessenberg basic,949,0,0,4,1e-12,1.09618,0,3.25144e-11,3.76407e-12
Hessenberg basic,949,0,1,4,1e-12,3.85413,7.41828e-14,2.81888e-11,4.67892e-12
Hessenberg basic,950,0,0,4,1e-12,0.991262,0,2.18865e-11,3.78879e-12
Hessenberg basic,950,0,1,4,1e-12,3.21286,3.55271e-14,2.23871e-11,4.69114e-12
Hessenberg basic,951,0,0,4,1e-12,1.044,0,2.251e-11,3.88248e-12
Hessenberg basic,951,0,1,4,1e-12,3.9728,2.84217e-14,1.96353e-11,4.55987e-12
Hessenberg basic,952,0,0,4,1e-12,0.897624,0,2.29647e-11,3.82162e-12
Hessenberg basic,952,0,1,4,1e-12,3.07571,1.42109e-14,2.21675e-11,4.55408e-12
Hessenberg basic,953,0,0,4,1e-12,1.13188,0,1.81899e-11,4.03235e-12
Hessenberg basic,953,0,1,4,1e-12,4.0272,5.68434e-14,2.54674e-11,4.58255e-12
Hessenberg basic,954,0,0,4,1e-12,1.06086,0,2.21132e-11,3.86653e-12
Hessenberg basic,954,0,1,4,1e-12,3.32732,8.26006e-14,2.14323e-11,4.61653e-12
Hessenberg basic,955,0,0,4,1e-12,1.12231,0,2.70575e-11,3.45876e-12
Hessenberg basic,955,0,1,4,1e-12,4.05725,5.42298e-14,2.44723e-11,4.62877e-12
Hessenberg basic,956,0,0,4,1e-12,0.981309,0,1.75208e-11,3.59915e-12
Hessenberg basic,956,0,1,4,1e-12,3.12369,0,2.89846e-11,4.94283e-12
Hessenberg basic,957,0,0,4,1e-12,1.20069,0,2.9786e-11,4.11113e-12
Hessenberg basic,957,0,1,4,1e-12,4.25367,1.43214e-14,2.44647e-11,4.65734e-12
Hessenberg basic,958,0,0,4,1e-12,1.16899,0,4.38831e-11,4.06093e-12
Hessenberg basic,958,0,1,4,1e-12,3.51361,0,2.52529e-11,5.02949e-12
Hessenberg basic,959,0,0,4,1e-12,1.28457,0,2.251e-11,3.62565e-12
Hessenberg basic,959,0,1,4,1e-12,3.95604,2.00972e-14,2.89765e-11,4.52627e-12
Hessenberg basic,960,0,0,4,1e-12,1.37569,0,2.7967e-11,4.03653e-12
Hessenberg basic,960,0,1,4,1e-12,4.39872,1.42109e-14,2.58407e-11,4.74374e-12
Hessenberg basic,961,0,0,4,1e-12,1.27558,0,2.56932e-11,3.82857e-12
Hessenberg basic,961,0,1,4,1e-12,4.09878,5.42298e-14,2.92288e-11,4.72679e-12
Hessenberg basic,962,0,0,4,1e-12,1.14039,0,2.53896e-11,4.16989e-12
Hessenberg basic,962,0,1,4,1e-12,3.43218,5.1238e-14,2.14287e-11,4.35341e-12
Hessenberg basic,963,0,0,4,1e-12,1.38898,0,2.34195e-11,3.83756e-12
Hessenberg basic,963,0,1,4,1e-12,4.17864,1.58882e-14,1.93952e-11,4.46361e-12
Hessenberg basic,964,0,0,4,1e-12,1.00648,0,2.9786e-11,3.70785e-12
Hessenberg basic,964,0,1,4,1e-12,3.22572,0,3.28838e-11,4.35801e-12
Hessenberg basic,965,0,0,4,1e-12,1.13809,0,2.18279e-11,3.85925e-12
Hessenberg basic,965,0,1,4,1e-12,3.92661,2.00972e-14,2.63116e-11,4.6808e-12
Hessenberg basic,966,0,0,4,1e-12,1.08871,0,2.75122e-11,3.6746e-12
Hessenberg basic,966,0,1,4,1e-12,3.42476,4.76647e-14,2.5957e-11,4.48674e-12
Hessenberg basic,967,0,0,4,1e-12,1.13493,0,2.10333e-11,3.8256e-12
Hessenberg basic,967,0,1,4,1e-12,4.27515,5.1238e-14,2.60918e-11,4.36049e-12
Hessenberg basic,968,0,0,4,1e-12,0.971832,0,2.64267e-11,3.96285e-12
Hessenberg basic,968,0,1,4,1e-12,3.24566,2.13163e-14,2.47169e-11,4.7111e-12
Hessenberg basic,969,0,0,4,1e-12,1.52304,0,2.33168e-11,3.91361e-12
Hessenberg basic,969,0,1,4,1e-12,4.87767,0,3.0344e-11,4.57842e-12
Hessenberg basic,970,0,0,4,1e-12,1.13298,0,2.77396e-11,3.74592e-12
Hessenberg basic,970,0,1,4,1e-12,3.48074,2.5619e-14,2.64361e-11,4.64817e-12
Hessenberg basic,971,0,0,4,1e-12,1.17465,0,2.41016e-11,3.65845e-12
Hessenberg basic,971,0,1,4,1e-12,4.13336,2.84217e-14,2.41056e-11,4.65031e-12
Hessenberg basic,972,0,0,4,1e-12,1.05394,0,2.81943e-11,3.82759e-12
Hessenberg basic,972,0,1,4,1e-12,3.43576,0,2.6691e-11,4.87373e-12
Hessenberg basic,973,0,0,4,1e-12,1.20323,0,2.86491e-11,3.77516e-12
Hessenberg basic,973,0,1,4,1e-12,4.09651,2.4869e-14,2.10263e-11,4.55091e-12
Hessenberg basic,974,0,0,4,1e-12,1.15764,0,3.56977e-11,4.12541e-12
Hessenberg basic,974,0,1,4,1e-12,4.22808,0,2.89979e-11,4.48831e-12
Hessenberg basic,975,0,0,4,1e-12,1.27563,0,2.09184e-11,4.0156e-12
Hessenberg basic,975,0,1,4,1e-12,4.31729,0,2.28293e-11,4.50408e-12
Hessenberg basic,976,0,0,4,1e-12,1.07957,0,2.2269e-11,3.86357e-12
Hessenberg basic,976,0,1,4,1e-12,3.44024,2.84217e-14,1.90523e-11,4.42613e-12
Hessenberg basic,977,0,0,4,1e-12,1.23076,0,2.08757e-11,3.70303e-12
Hessenberg basic,977,0,1,4,1e-12,4.34949,3.17764e-14,2.85103e-11,4.89056e-12
Hessenberg basic,978,0,0,4,1e-12,1.16663,0,2.16005e-11,3.76588e-12
Hessenberg basic,978,0,1,4,1e-12,3.69704,5.42298e-14,2.6393e-11,4.66435e-12
Hessenberg basic,979,0,0,4,1e-12,1.23504,0,2.72848e-11,3.80333e-12
Hessenberg basic,979,0,1,4,1e-12,4.26951,5.1238e-14,2.0077e-11,4.4224e-12
Hessenberg basic,980,0,0,4,1e-12,1.09077,0,2.41016e-11,3.94915e-12
Hessenberg basic,980,0,1,4,1e-12,3.38231,5.68434e-14,2.81944e-11,4.49357e-12
Hessenberg basic,981,0,0,4,1e-12,1.45996,0,2.91038e-11,3.92557e-12
Hessenberg basic,981,0,1,4,1e-12,4.26435,6.43424e-14,2.59206e-11,4.94608e-12
Hessenberg basic,982,0,0,4,1e-12,1.18393,0,2.50111e-11,3.73854e-12
Hessenberg basic,982,0,1,4,1e-12,3.57381,3.77659e-14,2.09295e-11,4.41904e-12
Hessenberg basic,983,0,0,4,1e-12,1.53647,0,3.02407e-11,3.88934e-12
Hessenberg basic,983,0,1,4,1e-12,4.58836,1.58882e-14,2.11507e-11,4.65195e-12
Hessenberg basic,984,0,0,4,1e-12,1.11397,0,2.52385e-11,3.76412e-12
Hessenberg basic,984,0,1,4,1e-12,3.4596,2.13902e-14,2.49368e-11,4.54789e-12
Hessenberg basic,985,0,0,4,1e-12,1.34814,0,3.11502e-11,3.55164e-12
Hessenberg basic,985,0,1,4,1e-12,4.59703,2.84217e-14,2.75254e-11,4.93039e-12
Hessenberg basic,986,0,0,4,1e-12,1.22032,0,2.17499e-11,4.0621e-12
Hessenberg basic,986,0,1,4,1e-12,3.70168,2.92964e-14,2.89294e-11,4.57922e-12
Hessenberg basic,987,0,0,4,1e-12,1.35892,0,2.04593e-11,3.50016e-12
Hessenberg basic,987,0,1,4,1e-12,4.56853,0,2.31173e-11,4.72382e-12
Hessenberg basic,988,0,0,4,1e-12,1.16149,0,1.78746e-11,3.97105e-12
Hessenberg basic,988,0,1,4,1e-12,3.50831,4.26326e-14,2.47409e-11,4.49199e-12
Hessenberg basic,989,0,0,4,1e-12,1.31932,0,1.59818e-11,3.68233e-12
Hessenberg basic,989,0,1,4,1e-12,4.62059,5.72858e-14,2.30994e-11,4.59151e-12
Hessenberg basic,990,0,0,4,1e-12,1.24739,0,2.2003e-11,3.59188e-12
Hessenberg basic,990,0,1,4,1e-12,3.89002,5.72858e-14,2.72576e-11,4.86725e-12
Hessenberg basic,991,0,0,4,1e-12,1.34307,0,3.70619e-11,3.63663e-12
Hessenberg basic,991,0,1,4,1e-12,4.70449,4.01944e-14,2.40389e-11,4.74183e-12
Hessenberg basic,992,0,0,4,1e-12,1.16008,0,2.93312e-11,3.69547e-12
Hessenberg basic,992,0,1,4,1e-12,4.49203,3.82639e-14,2.55995e-11,4.59549e-12
Hessenberg basic,993,0,0,4,1e-12,1.14292,0,2.92741e-11,4.31457e-12
Hessenberg basic,993,0,1,4,1e-12,4.41188,2.84217e-14,2.34416e-11,4.66073e-12
Hessenberg basic,994,0,0,4,1e-12,1.1934,0,2.35804e-11,3.89552e-12
Hessenberg basic,994,0,1,4,1e-12,3.79125,1.42109e-14,3.14165e-11,5.05019e-12
Hessenberg basic,995,0,0,4,1e-12,1.30498,0,2.93312e-11,3.90659e-12
Hessenberg basic,995,0,1,4,1e-12,4.80158,4.83221e-14,3.42265e-11,4.53505e-12
Hessenberg basic,996,0,0,4,1e-12,1.16116,0,2.18279e-11,3.80737e-12
Hessenberg basic,996,0,1,4,1e-12,3.53373,2.00972e-14,2.61324e-11,4.72259e-12
Hessenberg basic,997,0,0,4,1e-12,1.29693,0,2.4914e-11,4.12024e-12
Hessenberg basic,997,0,1,4,1e-12,4.79132,4.05668e-14,2.20095e-11,4.50126e-12
Hessenberg basic,998,0,0,4,1e-12,1.27523,0,3.02407e-11,3.57626e-12
Hessenberg basic,998,0,1,4,1e-12,3.83242,3.10227e-14,2.6393e-11,4.6704e-12
Hessenberg basic,999,0,0,4,1e-12,1.31686,0,3.22871e-11,4.10431e-12
Hessenberg basic,999,0,1,4,1e-12,4.83315,1.12172e-14,2.84662e-11,4.74023e-12
Hessenberg basic,1000,0,0,4,1e-12,1.10311,0,2.11458e-11,3.80842e-12
Hessenberg basic,1000,0,1,4,1e-12,3.60868,1.67581e-14,2.65534e-11,4.50901e-12
