version, size, hermitian, complex, seed, tol, runtime in s,min_error, max_error, avg_error
Hessenberg basic,900,0,0,5,1e-12,0.768756,0,8.58336e-11,3.80923e-12
Hessenberg basic,901,0,0,5,1e-12,0.872383,0,7.94671e-11,3.92044e-12
Hessenberg basic,902,0,0,5,1e-12,0.825481,0,8.2764e-11,3.86164e-12
Hessenberg basic,903,0,0,5,1e-12,0.864914,0,7.99218e-11,3.77268e-12
Hessenberg basic,904,0,0,5,1e-12,0.742445,0,7.50333e-11,3.71483e-12
Hessenberg basic,905,0,0,5,1e-12,0.892112,0,7.66249e-11,3.55247e-12
Hessenberg basic,906,0,0,5,1e-12,0.850338,0,7.74207e-11,3.82921e-12
Hessenberg basic,907,0,0,5,1e-12,0.870826,0,8.2423e-11,3.84625e-12
Hessenberg basic,908,0,0,5,1e-12,0.809755,0,7.63976e-11,3.96525e-12
Hessenberg basic,909,0,0,5,1e-12,0.920848,0,7.21911e-11,3.61992e-12
Hessenberg basic,910,0,0,5,1e-12,0.959557,0,8.23093e-11,3.93892e-12
Hessenberg basic,911,0,0,5,1e-12,0.86722,0,7.65112e-11,3.97853e-12
Hessenberg basic,912,0,0,5,1e-12,0.809561,0,8.07177e-11,3.87867e-12
Hessenberg basic,913,0,0,5,1e-12,0.888881,0,7.77618e-11,3.56988e-12
Hessenberg basic,914,0,0,5,1e-12,0.876188,0,7.92397e-11,3.79907e-12
Hessenberg basic,915,0,0,5,1e-12,0.943296,0,7.88987e-11,4.05512e-12
Hessenberg basic,916,0,0,5,1e-12,0.836154,0,7.82165e-11,3.80212e-12
Hessenberg basic,917,0,0,5,1e-12,0.934373,0,7.52607e-11,3.76876e-12
Hessenberg basic,918,0,0,5,1e-12,0.893496,0,7.21911e-11,3.86364e-12
Hessenberg basic,919,0,0,5,1e-12,0.957015,0,7.53744e-11,4.00314e-12
Hessenberg basic,920,0,0,5,1e-12,0.786964,0,7.78755e-11,3.90934e-12
Hessenberg basic,921,0,0,5,1e-12,0.941661,0,8.03766e-11,4.04891e-12
Hessenberg basic,922,0,0,5,1e-12,0.87238,0,8.08313e-11,3.96762e-12
Hessenberg basic,923,0,0,5,1e-12,0.954612,0,8.21956e-11,4.07979e-12
Hessenberg basic,924,0,0,5,1e-12,0.844673,0,7.83302e-11,4.06177e-12
Hessenberg basic,925,0,0,5,1e-12,0.972414,0,7.66249e-11,3.88559e-12
Hessenberg basic,926,0,0,5,1e-12,0.911945,0,7.31006e-11,3.93156e-12
Hessenberg basic,927,0,0,5,1e-12,0.983642,0,8.29914e-11,3.86356e-12
Hessenberg basic,928,0,0,5,1e-12,0.885385,0,7.65112e-11,3.46712e-12
Hessenberg basic,929,0,0,5,1e-12,0.988131,0,7.21911e-11,3.63398e-12
Hessenberg basic,930,0,0,5,1e-12,0.945637,0,8.08313e-11,3.79321e-12
Hessenberg basic,931,0,0,5,1e-12,0.993648,0,7.58291e-11,3.75693e-12
Hessenberg basic,932,0,0,5,1e-12,0.909036,0,7.37828e-11,3.81938e-12
Hessenberg basic,933,0,0,5,1e-12,1.0119,0,7.90124e-11,3.87556e-12
Hessenberg basic,934,0,0,5,1e-12,0.974093,0,7.79892e-11,3.93234e-12
Hessenberg basic,935,0,0,5,1e-12,1.03252,0,7.56017e-11,3.61126e-12
Hessenberg basic,936,0,0,5,1e-12,0.864896,0,7.7307e-11,3.70523e-12
Hessenberg basic,937,0,0,5,1e-12,1.00636,0,7.63976e-11,3.32452e-12
Hessenberg basic,938,0,0,5,1e-12,0.963858,0,8.07177e-11,3.9629e-12
Hessenberg basic,939,0,0,5,1e-12,1.00657,0,8.73115e-11,3.99755e-12
Hessenberg basic,940,0,0,5,1e-12,0.935629,0,7.36691e-11,4.08216e-12
Hessenberg basic,941,0,0,5,1e-12,1.03316,0,8.20819e-11,3.50413e-12
Hessenberg basic,942,0,0,5,1e-12,1.01053,0,7.74207e-11,3.52844e-12
Hessenberg basic,943,0,0,5,1e-12,1.06901,0,7.79892e-11,3.79928e-12
Hessenberg basic,944,0,0,5,1e-12,0.945791,0,7.9126e-11,3.30386e-12
Hessenberg basic,945,0,0,5,1e-12,1.08539,0,7.95808e-11,3.21676e-12
Hessenberg basic,946,0,0,5,1e-12,1.02825,0,7.71934e-11,3.59589e-12
Hessenberg basic,947,0,0,5,1e-12,1.1076,0,7.70797e-11,3.18679e-12
Hessenberg basic,948,0,0,5,1e-12,0.977784,0,7.25322e-11,3.3975e-12
Hessenberg basic,949,0,0,5,1e-12,1.10527,0,7.66249e-11,3.40529e-12
Hessenberg basic,950,0,0,5,1e-12,1.04041,0,7.66249e-11,3.58784e-12
Hessenberg basic,951,0,0,5,1e-12,1.06511,0,7.62839e-11,3.64567e-12
Hessenberg basic,952,0,0,5,1e-12,0.909737,0,7.75344e-11,3.67013e-12
Hessenberg basic,953,0,0,5,1e-12,1.11594,0,8.04903e-11,3.36431e-12
Hessenberg basic,954,0,0,5,1e-12,1.05929,0,7.48059e-11,3.58766e-12
Hessenberg basic,955,0,0,5,1e-12,1.11929,0,7.85576e-11,3.49751e-12
Hessenberg basic,956,0,0,5,1e-12,0.990354,0,7.83302e-11,3.53623e-12
Hessenberg basic,957,0,0,5,1e-12,1.13282,0,7.78755e-11,3.46436e-12
Hessenberg basic,958,0,0,5,1e-12,1.06436,0,7.53744e-11,3.78208e-12
Hessenberg basic,959,0,0,5,1e-12,1.10034,0,7.76481e-11,3.30484e-12
Hessenberg basic,960,0,0,5,1e-12,1.35418,0,7.66249e-11,3.46874e-12
Hessenberg basic,961,0,0,5,1e-12,1.10577,0,7.43512e-11,3.59444e-12
Hessenberg basic,962,0,0,5,1e-12,1.06708,0,7.63976e-11,3.45512e-12
Hessenberg basic,963,0,0,5,1e-12,1.17153,0,7.82165e-11,3.65633e-12
Hessenberg basic,964,0,0,5,1e-12,0.951184,0,7.54881e-11,3.41236e-12
Hessenberg basic,965,0,0,5,1e-12,1.11822,0,7.28733e-11,3.41803e-12
Hessenberg basic,966,0,0,5,1e-12,1.1201,0,7.79892e-11,3.58973e-12
Hessenberg basic,967,0,0,5,1e-12,1.13637,0,7.35554e-11,3.50949e-12
Hessenberg basic,968,0,0,5,1e-12,1.01369,0,7.61702e-11,3.26741e-12
Hessenberg basic,969,0,0,5,1e-12,1.20373,0,7.85576e-11,3.27657e-12
Hessenberg basic,970,0,0,5,1e-12,1.13472,0,7.95808e-11,3.57188e-12
Hessenberg basic,971,0,0,5,1e-12,1.17498,0,7.70797e-11,3.55116e-12
Hessenberg basic,972,0,0,5,1e-12,1.07737,0,7.40101e-11,3.21943e-12
Hessenberg basic,973,0,0,5,1e-12,1.20091,0,8.10587e-11,3.4825e-12
Hessenberg basic,974,0,0,5,1e-12,1.14526,0,8.73115e-11,3.31787e-12
Hessenberg basic,975,0,0,5,1e-12,1.23871,0,8.32188e-11,3.47777e-12
Hessenberg basic,976,0,0,5,1e-12,1.06453,0,7.54881e-11,3.4755e-12
Hessenberg basic,977,0,0,5,1e-12,1.23433,0,7.77618e-11,3.55832e-12
Hessenberg basic,978,0,0,5,1e-12,1.20007,0,7.99218e-11,3.18321e-12
Hessenberg basic,979,0,0,5,1e-12,1.2271,0,8.16271e-11,3.30912e-12
Hessenberg basic,980,0,0,5,1e-12,1.11483,0,7.62839e-11,3.28957e-12
Hessenberg basic,981,0,0,5,1e-12,1.257,0,8.16271e-11,3.631e-12
Hessenberg basic,982,0,0,5,1e-12,1.17315,0,8.08313e-11,3.31728e-12
Hessenberg basic,983,0,0,5,1e-12,1.26965,0,7.82165e-11,3.35884e-12
Hessenberg basic,984,0,0,5,1e-12,1.07155,0,8.0945e-11,3.36274e-12
Hessenberg basic,985,0,0,5,1e-12,1.27278,0,8.12861e-11,3.63219e-12
Hessenberg basic,986,0,0,5,1e-12,1.2293,0,8.25366e-11,3.501e-12
Hessenberg basic,987,0,0,5,1e-12,1.26951,0,7.3328e-11,3.64062e-12
Hessenberg basic,988,0,0,5,1e-12,1.14782,0,7.74207e-11,3.405e-12
Hessenberg basic,989,0,0,5,1e-12,1.31827,0,7.65112e-11,3.21661e-12
Hessenberg basic,990,0,0,5,1e-12,1.22614,0,8.00355e-11,3.42468e-12
Hessenberg basic,991,0,0,5,1e-12,1.31815,0,7.68523e-11,3.2219e-12
Hessenberg basic,992,0,0,5,1e-12,1.17813,0,7.88987e-11,3.67656e-12
Hessenberg basic,993,0,0,5,1e-12,1.22612,0,7.43512e-11,3.56508e-12
Hessenberg basic,994,0,0,5,1e-12,1.18656,0,7.76481e-11,3.51958e-12
Hessenberg basic,995,0,0,5,1e-12,1.33656,0,7.66249e-11,3.4446e-12
Hessenberg basic,996,0,0,5,1e-12,1.1892,0,7.49196e-11,3.58397e-12
Hessenberg basic,997,0,0,5,1e-12,1.30664,0,7.53744e-11,3.49124e-12
Hessenberg basic,998,0,0,5,1e-12,1.29358,0,7.99218e-11,3.38318e-12
Hessenberg basic,999,0,0,5,1e-12,1.31384,0,7.81029e-11,3.49321e-12
Hessenberg basic,1000,0,0,5,1e-12,1.12916,0,7.77618e-11,3.26621e-12
