version, size, hermitian, complex, seed, tol, runtime in s,min_error, max_error, avg_error
Hessenberg basic,900,0,0,10,1e-12,0.764959,0,2.36469e-11,3.81567e-12
Hessenberg basic,901,0,0,10,1e-12,0.854329,0,2.251e-11,3.85273e-12
Hessenberg basic,902,0,0,10,1e-12,0.794983,0,2.6148e-11,3.66118e-12
Hessenberg basic,903,0,0,10,1e-12,0.864303,0,2.18279e-11,3.69786e-12
Hessenberg basic,904,0,0,10,1e-12,0.738509,0,2.0691e-11,3.84607e-12
Hessenberg basic,905,0,0,10,1e-12,0.884456,0,2.11458e-11,4.09207e-12
Hessenberg basic,906,0,0,10,1e-12,0.818051,0,2.88765e-11,3.84839e-12
Hessenberg basic,907,0,0,10,1e-12,0.873736,0,2.10962e-11,3.63411e-12
Hessenberg basic,908,0,0,10,1e-12,0.798072,0,2.66027e-11,3.75279e-12
Hessenberg basic,909,0,0,10,1e-12,0.872836,0,2.66027e-11,3.85474e-12
Hessenberg basic,910,0,0,10,1e-12,0.877711,0,2.68301e-11,3.50013e-12
Hessenberg basic,911,0,0,10,1e-12,0.863976,0,2.50111e-11,3.65238e-12
Hessenberg basic,912,0,0,10,1e-12,0.786525,0,2.29647e-11,3.76864e-12
Hessenberg basic,913,0,0,10,1e-12,0.893774,0,2.45564e-11,3.89411e-12
Hessenberg basic,914,0,0,10,1e-12,0.867944,0,2.75122e-11,3.55628e-12
Hessenberg basic,915,0,0,10,1e-12,0.908443,0,3.11502e-11,3.82843e-12
Hessenberg basic,916,0,0,10,1e-12,0.830596,0,2.30952e-11,3.64004e-12
Hessenberg basic,917,0,0,10,1e-12,0.899453,0,2.36715e-11,3.68925e-12
Hessenberg basic,918,0,0,10,1e-12,0.880142,0,2.70575e-11,3.93039e-12
Hessenberg basic,919,0,0,10,1e-12,0.935978,0,2.17579e-11,4.00502e-12
Hessenberg basic,920,0,0,10,1e-12,0.792255,0,2.49211e-11,4.03622e-12
Hessenberg basic,921,0,0,10,1e-12,0.936102,0,2.13674e-11,3.72618e-12
Hessenberg basic,922,0,0,10,1e-12,0.867355,0,2.90812e-11,4.15175e-12
Hessenberg basic,923,0,0,10,1e-12,0.956954,0,2.22826e-11,3.71731e-12
Hessenberg basic,924,0,0,10,1e-12,0.85711,0,2.31921e-11,3.84698e-12
Hessenberg basic,925,0,0,10,1e-12,0.971577,0,2.77396e-11,3.90608e-12
Hessenberg basic,926,0,0,10,1e-12,0.914996,0,2.56932e-11,3.67923e-12
Hessenberg basic,927,0,0,10,1e-12,0.972924,0,2.81943e-11,3.6963e-12
Hessenberg basic,928,0,0,10,1e-12,0.888825,0,2.38742e-11,3.73586e-12
Hessenberg basic,929,0,0,10,1e-12,0.951738,0,2.84217e-11,3.82477e-12
Hessenberg basic,930,0,0,10,1e-12,0.939094,0,1.93268e-11,3.68648e-12
Hessenberg basic,931,0,0,10,1e-12,0.966629,0,2.42803e-11,4.05366e-12
Hessenberg basic,932,0,0,10,1e-12,0.902457,0,2.05795e-11,3.76521e-12
Hessenberg basic,933,0,0,10,1e-12,1.00157,0,3.07007e-11,4.09177e-12
Hessenberg basic,934,0,0,10,1e-12,0.956332,0,2.41016e-11,3.70949e-12
Hessenberg basic,935,0,0,10,1e-12,1.01694,0,2.70911e-11,3.98783e-12
Hessenberg basic,936,0,0,10,1e-12,0.860985,0,2.52385e-11,4.0463e-12
Hessenberg basic,937,0,0,10,1e-12,0.95371,0,2.0691e-11,3.854e-12
Hessenberg basic,938,0,0,10,1e-12,0.958916,0,2.4329e-11,3.50371e-12
Hessenberg basic,939,0,0,10,1e-12,0.992825,0,2.16005e-11,4.15652e-12
Hessenberg basic,940,0,0,10,1e-12,0.933353,0,2.29917e-11,3.79351e-12
Hessenberg basic,941,0,0,10,1e-12,1.03621,0,2.54965e-11,3.74026e-12
Hessenberg basic,942,0,0,10,1e-12,0.981206,0,2.50111e-11,3.98018e-12
Hessenberg basic,943,0,0,10,1e-12,1.03354,0,2.75122e-11,4.11057e-12
Hessenberg basic,944,0,0,10,1e-12,0.936231,0,2.84217e-11,4.10829e-12
Hessenberg basic,945,0,0,10,1e-12,1.07458,0,2.15733e-11,3.8864e-12
Hessenberg basic,946,0,0,10,1e-12,1.01543,0,2.68301e-11,3.6857e-12
Hessenberg basic,947,0,0,10,1e-12,1.06189,0,2.22826e-11,3.75555e-12
Hessenberg basic,948,0,0,10,1e-12,0.944467,0,3.43334e-11,4.12997e-12
Hessenberg basic,949,0,0,10,1e-12,1.05795,0,2.05733e-11,3.76878e-12
Hessenberg basic,950,0,0,10,1e-12,1.02435,0,2.95509e-11,4.30937e-12
Hessenberg basic,951,0,0,10,1e-12,1.05162,0,2.13731e-11,3.77411e-12
Hessenberg basic,952,0,0,10,1e-12,0.9271,0,2.31934e-11,4.0955e-12
Hessenberg basic,953,0,0,10,1e-12,1.11875,0,2.25229e-11,3.83286e-12
Hessenberg basic,954,0,0,10,1e-12,1.06006,0,2.71436e-11,3.84895e-12
Hessenberg basic,955,0,0,10,1e-12,1.1172,0,1.90093e-11,3.78455e-12
Hessenberg basic,956,0,0,10,1e-12,0.997107,0,3.75167e-11,3.86224e-12
Hessenberg basic,957,0,0,10,1e-12,1.13354,0,3.2236e-11,4.15556e-12
Hessenberg basic,958,0,0,10,1e-12,1.08319,0,2.77396e-11,3.99489e-12
Hessenberg basic,959,0,0,10,1e-12,1.10971,0,2.9786e-11,4.33572e-12
Hessenberg basic,960,0,0,10,1e-12,1.37007,0,3.00133e-11,3.8707e-12
Hessenberg basic,961,0,0,10,1e-12,1.13578,0,2.50111e-11,4.13782e-12
Hessenberg basic,962,0,0,10,1e-12,1.09751,0,2.83862e-11,4.08182e-12
Hessenberg basic,963,0,0,10,1e-12,1.1746,0,2.70575e-11,4.00642e-12
Hessenberg basic,964,0,0,10,1e-12,0.996988,0,2.27374e-11,3.7471e-12
Hessenberg basic,965,0,0,10,1e-12,1.15709,0,2.84217e-11,4.07965e-12
Hessenberg basic,966,0,0,10,1e-12,1.1161,0,2.36469e-11,3.95272e-12
Hessenberg basic,967,0,0,10,1e-12,1.10591,0,2.31921e-11,3.80908e-12
Hessenberg basic,968,0,0,10,1e-12,0.962548,0,2.38038e-11,4.09062e-12
Hessenberg basic,969,0,0,10,1e-12,1.17613,0,2.31556e-11,3.93366e-12
Hessenberg basic,970,0,0,10,1e-12,1.14127,0,2.50176e-11,3.87929e-12
Hessenberg basic,971,0,0,10,1e-12,1.19845,0,2.34429e-11,4.09862e-12
Hessenberg basic,972,0,0,10,1e-12,1.09684,0,2.95586e-11,3.87363e-12
Hessenberg basic,973,0,0,10,1e-12,1.2022,0,2.38742e-11,3.99932e-12
Hessenberg basic,974,0,0,10,1e-12,1.17975,0,2.86933e-11,4.1819e-12
Hessenberg basic,975,0,0,10,1e-12,1.25732,0,2.79043e-11,4.20389e-12
Hessenberg basic,976,0,0,10,1e-12,1.07132,0,2.52503e-11,4.31729e-12
Hessenberg basic,977,0,0,10,1e-12,1.2183,0,2.22826e-11,3.80331e-12
Hessenberg basic,978,0,0,10,1e-12,1.16725,0,1.90994e-11,4.013e-12
Hessenberg basic,979,0,0,10,1e-12,1.25543,0,2.77396e-11,3.73419e-12
Hessenberg basic,980,0,0,10,1e-12,1.12723,0,2.76766e-11,4.17914e-12
Hessenberg basic,981,0,0,10,1e-12,1.2509,0,2.251e-11,4.05373e-12
Hessenberg basic,982,0,0,10,1e-12,1.18897,0,1.92698e-11,3.76867e-12
Hessenberg basic,983,0,0,10,1e-12,1.26501,0,2.84217e-11,4.30419e-12
Hessenberg basic,984,0,0,10,1e-12,1.04471,0,2.50369e-11,4.16532e-12
Hessenberg basic,985,0,0,10,1e-12,1.28953,0,3.03239e-11,4.06527e-12
Hessenberg basic,986,0,0,10,1e-12,1.23893,0,2.12579e-11,3.97036e-12
Hessenberg basic,987,0,0,10,1e-12,1.29256,0,3.02416e-11,4.41597e-12
Hessenberg basic,988,0,0,10,1e-12,1.16845,0,2.58617e-11,4.31355e-12
Hessenberg basic,989,0,0,10,1e-12,1.30582,0,2.04409e-11,3.93252e-12
Hessenberg basic,990,0,0,10,1e-12,1.24446,0,2.27374e-11,4.0537e-12
Hessenberg basic,991,0,0,10,1e-12,1.30061,0,2.55391e-11,4.07047e-12
Hessenberg basic,992,0,0,10,1e-12,1.17595,0,2.88765e-11,4.01271e-12
Hessenberg basic,993,0,0,10,1e-12,1.16217,0,3.04414e-11,3.9616e-12
Hessenberg basic,994,0,0,10,1e-12,1.21879,0,3.04681e-11,4.31381e-12
Hessenberg basic,995,0,0,10,1e-12,1.32403,0,2.27263e-11,4.07364e-12
Hessenberg basic,996,0,0,10,1e-12,1.19709,0,2.39823e-11,4.09748e-12
Hessenberg basic,997,0,0,10,1e-12,1.32507,0,2.6148e-11,3.97459e-12
Hessenberg basic,998,0,0,10,1e-12,1.27498,0,1.89633e-11,3.76454e-12
Hessenberg basic,999,0,0,10,1e-12,1.31742,0,2.4329e-11,4.11851e-12
Hessenberg basic,1000,0,0,10,1e-12,1.10366,0,3.04878e-11,4.00748e-12
