version, size, hermitian, complex, seed, tol, runtime in s,min_error, max_error, avg_error
Hessenberg basic,900,0,0,9,1e-12,0.765062,0,2.72848e-11,3.7132e-12
Hessenberg basic,901,0,0,9,1e-12,0.861593,0,2.38742e-11,3.37886e-12
Hessenberg basic,902,0,0,9,1e-12,0.795918,0,2.01226e-11,3.65062e-12
Hessenberg basic,903,0,0,9,1e-12,0.867035,0,2.0989e-11,3.75864e-12
Hessenberg basic,904,0,0,9,1e-12,0.745297,0,2.57565e-11,3.79554e-12
Hessenberg basic,905,0,0,9,1e-12,0.870621,0,2.81943e-11,4.0861e-12
Hessenberg basic,906,0,0,9,1e-12,0.8176,0,2.23732e-11,3.76017e-12
Hessenberg basic,907,0,0,9,1e-12,0.861827,0,4.3201e-11,4.04936e-12
Hessenberg basic,908,0,0,9,1e-12,0.79688,0,3.06954e-11,3.81554e-12
Hessenberg basic,909,0,0,9,1e-12,0.888238,0,4.3201e-11,4.04795e-12
Hessenberg basic,910,0,0,9,1e-12,0.877398,0,2.63753e-11,3.85462e-12
Hessenberg basic,911,0,0,9,1e-12,0.855553,0,2.56932e-11,3.72601e-12
Hessenberg basic,912,0,0,9,1e-12,0.805455,0,2.35617e-11,3.70404e-12
Hessenberg basic,913,0,0,9,1e-12,0.880283,0,3.41061e-11,3.61381e-12
Hessenberg basic,914,0,0,9,1e-12,0.864647,0,2.27374e-11,3.97608e-12
Hessenberg basic,915,0,0,9,1e-12,0.897683,0,2.93312e-11,3.87362e-12
Hessenberg basic,916,0,0,9,1e-12,0.829647,0,2.47837e-11,4.34881e-12
Hessenberg basic,917,0,0,9,1e-12,0.897185,0,2.47475e-11,3.64127e-12
Hessenberg basic,918,0,0,9,1e-12,0.877849,0,2.50111e-11,3.87326e-12
Hessenberg basic,919,0,0,9,1e-12,0.924111,0,3.09228e-11,4.01209e-12
Hessenberg basic,920,0,0,9,1e-12,0.788858,0,2.48402e-11,3.6336e-12
Hessenberg basic,921,0,0,9,1e-12,0.923907,0,2.41016e-11,3.92959e-12
Hessenberg basic,922,0,0,9,1e-12,0.867752,0,1.97815e-11,3.91145e-12
Hessenberg basic,923,0,0,9,1e-12,0.94153,0,2.18657e-11,3.84385e-12
Hessenberg basic,924,0,0,9,1e-12,0.853262,0,3.18323e-11,3.89141e-12
Hessenberg basic,925,0,0,9,1e-12,0.961037,0,2.47837e-11,3.89504e-12
Hessenberg basic,926,0,0,9,1e-12,0.910619,0,2.50111e-11,4.14161e-12
Hessenberg basic,927,0,0,9,1e-12,0.964867,0,2.20552e-11,3.97436e-12
Hessenberg basic,928,0,0,9,1e-12,0.890084,0,1.68576e-11,3.3819e-12
Hessenberg basic,929,0,0,9,1e-12,0.972183,0,2.19416e-11,3.89422e-12
Hessenberg basic,930,0,0,9,1e-12,0.961257,0,2.90692e-11,4.1633e-12
Hessenberg basic,931,0,0,9,1e-12,0.962503,0,2.14082e-11,3.86569e-12
Hessenberg basic,932,0,0,9,1e-12,0.902403,0,2.37744e-11,3.79783e-12
Hessenberg basic,933,0,0,9,1e-12,1.00153,0,2.0691e-11,3.70766e-12
Hessenberg basic,934,0,0,9,1e-12,0.953282,0,2.23625e-11,3.57024e-12
Hessenberg basic,935,0,0,9,1e-12,1.00787,0,2.50111e-11,3.67232e-12
Hessenberg basic,936,0,0,9,1e-12,0.858492,0,1.93925e-11,4.01781e-12
Hessenberg basic,937,0,0,9,1e-12,0.939999,0,3.54703e-11,3.7486e-12
Hessenberg basic,938,0,0,9,1e-12,0.956711,0,2.75122e-11,3.6142e-12
Hessenberg basic,939,0,0,9,1e-12,0.991731,0,2.18752e-11,3.7295e-12
Hessenberg basic,940,0,0,9,1e-12,0.933583,0,2.07375e-11,3.58045e-12
Hessenberg basic,941,0,0,9,1e-12,1.0265,0,2.04652e-11,3.48805e-12
Hessenberg basic,942,0,0,9,1e-12,0.977883,0,2.84217e-11,3.70449e-12
Hessenberg basic,943,0,0,9,1e-12,1.04538,0,2.09184e-11,3.58161e-12
Hessenberg basic,944,0,0,9,1e-12,0.935492,0,1.90994e-11,3.64344e-12
Hessenberg basic,945,0,0,9,1e-12,1.05998,0,2.261e-11,3.79219e-12
Hessenberg basic,946,0,0,9,1e-12,1.0117,0,2.04636e-11,3.42196e-12
Hessenberg basic,947,0,0,9,1e-12,1.0566,0,1.95541e-11,3.76487e-12
Hessenberg basic,948,0,0,9,1e-12,0.939927,0,2.46585e-11,3.65915e-12
Hessenberg basic,949,0,0,9,1e-12,1.08635,0,2.07397e-11,3.94838e-12
Hessenberg basic,950,0,0,9,1e-12,1.02882,0,2.11326e-11,4.14497e-12
Hessenberg basic,951,0,0,9,1e-12,1.06424,0,1.81899e-11,3.55938e-12
Hessenberg basic,952,0,0,9,1e-12,0.921622,0,1.84173e-11,3.6926e-12
Hessenberg basic,953,0,0,9,1e-12,1.11903,0,2.7531e-11,3.55066e-12
Hessenberg basic,954,0,0,9,1e-12,1.06221,0,2.38742e-11,3.78308e-12
Hessenberg basic,955,0,0,9,1e-12,1.12726,0,2.41016e-11,3.6988e-12
Hessenberg basic,956,0,0,9,1e-12,0.991696,0,2.02363e-11,3.64078e-12
Hessenberg basic,957,0,0,9,1e-12,1.13702,0,1.97988e-11,3.64435e-12
Hessenberg basic,958,0,0,9,1e-12,1.06314,0,2.25596e-11,3.75291e-12
Hessenberg basic,959,0,0,9,1e-12,1.12384,0,2.11458e-11,3.79313e-12
Hessenberg basic,960,0,0,9,1e-12,1.36866,0,2.43473e-11,3.78433e-12
Hessenberg basic,961,0,0,9,1e-12,1.13098,0,2.81943e-11,4.17359e-12
Hessenberg basic,962,0,0,9,1e-12,1.08191,0,2.8561e-11,3.74835e-12
Hessenberg basic,963,0,0,9,1e-12,1.18393,0,2.33292e-11,4.09477e-12
Hessenberg basic,964,0,0,9,1e-12,0.99461,0,2.4329e-11,3.96746e-12
Hessenberg basic,965,0,0,9,1e-12,1.14329,0,2.43802e-11,3.79145e-12
Hessenberg basic,966,0,0,9,1e-12,1.11431,0,2.41016e-11,3.94449e-12
Hessenberg basic,967,0,0,9,1e-12,1.14166,0,2.38742e-11,4.30436e-12
Hessenberg basic,968,0,0,9,1e-12,0.958996,0,2.72006e-11,3.95293e-12
Hessenberg basic,969,0,0,9,1e-12,1.19278,0,2.11458e-11,3.72277e-12
Hessenberg basic,970,0,0,9,1e-12,1.13683,0,2.52385e-11,3.60925e-12
Hessenberg basic,971,0,0,9,1e-12,1.19257,0,2.18279e-11,3.68242e-12
Hessenberg basic,972,0,0,9,1e-12,1.07988,0,2.29118e-11,3.95779e-12
Hessenberg basic,973,0,0,9,1e-12,1.19504,0,2.59206e-11,3.93259e-12
Hessenberg basic,974,0,0,9,1e-12,1.14006,0,3.31966e-11,3.81091e-12
Hessenberg basic,975,0,0,9,1e-12,1.2218,0,2.4329e-11,3.76236e-12
Hessenberg basic,976,0,0,9,1e-12,1.06983,0,2.41595e-11,3.8574e-12
Hessenberg basic,977,0,0,9,1e-12,1.22852,0,2.70575e-11,3.66012e-12
Hessenberg basic,978,0,0,9,1e-12,1.18385,0,1.97815e-11,3.8101e-12
Hessenberg basic,979,0,0,9,1e-12,1.22787,0,3.09228e-11,3.89589e-12
Hessenberg basic,980,0,0,9,1e-12,1.10323,0,2.13731e-11,3.64241e-12
Hessenberg basic,981,0,0,9,1e-12,1.25592,0,1.94338e-11,3.49338e-12
Hessenberg basic,982,0,0,9,1e-12,1.17463,0,2.00089e-11,3.68153e-12
Hessenberg basic,983,0,0,9,1e-12,1.24948,0,2.70575e-11,3.75581e-12
Hessenberg basic,984,0,0,9,1e-12,1.0334,0,2.41498e-11,3.80981e-12
Hessenberg basic,985,0,0,9,1e-12,1.26741,0,3.97904e-11,3.99066e-12
Hessenberg basic,986,0,0,9,1e-12,1.22224,0,2.59206e-11,3.56661e-12
Hessenberg basic,987,0,0,9,1e-12,1.25978,0,2.70575e-11,3.91213e-12
Hessenberg basic,988,0,0,9,1e-12,1.14836,0,2.36469e-11,3.59561e-12
Hessenberg basic,989,0,0,9,1e-12,1.29435,0,2.31921e-11,3.81634e-12
Hessenberg basic,990,0,0,9,1e-12,1.22719,0,2.41016e-11,3.66734e-12
Hessenberg basic,991,0,0,9,1e-12,1.27723,0,2.63753e-11,3.49779e-12
Hessenberg basic,992,0,0,9,1e-12,1.16381,0,2.18849e-11,3.61941e-12
Hessenberg basic,993,0,0,9,1e-12,1.14079,0,2.47837e-11,3.46306e-12
Hessenberg basic,994,0,0,9,1e-12,1.1853,0,2.16005e-11,3.5011e-12
Hessenberg basic,995,0,0,9,1e-12,1.3063,0,2.63753e-11,3.70547e-12
Hessenberg basic,996,0,0,9,1e-12,1.1818,0,3.47882e-11,3.73565e-12
Hessenberg basic,997,0,0,9,1e-12,1.30842,0,2.40471e-11,3.99159e-12
Hessenberg basic,998,0,0,9,1e-12,1.28838,0,3.11365e-11,4.01915e-12
Hessenberg basic,999,0,0,9,1e-12,1.29948,0,1.99429e-11,3.88701e-12
Hessenberg basic,1000,0,0,9,1e-12,1.09486,0,2.22826e-11,3.80026e-12
