version, size, hermitian, complex, seed, tol, runtime in s,min_error, max_error, avg_error
Hessenberg basic,900,0,0,1,1e-12,0.818449,0,2.0691e-11,3.74704e-12
Hessenberg basic,900,0,1,1,1e-12,2.61618,2.86429e-14,2.51657e-11,4.66873e-12
Hessenberg basic,901,0,0,1,1e-12,0.862725,0,2.03484e-11,4.0571e-12
Hessenberg basic,901,0,1,1,1e-12,3.22105,1.42109e-14,2.19995e-11,4.46369e-12
Hessenberg basic,902,0,0,1,1e-12,0.830165,0,2.0691e-11,3.818e-12
Hessenberg basic,902,0,1,1,1e-12,2.96203,0,2.31766e-11,4.5282e-12
Hessenberg basic,903,0,0,1,1e-12,0.936446,0,3.81988e-11,3.90185e-12
Hessenberg basic,903,0,1,1,1e-12,3.47711,1.42109e-14,2.39108e-11,4.7387e-12
Hessenberg basic,904,0,0,1,1e-12,0.744701,0,1.65983e-11,4.01141e-12
Hessenberg basic,904,0,1,1,1e-12,2.77069,2.13163e-14,2.56691e-11,4.53811e-12
Hessenberg basic,905,0,0,1,1e-12,0.872932,0,3.20597e-11,4.23241e-12
Hessenberg basic,905,0,1,1,1e-12,3.59446,0,2.64392e-11,4.7481e-12
Hessenberg basic,906,0,0,1,1e-12,0.841412,0,2.07123e-11,4.22929e-12
Hessenberg basic,906,0,1,1,1e-12,3.06404,5.68434e-14,2.86635e-11,4.59212e-12
Hessenberg basic,907,0,0,1,1e-12,0.925139,0,2.3152e-11,4.04463e-12
Hessenberg basic,907,0,1,1,1e-12,3.41004,2.84217e-14,2.41016e-11,4.58078e-12
Hessenberg basic,908,0,0,1,1e-12,0.845123,0,2.11458e-11,3.89746e-12
Hessenberg basic,908,0,1,1,1e-12,2.62026,8.47454e-14,2.4776e-11,4.66072e-12
Hessenberg basic,909,0,0,1,1e-12,0.907373,0,2.93312e-11,3.7409e-12
Hessenberg basic,909,0,1,1,1e-12,3.35327,2.84217e-14,2.30347e-11,4.52099e-12
Hessenberg basic,910,0,0,1,1e-12,1.10234,0,2.01854e-11,3.74194e-12
Hessenberg basic,910,0,1,1,1e-12,3.16157,3.90799e-14,2.2776e-11,4.65765e-12
Hessenberg basic,911,0,0,1,1e-12,0.999463,0,2.38742e-11,3.87942e-12
Hessenberg basic,911,0,1,1,1e-12,2.88013,4.01944e-14,2.22295e-11,4.76412e-12
Hessenberg basic,912,0,0,1,1e-12,0.793025,0,4.00178e-11,3.49144e-12
Hessenberg basic,912,0,1,1,1e-12,2.63781,5.68434e-14,2.57184e-11,4.66706e-12
Hessenberg basic,913,0,0,1,1e-12,0.882202,0,3.50155e-11,4.2795e-12
Hessenberg basic,913,0,1,1,1e-12,3.19396,6.90955e-14,2.97896e-11,4.53435e-12
Hessenberg basic,914,0,0,1,1e-12,0.847367,0,2.04636e-11,3.7806e-12
Hessenberg basic,914,0,1,1,1e-12,2.83032,2.84217e-14,2.49283e-11,4.69805e-12
Hessenberg basic,915,0,0,1,1e-12,0.899578,0,2.23949e-11,3.9662e-12
Hessenberg basic,915,0,1,1,1e-12,3.2757,4.26326e-14,2.34609e-11,4.76394e-12
Hessenberg basic,916,0,0,1,1e-12,0.810514,0,2.0674e-11,4.00873e-12
Hessenberg basic,916,0,1,1,1e-12,2.69408,6.35529e-14,3.654e-11,4.87262e-12
Hessenberg basic,917,0,0,1,1e-12,0.901504,0,3.09228e-11,4.25505e-12
Hessenberg basic,917,0,1,1,1e-12,2.74618,2.13163e-14,3.28333e-11,4.8334e-12
Hessenberg basic,918,0,0,1,1e-12,0.875169,0,1.88545e-11,3.93565e-12
Hessenberg basic,918,0,1,1,1e-12,2.85276,3.49902e-14,2.70462e-11,4.55576e-12
Hessenberg basic,919,0,0,1,1e-12,0.918584,0,2.27374e-11,4.12006e-12
Hessenberg basic,919,0,1,1,1e-12,3.46795,3.17764e-14,2.28508e-11,4.61785e-12
Hessenberg basic,920,0,0,1,1e-12,0.7794,0,3.81988e-11,3.7153e-12
Hessenberg basic,920,0,1,1,1e-12,2.66201,5.68434e-14,2.43205e-11,4.5802e-12
Hessenberg basic,921,0,0,1,1e-12,0.916004,0,3.04681e-11,3.76573e-12
Hessenberg basic,921,0,1,1,1e-12,3.45827,0,2.66803e-11,4.65164e-12
Hessenberg basic,922,0,0,1,1e-12,0.861586,0,3.04681e-11,3.82066e-12
Hessenberg basic,922,0,1,1,1e-12,2.85445,4.27803e-14,2.60799e-11,4.5075e-12
Hessenberg basic,923,0,0,1,1e-12,0.908236,0,4.25189e-11,4.18876e-12
Hessenberg basic,923,0,1,1,1e-12,3.46029,0,2.86319e-11,4.53391e-12
Hessenberg basic,924,0,0,1,1e-12,0.841444,0,2.47837e-11,3.52156e-12
Hessenberg basic,924,0,1,1,1e-12,2.69503,2.84217e-14,2.90463e-11,4.85278e-12
Hessenberg basic,925,0,0,1,1e-12,0.949642,0,3.66072e-11,4.23156e-12
Hessenberg basic,925,0,1,1,1e-12,3.64845,2.84217e-14,2.62072e-11,4.59617e-12
Hessenberg basic,926,0,0,1,1e-12,0.906503,0,4.02451e-11,3.80757e-12
Hessenberg basic,926,0,1,1,1e-12,2.94861,1.58882e-14,3.01002e-11,4.66149e-12
Hessenberg basic,927,0,0,1,1e-12,0.954078,0,3.70619e-11,3.67483e-12
Hessenberg basic,927,0,1,1,1e-12,3.54885,6.35529e-14,2.5249e-11,4.79584e-12
Hessenberg basic,928,0,0,1,1e-12,0.879179,0,2.47837e-11,4.04309e-12
Hessenberg basic,928,0,1,1,1e-12,3.49538,2.84217e-14,2.6055e-11,4.5053e-12
Hessenberg basic,929,0,0,1,1e-12,0.944257,0,3.13776e-11,3.72675e-12
Hessenberg basic,929,0,1,1,1e-12,3.59312,3.17764e-14,2.30751e-11,4.53531e-12
Hessenberg basic,930,0,0,1,1e-12,0.92035,0,3.27418e-11,3.71204e-12
Hessenberg basic,930,0,1,1,1e-12,2.97698,0,2.31433e-11,4.6687e-12
Hessenberg basic,931,0,0,1,1e-12,0.957582,0,2.6148e-11,4.10537e-12
Hessenberg basic,931,0,1,1,1e-12,3.72641,0,2.39597e-11,4.66832e-12
Hessenberg basic,932,0,0,1,1e-12,0.876931,0,2.70575e-11,3.77471e-12
Hessenberg basic,932,0,1,1,1e-12,2.80682,3.77659e-14,2.35987e-11,4.59962e-12
Hessenberg basic,933,0,0,1,1e-12,0.992835,0,3.04681e-11,3.7079e-12
Hessenberg basic,933,0,1,1,1e-12,3.70647,6.35529e-14,2.20309e-11,4.57608e-12
Hessenberg basic,934,0,0,1,1e-12,0.956365,0,2.6148e-11,4.09275e-12
Hessenberg basic,934,0,1,1,1e-12,2.99504,3.55271e-14,2.28684e-11,4.62761e-12
Hessenberg basic,935,0,0,1,1e-12,0.998788,0,2.75122e-11,3.9502e-12
Hessenberg basic,935,0,1,1,1e-12,3.72408,0,3.3275e-11,4.91232e-12
Hessenberg basic,936,0,0,1,1e-12,0.867375,0,2.37144e-11,3.70938e-12
Hessenberg basic,936,0,1,1,1e-12,2.87424,0,2.47381e-11,4.60926e-12
Hessenberg basic,937,0,0,1,1e-12,0.934525,0,3.29692e-11,3.81995e-12
Hessenberg basic,937,0,1,1,1e-12,3.55484,1.42109e-14,2.75744e-11,4.45291e-12
Hessenberg basic,938,0,0,1,1e-12,0.932203,0,2.4329e-11,3.75947e-12
Hessenberg basic,938,0,1,1,1e-12,3.01258,2.84217e-14,2.68576e-11,4.95187e-12
Hessenberg basic,939,0,0,1,1e-12,0.98093,0,2.54659e-11,3.54467e-12
Hessenberg basic,939,0,1,1,1e-12,3.50767,0,2.4133e-11,4.64099e-12
Hessenberg basic,940,0,0,1,1e-12,0.909814,0,2.16005e-11,4.1786e-12
Hessenberg basic,940,0,1,1,1e-12,2.84811,0,2.59748e-11,4.85299e-12
Hessenberg basic,941,0,0,1,1e-12,1.03342,0,4.54747e-11,3.86013e-12
Hessenberg basic,941,0,1,1,1e-12,3.77022,2.19723e-14,3.58186e-11,4.9292e-12
Hessenberg basic,942,0,0,1,1e-12,0.976912,0,2.11458e-11,4.19935e-12
Hessenberg basic,942,0,1,1,1e-12,3.12985,5.85929e-14,2.3269e-11,4.74879e-12
Hessenberg basic,943,0,0,1,1e-12,1.02243,0,2.68301e-11,3.79183e-12
Hessenberg basic,943,0,1,1,1e-12,3.78804,1.42109e-14,2.67467e-11,4.94532e-12
Hessenberg basic,944,0,0,1,1e-12,0.927438,0,2.34195e-11,3.85074e-12
Hessenberg basic,944,0,1,1,1e-12,3.03444,1.46482e-14,2.48296e-11,4.79104e-12
Hessenberg basic,945,0,0,1,1e-12,1.07379,0,1.89052e-11,3.78733e-12
Hessenberg basic,945,0,1,1,1e-12,3.91328,7.10543e-15,2.55115e-11,4.82645e-12
Hessenberg basic,946,0,0,1,1e-12,1.03605,0,2.28262e-11,4.2639e-12
Hessenberg basic,946,0,1,1,1e-12,3.24524,5.1238e-14,2.67638e-11,4.84901e-12
Hessenberg basic,947,0,0,1,1e-12,1.06599,0,4.61569e-11,3.68841e-12
Hessenberg basic,947,0,1,1,1e-12,3.64265,2.84217e-14,2.4342e-11,4.77422e-12
Hessenberg basic,948,0,0,1,1e-12,0.949571,0,3.27418e-11,3.95583e-12
Hessenberg basic,948,0,1,1,1e-12,3.01549,2.13163e-14,2.49956e-11,4.50068e-12
Hessenberg basic,949,0,0,1,1e-12,1.05926,0,2.70575e-11,3.4915e-12
Hessenberg basic,949,0,1,1,1e-12,3.87416,2.38984e-14,2.6491e-11,4.86112e-12
Hessenberg basic,950,0,0,1,1e-12,1.06426,0,2.9786e-11,3.38007e-12
Hessenberg basic,950,0,1,1,1e-12,3.26507,0,2.59664e-11,4.91133e-12
Hessenberg basic,951,0,0,1,1e-12,1.06195,0,2.4329e-11,3.53867e-12
Hessenberg basic,951,0,1,1,1e-12,3.99295,2.27485e-14,2.62124e-11,4.6308e-12
Hessenberg basic,952,0,0,1,1e-12,0.891901,0,2.36469e-11,3.76597e-12
Hessenberg basic,952,0,1,1,1e-12,3.04904,2.00972e-14,2.84674e-11,4.38286e-12
Hessenberg basic,953,0,0,1,1e-12,1.13146,0,2.413e-11,3.97687e-12
Hessenberg basic,953,0,1,1,1e-12,3.83161,1.88829e-14,2.31173e-11,4.77019e-12
Hessenberg basic,954,0,0,1,1e-12,1.07952,0,3.79714e-11,3.6937e-12
Hessenberg basic,954,0,1,1,1e-12,3.27338,1.88829e-14,3.85211e-11,4.9523e-12
Hessenberg basic,955,0,0,1,1e-12,1.10284,0,2.29647e-11,3.74649e-12
Hessenberg basic,955,0,1,1,1e-12,3.9972,0,2.34592e-11,4.66081e-12
Hessenberg basic,956,0,0,1,1e-12,0.9836,0,2.54659e-11,3.58623e-12
Hessenberg basic,956,0,1,1,1e-12,3.08127,1.77636e-14,2.39445e-11,4.92208e-12
Hessenberg basic,957,0,0,1,1e-12,1.23461,0,3.75167e-11,3.67995e-12
Hessenberg basic,957,0,1,1,1e-12,4.23865,2.84217e-14,2.19412e-11,4.73701e-12
Hessenberg basic,958,0,0,1,1e-12,1.14146,0,3.54703e-11,3.85882e-12
Hessenberg basic,958,0,1,1,1e-12,3.45143,4.32206e-14,2.38932e-11,4.65404e-12
Hessenberg basic,959,0,0,1,1e-12,1.15181,0,3.36513e-11,3.64654e-12
Hessenberg basic,959,0,1,1,1e-12,4.09868,0,3.4887e-11,4.95878e-12
Hessenberg basic,960,0,0,1,1e-12,1.42964,0,3.43334e-11,3.79036e-12
Hessenberg basic,960,0,1,1,1e-12,3.95773,3.55271e-14,2.94719e-11,4.85746e-12
Hessenberg basic,961,0,0,1,1e-12,1.18217,0,1.97815e-11,3.574e-12
Hessenberg basic,961,0,1,1,1e-12,4.13354,6.35529e-14,2.56277e-11,4.761e-12
Hessenberg basic,962,0,0,1,1e-12,1.11135,0,3.72893e-11,3.86889e-12
Hessenberg basic,962,0,1,1,1e-12,3.46584,4.61853e-14,2.71328e-11,4.73031e-12
Hessenberg basic,963,0,0,1,1e-12,1.21353,0,2.66027e-11,3.66151e-12
Hessenberg basic,963,0,1,1,1e-12,4.34819,1.42109e-14,2.80696e-11,4.73996e-12
Hessenberg basic,964,0,0,1,1e-12,0.919901,0,1.63709e-11,3.29856e-12
Hessenberg basic,964,0,1,1,1e-12,2.90721,1.58882e-14,2.70768e-11,4.76737e-12
Hessenberg basic,965,0,0,1,1e-12,1.13,0,2.29647e-11,3.6897e-12
Hessenberg basic,965,0,1,1,1e-12,3.94153,2.24693e-14,2.77894e-11,4.66455e-12
Hessenberg basic,966,0,0,1,1e-12,1.17812,0,3.45608e-11,3.5595e-12
Hessenberg basic,966,0,1,1,1e-12,3.403,4.27803e-14,2.64634e-11,4.74092e-12
Hessenberg basic,967,0,0,1,1e-12,1.66256,0,2.13731e-11,3.89959e-12
Hessenberg basic,967,0,1,1,1e-12,4.25678,4.32206e-14,2.68339e-11,4.78123e-12
Hessenberg basic,968,0,0,1,1e-12,0.984417,0,2.72848e-11,3.96034e-12
Hessenberg basic,968,0,1,1,1e-12,3.52889,4.49387e-14,2.36387e-11,4.52684e-12
Hessenberg basic,969,0,0,1,1e-12,1.25081,0,2.27374e-11,3.52242e-12
Hessenberg basic,969,0,1,1,1e-12,4.28295,2.84217e-14,2.90772e-11,4.78599e-12
Hessenberg basic,970,0,0,1,1e-12,1.15317,0,2.38742e-11,3.83854e-12
Hessenberg basic,970,0,1,1,1e-12,3.53685,5.72858e-14,2.9997e-11,4.61265e-12
Hessenberg basic,971,0,0,1,1e-12,1.17988,0,2.52385e-11,3.48436e-12
Hessenberg basic,971,0,1,1,1e-12,4.27826,4.26326e-14,2.46463e-11,4.71954e-12
Hessenberg basic,972,0,0,1,1e-12,1.06935,0,2.38742e-11,3.57613e-12
Hessenberg basic,972,0,1,1,1e-12,3.2579,4.05461e-14,2.79598e-11,4.64475e-12
Hessenberg basic,973,0,0,1,1e-12,1.20524,0,2.09573e-11,3.93092e-12
Hessenberg basic,973,0,1,1,1e-12,4.12365,3.80251e-15,2.75152e-11,4.88718e-12
Hessenberg basic,974,0,0,1,1e-12,1.15963,0,1.95541e-11,3.7931e-12
Hessenberg basic,974,0,1,1,1e-12,3.58184,3.55271e-14,3.06609e-11,4.79526e-12
Hessenberg basic,975,0,0,1,1e-12,1.22187,0,2.70575e-11,3.72912e-12
Hessenberg basic,975,0,1,1,1e-12,4.26661,2.71149e-14,2.28225e-11,4.60791e-12
Hessenberg basic,976,0,0,1,1e-12,1.07288,0,3.11502e-11,3.66363e-12
Hessenberg basic,976,0,1,1,1e-12,3.46279,7.99361e-15,3.0091e-11,4.65983e-12
Hessenberg basic,977,0,0,1,1e-12,1.24165,0,2.91038e-11,3.87073e-12
Hessenberg basic,977,0,1,1,1e-12,4.24347,3.03544e-14,2.69666e-11,4.75567e-12
Hessenberg basic,978,0,0,1,1e-12,1.20036,0,3.04681e-11,3.49446e-12
Hessenberg basic,978,0,1,1,1e-12,3.65896,2.84217e-14,2.67947e-11,4.70568e-12
Hessenberg basic,979,0,0,1,1e-12,1.27255,0,1.86446e-11,3.68388e-12
Hessenberg basic,979,0,1,1,1e-12,4.65494,4.49387e-14,2.60955e-11,4.87412e-12
Hessenberg basic,980,0,0,1,1e-12,1.15891,0,2.41016e-11,3.85724e-12
Hessenberg basic,980,0,1,1,1e-12,3.60904,5.54952e-14,3.21396e-11,4.70914e-12
Hessenberg basic,981,0,0,1,1e-12,1.26694,0,4.36557e-11,3.68158e-12
Hessenberg basic,981,0,1,1,1e-12,4.27499,2.5619e-14,3.1983e-11,4.66036e-12
Hessenberg basic,982,0,0,1,1e-12,1.18077,0,1.95541e-11,3.48551e-12
Hessenberg basic,982,0,1,1,1e-12,3.57552,3.17764e-14,2.20262e-11,4.73161e-12
Hessenberg basic,983,0,0,1,1e-12,1.31004,0,2.11458e-11,3.8136e-12
Hessenberg basic,983,0,1,1,1e-12,4.28734,4.01944e-14,2.96322e-11,4.83655e-12
Hessenberg basic,984,0,0,1,1e-12,1.0453,0,2.91038e-11,3.65726e-12
Hessenberg basic,984,0,1,1,1e-12,3.67529,1.28095e-14,2.10674e-11,4.79758e-12
Hessenberg basic,985,0,0,1,1e-12,1.62647,0,2.38742e-11,3.76199e-12
Hessenberg basic,985,0,1,1,1e-12,4.78647,2.92964e-14,3.40985e-11,4.88043e-12
Hessenberg basic,986,0,0,1,1e-12,1.30436,0,2.50111e-11,3.52938e-12
Hessenberg basic,986,0,1,1,1e-12,3.74571,1.08052e-14,2.61706e-11,4.55931e-12
Hessenberg basic,987,0,0,1,1e-12,1.29283,0,2.18279e-11,3.6661e-12
Hessenberg basic,987,0,1,1,1e-12,4.29248,3.17764e-14,2.30111e-11,4.7994e-12
Hessenberg basic,988,0,0,1,1e-12,1.1529,0,2.251e-11,3.49158e-12
Hessenberg basic,988,0,1,1,1e-12,3.71826,0,2.93374e-11,4.85153e-12
Hessenberg basic,989,0,0,1,1e-12,1.30059,0,2.16005e-11,3.35422e-12
Hessenberg basic,989,0,1,1,1e-12,4.68385,2.84217e-14,2.215e-11,4.68716e-12
Hessenberg basic,990,0,0,1,1e-12,1.22802,0,1.90994e-11,3.55288e-12
Hessenberg basic,990,0,1,1,1e-12,3.80592,0,3.21072e-11,5.21434e-12
Hessenberg basic,991,0,0,1,1e-12,1.44014,0,2.02804e-11,3.58805e-12
Hessenberg basic,991,0,1,1,1e-12,5.2095,0,2.44162e-11,5.00617e-12
Hessenberg basic,992,0,0,1,1e-12,1.32488,0,2.04993e-11,3.54924e-12
Hessenberg basic,992,0,1,1,1e-12,4.46436,1.42109e-14,2.38645e-11,4.50249e-12
Hessenberg basic,993,0,0,1,1e-12,1.35544,0,2.59206e-11,3.4618e-12
Hessenberg basic,993,0,1,1,1e-12,4.20407,4.32206e-14,2.70297e-11,4.53606e-12
Hessenberg basic,994,0,0,1,1e-12,1.20136,0,1.69674e-11,3.53961e-12
Hessenberg basic,994,0,1,1,1e-12,3.85811,2.92964e-14,3.65727e-11,4.52047e-12
Hessenberg basic,995,0,0,1,1e-12,1.32751,0,2.29647e-11,3.46662e-12
Hessenberg basic,995,0,1,1,1e-12,5.39623,4.26326e-14,2.85445e-11,4.90537e-12
Hessenberg basic,996,0,0,1,1e-12,1.17867,0,3.9563e-11,3.80992e-12
Hessenberg basic,996,0,1,1,1e-12,3.57458,3.17764e-14,3.00135e-11,4.74587e-12
Hessenberg basic,997,0,0,1,1e-12,1.34044,0,2.22826e-11,3.94987e-12
Hessenberg basic,997,0,1,1,1e-12,4.72441,5.68434e-14,2.88155e-11,4.71209e-12
Hessenberg basic,998,0,0,1,1e-12,1.28995,0,4.00178e-11,3.61832e-12
Hessenberg basic,998,0,1,1,1e-12,3.97416,5.00227e-14,2.04396e-11,4.72797e-12
Hessenberg basic,999,0,0,1,1e-12,1.33656,0,2.6148e-11,3.53867e-12
Hessenberg basic,999,0,1,1,1e-12,4.7812,1.06581e-14,2.94271e-11,5.02592e-12
Hessenberg basic,1000,0,0,1,1e-12,1.09756,0,3.7744e-11,3.53157e-12
Hessenberg basic,1000,0,1,1,1e-12,3.76554,3.17764e-14,4.13276e-11,4.75972e-12
