version, size, hermitian, complex, seed, tol, runtime in s,min_error, max_error, avg_error
Hessenberg basic,900,0,0,8,1e-12,0.774299,0,2.0657e-11,3.9018e-12
Hessenberg basic,901,0,0,8,1e-12,0.857455,0,3.18323e-11,3.47134e-12
Hessenberg basic,902,0,0,8,1e-12,0.812317,0,1.77351e-11,3.52474e-12
Hessenberg basic,903,0,0,8,1e-12,0.879906,0,2.38742e-11,3.37636e-12
Hessenberg basic,904,0,0,8,1e-12,0.774303,0,3.29692e-11,3.81564e-12
Hessenberg basic,905,0,0,8,1e-12,0.900721,0,2.00089e-11,3.23881e-12
Hessenberg basic,906,0,0,8,1e-12,0.872625,0,2.64165e-11,3.78171e-12
Hessenberg basic,907,0,0,8,1e-12,0.910057,0,2.36198e-11,3.63042e-12
Hessenberg basic,908,0,0,8,1e-12,0.850344,0,2.0691e-11,3.64691e-12
Hessenberg basic,909,0,0,8,1e-12,0.919565,0,2.83817e-11,4.18625e-12
Hessenberg basic,910,0,0,8,1e-12,0.880771,0,2.05575e-11,3.68457e-12
Hessenberg basic,911,0,0,8,1e-12,0.860697,0,2.66027e-11,3.57388e-12
Hessenberg basic,912,0,0,8,1e-12,0.785671,0,1.86446e-11,3.30507e-12
Hessenberg basic,913,0,0,8,1e-12,0.896277,0,2.7967e-11,3.79158e-12
Hessenberg basic,914,0,0,8,1e-12,0.86482,0,2.57558e-11,3.8713e-12
Hessenberg basic,915,0,0,8,1e-12,0.911177,0,2.08639e-11,3.62771e-12
Hessenberg basic,916,0,0,8,1e-12,0.833609,0,2.30784e-11,3.83465e-12
Hessenberg basic,917,0,0,8,1e-12,0.895913,0,2.88765e-11,3.54185e-12
Hessenberg basic,918,0,0,8,1e-12,0.876954,0,2.70575e-11,3.58803e-12
Hessenberg basic,919,0,0,8,1e-12,0.912054,0,2.27374e-11,3.68335e-12
Hessenberg basic,920,0,0,8,1e-12,0.792578,0,2.91038e-11,3.58327e-12
Hessenberg basic,921,0,0,8,1e-12,0.933427,0,1.79625e-11,3.3992e-12
Hessenberg basic,922,0,0,8,1e-12,0.87,0,2.38038e-11,3.80514e-12
Hessenberg basic,923,0,0,8,1e-12,0.951211,0,3.20597e-11,3.8692e-12
Hessenberg basic,924,0,0,8,1e-12,0.856372,0,2.45564e-11,3.47304e-12
Hessenberg basic,925,0,0,8,1e-12,0.961554,0,2.54659e-11,3.92492e-12
Hessenberg basic,926,0,0,8,1e-12,0.916991,0,4.52474e-11,3.74442e-12
Hessenberg basic,927,0,0,8,1e-12,0.958698,0,2.04636e-11,3.66447e-12
Hessenberg basic,928,0,0,8,1e-12,0.890339,0,2.91038e-11,3.65893e-12
Hessenberg basic,929,0,0,8,1e-12,0.943951,0,4.38831e-11,3.986e-12
Hessenberg basic,930,0,0,8,1e-12,0.941175,0,2.81943e-11,3.60027e-12
Hessenberg basic,931,0,0,8,1e-12,0.965317,0,2.50111e-11,3.76102e-12
Hessenberg basic,932,0,0,8,1e-12,0.903501,0,2.00096e-11,3.47725e-12
Hessenberg basic,933,0,0,8,1e-12,1.00657,0,3.05435e-11,3.50753e-12
Hessenberg basic,934,0,0,8,1e-12,0.956127,0,3.88809e-11,3.80012e-12
Hessenberg basic,935,0,0,8,1e-12,1.00974,0,2.84217e-11,3.76224e-12
Hessenberg basic,936,0,0,8,1e-12,0.876488,0,2.63175e-11,3.77438e-12
Hessenberg basic,937,0,0,8,1e-12,0.970303,0,2.22826e-11,3.60854e-12
Hessenberg basic,938,0,0,8,1e-12,0.970583,0,1.8872e-11,3.88127e-12
Hessenberg basic,939,0,0,8,1e-12,1.0276,0,4.59295e-11,3.83963e-12
Hessenberg basic,940,0,0,8,1e-12,0.954524,0,2.50111e-11,3.27726e-12
Hessenberg basic,941,0,0,8,1e-12,1.20746,0,3.24608e-11,3.58543e-12
Hessenberg basic,942,0,0,8,1e-12,0.999469,0,2.42518e-11,3.75266e-12
Hessenberg basic,943,0,0,8,1e-12,1.03606,0,2.42003e-11,4.07165e-12
Hessenberg basic,944,0,0,8,1e-12,0.936446,0,2.75122e-11,3.94902e-12
Hessenberg basic,945,0,0,8,1e-12,1.08858,0,1.88271e-11,3.7889e-12
Hessenberg basic,946,0,0,8,1e-12,1.02,0,2.47837e-11,3.74026e-12
Hessenberg basic,947,0,0,8,1e-12,1.11459,0,2.45564e-11,3.42192e-12
Hessenberg basic,948,0,0,8,1e-12,0.950068,0,2.65458e-11,3.96954e-12
Hessenberg basic,949,0,0,8,1e-12,1.06374,0,4.22915e-11,3.73339e-12
Hessenberg basic,950,0,0,8,1e-12,1.07068,0,2.16005e-11,3.4452e-12
Hessenberg basic,951,0,0,8,1e-12,1.1189,0,2.75122e-11,3.94966e-12
Hessenberg basic,952,0,0,8,1e-12,0.923431,0,2.04636e-11,3.5479e-12
Hessenberg basic,953,0,0,8,1e-12,1.17061,0,2.93614e-11,3.88779e-12
Hessenberg basic,954,0,0,8,1e-12,1.081,0,2.47837e-11,3.72826e-12
Hessenberg basic,955,0,0,8,1e-12,1.1788,0,2.81943e-11,3.70777e-12
Hessenberg basic,956,0,0,8,1e-12,1.01543,0,2.20612e-11,3.98401e-12
Hessenberg basic,957,0,0,8,1e-12,1.12957,0,3.25144e-11,3.65937e-12
Hessenberg basic,958,0,0,8,1e-12,1.07206,0,2.63753e-11,3.6274e-12
Hessenberg basic,959,0,0,8,1e-12,1.13079,0,3.16049e-11,3.75913e-12
Hessenberg basic,960,0,0,8,1e-12,1.38959,0,2.18764e-11,3.51201e-12
Hessenberg basic,961,0,0,8,1e-12,1.13714,0,2.50111e-11,3.70576e-12
Hessenberg basic,962,0,0,8,1e-12,1.09115,0,3.00133e-11,3.50937e-12
Hessenberg basic,963,0,0,8,1e-12,1.17799,0,2.22826e-11,3.67264e-12
Hessenberg basic,964,0,0,8,1e-12,1.00214,0,2.50111e-11,3.62354e-12
Hessenberg basic,965,0,0,8,1e-12,1.14554,0,2.88765e-11,3.61481e-12
Hessenberg basic,966,0,0,8,1e-12,1.1687,0,2.04636e-11,3.48706e-12
Hessenberg basic,967,0,0,8,1e-12,1.1236,0,2.72848e-11,3.87034e-12
Hessenberg basic,968,0,0,8,1e-12,0.967189,0,3.56977e-11,3.84893e-12
Hessenberg basic,969,0,0,8,1e-12,1.19148,0,3.13776e-11,3.62863e-12
Hessenberg basic,970,0,0,8,1e-12,1.14077,0,2.32111e-11,3.55833e-12
Hessenberg basic,971,0,0,8,1e-12,1.19605,0,1.79625e-11,3.51766e-12
Hessenberg basic,972,0,0,8,1e-12,1.08477,0,3.56977e-11,3.60338e-12
Hessenberg basic,973,0,0,8,1e-12,1.18782,0,2.81943e-11,3.59552e-12
Hessenberg basic,974,0,0,8,1e-12,1.14996,0,2.95586e-11,3.70883e-12
Hessenberg basic,975,0,0,8,1e-12,1.23337,0,2.63753e-11,3.70073e-12
Hessenberg basic,976,0,0,8,1e-12,1.07295,0,3.27418e-11,3.79576e-12
Hessenberg basic,977,0,0,8,1e-12,1.24125,0,2.88765e-11,3.59964e-12
Hessenberg basic,978,0,0,8,1e-12,1.18548,0,2.91038e-11,3.66996e-12
Hessenberg basic,979,0,0,8,1e-12,1.23535,0,2.45564e-11,3.68964e-12
Hessenberg basic,980,0,0,8,1e-12,1.11761,0,2.56932e-11,3.64964e-12
Hessenberg basic,981,0,0,8,1e-12,1.2316,0,2.66027e-11,3.91919e-12
Hessenberg basic,982,0,0,8,1e-12,1.21247,0,2.84217e-11,3.75723e-12
Hessenberg basic,983,0,0,8,1e-12,1.26678,0,2.91038e-11,3.70749e-12
Hessenberg basic,984,0,0,8,1e-12,1.05144,0,2.11458e-11,4.13332e-12
Hessenberg basic,985,0,0,8,1e-12,1.31965,0,2.1158e-11,3.9006e-12
Hessenberg basic,986,0,0,8,1e-12,1.23423,0,3.34239e-11,3.65844e-12
Hessenberg basic,987,0,0,8,1e-12,1.28771,0,2.11458e-11,3.56296e-12
Hessenberg basic,988,0,0,8,1e-12,1.16452,0,2.17332e-11,3.87961e-12
Hessenberg basic,989,0,0,8,1e-12,1.31099,0,2.56932e-11,3.78981e-12
Hessenberg basic,990,0,0,8,1e-12,1.23633,0,2.12962e-11,3.82622e-12
Hessenberg basic,991,0,0,8,1e-12,1.28031,0,3.04929e-11,3.79604e-12
Hessenberg basic,992,0,0,8,1e-12,1.17758,0,4.82032e-11,3.81089e-12
Hessenberg basic,993,0,0,8,1e-12,1.15393,0,2.63753e-11,3.74725e-12
Hessenberg basic,994,0,0,8,1e-12,1.20941,0,2.44514e-11,4.07277e-12
Hessenberg basic,995,0,0,8,1e-12,1.31682,0,2.0691e-11,3.96254e-12
Hessenberg basic,996,0,0,8,1e-12,1.18951,0,3.02407e-11,3.6952e-12
Hessenberg basic,997,0,0,8,1e-12,1.31637,0,2.81943e-11,3.95791e-12
Hessenberg basic,998,0,0,8,1e-12,1.27131,0,2.7967e-11,3.79723e-12
Hessenberg basic,999,0,0,8,1e-12,1.31081,0,3.97904e-11,3.89682e-12
Hessenberg basic,1000,0,0,8,1e-12,1.10142,0,4.61569e-11,3.87309e-12
