version, size, hermitian, complex, seed, tol, runtime in s,min_error, max_error, avg_error
Hessenberg basic,900,0,0,8,1e-12,0.764812,0,2.0657e-11,3.9018e-12
Hessenberg basic,900,0,1,8,1e-12,2.54166,5.54952e-14,2.17644e-11,4.51329e-12
Hessenberg basic,901,0,0,8,1e-12,0.843701,0,3.18323e-11,3.47134e-12
Hessenberg basic,901,0,1,8,1e-12,3.19766,2.13163e-14,3.54881e-11,4.57454e-12
Hessenberg basic,902,0,0,8,1e-12,0.806628,0,1.77351e-11,3.52474e-12
Hessenberg basic,902,0,1,8,1e-12,2.65273,2.84217e-14,3.14043e-11,4.55913e-12
Hessenberg basic,903,0,0,8,1e-12,0.863405,0,2.38742e-11,3.37636e-12
Hessenberg basic,903,0,1,8,1e-12,3.14583,5.68434e-14,2.27174e-11,4.6503e-12
Hessenberg basic,904,0,0,8,1e-12,0.726195,0,3.29692e-11,3.81564e-12
Hessenberg basic,904,0,1,8,1e-12,2.71023,7.10543e-14,2.23339e-11,4.45643e-12
Hessenberg basic,905,0,0,8,1e-12,0.865478,0,2.00089e-11,3.23881e-12
Hessenberg basic,905,0,1,8,1e-12,3.2392,4.01944e-14,2.58992e-11,4.4927e-12
Hessenberg basic,906,0,0,8,1e-12,0.826874,0,2.64165e-11,3.78171e-12
Hessenberg basic,906,0,1,8,1e-12,2.7534,5.72858e-14,2.58369e-11,4.38759e-12
Hessenberg basic,907,0,0,8,1e-12,0.865308,0,2.36198e-11,3.63042e-12
Hessenberg basic,907,0,1,8,1e-12,3.20988,2.92964e-14,2.37385e-11,4.38393e-12
Hessenberg basic,908,0,0,8,1e-12,0.779541,0,2.0691e-11,3.64691e-12
Hessenberg basic,908,0,1,8,1e-12,2.55817,3.55271e-14,3.22777e-11,4.52211e-12
Hessenberg basic,909,0,0,8,1e-12,0.884096,0,2.83817e-11,4.18625e-12
Hessenberg basic,909,0,1,8,1e-12,3.24592,4.9738e-14,2.87304e-11,4.42906e-12
Hessenberg basic,910,0,0,8,1e-12,0.934788,0,2.05575e-11,3.68457e-12
Hessenberg basic,910,0,1,8,1e-12,2.88407,3.17764e-14,2.64648e-11,4.38304e-12
Hessenberg basic,911,0,0,8,1e-12,0.843654,0,2.66027e-11,3.57388e-12
Hessenberg basic,911,0,1,8,1e-12,2.60163,1.06581e-14,2.34542e-11,4.48696e-12
Hessenberg basic,912,0,0,8,1e-12,0.793889,0,1.86446e-11,3.30507e-12
Hessenberg basic,912,0,1,8,1e-12,2.6618,4.9738e-14,2.68917e-11,4.63365e-12
Hessenberg basic,913,0,0,8,1e-12,0.879528,0,2.7967e-11,3.79158e-12
Hessenberg basic,913,0,1,8,1e-12,3.17288,7.10543e-15,2.09989e-11,4.45049e-12
Hessenberg basic,914,0,0,8,1e-12,0.857857,0,2.57558e-11,3.8713e-12
Hessenberg basic,914,0,1,8,1e-12,2.85524,2.84217e-14,2.6813e-11,4.63013e-12
Hessenberg basic,915,0,0,8,1e-12,0.903113,0,2.08639e-11,3.62771e-12
Hessenberg basic,915,0,1,8,1e-12,3.25718,7.10543e-15,2.16612e-11,4.47181e-12
Hessenberg basic,916,0,0,8,1e-12,0.814993,0,2.30784e-11,3.83465e-12
Hessenberg basic,916,0,1,8,1e-12,2.66985,1.42109e-14,2.57106e-11,4.6066e-12
Hessenberg basic,917,0,0,8,1e-12,0.927904,0,2.88765e-11,3.54185e-12
Hessenberg basic,917,0,1,8,1e-12,2.92485,2.00972e-14,2.32944e-11,4.60393e-12
Hessenberg basic,918,0,0,8,1e-12,0.903787,0,2.70575e-11,3.58803e-12
Hessenberg basic,918,0,1,8,1e-12,2.87607,2.00972e-14,2.07288e-11,4.4591e-12
Hessenberg basic,919,0,0,8,1e-12,0.925966,0,2.27374e-11,3.68335e-12
Hessenberg basic,919,0,1,8,1e-12,3.48764,7.10543e-15,2.33183e-11,4.65462e-12
Hessenberg basic,920,0,0,8,1e-12,0.779618,0,2.91038e-11,3.58327e-12
Hessenberg basic,920,0,1,8,1e-12,2.68743,7.81597e-14,2.2269e-11,4.50613e-12
Hessenberg basic,921,0,0,8,1e-12,0.918599,0,1.79625e-11,3.3992e-12
Hessenberg basic,921,0,1,8,1e-12,3.4026,2.84217e-14,2.36785e-11,4.5198e-12
Hessenberg basic,922,0,0,8,1e-12,0.885758,0,2.38038e-11,3.80514e-12
Hessenberg basic,922,0,1,8,1e-12,2.92948,3.55271e-14,3.23568e-11,4.63393e-12
Hessenberg basic,923,0,0,8,1e-12,0.906709,0,3.20597e-11,3.8692e-12
Hessenberg basic,923,0,1,8,1e-12,3.47681,3.17764e-14,2.34757e-11,4.64501e-12
Hessenberg basic,924,0,0,8,1e-12,0.836194,0,2.45564e-11,3.47304e-12
Hessenberg basic,924,0,1,8,1e-12,2.72232,2.92964e-14,2.49348e-11,4.51101e-12
Hessenberg basic,925,0,0,8,1e-12,0.951825,0,2.54659e-11,3.92492e-12
Hessenberg basic,925,0,1,8,1e-12,3.64336,2.5619e-14,3.02544e-11,4.57302e-12
Hessenberg basic,926,0,0,8,1e-12,0.906011,0,4.52474e-11,3.74442e-12
Hessenberg basic,926,0,1,8,1e-12,2.97602,4.9738e-14,2.26977e-11,4.50404e-12
Hessenberg basic,927,0,0,8,1e-12,0.950818,0,2.04636e-11,3.66447e-12
Hessenberg basic,927,0,1,8,1e-12,3.58313,2.5619e-14,2.327e-11,4.36291e-12
Hessenberg basic,928,0,0,8,1e-12,0.879561,0,2.91038e-11,3.65893e-12
Hessenberg basic,928,0,1,8,1e-12,3.4982,5.17283e-14,2.3908e-11,4.67228e-12
Hessenberg basic,929,0,0,8,1e-12,0.955436,0,4.38831e-11,3.986e-12
Hessenberg basic,929,0,1,8,1e-12,3.60682,1.58882e-14,3.19945e-11,4.50611e-12
Hessenberg basic,930,0,0,8,1e-12,0.926064,0,2.81943e-11,3.60027e-12
Hessenberg basic,930,0,1,8,1e-12,3.00935,8.98773e-14,3.16695e-11,4.44399e-12
Hessenberg basic,931,0,0,8,1e-12,0.957979,0,2.50111e-11,3.76102e-12
Hessenberg basic,931,0,1,8,1e-12,3.69075,0,1.92185e-11,4.34847e-12
Hessenberg basic,932,0,0,8,1e-12,0.886909,0,2.00096e-11,3.47725e-12
Hessenberg basic,932,0,1,8,1e-12,2.84589,0,2.56804e-11,4.56226e-12
Hessenberg basic,933,0,0,8,1e-12,1.01062,0,3.05435e-11,3.50753e-12
Hessenberg basic,933,0,1,8,1e-12,3.69555,2.00972e-14,2.32356e-11,4.38991e-12
Hessenberg basic,934,0,0,8,1e-12,0.966269,0,3.88809e-11,3.80012e-12
Hessenberg basic,934,0,1,8,1e-12,3.03023,9.53293e-14,2.32867e-11,4.56096e-12
Hessenberg basic,935,0,0,8,1e-12,1.02775,0,2.84217e-11,3.76224e-12
Hessenberg basic,935,0,1,8,1e-12,3.69736,7.4607e-14,2.75601e-11,4.60327e-12
Hessenberg basic,936,0,0,8,1e-12,0.869626,0,2.63175e-11,3.77438e-12
Hessenberg basic,936,0,1,8,1e-12,2.83426,4.49387e-14,2.30829e-11,4.7091e-12
Hessenberg basic,937,0,0,8,1e-12,0.950682,0,2.22826e-11,3.60854e-12
Hessenberg basic,937,0,1,8,1e-12,3.58689,6.20455e-14,2.1049e-11,4.46238e-12
Hessenberg basic,938,0,0,8,1e-12,0.939613,0,1.8872e-11,3.88127e-12
Hessenberg basic,938,0,1,8,1e-12,3.04736,4.26326e-14,2.2738e-11,4.58443e-12
Hessenberg basic,939,0,0,8,1e-12,0.992644,0,4.59295e-11,3.83963e-12
Hessenberg basic,939,0,1,8,1e-12,3.49184,6.70325e-14,2.27431e-11,4.62196e-12
Hessenberg basic,940,0,0,8,1e-12,0.922567,0,2.50111e-11,3.27726e-12
Hessenberg basic,940,0,1,8,1e-12,2.90065,2.84217e-14,2.21049e-11,4.49736e-12
Hessenberg basic,941,0,0,8,1e-12,1.02995,0,3.24608e-11,3.58543e-12
Hessenberg basic,941,0,1,8,1e-12,3.76288,7.10543e-14,2.63776e-11,4.56542e-12
Hessenberg basic,942,0,0,8,1e-12,0.987042,0,2.42518e-11,3.75266e-12
Hessenberg basic,942,0,1,8,1e-12,3.16087,4.32206e-14,2.13888e-11,4.40938e-12
Hessenberg basic,943,0,0,8,1e-12,1.04636,0,2.42003e-11,4.07165e-12
Hessenberg basic,943,0,1,8,1e-12,3.82306,0,2.24835e-11,4.37404e-12
Hessenberg basic,944,0,0,8,1e-12,0.932653,0,2.75122e-11,3.94902e-12
Hessenberg basic,944,0,1,8,1e-12,3.01066,5.85929e-14,2.38231e-11,4.22089e-12
Hessenberg basic,945,0,0,8,1e-12,1.07893,0,1.88271e-11,3.7889e-12
Hessenberg basic,945,0,1,8,1e-12,3.82997,2.84217e-14,2.2344e-11,4.34934e-12
Hessenberg basic,946,0,0,8,1e-12,1.01127,0,2.47837e-11,3.74026e-12
Hessenberg basic,946,0,1,8,1e-12,3.15358,3.70914e-14,2.49348e-11,4.46197e-12
Hessenberg basic,947,0,0,8,1e-12,1.06748,0,2.45564e-11,3.42192e-12
Hessenberg basic,947,0,1,8,1e-12,3.61365,2.92964e-14,2.32013e-11,4.53693e-12
Hessenberg basic,948,0,0,8,1e-12,0.95011,0,2.65458e-11,3.96954e-12
Hessenberg basic,948,0,1,8,1e-12,3.01803,5.68434e-14,2.80525e-11,4.4221e-12
Hessenberg basic,949,0,0,8,1e-12,1.06952,0,4.22915e-11,3.73339e-12
Hessenberg basic,949,0,1,8,1e-12,3.82459,4.26326e-14,2.28429e-11,4.59621e-12
Hessenberg basic,950,0,0,8,1e-12,0.996685,0,2.16005e-11,3.4452e-12
Hessenberg basic,950,0,1,8,1e-12,3.18497,7.10543e-15,3.3195e-11,4.32815e-12
Hessenberg basic,951,0,0,8,1e-12,1.05719,0,2.75122e-11,3.94966e-12
Hessenberg basic,951,0,1,8,1e-12,3.92418,4.01944e-14,2.73109e-11,4.45534e-12
Hessenberg basic,952,0,0,8,1e-12,0.900948,0,2.04636e-11,3.5479e-12
Hessenberg basic,952,0,1,8,1e-12,3.06481,1.42109e-14,2.10121e-11,4.62921e-12
Hessenberg basic,953,0,0,8,1e-12,1.11372,0,2.93614e-11,3.88779e-12
Hessenberg basic,953,0,1,8,1e-12,3.84047,4.26326e-14,2.02268e-11,4.45183e-12
Hessenberg basic,954,0,0,8,1e-12,1.05866,0,2.47837e-11,3.72826e-12
Hessenberg basic,954,0,1,8,1e-12,3.26032,0,2.73549e-11,4.38313e-12
Hessenberg basic,955,0,0,8,1e-12,1.11586,0,2.81943e-11,3.70777e-12
Hessenberg basic,955,0,1,8,1e-12,4.03244,2.84217e-14,2.76016e-11,4.73763e-12
Hessenberg basic,956,0,0,8,1e-12,0.987201,0,2.20612e-11,3.98401e-12
Hessenberg basic,956,0,1,8,1e-12,3.06142,9.53293e-14,2.0243e-11,4.21922e-12
Hessenberg basic,957,0,0,8,1e-12,1.12743,0,3.25144e-11,3.65937e-12
Hessenberg basic,957,0,1,8,1e-12,4.08588,2.84217e-14,2.99463e-11,4.39737e-12
Hessenberg basic,958,0,0,8,1e-12,1.06415,0,2.63753e-11,3.6274e-12
Hessenberg basic,958,0,1,8,1e-12,3.29558,3.17764e-14,2.49213e-11,4.45895e-12
Hessenberg basic,959,0,0,8,1e-12,1.12198,0,3.16049e-11,3.75913e-12
Hessenberg basic,959,0,1,8,1e-12,4.0274,2.13163e-14,2.79411e-11,4.47329e-12
Hessenberg basic,960,0,0,8,1e-12,1.36284,0,2.18764e-11,3.51201e-12
Hessenberg basic,960,0,1,8,1e-12,3.93004,5.1238e-14,2.13825e-11,4.46608e-12
Hessenberg basic,961,0,0,8,1e-12,1.1301,0,2.50111e-11,3.70576e-12
Hessenberg basic,961,0,1,8,1e-12,3.98844,2.84217e-14,2.20485e-11,4.36752e-12
Hessenberg basic,962,0,0,8,1e-12,1.08056,0,3.00133e-11,3.50937e-12
Hessenberg basic,962,0,1,8,1e-12,3.33364,5.42298e-14,2.12521e-11,4.56888e-12
Hessenberg basic,963,0,0,8,1e-12,1.42438,0,2.22826e-11,3.67264e-12
Hessenberg basic,963,0,1,8,1e-12,4.53668,4.44089e-14,2.36493e-11,4.2054e-12
Hessenberg basic,964,0,0,8,1e-12,1.36718,0,2.50111e-11,3.62354e-12
Hessenberg basic,964,0,1,8,1e-12,3.1874,4.26326e-14,2.44519e-11,4.41015e-12
Hessenberg basic,965,0,0,8,1e-12,1.18958,0,2.88765e-11,3.61481e-12
Hessenberg basic,965,0,1,8,1e-12,4.35553,5.1238e-14,2.72545e-11,4.48277e-12
Hessenberg basic,966,0,0,8,1e-12,1.21788,0,2.04636e-11,3.48706e-12
Hessenberg basic,966,0,1,8,1e-12,3.7502,4.26326e-14,2.27405e-11,4.51029e-12
Hessenberg basic,967,0,0,8,1e-12,1.35725,0,2.72848e-11,3.87034e-12
Hessenberg basic,967,0,1,8,1e-12,4.3102,5.68434e-14,2.40213e-11,4.38536e-12
Hessenberg basic,968,0,0,8,1e-12,1.02893,0,3.56977e-11,3.84893e-12
Hessenberg basic,968,0,1,8,1e-12,3.53941,0,1.93268e-11,4.47646e-12
Hessenberg basic,969,0,0,8,1e-12,1.38971,0,3.13776e-11,3.62863e-12
Hessenberg basic,969,0,1,8,1e-12,4.28613,2.84217e-14,5.08835e-11,4.66978e-12
Hessenberg basic,970,0,0,8,1e-12,1.17352,0,2.32111e-11,3.55833e-12
Hessenberg basic,970,0,1,8,1e-12,3.62162,5.68434e-14,2.27513e-11,4.65796e-12
Hessenberg basic,971,0,0,8,1e-12,1.42939,0,1.79625e-11,3.51766e-12
Hessenberg basic,971,0,1,8,1e-12,4.37628,0,1.81059e-11,4.4066e-12
Hessenberg basic,972,0,0,8,1e-12,1.07976,0,3.56977e-11,3.60338e-12
Hessenberg basic,972,0,1,8,1e-12,3.25724,2.84217e-14,2.33715e-11,4.55999e-12
Hessenberg basic,973,0,0,8,1e-12,1.33741,0,2.81943e-11,3.59552e-12
Hessenberg basic,973,0,1,8,1e-12,4.19767,5.68434e-14,3.51048e-11,4.3676e-12
Hessenberg basic,974,0,0,8,1e-12,1.19748,0,2.95586e-11,3.70883e-12
Hessenberg basic,974,0,1,8,1e-12,3.65367,0,2.09443e-11,4.36789e-12
Hessenberg basic,975,0,0,8,1e-12,1.31386,0,2.63753e-11,3.70073e-12
Hessenberg basic,975,0,1,8,1e-12,4.23905,0,2.50905e-11,4.54158e-12
Hessenberg basic,976,0,0,8,1e-12,1.07848,0,3.27418e-11,3.79576e-12
Hessenberg basic,976,0,1,8,1e-12,3.52371,2.84217e-14,2.89872e-11,4.59788e-12
Hessenberg basic,977,0,0,8,1e-12,1.3203,0,2.88765e-11,3.59964e-12
Hessenberg basic,977,0,1,8,1e-12,4.36769,4.9738e-14,2.24226e-11,4.34112e-12
Hessenberg basic,978,0,0,8,1e-12,1.9758,0,2.91038e-11,3.66996e-12
Hessenberg basic,978,0,1,8,1e-12,3.79959,3.17764e-14,3.21203e-11,4.55068e-12
Hessenberg basic,979,0,0,8,1e-12,1.39305,0,2.45564e-11,3.68964e-12
Hessenberg basic,979,0,1,8,1e-12,4.45468,1.42109e-14,2.34371e-11,4.47536e-12
Hessenberg basic,980,0,0,8,1e-12,1.13092,0,2.56932e-11,3.64964e-12
Hessenberg basic,980,0,1,8,1e-12,3.68291,6.02916e-14,3.05139e-11,4.49257e-12
Hessenberg basic,981,0,0,8,1e-12,1.45005,0,2.66027e-11,3.91919e-12
Hessenberg basic,981,0,1,8,1e-12,4.59063,7.10543e-15,3.10072e-11,4.28698e-12
Hessenberg basic,982,0,0,8,1e-12,1.2552,0,2.84217e-11,3.75723e-12
Hessenberg basic,982,0,1,8,1e-12,3.80965,0,2.09446e-11,4.21495e-12
Hessenberg basic,983,0,0,8,1e-12,1.43809,0,2.91038e-11,3.70749e-12
Hessenberg basic,983,0,1,8,1e-12,4.72371,4.01944e-14,2.50176e-11,4.44781e-12
Hessenberg basic,984,0,0,8,1e-12,1.11982,0,2.11458e-11,4.13332e-12
Hessenberg basic,984,0,1,8,1e-12,3.53362,7.41828e-14,2.43984e-11,4.5963e-12
Hessenberg basic,985,0,0,8,1e-12,1.46533,0,2.1158e-11,3.9006e-12
Hessenberg basic,985,0,1,8,1e-12,4.59879,4.01944e-14,3.03267e-11,4.34477e-12
Hessenberg basic,986,0,0,8,1e-12,1.4864,0,3.34239e-11,3.65844e-12
Hessenberg basic,986,0,1,8,1e-12,3.8597,4.54969e-14,2.77554e-11,4.58237e-12
Hessenberg basic,987,0,0,8,1e-12,1.3192,0,2.11458e-11,3.56296e-12
Hessenberg basic,987,0,1,8,1e-12,4.48169,2.15446e-14,2.07954e-11,4.63205e-12
Hessenberg basic,988,0,0,8,1e-12,1.1625,0,2.17332e-11,3.87961e-12
Hessenberg basic,988,0,1,8,1e-12,3.66552,0,2.74737e-11,4.37219e-12
Hessenberg basic,989,0,0,8,1e-12,1.4363,0,2.56932e-11,3.78981e-12
Hessenberg basic,989,0,1,8,1e-12,4.7177,8.03887e-14,2.13985e-11,4.55205e-12
Hessenberg basic,990,0,0,8,1e-12,1.33913,0,2.12962e-11,3.82622e-12
Hessenberg basic,990,0,1,8,1e-12,4.38865,2.13163e-14,2.96459e-11,4.35841e-12
Hessenberg basic,991,0,0,8,1e-12,1.40922,0,3.04929e-11,3.79604e-12
Hessenberg basic,991,0,1,8,1e-12,4.59604,1.28975e-14,2.37385e-11,4.40298e-12
Hessenberg basic,992,0,0,8,1e-12,1.17371,0,4.82032e-11,3.81089e-12
Hessenberg basic,992,0,1,8,1e-12,4.44166,5.68434e-14,2.84218e-11,4.44014e-12
Hessenberg basic,993,0,0,8,1e-12,1.23299,0,2.63753e-11,3.74725e-12
Hessenberg basic,993,0,1,8,1e-12,4.37096,3.17764e-14,2.49252e-11,4.37731e-12
Hessenberg basic,994,0,0,8,1e-12,1.21434,0,2.44514e-11,4.07277e-12
Hessenberg basic,994,0,1,8,1e-12,3.78428,2.00972e-14,2.15045e-11,4.51873e-12
Hessenberg basic,995,0,0,8,1e-12,1.30929,0,2.0691e-11,3.96254e-12
Hessenberg basic,995,0,1,8,1e-12,4.79814,3.17764e-14,2.58419e-11,4.48199e-12
Hessenberg basic,996,0,0,8,1e-12,1.16241,0,3.02407e-11,3.6952e-12
Hessenberg basic,996,0,1,8,1e-12,3.54394,4.26326e-14,2.09443e-11,4.45795e-12
Hessenberg basic,997,0,0,8,1e-12,1.30933,0,2.81943e-11,3.95791e-12
Hessenberg basic,997,0,1,8,1e-12,4.73263,0,2.30356e-11,4.37068e-12
Hessenberg basic,998,0,0,8,1e-12,1.34452,0,2.7967e-11,3.79723e-12
Hessenberg basic,998,0,1,8,1e-12,3.85875,6.35529e-14,2.53535e-11,4.62651e-12
Hessenberg basic,999,0,0,8,1e-12,1.49927,0,3.97904e-11,3.89682e-12
Hessenberg basic,999,0,1,8,1e-12,4.65353,2.00972e-14,2.1441e-11,4.53606e-12
Hessenberg basic,1000,0,0,8,1e-12,1.19333,0,4.61569e-11,3.87309e-12
Hessenberg basic,1000,0,1,8,1e-12,3.84324,6.55088e-14,1.95809e-11,4.57586e-12
