version, size, hermitian, complex, seed, tol, runtime in s,min_error, max_error, avg_error
Hessenberg basic,900,0,0,7,1e-12,0.781528,0,4.92524e-11,3.72544e-12
Hessenberg basic,900,0,1,7,1e-12,2.44192,1.42109e-14,2.30885e-11,4.36738e-12
Hessenberg basic,901,0,0,7,1e-12,0.847139,0,5.00917e-11,3.6373e-12
Hessenberg basic,901,0,1,7,1e-12,3.19113,5.88347e-14,2.26248e-11,4.45089e-12
Hessenberg basic,902,0,0,7,1e-12,0.801024,0,4.89904e-11,3.68669e-12
Hessenberg basic,902,0,1,7,1e-12,2.66873,3.84285e-14,2.20318e-11,4.60621e-12
Hessenberg basic,903,0,0,7,1e-12,0.86381,0,4.78097e-11,3.30307e-12
Hessenberg basic,903,0,1,7,1e-12,3.09581,4.01944e-14,3.0015e-11,4.69144e-12
Hessenberg basic,904,0,0,7,1e-12,0.72508,0,4.91927e-11,3.55904e-12
Hessenberg basic,904,0,1,7,1e-12,2.55564,6.35529e-14,2.19566e-11,4.46462e-12
Hessenberg basic,905,0,0,7,1e-12,0.85579,0,4.82205e-11,3.58485e-12
Hessenberg basic,905,0,1,7,1e-12,3.21734,2.84217e-14,2.34096e-11,4.5238e-12
Hessenberg basic,906,0,0,7,1e-12,0.822194,0,4.80845e-11,3.37965e-12
Hessenberg basic,906,0,1,7,1e-12,2.73666,0,2.15195e-11,4.66128e-12
Hessenberg basic,907,0,0,7,1e-12,0.859535,0,4.8058e-11,3.56253e-12
Hessenberg basic,907,0,1,7,1e-12,3.20434,1.42109e-14,2.64656e-11,4.46632e-12
Hessenberg basic,908,0,0,7,1e-12,0.778129,0,4.82296e-11,3.59221e-12
Hessenberg basic,908,0,1,7,1e-12,2.59465,2.84217e-14,2.25158e-11,4.46274e-12
Hessenberg basic,909,0,0,7,1e-12,0.880088,0,4.79468e-11,3.52385e-12
Hessenberg basic,909,0,1,7,1e-12,3.21639,2.86429e-14,2.29098e-11,4.79972e-12
Hessenberg basic,910,0,0,7,1e-12,0.917699,0,4.85279e-11,4.02237e-12
Hessenberg basic,910,0,1,7,1e-12,2.88622,4.01944e-14,2.49335e-11,4.5454e-12
Hessenberg basic,911,0,0,7,1e-12,0.831153,0,4.84354e-11,3.52943e-12
Hessenberg basic,911,0,1,7,1e-12,2.77408,4.08133e-14,2.26362e-11,4.51092e-12
Hessenberg basic,912,0,0,7,1e-12,0.79146,0,4.98948e-11,3.40932e-12
Hessenberg basic,912,0,1,7,1e-12,2.63426,1.92142e-14,2.52743e-11,4.57898e-12
Hessenberg basic,913,0,0,7,1e-12,0.890449,0,4.83811e-11,3.45176e-12
Hessenberg basic,913,0,1,7,1e-12,3.14253,0,2.64206e-11,4.64721e-12
Hessenberg basic,914,0,0,7,1e-12,0.852626,0,4.80192e-11,3.58574e-12
Hessenberg basic,914,0,1,7,1e-12,2.83828,7.14087e-14,2.36862e-11,4.44945e-12
Hessenberg basic,915,0,0,7,1e-12,0.905821,0,4.84063e-11,3.51346e-12
Hessenberg basic,915,0,1,7,1e-12,3.28454,3.17764e-14,2.34206e-11,4.64579e-12
Hessenberg basic,916,0,0,7,1e-12,0.817922,0,4.82879e-11,3.34407e-12
Hessenberg basic,916,0,1,7,1e-12,2.6661,2.51372e-14,1.81205e-11,4.44699e-12
Hessenberg basic,917,0,0,7,1e-12,0.907482,0,4.8023e-11,3.41914e-12
Hessenberg basic,917,0,1,7,1e-12,2.84032,4.39446e-14,2.74972e-11,4.34318e-12
Hessenberg basic,918,0,0,7,1e-12,0.880862,0,4.92802e-11,3.51376e-12
Hessenberg basic,918,0,1,7,1e-12,2.86613,2.84217e-14,2.32099e-11,4.67124e-12
Hessenberg basic,919,0,0,7,1e-12,0.920438,0,4.80377e-11,3.78163e-12
Hessenberg basic,919,0,1,7,1e-12,3.50048,6.03961e-14,2.11678e-11,4.38624e-12
Hessenberg basic,920,0,0,7,1e-12,0.779792,0,4.81325e-11,3.75022e-12
Hessenberg basic,920,0,1,7,1e-12,2.67782,0,2.18385e-11,4.77076e-12
Hessenberg basic,921,0,0,7,1e-12,0.914838,0,4.82762e-11,3.63327e-12
Hessenberg basic,921,0,1,7,1e-12,3.44992,1.42109e-14,2.35401e-11,4.59684e-12
Hessenberg basic,922,0,0,7,1e-12,0.863789,0,4.83456e-11,3.63767e-12
Hessenberg basic,922,0,1,7,1e-12,2.87178,5.0243e-14,2.57244e-11,4.60254e-12
Hessenberg basic,923,0,0,7,1e-12,0.908578,0,4.89259e-11,3.6131e-12
Hessenberg basic,923,0,1,7,1e-12,3.48588,2.5619e-14,2.45566e-11,4.56765e-12
Hessenberg basic,924,0,0,7,1e-12,0.841088,0,4.81535e-11,3.60315e-12
Hessenberg basic,924,0,1,7,1e-12,2.70389,5.68434e-14,2.44149e-11,4.62018e-12
Hessenberg basic,925,0,0,7,1e-12,0.947513,0,4.76604e-11,3.56994e-12
Hessenberg basic,925,0,1,7,1e-12,3.68047,0,2.40673e-11,4.56201e-12
Hessenberg basic,926,0,0,7,1e-12,0.906825,0,4.81678e-11,3.4996e-12
Hessenberg basic,926,0,1,7,1e-12,2.95136,2.22045e-14,2.56663e-11,4.56206e-12
Hessenberg basic,927,0,0,7,1e-12,0.956516,0,5.01035e-11,3.55128e-12
Hessenberg basic,927,0,1,7,1e-12,3.55793,1.67581e-14,2.24225e-11,4.59558e-12
Hessenberg basic,928,0,0,7,1e-12,0.87896,0,4.87307e-11,3.64236e-12
Hessenberg basic,928,0,1,7,1e-12,3.51088,3.17764e-14,2.4237e-11,4.46747e-12
Hessenberg basic,929,0,0,7,1e-12,0.963516,0,5.08543e-11,3.57765e-12
Hessenberg basic,929,0,1,7,1e-12,3.59944,3.17764e-14,2.78247e-11,4.71804e-12
Hessenberg basic,930,0,0,7,1e-12,0.933447,0,4.82169e-11,3.62001e-12
Hessenberg basic,930,0,1,7,1e-12,2.98903,6.35529e-14,2.49951e-11,4.46313e-12
Hessenberg basic,931,0,0,7,1e-12,0.960895,0,4.84493e-11,3.74428e-12
Hessenberg basic,931,0,1,7,1e-12,3.76035,3.26096e-14,3.81488e-11,4.80283e-12
Hessenberg basic,932,0,0,7,1e-12,0.886646,0,4.84374e-11,3.42572e-12
Hessenberg basic,932,0,1,7,1e-12,2.82533,4.14695e-14,2.15061e-11,4.51217e-12
Hessenberg basic,933,0,0,7,1e-12,0.996871,0,4.82922e-11,3.72201e-12
Hessenberg basic,933,0,1,7,1e-12,3.70639,4.01944e-14,2.94581e-11,4.77959e-12
Hessenberg basic,934,0,0,7,1e-12,0.953941,0,4.94503e-11,3.49422e-12
Hessenberg basic,934,0,1,7,1e-12,3.01342,5.68434e-14,2.84108e-11,4.6604e-12
Hessenberg basic,935,0,0,7,1e-12,1.01652,0,4.84308e-11,3.47936e-12
Hessenberg basic,935,0,1,7,1e-12,3.70779,5.43461e-14,2.34757e-11,4.51992e-12
Hessenberg basic,936,0,0,7,1e-12,0.86009,0,4.88974e-11,3.83329e-12
Hessenberg basic,936,0,1,7,1e-12,2.89437,1.46482e-14,2.19095e-11,4.7228e-12
Hessenberg basic,937,0,0,7,1e-12,0.95563,0,4.77672e-11,3.57759e-12
Hessenberg basic,937,0,1,7,1e-12,3.59463,1.42109e-14,3.12504e-11,4.48774e-12
Hessenberg basic,938,0,0,7,1e-12,0.93838,0,4.90195e-11,3.61207e-12
Hessenberg basic,938,0,1,7,1e-12,3.03534,5.68434e-14,2.21348e-11,4.51765e-12
Hessenberg basic,939,0,0,7,1e-12,0.991041,0,4.82798e-11,3.765e-12
Hessenberg basic,939,0,1,7,1e-12,3.51902,0,1.98858e-11,4.54797e-12
Hessenberg basic,940,0,0,7,1e-12,0.918193,0,4.87486e-11,3.74507e-12
Hessenberg basic,940,0,1,7,1e-12,2.87907,1.42109e-14,2.1486e-11,4.66136e-12
Hessenberg basic,941,0,0,7,1e-12,1.01818,0,4.88803e-11,3.97343e-12
Hessenberg basic,941,0,1,7,1e-12,3.75266,0,2.19436e-11,4.62176e-12
Hessenberg basic,942,0,0,7,1e-12,0.981805,0,4.75169e-11,3.76508e-12
Hessenberg basic,942,0,1,7,1e-12,3.15455,4.54969e-14,2.3086e-11,4.67277e-12
Hessenberg basic,943,0,0,7,1e-12,1.05621,0,4.83919e-11,3.86115e-12
Hessenberg basic,943,0,1,7,1e-12,3.84437,4.49387e-14,2.0342e-11,4.61581e-12
Hessenberg basic,944,0,0,7,1e-12,0.924664,0,4.78379e-11,3.71716e-12
Hessenberg basic,944,0,1,7,1e-12,3.06093,8.37906e-15,2.93103e-11,4.78215e-12
Hessenberg basic,945,0,0,7,1e-12,1.08043,0,4.80672e-11,3.43878e-12
Hessenberg basic,945,0,1,7,1e-12,3.7892,2.67768e-14,2.50813e-11,4.75389e-12
Hessenberg basic,946,0,0,7,1e-12,1.02073,0,4.9066e-11,3.77228e-12
Hessenberg basic,946,0,1,7,1e-12,3.15799,1.77636e-14,2.31939e-11,4.67985e-12
Hessenberg basic,947,0,0,7,1e-12,1.06476,0,4.88226e-11,3.72024e-12
Hessenberg basic,947,0,1,7,1e-12,3.6239,4.54969e-14,2.88074e-11,4.47757e-12
Hessenberg basic,948,0,0,7,1e-12,0.950752,0,4.82231e-11,3.98294e-12
Hessenberg basic,948,0,1,7,1e-12,3.02188,2.98441e-14,2.50564e-11,4.70727e-12
Hessenberg basic,949,0,0,7,1e-12,1.07515,0,4.91709e-11,3.67632e-12
Hessenberg basic,949,0,1,7,1e-12,3.84631,3.95935e-14,2.33316e-11,4.65019e-12
Hessenberg basic,950,0,0,7,1e-12,0.996634,0,4.94867e-11,3.95522e-12
Hessenberg basic,950,0,1,7,1e-12,3.23066,2.84217e-14,2.91901e-11,4.4723e-12
Hessenberg basic,951,0,0,7,1e-12,1.04978,0,4.8519e-11,3.22605e-12
Hessenberg basic,951,0,1,7,1e-12,3.94896,1.68754e-14,2.3133e-11,4.57517e-12
Hessenberg basic,952,0,0,7,1e-12,0.902123,0,4.79435e-11,3.72707e-12
Hessenberg basic,952,0,1,7,1e-12,3.06039,2.84217e-14,2.26975e-11,4.73435e-12
Hessenberg basic,953,0,0,7,1e-12,1.11064,0,4.97627e-11,3.90805e-12
Hessenberg basic,953,0,1,7,1e-12,3.86707,0,2.18711e-11,4.7287e-12
Hessenberg basic,954,0,0,7,1e-12,1.06766,0,4.82432e-11,3.72563e-12
Hessenberg basic,954,0,1,7,1e-12,3.30375,7.10543e-15,2.73158e-11,4.83036e-12
Hessenberg basic,955,0,0,7,1e-12,1.12821,0,4.77962e-11,3.89288e-12
Hessenberg basic,955,0,1,7,1e-12,4.01094,2.00972e-14,2.27385e-11,4.67507e-12
Hessenberg basic,956,0,0,7,1e-12,0.983722,0,4.81699e-11,3.68262e-12
Hessenberg basic,956,0,1,7,1e-12,3.09106,5.68434e-14,2.21448e-11,4.78115e-12
Hessenberg basic,957,0,0,7,1e-12,1.12847,0,4.83609e-11,3.69102e-12
Hessenberg basic,957,0,1,7,1e-12,4.12569,5.68434e-14,2.22791e-11,4.65441e-12
Hessenberg basic,958,0,0,7,1e-12,1.05665,0,4.88474e-11,3.85267e-12
Hessenberg basic,958,0,1,7,1e-12,3.34799,3.17764e-14,2.31542e-11,4.89446e-12
Hessenberg basic,959,0,0,7,1e-12,1.1157,0,4.91771e-11,3.77559e-12
Hessenberg basic,959,0,1,7,1e-12,4.10014,5.85929e-14,2.74548e-11,4.75134e-12
Hessenberg basic,960,0,0,7,1e-12,1.34696,0,5.1263e-11,3.78743e-12
Hessenberg basic,960,0,1,7,1e-12,3.96453,3.17764e-14,2.12537e-11,4.59522e-12
Hessenberg basic,961,0,0,7,1e-12,1.11511,0,4.86545e-11,3.67958e-12
Hessenberg basic,961,0,1,7,1e-12,4.01107,2.5619e-14,3.38941e-11,4.613e-12
Hessenberg basic,962,0,0,7,1e-12,1.07688,0,4.81189e-11,3.92675e-12
Hessenberg basic,962,0,1,7,1e-12,3.34823,5.7834e-14,2.55884e-11,4.51496e-12
Hessenberg basic,963,0,0,7,1e-12,1.19348,0,5.15059e-11,3.68575e-12
Hessenberg basic,963,0,1,7,1e-12,4.19868,7.68858e-14,2.53325e-11,4.55247e-12
Hessenberg basic,964,0,0,7,1e-12,0.934939,0,4.79301e-11,3.96734e-12
Hessenberg basic,964,0,1,7,1e-12,2.91076,3.01458e-14,2.32378e-11,4.78703e-12
Hessenberg basic,965,0,0,7,1e-12,1.14201,0,4.84432e-11,3.47811e-12
Hessenberg basic,965,0,1,7,1e-12,3.92625,1.58882e-14,3.10958e-11,4.65808e-12
Hessenberg basic,966,0,0,7,1e-12,1.09512,0,4.85944e-11,3.96327e-12
Hessenberg basic,966,0,1,7,1e-12,3.38941,4.01944e-14,2.58687e-11,4.88881e-12
Hessenberg basic,967,0,0,7,1e-12,1.11923,0,4.98798e-11,3.69554e-12
Hessenberg basic,967,0,1,7,1e-12,4.14023,3.83566e-14,2.54211e-11,4.62686e-12
Hessenberg basic,968,0,0,7,1e-12,0.955251,0,4.81474e-11,3.54538e-12
Hessenberg basic,968,0,1,7,1e-12,3.21726,3.31739e-14,2.68041e-11,4.83963e-12
Hessenberg basic,969,0,0,7,1e-12,1.18786,0,4.8023e-11,3.36635e-12
Hessenberg basic,969,0,1,7,1e-12,4.25713,3.55271e-14,2.30994e-11,4.87959e-12
Hessenberg basic,970,0,0,7,1e-12,1.13135,0,4.81327e-11,3.50659e-12
Hessenberg basic,970,0,1,7,1e-12,3.44675,0,2.71042e-11,4.62279e-12
Hessenberg basic,971,0,0,7,1e-12,1.17343,0,4.80714e-11,3.79695e-12
Hessenberg basic,971,0,1,7,1e-12,4.15604,0,2.46415e-11,4.75224e-12
Hessenberg basic,972,0,0,7,1e-12,1.05059,0,4.84288e-11,3.52255e-12
Hessenberg basic,972,0,1,7,1e-12,3.24296,3.82639e-14,2.3591e-11,4.73319e-12
Hessenberg basic,973,0,0,7,1e-12,1.18491,0,4.81138e-11,3.89244e-12
Hessenberg basic,973,0,1,7,1e-12,4.09476,5.10703e-15,2.81964e-11,4.79146e-12
Hessenberg basic,974,0,0,7,1e-12,1.14382,0,4.78332e-11,3.74134e-12
Hessenberg basic,974,0,1,7,1e-12,3.53343,2.27485e-14,2.23625e-11,4.74837e-12
Hessenberg basic,975,0,0,7,1e-12,1.22275,0,4.72994e-11,3.69665e-12
Hessenberg basic,975,0,1,7,1e-12,4.19548,0,2.50369e-11,4.57757e-12
Hessenberg basic,976,0,0,7,1e-12,1.05604,0,4.79931e-11,3.28185e-12
Hessenberg basic,976,0,1,7,1e-12,3.40752,4.32206e-14,2.69342e-11,4.89513e-12
Hessenberg basic,977,0,0,7,1e-12,1.21861,0,4.89895e-11,3.70394e-12
Hessenberg basic,977,0,1,7,1e-12,4.22597,3.03544e-14,2.87729e-11,4.8534e-12
Hessenberg basic,978,0,0,7,1e-12,1.16124,0,4.77319e-11,3.5481e-12
Hessenberg basic,978,0,1,7,1e-12,3.60443,4.26326e-14,2.38991e-11,4.73086e-12
Hessenberg basic,979,0,0,7,1e-12,1.22729,0,4.82734e-11,3.89306e-12
Hessenberg basic,979,0,1,7,1e-12,4.26745,0,2.42556e-11,4.75298e-12
Hessenberg basic,980,0,0,7,1e-12,1.08237,0,4.85103e-11,3.80708e-12
Hessenberg basic,980,0,1,7,1e-12,3.34854,0,2.89089e-11,4.84328e-12
Hessenberg basic,981,0,0,7,1e-12,1.22872,0,4.81039e-11,3.73981e-12
Hessenberg basic,981,0,1,7,1e-12,4.28625,3.35162e-14,1.95545e-11,4.5722e-12
Hessenberg basic,982,0,0,7,1e-12,1.16486,0,4.82247e-11,3.56285e-12
Hessenberg basic,982,0,1,7,1e-12,3.54276,2.84217e-14,2.82257e-11,4.76694e-12
Hessenberg basic,983,0,0,7,1e-12,1.30163,0,4.78592e-11,3.98018e-12
Hessenberg basic,983,0,1,7,1e-12,4.54906,0,2.05915e-11,4.72434e-12
Hessenberg basic,984,0,0,7,1e-12,1.03459,0,4.77585e-11,3.71691e-12
Hessenberg basic,984,0,1,7,1e-12,3.42034,3.7538e-14,2.46043e-11,4.84914e-12
Hessenberg basic,985,0,0,7,1e-12,1.25738,0,4.8276e-11,3.50334e-12
Hessenberg basic,985,0,1,7,1e-12,4.49569,1.50729e-14,2.1482e-11,4.77292e-12
Hessenberg basic,986,0,0,7,1e-12,1.21534,0,4.7908e-11,3.78069e-12
Hessenberg basic,986,0,1,7,1e-12,3.66584,0,2.70125e-11,4.81229e-12
Hessenberg basic,987,0,0,7,1e-12,1.25817,0,4.79427e-11,3.86555e-12
Hessenberg basic,987,0,1,7,1e-12,4.35052,2.07347e-14,2.26519e-11,4.87815e-12
Hessenberg basic,988,0,0,7,1e-12,1.1313,0,4.77414e-11,3.59939e-12
Hessenberg basic,988,0,1,7,1e-12,3.42667,1.42109e-14,2.51482e-11,4.78841e-12
Hessenberg basic,989,0,0,7,1e-12,1.2959,0,4.74354e-11,3.58317e-12
Hessenberg basic,989,0,1,7,1e-12,4.63671,1.79018e-14,2.58297e-11,4.92448e-12
Hessenberg basic,990,0,0,7,1e-12,1.21852,0,4.82193e-11,3.52362e-12
Hessenberg basic,990,0,1,7,1e-12,3.72285,2.27485e-14,2.28666e-11,4.68074e-12
Hessenberg basic,991,0,0,7,1e-12,1.28056,0,4.77935e-11,3.56652e-12
Hessenberg basic,991,0,1,7,1e-12,4.57356,3.9241e-14,2.52613e-11,4.6711e-12
Hessenberg basic,992,0,0,7,1e-12,1.16277,0,4.82418e-11,3.92727e-12
Hessenberg basic,992,0,1,7,1e-12,4.51177,4.32206e-14,2.12521e-11,4.68057e-12
Hessenberg basic,993,0,0,7,1e-12,1.10677,0,4.84658e-11,3.77468e-12
Hessenberg basic,993,0,1,7,1e-12,4.29314,1.29948e-14,2.61284e-11,4.97333e-12
Hessenberg basic,994,0,0,7,1e-12,1.17349,0,4.74661e-11,3.88849e-12
Hessenberg basic,994,0,1,7,1e-12,3.76581,2.84217e-14,2.00505e-11,4.50974e-12
Hessenberg basic,995,0,0,7,1e-12,1.29345,0,4.79648e-11,3.87023e-12
Hessenberg basic,995,0,1,7,1e-12,4.69377,0,2.2381e-11,4.72866e-12
Hessenberg basic,996,0,0,7,1e-12,1.2618,0,4.77647e-11,3.72097e-12
Hessenberg basic,996,0,1,7,1e-12,3.59214,4.54969e-14,2.60638e-11,4.80838e-12
Hessenberg basic,997,0,0,7,1e-12,1.30721,0,4.83845e-11,3.82465e-12
Hessenberg basic,997,0,1,7,1e-12,4.71805,1.42109e-14,2.44279e-11,4.73929e-12
Hessenberg basic,998,0,0,7,1e-12,1.27203,0,4.79798e-11,3.94532e-12
Hessenberg basic,998,0,1,7,1e-12,3.89953,2.92964e-14,2.45197e-11,4.68634e-12
Hessenberg basic,999,0,0,7,1e-12,1.33381,0,4.76519e-11,3.98579e-12
Hessenberg basic,999,0,1,7,1e-12,4.48735,7.52924e-14,2.38146e-11,4.71312e-12
Hessenberg basic,1000,0,0,7,1e-12,1.09042,0,4.77968e-11,3.80892e-12
Hessenberg basic,1000,0,1,7,1e-12,3.66159,2.57572e-14,2.1998e-11,4.6215e-12
