version, size, hermitian, complex, seed, tol, runtime in s,min_error, max_error, avg_error
Hessenberg basic,900,0,0,2,1e-12,0.765969,0,2.47837e-11,3.12007e-12
Hessenberg basic,900,0,1,2,1e-12,2.52082,2.84217e-14,2.54965e-11,4.54195e-12
Hessenberg basic,901,0,0,2,1e-12,1.07301,0,2.41016e-11,3.00828e-12
Hessenberg basic,901,0,1,2,1e-12,3.13057,1.02476e-13,2.39793e-11,4.67842e-12
Hessenberg basic,902,0,0,2,1e-12,0.795567,0,1.93268e-11,3.3282e-12
Hessenberg basic,902,0,1,2,1e-12,2.64925,7.65278e-14,2.61515e-11,4.93831e-12
Hessenberg basic,903,0,0,2,1e-12,0.872696,0,1.97815e-11,3.15106e-12
Hessenberg basic,903,0,1,2,1e-12,3.26908,3.17764e-14,2.88791e-11,4.81769e-12
Hessenberg basic,904,0,0,2,1e-12,0.752406,0,1.82205e-11,3.37089e-12
Hessenberg basic,904,0,1,2,1e-12,2.57433,0,2.70911e-11,4.75933e-12
Hessenberg basic,905,0,0,2,1e-12,1.01135,0,2.68301e-11,3.39371e-12
Hessenberg basic,905,0,1,2,1e-12,3.23028,8.03887e-14,2.50442e-11,4.49572e-12
Hessenberg basic,906,0,0,2,1e-12,0.821826,0,1.86446e-11,3.36987e-12
Hessenberg basic,906,0,1,2,1e-12,2.97448,6.55088e-14,3.44417e-11,4.67852e-12
Hessenberg basic,907,0,0,2,1e-12,1.02309,0,2.50111e-11,3.36079e-12
Hessenberg basic,907,0,1,2,1e-12,3.19109,1.77636e-14,2.51759e-11,4.79949e-12
Hessenberg basic,908,0,0,2,1e-12,0.774378,0,3.34239e-11,3.38273e-12
Hessenberg basic,908,0,1,2,1e-12,2.7146,0,2.43832e-11,4.65611e-12
Hessenberg basic,909,0,0,2,1e-12,0.888328,0,3.54703e-11,3.54178e-12
Hessenberg basic,909,0,1,2,1e-12,3.43382,3.17764e-14,2.7369e-11,4.66741e-12
Hessenberg basic,910,0,0,2,1e-12,0.978986,0,1.857e-11,3.27466e-12
Hessenberg basic,910,0,1,2,1e-12,2.95317,1.42109e-14,2.55934e-11,4.74966e-12
Hessenberg basic,911,0,0,2,1e-12,0.894415,0,2.93312e-11,3.36361e-12
Hessenberg basic,911,0,1,2,1e-12,2.77699,4.9738e-14,2.12226e-11,4.65821e-12
Hessenberg basic,912,0,0,2,1e-12,0.812647,0,2.29647e-11,3.64444e-12
Hessenberg basic,912,0,1,2,1e-12,2.65589,1.02476e-13,2.54245e-11,4.668e-12
Hessenberg basic,913,0,0,2,1e-12,0.901711,0,2.00089e-11,3.01806e-12
Hessenberg basic,913,0,1,2,1e-12,3.26649,7.10543e-15,2.59112e-11,4.84419e-12
Hessenberg basic,914,0,0,2,1e-12,0.87898,0,3.34239e-11,3.32974e-12
Hessenberg basic,914,0,1,2,1e-12,2.85439,2.84217e-14,2.52756e-11,4.96487e-12
Hessenberg basic,915,0,0,2,1e-12,0.942226,0,2.0691e-11,3.23135e-12
Hessenberg basic,915,0,1,2,1e-12,3.33267,2.13163e-14,2.349e-11,4.71974e-12
Hessenberg basic,916,0,0,2,1e-12,0.842619,0,1.97809e-11,3.42553e-12
Hessenberg basic,916,0,1,2,1e-12,2.98222,3.35162e-14,2.02097e-11,4.69414e-12
Hessenberg basic,917,0,0,2,1e-12,0.935986,0,2.0691e-11,3.43904e-12
Hessenberg basic,917,0,1,2,1e-12,2.92054,2.92964e-14,2.3331e-11,4.63218e-12
Hessenberg basic,918,0,0,2,1e-12,0.912705,0,2.26953e-11,3.42142e-12
Hessenberg basic,918,0,1,2,1e-12,3.10652,0,2.4195e-11,4.56968e-12
Hessenberg basic,919,0,0,2,1e-12,0.969568,0,2.54717e-11,3.49058e-12
Hessenberg basic,919,0,1,2,1e-12,3.52929,4.49387e-14,2.25111e-11,4.64494e-12
Hessenberg basic,920,0,0,2,1e-12,0.803966,0,2.72848e-11,3.55102e-12
Hessenberg basic,920,0,1,2,1e-12,2.73368,5.0243e-14,2.7775e-11,4.63527e-12
Hessenberg basic,921,0,0,2,1e-12,0.957379,0,2.68301e-11,3.37333e-12
Hessenberg basic,921,0,1,2,1e-12,4.04413,3.19744e-14,2.53566e-11,4.84866e-12
Hessenberg basic,922,0,0,2,1e-12,0.887144,0,3.09228e-11,3.29043e-12
Hessenberg basic,922,0,1,2,1e-12,2.92926,4.15834e-14,2.64165e-11,4.87972e-12
Hessenberg basic,923,0,0,2,1e-12,0.993733,0,2.63753e-11,3.5177e-12
Hessenberg basic,923,0,1,2,1e-12,3.53525,1.42109e-14,2.31441e-11,5.05887e-12
Hessenberg basic,924,0,0,2,1e-12,0.852585,0,1.95091e-11,3.47738e-12
Hessenberg basic,924,0,1,2,1e-12,3.02386,1.00486e-14,2.57325e-11,4.82998e-12
Hessenberg basic,925,0,0,2,1e-12,1.04229,0,2.88765e-11,3.19963e-12
Hessenberg basic,925,0,1,2,1e-12,4.03895,0,2.29647e-11,4.63667e-12
Hessenberg basic,926,0,0,2,1e-12,0.95939,0,2.13969e-11,3.50765e-12
Hessenberg basic,926,0,1,2,1e-12,3.04339,7.14087e-14,2.80712e-11,4.75207e-12
Hessenberg basic,927,0,0,2,1e-12,1.05787,0,4.27463e-11,3.472e-12
Hessenberg basic,927,0,1,2,1e-12,3.60421,4.83221e-14,2.7593e-11,4.78635e-12
Hessenberg basic,928,0,0,2,1e-12,0.948545,0,3.91083e-11,3.77509e-12
Hessenberg basic,928,0,1,2,1e-12,3.51691,8.55607e-14,2.8705e-11,4.79899e-12
Hessenberg basic,929,0,0,2,1e-12,0.998379,0,2.36469e-11,3.59354e-12
Hessenberg basic,929,0,1,2,1e-12,3.60106,2.84217e-14,2.74906e-11,4.87641e-12
Hessenberg basic,930,0,0,2,1e-12,0.96782,0,3.04681e-11,3.51787e-12
Hessenberg basic,930,0,1,2,1e-12,3.00817,6.35529e-14,2.65405e-11,4.83021e-12
Hessenberg basic,931,0,0,2,1e-12,0.975565,0,2.41016e-11,3.44149e-12
Hessenberg basic,931,0,1,2,1e-12,3.80744,3.17764e-14,2.25834e-11,4.96389e-12
Hessenberg basic,932,0,0,2,1e-12,0.933354,0,3.02407e-11,3.42785e-12
Hessenberg basic,932,0,1,2,1e-12,3.27969,5.68434e-14,2.46624e-11,4.42533e-12
Hessenberg basic,933,0,0,2,1e-12,1.1716,0,2.13731e-11,3.49177e-12
Hessenberg basic,933,0,1,2,1e-12,3.72366,1.55114e-14,3.24508e-11,4.94268e-12
Hessenberg basic,934,0,0,2,1e-12,0.972697,0,2.11833e-11,3.38216e-12
Hessenberg basic,934,0,1,2,1e-12,3.06105,1.42109e-14,2.54365e-11,4.74036e-12
Hessenberg basic,935,0,0,2,1e-12,1.0116,0,2.50111e-11,3.15058e-12
Hessenberg basic,935,0,1,2,1e-12,3.69205,3.18544e-14,2.44149e-11,4.35862e-12
Hessenberg basic,936,0,0,2,1e-12,0.995996,0,2.69284e-11,3.71889e-12
Hessenberg basic,936,0,1,2,1e-12,3.14864,1.58882e-14,2.76343e-11,4.87795e-12
Hessenberg basic,937,0,0,2,1e-12,0.972266,0,2.09175e-11,3.2248e-12
Hessenberg basic,937,0,1,2,1e-12,3.61605,6.35995e-14,2.98354e-11,4.71829e-12
Hessenberg basic,938,0,0,2,1e-12,0.94984,0,1.54631e-11,3.12649e-12
Hessenberg basic,938,0,1,2,1e-12,3.03627,0,3.05477e-11,4.69662e-12
Hessenberg basic,939,0,0,2,1e-12,1.04374,0,1.7053e-11,3.45761e-12
Hessenberg basic,939,0,1,2,1e-12,3.50036,2.07347e-14,2.64033e-11,4.68163e-12
Hessenberg basic,940,0,0,2,1e-12,0.929467,0,2.81943e-11,3.4734e-12
Hessenberg basic,940,0,1,2,1e-12,2.94016,7.10543e-14,2.68277e-11,4.86829e-12
Hessenberg basic,941,0,0,2,1e-12,1.05387,0,3.72893e-11,3.52686e-12
Hessenberg basic,941,0,1,2,1e-12,3.7772,8.88178e-15,2.69282e-11,4.9301e-12
Hessenberg basic,942,0,0,2,1e-12,1.00235,0,2.06913e-11,3.64006e-12
Hessenberg basic,942,0,1,2,1e-12,3.14247,4.26326e-14,2.30426e-11,4.51903e-12
Hessenberg basic,943,0,0,2,1e-12,1.05747,0,3.56977e-11,3.58107e-12
Hessenberg basic,943,0,1,2,1e-12,3.87858,1.42109e-14,2.25336e-11,4.57316e-12
Hessenberg basic,944,0,0,2,1e-12,0.970893,0,3.66072e-11,3.44788e-12
Hessenberg basic,944,0,1,2,1e-12,3.02552,2.00972e-14,2.70412e-11,4.86787e-12
Hessenberg basic,945,0,0,2,1e-12,1.06066,0,3.31966e-11,3.83338e-12
Hessenberg basic,945,0,1,2,1e-12,4.09893,1.42109e-14,2.59664e-11,4.53331e-12
Hessenberg basic,946,0,0,2,1e-12,1.04345,0,4.27463e-11,3.77145e-12
Hessenberg basic,946,0,1,2,1e-12,3.23787,2.13902e-14,2.66641e-11,4.64504e-12
Hessenberg basic,947,0,0,2,1e-12,1.07092,0,2.4329e-11,3.47307e-12
Hessenberg basic,947,0,1,2,1e-12,3.55572,5.68434e-14,2.87392e-11,4.64152e-12
Hessenberg basic,948,0,0,2,1e-12,0.941182,0,2.31921e-11,3.26518e-12
Hessenberg basic,948,0,1,2,1e-12,3.04016,0,2.58137e-11,4.5908e-12
Hessenberg basic,949,0,0,2,1e-12,1.07199,0,3.72893e-11,3.28072e-12
Hessenberg basic,949,0,1,2,1e-12,3.78734,3.17764e-14,2.85741e-11,4.61383e-12
Hessenberg basic,950,0,0,2,1e-12,1.21825,0,3.09228e-11,3.45012e-12
Hessenberg basic,950,0,1,2,1e-12,3.31747,1.51772e-14,2.53511e-11,4.50945e-12
Hessenberg basic,951,0,0,2,1e-12,1.24216,0,2.86491e-11,3.50059e-12
Hessenberg basic,951,0,1,2,1e-12,3.94603,4.61853e-14,2.5357e-11,4.69877e-12
Hessenberg basic,952,0,0,2,1e-12,0.951611,0,2.31921e-11,3.26198e-12
Hessenberg basic,952,0,1,2,1e-12,3.24723,5.1238e-14,3.05619e-11,4.72141e-12
Hessenberg basic,953,0,0,2,1e-12,1.12831,0,1.90994e-11,3.35396e-12
Hessenberg basic,953,0,1,2,1e-12,3.86564,1.42109e-14,2.16369e-11,4.90101e-12
Hessenberg basic,954,0,0,2,1e-12,1.26857,0,2.34195e-11,3.25071e-12
Hessenberg basic,954,0,1,2,1e-12,3.4249,3.82639e-14,3.11004e-11,5.01932e-12
Hessenberg basic,955,0,0,2,1e-12,1.11932,0,2.36562e-11,3.61853e-12
Hessenberg basic,955,0,1,2,1e-12,4.06376,0,2.52211e-11,4.70401e-12
Hessenberg basic,956,0,0,2,1e-12,0.982491,0,3.29692e-11,3.42079e-12
Hessenberg basic,956,0,1,2,1e-12,3.07179,4.05461e-14,2.8018e-11,4.66886e-12
Hessenberg basic,957,0,0,2,1e-12,1.13164,0,3.25144e-11,3.27481e-12
Hessenberg basic,957,0,1,2,1e-12,4.12977,0,2.74221e-11,4.99068e-12
Hessenberg basic,958,0,0,2,1e-12,1.10237,0,2.09184e-11,3.68692e-12
Hessenberg basic,958,0,1,2,1e-12,3.33277,5.17283e-14,2.15073e-11,4.635e-12
Hessenberg basic,959,0,0,2,1e-12,1.14058,0,2.31921e-11,3.18182e-12
Hessenberg basic,959,0,1,2,1e-12,4.13914,1.58882e-14,2.36053e-11,4.68607e-12
Hessenberg basic,960,0,0,2,1e-12,1.3628,0,3.50155e-11,3.68741e-12
Hessenberg basic,960,0,1,2,1e-12,3.98687,5.72858e-14,2.389e-11,4.69719e-12
Hessenberg basic,961,0,0,2,1e-12,1.15284,0,2.10772e-11,3.3599e-12
Hessenberg basic,961,0,1,2,1e-12,4.42081,2.86429e-14,2.87697e-11,4.76107e-12
Hessenberg basic,962,0,0,2,1e-12,1.07592,0,3.45608e-11,3.46451e-12
Hessenberg basic,962,0,1,2,1e-12,3.36123,1.48886e-14,2.86762e-11,4.63914e-12
Hessenberg basic,963,0,0,2,1e-12,1.18031,0,2.22826e-11,3.58395e-12
Hessenberg basic,963,0,1,2,1e-12,4.49838,0,2.84789e-11,4.53262e-12
Hessenberg basic,964,0,0,2,1e-12,0.967794,0,2.09026e-11,3.68942e-12
Hessenberg basic,964,0,1,2,1e-12,3.10513,0,2.44054e-11,4.83269e-12
Hessenberg basic,965,0,0,2,1e-12,1.16871,0,2.59206e-11,3.56707e-12
Hessenberg basic,965,0,1,2,1e-12,3.94545,5.32907e-15,2.36578e-11,4.78146e-12
Hessenberg basic,966,0,0,2,1e-12,1.10108,0,4.29736e-11,3.5068e-12
Hessenberg basic,966,0,1,2,1e-12,3.43475,2.84217e-14,2.9721e-11,4.6807e-12
Hessenberg basic,967,0,0,2,1e-12,1.17205,0,3.20597e-11,3.09764e-12
Hessenberg basic,967,0,1,2,1e-12,4.18485,2.84217e-14,2.25111e-11,4.34995e-12
Hessenberg basic,968,0,0,2,1e-12,1.05313,0,3.13776e-11,3.32379e-12
Hessenberg basic,968,0,1,2,1e-12,3.54027,5.85929e-14,2.90296e-11,4.67657e-12
Hessenberg basic,969,0,0,2,1e-12,1.20732,0,2.73048e-11,3.72951e-12
Hessenberg basic,969,0,1,2,1e-12,4.24843,0,2.85291e-11,4.62571e-12
Hessenberg basic,970,0,0,2,1e-12,1.15362,0,3.45608e-11,3.20788e-12
Hessenberg basic,970,0,1,2,1e-12,3.47929,4.26326e-14,2.50586e-11,4.5283e-12
Hessenberg basic,971,0,0,2,1e-12,1.20165,0,2.75122e-11,3.49719e-12
Hessenberg basic,971,0,1,2,1e-12,4.25739,5.68434e-14,2.2094e-11,4.79094e-12
Hessenberg basic,972,0,0,2,1e-12,1.06756,0,2.36469e-11,2.96631e-12
Hessenberg basic,972,0,1,2,1e-12,3.23068,4.01944e-14,3.07728e-11,4.94464e-12
Hessenberg basic,973,0,0,2,1e-12,1.20419,0,2.16005e-11,3.46286e-12
Hessenberg basic,973,0,1,2,1e-12,4.06033,4.83221e-14,2.22617e-11,4.27744e-12
Hessenberg basic,974,0,0,2,1e-12,1.15475,0,3.66072e-11,3.34103e-12
Hessenberg basic,974,0,1,2,1e-12,3.53267,1.42109e-14,2.50307e-11,4.68157e-12
Hessenberg basic,975,0,0,2,1e-12,1.28441,0,2.45564e-11,3.40444e-12
Hessenberg basic,975,0,1,2,1e-12,4.27516,7.10543e-14,2.2974e-11,4.43308e-12
Hessenberg basic,976,0,0,2,1e-12,1.07882,0,3.09228e-11,3.12367e-12
Hessenberg basic,976,0,1,2,1e-12,3.38327,3.17764e-14,2.17275e-11,4.81145e-12
Hessenberg basic,977,0,0,2,1e-12,1.24982,0,2.13731e-11,3.152e-12
Hessenberg basic,977,0,1,2,1e-12,4.2639,5.68434e-14,2.83864e-11,4.58165e-12
Hessenberg basic,978,0,0,2,1e-12,1.18977,0,3.7744e-11,3.21304e-12
Hessenberg basic,978,0,1,2,1e-12,3.61315,0,2.5475e-11,4.72286e-12
Hessenberg basic,979,0,0,2,1e-12,1.25727,0,3.25144e-11,3.7146e-12
Hessenberg basic,979,0,1,2,1e-12,4.36495,5.55236e-14,2.32878e-11,4.80702e-12
Hessenberg basic,980,0,0,2,1e-12,1.093,0,2.56932e-11,3.48924e-12
Hessenberg basic,980,0,1,2,1e-12,3.44036,1.42109e-14,2.59468e-11,4.64171e-12
Hessenberg basic,981,0,0,2,1e-12,1.22399,0,3.18323e-11,3.3846e-12
Hessenberg basic,981,0,1,2,1e-12,4.39575,2.92964e-14,2.64017e-11,4.84485e-12
Hessenberg basic,982,0,0,2,1e-12,1.22222,0,3.88809e-11,3.2506e-12
Hessenberg basic,982,0,1,2,1e-12,3.60356,4.26326e-14,2.36551e-11,4.81398e-12
Hessenberg basic,983,0,0,2,1e-12,1.34781,0,2.84217e-11,3.75062e-12
Hessenberg basic,983,0,1,2,1e-12,4.6966,1.42109e-14,2.50493e-11,4.60088e-12
Hessenberg basic,984,0,0,2,1e-12,1.06438,0,3.43334e-11,3.22136e-12
Hessenberg basic,984,0,1,2,1e-12,3.61619,2.84217e-14,2.54273e-11,4.61232e-12
Hessenberg basic,985,0,0,2,1e-12,1.56604,0,2.41016e-11,3.16324e-12
Hessenberg basic,985,0,1,2,1e-12,4.46882,0,2.61589e-11,4.83772e-12
Hessenberg basic,986,0,0,2,1e-12,1.28435,0,3.13776e-11,3.21826e-12
Hessenberg basic,986,0,1,2,1e-12,3.81286,3.03544e-14,2.93902e-11,4.75462e-12
Hessenberg basic,987,0,0,2,1e-12,1.31242,0,2.7967e-11,3.67798e-12
Hessenberg basic,987,0,1,2,1e-12,4.35109,8.55607e-14,2.4893e-11,4.66617e-12
Hessenberg basic,988,0,0,2,1e-12,1.13985,0,3.5925e-11,3.48682e-12
Hessenberg basic,988,0,1,2,1e-12,3.59655,4.32206e-14,3.05528e-11,4.68618e-12
Hessenberg basic,989,0,0,2,1e-12,1.586,0,3.79714e-11,3.43889e-12
Hessenberg basic,989,0,1,2,1e-12,4.75668,2.92964e-14,2.66738e-11,4.74596e-12
Hessenberg basic,990,0,0,2,1e-12,1.30337,0,2.251e-11,3.43475e-12
Hessenberg basic,990,0,1,2,1e-12,3.97265,0,2.29546e-11,4.79234e-12
Hessenberg basic,991,0,0,2,1e-12,1.41306,0,2.38742e-11,3.73016e-12
Hessenberg basic,991,0,1,2,1e-12,4.7857,1.42109e-14,2.61482e-11,4.6787e-12
Hessenberg basic,992,0,0,2,1e-12,1.19187,0,2.70575e-11,3.09336e-12
Hessenberg basic,992,0,1,2,1e-12,4.64218,9.42809e-14,2.52275e-11,4.55158e-12
Hessenberg basic,993,0,0,2,1e-12,1.17022,0,2.93312e-11,3.3824e-12
Hessenberg basic,993,0,1,2,1e-12,4.29884,3.55271e-14,2.90843e-11,4.57399e-12
Hessenberg basic,994,0,0,2,1e-12,1.20298,0,3.50155e-11,3.16621e-12
Hessenberg basic,994,0,1,2,1e-12,3.91573,5.68434e-14,2.64627e-11,4.65104e-12
Hessenberg basic,995,0,0,2,1e-12,1.46949,0,2.38742e-11,3.43065e-12
Hessenberg basic,995,0,1,2,1e-12,4.85863,4.43791e-14,2.44659e-11,4.80073e-12
Hessenberg basic,996,0,0,2,1e-12,1.31857,0,3.72893e-11,3.334e-12
Hessenberg basic,996,0,1,2,1e-12,3.56782,3.17764e-14,2.38048e-11,4.54371e-12
Hessenberg basic,997,0,0,2,1e-12,1.3239,0,2.04636e-11,3.15393e-12
Hessenberg basic,997,0,1,2,1e-12,4.72378,5.68434e-14,3.49313e-11,4.88397e-12
Hessenberg basic,998,0,0,2,1e-12,1.27159,0,2.63753e-11,3.23376e-12
Hessenberg basic,998,0,1,2,1e-12,3.81886,5.68434e-14,2.3554e-11,4.81624e-12
Hessenberg basic,999,0,0,2,1e-12,1.30466,0,3.54703e-11,3.66378e-12
Hessenberg basic,999,0,1,2,1e-12,4.74025,5.68434e-14,2.72538e-11,4.84943e-12
Hessenberg basic,1000,0,0,2,1e-12,1.0857,0,2.56932e-11,3.22509e-12
Hessenberg basic,1000,0,1,2,1e-12,3.60591,8.52651e-14,2.78068e-11,4.78073e-12
