version, size, hermitian, complex, seed, tol, runtime in s,min_error, max_error, avg_error
Hessenberg basic,900,0,0,3,1e-12,0.761955,0,3.04681e-11,3.15347e-12
Hessenberg basic,900,0,1,3,1e-12,2.44731,6.03961e-14,2.44282e-11,4.77234e-12
Hessenberg basic,901,0,0,3,1e-12,0.862337,0,1.72804e-11,3.16954e-12
Hessenberg basic,901,0,1,3,1e-12,3.3172,2.84217e-14,2.16689e-11,4.38207e-12
Hessenberg basic,902,0,0,3,1e-12,0.845376,0,2.36469e-11,3.27872e-12
Hessenberg basic,902,0,1,3,1e-12,2.69965,5.69543e-14,2.4313e-11,4.62182e-12
Hessenberg basic,903,0,0,3,1e-12,0.859143,0,2.251e-11,3.32787e-12
Hessenberg basic,903,0,1,3,1e-12,3.16967,4.14695e-14,3.89614e-11,4.62081e-12
Hessenberg basic,904,0,0,3,1e-12,0.728344,0,3.18323e-11,3.54065e-12
Hessenberg basic,904,0,1,3,1e-12,2.60714,1.42109e-14,2.51721e-11,4.58651e-12
Hessenberg basic,905,0,0,3,1e-12,0.89425,0,3.9563e-11,3.3373e-12
Hessenberg basic,905,0,1,3,1e-12,3.29244,6.83406e-14,2.54285e-11,4.52982e-12
Hessenberg basic,906,0,0,3,1e-12,0.842553,0,2.68301e-11,3.31642e-12
Hessenberg basic,906,0,1,3,1e-12,2.78464,3.35162e-14,2.0651e-11,4.72549e-12
Hessenberg basic,907,0,0,3,1e-12,0.882178,0,2.88765e-11,3.37011e-12
Hessenberg basic,907,0,1,3,1e-12,3.22198,0,2.46721e-11,4.54065e-12
Hessenberg basic,908,0,0,3,1e-12,0.783744,0,2.63753e-11,3.34357e-12
Hessenberg basic,908,0,1,3,1e-12,2.65443,0,2.58927e-11,4.65159e-12
Hessenberg basic,909,0,0,3,1e-12,0.911915,0,1.81899e-11,3.24864e-12
Hessenberg basic,909,0,1,3,1e-12,3.18191,0,2.5308e-11,4.67932e-12
Hessenberg basic,910,0,0,3,1e-12,0.930444,0,2.56932e-11,3.22694e-12
Hessenberg basic,910,0,1,3,1e-12,2.90499,2.84217e-14,3.05682e-11,4.49562e-12
Hessenberg basic,911,0,0,3,1e-12,0.844882,0,2.20552e-11,3.33379e-12
Hessenberg basic,911,0,1,3,1e-12,2.71858,4.54969e-14,2.31835e-11,4.56033e-12
Hessenberg basic,912,0,0,3,1e-12,0.800163,0,2.34195e-11,3.15331e-12
Hessenberg basic,912,0,1,3,1e-12,2.68087,4.26326e-14,2.67096e-11,4.58026e-12
Hessenberg basic,913,0,0,3,1e-12,0.884091,0,3.11502e-11,3.91175e-12
Hessenberg basic,913,0,1,3,1e-12,3.27706,1.42109e-14,2.3591e-11,4.57929e-12
Hessenberg basic,914,0,0,3,1e-12,0.845767,0,2.80703e-11,3.63506e-12
Hessenberg basic,914,0,1,3,1e-12,2.83952,1.42109e-14,2.76247e-11,4.73386e-12
Hessenberg basic,915,0,0,3,1e-12,0.896221,0,3.63798e-11,3.51429e-12
Hessenberg basic,915,0,1,3,1e-12,3.23829,5.68434e-14,2.27158e-11,4.58036e-12
Hessenberg basic,916,0,0,3,1e-12,0.814358,0,2.50111e-11,3.41824e-12
Hessenberg basic,916,0,1,3,1e-12,2.70328,1.14185e-13,2.58419e-11,4.48638e-12
Hessenberg basic,917,0,0,3,1e-12,0.90887,0,2.36469e-11,3.36224e-12
Hessenberg basic,917,0,1,3,1e-12,2.88322,3.03544e-14,2.20658e-11,4.77564e-12
Hessenberg basic,918,0,0,3,1e-12,0.923358,0,3.11502e-11,3.59329e-12
Hessenberg basic,918,0,1,3,1e-12,2.94254,5.41133e-14,2.56298e-11,4.55436e-12
Hessenberg basic,919,0,0,3,1e-12,0.974731,0,2.6148e-11,3.2944e-12
Hessenberg basic,919,0,1,3,1e-12,3.5916,7.14087e-14,2.0782e-11,4.78898e-12
Hessenberg basic,920,0,0,3,1e-12,0.782143,0,3.27418e-11,3.61705e-12
Hessenberg basic,920,0,1,3,1e-12,2.77517,4.76647e-14,2.89846e-11,4.62569e-12
Hessenberg basic,921,0,0,3,1e-12,0.923016,0,2.27374e-11,3.46876e-12
Hessenberg basic,921,0,1,3,1e-12,3.50412,2.86429e-14,2.83625e-11,4.46175e-12
Hessenberg basic,922,0,0,3,1e-12,0.930249,0,2.6148e-11,3.41313e-12
Hessenberg basic,922,0,1,3,1e-12,3.01473,8.03887e-14,2.88585e-11,4.74808e-12
Hessenberg basic,923,0,0,3,1e-12,0.952806,0,3.02407e-11,3.61892e-12
Hessenberg basic,923,0,1,3,1e-12,3.44142,4.85988e-14,2.83343e-11,4.77065e-12
Hessenberg basic,924,0,0,3,1e-12,0.835031,0,4.04725e-11,3.33749e-12
Hessenberg basic,924,0,1,3,1e-12,2.71383,5.17283e-14,2.09767e-11,4.45565e-12
Hessenberg basic,925,0,0,3,1e-12,0.943688,0,2.70575e-11,3.32122e-12
Hessenberg basic,925,0,1,3,1e-12,3.63359,2.84217e-14,2.15061e-11,4.69885e-12
Hessenberg basic,926,0,0,3,1e-12,0.900799,0,2.7967e-11,3.42977e-12
Hessenberg basic,926,0,1,3,1e-12,2.98159,4.26326e-14,2.09406e-11,4.33988e-12
Hessenberg basic,927,0,0,3,1e-12,0.9576,0,2.81943e-11,3.48716e-12
Hessenberg basic,927,0,1,3,1e-12,3.59172,3.35162e-14,3.22943e-11,4.59797e-12
Hessenberg basic,928,0,0,3,1e-12,0.91761,0,3.06954e-11,3.55565e-12
Hessenberg basic,928,0,1,3,1e-12,3.52159,6.61082e-14,2.33875e-11,4.80266e-12
Hessenberg basic,929,0,0,3,1e-12,0.945182,0,2.84217e-11,3.18741e-12
Hessenberg basic,929,0,1,3,1e-12,3.60655,2.92964e-14,2.30412e-11,4.70318e-12
Hessenberg basic,930,0,0,3,1e-12,0.923125,0,2.56932e-11,3.66699e-12
Hessenberg basic,930,0,1,3,1e-12,3.01238,2.77476e-14,2.20189e-11,4.72641e-12
Hessenberg basic,931,0,0,3,1e-12,0.954788,0,1.68257e-11,3.29356e-12
Hessenberg basic,931,0,1,3,1e-12,3.71399,5.85929e-14,2.11973e-11,4.62701e-12
Hessenberg basic,932,0,0,3,1e-12,0.876846,0,2.52385e-11,3.13714e-12
Hessenberg basic,932,0,1,3,1e-12,2.86588,3.84285e-14,2.76717e-11,4.75023e-12
Hessenberg basic,933,0,0,3,1e-12,1.01293,0,2.95586e-11,3.45576e-12
Hessenberg basic,933,0,1,3,1e-12,3.75186,3.67137e-15,2.5132e-11,4.66086e-12
Hessenberg basic,934,0,0,3,1e-12,0.964004,0,2.22826e-11,3.70608e-12
Hessenberg basic,934,0,1,3,1e-12,3.09655,0,2.10321e-11,4.58088e-12
Hessenberg basic,935,0,0,3,1e-12,1.06452,0,2.20552e-11,3.64942e-12
Hessenberg basic,935,0,1,3,1e-12,3.7468,3.58036e-14,3.82096e-11,4.48802e-12
Hessenberg basic,936,0,0,3,1e-12,0.863192,0,2.77396e-11,3.54945e-12
Hessenberg basic,936,0,1,3,1e-12,2.82969,0,2.54913e-11,4.67761e-12
Hessenberg basic,937,0,0,3,1e-12,0.94928,0,2.27374e-11,3.25227e-12
Hessenberg basic,937,0,1,3,1e-12,3.59324,4.54969e-14,1.97975e-11,4.46956e-12
Hessenberg basic,938,0,0,3,1e-12,0.952273,0,3.06954e-11,3.25816e-12
Hessenberg basic,938,0,1,3,1e-12,3.0972,1.58882e-14,2.43184e-11,4.87464e-12
Hessenberg basic,939,0,0,3,1e-12,1.00713,0,2.4329e-11,3.60026e-12
Hessenberg basic,939,0,1,3,1e-12,3.64967,2.00972e-14,2.62988e-11,4.51872e-12
Hessenberg basic,940,0,0,3,1e-12,0.921966,0,2.29647e-11,3.73041e-12
Hessenberg basic,940,0,1,3,1e-12,2.88905,5.68434e-14,2.35252e-11,4.81074e-12
Hessenberg basic,941,0,0,3,1e-12,1.01632,0,3.22871e-11,3.45655e-12
Hessenberg basic,941,0,1,3,1e-12,3.78443,7.10543e-14,2.54177e-11,4.81358e-12
Hessenberg basic,942,0,0,3,1e-12,0.976174,0,2.29647e-11,3.38451e-12
Hessenberg basic,942,0,1,3,1e-12,3.15731,2.13163e-14,2.46983e-11,4.63928e-12
Hessenberg basic,943,0,0,3,1e-12,1.02569,0,2.18279e-11,3.45191e-12
Hessenberg basic,943,0,1,3,1e-12,3.8607,5.68434e-14,2.18858e-11,4.66829e-12
Hessenberg basic,944,0,0,3,1e-12,0.925717,0,2.04636e-11,3.61517e-12
Hessenberg basic,944,0,1,3,1e-12,3.00124,4.08562e-14,2.37453e-11,4.68075e-12
Hessenberg basic,945,0,0,3,1e-12,1.0678,0,1.90994e-11,3.25122e-12
Hessenberg basic,945,0,1,3,1e-12,3.87399,1.97857e-14,2.21001e-11,4.8545e-12
Hessenberg basic,946,0,0,3,1e-12,1.13244,0,2.93312e-11,3.63452e-12
Hessenberg basic,946,0,1,3,1e-12,3.16156,1.42109e-14,2.41777e-11,4.65749e-12
Hessenberg basic,947,0,0,3,1e-12,1.06192,0,2.27374e-11,3.57083e-12
Hessenberg basic,947,0,1,3,1e-12,3.54774,0,2.59222e-11,4.73129e-12
Hessenberg basic,948,0,0,3,1e-12,0.941234,0,1.84176e-11,3.77976e-12
Hessenberg basic,948,0,1,3,1e-12,3.03309,5.68434e-14,2.09233e-11,4.46428e-12
Hessenberg basic,949,0,0,3,1e-12,1.10305,0,2.13731e-11,3.66543e-12
Hessenberg basic,949,0,1,3,1e-12,3.80488,7.55317e-14,2.40307e-11,4.6576e-12
Hessenberg basic,950,0,0,3,1e-12,0.987191,0,4.00178e-11,3.17698e-12
Hessenberg basic,950,0,1,3,1e-12,3.20539,6.39488e-14,2.05204e-11,4.53966e-12
Hessenberg basic,951,0,0,3,1e-12,1.04495,0,3.20597e-11,3.36785e-12
Hessenberg basic,951,0,1,3,1e-12,3.96424,0,2.6148e-11,4.66473e-12
Hessenberg basic,952,0,0,3,1e-12,0.896204,0,2.27175e-11,3.58516e-12
Hessenberg basic,952,0,1,3,1e-12,3.07015,1.42109e-14,2.56178e-11,4.55787e-12
Hessenberg basic,953,0,0,3,1e-12,1.11573,0,2.28522e-11,3.48603e-12
Hessenberg basic,953,0,1,3,1e-12,3.89369,3.17764e-14,2.47368e-11,4.46913e-12
Hessenberg basic,954,0,0,3,1e-12,1.0747,0,2.50111e-11,3.35718e-12
Hessenberg basic,954,0,1,3,1e-12,3.32563,1.42109e-14,3.35713e-11,4.61029e-12
Hessenberg basic,955,0,0,3,1e-12,1.1267,0,2.31921e-11,3.5073e-12
Hessenberg basic,955,0,1,3,1e-12,4.04124,7.65278e-14,2.74256e-11,4.59739e-12
Hessenberg basic,956,0,0,3,1e-12,0.995585,0,2.9786e-11,3.46191e-12
Hessenberg basic,956,0,1,3,1e-12,3.16032,5.68434e-14,2.2751e-11,4.63522e-12
Hessenberg basic,957,0,0,3,1e-12,1.17857,0,2.18279e-11,3.6493e-12
Hessenberg basic,957,0,1,3,1e-12,4.16368,0,3.65287e-11,4.51424e-12
Hessenberg basic,958,0,0,3,1e-12,1.07989,0,2.50111e-11,3.06231e-12
Hessenberg basic,958,0,1,3,1e-12,3.34215,3.35162e-14,2.58897e-11,4.64495e-12
Hessenberg basic,959,0,0,3,1e-12,1.16339,0,4.11546e-11,3.34508e-12
Hessenberg basic,959,0,1,3,1e-12,4.12465,0,2.85044e-11,4.52958e-12
Hessenberg basic,960,0,0,3,1e-12,1.3765,0,2.36895e-11,3.42182e-12
Hessenberg basic,960,0,1,3,1e-12,3.95836,0,2.53764e-11,4.66819e-12
Hessenberg basic,961,0,0,3,1e-12,1.12183,0,2.52385e-11,3.75814e-12
Hessenberg basic,961,0,1,3,1e-12,4.04383,1.45959e-14,2.34371e-11,4.64811e-12
Hessenberg basic,962,0,0,3,1e-12,1.07395,0,2.47837e-11,3.48122e-12
Hessenberg basic,962,0,1,3,1e-12,3.29547,2.75765e-14,2.6068e-11,4.66197e-12
Hessenberg basic,963,0,0,3,1e-12,1.19514,0,1.95541e-11,3.16265e-12
Hessenberg basic,963,0,1,3,1e-12,4.19052,1.43214e-14,3.45728e-11,4.78145e-12
Hessenberg basic,964,0,0,3,1e-12,0.93743,0,3.38787e-11,3.2083e-12
Hessenberg basic,964,0,1,3,1e-12,2.9586,2.13902e-14,2.75188e-11,4.5606e-12
Hessenberg basic,965,0,0,3,1e-12,1.13469,0,3.47882e-11,3.49152e-12
Hessenberg basic,965,0,1,3,1e-12,3.98451,3.55271e-15,2.32322e-11,4.65241e-12
Hessenberg basic,966,0,0,3,1e-12,1.11126,0,2.04636e-11,3.39898e-12
Hessenberg basic,966,0,1,3,1e-12,3.44334,8.53391e-14,2.09196e-11,4.92262e-12
Hessenberg basic,967,0,0,3,1e-12,1.18217,0,2.13731e-11,3.26758e-12
Hessenberg basic,967,0,1,3,1e-12,4.16378,0,2.61153e-11,4.71447e-12
Hessenberg basic,968,0,0,3,1e-12,0.970642,0,2.70575e-11,3.74359e-12
Hessenberg basic,968,0,1,3,1e-12,3.29701,5.68434e-14,2.19789e-11,4.56871e-12
Hessenberg basic,969,0,0,3,1e-12,1.24652,0,1.97815e-11,3.37791e-12
Hessenberg basic,969,0,1,3,1e-12,4.27941,6.32543e-14,1.99004e-11,4.49365e-12
Hessenberg basic,970,0,0,3,1e-12,1.18508,0,3.29692e-11,3.43843e-12
Hessenberg basic,970,0,1,3,1e-12,3.50939,8.70415e-14,2.79487e-11,4.49163e-12
Hessenberg basic,971,0,0,3,1e-12,1.24144,0,3.41061e-11,3.27325e-12
Hessenberg basic,971,0,1,3,1e-12,4.31267,3.55271e-14,2.73218e-11,4.6194e-12
Hessenberg basic,972,0,0,3,1e-12,1.05783,0,3.04681e-11,3.33087e-12
Hessenberg basic,972,0,1,3,1e-12,3.18932,4.01944e-14,2.09196e-11,4.6309e-12
Hessenberg basic,973,0,0,3,1e-12,1.17742,0,2.22826e-11,3.47338e-12
Hessenberg basic,973,0,1,3,1e-12,4.08548,3.55271e-14,2.65161e-11,4.72571e-12
Hessenberg basic,974,0,0,3,1e-12,1.13779,0,2.77396e-11,3.4776e-12
Hessenberg basic,974,0,1,3,1e-12,3.57,4.32206e-14,2.33974e-11,4.57632e-12
Hessenberg basic,975,0,0,3,1e-12,1.2159,0,2.50111e-11,3.38642e-12
Hessenberg basic,975,0,1,3,1e-12,4.26559,4.01944e-14,2.74737e-11,4.37816e-12
Hessenberg basic,976,0,0,3,1e-12,1.05809,0,3.13776e-11,3.48968e-12
Hessenberg basic,976,0,1,3,1e-12,3.47212,0,2.41027e-11,4.49507e-12
Hessenberg basic,977,0,0,3,1e-12,1.2365,0,2.47837e-11,3.38333e-12
Hessenberg basic,977,0,1,3,1e-12,4.19116,6.03177e-14,2.78855e-11,4.54055e-12
Hessenberg basic,978,0,0,3,1e-12,1.16331,0,2.04636e-11,3.3768e-12
Hessenberg basic,978,0,1,3,1e-12,3.64576,5.95543e-14,2.5475e-11,4.54553e-12
Hessenberg basic,979,0,0,3,1e-12,1.25683,0,2.6148e-11,3.38201e-12
Hessenberg basic,979,0,1,3,1e-12,4.39207,0,2.24704e-11,4.65239e-12
Hessenberg basic,980,0,0,3,1e-12,1.11085,0,2.7967e-11,3.35464e-12
Hessenberg basic,980,0,1,3,1e-12,3.42026,2.13163e-14,2.28684e-11,4.52079e-12
Hessenberg basic,981,0,0,3,1e-12,1.26622,0,1.84173e-11,3.48272e-12
Hessenberg basic,981,0,1,3,1e-12,4.42979,4.45154e-14,2.83716e-11,4.60617e-12
Hessenberg basic,982,0,0,3,1e-12,1.20487,0,4.22915e-11,3.4424e-12
Hessenberg basic,982,0,1,3,1e-12,3.6668,2.07917e-14,2.43969e-11,4.47392e-12
Hessenberg basic,983,0,0,3,1e-12,1.31026,0,3.29692e-11,3.38329e-12
Hessenberg basic,983,0,1,3,1e-12,4.65335,5.68434e-14,2.34562e-11,4.61501e-12
Hessenberg basic,984,0,0,3,1e-12,1.04615,0,4.16094e-11,3.39878e-12
Hessenberg basic,984,0,1,3,1e-12,3.44259,3.55271e-15,2.16805e-11,4.57769e-12
Hessenberg basic,985,0,0,3,1e-12,1.30068,0,4.1382e-11,3.44121e-12
Hessenberg basic,985,0,1,3,1e-12,4.5587,1.18904e-14,2.3757e-11,4.83806e-12
Hessenberg basic,986,0,0,3,1e-12,1.23918,0,2.63753e-11,3.23714e-12
Hessenberg basic,986,0,1,3,1e-12,3.81357,3.55271e-15,2.33297e-11,4.70294e-12
Hessenberg basic,987,0,0,3,1e-12,1.30143,0,2.20552e-11,3.29227e-12
Hessenberg basic,987,0,1,3,1e-12,4.93689,9.32545e-14,2.39337e-11,4.67488e-12
Hessenberg basic,988,0,0,3,1e-12,1.24492,0,3.13776e-11,3.231e-12
Hessenberg basic,988,0,1,3,1e-12,3.8811,2.5619e-14,2.90825e-11,4.33361e-12
Hessenberg basic,989,0,0,3,1e-12,1.40698,0,2.91038e-11,3.19651e-12
Hessenberg basic,989,0,1,3,1e-12,4.61139,2.13163e-14,2.86872e-11,4.65187e-12
Hessenberg basic,990,0,0,3,1e-12,1.42362,0,2.81943e-11,3.42516e-12
Hessenberg basic,990,0,1,3,1e-12,4.28992,1.88829e-14,2.46899e-11,4.58035e-12
Hessenberg basic,991,0,0,3,1e-12,1.37047,0,3.41061e-11,3.27892e-12
Hessenberg basic,991,0,1,3,1e-12,4.65123,2.00972e-14,1.97424e-11,4.50611e-12
Hessenberg basic,992,0,0,3,1e-12,1.32624,0,2.18279e-11,3.39183e-12
Hessenberg basic,992,0,1,3,1e-12,4.55741,1.35575e-14,2.7546e-11,4.27978e-12
Hessenberg basic,993,0,0,3,1e-12,1.16452,0,2.09184e-11,3.31502e-12
Hessenberg basic,993,0,1,3,1e-12,4.46885,2.4869e-14,2.94043e-11,4.52117e-12
Hessenberg basic,994,0,0,3,1e-12,1.18305,0,4.27463e-11,3.38646e-12
Hessenberg basic,994,0,1,3,1e-12,3.97633,2.30926e-14,2.25192e-11,4.58953e-12
Hessenberg basic,995,0,0,3,1e-12,1.31126,0,2.73405e-11,3.19262e-12
Hessenberg basic,995,0,1,3,1e-12,4.78761,4.76647e-14,2.90825e-11,4.54935e-12
Hessenberg basic,996,0,0,3,1e-12,1.18126,0,2.0691e-11,3.19605e-12
Hessenberg basic,996,0,1,3,1e-12,3.53215,0,3.11801e-11,4.39302e-12
Hessenberg basic,997,0,0,3,1e-12,1.32756,0,3.50155e-11,3.57427e-12
Hessenberg basic,997,0,1,3,1e-12,4.73429,4.54969e-14,2.62663e-11,4.76572e-12
Hessenberg basic,998,0,0,3,1e-12,1.30692,0,2.70575e-11,3.22587e-12
Hessenberg basic,998,0,1,3,1e-12,3.98269,5.69543e-14,2.04791e-11,4.75885e-12
Hessenberg basic,999,0,0,3,1e-12,1.36239,0,3.93356e-11,3.02919e-12
Hessenberg basic,999,0,1,3,1e-12,4.72266,1.72453e-14,2.64341e-11,4.4983e-12
Hessenberg basic,1000,0,0,3,1e-12,1.0978,0,2.22826e-11,3.53308e-12
Hessenberg basic,1000,0,1,3,1e-12,3.71001,6.7408e-14,2.43035e-11,4.62606e-12
