version, size, hermitian, complex, seed, tol, runtime in s,min_error, max_error, avg_error
Hessenberg basic,900,1,0,8,1e-12,0.594882,0,9.77707e-12,9.84018e-13
Hessenberg basic,901,1,0,8,1e-12,0.659161,0,1.22782e-11,1.10051e-12
Hessenberg basic,902,1,0,8,1e-12,0.627549,0,1.76215e-11,1.00613e-12
Hessenberg basic,903,1,0,8,1e-12,0.674623,0,7.84439e-12,9.8062e-13
Hessenberg basic,904,1,0,8,1e-12,0.572772,0,1.02318e-11,1.02879e-12
Hessenberg basic,905,1,0,8,1e-12,0.681485,0,1.03455e-11,9.75244e-13
Hessenberg basic,906,1,0,8,1e-12,0.637115,0,1.64846e-11,1.03734e-12
Hessenberg basic,907,1,0,8,1e-12,0.662774,0,1.25056e-11,9.81163e-13
Hessenberg basic,908,1,0,8,1e-12,0.615578,0,9.54969e-12,1.05115e-12
Hessenberg basic,909,1,0,8,1e-12,0.674248,0,1.04592e-11,1.03788e-12
Hessenberg basic,910,1,0,8,1e-12,0.690102,0,1.17097e-11,9.62577e-13
Hessenberg basic,911,1,0,8,1e-12,0.703865,0,1.15961e-11,1.02707e-12
Hessenberg basic,912,1,0,8,1e-12,0.614722,0,9.09495e-12,9.58378e-13
Hessenberg basic,913,1,0,8,1e-12,0.684057,0,8.41283e-12,1.05207e-12
Hessenberg basic,914,1,0,8,1e-12,0.667008,0,1.36424e-11,1.04643e-12
Hessenberg basic,915,1,0,8,1e-12,0.690142,0,1.05729e-11,1.00828e-12
Hessenberg basic,916,1,0,8,1e-12,0.643317,0,1.28466e-11,1.04333e-12
Hessenberg basic,917,1,0,8,1e-12,0.692649,0,1.1255e-11,1.01668e-12
Hessenberg basic,918,1,0,8,1e-12,0.68043,0,1.17097e-11,1.02165e-12
Hessenberg basic,919,1,0,8,1e-12,0.707585,0,9.89075e-12,1.04261e-12
Hessenberg basic,920,1,0,8,1e-12,0.615415,0,8.6402e-12,9.56923e-13
Hessenberg basic,921,1,0,8,1e-12,0.710196,0,1.25056e-11,1.08449e-12
Hessenberg basic,922,1,0,8,1e-12,0.684155,0,1.03455e-11,1.03917e-12
Hessenberg basic,923,1,0,8,1e-12,0.725759,0,9.09495e-12,1.07694e-12
Hessenberg basic,924,1,0,8,1e-12,0.663108,0,1.17097e-11,1.02505e-12
Hessenberg basic,925,1,0,8,1e-12,0.738008,0,1.21645e-11,9.98258e-13
Hessenberg basic,926,1,0,8,1e-12,0.686584,0,1.06866e-11,1.03948e-12
Hessenberg basic,927,1,0,8,1e-12,0.742977,0,1.1255e-11,1.0585e-12
Hessenberg basic,928,1,0,8,1e-12,0.658429,0,1.09139e-11,9.75866e-13
Hessenberg basic,929,1,0,8,1e-12,0.749023,0,9.89075e-12,1.01722e-12
Hessenberg basic,930,1,0,8,1e-12,0.697711,0,1.13687e-11,1.00629e-12
Hessenberg basic,931,1,0,8,1e-12,0.748684,0,1.22782e-11,1.07297e-12
Hessenberg basic,932,1,0,8,1e-12,0.668559,0,1.15961e-11,1.02004e-12
Hessenberg basic,933,1,0,8,1e-12,0.774453,0,1.09139e-11,1.06001e-12
Hessenberg basic,934,1,0,8,1e-12,0.725712,0,1.08002e-11,1.02799e-12
Hessenberg basic,935,1,0,8,1e-12,0.79299,0,1.04592e-11,1.03284e-12
Hessenberg basic,936,1,0,8,1e-12,0.693887,0,9.20863e-12,1.08549e-12
Hessenberg basic,937,1,0,8,1e-12,0.759717,0,1.14824e-11,1.09245e-12
Hessenberg basic,938,1,0,8,1e-12,0.71093,0,1.14824e-11,1.02806e-12
Hessenberg basic,939,1,0,8,1e-12,0.785154,0,1.37561e-11,1.08457e-12
Hessenberg basic,940,1,0,8,1e-12,0.698504,0,9.32232e-12,9.91559e-13
Hessenberg basic,941,1,0,8,1e-12,0.79784,0,1.06866e-11,1.04847e-12
Hessenberg basic,942,1,0,8,1e-12,0.743746,0,1.20508e-11,1.00918e-12
Hessenberg basic,943,1,0,8,1e-12,0.807894,0,7.95808e-12,9.73309e-13
Hessenberg basic,944,1,0,8,1e-12,0.702529,0,1.23919e-11,1.02214e-12
Hessenberg basic,945,1,0,8,1e-12,0.824874,0,1.05729e-11,1.09416e-12
Hessenberg basic,946,1,0,8,1e-12,0.762065,0,8.86757e-12,1.00087e-12
Hessenberg basic,947,1,0,8,1e-12,0.831294,0,8.6402e-12,9.57433e-13
Hessenberg basic,948,1,0,8,1e-12,0.721769,0,1.00044e-11,9.69558e-13
Hessenberg basic,949,1,0,8,1e-12,0.838348,0,1.20508e-11,1.06913e-12
Hessenberg basic,950,1,0,8,1e-12,0.761896,0,1.09139e-11,1.02444e-12
Hessenberg basic,951,1,0,8,1e-12,0.831433,0,9.32232e-12,1.07448e-12
Hessenberg basic,952,1,0,8,1e-12,0.686943,0,1.1255e-11,1.06422e-12
Hessenberg basic,953,1,0,8,1e-12,0.855437,0,1.04592e-11,1.07222e-12
Hessenberg basic,954,1,0,8,1e-12,0.800477,0,1.15961e-11,1.01934e-12
Hessenberg basic,955,1,0,8,1e-12,0.875919,0,1.81899e-11,1.08211e-12
Hessenberg basic,956,1,0,8,1e-12,0.757155,0,9.89075e-12,1.01867e-12
Hessenberg basic,957,1,0,8,1e-12,0.896822,0,9.20863e-12,9.96304e-13
Hessenberg basic,958,1,0,8,1e-12,0.809002,0,1.3415e-11,1.05818e-12
Hessenberg basic,959,1,0,8,1e-12,0.88908,0,1.01181e-11,1.0736e-12
Hessenberg basic,960,1,0,8,1e-12,0.999376,0,1.25056e-11,1.09737e-12
Hessenberg basic,961,1,0,8,1e-12,0.894499,0,9.89075e-12,9.65801e-13
Hessenberg basic,962,1,0,8,1e-12,0.823584,0,1.25056e-11,1.03747e-12
Hessenberg basic,963,1,0,8,1e-12,0.947868,0,1.35287e-11,1.05506e-12
Hessenberg basic,964,1,0,8,1e-12,0.764168,0,9.20863e-12,9.81399e-13
Hessenberg basic,965,1,0,8,1e-12,0.900305,0,1.23919e-11,1.0153e-12
Hessenberg basic,966,1,0,8,1e-12,0.843044,0,9.89075e-12,1.04001e-12
Hessenberg basic,967,1,0,8,1e-12,0.937592,0,1.08002e-11,1.02701e-12
Hessenberg basic,968,1,0,8,1e-12,0.742805,0,1.22782e-11,1.05322e-12
Hessenberg basic,969,1,0,8,1e-12,0.957651,0,1.36424e-11,1.06391e-12
Hessenberg basic,970,1,0,8,1e-12,0.89748,0,1.05729e-11,9.92284e-13
Hessenberg basic,971,1,0,8,1e-12,0.970336,0,1.79625e-11,1.00142e-12
Hessenberg basic,972,1,0,8,1e-12,0.819248,0,1.44382e-11,1.09249e-12
Hessenberg basic,973,1,0,8,1e-12,0.995916,0,1.05729e-11,1.04075e-12
Hessenberg basic,974,1,0,8,1e-12,0.884494,0,1.60298e-11,1.04542e-12
Hessenberg basic,975,1,0,8,1e-12,0.984412,0,1.55751e-11,1.07201e-12
Hessenberg basic,976,1,0,8,1e-12,0.828829,0,8.75389e-12,1.05297e-12
Hessenberg basic,977,1,0,8,1e-12,0.966472,0,1.18234e-11,1.007e-12
Hessenberg basic,978,1,0,8,1e-12,0.922364,0,1.22782e-11,1.0424e-12
Hessenberg basic,979,1,0,8,1e-12,0.962103,0,1.27329e-11,9.80986e-13
Hessenberg basic,980,1,0,8,1e-12,0.858054,0,1.43245e-11,1.09238e-12
Hessenberg basic,981,1,0,8,1e-12,0.966979,0,1.58025e-11,1.04805e-12
Hessenberg basic,982,1,0,8,1e-12,0.909258,0,1.11413e-11,9.66839e-13
Hessenberg basic,983,1,0,8,1e-12,1.02165,0,7.27596e-12,9.78821e-13
Hessenberg basic,984,1,0,8,1e-12,0.809665,0,1.1255e-11,1.13032e-12
Hessenberg basic,985,1,0,8,1e-12,0.996012,0,1.36424e-11,1.0463e-12
Hessenberg basic,986,1,0,8,1e-12,0.948273,0,1.15961e-11,1.05605e-12
Hessenberg basic,987,1,0,8,1e-12,0.991294,0,1.40972e-11,1.03191e-12
Hessenberg basic,988,1,0,8,1e-12,0.886281,0,1.01181e-11,1.06257e-12
Hessenberg basic,989,1,0,8,1e-12,1.02501,0,1.11413e-11,1.03194e-12
Hessenberg basic,990,1,0,8,1e-12,0.95661,0,1.42109e-11,1.06515e-12
Hessenberg basic,991,1,0,8,1e-12,1.0098,0,1.43245e-11,1.04775e-12
Hessenberg basic,992,1,0,8,1e-12,0.904288,0,1.76215e-11,1.11287e-12
Hessenberg basic,993,1,0,8,1e-12,0.949406,0,1.13687e-11,1.03149e-12
Hessenberg basic,994,1,0,8,1e-12,0.921799,0,1.15961e-11,1.05309e-12
Hessenberg basic,995,1,0,8,1e-12,1.02655,0,8.52651e-12,1.04189e-12
Hessenberg basic,996,1,0,8,1e-12,0.90978,0,1.00044e-11,1.01408e-12
Hessenberg basic,997,1,0,8,1e-12,1.04739,0,1.11413e-11,1.03111e-12
Hessenberg basic,998,1,0,8,1e-12,0.980517,0,1.31877e-11,1.0836e-12
Hessenberg basic,999,1,0,8,1e-12,1.03098,0,1.23919e-11,1.03041e-12
Hessenberg basic,1000,1,0,8,1e-12,0.854556,0,1.10276e-11,1.10216e-12
