version, size, hermitian, complex, seed, tol, runtime in s,min_error, max_error, avg_error
Hessenberg basic,900,1,0,9,1e-12,0.576136,0,1.00044e-11,9.03088e-13
Hessenberg basic,901,1,0,9,1e-12,0.663277,0,1.08002e-11,1.00606e-12
Hessenberg basic,902,1,0,9,1e-12,0.627901,0,1.11413e-11,9.04424e-13
Hessenberg basic,903,1,0,9,1e-12,0.671571,0,8.52651e-12,9.97642e-13
Hessenberg basic,904,1,0,9,1e-12,0.574962,0,9.32232e-12,9.71722e-13
Hessenberg basic,905,1,0,9,1e-12,0.681978,0,1.3074e-11,9.66062e-13
Hessenberg basic,906,1,0,9,1e-12,0.642086,0,1.20508e-11,1.01389e-12
Hessenberg basic,907,1,0,9,1e-12,0.680802,0,7.7307e-12,9.92848e-13
Hessenberg basic,908,1,0,9,1e-12,0.611046,0,1.26192e-11,9.84268e-13
Hessenberg basic,909,1,0,9,1e-12,0.707619,0,9.89075e-12,9.56391e-13
Hessenberg basic,910,1,0,9,1e-12,0.712819,0,9.77707e-12,9.75914e-13
Hessenberg basic,911,1,0,9,1e-12,0.679388,0,1.23919e-11,9.70124e-13
Hessenberg basic,912,1,0,9,1e-12,0.614393,0,9.54969e-12,9.73068e-13
Hessenberg basic,913,1,0,9,1e-12,0.698222,0,1.13687e-11,8.98819e-13
Hessenberg basic,914,1,0,9,1e-12,0.659672,0,8.98126e-12,9.14071e-13
Hessenberg basic,915,1,0,9,1e-12,0.705021,0,1.27329e-11,9.57104e-13
Hessenberg basic,916,1,0,9,1e-12,0.635415,0,1.05729e-11,9.71573e-13
Hessenberg basic,917,1,0,9,1e-12,0.713501,0,9.77707e-12,9.52586e-13
Hessenberg basic,918,1,0,9,1e-12,0.676767,0,1.11413e-11,9.81299e-13
Hessenberg basic,919,1,0,9,1e-12,0.723755,0,1.03455e-11,9.60729e-13
Hessenberg basic,920,1,0,9,1e-12,0.612563,0,9.54969e-12,9.64525e-13
Hessenberg basic,921,1,0,9,1e-12,0.729621,0,1.15961e-11,9.37602e-13
Hessenberg basic,922,1,0,9,1e-12,0.684348,0,7.50333e-12,9.96879e-13
Hessenberg basic,923,1,0,9,1e-12,0.733821,0,6.36646e-12,9.12924e-13
Hessenberg basic,924,1,0,9,1e-12,0.658549,0,1.04592e-11,9.73538e-13
Hessenberg basic,925,1,0,9,1e-12,0.73975,0,1.56888e-11,9.96949e-13
Hessenberg basic,926,1,0,9,1e-12,0.696973,0,1.01181e-11,9.84863e-13
Hessenberg basic,927,1,0,9,1e-12,0.750445,0,9.54969e-12,9.52253e-13
Hessenberg basic,928,1,0,9,1e-12,0.673915,0,1.02318e-11,1.0003e-12
Hessenberg basic,929,1,0,9,1e-12,0.753758,0,7.38964e-12,9.14483e-13
Hessenberg basic,930,1,0,9,1e-12,0.724652,0,8.98126e-12,9.99861e-13
Hessenberg basic,931,1,0,9,1e-12,0.760495,0,9.66338e-12,1.01886e-12
Hessenberg basic,932,1,0,9,1e-12,0.69057,0,1.21645e-11,1.01979e-12
Hessenberg basic,933,1,0,9,1e-12,0.784077,0,8.52651e-12,9.68472e-13
Hessenberg basic,934,1,0,9,1e-12,0.733619,0,1.27329e-11,9.89032e-13
Hessenberg basic,935,1,0,9,1e-12,0.792702,0,8.52651e-12,9.63283e-13
Hessenberg basic,936,1,0,9,1e-12,0.682298,0,7.61702e-12,8.98936e-13
Hessenberg basic,937,1,0,9,1e-12,0.769872,0,9.89075e-12,9.85796e-13
Hessenberg basic,938,1,0,9,1e-12,0.730805,0,9.89075e-12,9.42584e-13
Hessenberg basic,939,1,0,9,1e-12,0.791661,0,8.29914e-12,9.48409e-13
Hessenberg basic,940,1,0,9,1e-12,0.718223,0,1.19371e-11,9.82813e-13
Hessenberg basic,941,1,0,9,1e-12,0.820209,0,1.47793e-11,1.06905e-12
Hessenberg basic,942,1,0,9,1e-12,0.765167,0,8.52651e-12,1.01823e-12
Hessenberg basic,943,1,0,9,1e-12,0.826019,0,8.75389e-12,1.06667e-12
Hessenberg basic,944,1,0,9,1e-12,0.714103,0,1.10276e-11,9.85324e-13
Hessenberg basic,945,1,0,9,1e-12,0.848299,0,1.00044e-11,9.91602e-13
Hessenberg basic,946,1,0,9,1e-12,0.77995,0,1.29603e-11,9.37627e-13
Hessenberg basic,947,1,0,9,1e-12,0.84573,0,8.98126e-12,1.06063e-12
Hessenberg basic,948,1,0,9,1e-12,0.745814,0,1.00044e-11,1.01415e-12
Hessenberg basic,949,1,0,9,1e-12,0.854519,0,8.75389e-12,9.21999e-13
Hessenberg basic,950,1,0,9,1e-12,0.788404,0,9.43601e-12,9.30801e-13
Hessenberg basic,951,1,0,9,1e-12,0.849118,0,1.04592e-11,9.26831e-13
Hessenberg basic,952,1,0,9,1e-12,0.711909,0,1.29603e-11,9.81855e-13
Hessenberg basic,953,1,0,9,1e-12,0.878725,0,1.09139e-11,9.52218e-13
Hessenberg basic,954,1,0,9,1e-12,0.812238,0,1.13687e-11,1.03637e-12
Hessenberg basic,955,1,0,9,1e-12,0.887559,0,1.18234e-11,9.91536e-13
Hessenberg basic,956,1,0,9,1e-12,0.765816,0,8.75389e-12,9.90428e-13
Hessenberg basic,957,1,0,9,1e-12,0.864241,0,1.43245e-11,9.97266e-13
Hessenberg basic,958,1,0,9,1e-12,0.822964,0,1.1255e-11,9.34382e-13
Hessenberg basic,959,1,0,9,1e-12,0.872992,0,9.32232e-12,1.02147e-12
Hessenberg basic,960,1,0,9,1e-12,1.01415,0,9.20863e-12,9.61993e-13
Hessenberg basic,961,1,0,9,1e-12,0.873788,0,1.09139e-11,9.38004e-13
Hessenberg basic,962,1,0,9,1e-12,0.842032,0,8.18545e-12,9.65736e-13
Hessenberg basic,963,1,0,9,1e-12,0.947719,0,9.32232e-12,1.01759e-12
Hessenberg basic,964,1,0,9,1e-12,0.783249,0,1.06866e-11,9.05387e-13
Hessenberg basic,965,1,0,9,1e-12,0.87681,0,7.7307e-12,9.54602e-13
Hessenberg basic,966,1,0,9,1e-12,0.854813,0,1.42109e-11,9.95027e-13
Hessenberg basic,967,1,0,9,1e-12,0.890921,0,1.10276e-11,9.73812e-13
Hessenberg basic,968,1,0,9,1e-12,0.763395,0,8.18545e-12,1.00541e-12
Hessenberg basic,969,1,0,9,1e-12,0.932619,0,8.86757e-12,9.70264e-13
Hessenberg basic,970,1,0,9,1e-12,0.874115,0,9.54969e-12,9.69164e-13
Hessenberg basic,971,1,0,9,1e-12,0.92177,0,8.75389e-12,1.00301e-12
Hessenberg basic,972,1,0,9,1e-12,0.847233,0,1.4893e-11,9.57812e-13
Hessenberg basic,973,1,0,9,1e-12,0.962847,0,1.28466e-11,9.75294e-13
Hessenberg basic,974,1,0,9,1e-12,0.883721,0,1.25056e-11,9.40174e-13
Hessenberg basic,975,1,0,9,1e-12,0.979078,0,1.15961e-11,1.01506e-12
Hessenberg basic,976,1,0,9,1e-12,0.812245,0,8.86757e-12,9.51399e-13
Hessenberg basic,977,1,0,9,1e-12,0.937158,0,9.09495e-12,9.12105e-13
Hessenberg basic,978,1,0,9,1e-12,0.902139,0,1.27329e-11,9.56411e-13
Hessenberg basic,979,1,0,9,1e-12,0.94437,0,1.25056e-11,9.63242e-13
Hessenberg basic,980,1,0,9,1e-12,0.84869,0,8.41283e-12,9.15001e-13
Hessenberg basic,981,1,0,9,1e-12,0.952355,0,1.33014e-11,9.32911e-13
Hessenberg basic,982,1,0,9,1e-12,0.909931,0,1.22782e-11,9.92147e-13
Hessenberg basic,983,1,0,9,1e-12,0.989926,0,7.7307e-12,9.49359e-13
Hessenberg basic,984,1,0,9,1e-12,0.81183,0,1.10276e-11,9.79037e-13
Hessenberg basic,985,1,0,9,1e-12,0.97937,0,1.25056e-11,8.9331e-13
Hessenberg basic,986,1,0,9,1e-12,0.933052,0,8.52651e-12,9.5062e-13
Hessenberg basic,987,1,0,9,1e-12,0.976886,0,9.09495e-12,1.01909e-12
Hessenberg basic,988,1,0,9,1e-12,0.88598,0,7.7307e-12,9.59458e-13
Hessenberg basic,989,1,0,9,1e-12,1.00878,0,1.04592e-11,1.01364e-12
Hessenberg basic,990,1,0,9,1e-12,0.946975,0,1.1255e-11,1.06393e-12
Hessenberg basic,991,1,0,9,1e-12,1.00309,0,1.08002e-11,1.0353e-12
Hessenberg basic,992,1,0,9,1e-12,0.896644,0,1.19371e-11,9.87071e-13
Hessenberg basic,993,1,0,9,1e-12,0.933038,0,9.09495e-12,9.82685e-13
Hessenberg basic,994,1,0,9,1e-12,0.924396,0,1.60298e-11,9.96596e-13
Hessenberg basic,995,1,0,9,1e-12,1.01661,0,1.28466e-11,9.83872e-13
Hessenberg basic,996,1,0,9,1e-12,0.910291,0,9.89075e-12,9.74597e-13
Hessenberg basic,997,1,0,9,1e-12,1.03043,0,9.89075e-12,9.8029e-13
Hessenberg basic,998,1,0,9,1e-12,0.981598,0,1.10276e-11,1.02212e-12
Hessenberg basic,999,1,0,9,1e-12,1.01342,0,1.1255e-11,1.01674e-12
Hessenberg basic,1000,1,0,9,1e-12,0.861734,0,1.56888e-11,9.84472e-13
