version, size, hermitian, complex, seed, tol, runtime in s,min_error, max_error, avg_error
Hessenberg basic,900,1,0,2,1e-12,0.591577,0,1.00044e-11,1.0625e-12
Hessenberg basic,901,1,0,2,1e-12,0.673854,0,1.08002e-11,1.07243e-12
Hessenberg basic,902,1,0,2,1e-12,0.628658,0,1.33014e-11,9.60387e-13
Hessenberg basic,903,1,0,2,1e-12,0.678206,0,2.17142e-11,1.086e-12
Hessenberg basic,904,1,0,2,1e-12,0.57194,0,1.18234e-11,9.91547e-13
Hessenberg basic,905,1,0,2,1e-12,0.679892,0,1.38698e-11,1.00393e-12
Hessenberg basic,906,1,0,2,1e-12,0.64029,0,1.1255e-11,9.88061e-13
Hessenberg basic,907,1,0,2,1e-12,0.684602,0,9.77707e-12,9.66769e-13
Hessenberg basic,908,1,0,2,1e-12,0.631898,0,9.43601e-12,1.00293e-12
Hessenberg basic,909,1,0,2,1e-12,0.729726,0,1.1255e-11,1.02305e-12
Hessenberg basic,910,1,0,2,1e-12,0.721056,0,1.31877e-11,1.0002e-12
Hessenberg basic,911,1,0,2,1e-12,0.697636,0,1.36424e-11,1.09689e-12
Hessenberg basic,912,1,0,2,1e-12,0.665366,0,1.02318e-11,9.47656e-13
Hessenberg basic,913,1,0,2,1e-12,0.740616,0,1.26192e-11,1.01936e-12
Hessenberg basic,914,1,0,2,1e-12,0.667893,0,1.7053e-11,1.03187e-12
Hessenberg basic,915,1,0,2,1e-12,0.76744,0,1.05729e-11,1.00023e-12
Hessenberg basic,916,1,0,2,1e-12,0.664346,0,1.1255e-11,1.01314e-12
Hessenberg basic,917,1,0,2,1e-12,0.727012,0,8.6402e-12,9.82927e-13
Hessenberg basic,918,1,0,2,1e-12,0.689186,0,8.18545e-12,1.00142e-12
Hessenberg basic,919,1,0,2,1e-12,0.742104,0,1.5234e-11,9.83275e-13
Hessenberg basic,920,1,0,2,1e-12,0.617588,0,1.00044e-11,9.41513e-13
Hessenberg basic,921,1,0,2,1e-12,0.737679,0,9.66338e-12,1.05329e-12
Hessenberg basic,922,1,0,2,1e-12,0.68867,0,1.00044e-11,1.03743e-12
Hessenberg basic,923,1,0,2,1e-12,0.771604,0,1.92131e-11,1.01739e-12
Hessenberg basic,924,1,0,2,1e-12,0.666821,0,9.43601e-12,1.03646e-12
Hessenberg basic,925,1,0,2,1e-12,0.792174,0,1.13687e-11,1.08954e-12
Hessenberg basic,926,1,0,2,1e-12,0.733753,0,1.26192e-11,1.0935e-12
Hessenberg basic,927,1,0,2,1e-12,0.78249,0,1.01181e-11,1.02458e-12
Hessenberg basic,928,1,0,2,1e-12,0.672712,0,1.02318e-11,1.02567e-12
Hessenberg basic,929,1,0,2,1e-12,0.805984,0,1.19371e-11,9.24347e-13
Hessenberg basic,930,1,0,2,1e-12,0.771072,0,1.14824e-11,1.04902e-12
Hessenberg basic,931,1,0,2,1e-12,0.781021,0,1.10276e-11,1.05309e-12
Hessenberg basic,932,1,0,2,1e-12,0.703341,0,1.08002e-11,9.61357e-13
Hessenberg basic,933,1,0,2,1e-12,0.795878,0,1.35287e-11,9.54253e-13
Hessenberg basic,934,1,0,2,1e-12,0.739142,0,1.3074e-11,9.45579e-13
Hessenberg basic,935,1,0,2,1e-12,0.800129,0,1.17097e-11,1.0458e-12
Hessenberg basic,936,1,0,2,1e-12,0.685183,0,1.06866e-11,9.85787e-13
Hessenberg basic,937,1,0,2,1e-12,0.780577,0,1.22782e-11,9.67384e-13
Hessenberg basic,938,1,0,2,1e-12,0.734793,0,1.45519e-11,1.01801e-12
Hessenberg basic,939,1,0,2,1e-12,0.771993,0,1.40972e-11,9.95028e-13
Hessenberg basic,940,1,0,2,1e-12,0.716579,0,1.17097e-11,1.00067e-12
Hessenberg basic,941,1,0,2,1e-12,0.788441,0,1.25056e-11,1.04414e-12
Hessenberg basic,942,1,0,2,1e-12,0.762841,0,1.20508e-11,9.91363e-13
Hessenberg basic,943,1,0,2,1e-12,0.797163,0,1.18234e-11,1.01849e-12
Hessenberg basic,944,1,0,2,1e-12,0.713434,0,1.60298e-11,9.75784e-13
Hessenberg basic,945,1,0,2,1e-12,0.827538,0,9.43601e-12,9.71672e-13
Hessenberg basic,946,1,0,2,1e-12,0.785617,0,1.51203e-11,1.01669e-12
Hessenberg basic,947,1,0,2,1e-12,0.836698,0,1.33014e-11,9.59234e-13
Hessenberg basic,948,1,0,2,1e-12,0.750901,0,1.23919e-11,1.07887e-12
Hessenberg basic,949,1,0,2,1e-12,0.842477,0,1.80762e-11,1.02156e-12
Hessenberg basic,950,1,0,2,1e-12,0.800435,0,1.11413e-11,1.01795e-12
Hessenberg basic,951,1,0,2,1e-12,0.835973,0,1.45519e-11,9.91064e-13
Hessenberg basic,952,1,0,2,1e-12,0.719549,0,1.14824e-11,1.09779e-12
Hessenberg basic,953,1,0,2,1e-12,0.882516,0,1.17097e-11,1.01042e-12
Hessenberg basic,954,1,0,2,1e-12,0.821186,0,1.1255e-11,9.69394e-13
Hessenberg basic,955,1,0,2,1e-12,0.866156,0,9.66338e-12,1.10876e-12
Hessenberg basic,956,1,0,2,1e-12,0.779364,0,1.69393e-11,1.00222e-12
Hessenberg basic,957,1,0,2,1e-12,0.877555,0,1.11413e-11,1.06573e-12
Hessenberg basic,958,1,0,2,1e-12,0.825879,0,1.37561e-11,9.96825e-13
Hessenberg basic,959,1,0,2,1e-12,0.878478,0,1.00044e-11,9.97128e-13
Hessenberg basic,960,1,0,2,1e-12,1.01487,0,8.52651e-12,9.4305e-13
Hessenberg basic,961,1,0,2,1e-12,0.880674,0,1.45519e-11,1.03336e-12
Hessenberg basic,962,1,0,2,1e-12,0.845459,0,1.14824e-11,9.88741e-13
Hessenberg basic,963,1,0,2,1e-12,0.949832,0,1.14824e-11,1.06873e-12
Hessenberg basic,964,1,0,2,1e-12,0.787447,0,1.06866e-11,1.05825e-12
Hessenberg basic,965,1,0,2,1e-12,0.893485,0,1.15961e-11,9.77104e-13
Hessenberg basic,966,1,0,2,1e-12,0.863769,0,1.33014e-11,1.01308e-12
Hessenberg basic,967,1,0,2,1e-12,0.908328,0,1.97815e-11,1.05067e-12
Hessenberg basic,968,1,0,2,1e-12,0.762159,0,9.66338e-12,9.54965e-13
Hessenberg basic,969,1,0,2,1e-12,0.932739,0,1.10276e-11,1.01237e-12
Hessenberg basic,970,1,0,2,1e-12,0.883603,0,1.18234e-11,1.00201e-12
Hessenberg basic,971,1,0,2,1e-12,0.932633,0,1.17097e-11,1.01973e-12
Hessenberg basic,972,1,0,2,1e-12,0.829512,0,1.47793e-11,1.05607e-12
Hessenberg basic,973,1,0,2,1e-12,0.943185,0,1.33014e-11,9.98376e-13
Hessenberg basic,974,1,0,2,1e-12,0.889519,0,9.43601e-12,9.78495e-13
Hessenberg basic,975,1,0,2,1e-12,0.959025,0,1.35287e-11,1.0262e-12
Hessenberg basic,976,1,0,2,1e-12,0.818847,0,1.09139e-11,9.7353e-13
Hessenberg basic,977,1,0,2,1e-12,0.962714,0,1.29603e-11,1.02033e-12
Hessenberg basic,978,1,0,2,1e-12,0.917922,0,1.38698e-11,1.03072e-12
Hessenberg basic,979,1,0,2,1e-12,0.975326,0,1.29603e-11,1.17091e-12
Hessenberg basic,980,1,0,2,1e-12,0.859582,0,9.20863e-12,1.02347e-12
Hessenberg basic,981,1,0,2,1e-12,0.971913,0,1.15961e-11,1.03211e-12
Hessenberg basic,982,1,0,2,1e-12,0.920604,0,1.37561e-11,1.01578e-12
Hessenberg basic,983,1,0,2,1e-12,0.990883,0,1.33014e-11,1.01847e-12
Hessenberg basic,984,1,0,2,1e-12,0.816645,0,1.1255e-11,9.70124e-13
Hessenberg basic,985,1,0,2,1e-12,1.00609,0,9.09495e-12,9.64307e-13
Hessenberg basic,986,1,0,2,1e-12,0.957431,0,8.6402e-12,1.05431e-12
Hessenberg basic,987,1,0,2,1e-12,1.02614,0,1.28466e-11,1.03637e-12
Hessenberg basic,988,1,0,2,1e-12,0.897943,0,1.28466e-11,1.03985e-12
Hessenberg basic,989,1,0,2,1e-12,1.12279,0,2.13731e-11,1.06087e-12
Hessenberg basic,990,1,0,2,1e-12,0.950384,0,1.13687e-11,1.02303e-12
Hessenberg basic,991,1,0,2,1e-12,1.03846,0,1.40972e-11,1.04241e-12
Hessenberg basic,992,1,0,2,1e-12,0.898818,0,1.11413e-11,1.16176e-12
Hessenberg basic,993,1,0,2,1e-12,0.990391,0,1.13687e-11,9.69875e-13
Hessenberg basic,994,1,0,2,1e-12,0.901867,0,1.44382e-11,1.00896e-12
Hessenberg basic,995,1,0,2,1e-12,1.04223,0,1.14824e-11,1.02081e-12
Hessenberg basic,996,1,0,2,1e-12,0.892792,0,1.27329e-11,9.66822e-13
Hessenberg basic,997,1,0,2,1e-12,1.05505,0,1.43245e-11,1.06907e-12
Hessenberg basic,998,1,0,2,1e-12,0.966419,0,1.44382e-11,1.04687e-12
Hessenberg basic,999,1,0,2,1e-12,1.03884,0,1.18234e-11,1.0679e-12
Hessenberg basic,1000,1,0,2,1e-12,0.843476,0,1.46656e-11,9.9748e-13
