version, size, hermitian, complex, seed, tol, runtime in s,min_error, max_error, avg_error
Hessenberg basic,900,1,0,4,1e-12,0.595544,0,1.33014e-11,9.57649e-13
Hessenberg basic,901,1,0,4,1e-12,0.651225,0,9.77707e-12,9.74156e-13
Hessenberg basic,902,1,0,4,1e-12,0.610724,0,1.50067e-11,1.0187e-12
Hessenberg basic,903,1,0,4,1e-12,0.66346,0,1.76215e-11,1.01138e-12
Hessenberg basic,904,1,0,4,1e-12,0.557075,0,9.54969e-12,1.01884e-12
Hessenberg basic,905,1,0,4,1e-12,0.67005,0,9.66338e-12,9.88105e-13
Hessenberg basic,906,1,0,4,1e-12,0.632352,0,1.3074e-11,9.27916e-13
Hessenberg basic,907,1,0,4,1e-12,0.673097,0,1.45519e-11,1.04181e-12
Hessenberg basic,908,1,0,4,1e-12,0.595155,0,1.37561e-11,1.01405e-12
Hessenberg basic,909,1,0,4,1e-12,0.698769,0,1.27329e-11,9.46181e-13
Hessenberg basic,910,1,0,4,1e-12,0.764512,0,1.56888e-11,9.15202e-13
Hessenberg basic,911,1,0,4,1e-12,0.671997,0,1.06866e-11,1.0258e-12
Hessenberg basic,912,1,0,4,1e-12,0.604423,0,1.10276e-11,9.32068e-13
Hessenberg basic,913,1,0,4,1e-12,0.697862,0,1.40972e-11,9.52631e-13
Hessenberg basic,914,1,0,4,1e-12,0.649965,0,1.02318e-11,9.53439e-13
Hessenberg basic,915,1,0,4,1e-12,0.705579,0,1.01181e-11,9.59338e-13
Hessenberg basic,916,1,0,4,1e-12,0.638322,0,1.17097e-11,1.00615e-12
Hessenberg basic,917,1,0,4,1e-12,0.726775,0,1.3074e-11,9.35779e-13
Hessenberg basic,918,1,0,4,1e-12,0.6842,0,1.97815e-11,1.16131e-12
Hessenberg basic,919,1,0,4,1e-12,0.734045,0,8.29914e-12,9.41657e-13
Hessenberg basic,920,1,0,4,1e-12,0.608624,0,1.3074e-11,1.00141e-12
Hessenberg basic,921,1,0,4,1e-12,0.735056,0,1.25056e-11,9.58242e-13
Hessenberg basic,922,1,0,4,1e-12,0.681083,0,9.89075e-12,9.68633e-13
Hessenberg basic,923,1,0,4,1e-12,0.75793,0,1.17097e-11,9.94704e-13
Hessenberg basic,924,1,0,4,1e-12,0.650128,0,1.02318e-11,9.33408e-13
Hessenberg basic,925,1,0,4,1e-12,0.755596,0,1.75078e-11,9.89018e-13
Hessenberg basic,926,1,0,4,1e-12,0.706194,0,1.29603e-11,9.97424e-13
Hessenberg basic,927,1,0,4,1e-12,0.765175,0,1.10276e-11,9.67463e-13
Hessenberg basic,928,1,0,4,1e-12,0.668871,0,1.03455e-11,9.80026e-13
Hessenberg basic,929,1,0,4,1e-12,0.768426,0,1.08002e-11,1.01097e-12
Hessenberg basic,930,1,0,4,1e-12,0.722997,0,9.54969e-12,9.07833e-13
Hessenberg basic,931,1,0,4,1e-12,0.775192,0,1.47793e-11,9.55535e-13
Hessenberg basic,932,1,0,4,1e-12,0.684705,0,1.45519e-11,1.021e-12
Hessenberg basic,933,1,0,4,1e-12,0.809022,0,1.60298e-11,9.79767e-13
Hessenberg basic,934,1,0,4,1e-12,0.748047,0,1.28466e-11,1.05381e-12
Hessenberg basic,935,1,0,4,1e-12,0.808389,0,1.00044e-11,9.60383e-13
Hessenberg basic,936,1,0,4,1e-12,0.693488,0,1.79625e-11,1.04808e-12
Hessenberg basic,937,1,0,4,1e-12,0.781446,0,1.36424e-11,1.05378e-12
Hessenberg basic,938,1,0,4,1e-12,0.729695,0,1.40972e-11,9.80775e-13
Hessenberg basic,939,1,0,4,1e-12,0.79642,0,1.1255e-11,9.87327e-13
Hessenberg basic,940,1,0,4,1e-12,0.710039,0,1.03455e-11,9.42928e-13
Hessenberg basic,941,1,0,4,1e-12,0.808637,0,8.07177e-12,8.65267e-13
Hessenberg basic,942,1,0,4,1e-12,0.754147,0,1.05729e-11,9.81772e-13
Hessenberg basic,943,1,0,4,1e-12,0.858708,0,1.3074e-11,9.74576e-13
Hessenberg basic,944,1,0,4,1e-12,0.704574,0,1.08002e-11,1.00423e-12
Hessenberg basic,945,1,0,4,1e-12,0.842772,0,1.18234e-11,1.08651e-12
Hessenberg basic,946,1,0,4,1e-12,0.781586,0,1.02318e-11,1.00051e-12
Hessenberg basic,947,1,0,4,1e-12,0.85293,0,9.43601e-12,9.71232e-13
Hessenberg basic,948,1,0,4,1e-12,0.740823,0,1.14824e-11,1.04647e-12
Hessenberg basic,949,1,0,4,1e-12,0.8692,0,1.29603e-11,1.01873e-12
Hessenberg basic,950,1,0,4,1e-12,0.777961,0,1.1255e-11,1.00288e-12
Hessenberg basic,951,1,0,4,1e-12,0.849544,0,9.66338e-12,9.99068e-13
Hessenberg basic,952,1,0,4,1e-12,0.716115,0,1.55751e-11,1.03442e-12
Hessenberg basic,953,1,0,4,1e-12,1.13277,0,1.08002e-11,1.02022e-12
Hessenberg basic,954,1,0,4,1e-12,0.808662,0,1.09139e-11,9.90319e-13
Hessenberg basic,955,1,0,4,1e-12,0.899352,0,1.33014e-11,9.19519e-13
Hessenberg basic,956,1,0,4,1e-12,0.757024,0,8.86757e-12,9.62245e-13
Hessenberg basic,957,1,0,4,1e-12,0.928808,0,9.89075e-12,9.97043e-13
Hessenberg basic,958,1,0,4,1e-12,0.818899,0,1.60298e-11,9.88344e-13
Hessenberg basic,959,1,0,4,1e-12,0.886832,0,1.15961e-11,9.87568e-13
Hessenberg basic,960,1,0,4,1e-12,1.0209,0,1.62572e-11,9.98334e-13
Hessenberg basic,961,1,0,4,1e-12,0.86097,0,1.39835e-11,1.00201e-12
Hessenberg basic,962,1,0,4,1e-12,0.825911,0,1.17097e-11,1.07113e-12
Hessenberg basic,963,1,0,4,1e-12,0.936621,0,1.40972e-11,9.7496e-13
Hessenberg basic,964,1,0,4,1e-12,0.749024,0,1.23919e-11,1.02181e-12
Hessenberg basic,965,1,0,4,1e-12,0.861813,0,1.27329e-11,9.49693e-13
Hessenberg basic,966,1,0,4,1e-12,0.838879,0,1.21645e-11,9.83014e-13
Hessenberg basic,967,1,0,4,1e-12,0.879686,0,1.1255e-11,1.00169e-12
Hessenberg basic,968,1,0,4,1e-12,0.746537,0,9.20863e-12,9.98133e-13
Hessenberg basic,969,1,0,4,1e-12,0.904249,0,1.36424e-11,1.09045e-12
Hessenberg basic,970,1,0,4,1e-12,0.86255,0,1.54614e-11,1.01394e-12
Hessenberg basic,971,1,0,4,1e-12,0.908153,0,8.86757e-12,1.03607e-12
Hessenberg basic,972,1,0,4,1e-12,0.80956,0,1.11413e-11,9.95943e-13
Hessenberg basic,973,1,0,4,1e-12,0.915649,0,9.32232e-12,9.75444e-13
Hessenberg basic,974,1,0,4,1e-12,0.874569,0,1.09139e-11,1.05333e-12
Hessenberg basic,975,1,0,4,1e-12,0.931637,0,1.11413e-11,1.02153e-12
Hessenberg basic,976,1,0,4,1e-12,0.816311,0,1.54614e-11,1.07429e-12
Hessenberg basic,977,1,0,4,1e-12,0.933146,0,1.23919e-11,1.06155e-12
Hessenberg basic,978,1,0,4,1e-12,0.90589,0,1.18234e-11,9.82708e-13
Hessenberg basic,979,1,0,4,1e-12,0.940607,0,1.26192e-11,9.59269e-13
Hessenberg basic,980,1,0,4,1e-12,0.842445,0,9.20863e-12,9.64833e-13
Hessenberg basic,981,1,0,4,1e-12,0.949086,0,1.60298e-11,1.00029e-12
Hessenberg basic,982,1,0,4,1e-12,0.896951,0,9.43601e-12,9.79079e-13
Hessenberg basic,983,1,0,4,1e-12,0.990386,0,1.01181e-11,1.06333e-12
Hessenberg basic,984,1,0,4,1e-12,0.805191,0,9.32232e-12,9.75347e-13
Hessenberg basic,985,1,0,4,1e-12,0.990403,0,8.41283e-12,9.85944e-13
Hessenberg basic,986,1,0,4,1e-12,0.940567,0,9.32232e-12,1.01402e-12
Hessenberg basic,987,1,0,4,1e-12,0.986761,0,1.15961e-11,1.06455e-12
Hessenberg basic,988,1,0,4,1e-12,0.8844,0,1.87583e-11,1.04486e-12
Hessenberg basic,989,1,0,4,1e-12,1.01797,0,1.75078e-11,9.86864e-13
Hessenberg basic,990,1,0,4,1e-12,0.948438,0,1.1255e-11,9.65082e-13
Hessenberg basic,991,1,0,4,1e-12,1.00846,0,1.03455e-11,9.95845e-13
Hessenberg basic,992,1,0,4,1e-12,0.904233,0,1.60298e-11,1.00913e-12
Hessenberg basic,993,1,0,4,1e-12,0.939403,0,1.13687e-11,9.09969e-13
Hessenberg basic,994,1,0,4,1e-12,0.919329,0,1.08002e-11,9.28904e-13
Hessenberg basic,995,1,0,4,1e-12,1.02646,0,1.06866e-11,1.0381e-12
Hessenberg basic,996,1,0,4,1e-12,0.904029,0,1.25056e-11,9.96156e-13
Hessenberg basic,997,1,0,4,1e-12,1.03813,0,1.40972e-11,1.03147e-12
Hessenberg basic,998,1,0,4,1e-12,0.983676,0,1.54614e-11,9.02121e-13
Hessenberg basic,999,1,0,4,1e-12,1.02656,0,1.17097e-11,1.09292e-12
Hessenberg basic,1000,1,0,4,1e-12,0.86833,0,1.31877e-11,1.05768e-12
