version, size, hermitian, complex, seed, tol, runtime in s,min_error, max_error, avg_error
Hessenberg basic,900,1,0,10,1e-12,0.600159,0,1.61435e-11,1.00251e-12
Hessenberg basic,901,1,0,10,1e-12,0.648255,0,2.80806e-11,1.03437e-12
Hessenberg basic,902,1,0,10,1e-12,0.605361,0,9.43601e-12,1.03853e-12
Hessenberg basic,903,1,0,10,1e-12,0.659192,0,1.20508e-11,1.03215e-12
Hessenberg basic,904,1,0,10,1e-12,0.549478,0,8.86757e-12,1.03738e-12
Hessenberg basic,905,1,0,10,1e-12,0.66466,0,1.06866e-11,1.05777e-12
Hessenberg basic,906,1,0,10,1e-12,0.624193,0,9.54969e-12,9.79639e-13
Hessenberg basic,907,1,0,10,1e-12,0.669859,0,1.62572e-11,1.04841e-12
Hessenberg basic,908,1,0,10,1e-12,0.590154,0,8.52651e-12,9.67813e-13
Hessenberg basic,909,1,0,10,1e-12,0.69355,0,1.27329e-11,1.01671e-12
Hessenberg basic,910,1,0,10,1e-12,0.746889,0,1.05729e-11,1.14929e-12
Hessenberg basic,911,1,0,10,1e-12,0.668401,0,1.21645e-11,1.02986e-12
Hessenberg basic,912,1,0,10,1e-12,0.599856,0,1.08002e-11,9.48665e-13
Hessenberg basic,913,1,0,10,1e-12,0.690055,0,1.39835e-11,1.01657e-12
Hessenberg basic,914,1,0,10,1e-12,0.644269,0,9.20863e-12,1.02666e-12
Hessenberg basic,915,1,0,10,1e-12,0.699777,0,8.6402e-12,1.00692e-12
Hessenberg basic,916,1,0,10,1e-12,0.618665,0,1.25056e-11,1.06843e-12
Hessenberg basic,917,1,0,10,1e-12,0.704615,0,8.75389e-12,1.0523e-12
Hessenberg basic,918,1,0,10,1e-12,0.662466,0,1.37561e-11,9.80947e-13
Hessenberg basic,919,1,0,10,1e-12,0.714008,0,1.04592e-11,1.04481e-12
Hessenberg basic,920,1,0,10,1e-12,0.596887,0,1.06866e-11,1.08835e-12
Hessenberg basic,921,1,0,10,1e-12,0.722724,0,1.21645e-11,1.09286e-12
Hessenberg basic,922,1,0,10,1e-12,0.664502,0,8.75389e-12,9.30039e-13
Hessenberg basic,923,1,0,10,1e-12,0.738669,0,1.58025e-11,1.06917e-12
Hessenberg basic,924,1,0,10,1e-12,0.648217,0,1.23919e-11,1.11192e-12
Hessenberg basic,925,1,0,10,1e-12,0.747191,0,1.14824e-11,1.01426e-12
Hessenberg basic,926,1,0,10,1e-12,0.693811,0,9.32232e-12,9.89264e-13
Hessenberg basic,927,1,0,10,1e-12,0.757391,0,9.32232e-12,9.99926e-13
Hessenberg basic,928,1,0,10,1e-12,0.665708,0,1.00044e-11,1.00856e-12
Hessenberg basic,929,1,0,10,1e-12,0.75712,0,1.00044e-11,1.03863e-12
Hessenberg basic,930,1,0,10,1e-12,0.704814,0,9.54969e-12,9.59662e-13
Hessenberg basic,931,1,0,10,1e-12,0.762674,0,9.32232e-12,9.93977e-13
Hessenberg basic,932,1,0,10,1e-12,0.68204,0,1.06866e-11,9.89956e-13
Hessenberg basic,933,1,0,10,1e-12,0.799704,0,1.00044e-11,9.95385e-13
Hessenberg basic,934,1,0,10,1e-12,0.747573,0,1.6712e-11,1.01681e-12
Hessenberg basic,935,1,0,10,1e-12,0.817427,0,1.42109e-11,1.05704e-12
Hessenberg basic,936,1,0,10,1e-12,0.697756,0,1.09139e-11,1.00153e-12
Hessenberg basic,937,1,0,10,1e-12,0.784996,0,1.05729e-11,1.04427e-12
Hessenberg basic,938,1,0,10,1e-12,0.742099,0,1.38698e-11,1.08563e-12
Hessenberg basic,939,1,0,10,1e-12,0.804792,0,9.89075e-12,1.0566e-12
Hessenberg basic,940,1,0,10,1e-12,0.718796,0,2.0691e-11,1.10665e-12
Hessenberg basic,941,1,0,10,1e-12,0.828339,0,1.17097e-11,1.21843e-12
Hessenberg basic,942,1,0,10,1e-12,0.765668,0,1.46656e-11,1.01261e-12
Hessenberg basic,943,1,0,10,1e-12,0.833636,0,9.20863e-12,1.03165e-12
Hessenberg basic,944,1,0,10,1e-12,0.728216,0,8.98126e-12,1.01035e-12
Hessenberg basic,945,1,0,10,1e-12,0.94166,0,1.04592e-11,1.04629e-12
Hessenberg basic,946,1,0,10,1e-12,0.784571,0,9.89075e-12,1.03864e-12
Hessenberg basic,947,1,0,10,1e-12,0.846937,0,9.32232e-12,1.03961e-12
Hessenberg basic,948,1,0,10,1e-12,0.733225,0,1.15961e-11,1.07253e-12
Hessenberg basic,949,1,0,10,1e-12,0.894837,0,1.58025e-11,1.12311e-12
Hessenberg basic,950,1,0,10,1e-12,0.783641,0,1.3074e-11,1.07713e-12
Hessenberg basic,951,1,0,10,1e-12,0.844444,0,1.38698e-11,9.95248e-13
Hessenberg basic,952,1,0,10,1e-12,0.715526,0,8.6402e-12,1.02396e-12
Hessenberg basic,953,1,0,10,1e-12,0.872302,0,8.98126e-12,1.00934e-12
Hessenberg basic,954,1,0,10,1e-12,0.806453,0,1.51203e-11,1.02135e-12
Hessenberg basic,955,1,0,10,1e-12,0.926764,0,8.75389e-12,1.10868e-12
Hessenberg basic,956,1,0,10,1e-12,0.819036,0,1.6712e-11,1.14694e-12
Hessenberg basic,957,1,0,10,1e-12,0.96678,0,1.20508e-11,1.15659e-12
Hessenberg basic,958,1,0,10,1e-12,0.841641,0,1.19371e-11,1.02857e-12
Hessenberg basic,959,1,0,10,1e-12,1.14313,0,1.4893e-11,1.0285e-12
Hessenberg basic,960,1,0,10,1e-12,1.26363,0,1.39835e-11,1.04159e-12
Hessenberg basic,961,1,0,10,1e-12,1.03383,0,1.27329e-11,1.04397e-12
Hessenberg basic,962,1,0,10,1e-12,0.876478,0,8.86757e-12,9.52835e-13
Hessenberg basic,963,1,0,10,1e-12,1.16724,0,1.58025e-11,9.79421e-13
Hessenberg basic,964,1,0,10,1e-12,0.862653,0,1.09139e-11,1.13917e-12
Hessenberg basic,965,1,0,10,1e-12,0.894642,0,1.09139e-11,1.12617e-12
Hessenberg basic,966,1,0,10,1e-12,0.937329,0,9.89075e-12,1.00543e-12
Hessenberg basic,967,1,0,10,1e-12,0.920787,0,1.20508e-11,1.02924e-12
Hessenberg basic,968,1,0,10,1e-12,0.746809,0,1.02318e-11,9.91514e-13
Hessenberg basic,969,1,0,10,1e-12,0.910867,0,1.62572e-11,1.05578e-12
Hessenberg basic,970,1,0,10,1e-12,0.889007,0,1.94404e-11,1.05257e-12
Hessenberg basic,971,1,0,10,1e-12,0.979337,0,1.98952e-11,1.08138e-12
Hessenberg basic,972,1,0,10,1e-12,0.870097,0,1.23919e-11,1.05105e-12
Hessenberg basic,973,1,0,10,1e-12,0.935098,0,1.37561e-11,1.00996e-12
Hessenberg basic,974,1,0,10,1e-12,0.905665,0,8.86757e-12,1.06903e-12
Hessenberg basic,975,1,0,10,1e-12,0.951018,0,1.28466e-11,1.04975e-12
Hessenberg basic,976,1,0,10,1e-12,0.807445,0,1.03455e-11,1.03729e-12
Hessenberg basic,977,1,0,10,1e-12,0.93465,0,1.17097e-11,1.01104e-12
Hessenberg basic,978,1,0,10,1e-12,0.899384,0,1.19371e-11,1.04113e-12
Hessenberg basic,979,1,0,10,1e-12,0.944513,0,1.40972e-11,1.02831e-12
Hessenberg basic,980,1,0,10,1e-12,0.849517,0,1.03455e-11,1.04604e-12
Hessenberg basic,981,1,0,10,1e-12,0.969426,0,9.66338e-12,1.02459e-12
Hessenberg basic,982,1,0,10,1e-12,0.917906,0,9.54969e-12,1.06079e-12
Hessenberg basic,983,1,0,10,1e-12,1.022,0,1.03455e-11,1.01995e-12
Hessenberg basic,984,1,0,10,1e-12,0.80217,0,1.17097e-11,1.03437e-12
Hessenberg basic,985,1,0,10,1e-12,1.00726,0,1.62572e-11,1.06579e-12
Hessenberg basic,986,1,0,10,1e-12,0.935653,0,1.35287e-11,1.02492e-12
Hessenberg basic,987,1,0,10,1e-12,0.99711,0,1.14824e-11,1.09052e-12
Hessenberg basic,988,1,0,10,1e-12,0.901095,0,1.1255e-11,9.93877e-13
Hessenberg basic,989,1,0,10,1e-12,1.07448,0,8.6402e-12,1.05341e-12
Hessenberg basic,990,1,0,10,1e-12,0.980646,0,1.25056e-11,1.01854e-12
Hessenberg basic,991,1,0,10,1e-12,1.02848,0,7.04858e-12,1.00576e-12
Hessenberg basic,992,1,0,10,1e-12,0.90097,0,1.3074e-11,1.04351e-12
Hessenberg basic,993,1,0,10,1e-12,0.963289,0,1.01181e-11,1.13919e-12
Hessenberg basic,994,1,0,10,1e-12,0.931757,0,1.72804e-11,1.14923e-12
Hessenberg basic,995,1,0,10,1e-12,1.03975,0,9.32232e-12,1.06941e-12
Hessenberg basic,996,1,0,10,1e-12,0.913727,0,9.09495e-12,1.00396e-12
Hessenberg basic,997,1,0,10,1e-12,1.05704,0,1.19371e-11,1.08454e-12
Hessenberg basic,998,1,0,10,1e-12,0.980899,0,9.20863e-12,1.08654e-12
Hessenberg basic,999,1,0,10,1e-12,1.07915,0,9.09495e-12,1.01093e-12
Hessenberg basic,1000,1,0,10,1e-12,0.860547,0,1.04592e-11,1.0362e-12
