version, size, hermitian, complex, seed, tol, runtime in s,min_error, max_error, avg_error
Hessenberg basic,900,1,0,6,1e-12,0.593573,0,8.86757e-12,1.04026e-12
Hessenberg basic,901,1,0,6,1e-12,0.683877,0,9.32232e-12,9.30818e-13
Hessenberg basic,902,1,0,6,1e-12,0.624808,0,1.29603e-11,1.04641e-12
Hessenberg basic,903,1,0,6,1e-12,0.673309,0,1.50067e-11,1.02616e-12
Hessenberg basic,904,1,0,6,1e-12,0.568958,0,8.86757e-12,9.7512e-13
Hessenberg basic,905,1,0,6,1e-12,0.673951,0,1.1255e-11,9.94243e-13
Hessenberg basic,906,1,0,6,1e-12,0.637358,0,9.89075e-12,9.82631e-13
Hessenberg basic,907,1,0,6,1e-12,0.681524,0,1.1255e-11,9.47129e-13
Hessenberg basic,908,1,0,6,1e-12,0.608239,0,1.17097e-11,1.00476e-12
Hessenberg basic,909,1,0,6,1e-12,0.707722,0,6.82121e-12,8.81145e-13
Hessenberg basic,910,1,0,6,1e-12,0.713594,0,1.13687e-11,9.99149e-13
Hessenberg basic,911,1,0,6,1e-12,0.680169,0,1.08002e-11,1.01421e-12
Hessenberg basic,912,1,0,6,1e-12,0.615506,0,1.09139e-11,1.0325e-12
Hessenberg basic,913,1,0,6,1e-12,0.700841,0,1.21645e-11,9.83053e-13
Hessenberg basic,914,1,0,6,1e-12,0.659982,0,1.25056e-11,1.06303e-12
Hessenberg basic,915,1,0,6,1e-12,0.711464,0,1.17097e-11,1.0201e-12
Hessenberg basic,916,1,0,6,1e-12,0.636566,0,7.84439e-12,9.98917e-13
Hessenberg basic,917,1,0,6,1e-12,0.721885,0,8.52651e-12,9.84065e-13
Hessenberg basic,918,1,0,6,1e-12,0.680389,0,1.02318e-11,9.91666e-13
Hessenberg basic,919,1,0,6,1e-12,0.729475,0,1.69393e-11,9.4567e-13
Hessenberg basic,920,1,0,6,1e-12,0.613168,0,1.35287e-11,9.55627e-13
Hessenberg basic,921,1,0,6,1e-12,0.731886,0,1.05729e-11,9.96822e-13
Hessenberg basic,922,1,0,6,1e-12,0.681006,0,1.3415e-11,1.00229e-12
Hessenberg basic,923,1,0,6,1e-12,0.747651,0,1.43245e-11,9.07707e-13
Hessenberg basic,924,1,0,6,1e-12,0.660143,0,1.01181e-11,9.67865e-13
Hessenberg basic,925,1,0,6,1e-12,0.750584,0,1.25056e-11,1.0252e-12
Hessenberg basic,926,1,0,6,1e-12,0.703291,0,1.18234e-11,9.72816e-13
Hessenberg basic,927,1,0,6,1e-12,0.759109,0,9.89075e-12,1.04844e-12
Hessenberg basic,928,1,0,6,1e-12,0.675422,0,1.43245e-11,1.00435e-12
Hessenberg basic,929,1,0,6,1e-12,0.762696,0,8.18545e-12,9.74303e-13
Hessenberg basic,930,1,0,6,1e-12,0.718879,0,8.07177e-12,9.51922e-13
Hessenberg basic,931,1,0,6,1e-12,0.763911,0,1.19371e-11,9.84606e-13
Hessenberg basic,932,1,0,6,1e-12,0.694106,0,1.13687e-11,9.94339e-13
Hessenberg basic,933,1,0,6,1e-12,0.792567,0,1.14824e-11,9.40163e-13
Hessenberg basic,934,1,0,6,1e-12,0.740157,0,1.39835e-11,1.02411e-12
Hessenberg basic,935,1,0,6,1e-12,0.807673,0,1.06866e-11,9.7707e-13
Hessenberg basic,936,1,0,6,1e-12,0.681149,0,9.54969e-12,9.78999e-13
Hessenberg basic,937,1,0,6,1e-12,0.778115,0,1.64846e-11,9.82496e-13
Hessenberg basic,938,1,0,6,1e-12,0.733023,0,7.7307e-12,8.61679e-13
Hessenberg basic,939,1,0,6,1e-12,0.79668,0,9.09495e-12,8.87541e-13
Hessenberg basic,940,1,0,6,1e-12,0.716436,0,9.77707e-12,9.774e-13
Hessenberg basic,941,1,0,6,1e-12,0.812864,0,1.3074e-11,9.25125e-13
Hessenberg basic,942,1,0,6,1e-12,0.772926,0,1.13687e-11,1.08793e-12
Hessenberg basic,943,1,0,6,1e-12,0.829261,0,1.50067e-11,1.01288e-12
Hessenberg basic,944,1,0,6,1e-12,0.724842,0,1.03455e-11,9.45772e-13
Hessenberg basic,945,1,0,6,1e-12,0.87079,0,1.09139e-11,9.92437e-13
Hessenberg basic,946,1,0,6,1e-12,0.785318,0,1.33014e-11,9.4281e-13
Hessenberg basic,947,1,0,6,1e-12,0.869236,0,1.25056e-11,1.01697e-12
Hessenberg basic,948,1,0,6,1e-12,0.751656,0,9.89075e-12,9.8272e-13
Hessenberg basic,949,1,0,6,1e-12,0.835007,0,1.35287e-11,1.05141e-12
Hessenberg basic,950,1,0,6,1e-12,0.807257,0,1.26192e-11,1.01744e-12
Hessenberg basic,951,1,0,6,1e-12,0.824316,0,9.66338e-12,1.0323e-12
Hessenberg basic,952,1,0,6,1e-12,0.711136,0,1.25056e-11,1.03809e-12
Hessenberg basic,953,1,0,6,1e-12,0.848868,0,1.80762e-11,1.0267e-12
Hessenberg basic,954,1,0,6,1e-12,0.812734,0,1.22782e-11,9.46927e-13
Hessenberg basic,955,1,0,6,1e-12,0.858548,0,9.43601e-12,9.63561e-13
Hessenberg basic,956,1,0,6,1e-12,0.77044,0,1.20508e-11,9.55727e-13
Hessenberg basic,957,1,0,6,1e-12,0.864613,0,1.69393e-11,1.0105e-12
Hessenberg basic,958,1,0,6,1e-12,0.822271,0,8.6402e-12,9.66216e-13
Hessenberg basic,959,1,0,6,1e-12,0.865767,0,1.36424e-11,9.90444e-13
Hessenberg basic,960,1,0,6,1e-12,1.01331,0,1.28466e-11,9.18876e-13
Hessenberg basic,961,1,0,6,1e-12,0.87447,0,1.19371e-11,1.08015e-12
Hessenberg basic,962,1,0,6,1e-12,0.845261,0,1.00044e-11,1.04745e-12
Hessenberg basic,963,1,0,6,1e-12,0.944196,0,1.28466e-11,1.01741e-12
Hessenberg basic,964,1,0,6,1e-12,0.790281,0,1.81899e-11,1.00302e-12
Hessenberg basic,965,1,0,6,1e-12,0.881923,0,1.03455e-11,1.01638e-12
Hessenberg basic,966,1,0,6,1e-12,0.85536,0,1.09139e-11,1.02145e-12
Hessenberg basic,967,1,0,6,1e-12,0.89318,0,1.06866e-11,1.01259e-12
Hessenberg basic,968,1,0,6,1e-12,0.765068,0,1.06866e-11,1.00032e-12
Hessenberg basic,969,1,0,6,1e-12,0.953884,0,1.60298e-11,9.32437e-13
Hessenberg basic,970,1,0,6,1e-12,0.883488,0,1.06866e-11,9.54237e-13
Hessenberg basic,971,1,0,6,1e-12,0.92871,0,9.32232e-12,1.03619e-12
Hessenberg basic,972,1,0,6,1e-12,0.834203,0,1.04592e-11,1.0096e-12
Hessenberg basic,973,1,0,6,1e-12,1.00105,0,1.90994e-11,1.05125e-12
Hessenberg basic,974,1,0,6,1e-12,0.909376,0,1.23919e-11,1.01941e-12
Hessenberg basic,975,1,0,6,1e-12,1.0162,0,1.08002e-11,9.94602e-13
Hessenberg basic,976,1,0,6,1e-12,0.815695,0,1.38698e-11,1.10053e-12
Hessenberg basic,977,1,0,6,1e-12,0.943469,0,1.00044e-11,9.95821e-13
Hessenberg basic,978,1,0,6,1e-12,0.940072,0,9.54969e-12,1.05512e-12
Hessenberg basic,979,1,0,6,1e-12,0.94408,0,1.00044e-11,1.01911e-12
Hessenberg basic,980,1,0,6,1e-12,0.852146,0,9.20863e-12,9.45046e-13
Hessenberg basic,981,1,0,6,1e-12,0.954534,0,1.43245e-11,1.0096e-12
Hessenberg basic,982,1,0,6,1e-12,0.907845,0,9.32232e-12,9.89655e-13
Hessenberg basic,983,1,0,6,1e-12,0.981532,0,1.1255e-11,9.35015e-13
Hessenberg basic,984,1,0,6,1e-12,0.811819,0,9.32232e-12,1.01e-12
Hessenberg basic,985,1,0,6,1e-12,0.983099,0,8.18545e-12,9.51265e-13
Hessenberg basic,986,1,0,6,1e-12,0.935527,0,1.19371e-11,1.02786e-12
Hessenberg basic,987,1,0,6,1e-12,0.980473,0,1.1255e-11,1.0022e-12
Hessenberg basic,988,1,0,6,1e-12,0.88815,0,1.3074e-11,1.04198e-12
Hessenberg basic,989,1,0,6,1e-12,1.00878,0,8.07177e-12,9.35869e-13
Hessenberg basic,990,1,0,6,1e-12,0.949848,0,1.4893e-11,9.62602e-13
Hessenberg basic,991,1,0,6,1e-12,1.00217,0,1.08002e-11,9.88077e-13
Hessenberg basic,992,1,0,6,1e-12,0.896989,0,1.26192e-11,1.0533e-12
Hessenberg basic,993,1,0,6,1e-12,0.944133,0,9.32232e-12,1.03996e-12
Hessenberg basic,994,1,0,6,1e-12,0.930795,0,1.51203e-11,9.97731e-13
Hessenberg basic,995,1,0,6,1e-12,1.022,0,1.81899e-11,9.55768e-13
Hessenberg basic,996,1,0,6,1e-12,0.910282,0,1.13687e-11,9.65785e-13
Hessenberg basic,997,1,0,6,1e-12,1.03329,0,1.39835e-11,9.71026e-13
Hessenberg basic,998,1,0,6,1e-12,0.979855,0,9.66338e-12,1.12527e-12
Hessenberg basic,999,1,0,6,1e-12,1.01402,0,1.44382e-11,9.80672e-13
Hessenberg basic,1000,1,0,6,1e-12,0.860226,0,1.64846e-11,1.03482e-12
