version, size, hermitian, complex, seed, tol, runtime in s,min_error, max_error, avg_error
Hessenberg basic,900,1,0,7,1e-12,0.568906,0,1.02318e-11,9.83158e-13
Hessenberg basic,901,1,0,7,1e-12,0.645403,0,7.38964e-12,8.78295e-13
Hessenberg basic,902,1,0,7,1e-12,0.61471,0,8.41283e-12,9.11083e-13
Hessenberg basic,903,1,0,7,1e-12,0.657927,0,1.01181e-11,9.46307e-13
Hessenberg basic,904,1,0,7,1e-12,0.566195,0,1.29603e-11,9.25201e-13
Hessenberg basic,905,1,0,7,1e-12,0.663655,0,1.75078e-11,1.07321e-12
Hessenberg basic,906,1,0,7,1e-12,0.627305,0,9.43601e-12,9.59175e-13
Hessenberg basic,907,1,0,7,1e-12,0.680347,0,1.37561e-11,1.02924e-12
Hessenberg basic,908,1,0,7,1e-12,0.632952,0,9.43601e-12,9.74709e-13
Hessenberg basic,909,1,0,7,1e-12,0.699824,0,9.43601e-12,9.35768e-13
Hessenberg basic,910,1,0,7,1e-12,0.725893,0,8.75389e-12,9.27161e-13
Hessenberg basic,911,1,0,7,1e-12,0.678102,0,1.6712e-11,9.86976e-13
Hessenberg basic,912,1,0,7,1e-12,0.608728,0,1.01181e-11,9.13746e-13
Hessenberg basic,913,1,0,7,1e-12,0.703818,0,9.54969e-12,1.03989e-12
Hessenberg basic,914,1,0,7,1e-12,0.659736,0,1.35287e-11,9.71638e-13
Hessenberg basic,915,1,0,7,1e-12,0.705215,0,9.43601e-12,9.60616e-13
Hessenberg basic,916,1,0,7,1e-12,0.629573,0,9.66338e-12,9.67438e-13
Hessenberg basic,917,1,0,7,1e-12,0.705421,0,1.13687e-11,9.69966e-13
Hessenberg basic,918,1,0,7,1e-12,0.669627,0,1.09139e-11,9.94226e-13
Hessenberg basic,919,1,0,7,1e-12,0.719691,0,1.3415e-11,9.57649e-13
Hessenberg basic,920,1,0,7,1e-12,0.607447,0,9.54969e-12,1.0392e-12
Hessenberg basic,921,1,0,7,1e-12,0.723478,0,1.05729e-11,9.44394e-13
Hessenberg basic,922,1,0,7,1e-12,0.673539,0,1.23919e-11,1.04893e-12
Hessenberg basic,923,1,0,7,1e-12,0.738303,0,1.29603e-11,9.63934e-13
Hessenberg basic,924,1,0,7,1e-12,0.65593,0,1.14824e-11,1.04579e-12
Hessenberg basic,925,1,0,7,1e-12,0.741996,0,1.03455e-11,9.98236e-13
Hessenberg basic,926,1,0,7,1e-12,0.696699,0,8.75389e-12,9.80738e-13
Hessenberg basic,927,1,0,7,1e-12,0.751043,0,1.25056e-11,9.81494e-13
Hessenberg basic,928,1,0,7,1e-12,0.670359,0,9.54969e-12,9.53458e-13
Hessenberg basic,929,1,0,7,1e-12,0.748547,0,1.63709e-11,1.01871e-12
Hessenberg basic,930,1,0,7,1e-12,0.71321,0,1.20508e-11,9.77724e-13
Hessenberg basic,931,1,0,7,1e-12,0.757829,0,1.02318e-11,9.92725e-13
Hessenberg basic,932,1,0,7,1e-12,0.688259,0,1.00044e-11,9.88164e-13
Hessenberg basic,933,1,0,7,1e-12,0.784521,0,8.07177e-12,9.57624e-13
Hessenberg basic,934,1,0,7,1e-12,0.729912,0,9.43601e-12,9.62875e-13
Hessenberg basic,935,1,0,7,1e-12,0.800488,0,1.56888e-11,1.04821e-12
Hessenberg basic,936,1,0,7,1e-12,0.680837,0,1.13687e-11,9.56193e-13
Hessenberg basic,937,1,0,7,1e-12,0.778026,0,1.36424e-11,9.87767e-13
Hessenberg basic,938,1,0,7,1e-12,0.745296,0,1.01181e-11,9.4345e-13
Hessenberg basic,939,1,0,7,1e-12,0.795711,0,1.37561e-11,1.08638e-12
Hessenberg basic,940,1,0,7,1e-12,0.716866,0,7.95808e-12,9.57812e-13
Hessenberg basic,941,1,0,7,1e-12,0.816975,0,9.20863e-12,9.91096e-13
Hessenberg basic,942,1,0,7,1e-12,0.765387,0,1.08002e-11,1.00098e-12
Hessenberg basic,943,1,0,7,1e-12,0.834273,0,8.41283e-12,9.45284e-13
Hessenberg basic,944,1,0,7,1e-12,0.714956,0,1.36424e-11,9.7911e-13
Hessenberg basic,945,1,0,7,1e-12,0.869082,0,9.09495e-12,1.0385e-12
Hessenberg basic,946,1,0,7,1e-12,0.772512,0,1.05729e-11,9.51889e-13
Hessenberg basic,947,1,0,7,1e-12,0.839992,0,9.54969e-12,9.56099e-13
Hessenberg basic,948,1,0,7,1e-12,0.762586,0,1.11413e-11,1.06885e-12
Hessenberg basic,949,1,0,7,1e-12,0.857997,0,1.10276e-11,1.00178e-12
Hessenberg basic,950,1,0,7,1e-12,0.790296,0,9.32232e-12,1.02923e-12
Hessenberg basic,951,1,0,7,1e-12,0.906056,0,1.04592e-11,9.64558e-13
Hessenberg basic,952,1,0,7,1e-12,0.705859,0,8.52651e-12,9.25322e-13
Hessenberg basic,953,1,0,7,1e-12,0.867839,0,1.03455e-11,9.63355e-13
Hessenberg basic,954,1,0,7,1e-12,0.804837,0,9.43601e-12,9.63066e-13
Hessenberg basic,955,1,0,7,1e-12,0.853199,0,1.10276e-11,9.69532e-13
Hessenberg basic,956,1,0,7,1e-12,0.764597,0,1.46656e-11,1.08991e-12
Hessenberg basic,957,1,0,7,1e-12,0.862602,0,1.01181e-11,1.03109e-12
Hessenberg basic,958,1,0,7,1e-12,0.819719,0,1.04592e-11,1.02981e-12
Hessenberg basic,959,1,0,7,1e-12,0.862993,0,1.54614e-11,1.01323e-12
Hessenberg basic,960,1,0,7,1e-12,1.01448,0,8.86757e-12,1.053e-12
Hessenberg basic,961,1,0,7,1e-12,0.895904,0,1.01181e-11,9.75509e-13
Hessenberg basic,962,1,0,7,1e-12,0.834936,0,8.07177e-12,9.73245e-13
Hessenberg basic,963,1,0,7,1e-12,0.966213,0,7.61702e-12,9.76039e-13
Hessenberg basic,964,1,0,7,1e-12,0.778447,0,1.50067e-11,9.9582e-13
Hessenberg basic,965,1,0,7,1e-12,0.882601,0,1.14824e-11,9.87442e-13
Hessenberg basic,966,1,0,7,1e-12,0.862776,0,1.53477e-11,1.04815e-12
Hessenberg basic,967,1,0,7,1e-12,0.890282,0,1.3074e-11,9.89803e-13
Hessenberg basic,968,1,0,7,1e-12,0.755268,0,8.6402e-12,9.6721e-13
Hessenberg basic,969,1,0,7,1e-12,0.910752,0,7.84439e-12,1.01359e-12
Hessenberg basic,970,1,0,7,1e-12,0.8672,0,1.47793e-11,1.02041e-12
Hessenberg basic,971,1,0,7,1e-12,0.915878,0,8.98126e-12,9.40044e-13
Hessenberg basic,972,1,0,7,1e-12,0.815246,0,1.08002e-11,9.36676e-13
Hessenberg basic,973,1,0,7,1e-12,0.920408,0,1.22782e-11,9.99722e-13
Hessenberg basic,974,1,0,7,1e-12,0.879526,0,9.77707e-12,9.94751e-13
Hessenberg basic,975,1,0,7,1e-12,0.934632,0,9.43601e-12,9.81777e-13
Hessenberg basic,976,1,0,7,1e-12,0.814537,0,1.23919e-11,1.059e-12
Hessenberg basic,977,1,0,7,1e-12,0.933992,0,8.86757e-12,9.61983e-13
Hessenberg basic,978,1,0,7,1e-12,0.901816,0,1.29603e-11,9.57331e-13
Hessenberg basic,979,1,0,7,1e-12,0.946376,0,1.02318e-11,9.7695e-13
Hessenberg basic,980,1,0,7,1e-12,0.848625,0,1.60298e-11,1.02728e-12
Hessenberg basic,981,1,0,7,1e-12,0.953657,0,1.68257e-11,9.90774e-13
Hessenberg basic,982,1,0,7,1e-12,0.917456,0,9.43601e-12,1.00813e-12
Hessenberg basic,983,1,0,7,1e-12,0.996642,0,1.36424e-11,9.51526e-13
Hessenberg basic,984,1,0,7,1e-12,0.819722,0,1.61435e-11,1.04173e-12
Hessenberg basic,985,1,0,7,1e-12,0.981742,0,1.43245e-11,9.96019e-13
Hessenberg basic,986,1,0,7,1e-12,0.954122,0,1.09139e-11,9.54845e-13
Hessenberg basic,987,1,0,7,1e-12,0.97915,0,1.20508e-11,1.05135e-12
Hessenberg basic,988,1,0,7,1e-12,0.892513,0,1.03455e-11,9.2043e-13
Hessenberg basic,989,1,0,7,1e-12,1.04637,0,9.43601e-12,1.03667e-12
Hessenberg basic,990,1,0,7,1e-12,0.979825,0,1.13687e-11,1.01561e-12
Hessenberg basic,991,1,0,7,1e-12,1.06752,0,1.04592e-11,9.57618e-13
Hessenberg basic,992,1,0,7,1e-12,0.906005,0,1.08002e-11,9.5255e-13
Hessenberg basic,993,1,0,7,1e-12,0.941859,0,8.41283e-12,9.98255e-13
Hessenberg basic,994,1,0,7,1e-12,0.95534,0,1.55751e-11,1.00615e-12
Hessenberg basic,995,1,0,7,1e-12,1.01694,0,1.05729e-11,9.97184e-13
Hessenberg basic,996,1,0,7,1e-12,0.910281,0,1.18234e-11,9.76163e-13
Hessenberg basic,997,1,0,7,1e-12,1.03813,0,1.27329e-11,9.74171e-13
Hessenberg basic,998,1,0,7,1e-12,0.979746,0,9.89075e-12,1.02031e-12
Hessenberg basic,999,1,0,7,1e-12,1.02033,0,1.09139e-11,9.58095e-13
Hessenberg basic,1000,1,0,7,1e-12,0.861756,0,6.70752e-12,1.00192e-12
