version, size, hermitian, complex, seed, tol, runtime in s,min_error, max_error, avg_error
Hessenberg basic,900,1,0,5,1e-12,0.597156,0,9.54969e-12,9.58794e-13
Hessenberg basic,901,1,0,5,1e-12,0.660897,0,9.54969e-12,9.89449e-13
Hessenberg basic,902,1,0,5,1e-12,0.61777,0,1.04592e-11,1.00252e-12
Hessenberg basic,903,1,0,5,1e-12,0.672481,0,1.40972e-11,1.01758e-12
Hessenberg basic,904,1,0,5,1e-12,0.568976,0,1.96678e-11,1.0187e-12
Hessenberg basic,905,1,0,5,1e-12,0.667105,0,1.06866e-11,8.91972e-13
Hessenberg basic,906,1,0,5,1e-12,0.634371,0,8.07177e-12,9.40868e-13
Hessenberg basic,907,1,0,5,1e-12,0.673685,0,8.98126e-12,8.91509e-13
Hessenberg basic,908,1,0,5,1e-12,0.593798,0,9.77707e-12,9.29321e-13
Hessenberg basic,909,1,0,5,1e-12,0.734781,0,8.75389e-12,9.13406e-13
Hessenberg basic,910,1,0,5,1e-12,0.757249,0,1.11413e-11,1.01855e-12
Hessenberg basic,911,1,0,5,1e-12,0.674547,0,1.02318e-11,1.00855e-12
Hessenberg basic,912,1,0,5,1e-12,0.601141,0,9.66338e-12,1.04421e-12
Hessenberg basic,913,1,0,5,1e-12,0.732028,0,1.15961e-11,9.41732e-13
Hessenberg basic,914,1,0,5,1e-12,0.645434,0,1.09139e-11,9.27521e-13
Hessenberg basic,915,1,0,5,1e-12,0.698924,0,1.25056e-11,1.09151e-12
Hessenberg basic,916,1,0,5,1e-12,0.619046,0,1.21645e-11,9.68121e-13
Hessenberg basic,917,1,0,5,1e-12,0.704548,0,1.35287e-11,9.54383e-13
Hessenberg basic,918,1,0,5,1e-12,0.664188,0,1.27329e-11,1.02923e-12
Hessenberg basic,919,1,0,5,1e-12,0.714914,0,1.19371e-11,9.89642e-13
Hessenberg basic,920,1,0,5,1e-12,0.598263,0,1.44382e-11,1.01583e-12
Hessenberg basic,921,1,0,5,1e-12,0.722521,0,1.28466e-11,1.04459e-12
Hessenberg basic,922,1,0,5,1e-12,0.665174,0,1.45519e-11,1.0108e-12
Hessenberg basic,923,1,0,5,1e-12,0.734117,0,1.26192e-11,1.00321e-12
Hessenberg basic,924,1,0,5,1e-12,0.644534,0,1.11413e-11,1.05551e-12
Hessenberg basic,925,1,0,5,1e-12,0.74155,0,1.25056e-11,1.01904e-12
Hessenberg basic,926,1,0,5,1e-12,0.689499,0,1.28466e-11,9.61802e-13
Hessenberg basic,927,1,0,5,1e-12,0.749201,0,1.51203e-11,9.8764e-13
Hessenberg basic,928,1,0,5,1e-12,0.662273,0,1.02318e-11,9.59744e-13
Hessenberg basic,929,1,0,5,1e-12,0.752263,0,1.15961e-11,1.09134e-12
Hessenberg basic,930,1,0,5,1e-12,0.702369,0,1.21645e-11,1.03177e-12
Hessenberg basic,931,1,0,5,1e-12,0.754445,0,8.41283e-12,9.45509e-13
Hessenberg basic,932,1,0,5,1e-12,0.67702,0,1.33014e-11,9.96869e-13
Hessenberg basic,933,1,0,5,1e-12,0.777311,0,1.05729e-11,1.0669e-12
Hessenberg basic,934,1,0,5,1e-12,0.731347,0,1.19371e-11,9.40725e-13
Hessenberg basic,935,1,0,5,1e-12,0.79259,0,1.4893e-11,9.94323e-13
Hessenberg basic,936,1,0,5,1e-12,0.683787,0,1.04592e-11,1.06782e-12
Hessenberg basic,937,1,0,5,1e-12,0.769565,0,1.19371e-11,1.03048e-12
Hessenberg basic,938,1,0,5,1e-12,0.721574,0,1.27329e-11,9.82476e-13
Hessenberg basic,939,1,0,5,1e-12,0.785904,0,1.6712e-11,1.03658e-12
Hessenberg basic,940,1,0,5,1e-12,0.70574,0,8.75389e-12,9.07416e-13
Hessenberg basic,941,1,0,5,1e-12,0.803337,0,1.17097e-11,9.97108e-13
Hessenberg basic,942,1,0,5,1e-12,0.751389,0,1.06866e-11,1.05159e-12
Hessenberg basic,943,1,0,5,1e-12,0.814062,0,1.22782e-11,1.01431e-12
Hessenberg basic,944,1,0,5,1e-12,0.703346,0,8.18545e-12,1.00363e-12
Hessenberg basic,945,1,0,5,1e-12,0.833588,0,1.05729e-11,9.82388e-13
Hessenberg basic,946,1,0,5,1e-12,0.770214,0,8.86757e-12,9.84866e-13
Hessenberg basic,947,1,0,5,1e-12,0.834297,0,1.00044e-11,1.04018e-12
Hessenberg basic,948,1,0,5,1e-12,0.729246,0,9.66338e-12,9.85274e-13
Hessenberg basic,949,1,0,5,1e-12,0.841845,0,1.21645e-11,9.56987e-13
Hessenberg basic,950,1,0,5,1e-12,0.77518,0,9.20863e-12,9.80493e-13
Hessenberg basic,951,1,0,5,1e-12,0.831262,0,1.06866e-11,9.40881e-13
Hessenberg basic,952,1,0,5,1e-12,0.694081,0,1.18234e-11,1.05454e-12
Hessenberg basic,953,1,0,5,1e-12,0.865668,0,1.05729e-11,9.82039e-13
Hessenberg basic,954,1,0,5,1e-12,0.800059,0,1.53477e-11,9.70365e-13
Hessenberg basic,955,1,0,5,1e-12,0.872017,0,1.4893e-11,1.03647e-12
Hessenberg basic,956,1,0,5,1e-12,0.75583,0,1.26192e-11,9.58057e-13
Hessenberg basic,957,1,0,5,1e-12,0.885118,0,9.09495e-12,1.0101e-12
Hessenberg basic,958,1,0,5,1e-12,0.811534,0,8.07177e-12,9.65144e-13
Hessenberg basic,959,1,0,5,1e-12,0.86028,0,1.46656e-11,1.03393e-12
Hessenberg basic,960,1,0,5,1e-12,0.991269,0,1.13687e-11,9.63494e-13
Hessenberg basic,961,1,0,5,1e-12,0.862955,0,1.09139e-11,1.01379e-12
Hessenberg basic,962,1,0,5,1e-12,0.824516,0,1.08002e-11,9.33455e-13
Hessenberg basic,963,1,0,5,1e-12,0.936356,0,1.3074e-11,1.051e-12
Hessenberg basic,964,1,0,5,1e-12,0.751739,0,1.3074e-11,9.93324e-13
Hessenberg basic,965,1,0,5,1e-12,0.865156,0,1.40972e-11,1.00015e-12
Hessenberg basic,966,1,0,5,1e-12,0.842369,0,1.15961e-11,9.92117e-13
Hessenberg basic,967,1,0,5,1e-12,0.883786,0,1.53477e-11,1.02952e-12
Hessenberg basic,968,1,0,5,1e-12,0.750995,0,1.19371e-11,1.00811e-12
Hessenberg basic,969,1,0,5,1e-12,0.917331,0,1.11413e-11,1.06971e-12
Hessenberg basic,970,1,0,5,1e-12,0.875175,0,1.54614e-11,1.07262e-12
Hessenberg basic,971,1,0,5,1e-12,0.922993,0,9.20863e-12,9.85938e-13
Hessenberg basic,972,1,0,5,1e-12,0.818909,0,1.14824e-11,9.79833e-13
Hessenberg basic,973,1,0,5,1e-12,0.920928,0,1.44382e-11,9.98465e-13
Hessenberg basic,974,1,0,5,1e-12,0.895572,0,1.26192e-11,9.41578e-13
Hessenberg basic,975,1,0,5,1e-12,0.939947,0,1.22782e-11,1.00099e-12
Hessenberg basic,976,1,0,5,1e-12,0.833717,0,9.77707e-12,1.0277e-12
Hessenberg basic,977,1,0,5,1e-12,0.958223,0,1.05729e-11,1.03859e-12
Hessenberg basic,978,1,0,5,1e-12,0.90545,0,1.08002e-11,9.58351e-13
Hessenberg basic,979,1,0,5,1e-12,0.986306,0,1.09139e-11,9.96731e-13
Hessenberg basic,980,1,0,5,1e-12,0.846531,0,1.10276e-11,9.81215e-13
Hessenberg basic,981,1,0,5,1e-12,0.948884,0,1.03455e-11,9.578e-13
Hessenberg basic,982,1,0,5,1e-12,0.896556,0,1.01181e-11,9.69607e-13
Hessenberg basic,983,1,0,5,1e-12,0.991288,0,9.09495e-12,9.81143e-13
Hessenberg basic,984,1,0,5,1e-12,0.802791,0,1.03455e-11,1.04627e-12
Hessenberg basic,985,1,0,5,1e-12,0.985414,0,1.45519e-11,1.00977e-12
Hessenberg basic,986,1,0,5,1e-12,0.934252,0,9.20863e-12,9.64212e-13
Hessenberg basic,987,1,0,5,1e-12,0.981361,0,1.39835e-11,1.00293e-12
Hessenberg basic,988,1,0,5,1e-12,0.883835,0,1.76215e-11,1.00148e-12
Hessenberg basic,989,1,0,5,1e-12,1.01401,0,1.8531e-11,9.81601e-13
Hessenberg basic,990,1,0,5,1e-12,0.949895,0,1.28466e-11,9.82195e-13
Hessenberg basic,991,1,0,5,1e-12,1.01467,0,9.66338e-12,1.07367e-12
Hessenberg basic,992,1,0,5,1e-12,0.895255,0,1.26192e-11,1.02927e-12
Hessenberg basic,993,1,0,5,1e-12,0.949066,0,1.1255e-11,9.82886e-13
Hessenberg basic,994,1,0,5,1e-12,0.922481,0,9.20863e-12,9.54954e-13
Hessenberg basic,995,1,0,5,1e-12,1.02299,0,1.14824e-11,1.01715e-12
Hessenberg basic,996,1,0,5,1e-12,0.904742,0,1.26192e-11,1.02879e-12
Hessenberg basic,997,1,0,5,1e-12,1.03951,0,1.80762e-11,9.45678e-13
Hessenberg basic,998,1,0,5,1e-12,0.989816,0,1.00044e-11,1.02419e-12
Hessenberg basic,999,1,0,5,1e-12,1.02156,0,1.1255e-11,1.04495e-12
Hessenberg basic,1000,1,0,5,1e-12,0.856453,0,1.37561e-11,1.02295e-12
