version, size, hermitian, complex, seed, tol, runtime in s,min_error, max_error, avg_error
Hessenberg basic,900,1,0,1,1e-12,0.595394,0,9.20863e-12,9.66638e-13
Hessenberg basic,901,1,0,1,1e-12,0.644127,0,8.75389e-12,9.82331e-13
Hessenberg basic,902,1,0,1,1e-12,0.608415,0,1.73941e-11,9.96636e-13
Hessenberg basic,903,1,0,1,1e-12,0.666213,0,1.3074e-11,1.02358e-12
Hessenberg basic,904,1,0,1,1e-12,0.584427,0,6.48015e-12,9.49319e-13
Hessenberg basic,905,1,0,1,1e-12,0.663722,0,7.95808e-12,1.00979e-12
Hessenberg basic,906,1,0,1,1e-12,0.681747,0,1.3415e-11,1.0457e-12
Hessenberg basic,907,1,0,1,1e-12,0.783373,0,9.54969e-12,9.46698e-13
Hessenberg basic,908,1,0,1,1e-12,0.66805,0,1.59162e-11,1.00026e-12
Hessenberg basic,909,1,0,1,1e-12,0.758974,0,8.6402e-12,1.00943e-12
Hessenberg basic,910,1,0,1,1e-12,0.750405,0,9.20863e-12,9.73081e-13
Hessenberg basic,911,1,0,1,1e-12,0.722893,0,1.3074e-11,1.05174e-12
Hessenberg basic,912,1,0,1,1e-12,0.601389,0,9.54969e-12,9.64413e-13
Hessenberg basic,913,1,0,1,1e-12,0.696419,0,8.29914e-12,1.03164e-12
Hessenberg basic,914,1,0,1,1e-12,0.695072,0,1.00044e-11,9.86453e-13
Hessenberg basic,915,1,0,1,1e-12,0.898619,0,1.02318e-11,1.02775e-12
Hessenberg basic,916,1,0,1,1e-12,0.628523,0,8.52651e-12,9.54443e-13
Hessenberg basic,917,1,0,1,1e-12,0.717806,0,1.33014e-11,1.05957e-12
Hessenberg basic,918,1,0,1,1e-12,0.662712,0,8.75389e-12,9.81228e-13
Hessenberg basic,919,1,0,1,1e-12,0.722905,0,1.15961e-11,9.91353e-13
Hessenberg basic,920,1,0,1,1e-12,0.599132,0,8.41283e-12,9.57465e-13
Hessenberg basic,921,1,0,1,1e-12,0.724184,0,8.6402e-12,9.73908e-13
Hessenberg basic,922,1,0,1,1e-12,0.672324,0,1.18234e-11,9.71414e-13
Hessenberg basic,923,1,0,1,1e-12,0.737823,0,1.17097e-11,9.74924e-13
Hessenberg basic,924,1,0,1,1e-12,0.656071,0,1.14824e-11,9.38122e-13
Hessenberg basic,925,1,0,1,1e-12,0.74083,0,9.20863e-12,9.59226e-13
Hessenberg basic,926,1,0,1,1e-12,0.698992,0,1.1255e-11,9.60667e-13
Hessenberg basic,927,1,0,1,1e-12,0.754305,0,1.02318e-11,9.28818e-13
Hessenberg basic,928,1,0,1,1e-12,0.677292,0,1.31877e-11,9.51074e-13
Hessenberg basic,929,1,0,1,1e-12,0.843439,0,1.08002e-11,9.23496e-13
Hessenberg basic,930,1,0,1,1e-12,0.707859,0,1.1255e-11,1.03599e-12
Hessenberg basic,931,1,0,1,1e-12,0.759123,0,7.04858e-12,9.77304e-13
Hessenberg basic,932,1,0,1,1e-12,0.687304,0,7.61702e-12,9.43066e-13
Hessenberg basic,933,1,0,1,1e-12,0.810132,0,1.13687e-11,9.99783e-13
Hessenberg basic,934,1,0,1,1e-12,0.748674,0,9.43601e-12,9.76641e-13
Hessenberg basic,935,1,0,1,1e-12,0.814717,0,1.27329e-11,9.75335e-13
Hessenberg basic,936,1,0,1,1e-12,0.686937,0,1.19371e-11,1.03407e-12
Hessenberg basic,937,1,0,1,1e-12,0.790046,0,8.07177e-12,9.72791e-13
Hessenberg basic,938,1,0,1,1e-12,0.734729,0,1.14824e-11,1.00393e-12
Hessenberg basic,939,1,0,1,1e-12,0.810561,0,1.13687e-11,9.2451e-13
Hessenberg basic,940,1,0,1,1e-12,0.712806,0,9.77707e-12,1.0542e-12
Hessenberg basic,941,1,0,1,1e-12,0.817513,0,8.86757e-12,1.04853e-12
Hessenberg basic,942,1,0,1,1e-12,0.761837,0,1.28466e-11,1.05139e-12
Hessenberg basic,943,1,0,1,1e-12,0.834347,0,9.66338e-12,1.00012e-12
Hessenberg basic,944,1,0,1,1e-12,0.713526,0,9.09495e-12,1.00258e-12
Hessenberg basic,945,1,0,1,1e-12,0.854226,0,1.04592e-11,1.03173e-12
Hessenberg basic,946,1,0,1,1e-12,0.783989,0,9.20863e-12,1.00199e-12
Hessenberg basic,947,1,0,1,1e-12,0.851154,0,1.18234e-11,9.87538e-13
Hessenberg basic,948,1,0,1,1e-12,0.737638,0,7.95808e-12,9.84015e-13
Hessenberg basic,949,1,0,1,1e-12,0.858588,0,7.16227e-12,9.39275e-13
Hessenberg basic,950,1,0,1,1e-12,0.790138,0,1.35287e-11,1.05054e-12
Hessenberg basic,951,1,0,1,1e-12,0.867022,0,9.32232e-12,1.05785e-12
Hessenberg basic,952,1,0,1,1e-12,0.722109,0,1.10276e-11,9.57794e-13
Hessenberg basic,953,1,0,1,1e-12,0.878673,0,9.09495e-12,1.01074e-12
Hessenberg basic,954,1,0,1,1e-12,0.814679,0,1.25056e-11,9.98475e-13
Hessenberg basic,955,1,0,1,1e-12,0.911943,0,9.43601e-12,1.03267e-12
Hessenberg basic,956,1,0,1,1e-12,0.764626,0,1.26192e-11,1.03963e-12
Hessenberg basic,957,1,0,1,1e-12,0.908435,0,1.15961e-11,1.05574e-12
Hessenberg basic,958,1,0,1,1e-12,0.817522,0,8.52651e-12,9.98725e-13
Hessenberg basic,959,1,0,1,1e-12,0.911081,0,1.09139e-11,1.124e-12
Hessenberg basic,960,1,0,1,1e-12,1.00309,0,9.43601e-12,9.93419e-13
Hessenberg basic,961,1,0,1,1e-12,0.873803,0,9.32232e-12,9.74379e-13
Hessenberg basic,962,1,0,1,1e-12,0.839627,0,1.04592e-11,1.0246e-12
Hessenberg basic,963,1,0,1,1e-12,0.958778,0,1.10276e-11,1.08504e-12
Hessenberg basic,964,1,0,1,1e-12,0.759564,0,8.6402e-12,9.49018e-13
Hessenberg basic,965,1,0,1,1e-12,0.869559,0,1.01181e-11,9.8492e-13
Hessenberg basic,966,1,0,1,1e-12,0.841373,0,7.84439e-12,9.97111e-13
Hessenberg basic,967,1,0,1,1e-12,0.883406,0,9.54969e-12,1.03177e-12
Hessenberg basic,968,1,0,1,1e-12,0.746885,0,9.54969e-12,1.03133e-12
Hessenberg basic,969,1,0,1,1e-12,0.9209,0,6.59384e-12,9.71161e-13
Hessenberg basic,970,1,0,1,1e-12,0.920834,0,1.14824e-11,9.99063e-13
Hessenberg basic,971,1,0,1,1e-12,0.909924,0,9.54969e-12,9.60987e-13
Hessenberg basic,972,1,0,1,1e-12,0.811108,0,7.38964e-12,9.09111e-13
Hessenberg basic,973,1,0,1,1e-12,0.921904,0,7.7307e-12,1.03299e-12
Hessenberg basic,974,1,0,1,1e-12,0.893685,0,9.20863e-12,1.01275e-12
Hessenberg basic,975,1,0,1,1e-12,0.935883,0,1.09139e-11,1.03182e-12
Hessenberg basic,976,1,0,1,1e-12,0.805591,0,1.02318e-11,1.02022e-12
Hessenberg basic,977,1,0,1,1e-12,0.939881,0,1.46656e-11,9.96934e-13
Hessenberg basic,978,1,0,1,1e-12,0.907425,0,1.03455e-11,1.0128e-12
Hessenberg basic,979,1,0,1,1e-12,0.945128,0,1.03455e-11,9.84183e-13
Hessenberg basic,980,1,0,1,1e-12,0.845616,0,1.18234e-11,1.02287e-12
Hessenberg basic,981,1,0,1,1e-12,0.948248,0,1.18234e-11,9.9949e-13
Hessenberg basic,982,1,0,1,1e-12,0.902115,0,1.27329e-11,1.02248e-12
Hessenberg basic,983,1,0,1,1e-12,0.994568,0,1.02318e-11,1.06577e-12
Hessenberg basic,984,1,0,1,1e-12,0.808036,0,1.02318e-11,9.16629e-13
Hessenberg basic,985,1,0,1,1e-12,0.979232,0,1.31877e-11,1.06725e-12
Hessenberg basic,986,1,0,1,1e-12,0.934073,0,9.54969e-12,9.67177e-13
Hessenberg basic,987,1,0,1,1e-12,0.975784,0,9.77707e-12,9.78534e-13
Hessenberg basic,988,1,0,1,1e-12,0.879634,0,7.16227e-12,9.56075e-13
Hessenberg basic,989,1,0,1,1e-12,1.01572,0,2.26237e-11,1.01145e-12
Hessenberg basic,990,1,0,1,1e-12,0.950728,0,9.66338e-12,9.80209e-13
Hessenberg basic,991,1,0,1,1e-12,1.03345,0,8.41283e-12,1.0064e-12
Hessenberg basic,992,1,0,1,1e-12,0.903644,0,7.50333e-12,9.86038e-13
Hessenberg basic,993,1,0,1,1e-12,0.965329,0,1.1255e-11,1.00655e-12
Hessenberg basic,994,1,0,1,1e-12,0.917623,0,7.61702e-12,9.28705e-13
Hessenberg basic,995,1,0,1,1e-12,1.02128,0,1.1255e-11,9.52461e-13
Hessenberg basic,996,1,0,1,1e-12,0.933646,0,1.22782e-11,1.00804e-12
Hessenberg basic,997,1,0,1,1e-12,1.06802,0,9.77707e-12,9.68749e-13
Hessenberg basic,998,1,0,1,1e-12,0.979867,0,1.02318e-11,9.76277e-13
Hessenberg basic,999,1,0,1,1e-12,1.01387,0,7.95808e-12,9.91185e-13
Hessenberg basic,1000,1,0,1,1e-12,0.858448,0,1.3074e-11,9.87887e-13
