version, size, hermitian, complex, seed, tol, runtime in s,min_error, max_error, avg_error
Hessenberg basic,900,1,0,3,1e-12,0.603881,0,8.86757e-12,9.95839e-13
Hessenberg basic,901,1,0,3,1e-12,0.676273,0,1.09139e-11,1.00588e-12
Hessenberg basic,902,1,0,3,1e-12,0.641882,0,1.06866e-11,9.93655e-13
Hessenberg basic,903,1,0,3,1e-12,0.686726,0,9.09495e-12,1.01696e-12
Hessenberg basic,904,1,0,3,1e-12,0.58015,0,9.32232e-12,9.96006e-13
Hessenberg basic,905,1,0,3,1e-12,0.695817,0,1.62572e-11,9.96326e-13
Hessenberg basic,906,1,0,3,1e-12,0.640269,0,1.23919e-11,9.73049e-13
Hessenberg basic,907,1,0,3,1e-12,0.691697,0,1.3415e-11,1.03611e-12
Hessenberg basic,908,1,0,3,1e-12,0.622698,0,8.29914e-12,9.39716e-13
Hessenberg basic,909,1,0,3,1e-12,0.719128,0,1.37561e-11,1.03079e-12
Hessenberg basic,910,1,0,3,1e-12,0.728958,0,1.23919e-11,1.07828e-12
Hessenberg basic,911,1,0,3,1e-12,0.702403,0,1.44382e-11,1.03723e-12
Hessenberg basic,912,1,0,3,1e-12,0.620006,0,1.29603e-11,1.01302e-12
Hessenberg basic,913,1,0,3,1e-12,0.70972,0,8.07177e-12,9.47998e-13
Hessenberg basic,914,1,0,3,1e-12,0.677744,0,8.75389e-12,8.9903e-13
Hessenberg basic,915,1,0,3,1e-12,0.724352,0,7.61702e-12,9.37505e-13
Hessenberg basic,916,1,0,3,1e-12,0.64423,0,9.54969e-12,1.01319e-12
Hessenberg basic,917,1,0,3,1e-12,0.743713,0,9.66338e-12,1.04539e-12
Hessenberg basic,918,1,0,3,1e-12,0.698044,0,1.13687e-11,1.0024e-12
Hessenberg basic,919,1,0,3,1e-12,0.740084,0,9.09495e-12,9.7042e-13
Hessenberg basic,920,1,0,3,1e-12,0.622643,0,1.42109e-11,1.01671e-12
Hessenberg basic,921,1,0,3,1e-12,0.739532,0,1.56888e-11,1.04688e-12
Hessenberg basic,922,1,0,3,1e-12,0.677842,0,8.41283e-12,9.53968e-13
Hessenberg basic,923,1,0,3,1e-12,0.746747,0,1.29603e-11,1.00876e-12
Hessenberg basic,924,1,0,3,1e-12,0.664384,0,9.43601e-12,1.07379e-12
Hessenberg basic,925,1,0,3,1e-12,0.770302,0,8.18545e-12,1.00172e-12
Hessenberg basic,926,1,0,3,1e-12,0.72052,0,1.17097e-11,1.0879e-12
Hessenberg basic,927,1,0,3,1e-12,0.767527,0,1.06866e-11,1.05038e-12
Hessenberg basic,928,1,0,3,1e-12,0.678546,0,7.7307e-12,9.93447e-13
Hessenberg basic,929,1,0,3,1e-12,0.775288,0,1.01181e-11,9.59136e-13
Hessenberg basic,930,1,0,3,1e-12,0.726823,0,1.02318e-11,9.17435e-13
Hessenberg basic,931,1,0,3,1e-12,0.766902,0,8.41283e-12,9.90374e-13
Hessenberg basic,932,1,0,3,1e-12,0.694096,0,1.04592e-11,1.0244e-12
Hessenberg basic,933,1,0,3,1e-12,0.806428,0,9.54969e-12,9.08766e-13
Hessenberg basic,934,1,0,3,1e-12,0.739418,0,1.68257e-11,1.04132e-12
Hessenberg basic,935,1,0,3,1e-12,0.813623,0,1.28466e-11,1.00265e-12
Hessenberg basic,936,1,0,3,1e-12,0.687692,0,9.32232e-12,1.02531e-12
Hessenberg basic,937,1,0,3,1e-12,0.78536,0,1.46656e-11,9.91548e-13
Hessenberg basic,938,1,0,3,1e-12,0.746858,0,9.32232e-12,9.60838e-13
Hessenberg basic,939,1,0,3,1e-12,0.803206,0,1.00044e-11,1.01585e-12
Hessenberg basic,940,1,0,3,1e-12,0.716064,0,1.3074e-11,9.60393e-13
Hessenberg basic,941,1,0,3,1e-12,0.827931,0,8.18545e-12,8.98052e-13
Hessenberg basic,942,1,0,3,1e-12,0.772165,0,1.58025e-11,1.01965e-12
Hessenberg basic,943,1,0,3,1e-12,0.853358,0,1.10276e-11,1.00825e-12
Hessenberg basic,944,1,0,3,1e-12,0.712372,0,1.06866e-11,1.04472e-12
Hessenberg basic,945,1,0,3,1e-12,0.860278,0,1.1255e-11,1.0333e-12
Hessenberg basic,946,1,0,3,1e-12,0.777815,0,1.03455e-11,9.91494e-13
Hessenberg basic,947,1,0,3,1e-12,0.867545,0,1.01181e-11,9.49749e-13
Hessenberg basic,948,1,0,3,1e-12,0.745612,0,9.66338e-12,9.85832e-13
Hessenberg basic,949,1,0,3,1e-12,0.852411,0,8.52651e-12,9.43748e-13
Hessenberg basic,950,1,0,3,1e-12,0.803849,0,1.04592e-11,1.00447e-12
Hessenberg basic,951,1,0,3,1e-12,0.851231,0,1.09139e-11,1.0166e-12
Hessenberg basic,952,1,0,3,1e-12,0.707716,0,8.86757e-12,9.21146e-13
Hessenberg basic,953,1,0,3,1e-12,0.856037,0,8.98126e-12,9.32136e-13
Hessenberg basic,954,1,0,3,1e-12,0.812348,0,1.37561e-11,1.03711e-12
Hessenberg basic,955,1,0,3,1e-12,0.866922,0,1.03455e-11,9.60326e-13
Hessenberg basic,956,1,0,3,1e-12,0.778195,0,1.02318e-11,9.55193e-13
Hessenberg basic,957,1,0,3,1e-12,0.899756,0,9.20863e-12,9.84736e-13
Hessenberg basic,958,1,0,3,1e-12,0.828752,0,1.05729e-11,1.02357e-12
Hessenberg basic,959,1,0,3,1e-12,0.87985,0,1.35287e-11,1.0437e-12
Hessenberg basic,960,1,0,3,1e-12,1.03397,0,1.4893e-11,1.0583e-12
Hessenberg basic,961,1,0,3,1e-12,0.868887,0,9.20863e-12,1.06289e-12
Hessenberg basic,962,1,0,3,1e-12,0.841941,0,8.41283e-12,9.21635e-13
Hessenberg basic,963,1,0,3,1e-12,0.971043,0,9.20863e-12,9.77586e-13
Hessenberg basic,964,1,0,3,1e-12,0.7783,0,1.03455e-11,9.33949e-13
Hessenberg basic,965,1,0,3,1e-12,0.872804,0,8.41283e-12,9.39618e-13
Hessenberg basic,966,1,0,3,1e-12,0.847537,0,1.54614e-11,9.6591e-13
Hessenberg basic,967,1,0,3,1e-12,0.883128,0,1.21645e-11,1.04756e-12
Hessenberg basic,968,1,0,3,1e-12,0.757433,0,1.11413e-11,1.01389e-12
Hessenberg basic,969,1,0,3,1e-12,0.919908,0,1.11413e-11,1.04191e-12
Hessenberg basic,970,1,0,3,1e-12,0.87025,0,1.3074e-11,1.0108e-12
Hessenberg basic,971,1,0,3,1e-12,0.93654,0,8.98126e-12,1.02526e-12
Hessenberg basic,972,1,0,3,1e-12,0.834754,0,1.13687e-11,1.01451e-12
Hessenberg basic,973,1,0,3,1e-12,0.92775,0,8.41283e-12,9.60292e-13
Hessenberg basic,974,1,0,3,1e-12,0.904732,0,1.08002e-11,9.35295e-13
Hessenberg basic,975,1,0,3,1e-12,0.96198,0,1.13687e-11,1.0384e-12
Hessenberg basic,976,1,0,3,1e-12,0.824961,0,1.23919e-11,1.04929e-12
Hessenberg basic,977,1,0,3,1e-12,0.952952,0,1.04592e-11,1.05139e-12
Hessenberg basic,978,1,0,3,1e-12,0.935075,0,1.23919e-11,1.01167e-12
Hessenberg basic,979,1,0,3,1e-12,1.02752,0,8.75389e-12,9.54684e-13
Hessenberg basic,980,1,0,3,1e-12,0.883818,0,9.89075e-12,1.07281e-12
Hessenberg basic,981,1,0,3,1e-12,1.00594,0,9.66338e-12,1.0078e-12
Hessenberg basic,982,1,0,3,1e-12,0.935573,0,9.54969e-12,1.01305e-12
Hessenberg basic,983,1,0,3,1e-12,0.998742,0,1.39835e-11,1.07314e-12
Hessenberg basic,984,1,0,3,1e-12,0.846725,0,1.04592e-11,1.0243e-12
Hessenberg basic,985,1,0,3,1e-12,0.996664,0,8.98126e-12,9.70623e-13
Hessenberg basic,986,1,0,3,1e-12,0.989015,0,8.98126e-12,9.87602e-13
Hessenberg basic,987,1,0,3,1e-12,0.99755,0,9.54969e-12,1.03444e-12
Hessenberg basic,988,1,0,3,1e-12,0.892635,0,9.54969e-12,9.88937e-13
Hessenberg basic,989,1,0,3,1e-12,1.06702,0,1.05729e-11,1.04755e-12
Hessenberg basic,990,1,0,3,1e-12,0.954555,0,1.01181e-11,9.63406e-13
Hessenberg basic,991,1,0,3,1e-12,1.04025,0,8.52651e-12,1.00578e-12
Hessenberg basic,992,1,0,3,1e-12,0.901538,0,1.51203e-11,1.06507e-12
Hessenberg basic,993,1,0,3,1e-12,0.998545,0,1.03455e-11,1.02535e-12
Hessenberg basic,994,1,0,3,1e-12,0.949095,0,1.11413e-11,9.85023e-13
Hessenberg basic,995,1,0,3,1e-12,1.03126,0,1.37561e-11,1.05271e-12
Hessenberg basic,996,1,0,3,1e-12,0.933157,0,1.51203e-11,1.08787e-12
Hessenberg basic,997,1,0,3,1e-12,1.05465,0,1.22782e-11,1.06126e-12
Hessenberg basic,998,1,0,3,1e-12,0.997581,0,1.06866e-11,1.03014e-12
Hessenberg basic,999,1,0,3,1e-12,1.03255,0,1.28466e-11,1.0054e-12
Hessenberg basic,1000,1,0,3,1e-12,0.87445,0,1.44382e-11,1.01183e-12
