version, size, hermitian, complex, seed, tol, runtime in s,min_error, max_error, avg_error
LAPACK,1,1,0,3,1e-12,1.3155e-05,0,0,0
LAPACK,2,1,0,3,1e-12,2.635e-06,5.68434e-14,5.68434e-14,5.68434e-14
LAPACK,3,1,0,3,1e-12,1.603e-06,0,1.7053e-13,7.57912e-14
LAPACK,4,1,0,3,1e-12,1.112e-06,0,1.7053e-13,8.52651e-14
LAPACK,5,1,0,3,1e-12,1.413e-06,0,2.27374e-13,8.52651e-14
LAPACK,6,1,0,3,1e-12,1.703e-06,5.68434e-14,4.54747e-13,2.32111e-13
LAPACK,7,1,0,3,1e-12,2.315e-06,0,2.27374e-13,1.01506e-13
LAPACK,8,1,0,3,1e-12,2.916e-06,2.84217e-14,3.97904e-13,1.27898e-13
LAPACK,9,1,0,3,1e-12,3.276e-06,0,4.54747e-13,1.13687e-13
LAPACK,10,1,0,3,1e-12,4.459e-06,0,3.97904e-13,1.64846e-13
LAPACK,11,1,0,3,1e-12,4.839e-06,0,4.54747e-13,1.26606e-13
LAPACK,12,1,0,3,1e-12,5.7e-06,0,5.68434e-13,1.82373e-13
LAPACK,13,1,0,3,1e-12,6.522e-06,0,2.84217e-13,1.39922e-13
LAPACK,14,1,0,3,1e-12,6.602e-06,0,1.13687e-13,6.6994e-14
LAPACK,15,1,0,3,1e-12,8.496e-06,0,1.02318e-12,2.21689e-13
LAPACK,16,1,0,3,1e-12,1.7663e-05,0,5.68434e-13,1.91847e-13
LAPACK,17,1,0,3,1e-12,1.052e-05,0,2.27374e-13,1.18702e-13
LAPACK,18,1,0,3,1e-12,1.2824e-05,0,4.54747e-13,1.5474e-13
LAPACK,19,1,0,3,1e-12,1.2754e-05,0,5.68434e-13,1.72026e-13
LAPACK,20,1,0,3,1e-12,1.2834e-05,0,4.54747e-13,1.66267e-13
LAPACK,21,1,0,3,1e-12,1.5428e-05,0,1.02318e-12,2.55795e-13
LAPACK,22,1,0,3,1e-12,1.4657e-05,0,4.26326e-13,1.5858e-13
LAPACK,23,1,0,3,1e-12,1.6691e-05,0,1.47793e-12,2.64909e-13
LAPACK,24,1,0,3,1e-12,1.7372e-05,0,4.65405e-13,2.13607e-13
LAPACK,25,1,0,3,1e-12,1.9887e-05,0,6.82121e-13,2.278e-13
LAPACK,26,1,0,3,1e-12,2.0368e-05,0,6.82121e-13,2.13436e-13
LAPACK,27,1,0,3,1e-12,2.2843e-05,0,6.82121e-13,2.25926e-13
LAPACK,28,1,0,3,1e-12,2.4576e-05,0,9.09495e-13,2.47929e-13
LAPACK,29,1,0,3,1e-12,2.5608e-05,0,6.82121e-13,2.0716e-13
LAPACK,30,1,0,3,1e-12,2.653e-05,0,1.13687e-12,2.23584e-13
LAPACK,31,1,0,3,1e-12,2.8113e-05,0,9.09495e-13,1.99869e-13
LAPACK,32,1,0,3,1e-12,3.0066e-05,0,9.09495e-13,2.48912e-13
LAPACK,33,1,0,3,1e-12,3.184e-05,1.42109e-14,1.08002e-12,3.17376e-13
LAPACK,34,1,0,3,1e-12,3.3804e-05,0,1.02318e-12,2.56736e-13
LAPACK,35,1,0,3,1e-12,3.4394e-05,0,1.0516e-12,2.89698e-13
LAPACK,36,1,0,3,1e-12,3.5937e-05,0,7.95808e-13,2.41979e-13
LAPACK,37,1,0,3,1e-12,3.8733e-05,0,7.95808e-13,2.48114e-13
LAPACK,38,1,0,3,1e-12,4.0095e-05,0,9.09495e-13,2.33825e-13
LAPACK,39,1,0,3,1e-12,4.278e-05,0,8.2423e-13,3.17558e-13
LAPACK,40,1,0,3,1e-12,4.5515e-05,0,7.95808e-13,2.72316e-13
LAPACK,41,1,0,3,1e-12,4.5685e-05,0,9.09495e-13,2.58482e-13
LAPACK,42,1,0,3,1e-12,4.7429e-05,0,7.38964e-13,2.87601e-13
LAPACK,43,1,0,3,1e-12,5.1987e-05,0,1.02318e-12,2.46211e-13
LAPACK,44,1,0,3,1e-12,5.323e-05,0,1.02318e-12,2.51193e-13
LAPACK,45,1,0,3,1e-12,5.6255e-05,0,9.09495e-13,2.66138e-13
LAPACK,46,1,0,3,1e-12,5.5814e-05,0,1.02318e-12,3.02212e-13
LAPACK,47,1,0,3,1e-12,5.7007e-05,0,9.9476e-13,2.78472e-13
LAPACK,48,1,0,3,1e-12,6.0453e-05,0,8.81073e-13,3.1745e-13
LAPACK,49,1,0,3,1e-12,6.5202e-05,0,9.09495e-13,2.69499e-13
LAPACK,50,1,0,3,1e-12,6.5513e-05,0,1.02318e-12,2.95728e-13
LAPACK,51,1,0,3,1e-12,6.8438e-05,0,1.19371e-12,2.9794e-13
LAPACK,52,1,0,3,1e-12,7.1925e-05,0,9.09495e-13,2.73286e-13
LAPACK,53,1,0,3,1e-12,7.474e-05,0,7.95808e-13,2.46612e-13
LAPACK,54,1,0,3,1e-12,7.8847e-05,0,1.36424e-12,2.79678e-13
LAPACK,55,1,0,3,1e-12,8.6391e-05,0,1.16529e-12,2.59736e-13
LAPACK,56,1,0,3,1e-12,8.9117e-05,0,1.13687e-12,3.12575e-13
LAPACK,57,1,0,3,1e-12,9.0329e-05,0,9.66338e-13,3.37944e-13
LAPACK,58,1,0,3,1e-12,9.2072e-05,0,7.95808e-13,2.81338e-13
LAPACK,59,1,0,3,1e-12,9.628e-05,0,9.09495e-13,2.90118e-13
LAPACK,60,1,0,3,1e-12,0.000100769,0,1.08002e-12,3.0506e-13
LAPACK,61,1,0,3,1e-12,0.000102232,0,1.7053e-12,3.27723e-13
LAPACK,62,1,0,3,1e-12,0.000105307,0,1.02318e-12,2.08063e-13
LAPACK,63,1,0,3,1e-12,0.000107441,0,1.76215e-12,2.79875e-13
LAPACK,64,1,0,3,1e-12,0.000102632,0,8.52651e-13,2.24709e-13
LAPACK,65,1,0,3,1e-12,0.000105547,0,7.95808e-13,2.58255e-13
LAPACK,66,1,0,3,1e-12,0.000107481,0,1.47793e-12,2.36848e-13
LAPACK,67,1,0,3,1e-12,0.000117209,0,9.09495e-13,3.12374e-13
LAPACK,68,1,0,3,1e-12,0.00011741,0,1.25056e-12,3.38709e-13
LAPACK,69,1,0,3,1e-12,0.000117771,0,1.13687e-12,3.46158e-13
LAPACK,70,1,0,3,1e-12,0.000127819,0,1.13687e-12,2.95535e-13
LAPACK,71,1,0,3,1e-12,0.000122098,0,1.84741e-12,3.15941e-13
LAPACK,72,1,0,3,1e-12,0.000131166,0,1.13687e-12,2.74941e-13
LAPACK,73,1,0,3,1e-12,0.000132297,0,1.02318e-12,3.12736e-13
LAPACK,74,1,0,3,1e-12,0.00013919,0,1.13687e-12,3.2032e-13
LAPACK,75,1,0,3,1e-12,0.000140683,0,2.21689e-12,2.48311e-13
LAPACK,76,1,0,3,1e-12,0.000138469,0,9.09495e-13,2.72858e-13
LAPACK,77,1,0,3,1e-12,0.000148789,0,1.02318e-12,3.09547e-13
LAPACK,78,1,0,3,1e-12,0.000141956,0,1.25056e-12,2.93144e-13
LAPACK,79,1,0,3,1e-12,0.000148598,0,2.16005e-12,3.03555e-13
LAPACK,80,1,0,3,1e-12,0.000153537,0,9.09495e-13,2.54952e-13
LAPACK,81,1,0,3,1e-12,0.000151563,0,1.25056e-12,3.04393e-13
LAPACK,82,1,0,3,1e-12,0.000156243,0,1.47793e-12,3.51502e-13
LAPACK,83,1,0,3,1e-12,0.00017096,0,1.13687e-12,2.67438e-13
LAPACK,84,1,0,3,1e-12,0.000165831,0,1.02318e-12,2.83202e-13
LAPACK,85,1,0,3,1e-12,0.000177943,0,9.09495e-13,2.77989e-13
LAPACK,86,1,0,3,1e-12,0.000176921,0,1.25056e-12,2.79177e-13
LAPACK,87,1,0,3,1e-12,0.000172483,0,1.7053e-12,3.27952e-13
LAPACK,88,1,0,3,1e-12,0.000188753,0,1.08002e-12,3.22086e-13
LAPACK,89,1,0,3,1e-12,0.000190647,0,2.04636e-12,3.13038e-13
LAPACK,90,1,0,3,1e-12,0.000195226,0,1.3074e-12,2.97323e-13
LAPACK,91,1,0,3,1e-12,0.000196418,0,1.47793e-12,3.62416e-13
LAPACK,92,1,0,3,1e-12,0.000205044,0,9.66338e-13,2.89585e-13
LAPACK,93,1,0,3,1e-12,0.000200526,0,1.98952e-12,3.80331e-13
LAPACK,94,1,0,3,1e-12,0.000215624,0,1.19371e-12,3.33161e-13
LAPACK,95,1,0,3,1e-12,0.000215103,0,1.36424e-12,3.29692e-13
LAPACK,96,1,0,3,1e-12,0.000226794,0,1.36424e-12,2.90175e-13
LAPACK,97,1,0,3,1e-12,0.000268332,0,1.47793e-12,3.80104e-13
LAPACK,98,1,0,3,1e-12,0.000225922,0,1.42109e-12,2.92845e-13
LAPACK,99,1,0,3,1e-12,0.000224921,0,1.25056e-12,2.96239e-13
LAPACK,100,1,0,3,1e-12,0.000227516,0,1.7053e-12,3.82094e-13
LAPACK,101,1,0,3,1e-12,0.00024028,0,1.7053e-12,2.86926e-13
LAPACK,102,1,0,3,1e-12,0.00024062,0,1.47793e-12,3.16958e-13
LAPACK,103,1,0,3,1e-12,0.000255087,0,1.13687e-12,3.05555e-13
LAPACK,104,1,0,3,1e-12,0.000250629,0,1.19371e-12,2.93257e-13
LAPACK,105,1,0,3,1e-12,0.000260567,0,1.36424e-12,2.82356e-13
LAPACK,106,1,0,3,1e-12,0.000264806,0,1.81899e-12,3.52075e-13
LAPACK,107,1,0,3,1e-12,0.000255919,0,1.59162e-12,3.26634e-13
LAPACK,108,1,0,3,1e-12,0.000267341,0,1.13687e-12,3.56316e-13
LAPACK,109,1,0,3,1e-12,0.000279262,0,1.10845e-12,2.99854e-13
LAPACK,110,1,0,3,1e-12,0.000271658,0,1.27898e-12,2.76849e-13
LAPACK,111,1,0,3,1e-12,0.000286966,0,1.25056e-12,2.96612e-13
LAPACK,112,1,0,3,1e-12,0.000288189,0,1.47793e-12,3.45545e-13
LAPACK,113,1,0,3,1e-12,0.00030515,0,1.3074e-12,3.30253e-13
LAPACK,114,1,0,3,1e-12,0.000302106,0,1.25056e-12,3.10173e-13
LAPACK,115,1,0,3,1e-12,0.000307836,0,1.36424e-12,2.72918e-13
LAPACK,116,1,0,3,1e-12,0.000309639,0,1.19371e-12,3.17214e-13
LAPACK,117,1,0,3,1e-12,0.00031527,0,1.53477e-12,3.39664e-13
LAPACK,118,1,0,3,1e-12,0.000317995,0,1.13687e-12,3.09022e-13
LAPACK,119,1,0,3,1e-12,0.000322574,0,1.73372e-12,3.6952e-13
LAPACK,120,1,0,3,1e-12,0.000337501,0,1.08002e-12,2.98361e-13
LAPACK,121,1,0,3,1e-12,0.000330749,0,1.7053e-12,2.92772e-13
LAPACK,122,1,0,3,1e-12,0.000330909,0,1.47793e-12,3.70374e-13
LAPACK,123,1,0,3,1e-12,0.00034743,0,1.36424e-12,3.37071e-13
LAPACK,124,1,0,3,1e-12,0.000346659,0,1.02318e-12,2.95097e-13
LAPACK,125,1,0,3,1e-12,0.000388967,0,2.24532e-12,2.98964e-13
LAPACK,126,1,0,3,1e-12,0.000355305,0,1.76215e-12,3.22032e-13
LAPACK,127,1,0,3,1e-12,0.000364902,0,3.12639e-12,3.5831e-13
LAPACK,128,1,0,3,1e-12,0.00037956,0,1.47793e-12,3.27096e-13
LAPACK,129,1,0,3,1e-12,0.000377766,0,1.36424e-12,3.06976e-13
LAPACK,130,1,0,3,1e-12,0.000390491,0,1.25056e-12,3.11293e-13
LAPACK,131,1,0,3,1e-12,0.000387595,0,1.59162e-12,3.19063e-13
LAPACK,132,1,0,3,1e-12,0.000392644,0,1.67688e-12,3.19391e-13
LAPACK,133,1,0,3,1e-12,0.000394878,0,1.7053e-12,3.14228e-13
LAPACK,134,1,0,3,1e-12,0.000406761,0,2.38742e-12,3.43685e-13
LAPACK,135,1,0,3,1e-12,0.000407302,0,1.47793e-12,2.9002e-13
LAPACK,136,1,0,3,1e-12,0.000411099,0,1.25056e-12,3.2621e-13
LAPACK,137,1,0,3,1e-12,0.000420887,0,1.47793e-12,3.12373e-13
LAPACK,138,1,0,3,1e-12,0.000414175,0,2.27374e-12,3.30248e-13
LAPACK,139,1,0,3,1e-12,0.000433601,0,1.93268e-12,3.24406e-13
LAPACK,140,1,0,3,1e-12,0.000437819,0,1.36424e-12,3.65343e-13
LAPACK,141,1,0,3,1e-12,0.000448389,0,2.07478e-12,3.76745e-13
LAPACK,142,1,0,3,1e-12,0.00044865,0,1.59162e-12,3.55046e-13
LAPACK,143,1,0,3,1e-12,0.000453629,0,1.33582e-12,3.52442e-13
LAPACK,144,1,0,3,1e-12,0.000470981,0,1.3074e-12,3.10474e-13
LAPACK,145,1,0,3,1e-12,0.000464479,0,2.04636e-12,3.75516e-13
LAPACK,146,1,0,3,1e-12,0.000467595,0,2.50111e-12,3.48242e-13
LAPACK,147,1,0,3,1e-12,0.000479938,0,1.60583e-12,3.57359e-13
LAPACK,148,1,0,3,1e-12,0.000493052,0,1.42109e-12,3.34939e-13
LAPACK,149,1,0,3,1e-12,0.000506698,0,1.59162e-12,3.31192e-13
LAPACK,150,1,0,3,1e-12,0.000504644,0,3.42837e-12,3.35444e-13
LAPACK,151,1,0,3,1e-12,0.000505476,0,1.47793e-12,3.5566e-13
LAPACK,152,1,0,3,1e-12,0.000505946,0,1.47793e-12,3.43678e-13
LAPACK,153,1,0,3,1e-12,0.000513551,0,1.59162e-12,3.05499e-13
LAPACK,154,1,0,3,1e-12,0.000525393,0,1.13687e-12,3.42592e-13
LAPACK,155,1,0,3,1e-12,0.000532486,0,1.36424e-12,3.35118e-13
LAPACK,156,1,0,3,1e-12,0.000541042,0,1.47793e-12,3.49928e-13
LAPACK,157,1,0,3,1e-12,0.000547985,0,2.95586e-12,3.37618e-13
LAPACK,158,1,0,3,1e-12,0.000547314,0,1.59162e-12,3.17541e-13
LAPACK,159,1,0,3,1e-12,0.000551983,0,1.59162e-12,3.0159e-13
LAPACK,160,1,0,3,1e-12,0.00056118,0,1.7053e-12,3.88242e-13
LAPACK,161,1,0,3,1e-12,0.000576008,0,1.59162e-12,3.67099e-13
LAPACK,162,1,0,3,1e-12,0.000576238,0,1.59162e-12,3.73589e-13
LAPACK,163,1,0,3,1e-12,0.000572532,0,3.52429e-12,3.46902e-13
LAPACK,164,1,0,3,1e-12,0.00058269,0,1.53477e-12,3.12417e-13
LAPACK,165,1,0,3,1e-12,0.000608048,0,1.13687e-12,3.56652e-13
LAPACK,166,1,0,3,1e-12,0.00060922,0,1.93268e-12,3.38423e-13
LAPACK,167,1,0,3,1e-12,0.000603198,0,1.19371e-12,2.9467e-13
LAPACK,168,1,0,3,1e-12,0.000616123,0,1.93268e-12,3.69413e-13
LAPACK,169,1,0,3,1e-12,0.000622655,0,2.14229e-12,3.73529e-13
LAPACK,170,1,0,3,1e-12,0.000627815,0,1.59162e-12,3.2592e-13
LAPACK,171,1,0,3,1e-12,0.000645789,0,1.5703e-12,3.7651e-13
LAPACK,172,1,0,3,1e-12,0.000643444,0,1.64846e-12,3.07537e-13
LAPACK,173,1,0,3,1e-12,0.000661918,0,2.10321e-12,3.53618e-13
LAPACK,174,1,0,3,1e-12,0.000669232,0,1.81899e-12,3.72726e-13
LAPACK,175,1,0,3,1e-12,0.000677497,0,1.44684e-12,3.91699e-13
LAPACK,176,1,0,3,1e-12,0.00068398,0,1.53477e-12,3.39635e-13
LAPACK,177,1,0,3,1e-12,0.000697915,0,1.81899e-12,3.08652e-13
LAPACK,178,1,0,3,1e-12,0.000687957,0,1.13687e-12,3.12202e-13
LAPACK,179,1,0,3,1e-12,0.000702794,0,2.50111e-12,3.90796e-13
LAPACK,180,1,0,3,1e-12,0.000699599,0,1.47793e-12,3.58876e-13
LAPACK,181,1,0,3,1e-12,0.000699829,0,1.7053e-12,2.55948e-13
LAPACK,182,1,0,3,1e-12,0.000720097,0,1.59162e-12,3.63284e-13
LAPACK,183,1,0,3,1e-12,0.00072176,0,1.42109e-12,3.44261e-13
LAPACK,184,1,0,3,1e-12,0.000732641,0,1.81899e-12,3.62676e-13
LAPACK,185,1,0,3,1e-12,0.000754442,0,2.16005e-12,3.77073e-13
LAPACK,186,1,0,3,1e-12,0.000745805,0,1.7053e-12,3.11168e-13
LAPACK,187,1,0,3,1e-12,0.000742419,0,1.59162e-12,3.57644e-13
LAPACK,188,1,0,3,1e-12,0.000786982,0,2.38742e-12,3.68084e-13
LAPACK,189,1,0,3,1e-12,0.000788184,0,1.87583e-12,3.57027e-13
LAPACK,190,1,0,3,1e-12,0.000784779,0,1.7053e-12,3.29124e-13
LAPACK,191,1,0,3,1e-12,0.000772264,0,1.47793e-12,3.82984e-13
LAPACK,192,1,0,3,1e-12,0.000816197,0,1.71241e-12,3.5974e-13
LAPACK,193,1,0,3,1e-12,0.000810767,0,2.38742e-12,3.96282e-13
LAPACK,194,1,0,3,1e-12,0.000816988,0,1.36424e-12,3.5713e-13
LAPACK,195,1,0,3,1e-12,0.000828289,0,1.42109e-12,3.55738e-13
LAPACK,196,1,0,3,1e-12,0.000824563,0,1.42109e-12,3.28583e-13
LAPACK,197,1,0,3,1e-12,0.000840844,0,1.47793e-12,3.32107e-13
LAPACK,198,1,0,3,1e-12,0.00083898,0,1.19371e-12,3.60351e-13
LAPACK,199,1,0,3,1e-12,0.000875868,0,2.27374e-12,3.85974e-13
LAPACK,200,1,0,3,1e-12,0.000871851,0,1.84741e-12,3.52431e-13
LAPACK,201,1,0,3,1e-12,0.000872964,0,1.53477e-12,3.75039e-13
LAPACK,202,1,0,3,1e-12,0.000881519,0,1.7053e-12,3.40751e-13
LAPACK,203,1,0,3,1e-12,0.000877922,0,1.93268e-12,3.29917e-13
LAPACK,204,1,0,3,1e-12,0.000889664,0,1.84741e-12,4.19207e-13
LAPACK,205,1,0,3,1e-12,0.000906756,0,1.84741e-12,3.69114e-13
LAPACK,206,1,0,3,1e-12,0.000910062,0,2.55795e-12,3.37337e-13
LAPACK,207,1,0,3,1e-12,0.000912768,0,1.59162e-12,3.14175e-13
LAPACK,208,1,0,3,1e-12,0.000922516,0,1.81899e-12,3.55784e-13
LAPACK,209,1,0,3,1e-12,0.000953263,0,1.59162e-12,3.53325e-13
LAPACK,210,1,0,3,1e-12,0.000943455,0,1.81899e-12,3.57987e-13
LAPACK,211,1,0,3,1e-12,0.000982498,0,1.47793e-12,3.41669e-13
LAPACK,212,1,0,3,1e-12,0.000959546,0,1.37845e-12,3.4949e-13
LAPACK,213,1,0,3,1e-12,0.000987177,0,2.04636e-12,3.57094e-13
LAPACK,214,1,0,3,1e-12,0.000981466,0,1.47793e-12,2.98189e-13
LAPACK,215,1,0,3,1e-12,0.000997476,0,1.81899e-12,3.41356e-13
LAPACK,216,1,0,3,1e-12,0.00100429,0,2.16005e-12,3.32913e-13
LAPACK,217,1,0,3,1e-12,0.000991966,0,2.33058e-12,3.20665e-13
LAPACK,218,1,0,3,1e-12,0.0010176,0,1.36424e-12,3.46259e-13
LAPACK,219,1,0,3,1e-12,0.00102065,0,1.7053e-12,3.80816e-13
LAPACK,220,1,0,3,1e-12,0.00103241,0,2.84217e-12,3.32274e-13
LAPACK,221,1,0,3,1e-12,0.00103392,0,2.04636e-12,3.49187e-13
LAPACK,222,1,0,3,1e-12,0.00105672,0,1.93268e-12,3.5612e-13
LAPACK,223,1,0,3,1e-12,0.00107524,0,1.76215e-12,3.25328e-13
LAPACK,224,1,0,3,1e-12,0.00107491,0,1.81899e-12,3.67462e-13
LAPACK,225,1,0,3,1e-12,0.00106748,0,1.64846e-12,3.42736e-13
LAPACK,226,1,0,3,1e-12,0.00109378,0,1.93268e-12,3.36466e-13
LAPACK,227,1,0,3,1e-12,0.00111387,0,1.47793e-12,3.28532e-13
LAPACK,228,1,0,3,1e-12,0.0011238,0,2.16005e-12,3.70423e-13
LAPACK,229,1,0,3,1e-12,0.00110825,0,1.7053e-12,3.29745e-13
LAPACK,230,1,0,3,1e-12,0.00110663,0,1.47793e-12,3.54569e-13
LAPACK,231,1,0,3,1e-12,0.00112643,0,1.62004e-12,3.63015e-13
LAPACK,232,1,0,3,1e-12,0.00113502,0,1.7053e-12,3.46443e-13
LAPACK,233,1,0,3,1e-12,0.00112646,0,3.52429e-12,3.39383e-13
LAPACK,234,1,0,3,1e-12,0.00118079,0,2.16005e-12,3.77373e-13
LAPACK,235,1,0,3,1e-12,0.00117298,0,1.93268e-12,4.17361e-13
LAPACK,236,1,0,3,1e-12,0.00118885,0,2.16005e-12,3.95238e-13
LAPACK,237,1,0,3,1e-12,0.00118451,0,1.76215e-12,3.90109e-13
LAPACK,238,1,0,3,1e-12,0.00121091,0,1.84741e-12,3.93017e-13
LAPACK,239,1,0,3,1e-12,0.00120902,0,1.81899e-12,3.95745e-13
LAPACK,240,1,0,3,1e-12,0.00121708,0,2.16005e-12,3.56406e-13
LAPACK,241,1,0,3,1e-12,0.00120367,0,1.76215e-12,3.58304e-13
LAPACK,242,1,0,3,1e-12,0.00121857,0,1.81899e-12,3.50915e-13
LAPACK,243,1,0,3,1e-12,0.00125627,0,1.81899e-12,3.46772e-13
LAPACK,244,1,0,3,1e-12,0.00125605,0,2.38742e-12,3.67962e-13
LAPACK,245,1,0,3,1e-12,0.00126513,0,1.85096e-12,3.87525e-13
LAPACK,246,1,0,3,1e-12,0.00127646,0,2.72848e-12,3.57012e-13
LAPACK,247,1,0,3,1e-12,0.00128859,0,2.04636e-12,3.4804e-13
LAPACK,248,1,0,3,1e-12,0.00129646,0,1.68754e-12,3.52949e-13
LAPACK,249,1,0,3,1e-12,0.00132825,0,2.04636e-12,3.74027e-13
LAPACK,250,1,0,3,1e-12,0.0013248,0,2.6148e-12,3.51363e-13
LAPACK,251,1,0,3,1e-12,0.00133505,0,2.18847e-12,3.556e-13
LAPACK,252,1,0,3,1e-12,0.00133057,0,1.93268e-12,3.46501e-13
LAPACK,253,1,0,3,1e-12,0.00135374,0,1.76215e-12,4.00905e-13
LAPACK,254,1,0,3,1e-12,0.00136968,0,2.27374e-12,3.95194e-13
LAPACK,255,1,0,3,1e-12,0.00137726,0,1.64846e-12,3.48147e-13
LAPACK,256,1,0,3,1e-12,0.00138192,0,2.04636e-12,3.75895e-13
LAPACK,257,1,0,3,1e-12,0.00139121,0,2.16005e-12,3.84037e-13
LAPACK,258,1,0,3,1e-12,0.00142337,0,2.21689e-12,3.71076e-13
LAPACK,259,1,0,3,1e-12,0.00142175,0,2.78533e-12,4.19753e-13
LAPACK,260,1,0,3,1e-12,0.00142972,0,1.9611e-12,3.74442e-13
LAPACK,261,1,0,3,1e-12,0.00143795,0,2.04636e-12,3.76792e-13
LAPACK,262,1,0,3,1e-12,0.00146958,0,1.90425e-12,3.64719e-13
LAPACK,263,1,0,3,1e-12,0.00144958,0,1.59162e-12,3.96469e-13
LAPACK,264,1,0,3,1e-12,0.00143558,0,2.30926e-12,3.72525e-13
LAPACK,265,1,0,3,1e-12,0.00147287,0,2.04636e-12,3.38616e-13
LAPACK,266,1,0,3,1e-12,0.00146661,0,1.59162e-12,3.3657e-13
LAPACK,267,1,0,3,1e-12,0.00148578,0,2.38742e-12,3.32669e-13
LAPACK,268,1,0,3,1e-12,0.00150379,0,1.7053e-12,4.00795e-13
LAPACK,269,1,0,3,1e-12,0.00152903,0,1.67688e-12,3.54081e-13
LAPACK,270,1,0,3,1e-12,0.00153018,0,2.38742e-12,3.43274e-13
LAPACK,271,1,0,3,1e-12,0.00154523,0,1.7053e-12,3.26442e-13
LAPACK,272,1,0,3,1e-12,0.00156605,0,1.93978e-12,3.37095e-13
LAPACK,273,1,0,3,1e-12,0.00153988,0,1.59162e-12,3.79464e-13
LAPACK,274,1,0,3,1e-12,0.00157243,0,2.38742e-12,3.64087e-13
LAPACK,275,1,0,3,1e-12,0.00159301,0,1.81899e-12,3.45332e-13
LAPACK,276,1,0,3,1e-12,0.00158285,0,2.27374e-12,3.76975e-13
LAPACK,277,1,0,3,1e-12,0.00159271,0,1.87583e-12,3.68142e-13
LAPACK,278,1,0,3,1e-12,0.00160365,0,1.7053e-12,3.62814e-13
LAPACK,279,1,0,3,1e-12,0.00164415,0,1.93268e-12,3.54948e-13
LAPACK,280,1,0,3,1e-12,0.00162886,0,2.17071e-12,3.52846e-13
LAPACK,281,1,0,3,1e-12,0.00165644,0,3.75167e-12,3.89359e-13
LAPACK,282,1,0,3,1e-12,0.00168038,0,1.81899e-12,3.89438e-13
LAPACK,283,1,0,3,1e-12,0.00166192,0,2.44427e-12,3.89025e-13
LAPACK,284,1,0,3,1e-12,0.00170364,0,1.87583e-12,3.95417e-13
LAPACK,285,1,0,3,1e-12,0.00168849,0,2.04636e-12,3.73872e-13
LAPACK,286,1,0,3,1e-12,0.00170448,0,2.27374e-12,4.20527e-13
LAPACK,287,1,0,3,1e-12,0.00170377,0,2.6148e-12,3.47472e-13
LAPACK,288,1,0,3,1e-12,0.00170815,0,2.04636e-12,3.71417e-13
LAPACK,289,1,0,3,1e-12,0.00176192,0,1.76215e-12,3.44827e-13
LAPACK,290,1,0,3,1e-12,0.00175725,0,1.79057e-12,4.33351e-13
LAPACK,291,1,0,3,1e-12,0.00174559,0,2.04636e-12,3.84569e-13
LAPACK,292,1,0,3,1e-12,0.0017873,0,1.76215e-12,3.73361e-13
LAPACK,293,1,0,3,1e-12,0.00179519,0,2.27374e-12,3.46171e-13
LAPACK,294,1,0,3,1e-12,0.00177637,0,2.04636e-12,3.52256e-13
LAPACK,295,1,0,3,1e-12,0.0018086,0,2.33058e-12,4.07831e-13
LAPACK,296,1,0,3,1e-12,0.00180589,0,1.59162e-12,3.62421e-13
LAPACK,297,1,0,3,1e-12,0.00183063,0,1.53477e-12,3.34274e-13
LAPACK,298,1,0,3,1e-12,0.00186381,0,1.81899e-12,3.62755e-13
LAPACK,299,1,0,3,1e-12,0.00186973,0,2.16005e-12,4.10203e-13
LAPACK,300,1,0,3,1e-12,0.00187308,0,2.72848e-12,3.66371e-13
LAPACK,301,1,0,3,1e-12,0.00188849,0,1.93268e-12,3.48977e-13
LAPACK,302,1,0,3,1e-12,0.00186131,0,1.84031e-12,3.5599e-13
LAPACK,303,1,0,3,1e-12,0.00190593,0,1.93268e-12,3.72988e-13
LAPACK,304,1,0,3,1e-12,0.00190168,0,2.58638e-12,3.79958e-13
LAPACK,305,1,0,3,1e-12,0.00196453,0,3.29692e-12,5.83101e-13
LAPACK,306,1,0,3,1e-12,0.0019457,0,2.84217e-12,3.36016e-13
LAPACK,307,1,0,3,1e-12,0.00194921,0,3.29692e-12,3.88186e-13
LAPACK,308,1,0,3,1e-12,0.00196895,0,2.04636e-12,3.94526e-13
LAPACK,309,1,0,3,1e-12,0.00196309,0,2.72848e-12,3.794e-13
LAPACK,310,1,0,3,1e-12,0.00200398,0,2.27374e-12,3.86138e-13
LAPACK,311,1,0,3,1e-12,0.00202654,0,2.0357e-12,4.08813e-13
LAPACK,312,1,0,3,1e-12,0.00201708,0,1.7053e-12,3.18777e-13
LAPACK,313,1,0,3,1e-12,0.00199794,0,2.27374e-12,3.38828e-13
LAPACK,314,1,0,3,1e-12,0.00204176,0,3.41061e-12,4.02987e-13
LAPACK,315,1,0,3,1e-12,0.00206582,0,2.16005e-12,3.69523e-13
LAPACK,316,1,0,3,1e-12,0.0020739,0,2.21689e-12,3.3181e-13
LAPACK,317,1,0,3,1e-12,0.00205573,0,1.93268e-12,3.39248e-13
LAPACK,318,1,0,3,1e-12,0.00208866,0,2.6148e-12,4.04428e-13
LAPACK,319,1,0,3,1e-12,0.00210692,0,2.04636e-12,4.02571e-13
LAPACK,320,1,0,3,1e-12,0.00214151,0,2.16005e-12,3.7669e-13
LAPACK,321,1,0,3,1e-12,0.00211413,0,1.81899e-12,3.69241e-13
LAPACK,322,1,0,3,1e-12,0.00212697,0,2.6148e-12,3.50045e-13
LAPACK,323,1,0,3,1e-12,0.00213692,0,3.06954e-12,3.44679e-13
LAPACK,324,1,0,3,1e-12,0.00215896,0,2.78533e-12,3.93401e-13
LAPACK,325,1,0,3,1e-12,0.00218263,0,2.04636e-12,3.48845e-13
LAPACK,326,1,0,3,1e-12,0.00216526,0,2.84217e-12,3.99555e-13
LAPACK,327,1,0,3,1e-12,0.00220843,0,2.50111e-12,3.98423e-13
LAPACK,328,1,0,3,1e-12,0.0022244,0,1.79057e-12,3.8375e-13
LAPACK,329,1,0,3,1e-12,0.00225622,0,5.68434e-12,5.87201e-13
LAPACK,330,1,0,3,1e-12,0.00228353,0,2.72848e-12,3.85292e-13
LAPACK,331,1,0,3,1e-12,0.00229187,0,2.33058e-12,4.20135e-13
LAPACK,332,1,0,3,1e-12,0.00227309,0,1.59162e-12,3.41877e-13
LAPACK,333,1,0,3,1e-12,0.00230162,0,2.16005e-12,3.83902e-13
LAPACK,334,1,0,3,1e-12,0.00232046,0,2.27374e-12,3.97152e-13
LAPACK,335,1,0,3,1e-12,0.00235189,0,2.04636e-12,4.36258e-13
LAPACK,336,1,0,3,1e-12,0.00235536,0,2.38742e-12,4.34189e-13
LAPACK,337,1,0,3,1e-12,0.00235487,0,2.50111e-12,3.59919e-13
LAPACK,338,1,0,3,1e-12,0.00237208,0,2.84217e-12,4.70847e-13
LAPACK,339,1,0,3,1e-12,0.00239061,0,2.21334e-12,4.29523e-13
LAPACK,340,1,0,3,1e-12,0.00237033,0,1.7053e-12,3.7678e-13
LAPACK,341,1,0,3,1e-12,0.00241591,0,4.09273e-12,4.19502e-13
LAPACK,342,1,0,3,1e-12,0.00243452,0,1.81899e-12,3.43959e-13
LAPACK,343,1,0,3,1e-12,0.00245884,0,2.38032e-12,4.00249e-13
LAPACK,344,1,0,3,1e-12,0.00245408,0,2.16005e-12,3.80441e-13
LAPACK,345,1,0,3,1e-12,0.00245245,0,2.27374e-12,4.13127e-13
LAPACK,346,1,0,3,1e-12,0.00251467,0,2.27374e-12,4.22108e-13
LAPACK,347,1,0,3,1e-12,0.00251457,0,2.72848e-12,4.30606e-13
LAPACK,348,1,0,3,1e-12,0.00250909,0,3.0127e-12,4.33873e-13
LAPACK,349,1,0,3,1e-12,0.00254229,0,2.38742e-12,3.99679e-13
LAPACK,350,1,0,3,1e-12,0.00249864,0,2.38742e-12,3.2566e-13
LAPACK,351,1,0,3,1e-12,0.00252696,0,2.04636e-12,4.00038e-13
LAPACK,352,1,0,3,1e-12,0.00254958,0,3.24007e-12,3.58674e-13
LAPACK,353,1,0,3,1e-12,0.00257296,0,2.65743e-12,3.44172e-13
LAPACK,354,1,0,3,1e-12,0.00260209,0,2.04636e-12,3.70247e-13
LAPACK,355,1,0,3,1e-12,0.00262021,0,2.10321e-12,3.93495e-13
LAPACK,356,1,0,3,1e-12,0.00264568,0,2.83151e-12,3.69134e-13
LAPACK,357,1,0,3,1e-12,0.00265507,0,2.33058e-12,4.09195e-13
LAPACK,358,1,0,3,1e-12,0.00264306,0,3.06954e-12,3.85407e-13
LAPACK,359,1,0,3,1e-12,0.00263373,0,3.25073e-12,4.194e-13
LAPACK,360,1,0,3,1e-12,0.00265581,0,2.38742e-12,3.74697e-13
LAPACK,361,1,0,3,1e-12,0.00268674,0,1.87583e-12,3.59357e-13
LAPACK,362,1,0,3,1e-12,0.0027004,0,2.16005e-12,3.44056e-13
LAPACK,363,1,0,3,1e-12,0.00269501,0,1.81899e-12,4.21375e-13
LAPACK,364,1,0,3,1e-12,0.00276602,0,2.72848e-12,4.10272e-13
LAPACK,365,1,0,3,1e-12,0.00274725,0,1.93268e-12,3.36533e-13
LAPACK,366,1,0,3,1e-12,0.00279087,0,2.72848e-12,3.75044e-13
LAPACK,367,1,0,3,1e-12,0.00277541,0,2.2311e-12,3.8183e-13
LAPACK,368,1,0,3,1e-12,0.00277524,0,2.44427e-12,3.71601e-13
LAPACK,369,1,0,3,1e-12,0.00281041,0,2.16005e-12,3.66685e-13
LAPACK,370,1,0,3,1e-12,0.00280291,0,2.50111e-12,3.65547e-13
LAPACK,371,1,0,3,1e-12,0.00284553,0,1.98952e-12,4.06864e-13
LAPACK,372,1,0,3,1e-12,0.00287445,0,3.45324e-12,4.18965e-13
LAPACK,373,1,0,3,1e-12,0.00285313,0,2.04636e-12,4.01352e-13
LAPACK,374,1,0,3,1e-12,0.00286027,0,2.50111e-12,3.94114e-13
LAPACK,375,1,0,3,1e-12,0.00292542,0,2.72848e-12,3.96766e-13
LAPACK,376,1,0,3,1e-12,0.00292499,0,3.29692e-12,3.92665e-13
LAPACK,377,1,0,3,1e-12,0.00292936,0,1.93268e-12,4.10814e-13
LAPACK,378,1,0,3,1e-12,0.00296373,0,2.38742e-12,3.84028e-13
LAPACK,379,1,0,3,1e-12,0.00296505,0,2.78533e-12,4.24217e-13
LAPACK,380,1,0,3,1e-12,0.00294407,0,2.95586e-12,3.64615e-13
LAPACK,381,1,0,3,1e-12,0.00296807,0,2.84217e-12,4.13903e-13
LAPACK,382,1,0,3,1e-12,0.00300677,0,2.16005e-12,4.12951e-13
LAPACK,383,1,0,3,1e-12,0.00304416,0,2.21689e-12,4.25706e-13
LAPACK,384,1,0,3,1e-12,0.00304839,0,2.16005e-12,3.60862e-13
LAPACK,385,1,0,3,1e-12,0.00300268,0,2.07123e-12,3.51325e-13
LAPACK,386,1,0,3,1e-12,0.00304912,0,2.95586e-12,4.17049e-13
LAPACK,387,1,0,3,1e-12,0.00306689,0,1.89004e-12,4.32858e-13
LAPACK,388,1,0,3,1e-12,0.00309186,0,2.17426e-12,4.23871e-13
LAPACK,389,1,0,3,1e-12,0.00312203,0,2.50111e-12,3.9328e-13
LAPACK,390,1,0,3,1e-12,0.00311238,0,3.09797e-12,3.69359e-13
LAPACK,391,1,0,3,1e-12,0.00313373,0,3.52429e-12,3.95741e-13
LAPACK,392,1,0,3,1e-12,0.00315594,0,2.50111e-12,3.97774e-13
LAPACK,393,1,0,3,1e-12,0.00317167,0,2.16005e-12,3.65157e-13
LAPACK,394,1,0,3,1e-12,0.00318236,0,2.50111e-12,4.09008e-13
LAPACK,395,1,0,3,1e-12,0.00318752,0,2.43006e-12,3.83099e-13
LAPACK,396,1,0,3,1e-12,0.0032094,0,2.55795e-12,3.98787e-13
LAPACK,397,1,0,3,1e-12,0.00325467,0,4.09273e-12,4.21699e-13
LAPACK,398,1,0,3,1e-12,0.00321608,0,2.52953e-12,3.57463e-13
LAPACK,399,1,0,3,1e-12,0.00330501,0,1.93268e-12,4.05286e-13
LAPACK,400,1,0,3,1e-12,0.00331123,0,3.63798e-12,3.83927e-13
LAPACK,401,1,0,3,1e-12,0.00332011,0,3.18323e-12,4.27091e-13
LAPACK,402,1,0,3,1e-12,0.00332944,0,2.38742e-12,3.859e-13
LAPACK,403,1,0,3,1e-12,0.00333167,0,2.08189e-12,4.15764e-13
LAPACK,404,1,0,3,1e-12,0.00331587,0,1.9611e-12,3.79122e-13
LAPACK,405,1,0,3,1e-12,0.00336727,0,2.6148e-12,3.83388e-13
LAPACK,406,1,0,3,1e-12,0.00335389,0,2.89901e-12,4.64478e-13
LAPACK,407,1,0,3,1e-12,0.00337825,0,2.67164e-12,4.0069e-13
LAPACK,408,1,0,3,1e-12,0.00341853,0,2.89901e-12,3.74017e-13
LAPACK,409,1,0,3,1e-12,0.00338281,0,2.04636e-12,3.56988e-13
LAPACK,410,1,0,3,1e-12,0.00341174,0,2.50111e-12,3.70752e-13
LAPACK,411,1,0,3,1e-12,0.00344412,0,2.6148e-12,4.33872e-13
LAPACK,412,1,0,3,1e-12,0.00346065,0,2.27374e-12,4.12476e-13
LAPACK,413,1,0,3,1e-12,0.00344747,0,1.7053e-12,3.82289e-13
LAPACK,414,1,0,3,1e-12,0.00349159,0,2.38742e-12,3.82296e-13
LAPACK,415,1,0,3,1e-12,0.00348034,0,2.95586e-12,3.94539e-13
LAPACK,416,1,0,3,1e-12,0.00351983,0,2.78799e-12,4.35091e-13
LAPACK,417,1,0,3,1e-12,0.00354871,0,2.87059e-12,4.44419e-13
LAPACK,418,1,0,3,1e-12,0.00352491,0,3.63798e-12,3.8356e-13
LAPACK,419,1,0,3,1e-12,0.00359176,0,2.95586e-12,4.51217e-13
LAPACK,420,1,0,3,1e-12,0.00358009,0,2.84217e-12,4.08084e-13
LAPACK,421,1,0,3,1e-12,0.00360158,0,2.89901e-12,4.13795e-13
LAPACK,422,1,0,3,1e-12,0.00362872,0,2.38742e-12,4.10865e-13
LAPACK,423,1,0,3,1e-12,0.00363755,0,2.95586e-12,4.22244e-13
LAPACK,424,1,0,3,1e-12,0.00363911,0,2.84217e-12,3.67031e-13
LAPACK,425,1,0,3,1e-12,0.00365991,0,2.50111e-12,3.83894e-13
LAPACK,426,1,0,3,1e-12,0.00369061,0,2.16005e-12,3.73882e-13
LAPACK,427,1,0,3,1e-12,0.00367854,0,2.38742e-12,3.388e-13
LAPACK,428,1,0,3,1e-12,0.00371829,0,2.45848e-12,4.23716e-13
LAPACK,429,1,0,3,1e-12,0.00373918,0,2.04636e-12,3.99934e-13
LAPACK,430,1,0,3,1e-12,0.00375599,0,2.31637e-12,3.90392e-13
LAPACK,431,1,0,3,1e-12,0.00375638,0,2.72848e-12,4.10861e-13
LAPACK,432,1,0,3,1e-12,0.00375308,0,2.27374e-12,4.13854e-13
LAPACK,433,1,0,3,1e-12,0.00381059,0,2.41585e-12,4.09281e-13
LAPACK,434,1,0,3,1e-12,0.00382355,0,2.27374e-12,3.71433e-13
LAPACK,435,1,0,3,1e-12,0.00384835,0,3.06954e-12,4.12372e-13
LAPACK,436,1,0,3,1e-12,0.00384555,0,2.10321e-12,4.03805e-13
LAPACK,437,1,0,3,1e-12,0.00387061,0,2.95586e-12,3.94111e-13
LAPACK,438,1,0,3,1e-12,0.00386958,0,2.72848e-12,3.78963e-13
LAPACK,439,1,0,3,1e-12,0.0038922,0,3.46745e-12,3.77363e-13
LAPACK,440,1,0,3,1e-12,0.00388592,0,2.6148e-12,3.80057e-13
LAPACK,441,1,0,3,1e-12,0.00393413,0,2.27374e-12,3.81191e-13
LAPACK,442,1,0,3,1e-12,0.00398056,0,2.33058e-12,4.24358e-13
LAPACK,443,1,0,3,1e-12,0.00394247,0,3.29692e-12,4.2816e-13
LAPACK,444,1,0,3,1e-12,0.00399476,0,5.11591e-12,4.1866e-13
LAPACK,445,1,0,3,1e-12,0.00400854,0,2.16005e-12,3.78503e-13
LAPACK,446,1,0,3,1e-12,0.00402563,0,2.50111e-12,3.92657e-13
LAPACK,447,1,0,3,1e-12,0.00401953,0,2.04636e-12,3.93257e-13
LAPACK,448,1,0,3,1e-12,0.00404396,0,3.4337e-12,4.21669e-13
LAPACK,449,1,0,3,1e-12,0.00408901,0,2.27107e-12,4.02416e-13
LAPACK,450,1,0,3,1e-12,0.00407874,0,2.44427e-12,4.2921e-13
LAPACK,451,1,0,3,1e-12,0.00412298,0,3.18323e-12,4.58117e-13
LAPACK,452,1,0,3,1e-12,0.00413538,0,2.16005e-12,4.21515e-13
LAPACK,453,1,0,3,1e-12,0.00412555,0,2.37321e-12,3.86289e-13
LAPACK,454,1,0,3,1e-12,0.00414348,0,3.52429e-12,3.94225e-13
LAPACK,455,1,0,3,1e-12,0.00415345,0,2.27374e-12,3.99507e-13
LAPACK,456,1,0,3,1e-12,0.00416677,0,2.04636e-12,3.82144e-13
LAPACK,457,1,0,3,1e-12,0.00422914,0,2.21689e-12,3.89788e-13
LAPACK,458,1,0,3,1e-12,0.00423471,0,3.06954e-12,3.9111e-13
LAPACK,459,1,0,3,1e-12,0.0042465,0,1.93268e-12,3.84709e-13
LAPACK,460,1,0,3,1e-12,0.00427918,0,2.44427e-12,3.96673e-13
LAPACK,461,1,0,3,1e-12,0.00425153,0,2.18847e-12,3.97411e-13
LAPACK,462,1,0,3,1e-12,0.00431066,0,3.06954e-12,4.27558e-13
LAPACK,463,1,0,3,1e-12,0.00430272,0,2.95586e-12,4.10116e-13
LAPACK,464,1,0,3,1e-12,0.00433784,0,2.79954e-12,4.0975e-13
LAPACK,465,1,0,3,1e-12,0.00438594,0,2.38742e-12,3.87181e-13
LAPACK,466,1,0,3,1e-12,0.00437951,0,2.84217e-12,4.26098e-13
LAPACK,467,1,0,3,1e-12,0.00436085,0,2.95586e-12,3.97101e-13
LAPACK,468,1,0,3,1e-12,0.00438744,0,3.18323e-12,4.09102e-13
LAPACK,469,1,0,3,1e-12,0.0044294,0,2.17426e-12,3.87788e-13
LAPACK,470,1,0,3,1e-12,0.00442242,0,1.93268e-12,4.05185e-13
LAPACK,471,1,0,3,1e-12,0.00448569,0,2.27374e-12,3.76739e-13
LAPACK,472,1,0,3,1e-12,0.00451264,0,2.25242e-12,4.31649e-13
LAPACK,473,1,0,3,1e-12,0.00446493,0,2.50111e-12,3.87749e-13
LAPACK,474,1,0,3,1e-12,0.0045275,0,1.86162e-12,3.70988e-13
LAPACK,475,1,0,3,1e-12,0.00453815,0,3.29692e-12,3.96808e-13
LAPACK,476,1,0,3,1e-12,0.00456191,0,2.50111e-12,3.80078e-13
LAPACK,477,1,0,3,1e-12,0.00460533,0,2.38742e-12,4.25288e-13
LAPACK,478,1,0,3,1e-12,0.00457381,0,3.06954e-12,3.93195e-13
LAPACK,479,1,0,3,1e-12,0.004626,0,2.71072e-12,3.73983e-13
LAPACK,480,1,0,3,1e-12,0.00461009,0,2.84217e-12,4.02158e-13
LAPACK,481,1,0,3,1e-12,0.00463322,0,3.80851e-12,4.29456e-13
LAPACK,482,1,0,3,1e-12,0.00467495,0,3.41061e-12,4.23109e-13
LAPACK,483,1,0,3,1e-12,0.00469618,0,3.06954e-12,4.1127e-13
LAPACK,484,1,0,3,1e-12,0.0047065,0,3.18323e-12,4.35279e-13
LAPACK,485,1,0,3,1e-12,0.00472676,0,2.6148e-12,4.09161e-13
LAPACK,486,1,0,3,1e-12,0.00473527,0,2.50111e-12,4.36395e-13
LAPACK,487,1,0,3,1e-12,0.00478457,0,1.93268e-12,3.84464e-13
LAPACK,488,1,0,3,1e-12,0.00475519,0,2.89191e-12,4.32625e-13
LAPACK,489,1,0,3,1e-12,0.00479778,0,2.5242e-12,4.00799e-13
LAPACK,490,1,0,3,1e-12,0.00485768,0,2.89901e-12,4.33311e-13
LAPACK,491,1,0,3,1e-12,0.00481734,0,2.44427e-12,3.99238e-13
LAPACK,492,1,0,3,1e-12,0.00487428,0,2.27374e-12,3.95369e-13
LAPACK,493,1,0,3,1e-12,0.00491077,0,2.52776e-12,3.95402e-13
LAPACK,494,1,0,3,1e-12,0.00490241,0,2.50111e-12,3.90514e-13
LAPACK,495,1,0,3,1e-12,0.00486843,0,2.84217e-12,4.06431e-13
LAPACK,496,1,0,3,1e-12,0.00493378,0,2.00373e-12,4.31585e-13
LAPACK,497,1,0,3,1e-12,0.00497575,0,1.93268e-12,4.04579e-13
LAPACK,498,1,0,3,1e-12,0.00500809,0,2.38742e-12,3.67435e-13
LAPACK,499,1,0,3,1e-12,0.00498356,0,2.94165e-12,4.36755e-13
LAPACK,500,1,0,3,1e-12,0.00500868,0,2.95586e-12,4.20978e-13
LAPACK,501,1,0,3,1e-12,0.00505652,0,2.95586e-12,4.20741e-13
LAPACK,502,1,0,3,1e-12,0.00503325,0,2.50111e-12,4.20029e-13
LAPACK,503,1,0,3,1e-12,0.00505689,0,2.27374e-12,3.81885e-13
LAPACK,504,1,0,3,1e-12,0.005111,0,2.58638e-12,3.85186e-13
LAPACK,505,1,0,3,1e-12,0.00506955,0,2.99849e-12,4.39365e-13
LAPACK,506,1,0,3,1e-12,0.00510103,0,2.95586e-12,4.06656e-13
LAPACK,507,1,0,3,1e-12,0.00513065,0,2.27374e-12,4.58101e-13
LAPACK,508,1,0,3,1e-12,0.00516945,0,3.04112e-12,4.29808e-13
LAPACK,509,1,0,3,1e-12,0.00516627,0,2.87548e-12,4.31027e-13
LAPACK,510,1,0,3,1e-12,0.00518039,0,3.35376e-12,3.93679e-13
LAPACK,511,1,0,3,1e-12,0.00526876,0,2.92744e-12,4.16995e-13
LAPACK,512,1,0,3,1e-12,0.00519885,0,2.72848e-12,4.1764e-13
LAPACK,513,1,0,3,1e-12,0.00524261,0,3.06954e-12,4.18995e-13
LAPACK,514,1,0,3,1e-12,0.0052801,0,2.49401e-12,4.03395e-13
LAPACK,515,1,0,3,1e-12,0.0052983,0,2.64322e-12,4.35695e-13
LAPACK,516,1,0,3,1e-12,0.00531722,0,2.89901e-12,3.84289e-13
LAPACK,517,1,0,3,1e-12,0.00535148,0,3.34666e-12,4.04215e-13
LAPACK,518,1,0,3,1e-12,0.00535279,0,2.50111e-12,4.05059e-13
LAPACK,519,1,0,3,1e-12,0.00543446,0,3.97904e-12,4.07827e-13
LAPACK,520,1,0,3,1e-12,0.00542564,0,2.6148e-12,4.28544e-13
LAPACK,521,1,0,3,1e-12,0.00543527,0,2.6148e-12,3.95657e-13
LAPACK,522,1,0,3,1e-12,0.00541678,0,3.69482e-12,4.28284e-13
LAPACK,523,1,0,3,1e-12,0.00551802,0,2.359e-12,4.47428e-13
LAPACK,524,1,0,3,1e-12,0.00546515,0,3.15481e-12,3.96592e-13
LAPACK,525,1,0,3,1e-12,0.00550865,0,3.41061e-12,4.11779e-13
LAPACK,526,1,0,3,1e-12,0.00548511,0,3.2081e-12,4.0609e-13
LAPACK,527,1,0,3,1e-12,0.00551946,0,3.04823e-12,3.97422e-13
LAPACK,528,1,0,3,1e-12,0.00554577,0,2.77112e-12,4.00859e-13
LAPACK,529,1,0,3,1e-12,0.0056226,0,3.60956e-12,4.06993e-13
LAPACK,530,1,0,3,1e-12,0.0055953,0,2.6148e-12,4.04306e-13
LAPACK,531,1,0,3,1e-12,0.00564782,0,2.21689e-12,4.03693e-13
LAPACK,532,1,0,3,1e-12,0.00561467,0,3.69482e-12,4.25604e-13
LAPACK,533,1,0,3,1e-12,0.00571017,0,4.09273e-12,4.46722e-13
LAPACK,534,1,0,3,1e-12,0.00572443,0,2.67164e-12,4.25938e-13
LAPACK,535,1,0,3,1e-12,0.00572521,0,3.89377e-12,4.22499e-13
LAPACK,536,1,0,3,1e-12,0.00570167,0,2.50111e-12,4.37149e-13
LAPACK,537,1,0,3,1e-12,0.00573059,0,3.97904e-12,4.02342e-13
LAPACK,538,1,0,3,1e-12,0.00578392,0,2.64322e-12,3.90526e-13
LAPACK,539,1,0,3,1e-12,0.00584946,0,2.33058e-12,4.12163e-13
LAPACK,540,1,0,3,1e-12,0.00582124,0,3.29692e-12,4.25574e-13
LAPACK,541,1,0,3,1e-12,0.00579544,0,3.29692e-12,4.14819e-13
LAPACK,542,1,0,3,1e-12,0.00580142,0,3.06954e-12,4.32856e-13
LAPACK,543,1,0,3,1e-12,0.0058575,0,2.50111e-12,3.9687e-13
LAPACK,544,1,0,3,1e-12,0.00587783,0,2.84217e-12,4.04985e-13
LAPACK,545,1,0,3,1e-12,0.00589167,0,4.07852e-12,4.11672e-13
LAPACK,546,1,0,3,1e-12,0.00591385,0,3.29692e-12,4.28249e-13
LAPACK,547,1,0,3,1e-12,0.00594133,0,2.6148e-12,4.39214e-13
LAPACK,548,1,0,3,1e-12,0.0059637,0,3.75167e-12,4.03469e-13
LAPACK,549,1,0,3,1e-12,0.00600885,0,3.25429e-12,3.91474e-13
LAPACK,550,1,0,3,1e-12,0.00606383,0,2.61835e-12,4.07405e-13
LAPACK,551,1,0,3,1e-12,0.00600623,0,2.6219e-12,4.04335e-13
LAPACK,552,1,0,3,1e-12,0.00606943,0,2.50111e-12,4.07226e-13
LAPACK,553,1,0,3,1e-12,0.00611907,0,3.80851e-12,4.76307e-13
LAPACK,554,1,0,3,1e-12,0.00612748,0,3.18323e-12,3.98566e-13
LAPACK,555,1,0,3,1e-12,0.00609606,0,2.72848e-12,4.35838e-13
LAPACK,556,1,0,3,1e-12,0.00617854,0,2.58638e-12,4.70959e-13
LAPACK,557,1,0,3,1e-12,0.00611618,0,2.72848e-12,4.24119e-13
LAPACK,558,1,0,3,1e-12,0.00617623,0,3.41061e-12,4.37937e-13
LAPACK,559,1,0,3,1e-12,0.00618432,0,2.92744e-12,4.16515e-13
LAPACK,560,1,0,3,1e-12,0.00627794,0,3.52429e-12,4.33974e-13
LAPACK,561,1,0,3,1e-12,0.00619899,0,3.2685e-12,4.40801e-13
LAPACK,562,1,0,3,1e-12,0.00625341,0,1.98952e-12,4.15261e-13
LAPACK,563,1,0,3,1e-12,0.00633223,0,2.72848e-12,4.23152e-13
LAPACK,564,1,0,3,1e-12,0.00632138,0,2.57216e-12,4.04051e-13
LAPACK,565,1,0,3,1e-12,0.00634023,0,4.09273e-12,4.2333e-13
LAPACK,566,1,0,3,1e-12,0.00636132,0,2.72848e-12,4.1417e-13
LAPACK,567,1,0,3,1e-12,0.00635055,0,3.06954e-12,4.42213e-13
LAPACK,568,1,0,3,1e-12,0.00637974,0,3.52429e-12,4.05986e-13
LAPACK,569,1,0,3,1e-12,0.00638214,0,3.06954e-12,3.94207e-13
LAPACK,570,1,0,3,1e-12,0.00642052,0,2.72848e-12,4.15955e-13
LAPACK,571,1,0,3,1e-12,0.00647316,0,3.80851e-12,4.05881e-13
LAPACK,572,1,0,3,1e-12,0.00645523,0,2.89901e-12,4.21705e-13
LAPACK,573,1,0,3,1e-12,0.00651728,0,2.87059e-12,4.23084e-13
LAPACK,574,1,0,3,1e-12,0.00653132,0,4.09273e-12,4.29662e-13
LAPACK,575,1,0,3,1e-12,0.00646475,0,2.72848e-12,4.21702e-13
LAPACK,576,1,0,3,1e-12,0.00661154,0,3.06954e-12,4.00101e-13
LAPACK,577,1,0,3,1e-12,0.00659032,0,2.95586e-12,4.33677e-13
LAPACK,578,1,0,3,1e-12,0.00660151,0,2.71427e-12,4.07389e-13
LAPACK,579,1,0,3,1e-12,0.00659475,0,3.12639e-12,4.38556e-13
LAPACK,580,1,0,3,1e-12,0.0066708,0,3.06954e-12,4.36555e-13
LAPACK,581,1,0,3,1e-12,0.00667022,0,2.72848e-12,4.15366e-13
LAPACK,582,1,0,3,1e-12,0.00667218,0,2.16005e-12,4.08299e-13
LAPACK,583,1,0,3,1e-12,0.00672694,0,3.18323e-12,4.32061e-13
LAPACK,584,1,0,3,1e-12,0.0067353,0,3.0127e-12,4.21028e-13
LAPACK,585,1,0,3,1e-12,0.00676848,0,2.95586e-12,4.22831e-13
LAPACK,586,1,0,3,1e-12,0.00674849,0,2.50111e-12,4.09556e-13
LAPACK,587,1,0,3,1e-12,0.00678507,0,2.98428e-12,4.36397e-13
LAPACK,588,1,0,3,1e-12,0.00688247,0,3.43903e-12,4.39102e-13
LAPACK,589,1,0,3,1e-12,0.00691531,0,2.6148e-12,4.40055e-13
LAPACK,590,1,0,3,1e-12,0.00690155,0,3.18323e-12,4.23475e-13
LAPACK,591,1,0,3,1e-12,0.00686719,0,3.35376e-12,4.06753e-13
LAPACK,592,1,0,3,1e-12,0.00692957,0,2.38742e-12,3.84382e-13
LAPACK,593,1,0,3,1e-12,0.0068971,0,4.83169e-12,4.04118e-13
LAPACK,594,1,0,3,1e-12,0.00694172,0,2.84217e-12,4.26477e-13
LAPACK,595,1,0,3,1e-12,0.00702386,0,2.94165e-12,3.8908e-13
LAPACK,596,1,0,3,1e-12,0.00702716,0,3.63798e-12,4.12836e-13
LAPACK,597,1,0,3,1e-12,0.00702692,0,3.06954e-12,4.04242e-13
LAPACK,598,1,0,3,1e-12,0.0070734,0,3.63798e-12,4.18733e-13
LAPACK,599,1,0,3,1e-12,0.00705786,0,2.7498e-12,4.16963e-13
LAPACK,600,1,0,3,1e-12,0.0070841,0,3.29692e-12,4.32921e-13
LAPACK,601,1,0,3,1e-12,0.00720731,0,3.09797e-12,4.09694e-13
LAPACK,602,1,0,3,1e-12,0.00720679,0,2.95586e-12,4.177e-13
LAPACK,603,1,0,3,1e-12,0.00724986,0,2.84217e-12,3.76135e-13
LAPACK,604,1,0,3,1e-12,0.00714043,0,3.41061e-12,4.12683e-13
LAPACK,605,1,0,3,1e-12,0.00726243,0,2.84217e-12,3.96088e-13
LAPACK,606,1,0,3,1e-12,0.00727635,0,3.06954e-12,4.4428e-13
LAPACK,607,1,0,3,1e-12,0.00734643,0,3.25429e-12,4.38615e-13
LAPACK,608,1,0,3,1e-12,0.00729188,0,3.04112e-12,4.34991e-13
LAPACK,609,1,0,3,1e-12,0.00732744,0,2.72848e-12,4.10859e-13
LAPACK,610,1,0,3,1e-12,0.00742279,0,2.41585e-12,3.98466e-13
LAPACK,611,1,0,3,1e-12,0.00747071,0,3.58114e-12,4.18704e-13
LAPACK,612,1,0,3,1e-12,0.00743288,0,3.49587e-12,4.50911e-13
LAPACK,613,1,0,3,1e-12,0.0074718,0,6.48015e-12,4.04482e-13
LAPACK,614,1,0,3,1e-12,0.00745058,0,2.37321e-12,4.03088e-13
LAPACK,615,1,0,3,1e-12,0.00752622,0,2.6148e-12,4.1411e-13
LAPACK,616,1,0,3,1e-12,0.00747941,0,3.32534e-12,4.33031e-13
LAPACK,617,1,0,3,1e-12,0.00751997,0,2.27374e-12,4.01863e-13
LAPACK,618,1,0,3,1e-12,0.00754406,0,3.63798e-12,4.21325e-13
LAPACK,619,1,0,3,1e-12,0.0075651,0,2.50111e-12,4.12284e-13
LAPACK,620,1,0,3,1e-12,0.00754814,0,2.95586e-12,4.06108e-13
LAPACK,621,1,0,3,1e-12,0.00763536,0,2.95586e-12,4.18273e-13
LAPACK,622,1,0,3,1e-12,0.00764433,0,3.18323e-12,4.31852e-13
LAPACK,623,1,0,3,1e-12,0.00767484,0,2.6148e-12,4.24214e-13
LAPACK,624,1,0,3,1e-12,0.00769333,0,3.63798e-12,4.149e-13
LAPACK,625,1,0,3,1e-12,0.00773074,0,2.6148e-12,3.77104e-13
LAPACK,626,1,0,3,1e-12,0.00769827,0,4.09273e-12,4.09891e-13
LAPACK,627,1,0,3,1e-12,0.0077081,0,3.18323e-12,4.25165e-13
LAPACK,628,1,0,3,1e-12,0.00770312,0,2.84217e-12,4.31455e-13
LAPACK,629,1,0,3,1e-12,0.00776912,0,4.26326e-12,4.33914e-13
LAPACK,630,1,0,3,1e-12,0.00785845,0,4.09273e-12,4.05905e-13
LAPACK,631,1,0,3,1e-12,0.00778087,0,3.41061e-12,4.33899e-13
LAPACK,632,1,0,3,1e-12,0.0078524,0,2.52953e-12,4.08836e-13
LAPACK,633,1,0,3,1e-12,0.00783907,0,2.94165e-12,4.30151e-13
LAPACK,634,1,0,3,1e-12,0.00789795,0,4.68958e-12,4.30274e-13
LAPACK,635,1,0,3,1e-12,0.00790214,0,3.18323e-12,4.27329e-13
LAPACK,636,1,0,3,1e-12,0.00797308,0,3.41061e-12,4.38595e-13
LAPACK,637,1,0,3,1e-12,0.00797366,0,3.29692e-12,4.68064e-13
LAPACK,638,1,0,3,1e-12,0.00811226,0,3.06954e-12,4.42731e-13
LAPACK,639,1,0,3,1e-12,0.00800698,0,2.95586e-12,4.13357e-13
LAPACK,640,1,0,3,1e-12,0.00806598,0,2.95586e-12,4.40916e-13
LAPACK,641,1,0,3,1e-12,0.00803909,0,3.04823e-12,4.24437e-13
LAPACK,642,1,0,3,1e-12,0.00807412,0,2.95586e-12,4.31604e-13
LAPACK,643,1,0,3,1e-12,0.00815936,0,2.70006e-12,4.22431e-13
LAPACK,644,1,0,3,1e-12,0.00822039,0,4.66116e-12,4.27883e-13
LAPACK,645,1,0,3,1e-12,0.00819098,0,3.29692e-12,4.41473e-13
LAPACK,646,1,0,3,1e-12,0.0081577,0,3.12639e-12,4.11965e-13
LAPACK,647,1,0,3,1e-12,0.00826567,0,3.18323e-12,4.16146e-13
LAPACK,648,1,0,3,1e-12,0.00826308,0,3.22586e-12,4.40774e-13
LAPACK,649,1,0,3,1e-12,0.00829529,0,3.97904e-12,4.40441e-13
LAPACK,650,1,0,3,1e-12,0.00822878,0,2.72848e-12,4.15174e-13
LAPACK,651,1,0,3,1e-12,0.00834753,0,3.41061e-12,4.42045e-13
LAPACK,652,1,0,3,1e-12,0.00841801,0,2.38742e-12,4.09133e-13
LAPACK,653,1,0,3,1e-12,0.00843202,0,3.63798e-12,4.415e-13
LAPACK,654,1,0,3,1e-12,0.00836211,0,3.97904e-12,4.08318e-13
LAPACK,655,1,0,3,1e-12,0.00839747,0,3.06954e-12,4.33296e-13
LAPACK,656,1,0,3,1e-12,0.00853699,0,3.86535e-12,4.13303e-13
LAPACK,657,1,0,3,1e-12,0.00849727,0,3.18323e-12,4.11005e-13
LAPACK,658,1,0,3,1e-12,0.00856896,0,5.57066e-12,4.40267e-13
LAPACK,659,1,0,3,1e-12,0.00848214,0,2.84217e-12,4.48387e-13
LAPACK,660,1,0,3,1e-12,0.00857258,0,3.52429e-12,4.13192e-13
LAPACK,661,1,0,3,1e-12,0.00867006,0,2.72848e-12,4.6917e-13
LAPACK,662,1,0,3,1e-12,0.00863247,0,3.15481e-12,4.24176e-13
LAPACK,663,1,0,3,1e-12,0.00867285,0,2.6148e-12,4.24359e-13
LAPACK,664,1,0,3,1e-12,0.00871265,0,4.49063e-12,4.33637e-13
LAPACK,665,1,0,3,1e-12,0.00873925,0,3.38218e-12,4.73046e-13
LAPACK,666,1,0,3,1e-12,0.00867062,0,4.23483e-12,4.21162e-13
LAPACK,667,1,0,3,1e-12,0.00874561,0,2.84217e-12,4.20126e-13
LAPACK,668,1,0,3,1e-12,0.00877816,0,4.26326e-12,4.37886e-13
LAPACK,669,1,0,3,1e-12,0.00881953,0,2.95586e-12,4.25593e-13
LAPACK,670,1,0,3,1e-12,0.00882383,0,3.69482e-12,4.51515e-13
LAPACK,671,1,0,3,1e-12,0.0088313,0,3.83693e-12,4.23613e-13
LAPACK,672,1,0,3,1e-12,0.0088959,0,3.86535e-12,4.21744e-13
LAPACK,673,1,0,3,1e-12,0.00900058,0,2.92388e-12,4.4404e-13
LAPACK,674,1,0,3,1e-12,0.00890082,0,3.29692e-12,4.03967e-13
LAPACK,675,1,0,3,1e-12,0.00894556,0,3.12639e-12,4.0447e-13
LAPACK,676,1,0,3,1e-12,0.00898693,0,3.63798e-12,4.28126e-13
LAPACK,677,1,0,3,1e-12,0.00892493,0,3.24007e-12,4.66559e-13
LAPACK,678,1,0,3,1e-12,0.00908805,0,2.91323e-12,4.83398e-13
LAPACK,679,1,0,3,1e-12,0.00898529,0,5.45697e-12,4.38185e-13
LAPACK,680,1,0,3,1e-12,0.00895988,0,3.05533e-12,4.30591e-13
LAPACK,681,1,0,3,1e-12,0.0089979,0,2.54374e-12,4.22502e-13
LAPACK,682,1,0,3,1e-12,0.00900576,0,5.11591e-12,4.74796e-13
LAPACK,683,1,0,3,1e-12,0.00915201,0,2.51532e-12,4.24851e-13
LAPACK,684,1,0,3,1e-12,0.00915078,0,2.95586e-12,4.38506e-13
LAPACK,685,1,0,3,1e-12,0.00912064,0,3.41061e-12,4.18851e-13
LAPACK,686,1,0,3,1e-12,0.00917667,0,3.97904e-12,4.12945e-13
LAPACK,687,1,0,3,1e-12,0.00918585,0,3.41061e-12,4.44874e-13
LAPACK,688,1,0,3,1e-12,0.00926881,0,3.75167e-12,4.47709e-13
LAPACK,689,1,0,3,1e-12,0.00923781,0,2.67164e-12,4.73519e-13
LAPACK,690,1,0,3,1e-12,0.00926995,0,3.82983e-12,4.47826e-13
LAPACK,691,1,0,3,1e-12,0.00938765,0,5.68434e-12,8.17733e-13
LAPACK,692,1,0,3,1e-12,0.00939765,0,3.63798e-12,4.80007e-13
LAPACK,693,1,0,3,1e-12,0.0093911,0,3.36797e-12,4.45529e-13
LAPACK,694,1,0,3,1e-12,0.00941275,0,3.43903e-12,4.36357e-13
LAPACK,695,1,0,3,1e-12,0.00937977,0,3.29692e-12,4.44163e-13
LAPACK,696,1,0,3,1e-12,0.00941059,0,5.34328e-12,4.16278e-13
LAPACK,697,1,0,3,1e-12,0.00947562,0,2.82085e-12,4.2106e-13
LAPACK,698,1,0,3,1e-12,0.00956688,0,3.29692e-12,4.81509e-13
LAPACK,699,1,0,3,1e-12,0.00949141,0,3.12639e-12,4.27442e-13
LAPACK,700,1,0,3,1e-12,0.00958613,0,3.29692e-12,4.33687e-13
LAPACK,701,1,0,3,1e-12,0.00948676,0,3.29692e-12,4.08675e-13
LAPACK,702,1,0,3,1e-12,0.00963159,0,3.41061e-12,3.97122e-13
LAPACK,703,1,0,3,1e-12,0.00969945,0,3.0127e-12,4.73824e-13
LAPACK,704,1,0,3,1e-12,0.00975072,0,2.89901e-12,4.34848e-13
LAPACK,705,1,0,3,1e-12,0.0096942,0,3.63798e-12,4.60475e-13
LAPACK,706,1,0,3,1e-12,0.0097422,0,3.63798e-12,4.18163e-13
LAPACK,707,1,0,3,1e-12,0.00972497,0,3.46745e-12,4.15674e-13
LAPACK,708,1,0,3,1e-12,0.00983174,0,2.72848e-12,4.20898e-13
LAPACK,709,1,0,3,1e-12,0.00979112,0,4.60432e-12,4.36319e-13
LAPACK,710,1,0,3,1e-12,0.00988401,0,3.52429e-12,4.70413e-13
LAPACK,711,1,0,3,1e-12,0.00987638,0,3.06954e-12,4.39174e-13
LAPACK,712,1,0,3,1e-12,0.00992044,0,3.86535e-12,4.33062e-13
LAPACK,713,1,0,3,1e-12,0.00980525,0,3.52429e-12,4.22002e-13
LAPACK,714,1,0,3,1e-12,0.010004,0,3.75167e-12,4.83993e-13
LAPACK,715,1,0,3,1e-12,0.0100299,0,3.32534e-12,4.68202e-13
LAPACK,716,1,0,3,1e-12,0.00996511,0,3.16902e-12,4.5433e-13
LAPACK,717,1,0,3,1e-12,0.010112,0,7.04858e-12,7.81615e-13
LAPACK,718,1,0,3,1e-12,0.0100464,0,3.43903e-12,4.30345e-13
LAPACK,719,1,0,3,1e-12,0.0100353,0,2.50111e-12,4.11069e-13
LAPACK,720,1,0,3,1e-12,0.0100564,0,2.55795e-12,4.52008e-13
LAPACK,721,1,0,3,1e-12,0.0101582,0,3.52429e-12,4.5571e-13
LAPACK,722,1,0,3,1e-12,0.0101676,0,3.41061e-12,4.49874e-13
LAPACK,723,1,0,3,1e-12,0.010179,0,4.54747e-12,4.11315e-13
LAPACK,724,1,0,3,1e-12,0.0101651,0,3.63798e-12,4.4987e-13
LAPACK,725,1,0,3,1e-12,0.0102589,0,3.41061e-12,4.47091e-13
LAPACK,726,1,0,3,1e-12,0.0103061,0,5.51381e-12,4.26048e-13
LAPACK,727,1,0,3,1e-12,0.0102021,0,4.70379e-12,4.20702e-13
LAPACK,728,1,0,3,1e-12,0.0103096,0,4.718e-12,4.6922e-13
LAPACK,729,1,0,3,1e-12,0.0102814,0,4.12115e-12,4.29843e-13
LAPACK,730,1,0,3,1e-12,0.0103534,0,3.68061e-12,4.54801e-13
LAPACK,731,1,0,3,1e-12,0.0103675,0,5.25802e-12,4.15685e-13
LAPACK,732,1,0,3,1e-12,0.0104362,0,4.77129e-12,4.75451e-13
LAPACK,733,1,0,3,1e-12,0.0104441,0,4.09273e-12,4.08841e-13
LAPACK,734,1,0,3,1e-12,0.0104766,0,3.18323e-12,4.40205e-13
LAPACK,735,1,0,3,1e-12,0.0104638,0,4.12115e-12,4.43287e-13
LAPACK,736,1,0,3,1e-12,0.0105352,0,3.75167e-12,4.11084e-13
LAPACK,737,1,0,3,1e-12,0.0106067,0,3.35376e-12,4.00791e-13
LAPACK,738,1,0,3,1e-12,0.010659,0,3.75167e-12,4.29962e-13
LAPACK,739,1,0,3,1e-12,0.0105494,0,3.52429e-12,4.56698e-13
LAPACK,740,1,0,3,1e-12,0.010643,0,2.72848e-12,4.21665e-13
LAPACK,741,1,0,3,1e-12,0.0107081,0,2.98428e-12,4.57054e-13
LAPACK,742,1,0,3,1e-12,0.0106886,0,4.20641e-12,4.25315e-13
LAPACK,743,1,0,3,1e-12,0.0106885,0,4.77485e-12,4.58056e-13
LAPACK,744,1,0,3,1e-12,0.0108933,0,3.69482e-12,4.45851e-13
LAPACK,745,1,0,3,1e-12,0.0107416,0,2.77112e-12,4.17616e-13
LAPACK,746,1,0,3,1e-12,0.0107085,0,3.49942e-12,4.54753e-13
LAPACK,747,1,0,3,1e-12,0.0108618,0,3.97904e-12,4.57487e-13
LAPACK,748,1,0,3,1e-12,0.0108033,0,3.52429e-12,4.20569e-13
LAPACK,749,1,0,3,1e-12,0.0108775,0,3.29692e-12,4.41973e-13
LAPACK,750,1,0,3,1e-12,0.0109614,0,2.71427e-12,4.41867e-13
LAPACK,751,1,0,3,1e-12,0.0109377,0,3.46745e-12,4.45553e-13
LAPACK,752,1,0,3,1e-12,0.0108889,0,2.84217e-12,4.4602e-13
LAPACK,753,1,0,3,1e-12,0.0109404,0,4.88853e-12,4.2113e-13
LAPACK,754,1,0,3,1e-12,0.0110379,0,3.06954e-12,4.17209e-13
LAPACK,755,1,0,3,1e-12,0.0111327,0,3.06954e-12,4.30845e-13
LAPACK,756,1,0,3,1e-12,0.011042,0,3.75167e-12,4.36512e-13
LAPACK,757,1,0,3,1e-12,0.0109922,0,3.34666e-12,4.24608e-13
LAPACK,758,1,0,3,1e-12,0.0111027,0,3.63798e-12,4.1206e-13
LAPACK,759,1,0,3,1e-12,0.0111963,0,4.3201e-12,4.54514e-13
LAPACK,760,1,0,3,1e-12,0.011281,0,3.86535e-12,4.48838e-13
LAPACK,761,1,0,3,1e-12,0.0113338,0,3.46745e-12,4.21583e-13
LAPACK,762,1,0,3,1e-12,0.0112533,0,3.9222e-12,4.45533e-13
LAPACK,763,1,0,3,1e-12,0.0112313,0,4.43379e-12,4.3981e-13
LAPACK,764,1,0,3,1e-12,0.0113287,0,3.52429e-12,4.13659e-13
LAPACK,765,1,0,3,1e-12,0.0113977,0,3.9222e-12,4.08323e-13
LAPACK,766,1,0,3,1e-12,0.0113996,0,4.718e-12,4.40248e-13
LAPACK,767,1,0,3,1e-12,0.0113801,0,3.9222e-12,4.58984e-13
LAPACK,768,1,0,3,1e-12,0.0114648,0,3.58114e-12,4.33173e-13
LAPACK,769,1,0,3,1e-12,0.0114379,0,2.95586e-12,4.4132e-13
LAPACK,770,1,0,3,1e-12,0.0115736,0,3.97904e-12,4.4793e-13
LAPACK,771,1,0,3,1e-12,0.0116528,0,3.41061e-12,4.65004e-13
LAPACK,772,1,0,3,1e-12,0.0114063,0,3.18323e-12,4.40363e-13
LAPACK,773,1,0,3,1e-12,0.0116098,0,3.97904e-12,4.36609e-13
LAPACK,774,1,0,3,1e-12,0.01163,0,3.12639e-12,4.26289e-13
LAPACK,775,1,0,3,1e-12,0.011703,0,2.30926e-12,3.98645e-13
LAPACK,776,1,0,3,1e-12,0.0117057,0,4.37694e-12,4.27361e-13
LAPACK,777,1,0,3,1e-12,0.0117302,0,3.36797e-12,4.30321e-13
LAPACK,778,1,0,3,1e-12,0.0117529,0,4.66116e-12,4.35962e-13
LAPACK,779,1,0,3,1e-12,0.0119118,0,5.22959e-12,4.59632e-13
LAPACK,780,1,0,3,1e-12,0.0117804,0,4.77485e-12,4.64532e-13
LAPACK,781,1,0,3,1e-12,0.0118033,0,3.52429e-12,4.29076e-13
LAPACK,782,1,0,3,1e-12,0.0118171,0,3.52607e-12,4.43455e-13
LAPACK,783,1,0,3,1e-12,0.0118722,0,3.41061e-12,4.3957e-13
LAPACK,784,1,0,3,1e-12,0.0118863,0,3.52429e-12,4.35345e-13
LAPACK,785,1,0,3,1e-12,0.0120063,0,4.34852e-12,4.47702e-13
LAPACK,786,1,0,3,1e-12,0.0118515,0,2.77112e-12,4.93089e-13
LAPACK,787,1,0,3,1e-12,0.0120482,0,3.97904e-12,4.38093e-13
LAPACK,788,1,0,3,1e-12,0.0119922,0,3.41061e-12,4.27244e-13
LAPACK,789,1,0,3,1e-12,0.0120731,0,4.22062e-12,4.44285e-13
LAPACK,790,1,0,3,1e-12,0.0120711,0,2.89901e-12,4.55649e-13
LAPACK,791,1,0,3,1e-12,0.0121176,0,4.24905e-12,4.44478e-13
LAPACK,792,1,0,3,1e-12,0.0121317,0,4.17799e-12,3.88828e-13
LAPACK,793,1,0,3,1e-12,0.0122349,0,3.75167e-12,4.22076e-13
LAPACK,794,1,0,3,1e-12,0.012148,0,4.77485e-12,4.69886e-13
LAPACK,795,1,0,3,1e-12,0.0122609,0,4.09273e-12,4.57522e-13
LAPACK,796,1,0,3,1e-12,0.0123169,0,3.06954e-12,4.4501e-13
LAPACK,797,1,0,3,1e-12,0.0123266,0,3.12639e-12,4.48744e-13
LAPACK,798,1,0,3,1e-12,0.0122981,0,4.3201e-12,4.94008e-13
LAPACK,799,1,0,3,1e-12,0.0123197,0,2.84217e-12,4.23016e-13
LAPACK,800,1,0,3,1e-12,0.0123581,0,3.97904e-12,4.38486e-13
LAPACK,801,1,0,3,1e-12,0.0123714,0,3.43903e-12,4.39298e-13
LAPACK,802,1,0,3,1e-12,0.0124273,0,3.75167e-12,4.6377e-13
LAPACK,803,1,0,3,1e-12,0.0125257,0,5.45697e-12,4.73464e-13
LAPACK,804,1,0,3,1e-12,0.0124451,0,3.35376e-12,4.42559e-13
LAPACK,805,1,0,3,1e-12,0.0125959,0,3.08376e-12,4.39696e-13
LAPACK,806,1,0,3,1e-12,0.0126005,0,2.94165e-12,4.48092e-13
LAPACK,807,1,0,3,1e-12,0.0128151,0,3.97904e-12,4.4387e-13
LAPACK,808,1,0,3,1e-12,0.0125837,0,2.95586e-12,4.31489e-13
LAPACK,809,1,0,3,1e-12,0.0126738,0,2.84217e-12,4.25761e-13
LAPACK,810,1,0,3,1e-12,0.0126482,0,2.82974e-12,4.41736e-13
LAPACK,811,1,0,3,1e-12,0.0127775,0,4.09273e-12,4.48261e-13
LAPACK,812,1,0,3,1e-12,0.0125318,0,3.04112e-12,4.15546e-13
LAPACK,813,1,0,3,1e-12,0.0129142,0,3.97904e-12,4.52299e-13
LAPACK,814,1,0,3,1e-12,0.0128042,0,4.20641e-12,4.56754e-13
LAPACK,815,1,0,3,1e-12,0.0128065,0,3.93641e-12,4.83803e-13
LAPACK,816,1,0,3,1e-12,0.0128432,0,3.52429e-12,4.61081e-13
LAPACK,817,1,0,3,1e-12,0.0128973,0,5.91172e-12,4.09429e-13
LAPACK,818,1,0,3,1e-12,0.0128072,0,4.77485e-12,4.47062e-13
LAPACK,819,1,0,3,1e-12,0.0130772,0,3.29692e-12,4.56632e-13
LAPACK,820,1,0,3,1e-12,0.0130546,0,2.72848e-12,4.38357e-13
LAPACK,821,1,0,3,1e-12,0.0130307,0,5.28644e-12,4.40313e-13
LAPACK,822,1,0,3,1e-12,0.0130653,0,4.03588e-12,4.31517e-13
LAPACK,823,1,0,3,1e-12,0.0131119,0,4.14957e-12,4.4089e-13
LAPACK,824,1,0,3,1e-12,0.0129497,0,2.87059e-12,4.72947e-13
LAPACK,825,1,0,3,1e-12,0.0132863,0,4.88853e-12,4.61587e-13
LAPACK,826,1,0,3,1e-12,0.0131357,0,3.97904e-12,4.5847e-13
LAPACK,827,1,0,3,1e-12,0.0132283,0,3.97904e-12,4.89707e-13
LAPACK,828,1,0,3,1e-12,0.0131478,0,3.06954e-12,4.40025e-13
LAPACK,829,1,0,3,1e-12,0.0132972,0,3.80851e-12,4.44871e-13
LAPACK,830,1,0,3,1e-12,0.013278,0,4.718e-12,4.32944e-13
LAPACK,831,1,0,3,1e-12,0.0132808,0,3.24007e-12,4.55199e-13
LAPACK,832,1,0,3,1e-12,0.0134782,0,3.06954e-12,4.63807e-13
LAPACK,833,1,0,3,1e-12,0.0134005,0,3.11218e-12,4.79167e-13
LAPACK,834,1,0,3,1e-12,0.0133181,0,3.86535e-12,4.59718e-13
LAPACK,835,1,0,3,1e-12,0.0133858,0,3.43903e-12,4.39578e-13
LAPACK,836,1,0,3,1e-12,0.0134679,0,4.43379e-12,5.03623e-13
LAPACK,837,1,0,3,1e-12,0.0135194,0,5.00222e-12,4.58018e-13
LAPACK,838,1,0,3,1e-12,0.0135158,0,3.29692e-12,4.43403e-13
LAPACK,839,1,0,3,1e-12,0.0136058,0,3.46745e-12,4.29894e-13
LAPACK,840,1,0,3,1e-12,0.0136495,0,4.33431e-12,4.25912e-13
LAPACK,841,1,0,3,1e-12,0.0136064,0,3.80851e-12,4.75004e-13
LAPACK,842,1,0,3,1e-12,0.0135639,0,3.75167e-12,4.80494e-13
LAPACK,843,1,0,3,1e-12,0.0136794,0,2.95586e-12,4.10154e-13
LAPACK,844,1,0,3,1e-12,0.0137177,0,4.88853e-12,4.48134e-13
LAPACK,845,1,0,3,1e-12,0.0137656,0,3.38218e-12,4.60227e-13
LAPACK,846,1,0,3,1e-12,0.0139357,0,4.43379e-12,4.99464e-13
LAPACK,847,1,0,3,1e-12,0.0139589,0,2.95586e-12,4.33624e-13
LAPACK,848,1,0,3,1e-12,0.0138634,0,5.05906e-12,4.59872e-13
LAPACK,849,1,0,3,1e-12,0.0139021,0,3.75167e-12,4.40054e-13
LAPACK,850,1,0,3,1e-12,0.0138672,0,3.29692e-12,4.50647e-13
LAPACK,851,1,0,3,1e-12,0.0140937,0,3.06954e-12,4.46613e-13
LAPACK,852,1,0,3,1e-12,0.0138809,0,4.03588e-12,4.38522e-13
LAPACK,853,1,0,3,1e-12,0.0139834,0,3.52429e-12,4.57209e-13
LAPACK,854,1,0,3,1e-12,0.0141053,0,2.84217e-12,4.62415e-13
LAPACK,855,1,0,3,1e-12,0.0142034,0,3.75167e-12,4.65736e-13
LAPACK,856,1,0,3,1e-12,0.0140642,0,4.09273e-12,4.6821e-13
LAPACK,857,1,0,3,1e-12,0.0142993,0,4.3201e-12,4.71037e-13
LAPACK,858,1,0,3,1e-12,0.0142088,0,3.86535e-12,4.67154e-13
LAPACK,859,1,0,3,1e-12,0.0142222,0,4.54747e-12,4.95416e-13
LAPACK,860,1,0,3,1e-12,0.0142934,0,3.29692e-12,4.36129e-13
LAPACK,861,1,0,3,1e-12,0.0142554,0,4.29168e-12,4.49824e-13
LAPACK,862,1,0,3,1e-12,0.0143021,0,3.63798e-12,4.81449e-13
LAPACK,863,1,0,3,1e-12,0.0142883,0,3.41061e-12,4.33351e-13
LAPACK,864,1,0,3,1e-12,0.0143003,0,3.80851e-12,4.877e-13
LAPACK,865,1,0,3,1e-12,0.014434,0,4.77485e-12,4.09499e-13
LAPACK,866,1,0,3,1e-12,0.0144213,0,3.9222e-12,4.84761e-13
LAPACK,867,1,0,3,1e-12,0.0143842,0,4.26326e-12,4.4168e-13
LAPACK,868,1,0,3,1e-12,0.0145985,0,5.07328e-12,4.55167e-13
LAPACK,869,1,0,3,1e-12,0.0145667,0,4.66116e-12,4.34184e-13
LAPACK,870,1,0,3,1e-12,0.0144624,0,4.09273e-12,4.42516e-13
LAPACK,871,1,0,3,1e-12,0.0145256,0,3.80851e-12,4.09098e-13
LAPACK,872,1,0,3,1e-12,0.0146959,0,3.75167e-12,4.81661e-13
LAPACK,873,1,0,3,1e-12,0.0147631,0,6.0254e-12,8.41364e-13
LAPACK,874,1,0,3,1e-12,0.014722,0,3.63798e-12,4.288e-13
LAPACK,875,1,0,3,1e-12,0.0147044,0,3.63798e-12,4.62721e-13
LAPACK,876,1,0,3,1e-12,0.0148755,0,3.05533e-12,4.84909e-13
LAPACK,877,1,0,3,1e-12,0.0150002,0,3.63798e-12,4.70026e-13
LAPACK,878,1,0,3,1e-12,0.0149155,0,3.52429e-12,4.59436e-13
LAPACK,879,1,0,3,1e-12,0.0148346,0,3.18323e-12,4.38419e-13
LAPACK,880,1,0,3,1e-12,0.0148596,0,2.89901e-12,4.43364e-13
LAPACK,881,1,0,3,1e-12,0.0149594,0,4.09273e-12,4.38416e-13
LAPACK,882,1,0,3,1e-12,0.0150764,0,3.97904e-12,4.49595e-13
LAPACK,883,1,0,3,1e-12,0.0150234,0,4.03588e-12,4.54786e-13
LAPACK,884,1,0,3,1e-12,0.0149778,0,4.20641e-12,4.69702e-13
LAPACK,885,1,0,3,1e-12,0.015127,0,3.29692e-12,4.3266e-13
LAPACK,886,1,0,3,1e-12,0.0151263,0,3.63798e-12,4.29736e-13
LAPACK,887,1,0,3,1e-12,0.0151922,0,5.11591e-12,4.85589e-13
LAPACK,888,1,0,3,1e-12,0.0151296,0,3.29692e-12,4.92534e-13
LAPACK,889,1,0,3,1e-12,0.0151718,0,5.13012e-12,4.54902e-13
LAPACK,890,1,0,3,1e-12,0.0151897,0,3.29692e-12,4.65175e-13
LAPACK,891,1,0,3,1e-12,0.0152322,0,4.77485e-12,4.86257e-13
LAPACK,892,1,0,3,1e-12,0.0152604,0,4.67537e-12,4.59441e-13
LAPACK,893,1,0,3,1e-12,0.0152978,0,3.86535e-12,4.68207e-13
LAPACK,894,1,0,3,1e-12,0.0154289,0,3.16192e-12,4.46061e-13
LAPACK,895,1,0,3,1e-12,0.0154224,0,3.06954e-12,4.8251e-13
LAPACK,896,1,0,3,1e-12,0.0154218,0,3.90443e-12,4.60034e-13
LAPACK,897,1,0,3,1e-12,0.0156901,0,4.14957e-12,4.88521e-13
LAPACK,898,1,0,3,1e-12,0.0155313,0,3.06954e-12,4.53217e-13
LAPACK,899,1,0,3,1e-12,0.015601,0,3.86535e-12,4.55954e-13
LAPACK,900,1,0,3,1e-12,0.0155765,0,5.91172e-12,4.46574e-13
LAPACK,901,1,0,3,1e-12,0.0154994,0,4.20641e-12,4.2784e-13
LAPACK,902,1,0,3,1e-12,0.0155746,0,2.95586e-12,4.47244e-13
LAPACK,903,1,0,3,1e-12,0.015705,0,2.95586e-12,4.62143e-13
LAPACK,904,1,0,3,1e-12,0.0156734,0,3.06954e-12,4.28775e-13
LAPACK,905,1,0,3,1e-12,0.0158481,0,3.60956e-12,4.61919e-13
LAPACK,906,1,0,3,1e-12,0.0158583,0,5.27223e-12,4.38336e-13
LAPACK,907,1,0,3,1e-12,0.0158922,0,4.09273e-12,4.91141e-13
LAPACK,908,1,0,3,1e-12,0.0158395,0,3.97904e-12,4.49561e-13
LAPACK,909,1,0,3,1e-12,0.0159295,0,3.28271e-12,4.48019e-13
LAPACK,910,1,0,3,1e-12,0.0159938,0,3.41061e-12,4.48685e-13
LAPACK,911,1,0,3,1e-12,0.015927,0,4.77485e-12,4.89545e-13
LAPACK,912,1,0,3,1e-12,0.0159656,0,3.86535e-12,4.64298e-13
LAPACK,913,1,0,3,1e-12,0.0160747,0,3.75167e-12,4.53362e-13
LAPACK,914,1,0,3,1e-12,0.0159797,0,3.97904e-12,4.63106e-13
LAPACK,915,1,0,3,1e-12,0.0161203,0,3.97904e-12,4.44065e-13
LAPACK,916,1,0,3,1e-12,0.0160574,0,3.63798e-12,4.46723e-13
LAPACK,917,1,0,3,1e-12,0.0162731,0,4.66116e-12,4.63511e-13
LAPACK,918,1,0,3,1e-12,0.0160402,0,3.12639e-12,4.46807e-13
LAPACK,919,1,0,3,1e-12,0.0162569,0,3.29692e-12,4.77777e-13
LAPACK,920,1,0,3,1e-12,0.0162542,0,5.55644e-12,4.57313e-13
LAPACK,921,1,0,3,1e-12,0.0162759,0,2.67164e-12,4.31579e-13
LAPACK,922,1,0,3,1e-12,0.0162868,0,4.3201e-12,4.51384e-13
LAPACK,923,1,0,3,1e-12,0.016452,0,3.97904e-12,4.52301e-13
LAPACK,924,1,0,3,1e-12,0.0162438,0,3.16813e-12,4.6164e-13
LAPACK,925,1,0,3,1e-12,0.0163642,0,4.03588e-12,4.48007e-13
LAPACK,926,1,0,3,1e-12,0.0165491,0,3.46745e-12,4.61546e-13
LAPACK,927,1,0,3,1e-12,0.0164808,0,3.18323e-12,4.88069e-13
LAPACK,928,1,0,3,1e-12,0.0164598,0,3.46745e-12,4.61268e-13
LAPACK,929,1,0,3,1e-12,0.0167817,0,3.52429e-12,4.66417e-13
LAPACK,930,1,0,3,1e-12,0.0166048,0,3.21165e-12,4.49319e-13
LAPACK,931,1,0,3,1e-12,0.0166731,0,3.9222e-12,4.62042e-13
LAPACK,932,1,0,3,1e-12,0.0166483,0,3.63798e-12,4.44304e-13
LAPACK,933,1,0,3,1e-12,0.0168039,0,3.18323e-12,4.60665e-13
LAPACK,934,1,0,3,1e-12,0.0168754,0,3.29692e-12,4.52999e-13
LAPACK,935,1,0,3,1e-12,0.0167183,0,3.52429e-12,4.65183e-13
LAPACK,936,1,0,3,1e-12,0.016692,0,3.36797e-12,4.47539e-13
LAPACK,937,1,0,3,1e-12,0.0169217,0,3.63798e-12,4.68972e-13
LAPACK,938,1,0,3,1e-12,0.0168755,0,3.9222e-12,4.90779e-13
LAPACK,939,1,0,3,1e-12,0.016913,0,4.13403e-12,4.68779e-13
LAPACK,940,1,0,3,1e-12,0.0168739,0,3.52429e-12,4.8839e-13
LAPACK,941,1,0,3,1e-12,0.016893,0,5.00222e-12,4.76388e-13
LAPACK,942,1,0,3,1e-12,0.0170217,0,4.43379e-12,4.75312e-13
LAPACK,943,1,0,3,1e-12,0.0170979,0,5.00222e-12,4.46629e-13
LAPACK,944,1,0,3,1e-12,0.0172135,0,7.7307e-12,8.65301e-13
LAPACK,945,1,0,3,1e-12,0.0171127,0,3.43903e-12,4.32314e-13
LAPACK,946,1,0,3,1e-12,0.0171644,0,5.00222e-12,4.80791e-13
LAPACK,947,1,0,3,1e-12,0.0174025,0,4.00746e-12,4.24262e-13
LAPACK,948,1,0,3,1e-12,0.0171563,0,3.41061e-12,4.60006e-13
LAPACK,949,1,0,3,1e-12,0.017257,0,3.52429e-12,4.62485e-13
LAPACK,950,1,0,3,1e-12,0.0173229,0,2.84217e-12,4.52773e-13
LAPACK,951,1,0,3,1e-12,0.0172925,0,3.41061e-12,4.66892e-13
LAPACK,952,1,0,3,1e-12,0.0173116,0,3.0127e-12,4.28202e-13
LAPACK,953,1,0,3,1e-12,0.0173425,0,3.41061e-12,4.60973e-13
LAPACK,954,1,0,3,1e-12,0.0174283,0,3.18323e-12,4.60602e-13
LAPACK,955,1,0,3,1e-12,0.0176258,0,4.14957e-12,4.57581e-13
LAPACK,956,1,0,3,1e-12,0.0175232,0,4.54747e-12,4.33859e-13
LAPACK,957,1,0,3,1e-12,0.0174416,0,3.63798e-12,4.80313e-13
LAPACK,958,1,0,3,1e-12,0.0175209,0,3.06954e-12,4.34897e-13
LAPACK,959,1,0,3,1e-12,0.01765,0,3.85114e-12,4.51895e-13
LAPACK,960,1,0,3,1e-12,0.0177178,0,3.46745e-12,4.37744e-13
LAPACK,961,1,0,3,1e-12,0.0177434,0,5.11591e-12,4.57508e-13
LAPACK,962,1,0,3,1e-12,0.0177487,0,3.18323e-12,4.55448e-13
LAPACK,963,1,0,3,1e-12,0.0178207,0,3.89377e-12,5.01637e-13
LAPACK,964,1,0,3,1e-12,0.0179521,0,4.14957e-12,4.38629e-13
LAPACK,965,1,0,3,1e-12,0.0179377,0,3.75167e-12,4.72128e-13
LAPACK,966,1,0,3,1e-12,0.0178957,0,3.06954e-12,4.33112e-13
LAPACK,967,1,0,3,1e-12,0.0179711,0,4.88853e-12,4.47471e-13
LAPACK,968,1,0,3,1e-12,0.0179068,0,4.09273e-12,4.90909e-13
LAPACK,969,1,0,3,1e-12,0.0181499,0,4.80327e-12,4.91954e-13
LAPACK,970,1,0,3,1e-12,0.0179167,0,4.54747e-12,4.44634e-13
LAPACK,971,1,0,3,1e-12,0.0178939,0,6.42331e-12,4.61269e-13
LAPACK,972,1,0,3,1e-12,0.0181132,0,3.36797e-12,4.85661e-13
LAPACK,973,1,0,3,1e-12,0.0183002,0,5.00222e-12,4.66808e-13
LAPACK,974,1,0,3,1e-12,0.018163,0,3.67351e-12,4.62812e-13
LAPACK,975,1,0,3,1e-12,0.0181127,0,3.41061e-12,4.7977e-13
LAPACK,976,1,0,3,1e-12,0.01817,0,3.21165e-12,4.80176e-13
LAPACK,977,1,0,3,1e-12,0.0184169,0,2.84217e-12,4.32341e-13
LAPACK,978,1,0,3,1e-12,0.0182995,0,4.17799e-12,4.397e-13
LAPACK,979,1,0,3,1e-12,0.0180581,0,3.29692e-12,4.60506e-13
LAPACK,980,1,0,3,1e-12,0.0184892,0,3.89377e-12,4.53529e-13
LAPACK,981,1,0,3,1e-12,0.0186181,0,3.78009e-12,4.52073e-13
LAPACK,982,1,0,3,1e-12,0.0184038,0,4.54747e-12,4.92284e-13
LAPACK,983,1,0,3,1e-12,0.0185766,0,3.97904e-12,4.79944e-13
LAPACK,984,1,0,3,1e-12,0.0183812,0,3.41061e-12,4.63166e-13
LAPACK,985,1,0,3,1e-12,0.0185471,0,4.20641e-12,4.64198e-13
LAPACK,986,1,0,3,1e-12,0.0186756,0,3.49587e-12,4.46133e-13
LAPACK,987,1,0,3,1e-12,0.0186465,0,3.06954e-12,4.4455e-13
LAPACK,988,1,0,3,1e-12,0.0186317,0,3.39018e-12,4.54506e-13
LAPACK,989,1,0,3,1e-12,0.0188345,0,3.51719e-12,4.59019e-13
LAPACK,990,1,0,3,1e-12,0.0186992,0,4.20641e-12,4.36691e-13
LAPACK,991,1,0,3,1e-12,0.0186515,0,5.11591e-12,4.90983e-13
LAPACK,992,1,0,3,1e-12,0.0188166,0,3.29692e-12,4.77021e-13
LAPACK,993,1,0,3,1e-12,0.0188771,0,3.18323e-12,4.5105e-13
LAPACK,994,1,0,3,1e-12,0.0185876,0,4.40536e-12,4.50638e-13
LAPACK,995,1,0,3,1e-12,0.0190845,0,4.26326e-12,4.49583e-13
LAPACK,996,1,0,3,1e-12,0.0189137,0,3.80851e-12,4.53543e-13
LAPACK,997,1,0,3,1e-12,0.0190387,0,4.88853e-12,4.41853e-13
LAPACK,998,1,0,3,1e-12,0.0189851,0,3.18323e-12,4.58946e-13
LAPACK,999,1,0,3,1e-12,0.0191141,0,3.1406e-12,4.33057e-13
LAPACK,1000,1,0,3,1e-12,0.019193,0,3.75167e-12,4.6386e-13
