version, size, hermitian, complex, seed, tol, runtime in s,min_error, max_error, avg_error
LAPACK,1,1,0,10,1e-12,1.2744e-05,0,0,0
LAPACK,2,1,0,10,1e-12,2.895e-06,0,5.68434e-14,2.84217e-14
LAPACK,3,1,0,10,1e-12,2.635e-06,1.13687e-13,2.27374e-13,1.51582e-13
LAPACK,4,1,0,10,1e-12,1.213e-06,0,2.27374e-13,8.52651e-14
LAPACK,5,1,0,10,1e-12,1.332e-06,5.68434e-14,1.13687e-13,1.02318e-13
LAPACK,6,1,0,10,1e-12,2.124e-06,0,5.68434e-13,1.90662e-13
LAPACK,7,1,0,10,1e-12,2.224e-06,0,2.27374e-13,1.06581e-13
LAPACK,8,1,0,10,1e-12,2.785e-06,0,4.26326e-13,1.73195e-13
LAPACK,9,1,0,10,1e-12,3.998e-06,0,4.54747e-13,1.25529e-13
LAPACK,10,1,0,10,1e-12,4.288e-06,0,5.68434e-13,1.68399e-13
LAPACK,11,1,0,10,1e-12,5.039e-06,0,3.97904e-13,1.19177e-13
LAPACK,12,1,0,10,1e-12,5.26e-06,0,3.41061e-13,1.59132e-13
LAPACK,13,1,0,10,1e-12,6.192e-06,0,5.96856e-13,3.32315e-13
LAPACK,14,1,0,10,1e-12,6.783e-06,0,3.41061e-13,1.69135e-13
LAPACK,15,1,0,10,1e-12,7.474e-06,0,7.95808e-13,2.40519e-13
LAPACK,16,1,0,10,1e-12,8.656e-06,0,7.95808e-13,2.20823e-13
LAPACK,17,1,0,10,1e-12,1.06e-05,0,6.82121e-13,2.62587e-13
LAPACK,18,1,0,10,1e-12,1.053e-05,0,5.11591e-13,1.85629e-13
LAPACK,19,1,0,10,1e-12,1.1632e-05,0,7.95808e-13,2.32703e-13
LAPACK,20,1,0,10,1e-12,1.2624e-05,0,9.09495e-13,2.42828e-13
LAPACK,21,1,0,10,1e-12,1.5309e-05,0,9.09495e-13,3.01135e-13
LAPACK,22,1,0,10,1e-12,1.59e-05,0,5.68434e-13,1.76667e-13
LAPACK,23,1,0,10,1e-12,1.6761e-05,0,6.25278e-13,2.13858e-13
LAPACK,24,1,0,10,1e-12,1.7603e-05,5.68434e-14,7.95808e-13,2.97244e-13
LAPACK,25,1,0,10,1e-12,1.8755e-05,5.68434e-14,7.95808e-13,2.82157e-13
LAPACK,26,1,0,10,1e-12,2.089e-05,0,5.68434e-13,2.35572e-13
LAPACK,27,1,0,10,1e-12,2.1059e-05,0,1.02318e-12,2.18229e-13
LAPACK,28,1,0,10,1e-12,2.4266e-05,0,7.95808e-13,2.00665e-13
LAPACK,29,1,0,10,1e-12,2.3434e-05,0,9.09495e-13,2.37971e-13
LAPACK,30,1,0,10,1e-12,2.5609e-05,0,6.82121e-13,2.09018e-13
LAPACK,31,1,0,10,1e-12,2.7352e-05,0,6.82121e-13,2.55738e-13
LAPACK,32,1,0,10,1e-12,2.8023e-05,0,1.13687e-12,3.00926e-13
LAPACK,33,1,0,10,1e-12,2.9726e-05,0,7.95808e-13,2.99451e-13
LAPACK,34,1,0,10,1e-12,3.1489e-05,0,9.09495e-13,2.44301e-13
LAPACK,35,1,0,10,1e-12,3.3082e-05,0,1.13687e-12,3.53089e-13
LAPACK,36,1,0,10,1e-12,3.5246e-05,0,7.38964e-13,2.66552e-13
LAPACK,37,1,0,10,1e-12,3.6699e-05,0,7.95808e-13,3.28146e-13
LAPACK,38,1,0,10,1e-12,4.0816e-05,0,1.13687e-12,3.94024e-13
LAPACK,39,1,0,10,1e-12,4.1619e-05,0,8.52651e-13,2.5871e-13
LAPACK,40,1,0,10,1e-12,4.274e-05,0,1.7053e-12,2.45226e-13
LAPACK,41,1,0,10,1e-12,4.5155e-05,0,1.36424e-12,4.26672e-13
LAPACK,42,1,0,10,1e-12,4.6257e-05,0,1.25056e-12,2.76562e-13
LAPACK,43,1,0,10,1e-12,4.9823e-05,0,1.47793e-12,2.94958e-13
LAPACK,44,1,0,10,1e-12,5.0896e-05,0,1.36424e-12,3.41383e-13
LAPACK,45,1,0,10,1e-12,5.337e-05,0,1.13687e-12,3.1252e-13
LAPACK,46,1,0,10,1e-12,5.5324e-05,0,1.02318e-12,2.71126e-13
LAPACK,47,1,0,10,1e-12,6.1375e-05,0,6.25278e-13,2.84293e-13
LAPACK,48,1,0,10,1e-12,6.0955e-05,0,1.13687e-12,2.92581e-13
LAPACK,49,1,0,10,1e-12,6.39e-05,0,1.25056e-12,3.52444e-13
LAPACK,50,1,0,10,1e-12,6.3659e-05,0,9.23706e-13,2.68727e-13
LAPACK,51,1,0,10,1e-12,6.6535e-05,0,1.36424e-12,2.66245e-13
LAPACK,52,1,0,10,1e-12,6.8598e-05,0,1.02318e-12,2.35128e-13
LAPACK,53,1,0,10,1e-12,7.3057e-05,0,1.19371e-12,3.03321e-13
LAPACK,54,1,0,10,1e-12,7.6744e-05,0,6.82121e-13,2.29216e-13
LAPACK,55,1,0,10,1e-12,7.6764e-05,0,7.95808e-13,2.37903e-13
LAPACK,56,1,0,10,1e-12,8.1874e-05,0,9.09495e-13,2.46533e-13
LAPACK,57,1,0,10,1e-12,8.3968e-05,0,1.08002e-12,2.69165e-13
LAPACK,58,1,0,10,1e-12,8.3036e-05,0,1.02318e-12,2.40911e-13
LAPACK,59,1,0,10,1e-12,8.8547e-05,0,9.09495e-13,2.95267e-13
LAPACK,60,1,0,10,1e-12,9.091e-05,0,1.13687e-12,2.58016e-13
LAPACK,61,1,0,10,1e-12,9.6611e-05,0,6.82121e-13,2.62289e-13
LAPACK,62,1,0,10,1e-12,9.7644e-05,0,1.36424e-12,3.0029e-13
LAPACK,63,1,0,10,1e-12,0.000102432,0,1.47793e-12,3.01811e-13
LAPACK,64,1,0,10,1e-12,0.000103835,0,7.38964e-13,2.86993e-13
LAPACK,65,1,0,10,1e-12,0.000105388,0,1.19371e-12,3.07419e-13
LAPACK,66,1,0,10,1e-12,0.000111549,0,1.42819e-12,2.96167e-13
LAPACK,67,1,0,10,1e-12,0.000110448,0,1.13687e-12,2.88777e-13
LAPACK,68,1,0,10,1e-12,0.000119575,0,1.19371e-12,2.37562e-13
LAPACK,69,1,0,10,1e-12,0.000116108,0,1.36424e-12,2.89469e-13
LAPACK,70,1,0,10,1e-12,0.000121578,0,1.25056e-12,2.62495e-13
LAPACK,71,1,0,10,1e-12,0.000177173,0,1.81899e-12,3.16992e-13
LAPACK,72,1,0,10,1e-12,0.000125676,0,1.25056e-12,3.45427e-13
LAPACK,73,1,0,10,1e-12,0.000131437,0,1.59162e-12,3.09865e-13
LAPACK,74,1,0,10,1e-12,0.000134323,0,2.04636e-12,3.90006e-13
LAPACK,75,1,0,10,1e-12,0.000137859,0,9.66338e-13,2.59538e-13
LAPACK,76,1,0,10,1e-12,0.000139703,0,1.36424e-12,2.89242e-13
LAPACK,77,1,0,10,1e-12,0.000145103,0,1.49925e-12,2.76766e-13
LAPACK,78,1,0,10,1e-12,0.000147006,0,1.47793e-12,2.78114e-13
LAPACK,79,1,0,10,1e-12,0.000153488,0,4.09273e-12,3.7245e-13
LAPACK,80,1,0,10,1e-12,0.000152166,0,1.36424e-12,3.03535e-13
LAPACK,81,1,0,10,1e-12,0.000152386,0,2.04636e-12,3.96829e-13
LAPACK,82,1,0,10,1e-12,0.000162896,0,1.81899e-12,3.70804e-13
LAPACK,83,1,0,10,1e-12,0.00016493,0,3.52429e-12,3.49899e-13
LAPACK,84,1,0,10,1e-12,0.000168356,0,1.13687e-12,2.97899e-13
LAPACK,85,1,0,10,1e-12,0.00017066,0,1.47793e-12,3.00831e-13
LAPACK,86,1,0,10,1e-12,0.000183324,0,2.27374e-12,3.68367e-13
LAPACK,87,1,0,10,1e-12,0.000182743,0,2.27374e-12,3.34772e-13
LAPACK,88,1,0,10,1e-12,0.000184095,0,1.25056e-12,3.26567e-13
LAPACK,89,1,0,10,1e-12,0.000189826,0,5.00222e-12,3.65031e-13
LAPACK,90,1,0,10,1e-12,0.000189626,0,1.59162e-12,3.5691e-13
LAPACK,91,1,0,10,1e-12,0.000242225,0,1.7053e-12,3.92184e-13
LAPACK,92,1,0,10,1e-12,0.000200417,0,2.50111e-12,3.35423e-13
LAPACK,93,1,0,10,1e-12,0.000204014,0,2.27374e-12,3.63752e-13
LAPACK,94,1,0,10,1e-12,0.000209133,0,1.13687e-12,2.95367e-13
LAPACK,95,1,0,10,1e-12,0.000216116,0,1.59162e-12,4.02018e-13
LAPACK,96,1,0,10,1e-12,0.000221045,0,1.47793e-12,3.71055e-13
LAPACK,97,1,0,10,1e-12,0.000221466,0,2.38742e-12,4.06676e-13
LAPACK,98,1,0,10,1e-12,0.000224923,0,2.04636e-12,3.45665e-13
LAPACK,99,1,0,10,1e-12,0.000233899,0,1.59162e-12,4.33485e-13
LAPACK,100,1,0,10,1e-12,0.000233749,0,1.81899e-12,3.93392e-13
LAPACK,101,1,0,10,1e-12,0.000237056,0,3.18323e-12,4.15034e-13
LAPACK,102,1,0,10,1e-12,0.000243227,0,2.04636e-12,4.20631e-13
LAPACK,103,1,0,10,1e-12,0.000242044,0,2.16005e-12,4.11494e-13
LAPACK,104,1,0,10,1e-12,0.000246603,0,1.36424e-12,3.04679e-13
LAPACK,105,1,0,10,1e-12,0.000259017,0,2.72848e-12,4.52345e-13
LAPACK,106,1,0,10,1e-12,0.000260259,0,1.81899e-12,3.75415e-13
LAPACK,107,1,0,10,1e-12,0.000262443,0,1.81899e-12,3.76372e-13
LAPACK,108,1,0,10,1e-12,0.000274595,0,1.59162e-12,2.92836e-13
LAPACK,109,1,0,10,1e-12,0.000272191,0,1.47793e-12,3.61529e-13
LAPACK,110,1,0,10,1e-12,0.000278633,0,2.72848e-12,3.01238e-13
LAPACK,111,1,0,10,1e-12,0.000281519,0,1.53477e-12,2.78104e-13
LAPACK,112,1,0,10,1e-12,0.000291918,0,1.85452e-12,3.30513e-13
LAPACK,113,1,0,10,1e-12,0.000294332,0,1.13687e-12,3.00566e-13
LAPACK,114,1,0,10,1e-12,0.000297329,0,1.19371e-12,2.90388e-13
LAPACK,115,1,0,10,1e-12,0.000312147,0,1.47793e-12,3.44938e-13
LAPACK,116,1,0,10,1e-12,0.000305795,0,1.47793e-12,2.7875e-13
LAPACK,117,1,0,10,1e-12,0.000315512,0,1.7053e-12,3.0236e-13
LAPACK,118,1,0,10,1e-12,0.000321904,0,1.13687e-12,3.42521e-13
LAPACK,119,1,0,10,1e-12,0.000327455,0,1.59162e-12,2.95413e-13
LAPACK,120,1,0,10,1e-12,0.000332886,0,1.25056e-12,3.238e-13
LAPACK,121,1,0,10,1e-12,0.000342583,0,1.19371e-12,3.28553e-13
LAPACK,122,1,0,10,1e-12,0.000338165,0,1.59162e-12,3.15726e-13
LAPACK,123,1,0,10,1e-12,0.000344527,0,1.36424e-12,2.8569e-13
LAPACK,124,1,0,10,1e-12,0.000367641,0,1.53655e-12,3.5159e-13
LAPACK,125,1,0,10,1e-12,0.00035684,0,1.25056e-12,2.67249e-13
LAPACK,126,1,0,10,1e-12,0.000357251,0,1.7053e-12,3.48039e-13
LAPACK,127,1,0,10,1e-12,0.000359616,0,1.93268e-12,3.0068e-13
LAPACK,128,1,0,10,1e-12,0.000395743,0,9.09495e-13,2.46553e-13
LAPACK,129,1,0,10,1e-12,0.000377899,0,1.42109e-12,2.71962e-13
LAPACK,130,1,0,10,1e-12,0.00037774,0,1.42109e-12,2.72411e-13
LAPACK,131,1,0,10,1e-12,0.000392537,0,1.81899e-12,3.5576e-13
LAPACK,132,1,0,10,1e-12,0.000398899,0,1.3074e-12,3.17537e-13
LAPACK,133,1,0,10,1e-12,0.000397808,0,1.76215e-12,3.00338e-13
LAPACK,134,1,0,10,1e-12,0.000402246,0,2.50111e-12,3.6174e-13
LAPACK,135,1,0,10,1e-12,0.000425088,0,1.7053e-12,3.37534e-13
LAPACK,136,1,0,10,1e-12,0.00042037,0,1.93268e-12,3.62664e-13
LAPACK,137,1,0,10,1e-12,0.000433083,0,1.53477e-12,2.85215e-13
LAPACK,138,1,0,10,1e-12,0.000432502,0,2.50111e-12,3.47509e-13
LAPACK,139,1,0,10,1e-12,0.000421602,0,1.13687e-12,2.71361e-13
LAPACK,140,1,0,10,1e-12,0.00044743,0,1.98952e-12,3.3549e-13
LAPACK,141,1,0,10,1e-12,0.000453822,0,2.33058e-12,3.0193e-13
LAPACK,142,1,0,10,1e-12,0.00045219,0,1.87583e-12,3.77351e-13
LAPACK,143,1,0,10,1e-12,0.000469662,0,2.27374e-12,3.56501e-13
LAPACK,144,1,0,10,1e-12,0.000472117,0,1.25056e-12,3.5479e-13
LAPACK,145,1,0,10,1e-12,0.000467649,0,1.59162e-12,3.29239e-13
LAPACK,146,1,0,10,1e-12,0.000475974,0,1.76215e-12,3.39357e-13
LAPACK,147,1,0,10,1e-12,0.000477958,0,1.59162e-12,2.77921e-13
LAPACK,148,1,0,10,1e-12,0.00049032,0,1.59162e-12,3.04933e-13
LAPACK,149,1,0,10,1e-12,0.000503436,0,1.08002e-12,2.73738e-13
LAPACK,150,1,0,10,1e-12,0.000497855,0,2.30216e-12,4.44314e-13
LAPACK,151,1,0,10,1e-12,0.000524395,0,1.7053e-12,3.31202e-13
LAPACK,152,1,0,10,1e-12,0.000519947,0,1.32161e-12,3.18622e-13
LAPACK,153,1,0,10,1e-12,0.000527782,0,2.10321e-12,2.89082e-13
LAPACK,154,1,0,10,1e-12,0.000526109,0,1.25056e-12,2.98255e-13
LAPACK,155,1,0,10,1e-12,0.000540926,0,1.59162e-12,3.71786e-13
LAPACK,156,1,0,10,1e-12,0.000533492,0,1.25056e-12,3.17285e-13
LAPACK,157,1,0,10,1e-12,0.000540686,0,2.55795e-12,3.3787e-13
LAPACK,158,1,0,10,1e-12,0.000560764,0,1.02318e-12,2.8108e-13
LAPACK,159,1,0,10,1e-12,0.00055393,0,1.25056e-12,2.80597e-13
LAPACK,160,1,0,10,1e-12,0.000583306,0,1.93268e-12,3.3118e-13
LAPACK,161,1,0,10,1e-12,0.000600328,0,1.7053e-12,3.75793e-13
LAPACK,162,1,0,10,1e-12,0.000577985,0,1.47793e-12,3.47881e-13
LAPACK,163,1,0,10,1e-12,0.000589447,0,2.42473e-12,3.51621e-13
LAPACK,164,1,0,10,1e-12,0.000592543,0,1.59162e-12,3.47364e-13
LAPACK,165,1,0,10,1e-12,0.000603223,0,1.36424e-12,3.55336e-13
LAPACK,166,1,0,10,1e-12,0.000618171,0,1.81899e-12,3.45068e-13
LAPACK,167,1,0,10,1e-12,0.000622079,0,2.58638e-12,3.25009e-13
LAPACK,168,1,0,10,1e-12,0.000639851,0,1.53477e-12,3.86379e-13
LAPACK,169,1,0,10,1e-12,0.000647406,0,1.53477e-12,3.78522e-13
LAPACK,170,1,0,10,1e-12,0.000646093,0,1.49925e-12,3.77283e-13
LAPACK,171,1,0,10,1e-12,0.000646364,0,1.36424e-12,3.25281e-13
LAPACK,172,1,0,10,1e-12,0.000652085,0,1.13687e-12,2.97824e-13
LAPACK,173,1,0,10,1e-12,0.00066031,0,1.65912e-12,3.32928e-13
LAPACK,174,1,0,10,1e-12,0.000683955,0,1.7053e-12,3.55154e-13
LAPACK,175,1,0,10,1e-12,0.000657695,0,3.06954e-12,4.67253e-13
LAPACK,176,1,0,10,1e-12,0.000673385,0,1.53477e-12,3.36786e-13
LAPACK,177,1,0,10,1e-12,0.000694484,0,1.82254e-12,3.26855e-13
LAPACK,178,1,0,10,1e-12,0.000694514,0,2.50111e-12,3.51923e-13
LAPACK,179,1,0,10,1e-12,0.000716265,0,1.7053e-12,3.64917e-13
LAPACK,180,1,0,10,1e-12,0.000720424,0,1.93268e-12,3.70341e-13
LAPACK,181,1,0,10,1e-12,0.000706648,0,1.47793e-12,3.20255e-13
LAPACK,182,1,0,10,1e-12,0.000732907,0,2.04636e-12,3.9197e-13
LAPACK,183,1,0,10,1e-12,0.000737806,0,1.59162e-12,3.47292e-13
LAPACK,184,1,0,10,1e-12,0.000734009,0,1.76215e-12,3.35123e-13
LAPACK,185,1,0,10,1e-12,0.000750439,0,2.27374e-12,3.27123e-13
LAPACK,186,1,0,10,1e-12,0.000759737,0,1.59162e-12,3.66235e-13
LAPACK,187,1,0,10,1e-12,0.000758555,0,1.39266e-12,3.1898e-13
LAPACK,188,1,0,10,1e-12,0.000765177,0,1.59162e-12,3.42638e-13
LAPACK,189,1,0,10,1e-12,0.000788902,0,3.97904e-12,3.90465e-13
LAPACK,190,1,0,10,1e-12,0.000784263,0,1.93268e-12,3.5076e-13
LAPACK,191,1,0,10,1e-12,0.000809531,0,1.36424e-12,3.94091e-13
LAPACK,192,1,0,10,1e-12,0.000818978,0,2.04636e-12,3.96724e-13
LAPACK,193,1,0,10,1e-12,0.000823968,0,2.16005e-12,4.46533e-13
LAPACK,194,1,0,10,1e-12,0.00083021,0,2.04636e-12,3.9632e-13
LAPACK,195,1,0,10,1e-12,0.000827063,0,1.7053e-12,3.49828e-13
LAPACK,196,1,0,10,1e-12,0.000838825,0,1.93268e-12,3.69514e-13
LAPACK,197,1,0,10,1e-12,0.000858833,0,3.06954e-12,3.77638e-13
LAPACK,198,1,0,10,1e-12,0.00086259,0,1.84031e-12,3.75385e-13
LAPACK,199,1,0,10,1e-12,0.000872228,0,2.13163e-12,3.40534e-13
LAPACK,200,1,0,10,1e-12,0.000888749,0,2.44427e-12,4.15952e-13
LAPACK,201,1,0,10,1e-12,0.000879332,0,1.98952e-12,3.9356e-13
LAPACK,202,1,0,10,1e-12,0.000868982,0,2.04636e-12,3.54023e-13
LAPACK,203,1,0,10,1e-12,0.000901934,0,1.9611e-12,2.93283e-13
LAPACK,204,1,0,10,1e-12,0.000910279,0,2.50111e-12,3.80227e-13
LAPACK,205,1,0,10,1e-12,0.000922192,0,1.87583e-12,3.30831e-13
LAPACK,206,1,0,10,1e-12,0.000909549,0,1.81899e-12,3.51503e-13
LAPACK,207,1,0,10,1e-12,0.000941448,0,1.36424e-12,3.37958e-13
LAPACK,208,1,0,10,1e-12,0.000939414,0,1.7053e-12,3.5224e-13
LAPACK,209,1,0,10,1e-12,0.00095301,0,1.7053e-12,3.50881e-13
LAPACK,210,1,0,10,1e-12,0.000943753,0,1.93268e-12,3.24308e-13
LAPACK,211,1,0,10,1e-12,0.000970613,0,2.50111e-12,3.75401e-13
LAPACK,212,1,0,10,1e-12,0.00094782,0,2.39986e-12,3.29204e-13
LAPACK,213,1,0,10,1e-12,0.000980552,0,2.04636e-12,3.74211e-13
LAPACK,214,1,0,10,1e-12,0.000994929,0,2.78533e-12,3.17349e-13
LAPACK,215,1,0,10,1e-12,0.00100752,0,1.47793e-12,3.21719e-13
LAPACK,216,1,0,10,1e-12,0.00099561,0,1.59162e-12,3.35653e-13
LAPACK,217,1,0,10,1e-12,0.0010037,0,1.59517e-12,3.81688e-13
LAPACK,218,1,0,10,1e-12,0.00103757,0,1.36424e-12,3.59619e-13
LAPACK,219,1,0,10,1e-12,0.00103828,0,2.01794e-12,3.57405e-13
LAPACK,220,1,0,10,1e-12,0.00105333,0,1.81899e-12,3.86737e-13
LAPACK,221,1,0,10,1e-12,0.00106766,0,2.27374e-12,3.52502e-13
LAPACK,222,1,0,10,1e-12,0.00105816,0,1.81899e-12,3.44241e-13
LAPACK,223,1,0,10,1e-12,0.00105848,0,1.74794e-12,3.50464e-13
LAPACK,224,1,0,10,1e-12,0.00108997,0,1.54898e-12,3.8154e-13
LAPACK,225,1,0,10,1e-12,0.0010871,0,1.5703e-12,3.87329e-13
LAPACK,226,1,0,10,1e-12,0.00110184,0,2.18847e-12,3.92292e-13
LAPACK,227,1,0,10,1e-12,0.00108822,0,1.47793e-12,3.07102e-13
LAPACK,228,1,0,10,1e-12,0.00113409,0,2.13163e-12,3.42338e-13
LAPACK,229,1,0,10,1e-12,0.00112387,0,2.38742e-12,3.74074e-13
LAPACK,230,1,0,10,1e-12,0.00114007,0,2.04636e-12,3.74707e-13
LAPACK,231,1,0,10,1e-12,0.00113558,0,1.52056e-12,3.45774e-13
LAPACK,232,1,0,10,1e-12,0.00115691,0,2.16005e-12,3.9022e-13
LAPACK,233,1,0,10,1e-12,0.00115331,0,2.6148e-12,3.87978e-13
LAPACK,234,1,0,10,1e-12,0.00114648,0,2.6148e-12,3.35849e-13
LAPACK,235,1,0,10,1e-12,0.00115271,0,2.16005e-12,3.22088e-13
LAPACK,236,1,0,10,1e-12,0.00118509,0,2.55795e-12,3.67864e-13
LAPACK,237,1,0,10,1e-12,0.00121054,0,1.81899e-12,3.67327e-13
LAPACK,238,1,0,10,1e-12,0.00119946,0,2.44427e-12,3.43292e-13
LAPACK,239,1,0,10,1e-12,0.00122206,0,2.50111e-12,3.91754e-13
LAPACK,240,1,0,10,1e-12,0.0012254,0,2.72848e-12,4.07252e-13
LAPACK,241,1,0,10,1e-12,0.00123643,0,2.04636e-12,3.95398e-13
LAPACK,242,1,0,10,1e-12,0.00124911,0,2.38742e-12,3.41042e-13
LAPACK,243,1,0,10,1e-12,0.00124071,0,2.95586e-12,3.48806e-13
LAPACK,244,1,0,10,1e-12,0.00125497,0,2.06057e-12,3.4992e-13
LAPACK,245,1,0,10,1e-12,0.00126358,0,2.16005e-12,3.40234e-13
LAPACK,246,1,0,10,1e-12,0.00126698,0,1.81899e-12,3.24961e-13
LAPACK,247,1,0,10,1e-12,0.00127227,0,2.16005e-12,3.81363e-13
LAPACK,248,1,0,10,1e-12,0.00127568,0,2.67164e-12,3.29263e-13
LAPACK,249,1,0,10,1e-12,0.00130506,0,1.64846e-12,3.75685e-13
LAPACK,250,1,0,10,1e-12,0.00133756,0,1.9611e-12,3.59954e-13
LAPACK,251,1,0,10,1e-12,0.00134224,0,1.85096e-12,3.53718e-13
LAPACK,252,1,0,10,1e-12,0.00134089,0,2.6148e-12,4.03085e-13
LAPACK,253,1,0,10,1e-12,0.00135817,0,2.04636e-12,3.97725e-13
LAPACK,254,1,0,10,1e-12,0.00136166,0,2.224e-12,3.81196e-13
LAPACK,255,1,0,10,1e-12,0.00136035,0,2.21689e-12,3.63875e-13
LAPACK,256,1,0,10,1e-12,0.00136037,0,2.50111e-12,3.15237e-13
LAPACK,257,1,0,10,1e-12,0.00139248,0,2.04636e-12,3.38323e-13
LAPACK,258,1,0,10,1e-12,0.00140782,0,2.50111e-12,4.20157e-13
LAPACK,259,1,0,10,1e-12,0.00141493,0,2.10321e-12,4.00445e-13
LAPACK,260,1,0,10,1e-12,0.00142211,0,1.81899e-12,3.9691e-13
LAPACK,261,1,0,10,1e-12,0.00142928,0,3.35376e-12,4.0229e-13
LAPACK,262,1,0,10,1e-12,0.0014411,0,1.81899e-12,3.52451e-13
LAPACK,263,1,0,10,1e-12,0.00145648,0,2.16005e-12,3.9865e-13
LAPACK,264,1,0,10,1e-12,0.00146953,0,1.7053e-12,3.95953e-13
LAPACK,265,1,0,10,1e-12,0.00148541,0,2.44427e-12,3.92377e-13
LAPACK,266,1,0,10,1e-12,0.00149362,0,1.67688e-12,3.74187e-13
LAPACK,267,1,0,10,1e-12,0.00149206,0,1.93268e-12,3.58418e-13
LAPACK,268,1,0,10,1e-12,0.00149039,0,2.16005e-12,3.18452e-13
LAPACK,269,1,0,10,1e-12,0.00152376,0,3.06954e-12,3.48995e-13
LAPACK,270,1,0,10,1e-12,0.00150534,0,2.24532e-12,3.65976e-13
LAPACK,271,1,0,10,1e-12,0.00153944,0,2.72848e-12,3.45285e-13
LAPACK,272,1,0,10,1e-12,0.00154511,0,2.04636e-12,3.83043e-13
LAPACK,273,1,0,10,1e-12,0.001561,0,2.72848e-12,3.74632e-13
LAPACK,274,1,0,10,1e-12,0.00156995,0,4.5759e-12,3.32798e-13
LAPACK,275,1,0,10,1e-12,0.00158634,0,2.38742e-12,3.50178e-13
LAPACK,276,1,0,10,1e-12,0.00159498,0,2.1334e-12,4.25409e-13
LAPACK,277,1,0,10,1e-12,0.00160534,0,2.33058e-12,3.90507e-13
LAPACK,278,1,0,10,1e-12,0.00161435,0,1.7053e-12,3.56914e-13
LAPACK,279,1,0,10,1e-12,0.00161281,0,2.81375e-12,3.80748e-13
LAPACK,280,1,0,10,1e-12,0.00165285,0,2.6148e-12,3.59519e-13
LAPACK,281,1,0,10,1e-12,0.00166509,0,2.30216e-12,4.0182e-13
LAPACK,282,1,0,10,1e-12,0.00165456,0,3.09797e-12,3.31073e-13
LAPACK,283,1,0,10,1e-12,0.00166662,0,2.30216e-12,3.85231e-13
LAPACK,284,1,0,10,1e-12,0.00166892,0,1.59872e-12,3.61958e-13
LAPACK,285,1,0,10,1e-12,0.00167501,0,2.38742e-12,3.84251e-13
LAPACK,286,1,0,10,1e-12,0.00167515,0,2.16005e-12,3.73473e-13
LAPACK,287,1,0,10,1e-12,0.00171736,0,1.93268e-12,3.59718e-13
LAPACK,288,1,0,10,1e-12,0.00176497,0,1.81899e-12,4.26588e-13
LAPACK,289,1,0,10,1e-12,0.00175351,0,2.67164e-12,4.05129e-13
LAPACK,290,1,0,10,1e-12,0.00175352,0,2.44782e-12,3.90756e-13
LAPACK,291,1,0,10,1e-12,0.00174727,0,2.52953e-12,3.6108e-13
LAPACK,292,1,0,10,1e-12,0.00178431,0,2.04636e-12,4.28662e-13
LAPACK,293,1,0,10,1e-12,0.00178043,0,2.16005e-12,3.90668e-13
LAPACK,294,1,0,10,1e-12,0.00178259,0,2.64322e-12,3.7418e-13
LAPACK,295,1,0,10,1e-12,0.00181472,0,2.84217e-12,3.8531e-13
LAPACK,296,1,0,10,1e-12,0.00182442,0,2.38742e-12,4.33983e-13
LAPACK,297,1,0,10,1e-12,0.00182805,0,4.718e-12,3.6008e-13
LAPACK,298,1,0,10,1e-12,0.00185577,0,1.93268e-12,3.56136e-13
LAPACK,299,1,0,10,1e-12,0.00183815,0,2.89901e-12,3.66158e-13
LAPACK,300,1,0,10,1e-12,0.00184113,0,2.359e-12,4.52805e-13
LAPACK,301,1,0,10,1e-12,0.00188596,0,2.84217e-12,3.65398e-13
LAPACK,302,1,0,10,1e-12,0.0018674,0,1.93268e-12,3.40261e-13
LAPACK,303,1,0,10,1e-12,0.0019073,0,2.84217e-12,3.91279e-13
LAPACK,304,1,0,10,1e-12,0.00189921,0,1.93268e-12,3.50367e-13
LAPACK,305,1,0,10,1e-12,0.00194468,0,2.50111e-12,3.86036e-13
LAPACK,306,1,0,10,1e-12,0.00194571,0,1.76215e-12,3.57315e-13
LAPACK,307,1,0,10,1e-12,0.00195354,0,1.7053e-12,3.75811e-13
LAPACK,308,1,0,10,1e-12,0.00196399,0,2.33058e-12,3.97222e-13
LAPACK,309,1,0,10,1e-12,0.00197499,0,2.16005e-12,3.79491e-13
LAPACK,310,1,0,10,1e-12,0.00201718,0,2.16005e-12,4.05105e-13
LAPACK,311,1,0,10,1e-12,0.00201108,0,2.04636e-12,3.64059e-13
LAPACK,312,1,0,10,1e-12,0.00201099,0,2.50111e-12,4.25994e-13
LAPACK,313,1,0,10,1e-12,0.00201299,0,1.52056e-12,3.62175e-13
LAPACK,314,1,0,10,1e-12,0.00202507,0,1.59162e-12,3.29169e-13
LAPACK,315,1,0,10,1e-12,0.00203053,0,1.93268e-12,3.62223e-13
LAPACK,316,1,0,10,1e-12,0.00207181,0,2.84217e-12,3.79951e-13
LAPACK,317,1,0,10,1e-12,0.00210568,0,1.59162e-12,3.46506e-13
LAPACK,318,1,0,10,1e-12,0.00208502,0,2.24532e-12,4.32995e-13
LAPACK,319,1,0,10,1e-12,0.00212664,0,2.38742e-12,3.95429e-13
LAPACK,320,1,0,10,1e-12,0.00211764,0,2.87059e-12,3.65515e-13
LAPACK,321,1,0,10,1e-12,0.00212563,0,2.16005e-12,3.88851e-13
LAPACK,322,1,0,10,1e-12,0.00215969,0,1.92202e-12,3.8676e-13
LAPACK,323,1,0,10,1e-12,0.0021618,0,2.04636e-12,3.61078e-13
LAPACK,324,1,0,10,1e-12,0.0021757,0,3.55271e-12,4.30405e-13
LAPACK,325,1,0,10,1e-12,0.00216342,0,2.98428e-12,3.73183e-13
LAPACK,326,1,0,10,1e-12,0.00218109,0,2.33058e-12,3.86746e-13
LAPACK,327,1,0,10,1e-12,0.00221405,0,1.53833e-12,3.61058e-13
LAPACK,328,1,0,10,1e-12,0.00223349,0,2.16005e-12,4.05221e-13
LAPACK,329,1,0,10,1e-12,0.00226181,0,2.78533e-12,4.19817e-13
LAPACK,330,1,0,10,1e-12,0.00220387,0,2.84217e-12,3.67967e-13
LAPACK,331,1,0,10,1e-12,0.00223127,0,2.21689e-12,3.59318e-13
LAPACK,332,1,0,10,1e-12,0.00227019,0,2.95586e-12,4.00144e-13
LAPACK,333,1,0,10,1e-12,0.00226659,0,2.16005e-12,4.23814e-13
LAPACK,334,1,0,10,1e-12,0.00229962,0,2.16005e-12,3.75527e-13
LAPACK,335,1,0,10,1e-12,0.00233022,0,2.44427e-12,3.95976e-13
LAPACK,336,1,0,10,1e-12,0.00232509,0,2.38742e-12,3.83413e-13
LAPACK,337,1,0,10,1e-12,0.00233981,0,3.46745e-12,3.73038e-13
LAPACK,338,1,0,10,1e-12,0.00232791,0,1.93268e-12,3.9071e-13
LAPACK,339,1,0,10,1e-12,0.00235298,0,3.21165e-12,4.57653e-13
LAPACK,340,1,0,10,1e-12,0.00237749,0,2.55795e-12,3.81191e-13
LAPACK,341,1,0,10,1e-12,0.00238802,0,3.09797e-12,3.50136e-13
LAPACK,342,1,0,10,1e-12,0.00240287,0,2.70006e-12,4.11612e-13
LAPACK,343,1,0,10,1e-12,0.00240182,0,2.01794e-12,3.45699e-13
LAPACK,344,1,0,10,1e-12,0.00240524,0,2.04636e-12,3.7674e-13
LAPACK,345,1,0,10,1e-12,0.0024272,0,2.50111e-12,3.57489e-13
LAPACK,346,1,0,10,1e-12,0.00246368,0,4.3201e-12,3.80722e-13
LAPACK,347,1,0,10,1e-12,0.00248766,0,2.72848e-12,4.03692e-13
LAPACK,348,1,0,10,1e-12,0.00248069,0,1.81899e-12,3.83592e-13
LAPACK,349,1,0,10,1e-12,0.0024926,0,2.47269e-12,4.34397e-13
LAPACK,350,1,0,10,1e-12,0.00250761,0,2.6148e-12,3.64676e-13
LAPACK,351,1,0,10,1e-12,0.00251484,0,3.41061e-12,3.94449e-13
LAPACK,352,1,0,10,1e-12,0.00253488,0,2.27374e-12,3.72791e-13
LAPACK,353,1,0,10,1e-12,0.00254034,0,2.30216e-12,3.90663e-13
LAPACK,354,1,0,10,1e-12,0.00255614,0,2.64322e-12,3.42111e-13
LAPACK,355,1,0,10,1e-12,0.00256389,0,1.98952e-12,3.76504e-13
LAPACK,356,1,0,10,1e-12,0.00257165,0,3.06954e-12,3.8267e-13
LAPACK,357,1,0,10,1e-12,0.0026377,0,2.84217e-12,3.62766e-13
LAPACK,358,1,0,10,1e-12,0.00261976,0,2.27374e-12,4.02107e-13
LAPACK,359,1,0,10,1e-12,0.00261774,0,1.79057e-12,3.45524e-13
LAPACK,360,1,0,10,1e-12,0.00264572,0,1.7053e-12,3.5127e-13
LAPACK,361,1,0,10,1e-12,0.00263583,0,2.82796e-12,4.17897e-13
LAPACK,362,1,0,10,1e-12,0.00265611,0,1.7053e-12,3.59755e-13
LAPACK,363,1,0,10,1e-12,0.00265107,0,1.84741e-12,3.54728e-13
LAPACK,364,1,0,10,1e-12,0.00270818,0,3.0127e-12,4.01774e-13
LAPACK,365,1,0,10,1e-12,0.00270396,0,2.72848e-12,3.92723e-13
LAPACK,366,1,0,10,1e-12,0.00275113,0,2.27374e-12,3.96244e-13
LAPACK,367,1,0,10,1e-12,0.00275722,0,2.52953e-12,4.01724e-13
LAPACK,368,1,0,10,1e-12,0.0027677,0,1.93268e-12,3.92554e-13
LAPACK,369,1,0,10,1e-12,0.00280756,0,4.09273e-12,3.89463e-13
LAPACK,370,1,0,10,1e-12,0.00281441,0,1.93268e-12,3.64217e-13
LAPACK,371,1,0,10,1e-12,0.00279297,0,2.95586e-12,3.68541e-13
LAPACK,372,1,0,10,1e-12,0.00285716,0,2.21689e-12,3.87902e-13
LAPACK,373,1,0,10,1e-12,0.0028576,0,3.35376e-12,3.7973e-13
LAPACK,374,1,0,10,1e-12,0.00285194,0,2.51532e-12,3.72979e-13
LAPACK,375,1,0,10,1e-12,0.00285288,0,2.84217e-12,3.92711e-13
LAPACK,376,1,0,10,1e-12,0.00291159,0,2.50111e-12,3.94951e-13
LAPACK,377,1,0,10,1e-12,0.00289608,0,1.93268e-12,3.8512e-13
LAPACK,378,1,0,10,1e-12,0.00290572,0,3.29692e-12,4.03261e-13
LAPACK,379,1,0,10,1e-12,0.00289683,0,2.38742e-12,4.15431e-13
LAPACK,380,1,0,10,1e-12,0.00294196,0,2.04636e-12,4.12902e-13
LAPACK,381,1,0,10,1e-12,0.00297007,0,2.67164e-12,4.75256e-13
LAPACK,382,1,0,10,1e-12,0.00296491,0,2.27374e-12,3.85152e-13
LAPACK,383,1,0,10,1e-12,0.00297798,0,2.04636e-12,3.83906e-13
LAPACK,384,1,0,10,1e-12,0.00300325,0,2.23821e-12,3.93337e-13
LAPACK,385,1,0,10,1e-12,0.00300377,0,1.73372e-12,3.87312e-13
LAPACK,386,1,0,10,1e-12,0.00304501,0,2.38742e-12,3.43491e-13
LAPACK,387,1,0,10,1e-12,0.00306847,0,2.16005e-12,3.53314e-13
LAPACK,388,1,0,10,1e-12,0.00305519,0,2.50111e-12,3.91412e-13
LAPACK,389,1,0,10,1e-12,0.00311249,0,2.72848e-12,4.17152e-13
LAPACK,390,1,0,10,1e-12,0.00311753,0,2.50111e-12,3.71847e-13
LAPACK,391,1,0,10,1e-12,0.00314681,0,2.27374e-12,4.10444e-13
LAPACK,392,1,0,10,1e-12,0.00323111,0,6.82121e-12,5.50689e-13
LAPACK,393,1,0,10,1e-12,0.00313732,0,2.6148e-12,3.70411e-13
LAPACK,394,1,0,10,1e-12,0.00318587,0,2.6148e-12,4.12131e-13
LAPACK,395,1,0,10,1e-12,0.00319586,0,2.38742e-12,3.73367e-13
LAPACK,396,1,0,10,1e-12,0.00322623,0,2.359e-12,4.0302e-13
LAPACK,397,1,0,10,1e-12,0.00319325,0,2.95586e-12,3.71354e-13
LAPACK,398,1,0,10,1e-12,0.00321913,0,2.72848e-12,4.21203e-13
LAPACK,399,1,0,10,1e-12,0.00323006,0,1.93268e-12,4.13244e-13
LAPACK,400,1,0,10,1e-12,0.00330935,0,3.06954e-12,4.28541e-13
LAPACK,401,1,0,10,1e-12,0.00326728,0,2.27374e-12,3.83556e-13
LAPACK,402,1,0,10,1e-12,0.00331706,0,1.9611e-12,3.60597e-13
LAPACK,403,1,0,10,1e-12,0.00328568,0,2.16005e-12,3.67252e-13
LAPACK,404,1,0,10,1e-12,0.00334949,0,1.81899e-12,4.09739e-13
LAPACK,405,1,0,10,1e-12,0.00328669,0,1.64846e-12,3.35115e-13
LAPACK,406,1,0,10,1e-12,0.00340304,0,3.06954e-12,4.39611e-13
LAPACK,407,1,0,10,1e-12,0.00337292,0,2.55795e-12,4.20302e-13
LAPACK,408,1,0,10,1e-12,0.00340128,0,2.16005e-12,3.4849e-13
LAPACK,409,1,0,10,1e-12,0.00339797,0,2.38742e-12,4.34273e-13
LAPACK,410,1,0,10,1e-12,0.00339233,0,3.52429e-12,4.45053e-13
LAPACK,411,1,0,10,1e-12,0.00340354,0,2.84217e-12,4.22576e-13
LAPACK,412,1,0,10,1e-12,0.00352289,0,2.72848e-12,3.82876e-13
LAPACK,413,1,0,10,1e-12,0.00349834,0,2.72848e-12,4.38189e-13
LAPACK,414,1,0,10,1e-12,0.00345817,0,2.16005e-12,3.81697e-13
LAPACK,415,1,0,10,1e-12,0.00349397,0,3.18323e-12,4.10948e-13
LAPACK,416,1,0,10,1e-12,0.00344375,0,2.27374e-12,3.93024e-13
LAPACK,417,1,0,10,1e-12,0.00352309,0,2.38742e-12,3.9115e-13
LAPACK,418,1,0,10,1e-12,0.00351483,0,2.47269e-12,3.79384e-13
LAPACK,419,1,0,10,1e-12,0.00356492,0,2.72848e-12,3.88028e-13
LAPACK,420,1,0,10,1e-12,0.00356412,0,2.1938e-12,3.9884e-13
LAPACK,421,1,0,10,1e-12,0.00362792,0,3.83693e-12,4.71704e-13
LAPACK,422,1,0,10,1e-12,0.00360618,0,2.50111e-12,4.62949e-13
LAPACK,423,1,0,10,1e-12,0.00361687,0,2.81375e-12,4.31644e-13
LAPACK,424,1,0,10,1e-12,0.00361711,0,3.06954e-12,4.44794e-13
LAPACK,425,1,0,10,1e-12,0.00366377,0,2.33058e-12,4.24904e-13
LAPACK,426,1,0,10,1e-12,0.00371513,0,2.16005e-12,3.63437e-13
LAPACK,427,1,0,10,1e-12,0.00369245,0,2.64322e-12,4.07383e-13
LAPACK,428,1,0,10,1e-12,0.00367327,0,2.50111e-12,4.01002e-13
LAPACK,429,1,0,10,1e-12,0.00375041,0,2.55795e-12,4.38211e-13
LAPACK,430,1,0,10,1e-12,0.00373743,0,2.27374e-12,3.82604e-13
LAPACK,431,1,0,10,1e-12,0.00377368,0,3.0127e-12,4.49375e-13
LAPACK,432,1,0,10,1e-12,0.00376018,0,2.27374e-12,3.61003e-13
LAPACK,433,1,0,10,1e-12,0.00383999,0,2.40874e-12,3.80478e-13
LAPACK,434,1,0,10,1e-12,0.00384917,0,2.84217e-12,4.12611e-13
LAPACK,435,1,0,10,1e-12,0.00378,0,2.33058e-12,3.93921e-13
LAPACK,436,1,0,10,1e-12,0.00387318,0,1.93268e-12,3.87487e-13
LAPACK,437,1,0,10,1e-12,0.00394026,0,2.38742e-12,4.56622e-13
LAPACK,438,1,0,10,1e-12,0.003889,0,1.93268e-12,3.90394e-13
LAPACK,439,1,0,10,1e-12,0.00396993,0,2.72848e-12,4.27232e-13
LAPACK,440,1,0,10,1e-12,0.003931,0,2.50111e-12,4.01414e-13
LAPACK,441,1,0,10,1e-12,0.00396011,0,2.50111e-12,4.3736e-13
LAPACK,442,1,0,10,1e-12,0.00403625,0,2.84217e-12,4.20542e-13
LAPACK,443,1,0,10,1e-12,0.00394707,0,2.27374e-12,4.05046e-13
LAPACK,444,1,0,10,1e-12,0.00402128,0,2.21689e-12,4.32034e-13
LAPACK,445,1,0,10,1e-12,0.00405579,0,3.18323e-12,4.59823e-13
LAPACK,446,1,0,10,1e-12,0.00407672,0,2.81375e-12,4.13145e-13
LAPACK,447,1,0,10,1e-12,0.00404869,0,3.49587e-12,3.91545e-13
LAPACK,448,1,0,10,1e-12,0.00407943,0,2.84217e-12,3.85634e-13
LAPACK,449,1,0,10,1e-12,0.00412608,0,2.44427e-12,4.22351e-13
LAPACK,450,1,0,10,1e-12,0.00409199,0,2.6148e-12,3.94447e-13
LAPACK,451,1,0,10,1e-12,0.00416231,0,2.50111e-12,4.57946e-13
LAPACK,452,1,0,10,1e-12,0.00415796,0,3.75167e-12,4.24902e-13
LAPACK,453,1,0,10,1e-12,0.00418698,0,1.76215e-12,4.03432e-13
LAPACK,454,1,0,10,1e-12,0.004196,0,2.95586e-12,4.21482e-13
LAPACK,455,1,0,10,1e-12,0.00419115,0,2.78533e-12,4.22639e-13
LAPACK,456,1,0,10,1e-12,0.00424072,0,2.16005e-12,4.0963e-13
LAPACK,457,1,0,10,1e-12,0.00430123,0,3.86535e-12,4.24446e-13
LAPACK,458,1,0,10,1e-12,0.00431891,0,2.72848e-12,4.46107e-13
LAPACK,459,1,0,10,1e-12,0.00429446,0,3.97904e-12,4.6336e-13
LAPACK,460,1,0,10,1e-12,0.00429606,0,4.09273e-12,4.42827e-13
LAPACK,461,1,0,10,1e-12,0.00428678,0,3.06954e-12,4.48036e-13
LAPACK,462,1,0,10,1e-12,0.00440703,0,3.18323e-12,5.9629e-13
LAPACK,463,1,0,10,1e-12,0.00435864,0,2.84217e-12,4.26897e-13
LAPACK,464,1,0,10,1e-12,0.00434105,0,3.0127e-12,3.99828e-13
LAPACK,465,1,0,10,1e-12,0.00438176,0,2.6148e-12,4.35363e-13
LAPACK,466,1,0,10,1e-12,0.00443121,0,3.0127e-12,4.65544e-13
LAPACK,467,1,0,10,1e-12,0.00442901,0,2.78533e-12,4.34957e-13
LAPACK,468,1,0,10,1e-12,0.00441941,0,2.27374e-12,4.09848e-13
LAPACK,469,1,0,10,1e-12,0.00445565,0,3.52429e-12,4.11265e-13
LAPACK,470,1,0,10,1e-12,0.00446212,0,3.52429e-12,4.12362e-13
LAPACK,471,1,0,10,1e-12,0.00448069,0,2.16005e-12,3.95205e-13
LAPACK,472,1,0,10,1e-12,0.00440729,0,2.95586e-12,4.11447e-13
LAPACK,473,1,0,10,1e-12,0.00446774,0,3.35376e-12,4.39174e-13
LAPACK,474,1,0,10,1e-12,0.00454588,0,2.13163e-12,4.46141e-13
LAPACK,475,1,0,10,1e-12,0.00455901,0,1.93268e-12,4.05456e-13
LAPACK,476,1,0,10,1e-12,0.00455,0,2.04636e-12,3.88496e-13
LAPACK,477,1,0,10,1e-12,0.00460186,0,2.38742e-12,4.18331e-13
LAPACK,478,1,0,10,1e-12,0.00462464,0,2.16005e-12,4.44506e-13
LAPACK,479,1,0,10,1e-12,0.00463097,0,2.95586e-12,4.68131e-13
LAPACK,480,1,0,10,1e-12,0.00463444,0,2.95586e-12,3.89849e-13
LAPACK,481,1,0,10,1e-12,0.0046797,0,2.98428e-12,4.06304e-13
LAPACK,482,1,0,10,1e-12,0.00470388,0,3.0127e-12,4.22309e-13
LAPACK,483,1,0,10,1e-12,0.00466668,0,2.6148e-12,3.80508e-13
LAPACK,484,1,0,10,1e-12,0.00469407,0,2.72848e-12,4.43801e-13
LAPACK,485,1,0,10,1e-12,0.00472968,0,2.6148e-12,4.14989e-13
LAPACK,486,1,0,10,1e-12,0.00477726,0,3.35376e-12,4.2963e-13
LAPACK,487,1,0,10,1e-12,0.00480545,0,2.04636e-12,3.73034e-13
LAPACK,488,1,0,10,1e-12,0.0047594,0,2.50111e-12,4.13064e-13
LAPACK,489,1,0,10,1e-12,0.00481691,0,2.6148e-12,4.43581e-13
LAPACK,490,1,0,10,1e-12,0.00480777,0,2.55795e-12,4.08123e-13
LAPACK,491,1,0,10,1e-12,0.00481957,0,2.89901e-12,3.74509e-13
LAPACK,492,1,0,10,1e-12,0.00490594,0,2.89901e-12,4.66082e-13
LAPACK,493,1,0,10,1e-12,0.0049502,0,2.27374e-12,4.39427e-13
LAPACK,494,1,0,10,1e-12,0.00491898,0,3.18323e-12,4.09143e-13
LAPACK,495,1,0,10,1e-12,0.00491039,0,2.6148e-12,4.15423e-13
LAPACK,496,1,0,10,1e-12,0.0050037,0,2.84217e-12,4.61201e-13
LAPACK,497,1,0,10,1e-12,0.00498372,0,2.38742e-12,3.93228e-13
LAPACK,498,1,0,10,1e-12,0.00502015,0,3.69482e-12,4.55561e-13
LAPACK,499,1,0,10,1e-12,0.00503098,0,2.38742e-12,4.52832e-13
LAPACK,500,1,0,10,1e-12,0.00502597,0,2.16005e-12,4.03877e-13
LAPACK,501,1,0,10,1e-12,0.00509167,0,3.41061e-12,4.59474e-13
LAPACK,502,1,0,10,1e-12,0.00508667,0,2.72848e-12,4.76978e-13
LAPACK,503,1,0,10,1e-12,0.00517269,0,2.95586e-12,5.19174e-13
LAPACK,504,1,0,10,1e-12,0.00519068,0,2.84217e-12,4.18684e-13
LAPACK,505,1,0,10,1e-12,0.00517958,0,2.95586e-12,4.54219e-13
LAPACK,506,1,0,10,1e-12,0.00514784,0,2.72848e-12,4.40997e-13
LAPACK,507,1,0,10,1e-12,0.00522306,0,2.27374e-12,4.98819e-13
LAPACK,508,1,0,10,1e-12,0.00523504,0,2.55795e-12,4.08466e-13
LAPACK,509,1,0,10,1e-12,0.00526424,0,2.6148e-12,4.46165e-13
LAPACK,510,1,0,10,1e-12,0.0053157,0,2.87059e-12,4.40995e-13
LAPACK,511,1,0,10,1e-12,0.0052944,0,3.63798e-12,4.28397e-13
LAPACK,512,1,0,10,1e-12,0.00530896,0,3.18323e-12,4.74616e-13
LAPACK,513,1,0,10,1e-12,0.00535351,0,4.43379e-12,4.61616e-13
LAPACK,514,1,0,10,1e-12,0.00538417,0,2.59348e-12,4.81447e-13
LAPACK,515,1,0,10,1e-12,0.00532274,0,2.65743e-12,4.46783e-13
LAPACK,516,1,0,10,1e-12,0.00537096,0,2.84217e-12,3.96372e-13
LAPACK,517,1,0,10,1e-12,0.00546844,0,2.16005e-12,4.41355e-13
LAPACK,518,1,0,10,1e-12,0.00545261,0,2.27374e-12,4.49274e-13
LAPACK,519,1,0,10,1e-12,0.00543829,0,2.50111e-12,4.07301e-13
LAPACK,520,1,0,10,1e-12,0.00547678,0,3.41061e-12,4.30806e-13
LAPACK,521,1,0,10,1e-12,0.00548433,0,2.72848e-12,4.1406e-13
LAPACK,522,1,0,10,1e-12,0.00550812,0,3.63798e-12,4.72607e-13
LAPACK,523,1,0,10,1e-12,0.00556522,0,2.84217e-12,4.45164e-13
LAPACK,524,1,0,10,1e-12,0.00559475,0,2.84217e-12,4.46402e-13
LAPACK,525,1,0,10,1e-12,0.00557168,0,3.52429e-12,4.55554e-13
LAPACK,526,1,0,10,1e-12,0.00558032,0,2.38742e-12,4.08714e-13
LAPACK,527,1,0,10,1e-12,0.00560862,0,3.18323e-12,4.3375e-13
LAPACK,528,1,0,10,1e-12,0.00561695,0,2.72848e-12,5.16878e-13
LAPACK,529,1,0,10,1e-12,0.00564778,0,2.16005e-12,4.014e-13
LAPACK,530,1,0,10,1e-12,0.00561851,0,2.27374e-12,3.79077e-13
LAPACK,531,1,0,10,1e-12,0.00562507,0,3.9222e-12,4.46842e-13
LAPACK,532,1,0,10,1e-12,0.00565991,0,2.87059e-12,4.14906e-13
LAPACK,533,1,0,10,1e-12,0.00575361,0,2.58638e-12,4.05798e-13
LAPACK,534,1,0,10,1e-12,0.00576202,0,2.6148e-12,4.4928e-13
LAPACK,535,1,0,10,1e-12,0.0058345,0,3.18323e-12,4.96785e-13
LAPACK,536,1,0,10,1e-12,0.00586205,0,3.06954e-12,4.64613e-13
LAPACK,537,1,0,10,1e-12,0.00580733,0,3.52429e-12,4.84708e-13
LAPACK,538,1,0,10,1e-12,0.00585043,0,2.38742e-12,4.70144e-13
LAPACK,539,1,0,10,1e-12,0.0058822,0,3.29692e-12,4.59241e-13
LAPACK,540,1,0,10,1e-12,0.00591434,0,2.50111e-12,4.10968e-13
LAPACK,541,1,0,10,1e-12,0.00590308,0,3.72324e-12,4.86356e-13
LAPACK,542,1,0,10,1e-12,0.0058846,0,2.50111e-12,4.37579e-13
LAPACK,543,1,0,10,1e-12,0.0059903,0,2.84217e-12,4.55946e-13
LAPACK,544,1,0,10,1e-12,0.00598387,0,2.95586e-12,4.39354e-13
LAPACK,545,1,0,10,1e-12,0.00602979,0,3.24007e-12,4.81949e-13
LAPACK,546,1,0,10,1e-12,0.00593904,0,3.75167e-12,4.725e-13
LAPACK,547,1,0,10,1e-12,0.00593913,0,2.27374e-12,4.38856e-13
LAPACK,548,1,0,10,1e-12,0.00596668,0,2.16005e-12,4.48708e-13
LAPACK,549,1,0,10,1e-12,0.0059555,0,2.30216e-12,4.61434e-13
LAPACK,550,1,0,10,1e-12,0.00608611,0,3.63798e-12,4.63338e-13
LAPACK,551,1,0,10,1e-12,0.00611101,0,2.33058e-12,4.57161e-13
LAPACK,552,1,0,10,1e-12,0.0061236,0,3.52429e-12,4.92661e-13
LAPACK,553,1,0,10,1e-12,0.00615859,0,3.06954e-12,4.49377e-13
LAPACK,554,1,0,10,1e-12,0.0061889,0,3.29692e-12,4.68827e-13
LAPACK,555,1,0,10,1e-12,0.00614342,0,2.38742e-12,4.19162e-13
LAPACK,556,1,0,10,1e-12,0.00618361,0,2.67164e-12,4.13833e-13
LAPACK,557,1,0,10,1e-12,0.00624407,0,2.50111e-12,4.66144e-13
LAPACK,558,1,0,10,1e-12,0.0062104,0,3.18323e-12,4.3775e-13
LAPACK,559,1,0,10,1e-12,0.00616087,0,2.44427e-12,4.11134e-13
LAPACK,560,1,0,10,1e-12,0.00632687,0,3.97904e-12,4.37488e-13
LAPACK,561,1,0,10,1e-12,0.00627806,0,3.09797e-12,4.57812e-13
LAPACK,562,1,0,10,1e-12,0.00625842,0,3.43903e-12,4.19756e-13
LAPACK,563,1,0,10,1e-12,0.00630338,0,2.72848e-12,4.4033e-13
LAPACK,564,1,0,10,1e-12,0.00637211,0,3.35376e-12,4.68605e-13
LAPACK,565,1,0,10,1e-12,0.00638735,0,3.0127e-12,4.38882e-13
LAPACK,566,1,0,10,1e-12,0.00638395,0,3.86535e-12,4.11884e-13
LAPACK,567,1,0,10,1e-12,0.00643674,0,3.29692e-12,4.65538e-13
LAPACK,568,1,0,10,1e-12,0.00637548,0,3.29692e-12,4.26622e-13
LAPACK,569,1,0,10,1e-12,0.00652257,0,3.0127e-12,4.35568e-13
LAPACK,570,1,0,10,1e-12,0.0065107,0,3.41061e-12,4.6491e-13
LAPACK,571,1,0,10,1e-12,0.0064977,0,2.50111e-12,4.58414e-13
LAPACK,572,1,0,10,1e-12,0.00658875,0,2.84217e-12,4.47414e-13
LAPACK,573,1,0,10,1e-12,0.0065163,0,2.72848e-12,4.25343e-13
LAPACK,574,1,0,10,1e-12,0.00657144,0,3.06954e-12,4.28852e-13
LAPACK,575,1,0,10,1e-12,0.00666809,0,2.50111e-12,4.55293e-13
LAPACK,576,1,0,10,1e-12,0.00657974,0,3.18323e-12,4.63055e-13
LAPACK,577,1,0,10,1e-12,0.00661581,0,3.08376e-12,4.59444e-13
LAPACK,578,1,0,10,1e-12,0.00669173,0,3.41061e-12,4.36787e-13
LAPACK,579,1,0,10,1e-12,0.00679423,0,3.59535e-12,4.91779e-13
LAPACK,580,1,0,10,1e-12,0.00663967,0,2.38742e-12,4.4309e-13
LAPACK,581,1,0,10,1e-12,0.00680527,0,3.18323e-12,5.08018e-13
LAPACK,582,1,0,10,1e-12,0.0067833,0,3.52429e-12,4.74964e-13
LAPACK,583,1,0,10,1e-12,0.00677127,0,4.20641e-12,4.25403e-13
LAPACK,584,1,0,10,1e-12,0.00683898,0,3.18323e-12,4.19198e-13
LAPACK,585,1,0,10,1e-12,0.00685766,0,2.38742e-12,4.49797e-13
LAPACK,586,1,0,10,1e-12,0.00682172,0,2.50111e-12,4.25141e-13
LAPACK,587,1,0,10,1e-12,0.00690516,0,2.95586e-12,4.37179e-13
LAPACK,588,1,0,10,1e-12,0.00691023,0,2.38742e-12,4.53313e-13
LAPACK,589,1,0,10,1e-12,0.00699716,0,2.72848e-12,4.44188e-13
LAPACK,590,1,0,10,1e-12,0.00693433,0,2.6148e-12,4.42422e-13
LAPACK,591,1,0,10,1e-12,0.00693288,0,3.06954e-12,4.53972e-13
LAPACK,592,1,0,10,1e-12,0.00702756,0,2.95586e-12,4.4558e-13
LAPACK,593,1,0,10,1e-12,0.00707542,0,2.8848e-12,4.49492e-13
LAPACK,594,1,0,10,1e-12,0.007011,0,2.89901e-12,4.52122e-13
LAPACK,595,1,0,10,1e-12,0.00713242,0,2.50111e-12,4.64179e-13
LAPACK,596,1,0,10,1e-12,0.00709681,0,3.06954e-12,4.63908e-13
LAPACK,597,1,0,10,1e-12,0.00713614,0,3.06954e-12,4.77085e-13
LAPACK,598,1,0,10,1e-12,0.00726328,0,3.52429e-12,5.05437e-13
LAPACK,599,1,0,10,1e-12,0.00714434,0,3.29692e-12,4.52458e-13
LAPACK,600,1,0,10,1e-12,0.00725273,0,2.6148e-12,4.46043e-13
LAPACK,601,1,0,10,1e-12,0.00718964,0,2.67164e-12,4.75064e-13
LAPACK,602,1,0,10,1e-12,0.00726436,0,2.27374e-12,4.64771e-13
LAPACK,603,1,0,10,1e-12,0.00726238,0,2.55795e-12,4.09019e-13
LAPACK,604,1,0,10,1e-12,0.00731322,0,3.52429e-12,4.13933e-13
LAPACK,605,1,0,10,1e-12,0.00723494,0,2.16005e-12,4.14194e-13
LAPACK,606,1,0,10,1e-12,0.00738939,0,3.12639e-12,4.72299e-13
LAPACK,607,1,0,10,1e-12,0.00739258,0,2.84217e-12,4.83541e-13
LAPACK,608,1,0,10,1e-12,0.00740137,0,3.15481e-12,4.85362e-13
LAPACK,609,1,0,10,1e-12,0.00736384,0,3.29692e-12,4.29963e-13
LAPACK,610,1,0,10,1e-12,0.0074717,0,3.29692e-12,4.48148e-13
LAPACK,611,1,0,10,1e-12,0.0074254,0,2.95586e-12,4.3507e-13
LAPACK,612,1,0,10,1e-12,0.00752146,0,4.20641e-12,4.69263e-13
LAPACK,613,1,0,10,1e-12,0.00751084,0,3.63798e-12,4.2079e-13
LAPACK,614,1,0,10,1e-12,0.00758303,0,2.84217e-12,4.50522e-13
LAPACK,615,1,0,10,1e-12,0.00758868,0,3.04112e-12,4.82112e-13
LAPACK,616,1,0,10,1e-12,0.00756672,0,3.41061e-12,4.93554e-13
LAPACK,617,1,0,10,1e-12,0.00759432,0,3.73745e-12,3.99671e-13
LAPACK,618,1,0,10,1e-12,0.00768917,0,2.50822e-12,4.74931e-13
LAPACK,619,1,0,10,1e-12,0.00759768,0,2.67164e-12,4.19656e-13
LAPACK,620,1,0,10,1e-12,0.00761608,0,3.46745e-12,4.71686e-13
LAPACK,621,1,0,10,1e-12,0.00767095,0,2.84217e-12,4.5743e-13
LAPACK,622,1,0,10,1e-12,0.00775889,0,3.06954e-12,4.70644e-13
LAPACK,623,1,0,10,1e-12,0.0077491,0,2.44427e-12,4.47215e-13
LAPACK,624,1,0,10,1e-12,0.00772665,0,3.18323e-12,4.8594e-13
LAPACK,625,1,0,10,1e-12,0.00785999,0,2.6148e-12,3.99593e-13
LAPACK,626,1,0,10,1e-12,0.00780182,0,3.69482e-12,4.7668e-13
LAPACK,627,1,0,10,1e-12,0.007769,0,3.63798e-12,4.19623e-13
LAPACK,628,1,0,10,1e-12,0.00788118,0,2.37321e-12,4.65323e-13
LAPACK,629,1,0,10,1e-12,0.00783606,0,3.40528e-12,4.39241e-13
LAPACK,630,1,0,10,1e-12,0.00789797,0,2.6148e-12,4.4074e-13
LAPACK,631,1,0,10,1e-12,0.00789085,0,3.41061e-12,4.3701e-13
LAPACK,632,1,0,10,1e-12,0.00794733,0,3.29692e-12,4.63822e-13
LAPACK,633,1,0,10,1e-12,0.00796292,0,3.52429e-12,4.62383e-13
LAPACK,634,1,0,10,1e-12,0.00792856,0,3.43903e-12,4.20867e-13
LAPACK,635,1,0,10,1e-12,0.00797075,0,3.18323e-12,4.27482e-13
LAPACK,636,1,0,10,1e-12,0.00806594,0,2.44427e-12,4.72538e-13
LAPACK,637,1,0,10,1e-12,0.00797843,0,3.38218e-12,4.3736e-13
LAPACK,638,1,0,10,1e-12,0.0080497,0,3.86535e-12,4.02646e-13
LAPACK,639,1,0,10,1e-12,0.00810644,0,2.95586e-12,4.57668e-13
LAPACK,640,1,0,10,1e-12,0.00805233,0,3.29692e-12,4.37712e-13
LAPACK,641,1,0,10,1e-12,0.00819191,0,4.00746e-12,5.20759e-13
LAPACK,642,1,0,10,1e-12,0.00811232,0,4.77485e-12,4.24643e-13
LAPACK,643,1,0,10,1e-12,0.00823023,0,2.6148e-12,4.54098e-13
LAPACK,644,1,0,10,1e-12,0.0082462,0,2.84217e-12,4.51902e-13
LAPACK,645,1,0,10,1e-12,0.00813331,0,4.09273e-12,4.74083e-13
LAPACK,646,1,0,10,1e-12,0.00823804,0,3.29692e-12,4.3029e-13
LAPACK,647,1,0,10,1e-12,0.00825487,0,3.63798e-12,4.27427e-13
LAPACK,648,1,0,10,1e-12,0.00837676,0,3.06954e-12,4.66025e-13
LAPACK,649,1,0,10,1e-12,0.00829703,0,3.41061e-12,5.03666e-13
LAPACK,650,1,0,10,1e-12,0.00830041,0,3.75167e-12,4.23806e-13
LAPACK,651,1,0,10,1e-12,0.00840058,0,3.18323e-12,4.52478e-13
LAPACK,652,1,0,10,1e-12,0.00842404,0,3.97904e-12,4.21641e-13
LAPACK,653,1,0,10,1e-12,0.00839231,0,2.78533e-12,4.00338e-13
LAPACK,654,1,0,10,1e-12,0.00840081,0,3.12639e-12,4.2218e-13
LAPACK,655,1,0,10,1e-12,0.008383,0,3.95062e-12,4.32542e-13
LAPACK,656,1,0,10,1e-12,0.00849483,0,3.69482e-12,3.9967e-13
LAPACK,657,1,0,10,1e-12,0.00844652,0,4.09273e-12,4.04595e-13
LAPACK,658,1,0,10,1e-12,0.00859583,0,3.05533e-12,4.26277e-13
LAPACK,659,1,0,10,1e-12,0.00845478,0,3.97904e-12,4.20421e-13
LAPACK,660,1,0,10,1e-12,0.00863721,0,3.86535e-12,4.22024e-13
LAPACK,661,1,0,10,1e-12,0.00865026,0,2.95586e-12,4.4384e-13
LAPACK,662,1,0,10,1e-12,0.00866045,0,2.50111e-12,4.09064e-13
LAPACK,663,1,0,10,1e-12,0.00858264,0,2.84217e-12,4.29123e-13
LAPACK,664,1,0,10,1e-12,0.00871849,0,3.63798e-12,4.11946e-13
LAPACK,665,1,0,10,1e-12,0.00874439,0,4.14957e-12,4.4117e-13
LAPACK,666,1,0,10,1e-12,0.00869792,0,3.75167e-12,4.21979e-13
LAPACK,667,1,0,10,1e-12,0.008759,0,2.72848e-12,4.33526e-13
LAPACK,668,1,0,10,1e-12,0.00873164,0,3.52429e-12,4.38667e-13
LAPACK,669,1,0,10,1e-12,0.00873566,0,3.29692e-12,4.72179e-13
LAPACK,670,1,0,10,1e-12,0.00883435,0,2.64322e-12,4.16853e-13
LAPACK,671,1,0,10,1e-12,0.0088516,0,3.18323e-12,4.29003e-13
LAPACK,672,1,0,10,1e-12,0.00898226,0,4.3201e-12,4.77975e-13
LAPACK,673,1,0,10,1e-12,0.00886856,0,2.6148e-12,3.89711e-13
LAPACK,674,1,0,10,1e-12,0.00894316,0,2.50111e-12,4.12929e-13
LAPACK,675,1,0,10,1e-12,0.00889549,0,3.41061e-12,4.34754e-13
LAPACK,676,1,0,10,1e-12,0.00900319,0,3.63798e-12,4.58477e-13
LAPACK,677,1,0,10,1e-12,0.00898159,0,3.32534e-12,4.33055e-13
LAPACK,678,1,0,10,1e-12,0.00917765,0,2.72848e-12,4.07328e-13
LAPACK,679,1,0,10,1e-12,0.00907269,0,3.06954e-12,5.01147e-13
LAPACK,680,1,0,10,1e-12,0.00913827,0,2.67164e-12,4.11931e-13
LAPACK,681,1,0,10,1e-12,0.00911742,0,3.29692e-12,4.86543e-13
LAPACK,682,1,0,10,1e-12,0.00915154,0,4.54747e-12,4.59777e-13
LAPACK,683,1,0,10,1e-12,0.00918701,0,3.63798e-12,4.39879e-13
LAPACK,684,1,0,10,1e-12,0.00923532,0,2.44249e-12,4.51262e-13
LAPACK,685,1,0,10,1e-12,0.00924271,0,2.43006e-12,4.47915e-13
LAPACK,686,1,0,10,1e-12,0.00927849,0,3.06954e-12,4.77463e-13
LAPACK,687,1,0,10,1e-12,0.00926573,0,3.75167e-12,4.67749e-13
LAPACK,688,1,0,10,1e-12,0.00943447,0,3.6664e-12,4.83226e-13
LAPACK,689,1,0,10,1e-12,0.00930174,0,3.29692e-12,4.59504e-13
LAPACK,690,1,0,10,1e-12,0.00939693,0,3.86535e-12,4.77361e-13
LAPACK,691,1,0,10,1e-12,0.00942672,0,3.0127e-12,4.1405e-13
LAPACK,692,1,0,10,1e-12,0.00945938,0,4.09273e-12,4.76811e-13
LAPACK,693,1,0,10,1e-12,0.00943562,0,3.35376e-12,4.13089e-13
LAPACK,694,1,0,10,1e-12,0.00941208,0,2.95586e-12,4.25825e-13
LAPACK,695,1,0,10,1e-12,0.00935354,0,3.12639e-12,4.12116e-13
LAPACK,696,1,0,10,1e-12,0.00946622,0,3.43903e-12,4.3976e-13
LAPACK,697,1,0,10,1e-12,0.00963028,0,3.75167e-12,4.83738e-13
LAPACK,698,1,0,10,1e-12,0.00955092,0,3.06954e-12,4.20213e-13
LAPACK,699,1,0,10,1e-12,0.009487,0,3.41061e-12,4.59136e-13
LAPACK,700,1,0,10,1e-12,0.00957917,0,3.29692e-12,5.04002e-13
LAPACK,701,1,0,10,1e-12,0.00964886,0,2.84217e-12,4.44372e-13
LAPACK,702,1,0,10,1e-12,0.00966511,0,3.29692e-12,4.17192e-13
LAPACK,703,1,0,10,1e-12,0.00981243,0,3.06954e-12,4.5897e-13
LAPACK,704,1,0,10,1e-12,0.00973412,0,3.97904e-12,4.72875e-13
LAPACK,705,1,0,10,1e-12,0.00974844,0,4.43379e-12,4.68445e-13
LAPACK,706,1,0,10,1e-12,0.00975458,0,2.72848e-12,4.3754e-13
LAPACK,707,1,0,10,1e-12,0.00987574,0,2.95586e-12,4.34749e-13
LAPACK,708,1,0,10,1e-12,0.00987754,0,3.06954e-12,4.87367e-13
LAPACK,709,1,0,10,1e-12,0.00970024,0,3.29692e-12,4.30377e-13
LAPACK,710,1,0,10,1e-12,0.00985155,0,3.58114e-12,4.61128e-13
LAPACK,711,1,0,10,1e-12,0.00993907,0,3.29692e-12,4.65227e-13
LAPACK,712,1,0,10,1e-12,0.00999112,0,2.89901e-12,4.72111e-13
LAPACK,713,1,0,10,1e-12,0.010052,0,3.80851e-12,4.37042e-13
LAPACK,714,1,0,10,1e-12,0.0100106,0,2.52953e-12,4.40155e-13
LAPACK,715,1,0,10,1e-12,0.0100257,0,3.29692e-12,4.31021e-13
LAPACK,716,1,0,10,1e-12,0.0100346,0,2.95586e-12,4.35982e-13
LAPACK,717,1,0,10,1e-12,0.0100546,0,3.06954e-12,4.5856e-13
LAPACK,718,1,0,10,1e-12,0.0101407,0,3.41061e-12,4.29861e-13
LAPACK,719,1,0,10,1e-12,0.0101625,0,3.18323e-12,5.0145e-13
LAPACK,720,1,0,10,1e-12,0.0102265,0,4.20641e-12,4.53226e-13
LAPACK,721,1,0,10,1e-12,0.0101144,0,3.29692e-12,4.30403e-13
LAPACK,722,1,0,10,1e-12,0.010187,0,3.2685e-12,4.2288e-13
LAPACK,723,1,0,10,1e-12,0.0103127,0,2.95586e-12,4.43298e-13
LAPACK,724,1,0,10,1e-12,0.0102787,0,2.67164e-12,4.39836e-13
LAPACK,725,1,0,10,1e-12,0.0103278,0,3.63798e-12,4.55257e-13
LAPACK,726,1,0,10,1e-12,0.0103333,0,3.18323e-12,4.64145e-13
LAPACK,727,1,0,10,1e-12,0.0103088,0,3.09797e-12,4.50295e-13
LAPACK,728,1,0,10,1e-12,0.0104705,0,2.50111e-12,4.45807e-13
LAPACK,729,1,0,10,1e-12,0.0104898,0,2.84217e-12,4.75145e-13
LAPACK,730,1,0,10,1e-12,0.0104576,0,3.52429e-12,4.5661e-13
LAPACK,731,1,0,10,1e-12,0.0105692,0,2.95586e-12,4.89956e-13
LAPACK,732,1,0,10,1e-12,0.0104545,0,3.63798e-12,4.55734e-13
LAPACK,733,1,0,10,1e-12,0.0105282,0,3.89377e-12,4.56494e-13
LAPACK,734,1,0,10,1e-12,0.0106075,0,3.28271e-12,5.0471e-13
LAPACK,735,1,0,10,1e-12,0.0106217,0,2.95586e-12,4.25244e-13
LAPACK,736,1,0,10,1e-12,0.0107372,0,3.95062e-12,4.53394e-13
LAPACK,737,1,0,10,1e-12,0.010682,0,4.77485e-12,4.66854e-13
LAPACK,738,1,0,10,1e-12,0.0106684,0,3.41061e-12,4.65737e-13
LAPACK,739,1,0,10,1e-12,0.0107732,0,3.52429e-12,4.46864e-13
LAPACK,740,1,0,10,1e-12,0.0107472,0,3.06954e-12,4.38247e-13
LAPACK,741,1,0,10,1e-12,0.0106787,0,2.50111e-12,4.72543e-13
LAPACK,742,1,0,10,1e-12,0.0107711,0,3.38218e-12,4.43426e-13
LAPACK,743,1,0,10,1e-12,0.0109761,0,2.38742e-12,4.16253e-13
LAPACK,744,1,0,10,1e-12,0.0108447,0,2.95586e-12,4.52665e-13
LAPACK,745,1,0,10,1e-12,0.0108772,0,3.86535e-12,4.49959e-13
LAPACK,746,1,0,10,1e-12,0.0110088,0,3.6664e-12,4.81678e-13
LAPACK,747,1,0,10,1e-12,0.0109327,0,4.09273e-12,4.4496e-13
LAPACK,748,1,0,10,1e-12,0.0108804,0,4.3201e-12,4.73721e-13
LAPACK,749,1,0,10,1e-12,0.0109537,0,3.75167e-12,4.75549e-13
LAPACK,750,1,0,10,1e-12,0.0110567,0,2.95586e-12,4.66222e-13
LAPACK,751,1,0,10,1e-12,0.0110874,0,3.29692e-12,4.71313e-13
LAPACK,752,1,0,10,1e-12,0.0111584,0,3.15481e-12,4.54974e-13
LAPACK,753,1,0,10,1e-12,0.0112774,0,3.63798e-12,4.45756e-13
LAPACK,754,1,0,10,1e-12,0.0111377,0,5.22959e-12,4.90427e-13
LAPACK,755,1,0,10,1e-12,0.011263,0,3.52429e-12,4.46836e-13
LAPACK,756,1,0,10,1e-12,0.0111844,0,2.78533e-12,4.88236e-13
LAPACK,757,1,0,10,1e-12,0.0112817,0,2.95586e-12,4.81787e-13
LAPACK,758,1,0,10,1e-12,0.0113641,0,3.18323e-12,4.77929e-13
LAPACK,759,1,0,10,1e-12,0.0112985,0,3.43903e-12,5.08048e-13
LAPACK,760,1,0,10,1e-12,0.011341,0,3.18323e-12,4.58952e-13
LAPACK,761,1,0,10,1e-12,0.0112779,0,2.95586e-12,4.57311e-13
LAPACK,762,1,0,10,1e-12,0.0114262,0,4.54747e-12,4.74197e-13
LAPACK,763,1,0,10,1e-12,0.0113894,0,3.58114e-12,4.46705e-13
LAPACK,764,1,0,10,1e-12,0.0114406,0,3.52429e-12,4.57472e-13
LAPACK,765,1,0,10,1e-12,0.0115444,0,2.72848e-12,4.34839e-13
LAPACK,766,1,0,10,1e-12,0.0115077,0,4.14957e-12,4.64863e-13
LAPACK,767,1,0,10,1e-12,0.0114627,0,4.20641e-12,4.79241e-13
LAPACK,768,1,0,10,1e-12,0.0114406,0,3.09797e-12,4.82981e-13
LAPACK,769,1,0,10,1e-12,0.0116402,0,4.26326e-12,4.748e-13
LAPACK,770,1,0,10,1e-12,0.0114966,0,4.78906e-12,4.36075e-13
LAPACK,771,1,0,10,1e-12,0.0116468,0,3.06954e-12,4.70352e-13
LAPACK,772,1,0,10,1e-12,0.01176,0,2.89901e-12,4.73576e-13
LAPACK,773,1,0,10,1e-12,0.0116675,0,3.63798e-12,4.44529e-13
LAPACK,774,1,0,10,1e-12,0.0117545,0,5.00222e-12,4.70791e-13
LAPACK,775,1,0,10,1e-12,0.0118388,0,4.3201e-12,4.27824e-13
LAPACK,776,1,0,10,1e-12,0.0118209,0,2.95586e-12,4.58739e-13
LAPACK,777,1,0,10,1e-12,0.0118356,0,3.63798e-12,4.51252e-13
LAPACK,778,1,0,10,1e-12,0.0117692,0,3.75167e-12,4.54805e-13
LAPACK,779,1,0,10,1e-12,0.0119116,0,3.18323e-12,4.59433e-13
LAPACK,780,1,0,10,1e-12,0.0119051,0,3.45324e-12,4.68707e-13
LAPACK,781,1,0,10,1e-12,0.0119185,0,3.04823e-12,4.66846e-13
LAPACK,782,1,0,10,1e-12,0.0119323,0,2.10321e-12,4.29603e-13
LAPACK,783,1,0,10,1e-12,0.012129,0,3.52429e-12,4.38653e-13
LAPACK,784,1,0,10,1e-12,0.0120725,0,3.52429e-12,4.80486e-13
LAPACK,785,1,0,10,1e-12,0.0121327,0,2.84217e-12,4.30454e-13
LAPACK,786,1,0,10,1e-12,0.012161,0,3.41061e-12,4.64556e-13
LAPACK,787,1,0,10,1e-12,0.0121421,0,3.09797e-12,4.50211e-13
LAPACK,788,1,0,10,1e-12,0.0120547,0,3.41061e-12,4.38229e-13
LAPACK,789,1,0,10,1e-12,0.0122219,0,2.50111e-12,4.53402e-13
LAPACK,790,1,0,10,1e-12,0.0122287,0,3.86535e-12,4.60199e-13
LAPACK,791,1,0,10,1e-12,0.012222,0,3.18323e-12,4.54959e-13
LAPACK,792,1,0,10,1e-12,0.0121838,0,2.78533e-12,4.75102e-13
LAPACK,793,1,0,10,1e-12,0.0123037,0,3.63798e-12,4.96459e-13
LAPACK,794,1,0,10,1e-12,0.0124586,0,3.24007e-12,4.69956e-13
LAPACK,795,1,0,10,1e-12,0.0122798,0,4.83169e-12,4.79287e-13
LAPACK,796,1,0,10,1e-12,0.0123706,0,3.0127e-12,4.30101e-13
LAPACK,797,1,0,10,1e-12,0.0124654,0,4.03588e-12,4.76876e-13
LAPACK,798,1,0,10,1e-12,0.0124353,0,3.75167e-12,4.64826e-13
LAPACK,799,1,0,10,1e-12,0.0124467,0,3.06954e-12,4.32288e-13
LAPACK,800,1,0,10,1e-12,0.0125917,0,3.46745e-12,4.49514e-13
LAPACK,801,1,0,10,1e-12,0.012522,0,4.66116e-12,4.67055e-13
LAPACK,802,1,0,10,1e-12,0.0125748,0,4.14957e-12,4.45103e-13
LAPACK,803,1,0,10,1e-12,0.0125946,0,5.34328e-12,4.5713e-13
LAPACK,804,1,0,10,1e-12,0.0126725,0,3.68061e-12,4.46571e-13
LAPACK,805,1,0,10,1e-12,0.0127302,0,3.41061e-12,4.68621e-13
LAPACK,806,1,0,10,1e-12,0.0125814,0,3.52429e-12,4.25813e-13
LAPACK,807,1,0,10,1e-12,0.012735,0,5.11591e-12,4.82263e-13
LAPACK,808,1,0,10,1e-12,0.0128318,0,4.03588e-12,4.36882e-13
LAPACK,809,1,0,10,1e-12,0.012857,0,3.86535e-12,4.49798e-13
LAPACK,810,1,0,10,1e-12,0.0128479,0,3.12639e-12,4.40478e-13
LAPACK,811,1,0,10,1e-12,0.0128116,0,3.29692e-12,4.56554e-13
LAPACK,812,1,0,10,1e-12,0.0128672,0,4.66116e-12,4.36983e-13
LAPACK,813,1,0,10,1e-12,0.0130176,0,5.28644e-12,4.91067e-13
LAPACK,814,1,0,10,1e-12,0.0128806,0,4.09273e-12,4.61256e-13
LAPACK,815,1,0,10,1e-12,0.0128085,0,4.3201e-12,4.2915e-13
LAPACK,816,1,0,10,1e-12,0.012966,0,3.63798e-12,4.86008e-13
LAPACK,817,1,0,10,1e-12,0.0129207,0,3.18323e-12,4.57916e-13
LAPACK,818,1,0,10,1e-12,0.0130749,0,3.69482e-12,4.94093e-13
LAPACK,819,1,0,10,1e-12,0.0130254,0,2.6148e-12,4.46866e-13
LAPACK,820,1,0,10,1e-12,0.013049,0,3.9222e-12,4.78531e-13
LAPACK,821,1,0,10,1e-12,0.013138,0,3.5314e-12,4.33135e-13
LAPACK,822,1,0,10,1e-12,0.013218,0,2.84217e-12,4.60487e-13
LAPACK,823,1,0,10,1e-12,0.0132253,0,3.29692e-12,4.05244e-13
LAPACK,824,1,0,10,1e-12,0.0132504,0,2.99138e-12,4.67122e-13
LAPACK,825,1,0,10,1e-12,0.0132257,0,3.58114e-12,4.44687e-13
LAPACK,826,1,0,10,1e-12,0.01333,0,3.41061e-12,4.61554e-13
LAPACK,827,1,0,10,1e-12,0.0132935,0,2.63611e-12,4.05518e-13
LAPACK,828,1,0,10,1e-12,0.0132719,0,2.95586e-12,4.69194e-13
LAPACK,829,1,0,10,1e-12,0.0134212,0,3.12639e-12,4.49242e-13
LAPACK,830,1,0,10,1e-12,0.0134864,0,4.14957e-12,4.7647e-13
LAPACK,831,1,0,10,1e-12,0.0135293,0,4.43379e-12,4.07617e-13
LAPACK,832,1,0,10,1e-12,0.013409,0,3.58114e-12,4.77156e-13
LAPACK,833,1,0,10,1e-12,0.0134676,0,3.06954e-12,4.54335e-13
LAPACK,834,1,0,10,1e-12,0.0135621,0,5.11591e-12,4.57058e-13
LAPACK,835,1,0,10,1e-12,0.0135605,0,3.63798e-12,4.78534e-13
LAPACK,836,1,0,10,1e-12,0.0135596,0,3.58114e-12,4.51289e-13
LAPACK,837,1,0,10,1e-12,0.0136263,0,3.97904e-12,4.35684e-13
LAPACK,838,1,0,10,1e-12,0.0137552,0,3.52429e-12,4.80404e-13
LAPACK,839,1,0,10,1e-12,0.0136621,0,3.06954e-12,4.34622e-13
LAPACK,840,1,0,10,1e-12,0.0137483,0,4.3201e-12,4.72746e-13
LAPACK,841,1,0,10,1e-12,0.0137694,0,4.09273e-12,4.93713e-13
LAPACK,842,1,0,10,1e-12,0.013729,0,3.12639e-12,4.25517e-13
LAPACK,843,1,0,10,1e-12,0.0138112,0,2.55795e-12,4.44228e-13
LAPACK,844,1,0,10,1e-12,0.0138305,0,3.06954e-12,4.55311e-13
LAPACK,845,1,0,10,1e-12,0.0139347,0,4.37694e-12,4.76785e-13
LAPACK,846,1,0,10,1e-12,0.0137784,0,3.01803e-12,4.68609e-13
LAPACK,847,1,0,10,1e-12,0.01379,0,4.14602e-12,4.45305e-13
LAPACK,848,1,0,10,1e-12,0.0139979,0,3.97904e-12,4.51009e-13
LAPACK,849,1,0,10,1e-12,0.0140259,0,3.75167e-12,4.52063e-13
LAPACK,850,1,0,10,1e-12,0.0139014,0,2.93454e-12,4.64879e-13
LAPACK,851,1,0,10,1e-12,0.0138031,0,2.95586e-12,4.30057e-13
LAPACK,852,1,0,10,1e-12,0.014001,0,3.86535e-12,4.36512e-13
LAPACK,853,1,0,10,1e-12,0.0141273,0,5.22959e-12,4.50311e-13
LAPACK,854,1,0,10,1e-12,0.0140959,0,3.97904e-12,4.24945e-13
LAPACK,855,1,0,10,1e-12,0.0140826,0,5.34328e-12,4.44186e-13
LAPACK,856,1,0,10,1e-12,0.0142421,0,2.84217e-12,4.31419e-13
LAPACK,857,1,0,10,1e-12,0.0140676,0,3.0127e-12,4.2542e-13
LAPACK,858,1,0,10,1e-12,0.0142488,0,4.43379e-12,4.45703e-13
LAPACK,859,1,0,10,1e-12,0.0142358,0,3.06954e-12,4.39129e-13
LAPACK,860,1,0,10,1e-12,0.0142988,0,2.84217e-12,4.50971e-13
LAPACK,861,1,0,10,1e-12,0.0142838,0,3.46745e-12,4.46057e-13
LAPACK,862,1,0,10,1e-12,0.0143179,0,3.46745e-12,4.66717e-13
LAPACK,863,1,0,10,1e-12,0.0145338,0,3.97904e-12,4.68947e-13
LAPACK,864,1,0,10,1e-12,0.0144573,0,3.97904e-12,4.44743e-13
LAPACK,865,1,0,10,1e-12,0.0144931,0,2.89901e-12,4.22757e-13
LAPACK,866,1,0,10,1e-12,0.0145707,0,4.00746e-12,4.58121e-13
LAPACK,867,1,0,10,1e-12,0.0144881,0,3.80851e-12,4.50118e-13
LAPACK,868,1,0,10,1e-12,0.0145965,0,3.18323e-12,5.01271e-13
LAPACK,869,1,0,10,1e-12,0.0146757,0,2.84217e-12,4.27677e-13
LAPACK,870,1,0,10,1e-12,0.0146909,0,3.75167e-12,4.32918e-13
LAPACK,871,1,0,10,1e-12,0.014896,0,4.3201e-12,4.70012e-13
LAPACK,872,1,0,10,1e-12,0.0145127,0,3.86535e-12,4.49186e-13
LAPACK,873,1,0,10,1e-12,0.0147363,0,2.89901e-12,4.71017e-13
LAPACK,874,1,0,10,1e-12,0.0147591,0,2.84217e-12,4.54955e-13
LAPACK,875,1,0,10,1e-12,0.0148652,0,3.63798e-12,4.43061e-13
LAPACK,876,1,0,10,1e-12,0.0146531,0,4.03588e-12,4.56088e-13
LAPACK,877,1,0,10,1e-12,0.0148953,0,3.0127e-12,4.21586e-13
LAPACK,878,1,0,10,1e-12,0.0148876,0,3.06954e-12,4.63938e-13
LAPACK,879,1,0,10,1e-12,0.0149061,0,3.18323e-12,4.44703e-13
LAPACK,880,1,0,10,1e-12,0.0150334,0,3.63798e-12,4.33545e-13
LAPACK,881,1,0,10,1e-12,0.0150239,0,4.14957e-12,4.23608e-13
LAPACK,882,1,0,10,1e-12,0.0150254,0,5.6275e-12,4.65077e-13
LAPACK,883,1,0,10,1e-12,0.0150851,0,3.60956e-12,4.3164e-13
LAPACK,884,1,0,10,1e-12,0.0150258,0,3.97904e-12,4.62909e-13
LAPACK,885,1,0,10,1e-12,0.0152753,0,3.41061e-12,4.51784e-13
LAPACK,886,1,0,10,1e-12,0.0152108,0,6.82121e-12,4.80441e-13
LAPACK,887,1,0,10,1e-12,0.0151996,0,3.80851e-12,4.22972e-13
LAPACK,888,1,0,10,1e-12,0.0152517,0,3.7943e-12,4.10368e-13
LAPACK,889,1,0,10,1e-12,0.0153587,0,4.43379e-12,4.40572e-13
LAPACK,890,1,0,10,1e-12,0.015293,0,5.00222e-12,4.50419e-13
LAPACK,891,1,0,10,1e-12,0.0152149,0,3.86535e-12,4.54796e-13
LAPACK,892,1,0,10,1e-12,0.0154072,0,3.9222e-12,4.57484e-13
LAPACK,893,1,0,10,1e-12,0.0155509,0,6.08225e-12,4.652e-13
LAPACK,894,1,0,10,1e-12,0.0153956,0,4.66116e-12,4.61811e-13
LAPACK,895,1,0,10,1e-12,0.015414,0,3.29692e-12,4.56424e-13
LAPACK,896,1,0,10,1e-12,0.0154671,0,3.69482e-12,4.34707e-13
LAPACK,897,1,0,10,1e-12,0.0156486,0,3.72324e-12,4.67004e-13
LAPACK,898,1,0,10,1e-12,0.0153919,0,4.04299e-12,4.37252e-13
LAPACK,899,1,0,10,1e-12,0.0156117,0,4.88853e-12,4.36383e-13
LAPACK,900,1,0,10,1e-12,0.0159897,0,6.0254e-12,7.90563e-13
LAPACK,901,1,0,10,1e-12,0.0157299,0,3.75167e-12,4.5272e-13
LAPACK,902,1,0,10,1e-12,0.0157442,0,4.77485e-12,4.39029e-13
LAPACK,903,1,0,10,1e-12,0.0156303,0,3.52429e-12,4.38115e-13
LAPACK,904,1,0,10,1e-12,0.0157124,0,3.29692e-12,4.57021e-13
LAPACK,905,1,0,10,1e-12,0.0159076,0,3.52429e-12,4.32348e-13
LAPACK,906,1,0,10,1e-12,0.0157563,0,4.77485e-12,4.36439e-13
LAPACK,907,1,0,10,1e-12,0.0158302,0,3.97904e-12,4.72102e-13
LAPACK,908,1,0,10,1e-12,0.0158005,0,3.97904e-12,4.48161e-13
LAPACK,909,1,0,10,1e-12,0.0160228,0,2.84217e-12,4.49511e-13
LAPACK,910,1,0,10,1e-12,0.0158429,0,3.75167e-12,4.59308e-13
LAPACK,911,1,0,10,1e-12,0.0158835,0,3.75167e-12,4.41264e-13
LAPACK,912,1,0,10,1e-12,0.0160753,0,3.63798e-12,4.51429e-13
LAPACK,913,1,0,10,1e-12,0.0161185,0,3.97904e-12,4.59512e-13
LAPACK,914,1,0,10,1e-12,0.0161472,0,3.06954e-12,4.63835e-13
LAPACK,915,1,0,10,1e-12,0.0160885,0,3.41061e-12,4.51208e-13
LAPACK,916,1,0,10,1e-12,0.0161368,0,3.80851e-12,4.66108e-13
LAPACK,917,1,0,10,1e-12,0.0162315,0,5.57066e-12,4.51863e-13
LAPACK,918,1,0,10,1e-12,0.0161756,0,3.18323e-12,4.35784e-13
LAPACK,919,1,0,10,1e-12,0.0163929,0,3.06954e-12,4.56255e-13
LAPACK,920,1,0,10,1e-12,0.016282,0,2.84217e-12,4.29526e-13
LAPACK,921,1,0,10,1e-12,0.0163302,0,6.13909e-12,4.40139e-13
LAPACK,922,1,0,10,1e-12,0.0161978,0,3.29692e-12,4.34166e-13
LAPACK,923,1,0,10,1e-12,0.0164192,0,4.09273e-12,4.61679e-13
LAPACK,924,1,0,10,1e-12,0.0162798,0,3.24007e-12,4.45994e-13
LAPACK,925,1,0,10,1e-12,0.0163323,0,2.93809e-12,4.41716e-13
LAPACK,926,1,0,10,1e-12,0.0165006,0,2.85638e-12,4.23148e-13
LAPACK,927,1,0,10,1e-12,0.0166398,0,3.43903e-12,4.93807e-13
LAPACK,928,1,0,10,1e-12,0.0163922,0,3.86535e-12,4.21886e-13
LAPACK,929,1,0,10,1e-12,0.0165946,0,3.24007e-12,4.81569e-13
LAPACK,930,1,0,10,1e-12,0.0165726,0,3.86535e-12,4.85427e-13
LAPACK,931,1,0,10,1e-12,0.016704,0,3.52429e-12,4.64154e-13
LAPACK,932,1,0,10,1e-12,0.0167508,0,3.69482e-12,4.94186e-13
LAPACK,933,1,0,10,1e-12,0.0165498,0,4.03588e-12,4.25606e-13
LAPACK,934,1,0,10,1e-12,0.0167487,0,4.77485e-12,4.42096e-13
LAPACK,935,1,0,10,1e-12,0.0168421,0,3.41061e-12,4.53986e-13
LAPACK,936,1,0,10,1e-12,0.0168432,0,3.63798e-12,4.79371e-13
LAPACK,937,1,0,10,1e-12,0.0168333,0,3.69482e-12,4.33509e-13
LAPACK,938,1,0,10,1e-12,0.0168473,0,3.63798e-12,4.36608e-13
LAPACK,939,1,0,10,1e-12,0.0170659,0,2.84217e-12,4.17621e-13
LAPACK,940,1,0,10,1e-12,0.0167977,0,5.28644e-12,4.46374e-13
LAPACK,941,1,0,10,1e-12,0.0171857,0,4.46221e-12,4.6869e-13
LAPACK,942,1,0,10,1e-12,0.0170883,0,2.95586e-12,4.71448e-13
LAPACK,943,1,0,10,1e-12,0.016945,0,2.6148e-12,4.44572e-13
LAPACK,944,1,0,10,1e-12,0.0170013,0,3.76588e-12,4.36724e-13
LAPACK,945,1,0,10,1e-12,0.0171721,0,4.37694e-12,4.65177e-13
LAPACK,946,1,0,10,1e-12,0.0171332,0,3.29692e-12,4.77399e-13
LAPACK,947,1,0,10,1e-12,0.0172095,0,4.20641e-12,4.36902e-13
LAPACK,948,1,0,10,1e-12,0.0171916,0,6.25278e-12,4.49299e-13
LAPACK,949,1,0,10,1e-12,0.0173292,0,2.72848e-12,4.65664e-13
LAPACK,950,1,0,10,1e-12,0.0171808,0,4.27747e-12,4.57449e-13
LAPACK,951,1,0,10,1e-12,0.017345,0,4.74643e-12,4.66644e-13
LAPACK,952,1,0,10,1e-12,0.0172094,0,3.64508e-12,4.35167e-13
LAPACK,953,1,0,10,1e-12,0.0175367,0,3.18323e-12,4.80763e-13
LAPACK,954,1,0,10,1e-12,0.0173472,0,4.20641e-12,4.37649e-13
LAPACK,955,1,0,10,1e-12,0.0173531,0,4.20641e-12,4.48264e-13
LAPACK,956,1,0,10,1e-12,0.0174643,0,3.86535e-12,4.65684e-13
LAPACK,957,1,0,10,1e-12,0.0175961,0,2.89901e-12,4.23286e-13
LAPACK,958,1,0,10,1e-12,0.0176498,0,3.35376e-12,4.76173e-13
LAPACK,959,1,0,10,1e-12,0.0175501,0,2.6148e-12,4.254e-13
LAPACK,960,1,0,10,1e-12,0.0175892,0,5.22959e-12,4.31409e-13
LAPACK,961,1,0,10,1e-12,0.0176974,0,2.89901e-12,4.69513e-13
LAPACK,962,1,0,10,1e-12,0.0177768,0,3.41061e-12,4.72545e-13
LAPACK,963,1,0,10,1e-12,0.017855,0,3.69482e-12,4.52955e-13
LAPACK,964,1,0,10,1e-12,0.0176742,0,2.84217e-12,4.64074e-13
LAPACK,965,1,0,10,1e-12,0.0177606,0,3.63798e-12,4.67436e-13
LAPACK,966,1,0,10,1e-12,0.0177027,0,4.20641e-12,4.68295e-13
LAPACK,967,1,0,10,1e-12,0.0178624,0,3.69482e-12,4.18882e-13
LAPACK,968,1,0,10,1e-12,0.0180339,0,4.02167e-12,4.41325e-13
LAPACK,969,1,0,10,1e-12,0.0179262,0,3.9222e-12,5.01612e-13
LAPACK,970,1,0,10,1e-12,0.0178536,0,4.24905e-12,4.26631e-13
LAPACK,971,1,0,10,1e-12,0.0181048,0,3.75167e-12,4.58832e-13
LAPACK,972,1,0,10,1e-12,0.0179906,0,3.75167e-12,4.65674e-13
LAPACK,973,1,0,10,1e-12,0.0179142,0,3.52429e-12,4.60389e-13
LAPACK,974,1,0,10,1e-12,0.0180112,0,3.29692e-12,4.44486e-13
LAPACK,975,1,0,10,1e-12,0.018315,0,3.63798e-12,4.60693e-13
LAPACK,976,1,0,10,1e-12,0.018206,0,3.46745e-12,4.4249e-13
LAPACK,977,1,0,10,1e-12,0.0183108,0,3.80851e-12,4.44249e-13
LAPACK,978,1,0,10,1e-12,0.0183649,0,3.97904e-12,4.64523e-13
LAPACK,979,1,0,10,1e-12,0.0183909,0,4.68958e-12,4.5701e-13
LAPACK,980,1,0,10,1e-12,0.0185107,0,4.12115e-12,4.89723e-13
LAPACK,981,1,0,10,1e-12,0.0183926,0,4.54747e-12,4.21819e-13
LAPACK,982,1,0,10,1e-12,0.0185992,0,4.81748e-12,4.73172e-13
LAPACK,983,1,0,10,1e-12,0.0186369,0,4.37694e-12,4.85595e-13
LAPACK,984,1,0,10,1e-12,0.0186186,0,4.17799e-12,4.62744e-13
LAPACK,985,1,0,10,1e-12,0.0185955,0,3.18323e-12,4.48795e-13
LAPACK,986,1,0,10,1e-12,0.0184651,0,4.88853e-12,4.65254e-13
LAPACK,987,1,0,10,1e-12,0.0186186,0,4.64695e-12,4.55203e-13
LAPACK,988,1,0,10,1e-12,0.0187005,0,3.75167e-12,4.43418e-13
LAPACK,989,1,0,10,1e-12,0.0185721,0,3.63798e-12,4.59393e-13
LAPACK,990,1,0,10,1e-12,0.0186408,0,4.88853e-12,4.81052e-13
LAPACK,991,1,0,10,1e-12,0.0186378,0,3.41061e-12,4.40219e-13
LAPACK,992,1,0,10,1e-12,0.0187862,0,3.06954e-12,4.47831e-13
LAPACK,993,1,0,10,1e-12,0.0190238,0,5.6275e-12,4.71829e-13
LAPACK,994,1,0,10,1e-12,0.0188323,0,3.75167e-12,4.74201e-13
LAPACK,995,1,0,10,1e-12,0.0188936,0,3.29692e-12,4.64648e-13
LAPACK,996,1,0,10,1e-12,0.0188339,0,4.24905e-12,4.61674e-13
LAPACK,997,1,0,10,1e-12,0.0189871,0,2.82796e-12,4.59076e-13
LAPACK,998,1,0,10,1e-12,0.0189749,0,3.63798e-12,4.63722e-13
LAPACK,999,1,0,10,1e-12,0.0189988,0,3.41061e-12,4.48135e-13
LAPACK,1000,1,0,10,1e-12,0.0191514,0,3.29692e-12,4.602e-13
