version, size, hermitian, complex, seed, tol, runtime in s,min_error, max_error, avg_error
LAPACK,1,1,0,4,1e-12,1.1973e-05,0,0,0
LAPACK,2,1,0,4,1e-12,2.435e-06,0,1.13687e-13,5.68434e-14
LAPACK,3,1,0,4,1e-12,1.503e-06,1.13687e-13,5.68434e-13,2.65269e-13
LAPACK,4,1,0,4,1e-12,1.132e-06,0,2.27374e-13,1.56319e-13
LAPACK,5,1,0,4,1e-12,1.263e-06,0,3.41061e-13,1.47793e-13
LAPACK,6,1,0,4,1e-12,1.733e-06,0,2.27374e-13,1.13687e-13
LAPACK,7,1,0,4,1e-12,2.044e-06,0,5.68434e-13,1.84741e-13
LAPACK,8,1,0,4,1e-12,2.765e-06,0,5.68434e-13,1.79412e-13
LAPACK,9,1,0,4,1e-12,3.516e-06,0,4.54747e-13,1.82373e-13
LAPACK,10,1,0,4,1e-12,4.118e-06,0,4.54747e-13,2.07834e-13
LAPACK,11,1,0,4,1e-12,4.779e-06,0,7.95808e-13,2.22852e-13
LAPACK,12,1,0,4,1e-12,6.101e-06,2.84217e-14,6.82121e-13,2.8096e-13
LAPACK,13,1,0,4,1e-12,7.243e-06,0,5.68434e-13,2.05784e-13
LAPACK,14,1,0,4,1e-12,7.644e-06,0,4.54747e-13,1.81696e-13
LAPACK,15,1,0,4,1e-12,8.766e-06,0,7.95808e-13,2.84454e-13
LAPACK,16,1,0,4,1e-12,9.167e-06,0,6.82121e-13,2.21601e-13
LAPACK,17,1,0,4,1e-12,9.778e-06,0,5.68434e-13,2.33225e-13
LAPACK,18,1,0,4,1e-12,1.1261e-05,0,5.68434e-13,1.83557e-13
LAPACK,19,1,0,4,1e-12,1.2043e-05,0,6.11067e-13,2.59161e-13
LAPACK,20,1,0,4,1e-12,1.2383e-05,0,5.68434e-13,1.97709e-13
LAPACK,21,1,0,4,1e-12,1.3505e-05,0,5.68434e-13,1.96245e-13
LAPACK,22,1,0,4,1e-12,1.5509e-05,0,7.95808e-13,2.97136e-13
LAPACK,23,1,0,4,1e-12,1.6501e-05,0,7.95808e-13,3.02444e-13
LAPACK,24,1,0,4,1e-12,1.6591e-05,0,5.68434e-13,2.07242e-13
LAPACK,25,1,0,4,1e-12,1.9136e-05,0,5.68434e-13,2.13873e-13
LAPACK,26,1,0,4,1e-12,2.0057e-05,0,6.82121e-13,1.95399e-13
LAPACK,27,1,0,4,1e-12,2.2151e-05,0,6.82121e-13,2.59677e-13
LAPACK,28,1,0,4,1e-12,2.2392e-05,0,1.02318e-12,2.8206e-13
LAPACK,29,1,0,4,1e-12,2.5177e-05,0,9.09495e-13,2.7754e-13
LAPACK,30,1,0,4,1e-12,2.6349e-05,0,5.68434e-13,2.31459e-13
LAPACK,31,1,0,4,1e-12,2.6831e-05,0,1.02318e-12,2.3786e-13
LAPACK,32,1,0,4,1e-12,2.8884e-05,0,7.95808e-13,2.55573e-13
LAPACK,33,1,0,4,1e-12,3.2251e-05,0,6.82121e-13,2.59779e-13
LAPACK,34,1,0,4,1e-12,3.3372e-05,0,7.95808e-13,2.67603e-13
LAPACK,35,1,0,4,1e-12,3.4955e-05,0,1.25056e-12,2.33566e-13
LAPACK,36,1,0,4,1e-12,3.6038e-05,0,9.09495e-13,2.6675e-13
LAPACK,37,1,0,4,1e-12,3.7601e-05,0,7.38964e-13,2.47202e-13
LAPACK,38,1,0,4,1e-12,4.1347e-05,0,5.68434e-13,2.24943e-13
LAPACK,39,1,0,4,1e-12,3.9494e-05,0,1.59162e-12,2.47415e-13
LAPACK,40,1,0,4,1e-12,4.254e-05,0,7.95808e-13,2.29994e-13
LAPACK,41,1,0,4,1e-12,4.6637e-05,0,9.09495e-13,2.32313e-13
LAPACK,42,1,0,4,1e-12,4.7329e-05,0,8.56204e-13,2.71867e-13
LAPACK,43,1,0,4,1e-12,5.0825e-05,0,6.82121e-13,2.40676e-13
LAPACK,44,1,0,4,1e-12,4.9713e-05,0,2.04636e-12,2.97701e-13
LAPACK,45,1,0,4,1e-12,5.5734e-05,0,9.09495e-13,3.11534e-13
LAPACK,46,1,0,4,1e-12,5.6205e-05,0,1.02318e-12,2.04706e-13
LAPACK,47,1,0,4,1e-12,5.7658e-05,0,7.95808e-13,2.50504e-13
LAPACK,48,1,0,4,1e-12,5.9081e-05,0,7.95808e-13,3.05274e-13
LAPACK,49,1,0,4,1e-12,6.7437e-05,0,1.02318e-12,2.89002e-13
LAPACK,50,1,0,4,1e-12,6.7256e-05,0,9.09495e-13,2.60236e-13
LAPACK,51,1,0,4,1e-12,7.1635e-05,0,1.03384e-12,3.23645e-13
LAPACK,52,1,0,4,1e-12,7.0652e-05,0,1.02318e-12,2.75643e-13
LAPACK,53,1,0,4,1e-12,7.3648e-05,0,8.81073e-13,2.91255e-13
LAPACK,54,1,0,4,1e-12,7.6143e-05,0,1.25056e-12,2.53361e-13
LAPACK,55,1,0,4,1e-12,7.5953e-05,0,1.02318e-12,2.11677e-13
LAPACK,56,1,0,4,1e-12,7.8658e-05,0,1.25056e-12,3.16921e-13
LAPACK,57,1,0,4,1e-12,7.8757e-05,0,7.38964e-13,2.25473e-13
LAPACK,58,1,0,4,1e-12,8.4068e-05,0,7.95808e-13,2.00881e-13
LAPACK,59,1,0,4,1e-12,9.041e-05,0,1.59162e-12,3.25013e-13
LAPACK,60,1,0,4,1e-12,8.7904e-05,0,1.02318e-12,3.17879e-13
LAPACK,61,1,0,4,1e-12,9.0399e-05,0,1.47793e-12,3.32295e-13
LAPACK,62,1,0,4,1e-12,8.8947e-05,0,1.25056e-12,2.80407e-13
LAPACK,63,1,0,4,1e-12,9.7112e-05,0,1.59162e-12,3.01924e-13
LAPACK,64,1,0,4,1e-12,0.00010152,0,1.13687e-12,2.53797e-13
LAPACK,65,1,0,4,1e-12,9.9577e-05,0,1.13687e-12,3.0004e-13
LAPACK,66,1,0,4,1e-12,0.000108924,0,1.25056e-12,2.2985e-13
LAPACK,67,1,0,4,1e-12,0.000118031,0,1.36424e-12,2.7287e-13
LAPACK,68,1,0,4,1e-12,0.000107932,0,1.13687e-12,2.47175e-13
LAPACK,69,1,0,4,1e-12,0.000118111,0,1.02318e-12,3.24018e-13
LAPACK,70,1,0,4,1e-12,0.000127559,0,1.25056e-12,2.37803e-13
LAPACK,71,1,0,4,1e-12,0.00012273,0,1.19016e-12,3.37483e-13
LAPACK,72,1,0,4,1e-12,0.000125044,0,7.95808e-13,2.28163e-13
LAPACK,73,1,0,4,1e-12,0.000136316,0,1.08002e-12,3.1843e-13
LAPACK,74,1,0,4,1e-12,0.000126097,0,1.25056e-12,2.78192e-13
LAPACK,75,1,0,4,1e-12,0.000135855,0,1.25056e-12,3.13728e-13
LAPACK,76,1,0,4,1e-12,0.000146685,0,1.59162e-12,3.03664e-13
LAPACK,77,1,0,4,1e-12,0.000140754,0,1.02318e-12,2.7146e-13
LAPACK,78,1,0,4,1e-12,0.000152647,0,1.36424e-12,2.93053e-13
LAPACK,79,1,0,4,1e-12,0.000146394,0,1.7053e-12,3.2703e-13
LAPACK,80,1,0,4,1e-12,0.000150282,0,1.98952e-12,2.94764e-13
LAPACK,81,1,0,4,1e-12,0.00015476,0,1.13687e-12,2.9209e-13
LAPACK,82,1,0,4,1e-12,0.000168927,0,1.13687e-12,2.96998e-13
LAPACK,83,1,0,4,1e-12,0.000160481,0,1.13687e-12,2.31205e-13
LAPACK,84,1,0,4,1e-12,0.000164148,0,2.04636e-12,3.44042e-13
LAPACK,85,1,0,4,1e-12,0.000166231,0,1.93268e-12,3.21709e-13
LAPACK,86,1,0,4,1e-12,0.000173285,0,2.27374e-12,3.49839e-13
LAPACK,87,1,0,4,1e-12,0.00018139,0,7.95808e-13,2.51099e-13
LAPACK,88,1,0,4,1e-12,0.00019217,0,2.21689e-12,3.62902e-13
LAPACK,89,1,0,4,1e-12,0.000188724,0,1.25056e-12,2.76034e-13
LAPACK,90,1,0,4,1e-12,0.000188573,0,1.47793e-12,2.69355e-13
LAPACK,91,1,0,4,1e-12,0.000201638,0,2.50111e-12,2.9751e-13
LAPACK,92,1,0,4,1e-12,0.00020805,0,1.59162e-12,3.63072e-13
LAPACK,93,1,0,4,1e-12,0.000204834,0,1.25056e-12,3.45797e-13
LAPACK,94,1,0,4,1e-12,0.000207529,0,1.93268e-12,3.35202e-13
LAPACK,95,1,0,4,1e-12,0.000211597,0,1.25056e-12,3.00541e-13
LAPACK,96,1,0,4,1e-12,0.000223639,0,1.47793e-12,3.43225e-13
LAPACK,97,1,0,4,1e-12,0.000221696,0,1.59162e-12,2.71599e-13
LAPACK,98,1,0,4,1e-12,0.000225583,0,1.59162e-12,3.0015e-13
LAPACK,99,1,0,4,1e-12,0.000225422,0,1.47793e-12,3.31461e-13
LAPACK,100,1,0,4,1e-12,0.00023454,0,1.02318e-12,2.88782e-13
LAPACK,101,1,0,4,1e-12,0.00023449,0,1.0516e-12,2.79767e-13
LAPACK,102,1,0,4,1e-12,0.000235772,0,1.64846e-12,2.82458e-13
LAPACK,103,1,0,4,1e-12,0.000258114,0,1.25056e-12,3.04067e-13
LAPACK,104,1,0,4,1e-12,0.000247273,0,1.59162e-12,2.85566e-13
LAPACK,105,1,0,4,1e-12,0.000271208,0,1.25056e-12,3.29996e-13
LAPACK,106,1,0,4,1e-12,0.000269034,0,1.59162e-12,3.27838e-13
LAPACK,107,1,0,4,1e-12,0.000273573,0,1.36424e-12,3.0482e-13
LAPACK,108,1,0,4,1e-12,0.000280856,0,1.47793e-12,3.18905e-13
LAPACK,109,1,0,4,1e-12,0.00027757,0,1.36424e-12,2.87688e-13
LAPACK,110,1,0,4,1e-12,0.000285525,0,1.7053e-12,3.27479e-13
LAPACK,111,1,0,4,1e-12,0.000275617,0,1.81899e-12,3.1035e-13
LAPACK,112,1,0,4,1e-12,0.00029922,0,1.08002e-12,3.14082e-13
LAPACK,113,1,0,4,1e-12,0.000297909,0,1.7053e-12,3.35197e-13
LAPACK,114,1,0,4,1e-12,0.000292318,0,2.04636e-12,3.01015e-13
LAPACK,115,1,0,4,1e-12,0.000306565,0,3.41061e-12,4.00175e-13
LAPACK,116,1,0,4,1e-12,0.000311314,0,1.02318e-12,2.59072e-13
LAPACK,117,1,0,4,1e-12,0.000316884,0,9.09495e-13,2.81499e-13
LAPACK,118,1,0,4,1e-12,0.000310432,0,1.7053e-12,3.2566e-13
LAPACK,119,1,0,4,1e-12,0.000323096,0,1.42109e-12,2.74201e-13
LAPACK,120,1,0,4,1e-12,0.000329929,0,1.47793e-12,2.79687e-13
LAPACK,121,1,0,4,1e-12,0.00032526,0,1.47793e-12,3.03067e-13
LAPACK,122,1,0,4,1e-12,0.00033075,0,2.95586e-12,3.97234e-13
LAPACK,123,1,0,4,1e-12,0.000355316,0,1.25056e-12,3.15859e-13
LAPACK,124,1,0,4,1e-12,0.000350166,0,1.47793e-12,3.67333e-13
LAPACK,125,1,0,4,1e-12,0.000350848,0,7.38964e-13,2.2122e-13
LAPACK,126,1,0,4,1e-12,0.000354795,0,1.7053e-12,3.04927e-13
LAPACK,127,1,0,4,1e-12,0.000377358,0,2.72848e-12,3.60153e-13
LAPACK,128,1,0,4,1e-12,0.000375134,0,1.47793e-12,3.11334e-13
LAPACK,129,1,0,4,1e-12,0.000374382,0,1.02318e-12,2.99984e-13
LAPACK,130,1,0,4,1e-12,0.000385172,0,1.52767e-12,2.98565e-13
LAPACK,131,1,0,4,1e-12,0.000384862,0,1.25056e-12,2.4968e-13
LAPACK,132,1,0,4,1e-12,0.000391123,0,1.36424e-12,3.3923e-13
LAPACK,133,1,0,4,1e-12,0.000406733,0,1.36424e-12,3.15283e-13
LAPACK,134,1,0,4,1e-12,0.000396854,0,1.47793e-12,2.92993e-13
LAPACK,135,1,0,4,1e-12,0.000419136,0,1.79057e-12,3.97457e-13
LAPACK,136,1,0,4,1e-12,0.000413836,0,2.38742e-12,3.76457e-13
LAPACK,137,1,0,4,1e-12,0.000424866,0,1.36424e-12,2.97624e-13
LAPACK,138,1,0,4,1e-12,0.000435206,0,1.71951e-12,3.56687e-13
LAPACK,139,1,0,4,1e-12,0.00042693,0,1.53477e-12,2.99105e-13
LAPACK,140,1,0,4,1e-12,0.000435677,0,1.36424e-12,3.15138e-13
LAPACK,141,1,0,4,1e-12,0.00044805,0,1.36424e-12,2.65496e-13
LAPACK,142,1,0,4,1e-12,0.000457597,0,1.81899e-12,3.46965e-13
LAPACK,143,1,0,4,1e-12,0.000465903,0,1.02318e-12,2.93832e-13
LAPACK,144,1,0,4,1e-12,0.000462697,0,2.04636e-12,3.24592e-13
LAPACK,145,1,0,4,1e-12,0.000468217,0,1.44951e-12,2.97828e-13
LAPACK,146,1,0,4,1e-12,0.00048006,0,2.21689e-12,3.77877e-13
LAPACK,147,1,0,4,1e-12,0.00049059,0,1.93268e-12,4.12308e-13
LAPACK,148,1,0,4,1e-12,0.000489688,0,1.36424e-12,3.96356e-13
LAPACK,149,1,0,4,1e-12,0.00049074,0,1.39266e-12,3.45066e-13
LAPACK,150,1,0,4,1e-12,0.000511188,0,1.19371e-12,2.91287e-13
LAPACK,151,1,0,4,1e-12,0.000506209,0,1.25056e-12,3.03228e-13
LAPACK,152,1,0,4,1e-12,0.000531005,0,1.86162e-12,3.23566e-13
LAPACK,153,1,0,4,1e-12,0.000524353,0,1.7053e-12,3.39238e-13
LAPACK,154,1,0,4,1e-12,0.000525635,0,2.16005e-12,3.0333e-13
LAPACK,155,1,0,4,1e-12,0.000538309,0,2.04636e-12,3.30803e-13
LAPACK,156,1,0,4,1e-12,0.000536737,0,1.91847e-12,3.26406e-13
LAPACK,157,1,0,4,1e-12,0.000543398,0,1.19371e-12,3.09991e-13
LAPACK,158,1,0,4,1e-12,0.00054954,0,1.13687e-12,3.58543e-13
LAPACK,159,1,0,4,1e-12,0.000570319,0,2.72848e-12,3.18225e-13
LAPACK,160,1,0,4,1e-12,0.0005655,0,1.7053e-12,3.01625e-13
LAPACK,161,1,0,4,1e-12,0.000563867,0,3.18323e-12,4.57914e-13
LAPACK,162,1,0,4,1e-12,0.000588584,0,1.25056e-12,3.00139e-13
LAPACK,163,1,0,4,1e-12,0.000575829,0,1.3074e-12,2.84544e-13
LAPACK,164,1,0,4,1e-12,0.000595406,0,1.47793e-12,3.11599e-13
LAPACK,165,1,0,4,1e-12,0.000600495,0,1.36424e-12,3.28874e-13
LAPACK,166,1,0,4,1e-12,0.000604243,0,1.67688e-12,3.61168e-13
LAPACK,167,1,0,4,1e-12,0.000617077,0,1.7053e-12,3.02098e-13
LAPACK,168,1,0,4,1e-12,0.000612438,0,2.16005e-12,3.39771e-13
LAPACK,169,1,0,4,1e-12,0.000616706,0,2.67164e-12,3.55702e-13
LAPACK,170,1,0,4,1e-12,0.000656009,0,1.36424e-12,3.05398e-13
LAPACK,171,1,0,4,1e-12,0.000637966,0,1.7053e-12,3.06686e-13
LAPACK,172,1,0,4,1e-12,0.000650148,0,2.10321e-12,3.82629e-13
LAPACK,173,1,0,4,1e-12,0.000669004,0,1.93268e-12,3.79812e-13
LAPACK,174,1,0,4,1e-12,0.000664436,0,1.36424e-12,3.09658e-13
LAPACK,175,1,0,4,1e-12,0.000689923,0,2.38742e-12,3.4911e-13
LAPACK,176,1,0,4,1e-12,0.000664405,0,1.81899e-12,3.0949e-13
LAPACK,177,1,0,4,1e-12,0.000668774,0,1.87583e-12,3.49461e-13
LAPACK,178,1,0,4,1e-12,0.000708128,0,3.86535e-12,3.95609e-13
LAPACK,179,1,0,4,1e-12,0.000712195,0,1.7053e-12,3.32238e-13
LAPACK,180,1,0,4,1e-12,0.000711244,0,3.86535e-12,3.83545e-13
LAPACK,181,1,0,4,1e-12,0.000700483,0,1.36424e-12,3.36369e-13
LAPACK,182,1,0,4,1e-12,0.000745938,0,1.93268e-12,3.70995e-13
LAPACK,183,1,0,4,1e-12,0.000729808,0,1.93268e-12,3.01486e-13
LAPACK,184,1,0,4,1e-12,0.000749575,0,2.50111e-12,3.62242e-13
LAPACK,185,1,0,4,1e-12,0.000769893,0,3.06954e-12,3.88801e-13
LAPACK,186,1,0,4,1e-12,0.000742813,0,1.59162e-12,3.56857e-13
LAPACK,187,1,0,4,1e-12,0.000747362,0,2.52953e-12,3.53419e-13
LAPACK,188,1,0,4,1e-12,0.000764433,0,1.36424e-12,2.75137e-13
LAPACK,189,1,0,4,1e-12,0.000778389,0,2.04636e-12,4.22914e-13
LAPACK,190,1,0,4,1e-12,0.000788819,0,1.47793e-12,3.21792e-13
LAPACK,191,1,0,4,1e-12,0.000789541,0,1.93268e-12,3.85014e-13
LAPACK,192,1,0,4,1e-12,0.00080029,0,1.59162e-12,3.73405e-13
LAPACK,193,1,0,4,1e-12,0.000805319,0,1.81899e-12,3.29519e-13
LAPACK,194,1,0,4,1e-12,0.000804879,0,1.81899e-12,3.30512e-13
LAPACK,195,1,0,4,1e-12,0.000821721,0,1.7053e-12,3.19307e-13
LAPACK,196,1,0,4,1e-12,0.00081108,0,2.50111e-12,3.22001e-13
LAPACK,197,1,0,4,1e-12,0.000839604,0,2.16005e-12,3.3648e-13
LAPACK,198,1,0,4,1e-12,0.000833573,0,1.25056e-12,3.15743e-13
LAPACK,199,1,0,4,1e-12,0.000837741,0,1.93268e-12,3.22788e-13
LAPACK,200,1,0,4,1e-12,0.000851336,0,2.04636e-12,3.2669e-13
LAPACK,201,1,0,4,1e-12,0.000864771,0,2.44427e-12,3.11525e-13
LAPACK,202,1,0,4,1e-12,0.00086391,0,1.59162e-12,3.09816e-13
LAPACK,203,1,0,4,1e-12,0.000893304,0,1.36424e-12,3.48175e-13
LAPACK,204,1,0,4,1e-12,0.000879499,0,1.67688e-12,3.57083e-13
LAPACK,205,1,0,4,1e-12,0.000902602,0,1.47793e-12,3.18072e-13
LAPACK,206,1,0,4,1e-12,0.000920395,0,2.27374e-12,3.79502e-13
LAPACK,207,1,0,4,1e-12,0.000904616,0,1.9611e-12,3.40915e-13
LAPACK,208,1,0,4,1e-12,0.000916639,0,1.47793e-12,3.3428e-13
LAPACK,209,1,0,4,1e-12,0.000941365,0,1.59162e-12,3.50631e-13
LAPACK,210,1,0,4,1e-12,0.000935594,0,1.52056e-12,3.32399e-13
LAPACK,211,1,0,4,1e-12,0.000926006,0,1.47793e-12,3.00137e-13
LAPACK,212,1,0,4,1e-12,0.000952085,0,2.07478e-12,3.36276e-13
LAPACK,213,1,0,4,1e-12,0.000978293,0,1.93268e-12,3.34747e-13
LAPACK,214,1,0,4,1e-12,0.000979226,0,1.53477e-12,3.63016e-13
LAPACK,215,1,0,4,1e-12,0.000985547,0,1.59162e-12,3.50925e-13
LAPACK,216,1,0,4,1e-12,0.000989284,0,1.59162e-12,3.34753e-13
LAPACK,217,1,0,4,1e-12,0.00101019,0,1.81899e-12,3.30754e-13
LAPACK,218,1,0,4,1e-12,0.0010081,0,2.87059e-12,4.27206e-13
LAPACK,219,1,0,4,1e-12,0.00102896,0,1.73372e-12,3.28375e-13
LAPACK,220,1,0,4,1e-12,0.00103634,0,1.53477e-12,3.28941e-13
LAPACK,221,1,0,4,1e-12,0.00103581,0,1.9611e-12,3.90598e-13
LAPACK,222,1,0,4,1e-12,0.00104457,0,2.16005e-12,4.00344e-13
LAPACK,223,1,0,4,1e-12,0.00105133,0,2.25597e-12,3.43044e-13
LAPACK,224,1,0,4,1e-12,0.00108662,0,2.04636e-12,3.60616e-13
LAPACK,225,1,0,4,1e-12,0.00107052,0,1.77636e-12,3.36158e-13
LAPACK,226,1,0,4,1e-12,0.00107724,0,2.04636e-12,4.11588e-13
LAPACK,227,1,0,4,1e-12,0.00109545,0,1.59162e-12,3.45998e-13
LAPACK,228,1,0,4,1e-12,0.00110107,0,1.64846e-12,3.43982e-13
LAPACK,229,1,0,4,1e-12,0.00112577,0,1.36424e-12,3.39292e-13
LAPACK,230,1,0,4,1e-12,0.00112373,0,3.09797e-12,3.63404e-13
LAPACK,231,1,0,4,1e-12,0.00114662,0,2.04636e-12,3.43091e-13
LAPACK,232,1,0,4,1e-12,0.001163,0,1.7053e-12,3.65623e-13
LAPACK,233,1,0,4,1e-12,0.0011884,0,1.53477e-12,3.3474e-13
LAPACK,234,1,0,4,1e-12,0.00114884,0,2.04636e-12,3.36111e-13
LAPACK,235,1,0,4,1e-12,0.00116797,0,2.44427e-12,3.34688e-13
LAPACK,236,1,0,4,1e-12,0.00117038,0,1.59162e-12,3.34354e-13
LAPACK,237,1,0,4,1e-12,0.00120437,0,2.03926e-12,3.67421e-13
LAPACK,238,1,0,4,1e-12,0.00121099,0,2.50111e-12,3.38695e-13
LAPACK,239,1,0,4,1e-12,0.00120389,0,2.13163e-12,3.45133e-13
LAPACK,240,1,0,4,1e-12,0.00121861,0,1.47793e-12,3.62532e-13
LAPACK,241,1,0,4,1e-12,0.00122327,0,3.29692e-12,3.43316e-13
LAPACK,242,1,0,4,1e-12,0.00122376,0,1.93268e-12,3.70943e-13
LAPACK,243,1,0,4,1e-12,0.00126891,0,2.16005e-12,3.4783e-13
LAPACK,244,1,0,4,1e-12,0.00124839,0,2.16005e-12,3.60964e-13
LAPACK,245,1,0,4,1e-12,0.00127811,0,2.16005e-12,4.19503e-13
LAPACK,246,1,0,4,1e-12,0.0012674,0,2.38742e-12,3.83354e-13
LAPACK,247,1,0,4,1e-12,0.00129253,0,1.81899e-12,3.57939e-13
LAPACK,248,1,0,4,1e-12,0.00129737,0,2.50111e-12,3.36176e-13
LAPACK,249,1,0,4,1e-12,0.00130554,0,2.38742e-12,3.36966e-13
LAPACK,250,1,0,4,1e-12,0.00131699,0,2.84217e-12,3.88212e-13
LAPACK,251,1,0,4,1e-12,0.00134159,0,2.16005e-12,3.91938e-13
LAPACK,252,1,0,4,1e-12,0.00133543,0,1.47793e-12,3.52536e-13
LAPACK,253,1,0,4,1e-12,0.00135332,0,2.27374e-12,3.49711e-13
LAPACK,254,1,0,4,1e-12,0.0013633,0,1.7053e-12,3.48914e-13
LAPACK,255,1,0,4,1e-12,0.00137488,0,2.10321e-12,3.26014e-13
LAPACK,256,1,0,4,1e-12,0.00138765,0,2.38742e-12,3.50137e-13
LAPACK,257,1,0,4,1e-12,0.00141888,0,2.27374e-12,3.4386e-13
LAPACK,258,1,0,4,1e-12,0.0014054,0,1.93268e-12,3.74536e-13
LAPACK,259,1,0,4,1e-12,0.00140333,0,1.7053e-12,3.29483e-13
LAPACK,260,1,0,4,1e-12,0.00140848,0,2.72848e-12,3.71265e-13
LAPACK,261,1,0,4,1e-12,0.00143573,0,2.27374e-12,3.79582e-13
LAPACK,262,1,0,4,1e-12,0.00143613,0,1.93268e-12,3.96697e-13
LAPACK,263,1,0,4,1e-12,0.00145566,0,1.93268e-12,3.41074e-13
LAPACK,264,1,0,4,1e-12,0.0014596,0,2.95586e-12,3.34406e-13
LAPACK,265,1,0,4,1e-12,0.00148176,0,1.64846e-12,3.38406e-13
LAPACK,266,1,0,4,1e-12,0.00148729,0,2.38742e-12,3.71766e-13
LAPACK,267,1,0,4,1e-12,0.00153046,0,1.93268e-12,3.78856e-13
LAPACK,268,1,0,4,1e-12,0.00149112,0,1.86162e-12,3.24079e-13
LAPACK,269,1,0,4,1e-12,0.00152212,0,3.18323e-12,3.98776e-13
LAPACK,270,1,0,4,1e-12,0.00151939,0,1.93268e-12,3.31462e-13
LAPACK,271,1,0,4,1e-12,0.00157275,0,1.81899e-12,3.78607e-13
LAPACK,272,1,0,4,1e-12,0.00155175,0,1.93268e-12,3.83033e-13
LAPACK,273,1,0,4,1e-12,0.00154497,0,2.50111e-12,4.16429e-13
LAPACK,274,1,0,4,1e-12,0.00156966,0,2.72848e-12,3.66137e-13
LAPACK,275,1,0,4,1e-12,0.0015798,0,4.3201e-12,3.85004e-13
LAPACK,276,1,0,4,1e-12,0.00160691,0,2.84217e-12,3.54769e-13
LAPACK,277,1,0,4,1e-12,0.00165606,0,2.50111e-12,3.67655e-13
LAPACK,278,1,0,4,1e-12,0.00161316,0,1.90425e-12,3.38562e-13
LAPACK,279,1,0,4,1e-12,0.00163842,0,1.87583e-12,3.463e-13
LAPACK,280,1,0,4,1e-12,0.00165424,0,1.93268e-12,3.64363e-13
LAPACK,281,1,0,4,1e-12,0.0016483,0,1.93268e-12,3.74558e-13
LAPACK,282,1,0,4,1e-12,0.00167471,0,2.38742e-12,3.57621e-13
LAPACK,283,1,0,4,1e-12,0.00168662,0,2.50111e-12,3.90755e-13
LAPACK,284,1,0,4,1e-12,0.00168855,0,2.84217e-12,3.98154e-13
LAPACK,285,1,0,4,1e-12,0.00169033,0,2.6148e-12,3.21527e-13
LAPACK,286,1,0,4,1e-12,0.00171991,0,2.04636e-12,3.57948e-13
LAPACK,287,1,0,4,1e-12,0.0017196,0,2.06235e-12,3.43939e-13
LAPACK,288,1,0,4,1e-12,0.00172427,0,1.47793e-12,3.12565e-13
LAPACK,289,1,0,4,1e-12,0.00174935,0,2.44427e-12,3.81191e-13
LAPACK,290,1,0,4,1e-12,0.00175558,0,2.6148e-12,3.92783e-13
LAPACK,291,1,0,4,1e-12,0.00176963,0,2.33058e-12,3.45431e-13
LAPACK,292,1,0,4,1e-12,0.00176485,0,2.27374e-12,3.54809e-13
LAPACK,293,1,0,4,1e-12,0.00179665,0,2.27374e-12,4.10023e-13
LAPACK,294,1,0,4,1e-12,0.00179691,0,2.16005e-12,3.48045e-13
LAPACK,295,1,0,4,1e-12,0.00182578,0,1.93268e-12,3.52014e-13
LAPACK,296,1,0,4,1e-12,0.00182785,0,2.10321e-12,3.69584e-13
LAPACK,297,1,0,4,1e-12,0.0018416,0,1.98952e-12,3.72024e-13
LAPACK,298,1,0,4,1e-12,0.00184397,0,2.16005e-12,4.12425e-13
LAPACK,299,1,0,4,1e-12,0.00186115,0,2.27374e-12,3.14819e-13
LAPACK,300,1,0,4,1e-12,0.00188395,0,2.06057e-12,3.46496e-13
LAPACK,301,1,0,4,1e-12,0.00190852,0,2.72848e-12,3.71984e-13
LAPACK,302,1,0,4,1e-12,0.00189258,0,2.55795e-12,3.96863e-13
LAPACK,303,1,0,4,1e-12,0.00195769,0,2.04636e-12,3.64833e-13
LAPACK,304,1,0,4,1e-12,0.00192997,0,2.21689e-12,3.78925e-13
LAPACK,305,1,0,4,1e-12,0.00193884,0,1.64846e-12,3.65586e-13
LAPACK,306,1,0,4,1e-12,0.00194028,0,2.6148e-12,4.11395e-13
LAPACK,307,1,0,4,1e-12,0.00197808,0,2.27374e-12,3.81448e-13
LAPACK,308,1,0,4,1e-12,0.0019818,0,1.7053e-12,3.68842e-13
LAPACK,309,1,0,4,1e-12,0.00199575,0,2.21689e-12,3.69425e-13
LAPACK,310,1,0,4,1e-12,0.00198871,0,1.81899e-12,4.08144e-13
LAPACK,311,1,0,4,1e-12,0.00202173,0,1.81899e-12,3.42643e-13
LAPACK,312,1,0,4,1e-12,0.00201625,0,2.78533e-12,3.55744e-13
LAPACK,313,1,0,4,1e-12,0.002015,0,1.76215e-12,3.8497e-13
LAPACK,314,1,0,4,1e-12,0.00204771,0,1.81899e-12,3.4222e-13
LAPACK,315,1,0,4,1e-12,0.00204546,0,1.81899e-12,3.91193e-13
LAPACK,316,1,0,4,1e-12,0.00207765,0,2.04636e-12,3.84727e-13
LAPACK,317,1,0,4,1e-12,0.00208996,0,2.47269e-12,3.81855e-13
LAPACK,318,1,0,4,1e-12,0.00211854,0,2.55795e-12,3.89061e-13
LAPACK,319,1,0,4,1e-12,0.00210173,0,2.50111e-12,4.31382e-13
LAPACK,320,1,0,4,1e-12,0.00214167,0,1.81899e-12,3.73368e-13
LAPACK,321,1,0,4,1e-12,0.00211178,0,3.41061e-12,4.02586e-13
LAPACK,322,1,0,4,1e-12,0.00212701,0,1.87583e-12,4.17543e-13
LAPACK,323,1,0,4,1e-12,0.00214222,0,2.359e-12,3.68525e-13
LAPACK,324,1,0,4,1e-12,0.00216208,0,2.27374e-12,3.85349e-13
LAPACK,325,1,0,4,1e-12,0.00217321,0,3.24007e-12,3.79474e-13
LAPACK,326,1,0,4,1e-12,0.0021881,0,2.16005e-12,3.74435e-13
LAPACK,327,1,0,4,1e-12,0.0022046,0,2.67164e-12,3.93406e-13
LAPACK,328,1,0,4,1e-12,0.00220037,0,4.3201e-12,3.85746e-13
LAPACK,329,1,0,4,1e-12,0.00223352,0,1.93268e-12,3.51206e-13
LAPACK,330,1,0,4,1e-12,0.00225301,0,2.27374e-12,4.1338e-13
LAPACK,331,1,0,4,1e-12,0.00224765,0,2.07478e-12,3.93058e-13
LAPACK,332,1,0,4,1e-12,0.00226632,0,1.87583e-12,3.41831e-13
LAPACK,333,1,0,4,1e-12,0.00227943,0,2.72848e-12,3.81895e-13
LAPACK,334,1,0,4,1e-12,0.00228621,0,4.3201e-12,3.74269e-13
LAPACK,335,1,0,4,1e-12,0.00230118,0,1.81899e-12,3.2817e-13
LAPACK,336,1,0,4,1e-12,0.00230882,0,1.98952e-12,3.81351e-13
LAPACK,337,1,0,4,1e-12,0.00239659,0,5.11591e-12,5.66226e-13
LAPACK,338,1,0,4,1e-12,0.00231169,0,2.6148e-12,3.68494e-13
LAPACK,339,1,0,4,1e-12,0.0023465,0,1.93268e-12,3.77222e-13
LAPACK,340,1,0,4,1e-12,0.00243724,0,1.93268e-12,3.85234e-13
LAPACK,341,1,0,4,1e-12,0.00237469,0,1.81899e-12,3.51583e-13
LAPACK,342,1,0,4,1e-12,0.00238847,0,2.52953e-12,3.80701e-13
LAPACK,343,1,0,4,1e-12,0.00240124,0,2.52953e-12,3.70647e-13
LAPACK,344,1,0,4,1e-12,0.00241181,0,2.75691e-12,3.8565e-13
LAPACK,345,1,0,4,1e-12,0.00245873,0,1.81899e-12,3.43156e-13
LAPACK,346,1,0,4,1e-12,0.00244312,0,2.21689e-12,3.76316e-13
LAPACK,347,1,0,4,1e-12,0.00246644,0,3.41061e-12,3.7262e-13
LAPACK,348,1,0,4,1e-12,0.00248381,0,2.38742e-12,4.22926e-13
LAPACK,349,1,0,4,1e-12,0.00248748,0,2.21689e-12,4.24315e-13
LAPACK,350,1,0,4,1e-12,0.0025122,0,2.84217e-12,3.82135e-13
LAPACK,351,1,0,4,1e-12,0.00250018,0,2.38742e-12,4.32485e-13
LAPACK,352,1,0,4,1e-12,0.00259272,0,6.9349e-12,5.48334e-13
LAPACK,353,1,0,4,1e-12,0.00254662,0,2.27374e-12,4.10972e-13
LAPACK,354,1,0,4,1e-12,0.00257901,0,2.27374e-12,3.81164e-13
LAPACK,355,1,0,4,1e-12,0.00257511,0,2.84217e-12,3.95517e-13
LAPACK,356,1,0,4,1e-12,0.0025787,0,3.29692e-12,4.11501e-13
LAPACK,357,1,0,4,1e-12,0.0025807,0,2.67164e-12,3.47614e-13
LAPACK,358,1,0,4,1e-12,0.00267961,0,4.54747e-12,5.48473e-13
LAPACK,359,1,0,4,1e-12,0.00263297,0,2.6148e-12,3.99903e-13
LAPACK,360,1,0,4,1e-12,0.00268595,0,2.04636e-12,3.71342e-13
LAPACK,361,1,0,4,1e-12,0.00267815,0,2.21689e-12,3.78807e-13
LAPACK,362,1,0,4,1e-12,0.00267155,0,1.7053e-12,3.73104e-13
LAPACK,363,1,0,4,1e-12,0.00271641,0,2.50111e-12,4.15677e-13
LAPACK,364,1,0,4,1e-12,0.00270288,0,1.93268e-12,4.16204e-13
LAPACK,365,1,0,4,1e-12,0.00272033,0,2.27374e-12,3.83236e-13
LAPACK,366,1,0,4,1e-12,0.0027218,0,3.41061e-12,3.73841e-13
LAPACK,367,1,0,4,1e-12,0.0027256,0,2.04636e-12,3.54986e-13
LAPACK,368,1,0,4,1e-12,0.00275572,0,2.72848e-12,3.86898e-13
LAPACK,369,1,0,4,1e-12,0.00277854,0,3.12639e-12,4.22142e-13
LAPACK,370,1,0,4,1e-12,0.00278043,0,3.0127e-12,4.10631e-13
LAPACK,371,1,0,4,1e-12,0.00281553,0,2.38742e-12,4.18334e-13
LAPACK,372,1,0,4,1e-12,0.00279123,0,2.04636e-12,3.60104e-13
LAPACK,373,1,0,4,1e-12,0.00289633,0,3.52429e-12,4.97975e-13
LAPACK,374,1,0,4,1e-12,0.0028138,0,1.93268e-12,4.16589e-13
LAPACK,375,1,0,4,1e-12,0.00294317,0,4.718e-12,5.49955e-13
LAPACK,376,1,0,4,1e-12,0.00286477,0,2.50111e-12,3.53939e-13
LAPACK,377,1,0,4,1e-12,0.00290807,0,3.52429e-12,5.17405e-13
LAPACK,378,1,0,4,1e-12,0.0029043,0,2.27374e-12,4.13031e-13
LAPACK,379,1,0,4,1e-12,0.002987,0,2.6148e-12,3.76363e-13
LAPACK,380,1,0,4,1e-12,0.00296002,0,4.09273e-12,5.30654e-13
LAPACK,381,1,0,4,1e-12,0.00295467,0,2.27374e-12,3.90141e-13
LAPACK,382,1,0,4,1e-12,0.0029562,0,2.27374e-12,3.72007e-13
LAPACK,383,1,0,4,1e-12,0.00297523,0,2.21689e-12,3.77807e-13
LAPACK,384,1,0,4,1e-12,0.00297568,0,1.86162e-12,3.49854e-13
LAPACK,385,1,0,4,1e-12,0.00302452,0,2.04636e-12,3.86083e-13
LAPACK,386,1,0,4,1e-12,0.00305051,0,2.6148e-12,3.89956e-13
LAPACK,387,1,0,4,1e-12,0.00311408,0,4.3201e-12,5.73199e-13
LAPACK,388,1,0,4,1e-12,0.00309579,0,4.20641e-12,5.81038e-13
LAPACK,389,1,0,4,1e-12,0.00313064,0,5.22959e-12,5.9086e-13
LAPACK,390,1,0,4,1e-12,0.00306161,0,1.81899e-12,3.81894e-13
LAPACK,391,1,0,4,1e-12,0.00311938,0,5.11591e-12,6.05901e-13
LAPACK,392,1,0,4,1e-12,0.00312244,0,2.44427e-12,4.30458e-13
LAPACK,393,1,0,4,1e-12,0.00312599,0,2.04636e-12,4.06668e-13
LAPACK,394,1,0,4,1e-12,0.00317998,0,2.50111e-12,4.06398e-13
LAPACK,395,1,0,4,1e-12,0.0031716,0,2.38742e-12,4.09799e-13
LAPACK,396,1,0,4,1e-12,0.00317539,0,2.18847e-12,3.78485e-13
LAPACK,397,1,0,4,1e-12,0.0031738,0,2.21689e-12,4.01416e-13
LAPACK,398,1,0,4,1e-12,0.00320469,0,2.95586e-12,4.23648e-13
LAPACK,399,1,0,4,1e-12,0.00325966,0,5.34328e-12,6.01339e-13
LAPACK,400,1,0,4,1e-12,0.00324046,0,2.50111e-12,4.06151e-13
LAPACK,401,1,0,4,1e-12,0.00326095,0,2.16005e-12,3.71276e-13
LAPACK,402,1,0,4,1e-12,0.00328076,0,2.6148e-12,3.83419e-13
LAPACK,403,1,0,4,1e-12,0.00328635,0,3.35376e-12,3.86695e-13
LAPACK,404,1,0,4,1e-12,0.00330308,0,2.33058e-12,4.12664e-13
LAPACK,405,1,0,4,1e-12,0.00331117,0,3.06954e-12,4.07882e-13
LAPACK,406,1,0,4,1e-12,0.00336828,0,2.95586e-12,4.76317e-13
LAPACK,407,1,0,4,1e-12,0.0033449,0,3.06954e-12,3.90807e-13
LAPACK,408,1,0,4,1e-12,0.00339136,0,2.04636e-12,4.15824e-13
LAPACK,409,1,0,4,1e-12,0.00338824,0,2.16005e-12,3.65165e-13
LAPACK,410,1,0,4,1e-12,0.00342114,0,2.84217e-12,4.04195e-13
LAPACK,411,1,0,4,1e-12,0.00338806,0,2.27374e-12,3.90794e-13
LAPACK,412,1,0,4,1e-12,0.00342135,0,2.18847e-12,3.91415e-13
LAPACK,413,1,0,4,1e-12,0.00346649,0,3.0127e-12,4.64326e-13
LAPACK,414,1,0,4,1e-12,0.00344886,0,2.84217e-12,4.15217e-13
LAPACK,415,1,0,4,1e-12,0.00349722,0,1.98952e-12,4.12068e-13
LAPACK,416,1,0,4,1e-12,0.00351576,0,4.03588e-12,3.66963e-13
LAPACK,417,1,0,4,1e-12,0.00354923,0,2.55795e-12,4.23625e-13
LAPACK,418,1,0,4,1e-12,0.0035463,0,2.6148e-12,4.12115e-13
LAPACK,419,1,0,4,1e-12,0.00353613,0,2.21689e-12,3.87479e-13
LAPACK,420,1,0,4,1e-12,0.00364738,0,5.11591e-12,5.69174e-13
LAPACK,421,1,0,4,1e-12,0.00357728,0,2.40163e-12,3.89123e-13
LAPACK,422,1,0,4,1e-12,0.00361395,0,2.27374e-12,4.29756e-13
LAPACK,423,1,0,4,1e-12,0.00362086,0,2.72848e-12,3.95283e-13
LAPACK,424,1,0,4,1e-12,0.00359841,0,2.84217e-12,3.77723e-13
LAPACK,425,1,0,4,1e-12,0.00363289,0,2.27374e-12,3.77996e-13
LAPACK,426,1,0,4,1e-12,0.00362585,0,2.33058e-12,3.66572e-13
LAPACK,427,1,0,4,1e-12,0.00368998,0,2.50111e-12,3.83152e-13
LAPACK,428,1,0,4,1e-12,0.0036803,0,2.27374e-12,4.1282e-13
LAPACK,429,1,0,4,1e-12,0.00370363,0,3.06954e-12,4.19104e-13
LAPACK,430,1,0,4,1e-12,0.0037713,0,5.34328e-12,6.36027e-13
LAPACK,431,1,0,4,1e-12,0.00373788,0,3.97904e-12,4.21949e-13
LAPACK,432,1,0,4,1e-12,0.00373611,0,4.40536e-12,3.7681e-13
LAPACK,433,1,0,4,1e-12,0.00374743,0,3.06954e-12,4.1152e-13
LAPACK,434,1,0,4,1e-12,0.00381342,0,2.72848e-12,3.5891e-13
LAPACK,435,1,0,4,1e-12,0.00380161,0,2.38742e-12,3.96132e-13
LAPACK,436,1,0,4,1e-12,0.00381036,0,3.12639e-12,4.2798e-13
LAPACK,437,1,0,4,1e-12,0.00378325,0,2.50111e-12,3.88811e-13
LAPACK,438,1,0,4,1e-12,0.00385741,0,3.18323e-12,3.78972e-13
LAPACK,439,1,0,4,1e-12,0.00389731,0,2.73204e-12,4.14883e-13
LAPACK,440,1,0,4,1e-12,0.00385649,0,2.27374e-12,4.06285e-13
LAPACK,441,1,0,4,1e-12,0.00388249,0,1.7053e-12,3.69144e-13
LAPACK,442,1,0,4,1e-12,0.00396855,0,2.63967e-12,4.04374e-13
LAPACK,443,1,0,4,1e-12,0.00391783,0,2.72848e-12,3.74599e-13
LAPACK,444,1,0,4,1e-12,0.00396136,0,2.55795e-12,3.97848e-13
LAPACK,445,1,0,4,1e-12,0.0039654,0,2.38742e-12,3.78923e-13
LAPACK,446,1,0,4,1e-12,0.00406896,0,4.77485e-12,6.54719e-13
LAPACK,447,1,0,4,1e-12,0.00400782,0,2.50111e-12,4.01453e-13
LAPACK,448,1,0,4,1e-12,0.00401707,0,2.95586e-12,4.06599e-13
LAPACK,449,1,0,4,1e-12,0.00400952,0,2.95586e-12,4.03459e-13
LAPACK,450,1,0,4,1e-12,0.00408653,0,3.29692e-12,4.00801e-13
LAPACK,451,1,0,4,1e-12,0.00405429,0,2.38742e-12,4.05065e-13
LAPACK,452,1,0,4,1e-12,0.00408425,0,2.6148e-12,4.11415e-13
LAPACK,453,1,0,4,1e-12,0.00411658,0,2.98428e-12,4.50038e-13
LAPACK,454,1,0,4,1e-12,0.00412431,0,2.55795e-12,4.18645e-13
LAPACK,455,1,0,4,1e-12,0.0041394,0,2.16005e-12,4.32654e-13
LAPACK,456,1,0,4,1e-12,0.00424449,0,2.38742e-12,4.18714e-13
LAPACK,457,1,0,4,1e-12,0.00417628,0,2.21689e-12,3.78438e-13
LAPACK,458,1,0,4,1e-12,0.00422155,0,3.46745e-12,3.83747e-13
LAPACK,459,1,0,4,1e-12,0.00415374,0,2.50111e-12,3.97258e-13
LAPACK,460,1,0,4,1e-12,0.00418827,0,2.30216e-12,3.97062e-13
LAPACK,461,1,0,4,1e-12,0.00424918,0,2.95586e-12,4.02015e-13
LAPACK,462,1,0,4,1e-12,0.00424241,0,3.06954e-12,3.97766e-13
LAPACK,463,1,0,4,1e-12,0.0042507,0,2.54374e-12,4.15575e-13
LAPACK,464,1,0,4,1e-12,0.00433554,0,3.52429e-12,3.77878e-13
LAPACK,465,1,0,4,1e-12,0.00434541,0,2.67164e-12,3.74448e-13
LAPACK,466,1,0,4,1e-12,0.00439627,0,2.50111e-12,4.07319e-13
LAPACK,467,1,0,4,1e-12,0.00436864,0,3.06954e-12,3.66066e-13
LAPACK,468,1,0,4,1e-12,0.00434485,0,2.27374e-12,3.91398e-13
LAPACK,469,1,0,4,1e-12,0.00439785,0,2.55795e-12,3.78546e-13
LAPACK,470,1,0,4,1e-12,0.00441673,0,1.81899e-12,3.7923e-13
LAPACK,471,1,0,4,1e-12,0.0044288,0,3.06954e-12,4.15453e-13
LAPACK,472,1,0,4,1e-12,0.00450193,0,2.84217e-12,4.13571e-13
LAPACK,473,1,0,4,1e-12,0.00447759,0,2.27374e-12,4.02313e-13
LAPACK,474,1,0,4,1e-12,0.0044939,0,2.16005e-12,3.77217e-13
LAPACK,475,1,0,4,1e-12,0.00450433,0,2.84217e-12,4.26213e-13
LAPACK,476,1,0,4,1e-12,0.00453096,0,2.16005e-12,3.69658e-13
LAPACK,477,1,0,4,1e-12,0.00454933,0,2.27374e-12,4.23235e-13
LAPACK,478,1,0,4,1e-12,0.00462126,0,3.41061e-12,4.11892e-13
LAPACK,479,1,0,4,1e-12,0.00460986,0,3.29692e-12,3.82996e-13
LAPACK,480,1,0,4,1e-12,0.00458029,0,2.43006e-12,3.94629e-13
LAPACK,481,1,0,4,1e-12,0.00462318,0,2.27374e-12,3.76857e-13
LAPACK,482,1,0,4,1e-12,0.00463925,0,2.27374e-12,3.88355e-13
LAPACK,483,1,0,4,1e-12,0.00465658,0,2.18847e-12,3.63524e-13
LAPACK,484,1,0,4,1e-12,0.00468335,0,2.16005e-12,4.15568e-13
LAPACK,485,1,0,4,1e-12,0.00465878,0,2.84217e-12,4.03958e-13
LAPACK,486,1,0,4,1e-12,0.00474625,0,2.72848e-12,4.31297e-13
LAPACK,487,1,0,4,1e-12,0.00472537,0,2.84217e-12,4.22587e-13
LAPACK,488,1,0,4,1e-12,0.00481526,0,3.29692e-12,4.34731e-13
LAPACK,489,1,0,4,1e-12,0.00480545,0,3.29692e-12,4.32178e-13
LAPACK,490,1,0,4,1e-12,0.00480451,0,2.67164e-12,4.01754e-13
LAPACK,491,1,0,4,1e-12,0.0048655,0,4.3201e-12,6.02272e-13
LAPACK,492,1,0,4,1e-12,0.0049483,0,2.55795e-12,4.07775e-13
LAPACK,493,1,0,4,1e-12,0.00490968,0,3.04112e-12,4.45635e-13
LAPACK,494,1,0,4,1e-12,0.00489383,0,3.29692e-12,3.90809e-13
LAPACK,495,1,0,4,1e-12,0.00488738,0,2.72848e-12,4.13604e-13
LAPACK,496,1,0,4,1e-12,0.00492282,0,3.29692e-12,3.79213e-13
LAPACK,497,1,0,4,1e-12,0.00491183,0,3.33955e-12,3.8919e-13
LAPACK,498,1,0,4,1e-12,0.00498144,0,2.89901e-12,4.4583e-13
LAPACK,499,1,0,4,1e-12,0.00496763,0,3.29692e-12,4.10178e-13
LAPACK,500,1,0,4,1e-12,0.00502104,0,2.6148e-12,3.73774e-13
LAPACK,501,1,0,4,1e-12,0.00505236,0,1.93268e-12,3.90036e-13
LAPACK,502,1,0,4,1e-12,0.00505753,0,2.95586e-12,4.39153e-13
LAPACK,503,1,0,4,1e-12,0.00501834,0,2.89901e-12,4.03971e-13
LAPACK,504,1,0,4,1e-12,0.00509703,0,2.38742e-12,4.61955e-13
LAPACK,505,1,0,4,1e-12,0.0051826,0,6.36646e-12,6.35004e-13
LAPACK,506,1,0,4,1e-12,0.00510812,0,2.50111e-12,4.18792e-13
LAPACK,507,1,0,4,1e-12,0.00512828,0,3.63798e-12,4.30372e-13
LAPACK,508,1,0,4,1e-12,0.0051777,0,4.3201e-12,4.33207e-13
LAPACK,509,1,0,4,1e-12,0.00514661,0,3.06954e-12,4.18965e-13
LAPACK,510,1,0,4,1e-12,0.00522962,0,2.27374e-12,4.26751e-13
LAPACK,511,1,0,4,1e-12,0.00526675,0,2.13163e-12,4.00143e-13
LAPACK,512,1,0,4,1e-12,0.00523658,0,3.75167e-12,4.29039e-13
LAPACK,513,1,0,4,1e-12,0.00528256,0,2.98428e-12,4.05979e-13
LAPACK,514,1,0,4,1e-12,0.0053061,0,5.79803e-12,6.12183e-13
LAPACK,515,1,0,4,1e-12,0.00530182,0,2.72848e-12,3.81351e-13
LAPACK,516,1,0,4,1e-12,0.00532804,0,2.38742e-12,4.42351e-13
LAPACK,517,1,0,4,1e-12,0.00534032,0,3.52429e-12,4.43024e-13
LAPACK,518,1,0,4,1e-12,0.00538276,0,3.29692e-12,4.27241e-13
LAPACK,519,1,0,4,1e-12,0.00538402,0,3.18323e-12,4.21137e-13
LAPACK,520,1,0,4,1e-12,0.00538761,0,3.18323e-12,4.43037e-13
LAPACK,521,1,0,4,1e-12,0.00537169,0,2.58638e-12,4.40479e-13
LAPACK,522,1,0,4,1e-12,0.0054003,0,2.38742e-12,4.32679e-13
LAPACK,523,1,0,4,1e-12,0.00551502,0,3.51008e-12,4.15508e-13
LAPACK,524,1,0,4,1e-12,0.00552971,0,2.70006e-12,4.18461e-13
LAPACK,525,1,0,4,1e-12,0.00545048,0,2.44427e-12,3.82844e-13
LAPACK,526,1,0,4,1e-12,0.00553068,0,2.359e-12,4.15124e-13
LAPACK,527,1,0,4,1e-12,0.00552612,0,2.72848e-12,4.09614e-13
LAPACK,528,1,0,4,1e-12,0.0055768,0,4.0643e-12,4.45401e-13
LAPACK,529,1,0,4,1e-12,0.00558964,0,2.16005e-12,3.81776e-13
LAPACK,530,1,0,4,1e-12,0.00557427,0,3.97904e-12,4.61749e-13
LAPACK,531,1,0,4,1e-12,0.00567357,0,2.6148e-12,4.65322e-13
LAPACK,532,1,0,4,1e-12,0.00568705,0,2.55795e-12,4.35171e-13
LAPACK,533,1,0,4,1e-12,0.00569887,0,3.06954e-12,4.87315e-13
LAPACK,534,1,0,4,1e-12,0.00567858,0,3.89377e-12,4.28581e-13
LAPACK,535,1,0,4,1e-12,0.00572362,0,3.06954e-12,4.5499e-13
LAPACK,536,1,0,4,1e-12,0.00580578,0,4.43379e-12,4.58893e-13
LAPACK,537,1,0,4,1e-12,0.00575949,0,4.09273e-12,4.13775e-13
LAPACK,538,1,0,4,1e-12,0.00572591,0,3.41061e-12,4.9976e-13
LAPACK,539,1,0,4,1e-12,0.00576401,0,2.50111e-12,4.81281e-13
LAPACK,540,1,0,4,1e-12,0.00582604,0,3.52429e-12,4.55991e-13
LAPACK,541,1,0,4,1e-12,0.00586189,0,3.55271e-12,4.16393e-13
LAPACK,542,1,0,4,1e-12,0.00586055,0,2.95586e-12,4.43716e-13
LAPACK,543,1,0,4,1e-12,0.00589598,0,2.6148e-12,4.28946e-13
LAPACK,544,1,0,4,1e-12,0.00591714,0,2.84217e-12,4.56148e-13
LAPACK,545,1,0,4,1e-12,0.00599346,0,2.95586e-12,4.74245e-13
LAPACK,546,1,0,4,1e-12,0.00591711,0,2.33058e-12,4.20089e-13
LAPACK,547,1,0,4,1e-12,0.00592249,0,3.18323e-12,4.1999e-13
LAPACK,548,1,0,4,1e-12,0.00603046,0,2.72848e-12,4.64592e-13
LAPACK,549,1,0,4,1e-12,0.00602564,0,2.84217e-12,3.74666e-13
LAPACK,550,1,0,4,1e-12,0.00601258,0,3.18323e-12,4.23044e-13
LAPACK,551,1,0,4,1e-12,0.00600535,0,2.50111e-12,4.07489e-13
LAPACK,552,1,0,4,1e-12,0.00606997,0,3.06954e-12,4.91855e-13
LAPACK,553,1,0,4,1e-12,0.00611084,0,2.95586e-12,4.34568e-13
LAPACK,554,1,0,4,1e-12,0.00611151,0,3.18323e-12,4.73088e-13
LAPACK,555,1,0,4,1e-12,0.00617911,0,2.84217e-12,4.51175e-13
LAPACK,556,1,0,4,1e-12,0.00610883,0,3.29692e-12,4.22498e-13
LAPACK,557,1,0,4,1e-12,0.00620754,0,3.97904e-12,4.56058e-13
LAPACK,558,1,0,4,1e-12,0.00618175,0,2.52953e-12,4.04449e-13
LAPACK,559,1,0,4,1e-12,0.00624804,0,3.41061e-12,4.62139e-13
LAPACK,560,1,0,4,1e-12,0.00623008,0,4.43379e-12,4.76853e-13
LAPACK,561,1,0,4,1e-12,0.00623739,0,2.38742e-12,3.99617e-13
LAPACK,562,1,0,4,1e-12,0.00623303,0,2.84217e-12,3.97051e-13
LAPACK,563,1,0,4,1e-12,0.00634413,0,2.13163e-12,4.26225e-13
LAPACK,564,1,0,4,1e-12,0.00632037,0,5.57066e-12,4.78536e-13
LAPACK,565,1,0,4,1e-12,0.0063353,0,3.97904e-12,5.05601e-13
LAPACK,566,1,0,4,1e-12,0.00638018,0,3.29692e-12,4.4729e-13
LAPACK,567,1,0,4,1e-12,0.00641771,0,3.52429e-12,4.80331e-13
LAPACK,568,1,0,4,1e-12,0.00647326,0,2.72848e-12,4.57934e-13
LAPACK,569,1,0,4,1e-12,0.0064462,0,3.09797e-12,4.78742e-13
LAPACK,570,1,0,4,1e-12,0.00646624,0,2.89901e-12,3.94928e-13
LAPACK,571,1,0,4,1e-12,0.00648696,0,3.52429e-12,4.23152e-13
LAPACK,572,1,0,4,1e-12,0.00651792,0,2.6148e-12,4.65086e-13
LAPACK,573,1,0,4,1e-12,0.00650057,0,2.95586e-12,4.23356e-13
LAPACK,574,1,0,4,1e-12,0.00656008,0,3.63798e-12,4.75807e-13
LAPACK,575,1,0,4,1e-12,0.00655367,0,3.29692e-12,4.50642e-13
LAPACK,576,1,0,4,1e-12,0.00657717,0,2.18847e-12,3.92994e-13
LAPACK,577,1,0,4,1e-12,0.00662835,0,3.29692e-12,4.15495e-13
LAPACK,578,1,0,4,1e-12,0.00664638,0,2.95586e-12,5.24022e-13
LAPACK,579,1,0,4,1e-12,0.00663326,0,3.18323e-12,4.68857e-13
LAPACK,580,1,0,4,1e-12,0.00664185,0,3.18323e-12,4.50757e-13
LAPACK,581,1,0,4,1e-12,0.00667436,0,4.54747e-12,4.53537e-13
LAPACK,582,1,0,4,1e-12,0.0067096,0,3.06954e-12,4.72294e-13
LAPACK,583,1,0,4,1e-12,0.00666834,0,3.41061e-12,3.95546e-13
LAPACK,584,1,0,4,1e-12,0.0067418,0,2.50111e-12,4.16002e-13
LAPACK,585,1,0,4,1e-12,0.006811,0,2.95586e-12,4.80631e-13
LAPACK,586,1,0,4,1e-12,0.00673974,0,3.63798e-12,4.75709e-13
LAPACK,587,1,0,4,1e-12,0.00677194,0,4.09273e-12,4.84271e-13
LAPACK,588,1,0,4,1e-12,0.00685992,0,3.06954e-12,4.54832e-13
LAPACK,589,1,0,4,1e-12,0.00686629,0,3.60956e-12,4.49059e-13
LAPACK,590,1,0,4,1e-12,0.00687137,0,2.50111e-12,4.49298e-13
LAPACK,591,1,0,4,1e-12,0.00686054,0,3.2685e-12,5.04545e-13
LAPACK,592,1,0,4,1e-12,0.00687951,0,2.13163e-12,3.88035e-13
LAPACK,593,1,0,4,1e-12,0.00697271,0,2.84217e-12,4.35309e-13
LAPACK,594,1,0,4,1e-12,0.00696451,0,3.39284e-12,4.72741e-13
LAPACK,595,1,0,4,1e-12,0.00698541,0,3.43903e-12,4.67752e-13
LAPACK,596,1,0,4,1e-12,0.00698791,0,2.84217e-12,4.08445e-13
LAPACK,597,1,0,4,1e-12,0.00696348,0,5.22959e-12,4.60237e-13
LAPACK,598,1,0,4,1e-12,0.00703932,0,3.52429e-12,4.88147e-13
LAPACK,599,1,0,4,1e-12,0.00710188,0,3.18323e-12,4.67085e-13
LAPACK,600,1,0,4,1e-12,0.00711602,0,3.06954e-12,4.46566e-13
LAPACK,601,1,0,4,1e-12,0.00706361,0,3.18323e-12,4.09976e-13
LAPACK,602,1,0,4,1e-12,0.00712104,0,4.43379e-12,5.04333e-13
LAPACK,603,1,0,4,1e-12,0.00712776,0,3.9222e-12,4.21916e-13
LAPACK,604,1,0,4,1e-12,0.00720863,0,4.49063e-12,4.13042e-13
LAPACK,605,1,0,4,1e-12,0.00719649,0,2.95586e-12,4.44319e-13
LAPACK,606,1,0,4,1e-12,0.00722859,0,4.20641e-12,4.87392e-13
LAPACK,607,1,0,4,1e-12,0.00730331,0,3.36797e-12,4.51469e-13
LAPACK,608,1,0,4,1e-12,0.00723259,0,2.98428e-12,4.27239e-13
LAPACK,609,1,0,4,1e-12,0.00724054,0,4.88853e-12,4.71646e-13
LAPACK,610,1,0,4,1e-12,0.00736257,0,4.66116e-12,4.80171e-13
LAPACK,611,1,0,4,1e-12,0.00732669,0,5.91172e-12,4.13656e-13
LAPACK,612,1,0,4,1e-12,0.00744512,0,2.82085e-12,4.4409e-13
LAPACK,613,1,0,4,1e-12,0.00740296,0,3.01625e-12,4.22006e-13
LAPACK,614,1,0,4,1e-12,0.00737563,0,2.50111e-12,4.86915e-13
LAPACK,615,1,0,4,1e-12,0.00752153,0,3.69482e-12,5.01174e-13
LAPACK,616,1,0,4,1e-12,0.00746719,0,5.00222e-12,4.43872e-13
LAPACK,617,1,0,4,1e-12,0.00749173,0,2.95586e-12,4.08264e-13
LAPACK,618,1,0,4,1e-12,0.00757234,0,3.18323e-12,4.67518e-13
LAPACK,619,1,0,4,1e-12,0.00757341,0,3.18323e-12,4.3177e-13
LAPACK,620,1,0,4,1e-12,0.00753449,0,3.41061e-12,4.3355e-13
LAPACK,621,1,0,4,1e-12,0.00758856,0,2.50111e-12,4.18811e-13
LAPACK,622,1,0,4,1e-12,0.007606,0,2.50111e-12,4.36883e-13
LAPACK,623,1,0,4,1e-12,0.00767732,0,2.98428e-12,4.58214e-13
LAPACK,624,1,0,4,1e-12,0.00767607,0,3.41061e-12,4.95873e-13
LAPACK,625,1,0,4,1e-12,0.00767499,0,4.54747e-12,4.72818e-13
LAPACK,626,1,0,4,1e-12,0.00769815,0,2.6148e-12,5.46687e-13
LAPACK,627,1,0,4,1e-12,0.00771986,0,3.75167e-12,4.51831e-13
LAPACK,628,1,0,4,1e-12,0.00773205,0,3.75167e-12,4.26409e-13
LAPACK,629,1,0,4,1e-12,0.0078406,0,2.92744e-12,4.46663e-13
LAPACK,630,1,0,4,1e-12,0.00774418,0,3.32534e-12,4.92068e-13
LAPACK,631,1,0,4,1e-12,0.00778698,0,2.84217e-12,4.51543e-13
LAPACK,632,1,0,4,1e-12,0.0078186,0,3.52429e-12,4.07144e-13
LAPACK,633,1,0,4,1e-12,0.00789264,0,3.41061e-12,4.7807e-13
LAPACK,634,1,0,4,1e-12,0.00793147,0,4.66116e-12,5.07984e-13
LAPACK,635,1,0,4,1e-12,0.00787527,0,3.24007e-12,4.13449e-13
LAPACK,636,1,0,4,1e-12,0.00794611,0,3.41061e-12,4.1331e-13
LAPACK,637,1,0,4,1e-12,0.00788706,0,2.6148e-12,3.83313e-13
LAPACK,638,1,0,4,1e-12,0.00790566,0,4.54747e-12,4.95093e-13
LAPACK,639,1,0,4,1e-12,0.00801301,0,3.18323e-12,4.158e-13
LAPACK,640,1,0,4,1e-12,0.008001,0,2.99849e-12,4.90269e-13
LAPACK,641,1,0,4,1e-12,0.00799517,0,3.29692e-12,4.12497e-13
LAPACK,642,1,0,4,1e-12,0.00804559,0,3.18323e-12,5.15173e-13
LAPACK,643,1,0,4,1e-12,0.00811774,0,2.72848e-12,4.75615e-13
LAPACK,644,1,0,4,1e-12,0.00807144,0,2.6148e-12,4.88663e-13
LAPACK,645,1,0,4,1e-12,0.00814274,0,2.84217e-12,4.23312e-13
LAPACK,646,1,0,4,1e-12,0.00813865,0,3.52429e-12,4.4756e-13
LAPACK,647,1,0,4,1e-12,0.00822415,0,3.97904e-12,4.54572e-13
LAPACK,648,1,0,4,1e-12,0.00818924,0,2.41585e-12,4.48351e-13
LAPACK,649,1,0,4,1e-12,0.00821986,0,3.29692e-12,4.36154e-13
LAPACK,650,1,0,4,1e-12,0.00820946,0,3.52429e-12,4.92793e-13
LAPACK,651,1,0,4,1e-12,0.00828124,0,3.52429e-12,4.11122e-13
LAPACK,652,1,0,4,1e-12,0.00840416,0,3.43903e-12,5.06525e-13
LAPACK,653,1,0,4,1e-12,0.00832816,0,3.06954e-12,4.34626e-13
LAPACK,654,1,0,4,1e-12,0.00837572,0,2.50111e-12,3.88902e-13
LAPACK,655,1,0,4,1e-12,0.00844524,0,2.72848e-12,4.61316e-13
LAPACK,656,1,0,4,1e-12,0.0083611,0,3.97904e-12,4.67958e-13
LAPACK,657,1,0,4,1e-12,0.00834522,0,3.12639e-12,4.2265e-13
LAPACK,658,1,0,4,1e-12,0.00851275,0,3.86535e-12,4.85639e-13
LAPACK,659,1,0,4,1e-12,0.0085552,0,3.75167e-12,4.32573e-13
LAPACK,660,1,0,4,1e-12,0.0085284,0,3.04112e-12,4.24091e-13
LAPACK,661,1,0,4,1e-12,0.00849202,0,2.6148e-12,4.41581e-13
LAPACK,662,1,0,4,1e-12,0.00864594,0,2.95586e-12,4.45799e-13
LAPACK,663,1,0,4,1e-12,0.00862129,0,2.72848e-12,4.25407e-13
LAPACK,664,1,0,4,1e-12,0.00852997,0,2.95586e-12,3.86448e-13
LAPACK,665,1,0,4,1e-12,0.00862981,0,3.0127e-12,4.75086e-13
LAPACK,666,1,0,4,1e-12,0.00863089,0,3.63798e-12,4.43018e-13
LAPACK,667,1,0,4,1e-12,0.00868157,0,3.52429e-12,4.41858e-13
LAPACK,668,1,0,4,1e-12,0.00873459,0,2.84217e-12,4.83362e-13
LAPACK,669,1,0,4,1e-12,0.00875436,0,2.95586e-12,4.77965e-13
LAPACK,670,1,0,4,1e-12,0.00876025,0,4.66116e-12,4.19591e-13
LAPACK,671,1,0,4,1e-12,0.00880318,0,3.04112e-12,4.97086e-13
LAPACK,672,1,0,4,1e-12,0.00884292,0,3.52429e-12,5.00221e-13
LAPACK,673,1,0,4,1e-12,0.00876083,0,3.41061e-12,4.2956e-13
LAPACK,674,1,0,4,1e-12,0.00895588,0,4.3201e-12,5.13108e-13
LAPACK,675,1,0,4,1e-12,0.00891048,0,4.3201e-12,4.55087e-13
LAPACK,676,1,0,4,1e-12,0.00885429,0,3.35376e-12,4.7293e-13
LAPACK,677,1,0,4,1e-12,0.0089643,0,3.18323e-12,4.35939e-13
LAPACK,678,1,0,4,1e-12,0.00893757,0,2.84217e-12,4.42838e-13
LAPACK,679,1,0,4,1e-12,0.00897861,0,3.12639e-12,4.58314e-13
LAPACK,680,1,0,4,1e-12,0.008908,0,3.06954e-12,4.54824e-13
LAPACK,681,1,0,4,1e-12,0.00904809,0,3.95062e-12,4.43069e-13
LAPACK,682,1,0,4,1e-12,0.00909697,0,3.9222e-12,4.7022e-13
LAPACK,683,1,0,4,1e-12,0.00909665,0,2.95586e-12,4.34093e-13
LAPACK,684,1,0,4,1e-12,0.00914369,0,3.86535e-12,4.58011e-13
LAPACK,685,1,0,4,1e-12,0.00917037,0,3.80851e-12,3.93065e-13
LAPACK,686,1,0,4,1e-12,0.0091004,0,2.33058e-12,4.22048e-13
LAPACK,687,1,0,4,1e-12,0.0091686,0,3.18323e-12,4.13629e-13
LAPACK,688,1,0,4,1e-12,0.0091802,0,2.50111e-12,4.18491e-13
LAPACK,689,1,0,4,1e-12,0.00923284,0,2.38742e-12,4.53749e-13
LAPACK,690,1,0,4,1e-12,0.00923692,0,2.95586e-12,4.21024e-13
LAPACK,691,1,0,4,1e-12,0.00926852,0,3.75167e-12,4.25507e-13
LAPACK,692,1,0,4,1e-12,0.00921163,0,4.20641e-12,4.25874e-13
LAPACK,693,1,0,4,1e-12,0.00930396,0,3.06954e-12,4.06852e-13
LAPACK,694,1,0,4,1e-12,0.00932128,0,3.29692e-12,4.27093e-13
LAPACK,695,1,0,4,1e-12,0.00942737,0,4.51905e-12,5.10713e-13
LAPACK,696,1,0,4,1e-12,0.00937277,0,4.54747e-12,4.77109e-13
LAPACK,697,1,0,4,1e-12,0.00936677,0,4.20641e-12,5.09262e-13
LAPACK,698,1,0,4,1e-12,0.00944278,0,3.41061e-12,4.1357e-13
LAPACK,699,1,0,4,1e-12,0.00953874,0,3.06954e-12,4.50077e-13
LAPACK,700,1,0,4,1e-12,0.00951843,0,4.09273e-12,4.53722e-13
LAPACK,701,1,0,4,1e-12,0.00954616,0,3.38218e-12,4.27097e-13
LAPACK,702,1,0,4,1e-12,0.00957494,0,3.0127e-12,4.42882e-13
LAPACK,703,1,0,4,1e-12,0.00980895,0,5.22959e-12,7.25509e-13
LAPACK,704,1,0,4,1e-12,0.00954873,0,3.87956e-12,4.19572e-13
LAPACK,705,1,0,4,1e-12,0.00965813,0,3.97904e-12,4.84039e-13
LAPACK,706,1,0,4,1e-12,0.00965587,0,3.52429e-12,4.27481e-13
LAPACK,707,1,0,4,1e-12,0.00975946,0,3.86535e-12,5.0037e-13
LAPACK,708,1,0,4,1e-12,0.00979905,0,2.84217e-12,4.40035e-13
LAPACK,709,1,0,4,1e-12,0.00978114,0,2.72848e-12,4.31829e-13
LAPACK,710,1,0,4,1e-12,0.00995174,0,6.59384e-12,7.4775e-13
LAPACK,711,1,0,4,1e-12,0.00990641,0,2.6148e-12,4.01643e-13
LAPACK,712,1,0,4,1e-12,0.00991249,0,3.41061e-12,4.30504e-13
LAPACK,713,1,0,4,1e-12,0.00980333,0,3.12639e-12,4.5122e-13
LAPACK,714,1,0,4,1e-12,0.00978944,0,2.95586e-12,4.77263e-13
LAPACK,715,1,0,4,1e-12,0.00991864,0,2.71427e-12,4.19467e-13
LAPACK,716,1,0,4,1e-12,0.00989466,0,3.52429e-12,4.87203e-13
LAPACK,717,1,0,4,1e-12,0.00993465,0,2.6148e-12,4.17474e-13
LAPACK,718,1,0,4,1e-12,0.010103,0,3.63798e-12,5.20839e-13
LAPACK,719,1,0,4,1e-12,0.0100035,0,3.86535e-12,4.01605e-13
LAPACK,720,1,0,4,1e-12,0.0101042,0,3.29692e-12,4.67894e-13
LAPACK,721,1,0,4,1e-12,0.0100404,0,7.04858e-12,4.36826e-13
LAPACK,722,1,0,4,1e-12,0.0102325,0,3.58114e-12,4.46758e-13
LAPACK,723,1,0,4,1e-12,0.0101067,0,3.86535e-12,4.22758e-13
LAPACK,724,1,0,4,1e-12,0.0101397,0,2.6148e-12,4.22853e-13
LAPACK,725,1,0,4,1e-12,0.0101823,0,3.18323e-12,4.23192e-13
LAPACK,726,1,0,4,1e-12,0.0102649,0,2.6148e-12,4.32862e-13
LAPACK,727,1,0,4,1e-12,0.0101963,0,2.75691e-12,4.02057e-13
LAPACK,728,1,0,4,1e-12,0.0101784,0,3.41061e-12,4.48644e-13
LAPACK,729,1,0,4,1e-12,0.0103427,0,2.95586e-12,4.40776e-13
LAPACK,730,1,0,4,1e-12,0.0102818,0,3.63798e-12,4.43547e-13
LAPACK,731,1,0,4,1e-12,0.0103624,0,4.09273e-12,4.75728e-13
LAPACK,732,1,0,4,1e-12,0.0104372,0,3.06954e-12,4.56648e-13
LAPACK,733,1,0,4,1e-12,0.010447,0,3.06954e-12,4.55134e-13
LAPACK,734,1,0,4,1e-12,0.0104244,0,3.97904e-12,4.15642e-13
LAPACK,735,1,0,4,1e-12,0.0104578,0,2.84217e-12,3.99828e-13
LAPACK,736,1,0,4,1e-12,0.0105177,0,4.1922e-12,4.52444e-13
LAPACK,737,1,0,4,1e-12,0.0105254,0,2.72848e-12,4.33781e-13
LAPACK,738,1,0,4,1e-12,0.0105979,0,7.16227e-12,7.42637e-13
LAPACK,739,1,0,4,1e-12,0.0105245,0,2.84217e-12,3.83568e-13
LAPACK,740,1,0,4,1e-12,0.0105917,0,3.95062e-12,4.61358e-13
LAPACK,741,1,0,4,1e-12,0.0106926,0,4.13536e-12,5.16326e-13
LAPACK,742,1,0,4,1e-12,0.0108425,0,4.09273e-12,4.28714e-13
LAPACK,743,1,0,4,1e-12,0.0106499,0,4.20641e-12,3.89832e-13
LAPACK,744,1,0,4,1e-12,0.0107572,0,3.41061e-12,4.56002e-13
LAPACK,745,1,0,4,1e-12,0.0107956,0,3.63798e-12,5.18747e-13
LAPACK,746,1,0,4,1e-12,0.0107444,0,3.52429e-12,4.2625e-13
LAPACK,747,1,0,4,1e-12,0.0108842,0,5.31486e-12,4.7901e-13
LAPACK,748,1,0,4,1e-12,0.0108712,0,4.3201e-12,5.20199e-13
LAPACK,749,1,0,4,1e-12,0.0108029,0,4.60432e-12,3.93315e-13
LAPACK,750,1,0,4,1e-12,0.0109663,0,3.75167e-12,4.69086e-13
LAPACK,751,1,0,4,1e-12,0.0108979,0,3.06954e-12,4.68473e-13
LAPACK,752,1,0,4,1e-12,0.0109958,0,3.52429e-12,4.66657e-13
LAPACK,753,1,0,4,1e-12,0.0109387,0,3.29692e-12,4.13133e-13
LAPACK,754,1,0,4,1e-12,0.0109628,0,3.29692e-12,4.17063e-13
LAPACK,755,1,0,4,1e-12,0.011014,0,3.18323e-12,4.43061e-13
LAPACK,756,1,0,4,1e-12,0.0110539,0,2.95586e-12,4.60733e-13
LAPACK,757,1,0,4,1e-12,0.0111228,0,3.72324e-12,4.5071e-13
LAPACK,758,1,0,4,1e-12,0.0112041,0,2.95586e-12,4.66391e-13
LAPACK,759,1,0,4,1e-12,0.0111955,0,2.95586e-12,4.40038e-13
LAPACK,760,1,0,4,1e-12,0.0111383,0,3.32179e-12,4.18425e-13
LAPACK,761,1,0,4,1e-12,0.0111629,0,4.68958e-12,4.33978e-13
LAPACK,762,1,0,4,1e-12,0.0112152,0,3.0127e-12,4.75339e-13
LAPACK,763,1,0,4,1e-12,0.0111918,0,4.718e-12,4.58715e-13
LAPACK,764,1,0,4,1e-12,0.0113373,0,2.72848e-12,3.96716e-13
LAPACK,765,1,0,4,1e-12,0.0114648,0,2.98428e-12,4.57952e-13
LAPACK,766,1,0,4,1e-12,0.0113138,0,3.41061e-12,4.24701e-13
LAPACK,767,1,0,4,1e-12,0.0114368,0,2.58638e-12,4.24278e-13
LAPACK,768,1,0,4,1e-12,0.0114807,0,4.66116e-12,5.01385e-13
LAPACK,769,1,0,4,1e-12,0.0114866,0,5.22959e-12,4.56651e-13
LAPACK,770,1,0,4,1e-12,0.0114687,0,3.12639e-12,4.14542e-13
LAPACK,771,1,0,4,1e-12,0.0114244,0,2.84217e-12,4.37535e-13
LAPACK,772,1,0,4,1e-12,0.0114903,0,3.97904e-12,4.50184e-13
LAPACK,773,1,0,4,1e-12,0.0117281,0,7.27596e-12,7.40709e-13
LAPACK,774,1,0,4,1e-12,0.0115899,0,3.41061e-12,4.28645e-13
LAPACK,775,1,0,4,1e-12,0.011675,0,3.41061e-12,4.37049e-13
LAPACK,776,1,0,4,1e-12,0.0115315,0,3.75167e-12,4.18778e-13
LAPACK,777,1,0,4,1e-12,0.01157,0,2.78533e-12,4.10174e-13
LAPACK,778,1,0,4,1e-12,0.0117681,0,3.83693e-12,4.29513e-13
LAPACK,779,1,0,4,1e-12,0.0116379,0,2.66454e-12,4.87669e-13
LAPACK,780,1,0,4,1e-12,0.0117199,0,4.66116e-12,4.51926e-13
LAPACK,781,1,0,4,1e-12,0.0117883,0,2.6148e-12,4.47626e-13
LAPACK,782,1,0,4,1e-12,0.0118543,0,3.06954e-12,4.21906e-13
LAPACK,783,1,0,4,1e-12,0.0117926,0,3.0127e-12,4.13602e-13
LAPACK,784,1,0,4,1e-12,0.0117907,0,3.83693e-12,4.58137e-13
LAPACK,785,1,0,4,1e-12,0.0119296,0,4.17799e-12,4.76046e-13
LAPACK,786,1,0,4,1e-12,0.0119697,0,3.69482e-12,4.57157e-13
LAPACK,787,1,0,4,1e-12,0.0119528,0,3.04112e-12,4.29488e-13
LAPACK,788,1,0,4,1e-12,0.0119672,0,3.06954e-12,4.33682e-13
LAPACK,789,1,0,4,1e-12,0.0120764,0,3.06954e-12,4.34574e-13
LAPACK,790,1,0,4,1e-12,0.0120291,0,3.18323e-12,4.64303e-13
LAPACK,791,1,0,4,1e-12,0.0120653,0,4.14957e-12,4.63285e-13
LAPACK,792,1,0,4,1e-12,0.0120603,0,3.41061e-12,4.30337e-13
LAPACK,793,1,0,4,1e-12,0.012147,0,2.72848e-12,4.56459e-13
LAPACK,794,1,0,4,1e-12,0.0121257,0,3.52429e-12,4.29892e-13
LAPACK,795,1,0,4,1e-12,0.0122002,0,3.52429e-12,4.68411e-13
LAPACK,796,1,0,4,1e-12,0.0123119,0,2.72848e-12,4.2237e-13
LAPACK,797,1,0,4,1e-12,0.0121985,0,2.84217e-12,4.18353e-13
LAPACK,798,1,0,4,1e-12,0.0122427,0,3.08376e-12,4.28347e-13
LAPACK,799,1,0,4,1e-12,0.0122428,0,3.9222e-12,4.5817e-13
LAPACK,800,1,0,4,1e-12,0.012486,0,3.6664e-12,4.5277e-13
LAPACK,801,1,0,4,1e-12,0.0124257,0,2.89901e-12,4.2994e-13
LAPACK,802,1,0,4,1e-12,0.0122963,0,3.41061e-12,4.1955e-13
LAPACK,803,1,0,4,1e-12,0.0124045,0,2.47269e-12,4.62943e-13
LAPACK,804,1,0,4,1e-12,0.0125979,0,8.98126e-12,7.5334e-13
LAPACK,805,1,0,4,1e-12,0.0125245,0,2.6148e-12,4.43557e-13
LAPACK,806,1,0,4,1e-12,0.0125055,0,2.6148e-12,4.47892e-13
LAPACK,807,1,0,4,1e-12,0.0124607,0,4.83169e-12,4.34166e-13
LAPACK,808,1,0,4,1e-12,0.0127189,0,3.86535e-12,4.32715e-13
LAPACK,809,1,0,4,1e-12,0.0126345,0,3.18323e-12,4.60364e-13
LAPACK,810,1,0,4,1e-12,0.0126086,0,3.21521e-12,4.05859e-13
LAPACK,811,1,0,4,1e-12,0.0126982,0,2.74269e-12,4.36408e-13
LAPACK,812,1,0,4,1e-12,0.0127612,0,5.11591e-12,4.29297e-13
LAPACK,813,1,0,4,1e-12,0.0127114,0,2.95586e-12,4.34096e-13
LAPACK,814,1,0,4,1e-12,0.0126639,0,3.18323e-12,4.34818e-13
LAPACK,815,1,0,4,1e-12,0.0127232,0,4.20641e-12,4.60076e-13
LAPACK,816,1,0,4,1e-12,0.0127998,0,4.66116e-12,4.37669e-13
LAPACK,817,1,0,4,1e-12,0.0128757,0,3.52429e-12,4.69509e-13
LAPACK,818,1,0,4,1e-12,0.0130106,0,8.75389e-12,7.87566e-13
LAPACK,819,1,0,4,1e-12,0.0129286,0,4.3201e-12,4.44539e-13
LAPACK,820,1,0,4,1e-12,0.0129314,0,3.12639e-12,4.57986e-13
LAPACK,821,1,0,4,1e-12,0.0129482,0,3.52429e-12,4.38003e-13
LAPACK,822,1,0,4,1e-12,0.0130717,0,3.0127e-12,4.31866e-13
LAPACK,823,1,0,4,1e-12,0.0130199,0,2.99849e-12,4.43575e-13
LAPACK,824,1,0,4,1e-12,0.0130109,0,3.41061e-12,4.54746e-13
LAPACK,825,1,0,4,1e-12,0.0130107,0,2.6148e-12,4.26318e-13
LAPACK,826,1,0,4,1e-12,0.0132013,0,3.29692e-12,4.41354e-13
LAPACK,827,1,0,4,1e-12,0.0131493,0,3.58114e-12,4.36984e-13
LAPACK,828,1,0,4,1e-12,0.0131962,0,4.49063e-12,4.4445e-13
LAPACK,829,1,0,4,1e-12,0.0131913,0,3.80851e-12,4.48871e-13
LAPACK,830,1,0,4,1e-12,0.013231,0,3.75167e-12,4.42448e-13
LAPACK,831,1,0,4,1e-12,0.0133257,0,3.75167e-12,4.18462e-13
LAPACK,832,1,0,4,1e-12,0.0132448,0,2.6148e-12,4.38634e-13
LAPACK,833,1,0,4,1e-12,0.0134516,0,4.14957e-12,4.48012e-13
LAPACK,834,1,0,4,1e-12,0.0133332,0,3.06954e-12,4.51775e-13
LAPACK,835,1,0,4,1e-12,0.0133897,0,3.52429e-12,4.44437e-13
LAPACK,836,1,0,4,1e-12,0.0134645,0,3.18323e-12,4.26824e-13
LAPACK,837,1,0,4,1e-12,0.0134725,0,2.72848e-12,4.1823e-13
LAPACK,838,1,0,4,1e-12,0.0134173,0,3.29692e-12,4.39263e-13
LAPACK,839,1,0,4,1e-12,0.0135846,0,3.58114e-12,4.71179e-13
LAPACK,840,1,0,4,1e-12,0.0136562,0,2.95586e-12,4.76927e-13
LAPACK,841,1,0,4,1e-12,0.0135173,0,4.37694e-12,4.52818e-13
LAPACK,842,1,0,4,1e-12,0.0134832,0,4.66116e-12,4.51911e-13
LAPACK,843,1,0,4,1e-12,0.0136044,0,3.29692e-12,4.5635e-13
LAPACK,844,1,0,4,1e-12,0.0138554,0,4.26326e-12,4.48935e-13
LAPACK,845,1,0,4,1e-12,0.013781,0,3.58114e-12,4.63712e-13
LAPACK,846,1,0,4,1e-12,0.0137908,0,5.22959e-12,4.04128e-13
LAPACK,847,1,0,4,1e-12,0.0138569,0,4.68958e-12,4.61419e-13
LAPACK,848,1,0,4,1e-12,0.0139079,0,3.97904e-12,4.38299e-13
LAPACK,849,1,0,4,1e-12,0.0139639,0,3.52429e-12,4.50116e-13
LAPACK,850,1,0,4,1e-12,0.0138975,0,3.69482e-12,4.47167e-13
LAPACK,851,1,0,4,1e-12,0.0140072,0,4.43379e-12,4.32682e-13
LAPACK,852,1,0,4,1e-12,0.0138581,0,3.49587e-12,4.43458e-13
LAPACK,853,1,0,4,1e-12,0.0139034,0,3.06954e-12,4.47951e-13
LAPACK,854,1,0,4,1e-12,0.0139727,0,3.75167e-12,4.73793e-13
LAPACK,855,1,0,4,1e-12,0.0140834,0,2.72848e-12,4.47858e-13
LAPACK,856,1,0,4,1e-12,0.0140742,0,2.38742e-12,4.4018e-13
LAPACK,857,1,0,4,1e-12,0.0140083,0,3.86535e-12,4.52909e-13
LAPACK,858,1,0,4,1e-12,0.0142359,0,3.63798e-12,4.80559e-13
LAPACK,859,1,0,4,1e-12,0.0141057,0,2.78533e-12,4.38613e-13
LAPACK,860,1,0,4,1e-12,0.0141396,0,3.29692e-12,4.21086e-13
LAPACK,861,1,0,4,1e-12,0.0141427,0,3.41061e-12,4.5218e-13
LAPACK,862,1,0,4,1e-12,0.0143701,0,4.20641e-12,4.67657e-13
LAPACK,863,1,0,4,1e-12,0.0142064,0,3.56692e-12,4.5065e-13
LAPACK,864,1,0,4,1e-12,0.0143195,0,3.18323e-12,4.26777e-13
LAPACK,865,1,0,4,1e-12,0.0143687,0,2.95586e-12,4.48788e-13
LAPACK,866,1,0,4,1e-12,0.0145145,0,4.43379e-12,4.44832e-13
LAPACK,867,1,0,4,1e-12,0.01439,0,5.22959e-12,4.60075e-13
LAPACK,868,1,0,4,1e-12,0.0144722,0,3.06954e-12,4.42393e-13
LAPACK,869,1,0,4,1e-12,0.0145699,0,4.20641e-12,4.67184e-13
LAPACK,870,1,0,4,1e-12,0.0144773,0,3.24007e-12,4.14901e-13
LAPACK,871,1,0,4,1e-12,0.0146439,0,5.05906e-12,4.27007e-13
LAPACK,872,1,0,4,1e-12,0.0145514,0,3.18323e-12,4.49e-13
LAPACK,873,1,0,4,1e-12,0.0145481,0,2.68585e-12,4.36852e-13
LAPACK,874,1,0,4,1e-12,0.0147492,0,3.21165e-12,4.40421e-13
LAPACK,875,1,0,4,1e-12,0.0145846,0,3.63798e-12,4.25273e-13
LAPACK,876,1,0,4,1e-12,0.0146265,0,3.18323e-12,4.29029e-13
LAPACK,877,1,0,4,1e-12,0.0147351,0,4.0643e-12,4.46086e-13
LAPACK,878,1,0,4,1e-12,0.0146645,0,3.97904e-12,4.06827e-13
LAPACK,879,1,0,4,1e-12,0.0148526,0,3.18323e-12,4.7314e-13
LAPACK,880,1,0,4,1e-12,0.0148551,0,3.18323e-12,4.32176e-13
LAPACK,881,1,0,4,1e-12,0.0150283,0,2.68585e-12,4.18327e-13
LAPACK,882,1,0,4,1e-12,0.0148702,0,2.77112e-12,4.6558e-13
LAPACK,883,1,0,4,1e-12,0.0150934,0,7.50333e-12,7.62441e-13
LAPACK,884,1,0,4,1e-12,0.0150217,0,3.63798e-12,4.70036e-13
LAPACK,885,1,0,4,1e-12,0.0151123,0,4.37694e-12,4.62428e-13
LAPACK,886,1,0,4,1e-12,0.0151149,0,3.95062e-12,4.77297e-13
LAPACK,887,1,0,4,1e-12,0.0154523,0,8.75389e-12,7.90031e-13
LAPACK,888,1,0,4,1e-12,0.0152277,0,4.43379e-12,4.59469e-13
LAPACK,889,1,0,4,1e-12,0.0152729,0,7.84439e-12,5.01658e-13
LAPACK,890,1,0,4,1e-12,0.0151888,0,3.18323e-12,4.14038e-13
LAPACK,891,1,0,4,1e-12,0.0152938,0,4.88853e-12,4.79392e-13
LAPACK,892,1,0,4,1e-12,0.0151888,0,3.63798e-12,4.38735e-13
LAPACK,893,1,0,4,1e-12,0.0153286,0,4.20641e-12,4.58865e-13
LAPACK,894,1,0,4,1e-12,0.0152813,0,3.04112e-12,4.40662e-13
LAPACK,895,1,0,4,1e-12,0.0153459,0,4.3201e-12,4.44231e-13
LAPACK,896,1,0,4,1e-12,0.0154732,0,4.20641e-12,4.57162e-13
LAPACK,897,1,0,4,1e-12,0.0156272,0,7.84439e-12,7.56029e-13
LAPACK,898,1,0,4,1e-12,0.0155075,0,4.83169e-12,4.55747e-13
LAPACK,899,1,0,4,1e-12,0.0154564,0,5.94014e-12,4.9229e-13
LAPACK,900,1,0,4,1e-12,0.0155538,0,5.00222e-12,4.71415e-13
LAPACK,901,1,0,4,1e-12,0.0156751,0,3.41061e-12,4.52979e-13
LAPACK,902,1,0,4,1e-12,0.0155323,0,3.63798e-12,4.85159e-13
LAPACK,903,1,0,4,1e-12,0.0157634,0,3.29692e-12,4.39362e-13
LAPACK,904,1,0,4,1e-12,0.0157153,0,4.20641e-12,4.54808e-13
LAPACK,905,1,0,4,1e-12,0.0156948,0,3.52429e-12,4.35625e-13
LAPACK,906,1,0,4,1e-12,0.0156584,0,3.86535e-12,4.36883e-13
LAPACK,907,1,0,4,1e-12,0.0157778,0,4.83169e-12,4.53674e-13
LAPACK,908,1,0,4,1e-12,0.0158468,0,3.9222e-12,4.86663e-13
LAPACK,909,1,0,4,1e-12,0.0158519,0,5.96856e-12,4.6043e-13
LAPACK,910,1,0,4,1e-12,0.0159743,0,3.46745e-12,4.60896e-13
LAPACK,911,1,0,4,1e-12,0.0157124,0,3.75167e-12,4.13405e-13
LAPACK,912,1,0,4,1e-12,0.016032,0,3.52429e-12,4.40659e-13
LAPACK,913,1,0,4,1e-12,0.0159513,0,3.75167e-12,4.35397e-13
LAPACK,914,1,0,4,1e-12,0.0161633,0,3.97904e-12,4.37152e-13
LAPACK,915,1,0,4,1e-12,0.0160357,0,5.17275e-12,5.01531e-13
LAPACK,916,1,0,4,1e-12,0.0161464,0,4.91696e-12,4.86755e-13
LAPACK,917,1,0,4,1e-12,0.0161421,0,2.50111e-12,4.61205e-13
LAPACK,918,1,0,4,1e-12,0.0162293,0,8.98126e-12,7.83086e-13
LAPACK,919,1,0,4,1e-12,0.0161712,0,3.46745e-12,4.35058e-13
LAPACK,920,1,0,4,1e-12,0.016197,0,3.12639e-12,4.39064e-13
LAPACK,921,1,0,4,1e-12,0.0162909,0,2.84217e-12,4.54949e-13
LAPACK,922,1,0,4,1e-12,0.0163109,0,5.79803e-12,4.85016e-13
LAPACK,923,1,0,4,1e-12,0.0163446,0,3.69482e-12,4.27182e-13
LAPACK,924,1,0,4,1e-12,0.01648,0,4.03588e-12,4.46879e-13
LAPACK,925,1,0,4,1e-12,0.0164359,0,3.86535e-12,4.49828e-13
LAPACK,926,1,0,4,1e-12,0.0164156,0,3.97904e-12,4.67637e-13
LAPACK,927,1,0,4,1e-12,0.0164994,0,3.86535e-12,4.6415e-13
LAPACK,928,1,0,4,1e-12,0.0164998,0,3.63798e-12,4.69373e-13
LAPACK,929,1,0,4,1e-12,0.0164677,0,4.37694e-12,4.54696e-13
LAPACK,930,1,0,4,1e-12,0.0165512,0,3.86535e-12,4.78754e-13
LAPACK,931,1,0,4,1e-12,0.0166099,0,3.60956e-12,4.35376e-13
LAPACK,932,1,0,4,1e-12,0.016583,0,3.25429e-12,4.5819e-13
LAPACK,933,1,0,4,1e-12,0.0166724,0,4.03588e-12,4.27232e-13
LAPACK,934,1,0,4,1e-12,0.0166858,0,3.18323e-12,4.4376e-13
LAPACK,935,1,0,4,1e-12,0.0167303,0,4.54747e-12,4.60173e-13
LAPACK,936,1,0,4,1e-12,0.0165566,0,4.09273e-12,4.46162e-13
LAPACK,937,1,0,4,1e-12,0.016772,0,3.78009e-12,4.26756e-13
LAPACK,938,1,0,4,1e-12,0.0167271,0,5.91172e-12,4.49751e-13
LAPACK,939,1,0,4,1e-12,0.0169558,0,4.60432e-12,4.6226e-13
LAPACK,940,1,0,4,1e-12,0.0168693,0,4.43379e-12,4.88105e-13
LAPACK,941,1,0,4,1e-12,0.0169282,0,3.52429e-12,4.4046e-13
LAPACK,942,1,0,4,1e-12,0.0170425,0,2.99849e-12,4.66806e-13
LAPACK,943,1,0,4,1e-12,0.0169791,0,3.86535e-12,4.4412e-13
LAPACK,944,1,0,4,1e-12,0.0170865,0,4.36984e-12,4.29749e-13
LAPACK,945,1,0,4,1e-12,0.0170246,0,4.20641e-12,4.46883e-13
LAPACK,946,1,0,4,1e-12,0.016919,0,3.29692e-12,4.0521e-13
LAPACK,947,1,0,4,1e-12,0.0171493,0,4.77485e-12,4.61857e-13
LAPACK,948,1,0,4,1e-12,0.0170336,0,7.19069e-12,4.32058e-13
LAPACK,949,1,0,4,1e-12,0.0174894,0,6.70752e-12,8.16846e-13
LAPACK,950,1,0,4,1e-12,0.017273,0,3.52429e-12,4.61013e-13
LAPACK,951,1,0,4,1e-12,0.0172502,0,3.18323e-12,4.83892e-13
LAPACK,952,1,0,4,1e-12,0.0172184,0,3.69482e-12,4.4811e-13
LAPACK,953,1,0,4,1e-12,0.0173852,0,3.29692e-12,5.04758e-13
LAPACK,954,1,0,4,1e-12,0.0175649,0,2.95586e-12,4.28258e-13
LAPACK,955,1,0,4,1e-12,0.017398,0,3.97904e-12,4.75053e-13
LAPACK,956,1,0,4,1e-12,0.0173738,0,4.09273e-12,4.72576e-13
LAPACK,957,1,0,4,1e-12,0.017548,0,3.70903e-12,4.53591e-13
LAPACK,958,1,0,4,1e-12,0.0176014,0,2.95586e-12,4.87102e-13
LAPACK,959,1,0,4,1e-12,0.017518,0,3.41061e-12,4.56796e-13
LAPACK,960,1,0,4,1e-12,0.0175702,0,3.09797e-12,4.52954e-13
LAPACK,961,1,0,4,1e-12,0.0174658,0,5.00222e-12,5.45559e-13
LAPACK,962,1,0,4,1e-12,0.0178438,0,2.50111e-12,4.27794e-13
LAPACK,963,1,0,4,1e-12,0.0175888,0,4.46221e-12,4.35044e-13
LAPACK,964,1,0,4,1e-12,0.0177152,0,4.54747e-12,4.49952e-13
LAPACK,965,1,0,4,1e-12,0.0176835,0,3.97904e-12,4.81826e-13
LAPACK,966,1,0,4,1e-12,0.0177867,0,3.75167e-12,4.6843e-13
LAPACK,967,1,0,4,1e-12,0.0178572,0,3.97904e-12,4.71503e-13
LAPACK,968,1,0,4,1e-12,0.0178182,0,3.86535e-12,4.23881e-13
LAPACK,969,1,0,4,1e-12,0.0178076,0,4.20641e-12,4.76164e-13
LAPACK,970,1,0,4,1e-12,0.0178383,0,5.01643e-12,4.62573e-13
LAPACK,971,1,0,4,1e-12,0.0178472,0,3.75167e-12,4.58883e-13
LAPACK,972,1,0,4,1e-12,0.0179201,0,2.95586e-12,4.19972e-13
LAPACK,973,1,0,4,1e-12,0.0181233,0,3.16902e-12,4.31578e-13
LAPACK,974,1,0,4,1e-12,0.0181219,0,4.94538e-12,4.47e-13
LAPACK,975,1,0,4,1e-12,0.0180486,0,3.29692e-12,4.72887e-13
LAPACK,976,1,0,4,1e-12,0.0181868,0,3.06954e-12,4.56516e-13
LAPACK,977,1,0,4,1e-12,0.0182186,0,3.41061e-12,4.68221e-13
LAPACK,978,1,0,4,1e-12,0.0181459,0,4.14957e-12,4.49614e-13
LAPACK,979,1,0,4,1e-12,0.0181856,0,5.34328e-12,4.60622e-13
LAPACK,980,1,0,4,1e-12,0.0183997,0,3.63443e-12,4.64714e-13
LAPACK,981,1,0,4,1e-12,0.0183558,0,4.54747e-12,4.51712e-13
LAPACK,982,1,0,4,1e-12,0.0183737,0,4.09273e-12,4.85304e-13
LAPACK,983,1,0,4,1e-12,0.0183849,0,3.63798e-12,4.6219e-13
LAPACK,984,1,0,4,1e-12,0.0185419,0,3.52429e-12,4.615e-13
LAPACK,985,1,0,4,1e-12,0.0185275,0,4.77485e-12,4.69581e-13
LAPACK,986,1,0,4,1e-12,0.0184144,0,2.6148e-12,4.29365e-13
LAPACK,987,1,0,4,1e-12,0.0184921,0,3.29692e-12,4.61767e-13
LAPACK,988,1,0,4,1e-12,0.018617,0,4.27391e-12,4.98151e-13
LAPACK,989,1,0,4,1e-12,0.0185166,0,3.18323e-12,4.70559e-13
LAPACK,990,1,0,4,1e-12,0.0184527,0,3.97904e-12,4.54518e-13
LAPACK,991,1,0,4,1e-12,0.0187416,0,8.15703e-12,4.7626e-13
LAPACK,992,1,0,4,1e-12,0.0187469,0,3.58114e-12,4.5784e-13
LAPACK,993,1,0,4,1e-12,0.0187847,0,5.22959e-12,4.5523e-13
LAPACK,994,1,0,4,1e-12,0.0189078,0,4.3201e-12,4.79626e-13
LAPACK,995,1,0,4,1e-12,0.0187951,0,3.95062e-12,4.40783e-13
LAPACK,996,1,0,4,1e-12,0.0188002,0,4.09273e-12,4.64646e-13
LAPACK,997,1,0,4,1e-12,0.0189661,0,3.35376e-12,4.44851e-13
LAPACK,998,1,0,4,1e-12,0.0191442,0,5.00222e-12,4.67832e-13
LAPACK,999,1,0,4,1e-12,0.0189786,0,3.63798e-12,4.78335e-13
LAPACK,1000,1,0,4,1e-12,0.0190284,0,4.0643e-12,4.34906e-13
