version, size, hermitian, complex, seed, tol, runtime in s,min_error, max_error, avg_error
LAPACK,1,1,0,7,1e-12,1.2394e-05,0,0,0
LAPACK,2,1,0,7,1e-12,2.845e-06,5.68434e-14,2.27374e-13,1.42109e-13
LAPACK,3,1,0,7,1e-12,1.422e-06,5.68434e-14,5.68434e-13,2.27374e-13
LAPACK,4,1,0,7,1e-12,1.062e-06,1.13687e-13,2.84217e-13,1.91847e-13
LAPACK,5,1,0,7,1e-12,1.422e-06,1.13687e-13,2.27374e-13,1.7053e-13
LAPACK,6,1,0,7,1e-12,1.864e-06,0,3.41061e-13,1.27898e-13
LAPACK,7,1,0,7,1e-12,2.655e-06,5.68434e-14,3.41061e-13,1.86771e-13
LAPACK,8,1,0,7,1e-12,2.895e-06,0,3.41061e-13,1.35003e-13
LAPACK,9,1,0,7,1e-12,3.516e-06,5.68434e-14,6.82121e-13,2.21058e-13
LAPACK,10,1,0,7,1e-12,4.298e-06,0,5.11591e-13,1.81899e-13
LAPACK,11,1,0,7,1e-12,4.599e-06,0,6.82121e-13,1.42109e-13
LAPACK,12,1,0,7,1e-12,5.72e-06,0,4.54747e-13,1.80004e-13
LAPACK,13,1,0,7,1e-12,6.512e-06,2.84217e-14,4.54747e-13,1.90207e-13
LAPACK,14,1,0,7,1e-12,6.923e-06,0,4.54747e-13,1.7053e-13
LAPACK,15,1,0,7,1e-12,8.025e-06,0,5.11591e-13,2.25479e-13
LAPACK,16,1,0,7,1e-12,8.256e-06,0,3.97904e-13,1.84741e-13
LAPACK,17,1,0,7,1e-12,1.053e-05,0,6.82121e-13,2.52452e-13
LAPACK,18,1,0,7,1e-12,1.054e-05,2.84217e-14,5.68434e-13,2.08426e-13
LAPACK,19,1,0,7,1e-12,1.2824e-05,0,7.95808e-13,2.22886e-13
LAPACK,20,1,0,7,1e-12,1.2443e-05,0,6.82121e-13,1.9611e-13
LAPACK,21,1,0,7,1e-12,1.597e-05,0,5.68434e-13,2.1384e-13
LAPACK,22,1,0,7,1e-12,1.583e-05,0,4.54747e-13,1.53736e-13
LAPACK,23,1,0,7,1e-12,1.8084e-05,0,6.82121e-13,2.4591e-13
LAPACK,24,1,0,7,1e-12,1.7082e-05,0,6.82121e-13,2.07242e-13
LAPACK,25,1,0,7,1e-12,1.9236e-05,2.84217e-14,1.13687e-12,3.26281e-13
LAPACK,26,1,0,7,1e-12,2.0348e-05,0,7.95808e-13,2.26281e-13
LAPACK,27,1,0,7,1e-12,2.133e-05,0,7.95808e-13,2.70533e-13
LAPACK,28,1,0,7,1e-12,2.2232e-05,0,1.02318e-12,3.01473e-13
LAPACK,29,1,0,7,1e-12,2.4315e-05,0,1.25056e-12,2.81277e-13
LAPACK,30,1,0,7,1e-12,2.5558e-05,0,6.82121e-13,1.90425e-13
LAPACK,31,1,0,7,1e-12,2.8022e-05,0,1.02318e-12,2.49378e-13
LAPACK,32,1,0,7,1e-12,3.0477e-05,0,1.02318e-12,2.74447e-13
LAPACK,33,1,0,7,1e-12,3.4024e-05,0,9.09495e-13,2.64408e-13
LAPACK,34,1,0,7,1e-12,3.2822e-05,0,9.09495e-13,2.88397e-13
LAPACK,35,1,0,7,1e-12,3.3614e-05,0,7.95808e-13,2.19253e-13
LAPACK,36,1,0,7,1e-12,3.6499e-05,0,1.25056e-12,3.2606e-13
LAPACK,37,1,0,7,1e-12,3.9344e-05,0,4.54747e-13,1.46333e-13
LAPACK,38,1,0,7,1e-12,3.9494e-05,0,7.95808e-13,3.0329e-13
LAPACK,39,1,0,7,1e-12,4.1809e-05,0,9.66338e-13,2.53427e-13
LAPACK,40,1,0,7,1e-12,4.4934e-05,0,5.68434e-13,2.36255e-13
LAPACK,41,1,0,7,1e-12,4.4884e-05,0,1.02318e-12,3.09606e-13
LAPACK,42,1,0,7,1e-12,4.8231e-05,0,9.09495e-13,2.16969e-13
LAPACK,43,1,0,7,1e-12,5.0665e-05,0,6.82121e-13,2.58522e-13
LAPACK,44,1,0,7,1e-12,5.2048e-05,0,7.95808e-13,2.83006e-13
LAPACK,45,1,0,7,1e-12,5.3611e-05,0,1.02318e-12,2.39374e-13
LAPACK,46,1,0,7,1e-12,5.5003e-05,0,1.02318e-12,2.6684e-13
LAPACK,47,1,0,7,1e-12,5.7378e-05,0,1.02318e-12,2.53301e-13
LAPACK,48,1,0,7,1e-12,6.0744e-05,0,9.09495e-13,2.16197e-13
LAPACK,49,1,0,7,1e-12,6.3419e-05,0,1.02318e-12,2.93353e-13
LAPACK,50,1,0,7,1e-12,6.4842e-05,0,9.09495e-13,2.91678e-13
LAPACK,51,1,0,7,1e-12,6.7196e-05,0,1.02318e-12,2.81988e-13
LAPACK,52,1,0,7,1e-12,7.0382e-05,0,9.09495e-13,2.44454e-13
LAPACK,53,1,0,7,1e-12,7.2256e-05,0,1.02318e-12,2.81134e-13
LAPACK,54,1,0,7,1e-12,7.6363e-05,0,1.25056e-12,3.57048e-13
LAPACK,55,1,0,7,1e-12,7.8687e-05,0,7.95808e-13,2.37127e-13
LAPACK,56,1,0,7,1e-12,8.2285e-05,0,9.37916e-13,2.90688e-13
LAPACK,57,1,0,7,1e-12,8.6553e-05,0,7.95808e-13,2.98054e-13
LAPACK,58,1,0,7,1e-12,8.6994e-05,0,9.09495e-13,2.85932e-13
LAPACK,59,1,0,7,1e-12,9.01e-05,0,1.25056e-12,2.54651e-13
LAPACK,60,1,0,7,1e-12,9.2985e-05,0,7.95808e-13,2.63375e-13
LAPACK,61,1,0,7,1e-12,9.4387e-05,0,1.02318e-12,2.55737e-13
LAPACK,62,1,0,7,1e-12,9.8345e-05,0,1.02318e-12,3.11722e-13
LAPACK,63,1,0,7,1e-12,0.000104066,0,6.82121e-13,2.53089e-13
LAPACK,64,1,0,7,1e-12,0.000103394,0,1.02318e-12,2.6279e-13
LAPACK,65,1,0,7,1e-12,0.000107912,0,1.02318e-12,2.48089e-13
LAPACK,66,1,0,7,1e-12,0.000109256,0,1.02318e-12,2.98751e-13
LAPACK,67,1,0,7,1e-12,0.000112993,0,7.95808e-13,2.93709e-13
LAPACK,68,1,0,7,1e-12,0.000118923,0,7.38964e-13,2.58355e-13
LAPACK,69,1,0,7,1e-12,0.000123172,0,1.13687e-12,2.6805e-13
LAPACK,70,1,0,7,1e-12,0.000121799,0,9.09495e-13,2.55389e-13
LAPACK,71,1,0,7,1e-12,0.000126477,0,1.02318e-12,2.57146e-13
LAPACK,72,1,0,7,1e-12,0.000128943,0,9.09495e-13,2.22193e-13
LAPACK,73,1,0,7,1e-12,0.000130255,0,1.25056e-12,3.24757e-13
LAPACK,74,1,0,7,1e-12,0.000138861,0,7.38964e-13,2.60884e-13
LAPACK,75,1,0,7,1e-12,0.000139953,0,1.02318e-12,2.5499e-13
LAPACK,76,1,0,7,1e-12,0.000142057,0,1.25056e-12,2.66921e-13
LAPACK,77,1,0,7,1e-12,0.000145543,0,1.02318e-12,2.75543e-13
LAPACK,78,1,0,7,1e-12,0.000149271,0,1.02318e-12,2.78934e-13
LAPACK,79,1,0,7,1e-12,0.000147708,0,1.25056e-12,3.01756e-13
LAPACK,80,1,0,7,1e-12,0.000158979,0,1.25056e-12,2.56639e-13
LAPACK,81,1,0,7,1e-12,0.000164178,0,9.37916e-13,3.04393e-13
LAPACK,82,1,0,7,1e-12,0.000166533,0,9.09495e-13,2.75379e-13
LAPACK,83,1,0,7,1e-12,0.00016463,0,1.7053e-12,2.98984e-13
LAPACK,84,1,0,7,1e-12,0.000173847,0,2.10321e-12,3.23678e-13
LAPACK,85,1,0,7,1e-12,0.000176511,0,6.82121e-13,2.57802e-13
LAPACK,86,1,0,7,1e-12,0.00018147,0,1.02318e-12,2.33653e-13
LAPACK,87,1,0,7,1e-12,0.000183775,0,1.36424e-12,3.28932e-13
LAPACK,88,1,0,7,1e-12,0.000184917,0,1.76215e-12,2.8123e-13
LAPACK,89,1,0,7,1e-12,0.000194415,0,2.04636e-12,3.96906e-13
LAPACK,90,1,0,7,1e-12,0.000199425,0,1.02318e-12,2.90809e-13
LAPACK,91,1,0,7,1e-12,0.000199295,0,1.42109e-12,3.37742e-13
LAPACK,92,1,0,7,1e-12,0.000206377,0,1.36424e-12,3.39361e-13
LAPACK,93,1,0,7,1e-12,0.000206207,0,1.12266e-12,3.49159e-13
LAPACK,94,1,0,7,1e-12,0.000211617,0,2.50111e-12,3.35996e-13
LAPACK,95,1,0,7,1e-12,0.000216116,0,1.47793e-12,2.80365e-13
LAPACK,96,1,0,7,1e-12,0.000214964,0,1.81899e-12,3.4465e-13
LAPACK,97,1,0,7,1e-12,0.000219873,0,1.25056e-12,3.07218e-13
LAPACK,98,1,0,7,1e-12,0.000228489,0,1.7053e-12,2.9444e-13
LAPACK,99,1,0,7,1e-12,0.00022939,0,1.13687e-12,3.4569e-13
LAPACK,100,1,0,7,1e-12,0.000239681,0,1.25056e-12,2.63007e-13
LAPACK,101,1,0,7,1e-12,0.000244009,0,1.13687e-12,2.97197e-13
LAPACK,102,1,0,7,1e-12,0.000244779,0,1.47793e-12,3.74324e-13
LAPACK,103,1,0,7,1e-12,0.000251743,0,1.25056e-12,3.70551e-13
LAPACK,104,1,0,7,1e-12,0.000252033,0,2.04636e-12,2.91288e-13
LAPACK,105,1,0,7,1e-12,0.000259428,0,1.25056e-12,3.04924e-13
LAPACK,106,1,0,7,1e-12,0.000267753,0,1.25056e-12,2.63269e-13
LAPACK,107,1,0,7,1e-12,0.000268534,0,1.36424e-12,3.33059e-13
LAPACK,108,1,0,7,1e-12,0.000275798,0,1.36424e-12,2.78921e-13
LAPACK,109,1,0,7,1e-12,0.000280798,0,1.25056e-12,3.50806e-13
LAPACK,110,1,0,7,1e-12,0.000286057,0,1.42109e-12,3.52914e-13
LAPACK,111,1,0,7,1e-12,0.000282691,0,1.7053e-12,3.43717e-13
LAPACK,112,1,0,7,1e-12,0.000289213,0,1.36424e-12,2.84312e-13
LAPACK,113,1,0,7,1e-12,0.000292569,0,1.02318e-12,2.5284e-13
LAPACK,114,1,0,7,1e-12,0.000343255,0,2.27374e-12,3.34859e-13
LAPACK,115,1,0,7,1e-12,0.000305324,0,1.13687e-12,3.35005e-13
LAPACK,116,1,0,7,1e-12,0.000306987,0,2.6148e-12,3.60907e-13
LAPACK,117,1,0,7,1e-12,0.000315964,0,1.53477e-12,3.29795e-13
LAPACK,118,1,0,7,1e-12,0.000318147,0,1.08002e-12,2.61757e-13
LAPACK,119,1,0,7,1e-12,0.000326723,0,1.13687e-12,2.90606e-13
LAPACK,120,1,0,7,1e-12,0.000337955,0,1.47793e-12,3.2158e-13
LAPACK,121,1,0,7,1e-12,0.000335751,0,1.47793e-12,2.96725e-13
LAPACK,122,1,0,7,1e-12,0.00033571,0,1.50635e-12,3.25947e-13
LAPACK,123,1,0,7,1e-12,0.000343185,0,1.53833e-12,3.56629e-13
LAPACK,124,1,0,7,1e-12,0.000350499,0,1.47793e-12,3.58308e-13
LAPACK,125,1,0,7,1e-12,0.000353584,0,1.45661e-12,3.10905e-13
LAPACK,126,1,0,7,1e-12,0.00036206,0,1.3074e-12,3.18757e-13
LAPACK,127,1,0,7,1e-12,0.000369844,0,1.7053e-12,3.17842e-13
LAPACK,128,1,0,7,1e-12,0.000374574,0,1.02318e-12,2.93848e-13
LAPACK,129,1,0,7,1e-12,0.000386306,0,1.53477e-12,3.27703e-13
LAPACK,130,1,0,7,1e-12,0.00038854,0,1.79057e-12,3.59179e-13
LAPACK,131,1,0,7,1e-12,0.000402827,0,1.59162e-12,3.06076e-13
LAPACK,132,1,0,7,1e-12,0.000397006,0,2.20268e-12,3.6959e-13
LAPACK,133,1,0,7,1e-12,0.000400583,0,1.13687e-12,3.26289e-13
LAPACK,134,1,0,7,1e-12,0.000408407,0,1.47793e-12,3.35201e-13
LAPACK,135,1,0,7,1e-12,0.000403959,0,1.53477e-12,2.99454e-13
LAPACK,136,1,0,7,1e-12,0.000407686,0,1.13687e-12,3.46729e-13
LAPACK,137,1,0,7,1e-12,0.000421672,0,2.16005e-12,3.32736e-13
LAPACK,138,1,0,7,1e-12,0.00042582,0,1.7053e-12,3.60189e-13
LAPACK,139,1,0,7,1e-12,0.000440106,0,1.25056e-12,2.86006e-13
LAPACK,140,1,0,7,1e-12,0.000440277,0,1.7053e-12,3.15887e-13
LAPACK,141,1,0,7,1e-12,0.000446839,0,1.93268e-12,3.34761e-13
LAPACK,142,1,0,7,1e-12,0.000446348,0,1.7053e-12,3.15766e-13
LAPACK,143,1,0,7,1e-12,0.000456958,0,1.47793e-12,3.40241e-13
LAPACK,144,1,0,7,1e-12,0.00047364,0,1.93268e-12,3.9366e-13
LAPACK,145,1,0,7,1e-12,0.000470314,0,1.62004e-12,3.35597e-13
LAPACK,146,1,0,7,1e-12,0.000470384,0,1.53477e-12,3.46974e-13
LAPACK,147,1,0,7,1e-12,0.000485993,0,1.36424e-12,3.2088e-13
LAPACK,148,1,0,7,1e-12,0.000492866,0,1.13687e-12,3.28626e-13
LAPACK,149,1,0,7,1e-12,0.000492295,0,9.09495e-13,2.88437e-13
LAPACK,150,1,0,7,1e-12,0.000509136,0,1.02318e-12,3.2261e-13
LAPACK,151,1,0,7,1e-12,0.000503385,0,1.53477e-12,3.07157e-13
LAPACK,152,1,0,7,1e-12,0.000520097,0,1.87583e-12,2.58641e-13
LAPACK,153,1,0,7,1e-12,0.000519005,0,1.47793e-12,3.44607e-13
LAPACK,154,1,0,7,1e-12,0.00052725,0,1.81899e-12,3.51249e-13
LAPACK,155,1,0,7,1e-12,0.000546276,0,1.7053e-12,3.17575e-13
LAPACK,156,1,0,7,1e-12,0.000538272,0,1.36424e-12,2.72016e-13
LAPACK,157,1,0,7,1e-12,0.000551667,0,1.25056e-12,2.87049e-13
LAPACK,158,1,0,7,1e-12,0.000560313,0,1.47793e-12,3.40614e-13
LAPACK,159,1,0,7,1e-12,0.000568097,0,1.47793e-12,3.38675e-13
LAPACK,160,1,0,7,1e-12,0.000582414,0,1.36424e-12,3.21762e-13
LAPACK,161,1,0,7,1e-12,0.000578457,0,2.13163e-12,3.10217e-13
LAPACK,162,1,0,7,1e-12,0.000594306,0,1.25056e-12,3.21046e-13
LAPACK,163,1,0,7,1e-12,0.000610387,0,2.50111e-12,3.1393e-13
LAPACK,164,1,0,7,1e-12,0.000593264,0,1.53477e-12,3.48301e-13
LAPACK,165,1,0,7,1e-12,0.000616708,0,2.01794e-12,3.62982e-13
LAPACK,166,1,0,7,1e-12,0.00060716,0,2.6148e-12,3.40405e-13
LAPACK,167,1,0,7,1e-12,0.000625766,0,2.38742e-12,3.43425e-13
LAPACK,168,1,0,7,1e-12,0.000634212,0,1.25056e-12,3.37391e-13
LAPACK,169,1,0,7,1e-12,0.000623782,0,1.16529e-12,3.30862e-13
LAPACK,170,1,0,7,1e-12,0.000641905,0,2.27374e-12,3.7153e-13
LAPACK,171,1,0,7,1e-12,0.000637287,0,1.76215e-12,3.15075e-13
LAPACK,172,1,0,7,1e-12,0.000642427,0,1.81899e-12,3.38711e-13
LAPACK,173,1,0,7,1e-12,0.000642307,0,1.7053e-12,3.04684e-13
LAPACK,174,1,0,7,1e-12,0.000653979,0,1.47793e-12,3.18062e-13
LAPACK,175,1,0,7,1e-12,0.000670419,0,1.47793e-12,3.68624e-13
LAPACK,176,1,0,7,1e-12,0.000692451,0,1.59162e-12,3.01287e-13
LAPACK,177,1,0,7,1e-12,0.000721856,0,1.59162e-12,3.78296e-13
LAPACK,178,1,0,7,1e-12,0.000690096,0,1.47793e-12,3.81505e-13
LAPACK,179,1,0,7,1e-12,0.000712148,0,1.25056e-12,3.08945e-13
LAPACK,180,1,0,7,1e-12,0.000705174,0,1.53477e-12,3.84959e-13
LAPACK,181,1,0,7,1e-12,0.000731735,0,2.04636e-12,3.2842e-13
LAPACK,182,1,0,7,1e-12,0.000720303,0,1.42109e-12,3.5248e-13
LAPACK,183,1,0,7,1e-12,0.000729481,0,1.71951e-12,3.70283e-13
LAPACK,184,1,0,7,1e-12,0.000741583,0,2.04636e-12,3.46093e-13
LAPACK,185,1,0,7,1e-12,0.000746452,0,1.81899e-12,3.4023e-13
LAPACK,186,1,0,7,1e-12,0.000778442,0,1.93268e-12,3.40151e-13
LAPACK,187,1,0,7,1e-12,0.000760047,0,2.16005e-12,3.6838e-13
LAPACK,188,1,0,7,1e-12,0.000776258,0,2.33058e-12,3.50119e-13
LAPACK,189,1,0,7,1e-12,0.000782059,0,1.59162e-12,3.43347e-13
LAPACK,190,1,0,7,1e-12,0.000802778,0,1.42109e-12,3.512e-13
LAPACK,191,1,0,7,1e-12,0.000804691,0,1.7053e-12,3.4067e-13
LAPACK,192,1,0,7,1e-12,0.000797528,0,1.13687e-12,3.26771e-13
LAPACK,193,1,0,7,1e-12,0.000812265,0,1.47793e-12,3.44188e-13
LAPACK,194,1,0,7,1e-12,0.000816314,0,1.64846e-12,3.47358e-13
LAPACK,195,1,0,7,1e-12,0.000818508,0,1.36424e-12,3.32286e-13
LAPACK,196,1,0,7,1e-12,0.000824449,0,1.81899e-12,3.53971e-13
LAPACK,197,1,0,7,1e-12,0.00126308,0,3.18323e-12,3.36162e-13
LAPACK,198,1,0,7,1e-12,0.000845358,0,2.21689e-12,3.91299e-13
LAPACK,199,1,0,7,1e-12,0.000871757,0,1.93268e-12,3.4936e-13
LAPACK,200,1,0,7,1e-12,0.000879702,0,1.36424e-12,3.45326e-13
LAPACK,201,1,0,7,1e-12,0.000888449,0,2.38742e-12,3.41034e-13
LAPACK,202,1,0,7,1e-12,0.000889161,0,2.70006e-12,3.85788e-13
LAPACK,203,1,0,7,1e-12,0.000891284,0,1.93268e-12,3.54792e-13
LAPACK,204,1,0,7,1e-12,0.000905,0,1.36424e-12,3.40525e-13
LAPACK,205,1,0,7,1e-12,0.000909579,0,1.93268e-12,3.25736e-13
LAPACK,206,1,0,7,1e-12,0.00088906,0,1.7053e-12,3.46273e-13
LAPACK,207,1,0,7,1e-12,0.000921371,0,1.67688e-12,3.48331e-13
LAPACK,208,1,0,7,1e-12,0.000937511,0,2.21689e-12,3.45662e-13
LAPACK,209,1,0,7,1e-12,0.000946839,0,1.7053e-12,3.5647e-13
LAPACK,210,1,0,7,1e-12,0.00092133,0,2.04636e-12,3.79125e-13
LAPACK,211,1,0,7,1e-12,0.000964372,0,2.13163e-12,3.49477e-13
LAPACK,212,1,0,7,1e-12,0.000941699,0,2.38742e-12,4.10584e-13
LAPACK,213,1,0,7,1e-12,0.000981484,0,1.81899e-12,3.32771e-13
LAPACK,214,1,0,7,1e-12,0.000986684,0,2.04636e-12,3.27371e-13
LAPACK,215,1,0,7,1e-12,0.000952469,0,1.81899e-12,3.14103e-13
LAPACK,216,1,0,7,1e-12,0.0010212,0,1.47793e-12,3.6501e-13
LAPACK,217,1,0,7,1e-12,0.00100961,0,2.04636e-12,3.14112e-13
LAPACK,218,1,0,7,1e-12,0.00100003,0,1.47793e-12,3.14788e-13
LAPACK,219,1,0,7,1e-12,0.00101087,0,2.04636e-12,3.41803e-13
LAPACK,220,1,0,7,1e-12,0.00103992,0,1.93268e-12,3.62722e-13
LAPACK,221,1,0,7,1e-12,0.00104912,0,1.9611e-12,3.43134e-13
LAPACK,222,1,0,7,1e-12,0.00102334,0,1.53477e-12,3.64855e-13
LAPACK,223,1,0,7,1e-12,0.00104132,0,1.7053e-12,3.19979e-13
LAPACK,224,1,0,7,1e-12,0.00107518,0,2.50111e-12,3.31963e-13
LAPACK,225,1,0,7,1e-12,0.00107617,0,2.04636e-12,3.9251e-13
LAPACK,226,1,0,7,1e-12,0.00107236,0,1.81899e-12,3.62833e-13
LAPACK,227,1,0,7,1e-12,0.00106584,0,1.87583e-12,3.68661e-13
LAPACK,228,1,0,7,1e-12,0.00111682,0,1.93268e-12,3.56841e-13
LAPACK,229,1,0,7,1e-12,0.00114135,0,2.07123e-12,3.6529e-13
LAPACK,230,1,0,7,1e-12,0.0011378,0,1.93268e-12,4.04646e-13
LAPACK,231,1,0,7,1e-12,0.00114762,0,1.93268e-12,3.75457e-13
LAPACK,232,1,0,7,1e-12,0.00112344,0,1.87583e-12,3.66374e-13
LAPACK,233,1,0,7,1e-12,0.00116603,0,2.04636e-12,3.31233e-13
LAPACK,234,1,0,7,1e-12,0.00117253,0,1.93268e-12,3.69756e-13
LAPACK,235,1,0,7,1e-12,0.00115847,0,1.47793e-12,3.44836e-13
LAPACK,236,1,0,7,1e-12,0.00122023,0,1.44951e-12,3.49167e-13
LAPACK,237,1,0,7,1e-12,0.00119826,0,1.59162e-12,4.03675e-13
LAPACK,238,1,0,7,1e-12,0.00117775,0,1.47793e-12,3.29066e-13
LAPACK,239,1,0,7,1e-12,0.00122906,0,1.81899e-12,3.71368e-13
LAPACK,240,1,0,7,1e-12,0.00120479,0,2.04636e-12,3.61339e-13
LAPACK,241,1,0,7,1e-12,0.00126827,0,1.25056e-12,3.11913e-13
LAPACK,242,1,0,7,1e-12,0.00121757,0,1.36424e-12,3.10481e-13
LAPACK,243,1,0,7,1e-12,0.00128767,0,2.27374e-12,3.76359e-13
LAPACK,244,1,0,7,1e-12,0.00125947,0,1.69109e-12,3.79028e-13
LAPACK,245,1,0,7,1e-12,0.00126138,0,2.27374e-12,3.71019e-13
LAPACK,246,1,0,7,1e-12,0.00128721,0,1.81899e-12,3.88203e-13
LAPACK,247,1,0,7,1e-12,0.00128672,0,3.18323e-12,4.45089e-13
LAPACK,248,1,0,7,1e-12,0.00127675,0,1.7053e-12,3.28536e-13
LAPACK,249,1,0,7,1e-12,0.00131339,0,1.64846e-12,3.82923e-13
LAPACK,250,1,0,7,1e-12,0.00132886,0,1.93268e-12,3.51784e-13
LAPACK,251,1,0,7,1e-12,0.0013429,0,2.27374e-12,3.61467e-13
LAPACK,252,1,0,7,1e-12,0.00135627,0,2.72848e-12,3.82897e-13
LAPACK,253,1,0,7,1e-12,0.0013633,0,1.59162e-12,3.47423e-13
LAPACK,254,1,0,7,1e-12,0.00132895,0,2.04636e-12,3.87982e-13
LAPACK,255,1,0,7,1e-12,0.00139937,0,2.84217e-12,3.79346e-13
LAPACK,256,1,0,7,1e-12,0.00134975,0,2.04636e-12,3.60744e-13
LAPACK,257,1,0,7,1e-12,0.00142002,0,2.39808e-12,4.04711e-13
LAPACK,258,1,0,7,1e-12,0.00140664,0,2.72848e-12,4.09584e-13
LAPACK,259,1,0,7,1e-12,0.00139538,0,2.72848e-12,4.17942e-13
LAPACK,260,1,0,7,1e-12,0.00141602,0,2.84217e-12,3.63193e-13
LAPACK,261,1,0,7,1e-12,0.00144294,0,2.10321e-12,3.67665e-13
LAPACK,262,1,0,7,1e-12,0.00143559,0,1.98952e-12,3.168e-13
LAPACK,263,1,0,7,1e-12,0.00142206,0,1.93268e-12,3.46305e-13
LAPACK,264,1,0,7,1e-12,0.00146852,0,2.33058e-12,3.87285e-13
LAPACK,265,1,0,7,1e-12,0.00147084,0,1.87583e-12,4.04194e-13
LAPACK,266,1,0,7,1e-12,0.00151788,0,1.91847e-12,3.65854e-13
LAPACK,267,1,0,7,1e-12,0.0014947,0,1.36424e-12,3.45629e-13
LAPACK,268,1,0,7,1e-12,0.00149862,0,3.06954e-12,3.9593e-13
LAPACK,269,1,0,7,1e-12,0.00150166,0,2.72848e-12,4.3222e-13
LAPACK,270,1,0,7,1e-12,0.00152796,0,1.98952e-12,4.15487e-13
LAPACK,271,1,0,7,1e-12,0.00151514,0,1.79057e-12,3.4677e-13
LAPACK,272,1,0,7,1e-12,0.00155203,0,2.38742e-12,4.00595e-13
LAPACK,273,1,0,7,1e-12,0.00156082,0,2.27374e-12,3.65347e-13
LAPACK,274,1,0,7,1e-12,0.00157879,0,2.6148e-12,3.48229e-13
LAPACK,275,1,0,7,1e-12,0.00155383,0,1.93268e-12,3.8459e-13
LAPACK,276,1,0,7,1e-12,0.00159311,0,2.70006e-12,3.84714e-13
LAPACK,277,1,0,7,1e-12,0.00164767,0,2.6148e-12,3.96545e-13
LAPACK,278,1,0,7,1e-12,0.00164352,0,2.16005e-12,3.82609e-13
LAPACK,279,1,0,7,1e-12,0.00164037,0,2.38742e-12,3.7108e-13
LAPACK,280,1,0,7,1e-12,0.00160391,0,2.38742e-12,3.37208e-13
LAPACK,281,1,0,7,1e-12,0.00165803,0,1.36424e-12,3.98014e-13
LAPACK,282,1,0,7,1e-12,0.00165076,0,1.59162e-12,3.41085e-13
LAPACK,283,1,0,7,1e-12,0.00169255,0,2.04636e-12,3.68515e-13
LAPACK,284,1,0,7,1e-12,0.00168863,0,1.7053e-12,3.6679e-13
LAPACK,285,1,0,7,1e-12,0.00167957,0,1.93268e-12,3.34208e-13
LAPACK,286,1,0,7,1e-12,0.00172549,0,1.81899e-12,3.7865e-13
LAPACK,287,1,0,7,1e-12,0.00171872,0,2.10321e-12,3.88881e-13
LAPACK,288,1,0,7,1e-12,0.00171869,0,2.18492e-12,3.94575e-13
LAPACK,289,1,0,7,1e-12,0.00174104,0,1.93268e-12,3.45013e-13
LAPACK,290,1,0,7,1e-12,0.00174644,0,2.04636e-12,3.68007e-13
LAPACK,291,1,0,7,1e-12,0.00175789,0,2.72848e-12,3.52243e-13
LAPACK,292,1,0,7,1e-12,0.00178405,0,2.04636e-12,3.38202e-13
LAPACK,293,1,0,7,1e-12,0.00180604,0,1.78701e-12,3.3913e-13
LAPACK,294,1,0,7,1e-12,0.00180099,0,2.04636e-12,3.91034e-13
LAPACK,295,1,0,7,1e-12,0.00179675,0,2.6148e-12,3.99871e-13
LAPACK,296,1,0,7,1e-12,0.00183336,0,1.87583e-12,3.76458e-13
LAPACK,297,1,0,7,1e-12,0.00181111,0,2.27374e-12,3.44194e-13
LAPACK,298,1,0,7,1e-12,0.00184742,0,2.16005e-12,3.90387e-13
LAPACK,299,1,0,7,1e-12,0.00186091,0,2.50111e-12,4.01225e-13
LAPACK,300,1,0,7,1e-12,0.00189785,0,2.16005e-12,4.16728e-13
LAPACK,301,1,0,7,1e-12,0.0018671,0,1.76215e-12,3.77021e-13
LAPACK,302,1,0,7,1e-12,0.00183795,0,2.33058e-12,3.62625e-13
LAPACK,303,1,0,7,1e-12,0.00188395,0,2.78533e-12,3.89248e-13
LAPACK,304,1,0,7,1e-12,0.00190613,0,1.93268e-12,3.40677e-13
LAPACK,305,1,0,7,1e-12,0.00194558,0,2.50111e-12,3.41849e-13
LAPACK,306,1,0,7,1e-12,0.00194248,0,2.16005e-12,3.50897e-13
LAPACK,307,1,0,7,1e-12,0.0019576,0,3.73035e-12,3.91736e-13
LAPACK,308,1,0,7,1e-12,0.00196616,0,2.18847e-12,3.80882e-13
LAPACK,309,1,0,7,1e-12,0.00194383,0,1.73372e-12,3.48421e-13
LAPACK,310,1,0,7,1e-12,0.00196584,0,2.52953e-12,3.68413e-13
LAPACK,311,1,0,7,1e-12,0.00201435,0,2.16005e-12,4.2423e-13
LAPACK,312,1,0,7,1e-12,0.00201057,0,2.04636e-12,4.069e-13
LAPACK,313,1,0,7,1e-12,0.00203512,0,1.81899e-12,3.74509e-13
LAPACK,314,1,0,7,1e-12,0.0020705,0,2.67164e-12,3.51164e-13
LAPACK,315,1,0,7,1e-12,0.00205032,0,1.47793e-12,3.26091e-13
LAPACK,316,1,0,7,1e-12,0.0020723,0,2.359e-12,3.81493e-13
LAPACK,317,1,0,7,1e-12,0.0020785,0,1.81899e-12,3.43997e-13
LAPACK,318,1,0,7,1e-12,0.00209728,0,1.81899e-12,3.82819e-13
LAPACK,319,1,0,7,1e-12,0.00207212,0,2.27374e-12,3.67872e-13
LAPACK,320,1,0,7,1e-12,0.0021116,0,2.04636e-12,4.16348e-13
LAPACK,321,1,0,7,1e-12,0.00211376,0,2.8848e-12,3.90386e-13
LAPACK,322,1,0,7,1e-12,0.00216055,0,1.93268e-12,4.01635e-13
LAPACK,323,1,0,7,1e-12,0.00212619,0,2.50111e-12,4.13276e-13
LAPACK,324,1,0,7,1e-12,0.00217224,0,1.7053e-12,3.81923e-13
LAPACK,325,1,0,7,1e-12,0.00223174,0,3.52429e-12,4.7985e-13
LAPACK,326,1,0,7,1e-12,0.00214239,0,2.84217e-12,3.70969e-13
LAPACK,327,1,0,7,1e-12,0.00224155,0,2.14584e-12,3.99899e-13
LAPACK,328,1,0,7,1e-12,0.00220934,0,3.2685e-12,3.94336e-13
LAPACK,329,1,0,7,1e-12,0.00219055,0,2.6148e-12,3.92057e-13
LAPACK,330,1,0,7,1e-12,0.00222428,0,3.80851e-12,3.68122e-13
LAPACK,331,1,0,7,1e-12,0.00222396,0,2.44427e-12,3.89404e-13
LAPACK,332,1,0,7,1e-12,0.00224202,0,2.27374e-12,4.06239e-13
LAPACK,333,1,0,7,1e-12,0.00229183,0,2.50111e-12,3.6075e-13
LAPACK,334,1,0,7,1e-12,0.00231631,0,2.95586e-12,3.95122e-13
LAPACK,335,1,0,7,1e-12,0.00232608,0,2.6148e-12,3.76537e-13
LAPACK,336,1,0,7,1e-12,0.00236487,0,1.98952e-12,3.97098e-13
LAPACK,337,1,0,7,1e-12,0.00235371,0,1.84741e-12,3.85494e-13
LAPACK,338,1,0,7,1e-12,0.00233902,0,1.98952e-12,3.97562e-13
LAPACK,339,1,0,7,1e-12,0.00237981,0,2.30216e-12,4.1261e-13
LAPACK,340,1,0,7,1e-12,0.00243451,0,2.16005e-12,3.81004e-13
LAPACK,341,1,0,7,1e-12,0.00235863,0,2.95586e-12,3.63957e-13
LAPACK,342,1,0,7,1e-12,0.00240498,0,1.98952e-12,3.76848e-13
LAPACK,343,1,0,7,1e-12,0.00239486,0,2.89901e-12,3.93166e-13
LAPACK,344,1,0,7,1e-12,0.00243245,0,2.07478e-12,3.46542e-13
LAPACK,345,1,0,7,1e-12,0.00242065,0,2.16005e-12,3.36121e-13
LAPACK,346,1,0,7,1e-12,0.00247805,0,1.93268e-12,3.78502e-13
LAPACK,347,1,0,7,1e-12,0.00250776,0,3.41061e-12,3.50425e-13
LAPACK,348,1,0,7,1e-12,0.00246021,0,2.06057e-12,4.03122e-13
LAPACK,349,1,0,7,1e-12,0.00251101,0,2.27374e-12,3.80101e-13
LAPACK,350,1,0,7,1e-12,0.00250311,0,1.98241e-12,3.99736e-13
LAPACK,351,1,0,7,1e-12,0.00251899,0,2.27374e-12,4.19158e-13
LAPACK,352,1,0,7,1e-12,0.00255588,0,2.6148e-12,3.97019e-13
LAPACK,353,1,0,7,1e-12,0.00254061,0,3.18323e-12,4.26736e-13
LAPACK,354,1,0,7,1e-12,0.00254846,0,2.10321e-12,4.05326e-13
LAPACK,355,1,0,7,1e-12,0.00260798,0,2.16005e-12,3.6538e-13
LAPACK,356,1,0,7,1e-12,0.00261756,0,2.47269e-12,4.31595e-13
LAPACK,357,1,0,7,1e-12,0.00261445,0,2.27374e-12,3.9454e-13
LAPACK,358,1,0,7,1e-12,0.00260371,0,2.16005e-12,3.64189e-13
LAPACK,359,1,0,7,1e-12,0.00265768,0,2.04636e-12,3.78043e-13
LAPACK,360,1,0,7,1e-12,0.00261771,0,3.29692e-12,3.41341e-13
LAPACK,361,1,0,7,1e-12,0.00265984,0,1.76215e-12,3.45684e-13
LAPACK,362,1,0,7,1e-12,0.00263377,0,2.33058e-12,3.70735e-13
LAPACK,363,1,0,7,1e-12,0.00270815,0,2.10321e-12,4.11156e-13
LAPACK,364,1,0,7,1e-12,0.00273037,0,3.41061e-12,4.06587e-13
LAPACK,365,1,0,7,1e-12,0.00273926,0,3.75167e-12,3.94216e-13
LAPACK,366,1,0,7,1e-12,0.00277004,0,2.14584e-12,3.77798e-13
LAPACK,367,1,0,7,1e-12,0.00280328,0,2.04636e-12,4.24123e-13
LAPACK,368,1,0,7,1e-12,0.00273999,0,2.78533e-12,3.82074e-13
LAPACK,369,1,0,7,1e-12,0.00283052,0,1.7053e-12,3.55419e-13
LAPACK,370,1,0,7,1e-12,0.00281385,0,3.18323e-12,3.81969e-13
LAPACK,371,1,0,7,1e-12,0.00284691,0,1.93268e-12,3.87888e-13
LAPACK,372,1,0,7,1e-12,0.0028502,0,2.72848e-12,4.22775e-13
LAPACK,373,1,0,7,1e-12,0.00285695,0,2.04636e-12,4.27208e-13
LAPACK,374,1,0,7,1e-12,0.00287448,0,1.82254e-12,3.66323e-13
LAPACK,375,1,0,7,1e-12,0.00287387,0,2.55795e-12,3.80942e-13
LAPACK,376,1,0,7,1e-12,0.00291871,0,3.15481e-12,3.94393e-13
LAPACK,377,1,0,7,1e-12,0.00294579,0,2.84217e-12,4.10433e-13
LAPACK,378,1,0,7,1e-12,0.00295368,0,3.29692e-12,4.09844e-13
LAPACK,379,1,0,7,1e-12,0.00285813,0,2.33058e-12,3.5672e-13
LAPACK,380,1,0,7,1e-12,0.00294845,0,2.75691e-12,3.76666e-13
LAPACK,381,1,0,7,1e-12,0.00297949,0,3.46745e-12,3.87998e-13
LAPACK,382,1,0,7,1e-12,0.00298268,0,1.84741e-12,3.63477e-13
LAPACK,383,1,0,7,1e-12,0.0030303,0,2.10321e-12,4.065e-13
LAPACK,384,1,0,7,1e-12,0.00295316,0,2.04636e-12,3.77146e-13
LAPACK,385,1,0,7,1e-12,0.00299915,0,1.93268e-12,4.11059e-13
LAPACK,386,1,0,7,1e-12,0.00301252,0,2.58638e-12,4.40118e-13
LAPACK,387,1,0,7,1e-12,0.00305926,0,1.93268e-12,4.30426e-13
LAPACK,388,1,0,7,1e-12,0.00305386,0,2.95586e-12,3.8152e-13
LAPACK,389,1,0,7,1e-12,0.00307784,0,2.33058e-12,4.41399e-13
LAPACK,390,1,0,7,1e-12,0.00310557,0,3.38218e-12,4.38843e-13
LAPACK,391,1,0,7,1e-12,0.00313445,0,2.6148e-12,4.19898e-13
LAPACK,392,1,0,7,1e-12,0.00312078,0,2.27374e-12,4.12769e-13
LAPACK,393,1,0,7,1e-12,0.00309566,0,2.95586e-12,4.18832e-13
LAPACK,394,1,0,7,1e-12,0.00317981,0,2.95586e-12,4.11276e-13
LAPACK,395,1,0,7,1e-12,0.00318574,0,2.16005e-12,4.04456e-13
LAPACK,396,1,0,7,1e-12,0.00313669,0,2.55795e-12,4.14247e-13
LAPACK,397,1,0,7,1e-12,0.00323438,0,2.6148e-12,4.10493e-13
LAPACK,398,1,0,7,1e-12,0.00326942,0,2.6148e-12,4.16836e-13
LAPACK,399,1,0,7,1e-12,0.00320023,0,2.38742e-12,3.99522e-13
LAPACK,400,1,0,7,1e-12,0.00322385,0,2.24532e-12,3.81113e-13
LAPACK,401,1,0,7,1e-12,0.00329209,0,2.36611e-12,3.6797e-13
LAPACK,402,1,0,7,1e-12,0.00329775,0,3.97904e-12,4.56671e-13
LAPACK,403,1,0,7,1e-12,0.00331795,0,2.75691e-12,3.68532e-13
LAPACK,404,1,0,7,1e-12,0.00331778,0,2.27374e-12,3.68564e-13
LAPACK,405,1,0,7,1e-12,0.00332704,0,2.39453e-12,3.89827e-13
LAPACK,406,1,0,7,1e-12,0.00339016,0,2.27374e-12,4.11748e-13
LAPACK,407,1,0,7,1e-12,0.00337064,0,1.93268e-12,3.57094e-13
LAPACK,408,1,0,7,1e-12,0.00336049,0,1.81899e-12,4.3045e-13
LAPACK,409,1,0,7,1e-12,0.00337141,0,2.6148e-12,3.51404e-13
LAPACK,410,1,0,7,1e-12,0.00337423,0,1.90425e-12,3.44444e-13
LAPACK,411,1,0,7,1e-12,0.00346311,0,3.52429e-12,4.2923e-13
LAPACK,412,1,0,7,1e-12,0.0035154,0,2.38742e-12,4.2256e-13
LAPACK,413,1,0,7,1e-12,0.00344682,0,2.38742e-12,3.88551e-13
LAPACK,414,1,0,7,1e-12,0.00345896,0,2.30216e-12,4.2372e-13
LAPACK,415,1,0,7,1e-12,0.0034796,0,2.13163e-12,3.52495e-13
LAPACK,416,1,0,7,1e-12,0.00351916,0,2.72848e-12,3.97079e-13
LAPACK,417,1,0,7,1e-12,0.00353607,0,2.16005e-12,4.0304e-13
LAPACK,418,1,0,7,1e-12,0.00352902,0,2.21689e-12,3.90524e-13
LAPACK,419,1,0,7,1e-12,0.00357728,0,1.81899e-12,3.85721e-13
LAPACK,420,1,0,7,1e-12,0.00360267,0,1.93268e-12,4.01359e-13
LAPACK,421,1,0,7,1e-12,0.00358538,0,2.27374e-12,4.32063e-13
LAPACK,422,1,0,7,1e-12,0.00364645,0,2.6148e-12,4.27608e-13
LAPACK,423,1,0,7,1e-12,0.0036672,0,2.50111e-12,4.38113e-13
LAPACK,424,1,0,7,1e-12,0.00363721,0,1.93268e-12,3.75873e-13
LAPACK,425,1,0,7,1e-12,0.00365949,0,2.21689e-12,4.09246e-13
LAPACK,426,1,0,7,1e-12,0.00373305,0,1.93268e-12,3.94541e-13
LAPACK,427,1,0,7,1e-12,0.00370642,0,3.29692e-12,3.99537e-13
LAPACK,428,1,0,7,1e-12,0.00375289,0,1.98952e-12,4.47763e-13
LAPACK,429,1,0,7,1e-12,0.00370765,0,2.16005e-12,3.51061e-13
LAPACK,430,1,0,7,1e-12,0.00381358,0,2.16005e-12,4.04367e-13
LAPACK,431,1,0,7,1e-12,0.00380893,0,2.04636e-12,4.30143e-13
LAPACK,432,1,0,7,1e-12,0.00378702,0,2.95586e-12,4.38975e-13
LAPACK,433,1,0,7,1e-12,0.0038021,0,2.16005e-12,4.1348e-13
LAPACK,434,1,0,7,1e-12,0.00378427,0,1.81899e-12,3.69488e-13
LAPACK,435,1,0,7,1e-12,0.00387152,0,2.16005e-12,4.41589e-13
LAPACK,436,1,0,7,1e-12,0.00388101,0,2.04636e-12,3.58846e-13
LAPACK,437,1,0,7,1e-12,0.0038972,0,2.38742e-12,4.58725e-13
LAPACK,438,1,0,7,1e-12,0.00387669,0,2.50111e-12,4.19528e-13
LAPACK,439,1,0,7,1e-12,0.0038671,0,2.39808e-12,3.86769e-13
LAPACK,440,1,0,7,1e-12,0.00390554,0,2.16005e-12,3.79716e-13
LAPACK,441,1,0,7,1e-12,0.00391499,0,2.55795e-12,4.01892e-13
LAPACK,442,1,0,7,1e-12,0.00397536,0,2.27374e-12,4.13396e-13
LAPACK,443,1,0,7,1e-12,0.00400156,0,2.04636e-12,3.84486e-13
LAPACK,444,1,0,7,1e-12,0.00403304,0,3.12639e-12,4.30194e-13
LAPACK,445,1,0,7,1e-12,0.0040297,0,2.70006e-12,4.54214e-13
LAPACK,446,1,0,7,1e-12,0.00403195,0,2.50111e-12,3.66602e-13
LAPACK,447,1,0,7,1e-12,0.00404003,0,2.38742e-12,4.26997e-13
LAPACK,448,1,0,7,1e-12,0.00409222,0,2.50111e-12,4.4709e-13
LAPACK,449,1,0,7,1e-12,0.00406332,0,2.98428e-12,4.28894e-13
LAPACK,450,1,0,7,1e-12,0.00413802,0,2.58638e-12,4.28334e-13
LAPACK,451,1,0,7,1e-12,0.00411217,0,3.22586e-12,3.69509e-13
LAPACK,452,1,0,7,1e-12,0.00421958,0,2.72848e-12,4.03091e-13
LAPACK,453,1,0,7,1e-12,0.00422088,0,2.16005e-12,4.10032e-13
LAPACK,454,1,0,7,1e-12,0.00416363,0,2.89901e-12,3.65891e-13
LAPACK,455,1,0,7,1e-12,0.00424654,0,3.97904e-12,4.49318e-13
LAPACK,456,1,0,7,1e-12,0.00417205,0,2.95586e-12,4.01679e-13
LAPACK,457,1,0,7,1e-12,0.00432038,0,2.50111e-12,4.41451e-13
LAPACK,458,1,0,7,1e-12,0.00428127,0,2.67164e-12,4.38433e-13
LAPACK,459,1,0,7,1e-12,0.0042017,0,2.95586e-12,3.76163e-13
LAPACK,460,1,0,7,1e-12,0.00432272,0,1.98952e-12,3.99096e-13
LAPACK,461,1,0,7,1e-12,0.00424067,0,2.95586e-12,4.19604e-13
LAPACK,462,1,0,7,1e-12,0.0043735,0,2.50111e-12,4.63777e-13
LAPACK,463,1,0,7,1e-12,0.00428857,0,2.84217e-12,4.44588e-13
LAPACK,464,1,0,7,1e-12,0.0043318,0,2.33058e-12,3.73055e-13
LAPACK,465,1,0,7,1e-12,0.00439461,0,3.32534e-12,4.97713e-13
LAPACK,466,1,0,7,1e-12,0.00439557,0,2.50111e-12,4.75541e-13
LAPACK,467,1,0,7,1e-12,0.00446086,0,8.07177e-12,6.45289e-13
LAPACK,468,1,0,7,1e-12,0.00446488,0,1.93268e-12,4.02122e-13
LAPACK,469,1,0,7,1e-12,0.00449205,0,2.84217e-12,4.60155e-13
LAPACK,470,1,0,7,1e-12,0.00449153,0,4.3201e-12,4.58043e-13
LAPACK,471,1,0,7,1e-12,0.00452284,0,3.06954e-12,4.55215e-13
LAPACK,472,1,0,7,1e-12,0.00450988,0,2.6148e-12,4.3651e-13
LAPACK,473,1,0,7,1e-12,0.00448149,0,2.79954e-12,3.81087e-13
LAPACK,474,1,0,7,1e-12,0.00450694,0,2.13163e-12,3.66743e-13
LAPACK,475,1,0,7,1e-12,0.00448875,0,2.16005e-12,3.87491e-13
LAPACK,476,1,0,7,1e-12,0.00453058,0,3.18323e-12,4.97003e-13
LAPACK,477,1,0,7,1e-12,0.00455024,0,3.46745e-12,4.17109e-13
LAPACK,478,1,0,7,1e-12,0.00457752,0,2.089e-12,4.30835e-13
LAPACK,479,1,0,7,1e-12,0.00457183,0,3.86535e-12,4.10587e-13
LAPACK,480,1,0,7,1e-12,0.00468034,0,2.72848e-12,4.12662e-13
LAPACK,481,1,0,7,1e-12,0.00470793,0,2.55795e-12,4.16796e-13
LAPACK,482,1,0,7,1e-12,0.00473543,0,2.50111e-12,4.70809e-13
LAPACK,483,1,0,7,1e-12,0.00475792,0,2.6148e-12,4.36563e-13
LAPACK,484,1,0,7,1e-12,0.00476959,0,6.25278e-12,6.73112e-13
LAPACK,485,1,0,7,1e-12,0.00476988,0,5.34328e-12,6.69747e-13
LAPACK,486,1,0,7,1e-12,0.00477022,0,3.06954e-12,4.55415e-13
LAPACK,487,1,0,7,1e-12,0.00479041,0,2.6148e-12,4.54921e-13
LAPACK,488,1,0,7,1e-12,0.00490924,0,3.97904e-12,6.52968e-13
LAPACK,489,1,0,7,1e-12,0.00482675,0,2.38742e-12,4.97488e-13
LAPACK,490,1,0,7,1e-12,0.0047543,0,2.72848e-12,3.5633e-13
LAPACK,491,1,0,7,1e-12,0.00485419,0,5.00222e-12,6.61459e-13
LAPACK,492,1,0,7,1e-12,0.00491483,0,3.12639e-12,4.4569e-13
LAPACK,493,1,0,7,1e-12,0.00491976,0,2.6148e-12,4.34782e-13
LAPACK,494,1,0,7,1e-12,0.00487894,0,2.95586e-12,3.63167e-13
LAPACK,495,1,0,7,1e-12,0.00495466,0,2.89901e-12,4.90927e-13
LAPACK,496,1,0,7,1e-12,0.005013,0,3.35376e-12,4.91801e-13
LAPACK,497,1,0,7,1e-12,0.00497534,0,2.50111e-12,4.81157e-13
LAPACK,498,1,0,7,1e-12,0.0050305,0,3.41061e-12,4.72575e-13
LAPACK,499,1,0,7,1e-12,0.00494204,0,2.38742e-12,3.97167e-13
LAPACK,500,1,0,7,1e-12,0.00502678,0,2.55795e-12,3.9643e-13
LAPACK,501,1,0,7,1e-12,0.00510603,0,2.6148e-12,4.37222e-13
LAPACK,502,1,0,7,1e-12,0.00512473,0,4.37694e-12,4.99282e-13
LAPACK,503,1,0,7,1e-12,0.00512357,0,3.63798e-12,4.42856e-13
LAPACK,504,1,0,7,1e-12,0.00517876,0,2.6148e-12,4.40468e-13
LAPACK,505,1,0,7,1e-12,0.00514228,0,4.3201e-12,4.51271e-13
LAPACK,506,1,0,7,1e-12,0.00517501,0,3.52429e-12,4.67363e-13
LAPACK,507,1,0,7,1e-12,0.00516581,0,3.75167e-12,4.66127e-13
LAPACK,508,1,0,7,1e-12,0.00517843,0,2.92744e-12,4.36416e-13
LAPACK,509,1,0,7,1e-12,0.00515548,0,2.95586e-12,3.85806e-13
LAPACK,510,1,0,7,1e-12,0.0052275,0,3.97904e-12,4.44543e-13
LAPACK,511,1,0,7,1e-12,0.00530473,0,3.06954e-12,4.63849e-13
LAPACK,512,1,0,7,1e-12,0.00519206,0,2.04636e-12,4.29904e-13
LAPACK,513,1,0,7,1e-12,0.00533092,0,2.27374e-12,4.62501e-13
LAPACK,514,1,0,7,1e-12,0.00529171,0,5.6275e-12,4.37864e-13
LAPACK,515,1,0,7,1e-12,0.00535045,0,2.81375e-12,4.14927e-13
LAPACK,516,1,0,7,1e-12,0.0053426,0,2.6148e-12,4.55988e-13
LAPACK,517,1,0,7,1e-12,0.0053417,0,2.38742e-12,4.03641e-13
LAPACK,518,1,0,7,1e-12,0.00536125,0,2.67164e-12,3.91657e-13
LAPACK,519,1,0,7,1e-12,0.00541333,0,3.52429e-12,4.50134e-13
LAPACK,520,1,0,7,1e-12,0.00546122,0,2.16005e-12,4.02841e-13
LAPACK,521,1,0,7,1e-12,0.00546167,0,2.16005e-12,4.05453e-13
LAPACK,522,1,0,7,1e-12,0.00546262,0,4.66116e-12,6.37403e-13
LAPACK,523,1,0,7,1e-12,0.00541188,0,3.18323e-12,5.27834e-13
LAPACK,524,1,0,7,1e-12,0.00553705,0,3.18323e-12,4.85544e-13
LAPACK,525,1,0,7,1e-12,0.0054809,0,3.06954e-12,4.77268e-13
LAPACK,526,1,0,7,1e-12,0.00550876,0,2.38742e-12,4.26726e-13
LAPACK,527,1,0,7,1e-12,0.00556413,0,2.07478e-12,4.2242e-13
LAPACK,528,1,0,7,1e-12,0.00558752,0,2.78533e-12,4.30968e-13
LAPACK,529,1,0,7,1e-12,0.00561093,0,2.50111e-12,4.13549e-13
LAPACK,530,1,0,7,1e-12,0.00556222,0,2.44427e-12,4.12249e-13
LAPACK,531,1,0,7,1e-12,0.00560879,0,2.6148e-12,4.23368e-13
LAPACK,532,1,0,7,1e-12,0.00565241,0,2.34479e-12,3.82451e-13
LAPACK,533,1,0,7,1e-12,0.0056819,0,2.84217e-12,4.21981e-13
LAPACK,534,1,0,7,1e-12,0.00570121,0,2.70006e-12,4.03712e-13
LAPACK,535,1,0,7,1e-12,0.00568732,0,2.47269e-12,4.34431e-13
LAPACK,536,1,0,7,1e-12,0.00573717,0,2.82796e-12,4.43443e-13
LAPACK,537,1,0,7,1e-12,0.00572817,0,3.86535e-12,4.35268e-13
LAPACK,538,1,0,7,1e-12,0.00577947,0,2.67164e-12,4.16108e-13
LAPACK,539,1,0,7,1e-12,0.00581525,0,2.89901e-12,4.30122e-13
LAPACK,540,1,0,7,1e-12,0.00578653,0,5.34328e-12,4.31389e-13
LAPACK,541,1,0,7,1e-12,0.00578232,0,2.16005e-12,3.61334e-13
LAPACK,542,1,0,7,1e-12,0.0059177,0,2.95586e-12,4.79801e-13
LAPACK,543,1,0,7,1e-12,0.00590931,0,2.72848e-12,4.71203e-13
LAPACK,544,1,0,7,1e-12,0.00589478,0,2.27374e-12,3.89856e-13
LAPACK,545,1,0,7,1e-12,0.00589204,0,3.24007e-12,4.36985e-13
LAPACK,546,1,0,7,1e-12,0.00597458,0,3.18323e-12,4.58211e-13
LAPACK,547,1,0,7,1e-12,0.00597006,0,5.11591e-12,6.52714e-13
LAPACK,548,1,0,7,1e-12,0.00595115,0,5.11591e-12,6.69443e-13
LAPACK,549,1,0,7,1e-12,0.00596247,0,2.52953e-12,4.01928e-13
LAPACK,550,1,0,7,1e-12,0.00607007,0,5.00222e-12,6.6551e-13
LAPACK,551,1,0,7,1e-12,0.00605313,0,2.55795e-12,4.22009e-13
LAPACK,552,1,0,7,1e-12,0.00611152,0,4.43379e-12,6.93744e-13
LAPACK,553,1,0,7,1e-12,0.00605912,0,5.00222e-12,6.98425e-13
LAPACK,554,1,0,7,1e-12,0.00607105,0,2.38742e-12,4.93191e-13
LAPACK,555,1,0,7,1e-12,0.00612794,0,4.77485e-12,6.85556e-13
LAPACK,556,1,0,7,1e-12,0.00617265,0,6.25278e-12,6.383e-13
LAPACK,557,1,0,7,1e-12,0.00616603,0,2.38742e-12,4.37517e-13
LAPACK,558,1,0,7,1e-12,0.00621725,0,6.36646e-12,6.96883e-13
LAPACK,559,1,0,7,1e-12,0.00620532,0,2.72848e-12,3.83578e-13
LAPACK,560,1,0,7,1e-12,0.00623063,0,4.88853e-12,6.95094e-13
LAPACK,561,1,0,7,1e-12,0.00624497,0,5.57066e-12,6.75731e-13
LAPACK,562,1,0,7,1e-12,0.00629529,0,2.95586e-12,4.05074e-13
LAPACK,563,1,0,7,1e-12,0.00630786,0,3.41061e-12,3.86773e-13
LAPACK,564,1,0,7,1e-12,0.00634891,0,2.84217e-12,4.16821e-13
LAPACK,565,1,0,7,1e-12,0.00628709,0,2.6148e-12,4.28331e-13
LAPACK,566,1,0,7,1e-12,0.00636242,0,2.72848e-12,4.43244e-13
LAPACK,567,1,0,7,1e-12,0.00639495,0,3.06954e-12,4.31019e-13
LAPACK,568,1,0,7,1e-12,0.00646921,0,2.95586e-12,3.95905e-13
LAPACK,569,1,0,7,1e-12,0.00645216,0,2.78533e-12,3.98286e-13
LAPACK,570,1,0,7,1e-12,0.0065546,0,5.68434e-12,7.1816e-13
LAPACK,571,1,0,7,1e-12,0.00660647,0,7.27596e-12,7.25759e-13
LAPACK,572,1,0,7,1e-12,0.00653645,0,5.57066e-12,7.44733e-13
LAPACK,573,1,0,7,1e-12,0.00651931,0,2.84217e-12,4.17018e-13
LAPACK,574,1,0,7,1e-12,0.0066302,0,4.43379e-12,6.7237e-13
LAPACK,575,1,0,7,1e-12,0.00652966,0,3.18323e-12,4.80905e-13
LAPACK,576,1,0,7,1e-12,0.0065808,0,4.43379e-12,6.10647e-13
LAPACK,577,1,0,7,1e-12,0.00662145,0,2.10321e-12,3.96213e-13
LAPACK,578,1,0,7,1e-12,0.00669192,0,5.22959e-12,7.2802e-13
LAPACK,579,1,0,7,1e-12,0.00661039,0,2.67164e-12,4.24734e-13
LAPACK,580,1,0,7,1e-12,0.00668924,0,4.77485e-12,7.08851e-13
LAPACK,581,1,0,7,1e-12,0.00675575,0,5.00222e-12,6.63791e-13
LAPACK,582,1,0,7,1e-12,0.00669639,0,3.29692e-12,4.27055e-13
LAPACK,583,1,0,7,1e-12,0.00666156,0,3.41061e-12,4.13236e-13
LAPACK,584,1,0,7,1e-12,0.00674463,0,2.78533e-12,4.31206e-13
LAPACK,585,1,0,7,1e-12,0.00683626,0,6.48015e-12,6.92672e-13
LAPACK,586,1,0,7,1e-12,0.00678005,0,2.84217e-12,3.99773e-13
LAPACK,587,1,0,7,1e-12,0.00671234,0,2.50111e-12,4.41519e-13
LAPACK,588,1,0,7,1e-12,0.00680496,0,5.22959e-12,6.8318e-13
LAPACK,589,1,0,7,1e-12,0.00694404,0,7.84439e-12,7.37142e-13
LAPACK,590,1,0,7,1e-12,0.00682328,0,3.58114e-12,4.15313e-13
LAPACK,591,1,0,7,1e-12,0.00695032,0,2.67164e-12,3.86458e-13
LAPACK,592,1,0,7,1e-12,0.00696302,0,5.57066e-12,6.75772e-13
LAPACK,593,1,0,7,1e-12,0.00686104,0,2.95586e-12,4.58874e-13
LAPACK,594,1,0,7,1e-12,0.00692062,0,2.27374e-12,3.98744e-13
LAPACK,595,1,0,7,1e-12,0.00702729,0,5.22959e-12,6.81503e-13
LAPACK,596,1,0,7,1e-12,0.00698406,0,6.59384e-12,7.31831e-13
LAPACK,597,1,0,7,1e-12,0.00706533,0,5.68434e-12,7.40744e-13
LAPACK,598,1,0,7,1e-12,0.00708707,0,2.6148e-12,3.885e-13
LAPACK,599,1,0,7,1e-12,0.007047,0,2.44427e-12,3.82509e-13
LAPACK,600,1,0,7,1e-12,0.00706206,0,2.55795e-12,4.03197e-13
LAPACK,601,1,0,7,1e-12,0.00694622,0,3.52429e-12,4.41485e-13
LAPACK,602,1,0,7,1e-12,0.00715937,0,4.77485e-12,6.5706e-13
LAPACK,603,1,0,7,1e-12,0.00718905,0,5.57066e-12,7.50927e-13
LAPACK,604,1,0,7,1e-12,0.00724148,0,6.13909e-12,7.11621e-13
LAPACK,605,1,0,7,1e-12,0.00712173,0,2.38742e-12,3.69545e-13
LAPACK,606,1,0,7,1e-12,0.00722923,0,3.52429e-12,3.93986e-13
LAPACK,607,1,0,7,1e-12,0.0072277,0,5.22959e-12,7.08555e-13
LAPACK,608,1,0,7,1e-12,0.00720419,0,2.6148e-12,4.12722e-13
LAPACK,609,1,0,7,1e-12,0.00724094,0,2.78533e-12,4.04738e-13
LAPACK,610,1,0,7,1e-12,0.00727176,0,2.95586e-12,4.20255e-13
LAPACK,611,1,0,7,1e-12,0.00746694,0,6.48015e-12,7.07597e-13
LAPACK,612,1,0,7,1e-12,0.00727523,0,2.95586e-12,4.42212e-13
LAPACK,613,1,0,7,1e-12,0.00739868,0,3.29692e-12,3.73837e-13
LAPACK,614,1,0,7,1e-12,0.00743174,0,2.50111e-12,3.83507e-13
LAPACK,615,1,0,7,1e-12,0.00736662,0,3.63798e-12,4.29417e-13
LAPACK,616,1,0,7,1e-12,0.0073958,0,3.06954e-12,4.14351e-13
LAPACK,617,1,0,7,1e-12,0.00736647,0,2.72848e-12,4.00673e-13
LAPACK,618,1,0,7,1e-12,0.0075559,0,3.63798e-12,4.07083e-13
LAPACK,619,1,0,7,1e-12,0.00767697,0,6.82121e-12,7.47914e-13
LAPACK,620,1,0,7,1e-12,0.00751363,0,2.95586e-12,4.29371e-13
LAPACK,621,1,0,7,1e-12,0.00762897,0,6.13909e-12,6.99986e-13
LAPACK,622,1,0,7,1e-12,0.00761908,0,7.95808e-12,7.30837e-13
LAPACK,623,1,0,7,1e-12,0.00765393,0,5.68434e-12,7.20931e-13
LAPACK,624,1,0,7,1e-12,0.00756771,0,3.41061e-12,3.89462e-13
LAPACK,625,1,0,7,1e-12,0.00760465,0,4.03588e-12,4.06533e-13
LAPACK,626,1,0,7,1e-12,0.00782904,0,8.98126e-12,7.16232e-13
LAPACK,627,1,0,7,1e-12,0.00774774,0,4.88853e-12,6.98146e-13
LAPACK,628,1,0,7,1e-12,0.00782213,0,4.66116e-12,7.17152e-13
LAPACK,629,1,0,7,1e-12,0.00766381,0,2.27374e-12,4.22433e-13
LAPACK,630,1,0,7,1e-12,0.00785026,0,5.34328e-12,7.13393e-13
LAPACK,631,1,0,7,1e-12,0.00775233,0,3.35376e-12,4.24991e-13
LAPACK,632,1,0,7,1e-12,0.00789547,0,3.69482e-12,4.20425e-13
LAPACK,633,1,0,7,1e-12,0.00784281,0,2.27374e-12,3.90185e-13
LAPACK,634,1,0,7,1e-12,0.0078038,0,2.67164e-12,4.15998e-13
LAPACK,635,1,0,7,1e-12,0.00784115,0,2.84217e-12,3.79546e-13
LAPACK,636,1,0,7,1e-12,0.00794315,0,4.88853e-12,7.70491e-13
LAPACK,637,1,0,7,1e-12,0.00800177,0,4.66116e-12,4.61615e-13
LAPACK,638,1,0,7,1e-12,0.00802431,0,2.84217e-12,4.2244e-13
LAPACK,639,1,0,7,1e-12,0.00793631,0,2.50111e-12,4.20977e-13
LAPACK,640,1,0,7,1e-12,0.00808595,0,3.52429e-12,4.5414e-13
LAPACK,641,1,0,7,1e-12,0.00814628,0,5.45697e-12,7.1442e-13
LAPACK,642,1,0,7,1e-12,0.00806831,0,3.29914e-12,4.2337e-13
LAPACK,643,1,0,7,1e-12,0.00813506,0,3.15481e-12,4.19921e-13
LAPACK,644,1,0,7,1e-12,0.00824185,0,8.07177e-12,8.11212e-13
LAPACK,645,1,0,7,1e-12,0.00823426,0,5.91172e-12,7.44759e-13
LAPACK,646,1,0,7,1e-12,0.00809747,0,2.95586e-12,4.18639e-13
LAPACK,647,1,0,7,1e-12,0.00809685,0,3.06954e-12,3.96017e-13
LAPACK,648,1,0,7,1e-12,0.00835359,0,5.57066e-12,7.71754e-13
LAPACK,649,1,0,7,1e-12,0.00822123,0,3.06954e-12,4.03113e-13
LAPACK,650,1,0,7,1e-12,0.00830635,0,3.24007e-12,4.18348e-13
LAPACK,651,1,0,7,1e-12,0.008396,0,5.68434e-12,7.23398e-13
LAPACK,652,1,0,7,1e-12,0.00830216,0,2.78533e-12,3.9888e-13
LAPACK,653,1,0,7,1e-12,0.00836424,0,4.20641e-12,4.81108e-13
LAPACK,654,1,0,7,1e-12,0.00829855,0,3.41061e-12,4.02722e-13
LAPACK,655,1,0,7,1e-12,0.00836648,0,2.72848e-12,4.18577e-13
LAPACK,656,1,0,7,1e-12,0.00835557,0,3.63798e-12,3.91039e-13
LAPACK,657,1,0,7,1e-12,0.00842168,0,2.92744e-12,4.43616e-13
LAPACK,658,1,0,7,1e-12,0.00849638,0,3.29692e-12,4.82238e-13
LAPACK,659,1,0,7,1e-12,0.00855142,0,8.29914e-12,6.97046e-13
LAPACK,660,1,0,7,1e-12,0.00852355,0,2.95586e-12,4.12993e-13
LAPACK,661,1,0,7,1e-12,0.00847291,0,2.38742e-12,4.24456e-13
LAPACK,662,1,0,7,1e-12,0.00867649,0,6.0254e-12,7.25885e-13
LAPACK,663,1,0,7,1e-12,0.00847187,0,2.81375e-12,4.05544e-13
LAPACK,664,1,0,7,1e-12,0.00877129,0,5.22959e-12,7.50031e-13
LAPACK,665,1,0,7,1e-12,0.00854941,0,3.97904e-12,4.08222e-13
LAPACK,666,1,0,7,1e-12,0.00861233,0,2.72848e-12,4.46176e-13
LAPACK,667,1,0,7,1e-12,0.00853609,0,2.84217e-12,4.44967e-13
LAPACK,668,1,0,7,1e-12,0.00866222,0,2.84217e-12,4.24832e-13
LAPACK,669,1,0,7,1e-12,0.00888572,0,5.91172e-12,8.00553e-13
LAPACK,670,1,0,7,1e-12,0.00881426,0,6.25278e-12,7.4176e-13
LAPACK,671,1,0,7,1e-12,0.00871589,0,2.95586e-12,4.04511e-13
LAPACK,672,1,0,7,1e-12,0.00891964,0,5.79803e-12,7.6995e-13
LAPACK,673,1,0,7,1e-12,0.0089273,0,5.11591e-12,4.23473e-13
LAPACK,674,1,0,7,1e-12,0.00902275,0,5.91172e-12,7.58148e-13
LAPACK,675,1,0,7,1e-12,0.00901682,0,3.63798e-12,4.47605e-13
LAPACK,676,1,0,7,1e-12,0.00896068,0,5.79803e-12,7.93598e-13
LAPACK,677,1,0,7,1e-12,0.00907069,0,5.68434e-12,6.74997e-13
LAPACK,678,1,0,7,1e-12,0.00894467,0,2.55795e-12,4.23924e-13
LAPACK,679,1,0,7,1e-12,0.00905258,0,3.15481e-12,4.23184e-13
LAPACK,680,1,0,7,1e-12,0.00901763,0,2.33058e-12,4.2115e-13
LAPACK,681,1,0,7,1e-12,0.00896226,0,2.50111e-12,4.09224e-13
LAPACK,682,1,0,7,1e-12,0.00905526,0,3.19744e-12,4.30521e-13
LAPACK,683,1,0,7,1e-12,0.00924017,0,6.70752e-12,7.54246e-13
LAPACK,684,1,0,7,1e-12,0.00919067,0,5.79803e-12,6.9674e-13
LAPACK,685,1,0,7,1e-12,0.00920671,0,6.82121e-12,7.2066e-13
LAPACK,686,1,0,7,1e-12,0.00921108,0,7.16227e-12,7.83103e-13
LAPACK,687,1,0,7,1e-12,0.00921425,0,5.00222e-12,7.00755e-13
LAPACK,688,1,0,7,1e-12,0.00936436,0,8.18545e-12,6.96807e-13
LAPACK,689,1,0,7,1e-12,0.009272,0,4.3201e-12,4.8244e-13
LAPACK,690,1,0,7,1e-12,0.00942644,0,5.91172e-12,7.69713e-13
LAPACK,691,1,0,7,1e-12,0.00929746,0,3.80851e-12,4.15199e-13
LAPACK,692,1,0,7,1e-12,0.00933271,0,2.95586e-12,4.54399e-13
LAPACK,693,1,0,7,1e-12,0.00940192,0,5.79803e-12,7.87294e-13
LAPACK,694,1,0,7,1e-12,0.00943111,0,5.79803e-12,7.54627e-13
LAPACK,695,1,0,7,1e-12,0.0093121,0,2.84217e-12,4.18167e-13
LAPACK,696,1,0,7,1e-12,0.00948995,0,5.57066e-12,7.34941e-13
LAPACK,697,1,0,7,1e-12,0.0093339,0,2.38742e-12,4.41975e-13
LAPACK,698,1,0,7,1e-12,0.0094806,0,2.84217e-12,4.26853e-13
LAPACK,699,1,0,7,1e-12,0.0095869,0,6.48015e-12,7.38357e-13
LAPACK,700,1,0,7,1e-12,0.00943457,0,2.84217e-12,4.44563e-13
LAPACK,701,1,0,7,1e-12,0.00957633,0,5.57066e-12,7.79336e-13
LAPACK,702,1,0,7,1e-12,0.00967685,0,2.64322e-12,4.20701e-13
LAPACK,703,1,0,7,1e-12,0.00970147,0,3.41061e-12,4.43346e-13
LAPACK,704,1,0,7,1e-12,0.00963322,0,3.41061e-12,4.16663e-13
LAPACK,705,1,0,7,1e-12,0.00975426,0,4.3201e-12,7.42438e-13
LAPACK,706,1,0,7,1e-12,0.00976133,0,3.06954e-12,4.45585e-13
LAPACK,707,1,0,7,1e-12,0.00969022,0,4.03588e-12,4.56482e-13
LAPACK,708,1,0,7,1e-12,0.00987069,0,7.50333e-12,8.08594e-13
LAPACK,709,1,0,7,1e-12,0.00983039,0,7.04858e-12,7.67744e-13
LAPACK,710,1,0,7,1e-12,0.00982923,0,2.44427e-12,4.31129e-13
LAPACK,711,1,0,7,1e-12,0.00983579,0,7.95808e-12,7.0318e-13
LAPACK,712,1,0,7,1e-12,0.00986063,0,3.29692e-12,4.32882e-13
LAPACK,713,1,0,7,1e-12,0.00990135,0,5.34328e-12,8.16428e-13
LAPACK,714,1,0,7,1e-12,0.0100292,0,7.16227e-12,7.45066e-13
LAPACK,715,1,0,7,1e-12,0.00999745,0,6.9349e-12,8.59851e-13
LAPACK,716,1,0,7,1e-12,0.010031,0,7.27596e-12,7.33519e-13
LAPACK,717,1,0,7,1e-12,0.00998511,0,2.95586e-12,3.89956e-13
LAPACK,718,1,0,7,1e-12,0.0100563,0,3.06954e-12,4.77567e-13
LAPACK,719,1,0,7,1e-12,0.0100294,0,3.18323e-12,4.58498e-13
LAPACK,720,1,0,7,1e-12,0.00992747,0,4.14957e-12,4.34223e-13
LAPACK,721,1,0,7,1e-12,0.0100689,0,2.92744e-12,4.22328e-13
LAPACK,722,1,0,7,1e-12,0.0101731,0,3.29692e-12,4.92333e-13
LAPACK,723,1,0,7,1e-12,0.0100852,0,3.86535e-12,4.02711e-13
LAPACK,724,1,0,7,1e-12,0.0103065,0,7.16227e-12,7.5147e-13
LAPACK,725,1,0,7,1e-12,0.0103145,0,5.68434e-12,7.44161e-13
LAPACK,726,1,0,7,1e-12,0.0103135,0,8.18545e-12,7.25781e-13
LAPACK,727,1,0,7,1e-12,0.0103354,0,7.7307e-12,7.56883e-13
LAPACK,728,1,0,7,1e-12,0.0102655,0,3.29692e-12,4.64303e-13
LAPACK,729,1,0,7,1e-12,0.0103185,0,2.55795e-12,4.18686e-13
LAPACK,730,1,0,7,1e-12,0.0103723,0,2.84217e-12,5.23004e-13
LAPACK,731,1,0,7,1e-12,0.0106202,0,5.68434e-12,8.04792e-13
LAPACK,732,1,0,7,1e-12,0.0105752,0,6.13909e-12,7.17476e-13
LAPACK,733,1,0,7,1e-12,0.0103472,0,1.9611e-12,3.86541e-13
LAPACK,734,1,0,7,1e-12,0.0103421,0,2.49045e-12,4.75808e-13
LAPACK,735,1,0,7,1e-12,0.0105542,0,6.25278e-12,7.18684e-13
LAPACK,736,1,0,7,1e-12,0.0104934,0,2.38742e-12,4.09582e-13
LAPACK,737,1,0,7,1e-12,0.0105893,0,5.11591e-12,7.23474e-13
LAPACK,738,1,0,7,1e-12,0.0104693,0,5.85487e-12,4.50981e-13
LAPACK,739,1,0,7,1e-12,0.0106739,0,6.36646e-12,7.13387e-13
LAPACK,740,1,0,7,1e-12,0.0105493,0,3.75167e-12,4.01692e-13
LAPACK,741,1,0,7,1e-12,0.0106624,0,2.72848e-12,4.42317e-13
LAPACK,742,1,0,7,1e-12,0.0108288,0,7.38964e-12,7.8925e-13
LAPACK,743,1,0,7,1e-12,0.0105984,0,4.0572e-12,4.26251e-13
LAPACK,744,1,0,7,1e-12,0.0106787,0,3.06954e-12,3.98038e-13
LAPACK,745,1,0,7,1e-12,0.0107325,0,6.82121e-12,7.77671e-13
LAPACK,746,1,0,7,1e-12,0.0107045,0,4.54747e-12,4.76953e-13
LAPACK,747,1,0,7,1e-12,0.0107883,0,3.97904e-12,4.22154e-13
LAPACK,748,1,0,7,1e-12,0.0107774,0,3.41061e-12,4.12268e-13
LAPACK,749,1,0,7,1e-12,0.0108296,0,3.29692e-12,4.57617e-13
LAPACK,750,1,0,7,1e-12,0.010794,0,3.35376e-12,4.86204e-13
LAPACK,751,1,0,7,1e-12,0.0108824,0,2.95586e-12,4.24143e-13
LAPACK,752,1,0,7,1e-12,0.0111188,0,5.45697e-12,7.72492e-13
LAPACK,753,1,0,7,1e-12,0.0109237,0,3.06954e-12,4.4767e-13
LAPACK,754,1,0,7,1e-12,0.0109601,0,3.97904e-12,4.74327e-13
LAPACK,755,1,0,7,1e-12,0.0110848,0,6.70752e-12,7.67775e-13
LAPACK,756,1,0,7,1e-12,0.0112578,0,7.50333e-12,7.50188e-13
LAPACK,757,1,0,7,1e-12,0.0110463,0,3.41061e-12,4.32233e-13
LAPACK,758,1,0,7,1e-12,0.0111171,0,2.85638e-12,4.6796e-13
LAPACK,759,1,0,7,1e-12,0.0111125,0,4.3201e-12,4.32881e-13
LAPACK,760,1,0,7,1e-12,0.0113126,0,6.59384e-12,8.04711e-13
LAPACK,761,1,0,7,1e-12,0.0111876,0,2.95586e-12,4.38168e-13
LAPACK,762,1,0,7,1e-12,0.0111502,0,3.97904e-12,4.33836e-13
LAPACK,763,1,0,7,1e-12,0.011222,0,2.16005e-12,3.9396e-13
LAPACK,764,1,0,7,1e-12,0.011311,0,6.36646e-12,8.15337e-13
LAPACK,765,1,0,7,1e-12,0.011355,0,5.79803e-12,7.39606e-13
LAPACK,766,1,0,7,1e-12,0.0112281,0,3.0127e-12,3.8478e-13
LAPACK,767,1,0,7,1e-12,0.0112428,0,4.66116e-12,4.23487e-13
LAPACK,768,1,0,7,1e-12,0.0113251,0,3.18323e-12,4.51215e-13
LAPACK,769,1,0,7,1e-12,0.0115121,0,6.48015e-12,7.67439e-13
LAPACK,770,1,0,7,1e-12,0.0115675,0,5.91172e-12,7.2443e-13
LAPACK,771,1,0,7,1e-12,0.0116002,0,6.70752e-12,7.76372e-13
LAPACK,772,1,0,7,1e-12,0.0116439,0,7.04858e-12,7.86482e-13
LAPACK,773,1,0,7,1e-12,0.0114997,0,3.41061e-12,4.72984e-13
LAPACK,774,1,0,7,1e-12,0.0114534,0,3.29692e-12,3.99857e-13
LAPACK,775,1,0,7,1e-12,0.0114504,0,2.65743e-12,4.31604e-13
LAPACK,776,1,0,7,1e-12,0.0114775,0,3.35376e-12,4.07546e-13
LAPACK,777,1,0,7,1e-12,0.0115841,0,2.94742e-12,4.45003e-13
LAPACK,778,1,0,7,1e-12,0.0118359,0,6.70752e-12,7.94625e-13
LAPACK,779,1,0,7,1e-12,0.0118719,0,5.91172e-12,8.11561e-13
LAPACK,780,1,0,7,1e-12,0.0118493,0,5.68434e-12,8.00913e-13
LAPACK,781,1,0,7,1e-12,0.0119414,0,7.27596e-12,8.32957e-13
LAPACK,782,1,0,7,1e-12,0.011868,0,5.22959e-12,7.35557e-13
LAPACK,783,1,0,7,1e-12,0.011945,0,7.84439e-12,7.5447e-13
LAPACK,784,1,0,7,1e-12,0.0118491,0,2.44427e-12,4.04254e-13
LAPACK,785,1,0,7,1e-12,0.0119,0,3.29692e-12,4.37506e-13
LAPACK,786,1,0,7,1e-12,0.0118179,0,3.75167e-12,4.3469e-13
LAPACK,787,1,0,7,1e-12,0.0119169,0,3.52429e-12,4.00496e-13
LAPACK,788,1,0,7,1e-12,0.0117422,0,2.95586e-12,4.59978e-13
LAPACK,789,1,0,7,1e-12,0.0120907,0,6.0254e-12,7.88523e-13
LAPACK,790,1,0,7,1e-12,0.0121499,0,8.52651e-12,8.49559e-13
LAPACK,791,1,0,7,1e-12,0.0122324,0,8.29914e-12,7.98152e-13
LAPACK,792,1,0,7,1e-12,0.0119695,0,2.96652e-12,4.03881e-13
LAPACK,793,1,0,7,1e-12,0.0122379,0,6.82121e-12,7.89434e-13
LAPACK,794,1,0,7,1e-12,0.012385,0,9.20863e-12,8.37364e-13
LAPACK,795,1,0,7,1e-12,0.0121424,0,2.72848e-12,4.28067e-13
LAPACK,796,1,0,7,1e-12,0.0124068,0,7.04858e-12,7.8698e-13
LAPACK,797,1,0,7,1e-12,0.0121661,0,2.68585e-12,4.11009e-13
LAPACK,798,1,0,7,1e-12,0.012352,0,6.59384e-12,7.94726e-13
LAPACK,799,1,0,7,1e-12,0.0123204,0,5.68434e-12,7.82657e-13
LAPACK,800,1,0,7,1e-12,0.0123403,0,3.63798e-12,4.24336e-13
LAPACK,801,1,0,7,1e-12,0.0124046,0,6.36646e-12,7.86836e-13
LAPACK,802,1,0,7,1e-12,0.0123864,0,3.29692e-12,4.25304e-13
LAPACK,803,1,0,7,1e-12,0.0125063,0,6.82121e-12,7.66859e-13
LAPACK,804,1,0,7,1e-12,0.012379,0,3.75167e-12,4.71217e-13
LAPACK,805,1,0,7,1e-12,0.0126351,0,5.91172e-12,7.38876e-13
LAPACK,806,1,0,7,1e-12,0.012349,0,2.50111e-12,4.59519e-13
LAPACK,807,1,0,7,1e-12,0.0123808,0,4.09273e-12,4.74443e-13
LAPACK,808,1,0,7,1e-12,0.0126792,0,7.95808e-12,8.20138e-13
LAPACK,809,1,0,7,1e-12,0.0127737,0,6.82121e-12,7.71568e-13
LAPACK,810,1,0,7,1e-12,0.0127338,0,3.63798e-12,4.494e-13
LAPACK,811,1,0,7,1e-12,0.0125396,0,3.41061e-12,4.49691e-13
LAPACK,812,1,0,7,1e-12,0.0128128,0,5.34328e-12,7.59302e-13
LAPACK,813,1,0,7,1e-12,0.0126786,0,3.18323e-12,4.11698e-13
LAPACK,814,1,0,7,1e-12,0.0129092,0,5.91172e-12,7.23363e-13
LAPACK,815,1,0,7,1e-12,0.0125302,0,4.09273e-12,4.63527e-13
LAPACK,816,1,0,7,1e-12,0.0129388,0,5.91172e-12,7.81708e-13
LAPACK,817,1,0,7,1e-12,0.0129199,0,4.09273e-12,4.29123e-13
LAPACK,818,1,0,7,1e-12,0.0129189,0,7.38964e-12,7.63874e-13
LAPACK,819,1,0,7,1e-12,0.013034,0,6.48015e-12,8.38563e-13
LAPACK,820,1,0,7,1e-12,0.0130709,0,3.18323e-12,4.80098e-13
LAPACK,821,1,0,7,1e-12,0.0127153,0,3.06954e-12,4.26628e-13
LAPACK,822,1,0,7,1e-12,0.0130985,0,3.06954e-12,4.93808e-13
LAPACK,823,1,0,7,1e-12,0.0131275,0,4.09273e-12,4.86652e-13
LAPACK,824,1,0,7,1e-12,0.0130532,0,4.44444e-12,4.36252e-13
LAPACK,825,1,0,7,1e-12,0.0133465,0,6.82121e-12,8.23533e-13
LAPACK,826,1,0,7,1e-12,0.0133206,0,6.9349e-12,8.35846e-13
LAPACK,827,1,0,7,1e-12,0.0133791,0,6.36646e-12,7.59946e-13
LAPACK,828,1,0,7,1e-12,0.0134061,0,5.79803e-12,8.2273e-13
LAPACK,829,1,0,7,1e-12,0.0133823,0,8.29914e-12,8.04957e-13
LAPACK,830,1,0,7,1e-12,0.0135322,0,6.70752e-12,7.68371e-13
LAPACK,831,1,0,7,1e-12,0.0133537,0,3.06954e-12,4.45722e-13
LAPACK,832,1,0,7,1e-12,0.0131465,0,3.78009e-12,4.26352e-13
LAPACK,833,1,0,7,1e-12,0.013422,0,2.84217e-12,4.19319e-13
LAPACK,834,1,0,7,1e-12,0.0133361,0,3.06954e-12,4.08401e-13
LAPACK,835,1,0,7,1e-12,0.0132922,0,4.66116e-12,4.77449e-13
LAPACK,836,1,0,7,1e-12,0.0133182,0,4.54747e-12,4.42295e-13
LAPACK,837,1,0,7,1e-12,0.013496,0,3.63798e-12,4.55646e-13
LAPACK,838,1,0,7,1e-12,0.013793,0,6.25278e-12,8.42593e-13
LAPACK,839,1,0,7,1e-12,0.0134395,0,2.84217e-12,4.73305e-13
LAPACK,840,1,0,7,1e-12,0.0138051,0,7.38964e-12,8.22951e-13
LAPACK,841,1,0,7,1e-12,0.0136076,0,3.18323e-12,4.25782e-13
LAPACK,842,1,0,7,1e-12,0.0135955,0,2.95586e-12,4.21246e-13
LAPACK,843,1,0,7,1e-12,0.0136511,0,3.75167e-12,4.52135e-13
LAPACK,844,1,0,7,1e-12,0.0137536,0,4.20641e-12,5.00461e-13
LAPACK,845,1,0,7,1e-12,0.0137091,0,3.97904e-12,4.46018e-13
LAPACK,846,1,0,7,1e-12,0.0140264,0,7.95808e-12,8.05473e-13
LAPACK,847,1,0,7,1e-12,0.0136976,0,3.0127e-12,4.32818e-13
LAPACK,848,1,0,7,1e-12,0.0140472,0,8.98126e-12,7.47642e-13
LAPACK,849,1,0,7,1e-12,0.01386,0,3.86535e-12,4.40181e-13
LAPACK,850,1,0,7,1e-12,0.0141241,0,9.66338e-12,8.70676e-13
LAPACK,851,1,0,7,1e-12,0.0139479,0,3.72324e-12,4.4028e-13
LAPACK,852,1,0,7,1e-12,0.0143011,0,5.91172e-12,7.94322e-13
LAPACK,853,1,0,7,1e-12,0.0139119,0,2.84217e-12,3.95156e-13
LAPACK,854,1,0,7,1e-12,0.0139724,0,3.75167e-12,4.08131e-13
LAPACK,855,1,0,7,1e-12,0.014289,0,7.38964e-12,8.35664e-13
LAPACK,856,1,0,7,1e-12,0.0139215,0,3.58114e-12,4.41639e-13
LAPACK,857,1,0,7,1e-12,0.0144141,0,7.16227e-12,8.10411e-13
LAPACK,858,1,0,7,1e-12,0.0142355,0,3.63798e-12,4.68054e-13
LAPACK,859,1,0,7,1e-12,0.0144061,0,6.0254e-12,7.73472e-13
LAPACK,860,1,0,7,1e-12,0.0141798,0,4.77485e-12,3.74703e-13
LAPACK,861,1,0,7,1e-12,0.0140531,0,4.60432e-12,4.55988e-13
LAPACK,862,1,0,7,1e-12,0.01452,0,7.04858e-12,8.32664e-13
LAPACK,863,1,0,7,1e-12,0.0142326,0,3.63798e-12,4.12358e-13
LAPACK,864,1,0,7,1e-12,0.0146101,0,7.16227e-12,8.60347e-13
LAPACK,865,1,0,7,1e-12,0.014343,0,3.0127e-12,4.6087e-13
LAPACK,866,1,0,7,1e-12,0.0146043,0,5.79803e-12,9.03212e-13
LAPACK,867,1,0,7,1e-12,0.014431,0,2.89901e-12,4.2213e-13
LAPACK,868,1,0,7,1e-12,0.0144672,0,2.84217e-12,4.44759e-13
LAPACK,869,1,0,7,1e-12,0.0145624,0,5.57066e-12,8.34302e-13
LAPACK,870,1,0,7,1e-12,0.0144649,0,3.52429e-12,4.2812e-13
LAPACK,871,1,0,7,1e-12,0.014792,0,5.91172e-12,7.97484e-13
LAPACK,872,1,0,7,1e-12,0.0147025,0,9.09495e-12,7.98886e-13
LAPACK,873,1,0,7,1e-12,0.0148145,0,6.9349e-12,7.82248e-13
LAPACK,874,1,0,7,1e-12,0.0149286,0,6.36646e-12,8.28312e-13
LAPACK,875,1,0,7,1e-12,0.0146009,0,3.06954e-12,4.81117e-13
LAPACK,876,1,0,7,1e-12,0.0149579,0,5.45697e-12,8.17203e-13
LAPACK,877,1,0,7,1e-12,0.0148276,0,7.50333e-12,8.16494e-13
LAPACK,878,1,0,7,1e-12,0.0147436,0,4.88853e-12,4.36048e-13
LAPACK,879,1,0,7,1e-12,0.014999,0,6.59384e-12,8.01396e-13
LAPACK,880,1,0,7,1e-12,0.0146668,0,2.6148e-12,4.21159e-13
LAPACK,881,1,0,7,1e-12,0.0151039,0,7.61702e-12,7.96566e-13
LAPACK,882,1,0,7,1e-12,0.0148737,0,3.35376e-12,4.62786e-13
LAPACK,883,1,0,7,1e-12,0.0152438,0,1.04592e-11,8.2227e-13
LAPACK,884,1,0,7,1e-12,0.0149245,0,3.75167e-12,4.74981e-13
LAPACK,885,1,0,7,1e-12,0.0152055,0,6.0254e-12,8.53712e-13
LAPACK,886,1,0,7,1e-12,0.0149421,0,3.41061e-12,4.76447e-13
LAPACK,887,1,0,7,1e-12,0.0151775,0,3.93641e-12,4.49097e-13
LAPACK,888,1,0,7,1e-12,0.0151167,0,3.52429e-12,4.54026e-13
LAPACK,889,1,0,7,1e-12,0.0151044,0,3.58114e-12,4.24636e-13
LAPACK,890,1,0,7,1e-12,0.0150987,0,3.52429e-12,4.20584e-13
LAPACK,891,1,0,7,1e-12,0.0151882,0,3.97904e-12,4.45056e-13
LAPACK,892,1,0,7,1e-12,0.0154406,0,6.25278e-12,8.36848e-13
LAPACK,893,1,0,7,1e-12,0.0151302,0,3.17257e-12,4.52656e-13
LAPACK,894,1,0,7,1e-12,0.0156419,0,7.7307e-12,8.39905e-13
LAPACK,895,1,0,7,1e-12,0.0155913,0,6.70752e-12,8.24072e-13
LAPACK,896,1,0,7,1e-12,0.0155758,0,6.59384e-12,8.09707e-13
LAPACK,897,1,0,7,1e-12,0.0156323,0,8.41283e-12,8.10879e-13
LAPACK,898,1,0,7,1e-12,0.0155006,0,3.52429e-12,4.69484e-13
LAPACK,899,1,0,7,1e-12,0.0155037,0,8.75389e-12,9.13652e-13
LAPACK,900,1,0,7,1e-12,0.0157657,0,6.13909e-12,8.78928e-13
LAPACK,901,1,0,7,1e-12,0.0157449,0,7.27596e-12,8.57551e-13
LAPACK,902,1,0,7,1e-12,0.0155905,0,3.18323e-12,4.71145e-13
LAPACK,903,1,0,7,1e-12,0.0153179,0,3.63798e-12,4.34014e-13
LAPACK,904,1,0,7,1e-12,0.0158987,0,7.50333e-12,8.30604e-13
LAPACK,905,1,0,7,1e-12,0.0156166,0,3.41061e-12,4.65883e-13
LAPACK,906,1,0,7,1e-12,0.0157241,0,3.97904e-12,4.48441e-13
LAPACK,907,1,0,7,1e-12,0.0159998,0,6.36646e-12,8.25192e-13
LAPACK,908,1,0,7,1e-12,0.0156848,0,3.63798e-12,4.48539e-13
LAPACK,909,1,0,7,1e-12,0.0157073,0,4.09273e-12,4.44891e-13
LAPACK,910,1,0,7,1e-12,0.0161038,0,6.9349e-12,7.96564e-13
LAPACK,911,1,0,7,1e-12,0.016109,0,6.82121e-12,8.05285e-13
LAPACK,912,1,0,7,1e-12,0.0162347,0,6.36646e-12,8.65688e-13
LAPACK,913,1,0,7,1e-12,0.0158636,0,4.63274e-12,4.67472e-13
LAPACK,914,1,0,7,1e-12,0.0163228,0,7.95808e-12,8.20493e-13
LAPACK,915,1,0,7,1e-12,0.0162902,0,6.25278e-12,8.91994e-13
LAPACK,916,1,0,7,1e-12,0.016364,0,9.09495e-12,8.55615e-13
LAPACK,917,1,0,7,1e-12,0.0162063,0,7.50333e-12,7.92611e-13
LAPACK,918,1,0,7,1e-12,0.0164572,0,6.82121e-12,8.43026e-13
LAPACK,919,1,0,7,1e-12,0.0162466,0,3.89377e-12,4.10962e-13
LAPACK,920,1,0,7,1e-12,0.0162717,0,3.58114e-12,4.06994e-13
LAPACK,921,1,0,7,1e-12,0.0165869,0,6.59384e-12,8.23287e-13
LAPACK,922,1,0,7,1e-12,0.01658,0,6.25278e-12,8.43055e-13
LAPACK,923,1,0,7,1e-12,0.0161528,0,5.22959e-12,4.79194e-13
LAPACK,924,1,0,7,1e-12,0.01664,0,6.48015e-12,9.1462e-13
LAPACK,925,1,0,7,1e-12,0.0162693,0,3.63798e-12,4.70821e-13
LAPACK,926,1,0,7,1e-12,0.016674,0,5.91172e-12,8.65168e-13
LAPACK,927,1,0,7,1e-12,0.0167183,0,7.7307e-12,7.95009e-13
LAPACK,928,1,0,7,1e-12,0.0163798,0,2.70717e-12,4.65199e-13
LAPACK,929,1,0,7,1e-12,0.016417,0,2.84217e-12,4.07756e-13
LAPACK,930,1,0,7,1e-12,0.01653,0,3.86535e-12,4.4678e-13
LAPACK,931,1,0,7,1e-12,0.016586,0,3.18323e-12,4.4809e-13
LAPACK,932,1,0,7,1e-12,0.016504,0,2.89901e-12,4.36325e-13
LAPACK,933,1,0,7,1e-12,0.0165612,0,2.89901e-12,4.46782e-13
LAPACK,934,1,0,7,1e-12,0.0167043,0,3.52429e-12,4.24716e-13
LAPACK,935,1,0,7,1e-12,0.0170271,0,6.25278e-12,8.23648e-13
LAPACK,936,1,0,7,1e-12,0.0167057,0,3.86535e-12,5.26591e-13
LAPACK,937,1,0,7,1e-12,0.016753,0,2.38742e-12,4.44264e-13
LAPACK,938,1,0,7,1e-12,0.0168748,0,3.41061e-12,4.65143e-13
LAPACK,939,1,0,7,1e-12,0.0168838,0,3.12639e-12,4.63805e-13
LAPACK,940,1,0,7,1e-12,0.0172471,0,8.52651e-12,8.6863e-13
LAPACK,941,1,0,7,1e-12,0.016968,0,3.58114e-12,4.48654e-13
LAPACK,942,1,0,7,1e-12,0.0172649,0,9.32232e-12,8.07531e-13
LAPACK,943,1,0,7,1e-12,0.0173485,0,7.38964e-12,8.47305e-13
LAPACK,944,1,0,7,1e-12,0.017039,0,3.41061e-12,4.60663e-13
LAPACK,945,1,0,7,1e-12,0.0172043,0,7.61702e-12,8.1349e-13
LAPACK,946,1,0,7,1e-12,0.0171505,0,5.45697e-12,4.20417e-13
LAPACK,947,1,0,7,1e-12,0.0171116,0,3.52429e-12,4.27577e-13
LAPACK,948,1,0,7,1e-12,0.0176239,0,7.95808e-12,8.9887e-13
LAPACK,949,1,0,7,1e-12,0.017418,0,7.04858e-12,8.51178e-13
LAPACK,950,1,0,7,1e-12,0.0173096,0,2.75691e-12,4.56352e-13
LAPACK,951,1,0,7,1e-12,0.0172941,0,4.83169e-12,4.99858e-13
LAPACK,952,1,0,7,1e-12,0.0173276,0,2.72848e-12,4.57195e-13
LAPACK,953,1,0,7,1e-12,0.0176379,0,7.84439e-12,8.86617e-13
LAPACK,954,1,0,7,1e-12,0.0175326,0,7.04858e-12,5.62965e-13
LAPACK,955,1,0,7,1e-12,0.0173299,0,2.95586e-12,4.62979e-13
LAPACK,956,1,0,7,1e-12,0.0172915,0,3.52429e-12,4.6159e-13
LAPACK,957,1,0,7,1e-12,0.017425,0,3.52429e-12,4.67719e-13
LAPACK,958,1,0,7,1e-12,0.017985,0,8.41283e-12,8.7619e-13
LAPACK,959,1,0,7,1e-12,0.017663,0,2.95586e-12,4.25807e-13
LAPACK,960,1,0,7,1e-12,0.0176696,0,3.75167e-12,4.50055e-13
LAPACK,961,1,0,7,1e-12,0.0174398,0,4.09273e-12,4.6269e-13
LAPACK,962,1,0,7,1e-12,0.0176083,0,3.41061e-12,4.68276e-13
LAPACK,963,1,0,7,1e-12,0.0177049,0,2.84217e-12,4.52206e-13
LAPACK,964,1,0,7,1e-12,0.0179945,0,7.16227e-12,8.61371e-13
LAPACK,965,1,0,7,1e-12,0.018059,0,6.82121e-12,8.43078e-13
LAPACK,966,1,0,7,1e-12,0.0182693,0,7.50333e-12,8.98006e-13
LAPACK,967,1,0,7,1e-12,0.0182226,0,7.61702e-12,8.44374e-13
LAPACK,968,1,0,7,1e-12,0.0183231,0,6.48015e-12,8.40765e-13
LAPACK,969,1,0,7,1e-12,0.0181531,0,7.27596e-12,8.66326e-13
LAPACK,970,1,0,7,1e-12,0.0182772,0,6.9349e-12,8.53716e-13
LAPACK,971,1,0,7,1e-12,0.0177854,0,2.77645e-12,4.35141e-13
LAPACK,972,1,0,7,1e-12,0.0183027,0,6.48015e-12,8.57312e-13
LAPACK,973,1,0,7,1e-12,0.0180669,0,3.78009e-12,4.58775e-13
LAPACK,974,1,0,7,1e-12,0.0186546,0,6.9349e-12,8.77362e-13
LAPACK,975,1,0,7,1e-12,0.0179372,0,3.75167e-12,4.53386e-13
LAPACK,976,1,0,7,1e-12,0.0185361,0,7.38964e-12,8.60707e-13
LAPACK,977,1,0,7,1e-12,0.0184445,0,8.6402e-12,8.66656e-13
LAPACK,978,1,0,7,1e-12,0.0182213,0,4.09273e-12,4.61943e-13
LAPACK,979,1,0,7,1e-12,0.0185854,0,6.13909e-12,8.34132e-13
LAPACK,980,1,0,7,1e-12,0.0186733,0,9.09495e-12,8.6242e-13
LAPACK,981,1,0,7,1e-12,0.0183732,0,4.20641e-12,4.86247e-13
LAPACK,982,1,0,7,1e-12,0.0187223,0,1.05729e-11,9.06241e-13
LAPACK,983,1,0,7,1e-12,0.0184136,0,5.45697e-12,4.41801e-13
LAPACK,984,1,0,7,1e-12,0.0188528,0,8.6402e-12,8.52225e-13
LAPACK,985,1,0,7,1e-12,0.0186014,0,3.41061e-12,4.57229e-13
LAPACK,986,1,0,7,1e-12,0.0188866,0,7.38964e-12,8.44334e-13
LAPACK,987,1,0,7,1e-12,0.0188376,0,6.0254e-12,8.52184e-13
LAPACK,988,1,0,7,1e-12,0.0190127,0,8.18545e-12,8.99201e-13
LAPACK,989,1,0,7,1e-12,0.0186099,0,2.95586e-12,4.706e-13
LAPACK,990,1,0,7,1e-12,0.0190238,0,6.36646e-12,9.02173e-13
LAPACK,991,1,0,7,1e-12,0.0187529,0,3.63798e-12,4.85834e-13
LAPACK,992,1,0,7,1e-12,0.0184391,0,3.41061e-12,4.56259e-13
LAPACK,993,1,0,7,1e-12,0.0187551,0,3.86535e-12,4.64763e-13
LAPACK,994,1,0,7,1e-12,0.0186935,0,3.86535e-12,4.64701e-13
LAPACK,995,1,0,7,1e-12,0.0187315,0,3.75167e-12,5.05427e-13
LAPACK,996,1,0,7,1e-12,0.0191608,0,7.27596e-12,9.05603e-13
LAPACK,997,1,0,7,1e-12,0.0188192,0,3.02691e-12,4.35046e-13
LAPACK,998,1,0,7,1e-12,0.0193151,0,6.48015e-12,8.68078e-13
LAPACK,999,1,0,7,1e-12,0.019368,0,7.38964e-12,8.74384e-13
LAPACK,1000,1,0,7,1e-12,0.0194944,0,7.84439e-12,8.48026e-13
