version, size, hermitian, complex, seed, tol, runtime in s,min_error, max_error, avg_error
LAPACK,1,1,0,1,1e-12,1.4388e-05,0,0,0
LAPACK,2,1,0,1,1e-12,4.058e-06,5.68434e-14,1.13687e-13,8.52651e-14
LAPACK,3,1,0,1,1e-12,1.764e-06,3.4639e-14,3.41061e-13,1.82077e-13
LAPACK,4,1,0,1,1e-12,1.012e-06,7.10543e-15,5.68434e-13,2.43361e-13
LAPACK,5,1,0,1,1e-12,1.783e-06,5.68434e-14,4.54747e-13,2.80309e-13
LAPACK,6,1,0,1,1e-12,1.944e-06,0,2.27374e-13,1.12947e-13
LAPACK,7,1,0,1,1e-12,2.184e-06,1.13687e-13,3.77476e-13,2.56937e-13
LAPACK,8,1,0,1,1e-12,2.885e-06,0,2.84217e-13,1.03695e-13
LAPACK,9,1,0,1,1e-12,3.607e-06,0,3.97904e-13,1.74576e-13
LAPACK,10,1,0,1,1e-12,4.539e-06,0,5.11591e-13,1.80123e-13
LAPACK,11,1,0,1,1e-12,4.649e-06,5.68434e-14,4.54747e-13,1.42593e-13
LAPACK,12,1,0,1,1e-12,5.671e-06,5.68434e-14,4.54747e-13,1.85111e-13
LAPACK,13,1,0,1,1e-12,6.593e-06,0,3.41061e-13,2.05579e-13
LAPACK,14,1,0,1,1e-12,7.414e-06,0,5.68434e-13,2.40569e-13
LAPACK,15,1,0,1,1e-12,8.576e-06,0,7.95808e-13,2.10617e-13
LAPACK,16,1,0,1,1e-12,8.937e-06,0,4.54747e-13,2.08555e-13
LAPACK,17,1,0,1,1e-12,1.02e-05,0,6.25278e-13,1.6797e-13
LAPACK,18,1,0,1,1e-12,1.1661e-05,0,6.82121e-13,2.52391e-13
LAPACK,19,1,0,1,1e-12,1.1451e-05,0,5.68434e-13,2.16903e-13
LAPACK,20,1,0,1,1e-12,1.2454e-05,0,5.56e-13,2.06857e-13
LAPACK,21,1,0,1,1e-12,1.4858e-05,5.68434e-14,1.02318e-12,2.91661e-13
LAPACK,22,1,0,1,1e-12,1.598e-05,0,5.68434e-13,2.27051e-13
LAPACK,23,1,0,1,1e-12,1.8425e-05,0,6.82121e-13,1.95438e-13
LAPACK,24,1,0,1,1e-12,1.8455e-05,0,5.11591e-13,1.73898e-13
LAPACK,25,1,0,1,1e-12,1.9166e-05,0,7.95808e-13,2.74767e-13
LAPACK,26,1,0,1,1e-12,2.0479e-05,0,9.09495e-13,3.14654e-13
LAPACK,27,1,0,1,1e-12,2.2382e-05,0,7.10543e-13,2.0484e-13
LAPACK,28,1,0,1,1e-12,2.3404e-05,0,7.95808e-13,2.55922e-13
LAPACK,29,1,0,1,1e-12,2.5658e-05,5.68434e-14,1.13687e-12,3.18213e-13
LAPACK,30,1,0,1,1e-12,2.7041e-05,0,6.82121e-13,1.71152e-13
LAPACK,31,1,0,1,1e-12,2.8243e-05,0,5.11591e-13,2.31242e-13
LAPACK,32,1,0,1,1e-12,3.0918e-05,0,1.19371e-12,3.65957e-13
LAPACK,33,1,0,1,1e-12,3.0287e-05,0,1.59162e-12,2.40373e-13
LAPACK,34,1,0,1,1e-12,3.3653e-05,0,9.09495e-13,2.31188e-13
LAPACK,35,1,0,1,1e-12,3.5086e-05,0,5.68434e-13,2.10194e-13
LAPACK,36,1,0,1,1e-12,3.6439e-05,0,1.02318e-12,2.60902e-13
LAPACK,37,1,0,1,1e-12,3.7992e-05,0,1.25056e-12,3.45189e-13
LAPACK,38,1,0,1,1e-12,4.0887e-05,0,7.95808e-13,2.41561e-13
LAPACK,39,1,0,1,1e-12,4.3452e-05,0,7.74492e-13,2.19676e-13
LAPACK,40,1,0,1,1e-12,4.4574e-05,0,6.46594e-13,2.11342e-13
LAPACK,41,1,0,1,1e-12,4.75e-05,0,1.47793e-12,3.44418e-13
LAPACK,42,1,0,1,1e-12,4.5145e-05,0,1.25056e-12,2.97751e-13
LAPACK,43,1,0,1,1e-12,5.0254e-05,0,1.47793e-12,2.04942e-13
LAPACK,44,1,0,1,1e-12,5.1968e-05,0,1.02318e-12,2.51072e-13
LAPACK,45,1,0,1,1e-12,5.5023e-05,0,1.59162e-12,2.80467e-13
LAPACK,46,1,0,1,1e-12,5.8601e-05,0,7.95808e-13,2.51509e-13
LAPACK,47,1,0,1,1e-12,5.8981e-05,0,6.75016e-13,2.01692e-13
LAPACK,48,1,0,1,1e-12,6.2167e-05,0,1.47793e-12,3.14267e-13
LAPACK,49,1,0,1,1e-12,6.5363e-05,0,9.09495e-13,2.5411e-13
LAPACK,50,1,0,1,1e-12,6.4782e-05,0,9.09495e-13,2.41336e-13
LAPACK,51,1,0,1,1e-12,6.948e-05,0,3.06954e-12,3.72216e-13
LAPACK,52,1,0,1,1e-12,6.9691e-05,0,1.36424e-12,3.43144e-13
LAPACK,53,1,0,1,1e-12,7.3869e-05,0,1.02318e-12,2.78905e-13
LAPACK,54,1,0,1,1e-12,8.0201e-05,0,1.02318e-12,2.7471e-13
LAPACK,55,1,0,1,1e-12,7.7316e-05,0,1.13687e-12,2.77031e-13
LAPACK,56,1,0,1,1e-12,7.8067e-05,0,7.38964e-13,2.51006e-13
LAPACK,57,1,0,1,1e-12,8.4189e-05,0,9.09495e-13,2.79792e-13
LAPACK,58,1,0,1,1e-12,8.3207e-05,0,1.07292e-12,2.6166e-13
LAPACK,59,1,0,1,1e-12,8.9569e-05,0,1.13687e-12,2.55449e-13
LAPACK,60,1,0,1,1e-12,8.8205e-05,0,1.25056e-12,3.06629e-13
LAPACK,61,1,0,1,1e-12,9.4097e-05,0,1.25056e-12,2.2947e-13
LAPACK,62,1,0,1,1e-12,9.8846e-05,0,1.25056e-12,3.18928e-13
LAPACK,63,1,0,1,1e-12,0.000103043,0,9.09495e-13,2.5134e-13
LAPACK,64,1,0,1,1e-12,0.000101712,0,1.02318e-12,2.84189e-13
LAPACK,65,1,0,1,1e-12,0.000102493,0,1.08002e-12,2.87879e-13
LAPACK,66,1,0,1,1e-12,0.00011152,0,1.22569e-12,2.75537e-13
LAPACK,67,1,0,1,1e-12,0.000110848,0,9.09495e-13,2.3436e-13
LAPACK,68,1,0,1,1e-12,0.00011186,0,9.09495e-13,2.24161e-13
LAPACK,69,1,0,1,1e-12,0.000117992,0,9.09495e-13,2.55409e-13
LAPACK,70,1,0,1,1e-12,0.00011702,0,1.0516e-12,2.90079e-13
LAPACK,71,1,0,1,1e-12,0.000119755,0,1.02318e-12,2.36406e-13
LAPACK,72,1,0,1,1e-12,0.000126749,0,1.02318e-12,3.06631e-13
LAPACK,73,1,0,1,1e-12,0.00013304,0,9.66338e-13,2.58691e-13
LAPACK,74,1,0,1,1e-12,0.000131828,0,1.13687e-12,3.83537e-13
LAPACK,75,1,0,1,1e-12,0.000132639,0,1.59162e-12,2.37665e-13
LAPACK,76,1,0,1,1e-12,0.000140575,0,7.95808e-13,2.63205e-13
LAPACK,77,1,0,1,1e-12,0.000140304,0,1.93268e-12,3.71074e-13
LAPACK,78,1,0,1,1e-12,0.000146035,0,9.66338e-13,2.54634e-13
LAPACK,79,1,0,1,1e-12,0.000157466,0,1.47793e-12,2.52007e-13
LAPACK,80,1,0,1,1e-12,0.000153288,0,1.87583e-12,2.93487e-13
LAPACK,81,1,0,1,1e-12,0.00015929,0,8.52651e-13,2.87836e-13
LAPACK,82,1,0,1,1e-12,0.000157536,0,1.02318e-12,3.08079e-13
LAPACK,83,1,0,1,1e-12,0.000169027,0,1.02318e-12,2.14212e-13
LAPACK,84,1,0,1,1e-12,0.000173516,0,1.27187e-12,3.2501e-13
LAPACK,85,1,0,1,1e-12,0.000173175,0,7.95808e-13,2.44437e-13
LAPACK,86,1,0,1,1e-12,0.00017583,0,8.45546e-13,2.43444e-13
LAPACK,87,1,0,1,1e-12,0.000183124,0,1.3074e-12,3.51382e-13
LAPACK,88,1,0,1,1e-12,0.000187492,0,1.13687e-12,3.24094e-13
LAPACK,89,1,0,1,1e-12,0.000187092,0,1.00897e-12,2.75734e-13
LAPACK,90,1,0,1,1e-12,0.000188574,0,1.25056e-12,3.17366e-13
LAPACK,91,1,0,1,1e-12,0.000191029,0,1.08002e-12,2.62608e-13
LAPACK,92,1,0,1,1e-12,0.000195447,0,8.52651e-13,2.46827e-13
LAPACK,93,1,0,1,1e-12,0.000204885,0,9.66338e-13,2.80674e-13
LAPACK,94,1,0,1,1e-12,0.000213561,0,9.09495e-13,2.59339e-13
LAPACK,95,1,0,1,1e-12,0.000214603,0,1.36424e-12,2.5357e-13
LAPACK,96,1,0,1,1e-12,0.000211708,0,1.47793e-12,3.47611e-13
LAPACK,97,1,0,1,1e-12,0.000219293,0,1.08002e-12,3.30164e-13
LAPACK,98,1,0,1,1e-12,0.000238509,0,1.13687e-12,3.17025e-13
LAPACK,99,1,0,1,1e-12,0.000227828,0,1.13687e-12,2.8698e-13
LAPACK,100,1,0,1,1e-12,0.000235052,0,1.36424e-12,2.73905e-13
LAPACK,101,1,0,1,1e-12,0.000240362,0,1.19371e-12,2.51847e-13
LAPACK,102,1,0,1,1e-12,0.000241735,0,1.25056e-12,2.81936e-13
LAPACK,103,1,0,1,1e-12,0.00024973,0,1.02318e-12,2.89046e-13
LAPACK,104,1,0,1,1e-12,0.000257344,0,1.36424e-12,3.14774e-13
LAPACK,105,1,0,1,1e-12,0.000249249,0,1.02318e-12,2.84259e-13
LAPACK,106,1,0,1,1e-12,0.000265549,0,1.13687e-12,2.28941e-13
LAPACK,107,1,0,1,1e-12,0.000261802,0,1.36424e-12,3.0423e-13
LAPACK,108,1,0,1,1e-12,0.000277612,0,1.47793e-12,3.81144e-13
LAPACK,109,1,0,1,1e-12,0.000284675,0,1.93268e-12,2.67358e-13
LAPACK,110,1,0,1,1e-12,0.000284224,0,1.59162e-12,3.08489e-13
LAPACK,111,1,0,1,1e-12,0.000281319,0,1.13687e-12,2.70814e-13
LAPACK,112,1,0,1,1e-12,0.000289794,0,1.55609e-12,2.97889e-13
LAPACK,113,1,0,1,1e-12,0.000294844,0,1.93268e-12,3.45737e-13
LAPACK,114,1,0,1,1e-12,0.000294885,0,1.25056e-12,3.29117e-13
LAPACK,115,1,0,1,1e-12,0.000309081,0,1.25056e-12,3.06815e-13
LAPACK,116,1,0,1,1e-12,0.000312949,0,1.47793e-12,3.84658e-13
LAPACK,117,1,0,1,1e-12,0.000306947,0,1.47793e-12,3.1853e-13
LAPACK,118,1,0,1,1e-12,0.000316114,0,1.02318e-12,2.79882e-13
LAPACK,119,1,0,1,1e-12,0.000321334,0,1.25056e-12,2.96323e-13
LAPACK,120,1,0,1,1e-12,0.000327506,0,1.25056e-12,2.61124e-13
LAPACK,121,1,0,1,1e-12,0.00032454,0,9.09495e-13,2.8846e-13
LAPACK,122,1,0,1,1e-12,0.000329218,0,1.25056e-12,2.75677e-13
LAPACK,123,1,0,1,1e-12,0.000333507,0,1.13687e-12,3.33247e-13
LAPACK,124,1,0,1,1e-12,0.000355539,0,1.08002e-12,2.68867e-13
LAPACK,125,1,0,1,1e-12,0.000353735,0,1.25056e-12,3.024e-13
LAPACK,126,1,0,1,1e-12,0.00036702,0,2.6148e-12,4.47543e-13
LAPACK,127,1,0,1,1e-12,0.000360368,0,1.36424e-12,3.26619e-13
LAPACK,128,1,0,1,1e-12,0.000367721,0,1.13687e-12,2.82364e-13
LAPACK,129,1,0,1,1e-12,0.000369825,0,1.25056e-12,2.86875e-13
LAPACK,130,1,0,1,1e-12,0.000380395,0,1.36424e-12,3.38833e-13
LAPACK,131,1,0,1,1e-12,0.000382028,0,1.25056e-12,2.96333e-13
LAPACK,132,1,0,1,1e-12,0.000385224,0,1.33582e-12,3.10297e-13
LAPACK,133,1,0,1,1e-12,0.000387198,0,1.02318e-12,3.17621e-13
LAPACK,134,1,0,1,1e-12,0.000394642,0,1.36424e-12,2.9632e-13
LAPACK,135,1,0,1,1e-12,0.000399951,0,1.53477e-12,2.97638e-13
LAPACK,136,1,0,1,1e-12,0.000409279,0,1.49925e-12,3.52313e-13
LAPACK,137,1,0,1,1e-12,0.00042564,0,1.36424e-12,3.15984e-13
LAPACK,138,1,0,1,1e-12,0.000419748,0,1.7053e-12,3.28652e-13
LAPACK,139,1,0,1,1e-12,0.000419498,0,1.93268e-12,3.34434e-13
LAPACK,140,1,0,1,1e-12,0.000441449,0,1.25056e-12,2.93232e-13
LAPACK,141,1,0,1,1e-12,0.000440628,0,1.13687e-12,2.91266e-13
LAPACK,142,1,0,1,1e-12,0.00044173,0,2.04636e-12,3.59012e-13
LAPACK,143,1,0,1,1e-12,0.000437272,0,1.59162e-12,3.05223e-13
LAPACK,144,1,0,1,1e-12,0.000465996,0,1.47793e-12,2.95726e-13
LAPACK,145,1,0,1,1e-12,0.000476716,0,1.7053e-12,3.48411e-13
LAPACK,146,1,0,1,1e-12,0.000474332,0,1.47793e-12,3.37313e-13
LAPACK,147,1,0,1,1e-12,0.00048959,0,1.25056e-12,2.68592e-13
LAPACK,148,1,0,1,1e-12,0.000475143,0,1.47793e-12,3.32137e-13
LAPACK,149,1,0,1,1e-12,0.000481174,0,1.81899e-12,3.86834e-13
LAPACK,150,1,0,1,1e-12,0.000490813,0,1.47793e-12,3.31036e-13
LAPACK,151,1,0,1,1e-12,0.000498407,0,1.36424e-12,3.2005e-13
LAPACK,152,1,0,1,1e-12,0.000495301,0,1.36424e-12,2.90224e-13
LAPACK,153,1,0,1,1e-12,0.000509397,0,1.47793e-12,3.28963e-13
LAPACK,154,1,0,1,1e-12,0.000515699,0,1.81899e-12,2.80705e-13
LAPACK,155,1,0,1,1e-12,0.000523945,0,9.66338e-13,2.84017e-13
LAPACK,156,1,0,1,1e-12,0.000539273,0,2.20268e-12,2.79662e-13
LAPACK,157,1,0,1,1e-12,0.000534555,0,2.16005e-12,2.65192e-13
LAPACK,158,1,0,1,1e-12,0.000555224,0,9.9476e-13,3.13308e-13
LAPACK,159,1,0,1,1e-12,0.000554453,0,1.36424e-12,3.43099e-13
LAPACK,160,1,0,1,1e-12,0.000569831,0,1.7053e-12,2.9553e-13
LAPACK,161,1,0,1,1e-12,0.000570061,0,2.72848e-12,3.17687e-13
LAPACK,162,1,0,1,1e-12,0.000582565,0,1.76215e-12,3.5378e-13
LAPACK,163,1,0,1,1e-12,0.000570372,0,1.47793e-12,3.08438e-13
LAPACK,164,1,0,1,1e-12,0.000593536,0,1.02318e-12,2.92335e-13
LAPACK,165,1,0,1,1e-12,0.000592033,0,1.7053e-12,3.87499e-13
LAPACK,166,1,0,1,1e-12,0.000602923,0,1.36424e-12,3.51901e-13
LAPACK,167,1,0,1,1e-12,0.000630946,0,2.16005e-12,3.41864e-13
LAPACK,168,1,0,1,1e-12,0.000621048,0,1.36424e-12,3.29303e-13
LAPACK,169,1,0,1,1e-12,0.000624163,0,1.93268e-12,3.31396e-13
LAPACK,170,1,0,1,1e-12,0.000631277,0,1.64846e-12,3.49712e-13
LAPACK,171,1,0,1,1e-12,0.000643018,0,1.47793e-12,3.4025e-13
LAPACK,172,1,0,1,1e-12,0.000653538,0,1.13687e-12,2.78909e-13
LAPACK,173,1,0,1,1e-12,0.000661754,0,1.36424e-12,3.46076e-13
LAPACK,174,1,0,1,1e-12,0.000662515,0,1.59162e-12,3.58936e-13
LAPACK,175,1,0,1,1e-12,0.000667555,0,1.7053e-12,3.21023e-13
LAPACK,176,1,0,1,1e-12,0.000687041,0,1.81899e-12,3.47606e-13
LAPACK,177,1,0,1,1e-12,0.000673406,0,1.36424e-12,3.31832e-13
LAPACK,178,1,0,1,1e-12,0.000686711,0,2.16005e-12,3.37428e-13
LAPACK,179,1,0,1,1e-12,0.000699214,0,1.26477e-12,3.16271e-13
LAPACK,180,1,0,1,1e-12,0.000714663,0,1.59162e-12,3.52202e-13
LAPACK,181,1,0,1,1e-12,0.000709724,0,1.13687e-12,3.08011e-13
LAPACK,182,1,0,1,1e-12,0.000724762,0,1.59162e-12,3.29295e-13
LAPACK,183,1,0,1,1e-12,0.000730042,0,2.38742e-12,3.80092e-13
LAPACK,184,1,0,1,1e-12,0.000734851,0,1.76215e-12,2.8734e-13
LAPACK,185,1,0,1,1e-12,0.000744239,0,1.93268e-12,3.83333e-13
LAPACK,186,1,0,1,1e-12,0.000760389,0,1.36424e-12,3.33969e-13
LAPACK,187,1,0,1,1e-12,0.000750541,0,1.59162e-12,3.24038e-13
LAPACK,188,1,0,1,1e-12,0.00076602,0,1.81899e-12,3.08321e-13
LAPACK,189,1,0,1,1e-12,0.000786719,0,1.76215e-12,3.09523e-13
LAPACK,190,1,0,1,1e-12,0.000777191,0,1.76215e-12,2.99129e-13
LAPACK,191,1,0,1,1e-12,0.000781408,0,1.59162e-12,3.43804e-13
LAPACK,192,1,0,1,1e-12,0.000794242,0,1.53477e-12,3.69533e-13
LAPACK,193,1,0,1,1e-12,0.000807487,0,1.93268e-12,3.44871e-13
LAPACK,194,1,0,1,1e-12,0.000828126,0,2.72848e-12,3.34266e-13
LAPACK,195,1,0,1,1e-12,0.000841582,0,1.25056e-12,2.9293e-13
LAPACK,196,1,0,1,1e-12,0.000833847,0,1.44951e-12,3.55371e-13
LAPACK,197,1,0,1,1e-12,0.000844347,0,2.33058e-12,3.69324e-13
LAPACK,198,1,0,1,1e-12,0.000835009,0,1.59162e-12,3.36642e-13
LAPACK,199,1,0,1,1e-12,0.000848464,0,1.7053e-12,3.3932e-13
LAPACK,200,1,0,1,1e-12,0.000870045,0,2.20624e-12,3.21343e-13
LAPACK,201,1,0,1,1e-12,0.000876547,0,2.55795e-12,2.95414e-13
LAPACK,202,1,0,1,1e-12,0.000873622,0,1.59162e-12,3.29813e-13
LAPACK,203,1,0,1,1e-12,0.000887168,0,2.27374e-12,3.83242e-13
LAPACK,204,1,0,1,1e-12,0.000887939,0,1.47793e-12,3.33472e-13
LAPACK,205,1,0,1,1e-12,0.000907255,0,1.7053e-12,3.49756e-13
LAPACK,206,1,0,1,1e-12,0.000907145,0,1.76215e-12,3.14635e-13
LAPACK,207,1,0,1,1e-12,0.000924467,0,1.93268e-12,3.55168e-13
LAPACK,208,1,0,1,1e-12,0.000943734,0,1.7053e-12,3.30078e-13
LAPACK,209,1,0,1,1e-12,0.000942311,0,2.03215e-12,3.92486e-13
LAPACK,210,1,0,1,1e-12,0.000948793,0,2.21689e-12,3.58422e-13
LAPACK,211,1,0,1,1e-12,0.000937422,0,1.36424e-12,3.18578e-13
LAPACK,212,1,0,1,1e-12,0.000990472,0,1.93268e-12,3.17423e-13
LAPACK,213,1,0,1,1e-12,0.000972458,0,1.59162e-12,3.57957e-13
LAPACK,214,1,0,1,1e-12,0.000997114,0,1.64846e-12,3.44323e-13
LAPACK,215,1,0,1,1e-12,0.000985232,0,2.78533e-12,3.75931e-13
LAPACK,216,1,0,1,1e-12,0.000992806,0,1.59162e-12,3.79005e-13
LAPACK,217,1,0,1,1e-12,0.000987957,0,1.36424e-12,3.23358e-13
LAPACK,218,1,0,1,1e-12,0.00101121,0,1.09424e-12,3.42698e-13
LAPACK,219,1,0,1,1e-12,0.001015,0,1.53477e-12,3.58836e-13
LAPACK,220,1,0,1,1e-12,0.00102745,0,1.7053e-12,4.14904e-13
LAPACK,221,1,0,1,1e-12,0.00104611,0,3.0127e-12,4.71627e-13
LAPACK,222,1,0,1,1e-12,0.00104467,0,1.44951e-12,3.32371e-13
LAPACK,223,1,0,1,1e-12,0.00107414,0,2.27374e-12,3.59828e-13
LAPACK,224,1,0,1,1e-12,0.00106818,0,1.76215e-12,3.39038e-13
LAPACK,225,1,0,1,1e-12,0.00107267,0,2.38742e-12,3.606e-13
LAPACK,226,1,0,1,1e-12,0.00108421,0,1.81899e-12,3.36128e-13
LAPACK,227,1,0,1,1e-12,0.0011062,0,1.59162e-12,3.63492e-13
LAPACK,228,1,0,1,1e-12,0.00110284,0,1.59162e-12,3.61952e-13
LAPACK,229,1,0,1,1e-12,0.00111437,0,2.72848e-12,3.86059e-13
LAPACK,230,1,0,1,1e-12,0.00117372,0,1.47793e-12,3.49e-13
LAPACK,231,1,0,1,1e-12,0.00114322,0,1.53477e-12,3.10816e-13
LAPACK,232,1,0,1,1e-12,0.00115218,0,2.04636e-12,3.30808e-13
LAPACK,233,1,0,1,1e-12,0.00114642,0,1.76215e-12,3.59106e-13
LAPACK,234,1,0,1,1e-12,0.00117192,0,1.98952e-12,3.50379e-13
LAPACK,235,1,0,1,1e-12,0.00116643,0,1.62004e-12,3.59716e-13
LAPACK,236,1,0,1,1e-12,0.00117482,0,2.33058e-12,3.96711e-13
LAPACK,237,1,0,1,1e-12,0.00119893,0,2.04636e-12,3.84634e-13
LAPACK,238,1,0,1,1e-12,0.00119325,0,1.87583e-12,3.29406e-13
LAPACK,239,1,0,1,1e-12,0.0011963,0,1.81899e-12,3.82363e-13
LAPACK,240,1,0,1,1e-12,0.00121458,0,1.81899e-12,3.50423e-13
LAPACK,241,1,0,1,1e-12,0.00123946,0,2.72848e-12,3.88023e-13
LAPACK,242,1,0,1,1e-12,0.00124932,0,3.16902e-12,3.82864e-13
LAPACK,243,1,0,1,1e-12,0.00125456,0,2.04636e-12,3.71142e-13
LAPACK,244,1,0,1,1e-12,0.0012726,0,1.47793e-12,3.10884e-13
LAPACK,245,1,0,1,1e-12,0.00126772,0,2.04636e-12,3.211e-13
LAPACK,246,1,0,1,1e-12,0.0012621,0,2.6148e-12,3.34071e-13
LAPACK,247,1,0,1,1e-12,0.00127917,0,1.7053e-12,3.73804e-13
LAPACK,248,1,0,1,1e-12,0.00129902,0,1.7053e-12,3.55694e-13
LAPACK,249,1,0,1,1e-12,0.00129801,0,1.87583e-12,3.56028e-13
LAPACK,250,1,0,1,1e-12,0.0013114,0,1.93268e-12,3.58128e-13
LAPACK,251,1,0,1,1e-12,0.00132451,0,1.81899e-12,3.08315e-13
LAPACK,252,1,0,1,1e-12,0.00134072,0,3.06954e-12,3.33733e-13
LAPACK,253,1,0,1,1e-12,0.00134844,0,1.95755e-12,3.38751e-13
LAPACK,254,1,0,1,1e-12,0.00136324,0,2.07478e-12,4.09632e-13
LAPACK,255,1,0,1,1e-12,0.00139086,0,1.7053e-12,3.79318e-13
LAPACK,256,1,0,1,1e-12,0.00137708,0,3.18323e-12,4.08611e-13
LAPACK,257,1,0,1,1e-12,0.00138999,0,2.04636e-12,3.80137e-13
LAPACK,258,1,0,1,1e-12,0.00139734,0,2.33058e-12,3.90981e-13
LAPACK,259,1,0,1,1e-12,0.0014077,0,2.72848e-12,4.21353e-13
LAPACK,260,1,0,1,1e-12,0.00140093,0,2.6148e-12,3.14176e-13
LAPACK,261,1,0,1,1e-12,0.0014338,0,1.64846e-12,3.46658e-13
LAPACK,262,1,0,1,1e-12,0.00142786,0,1.81899e-12,3.54637e-13
LAPACK,263,1,0,1,1e-12,0.00146312,0,1.66267e-12,3.61178e-13
LAPACK,264,1,0,1,1e-12,0.00144408,0,1.7053e-12,3.40986e-13
LAPACK,265,1,0,1,1e-12,0.00148345,0,2.02505e-12,3.3296e-13
LAPACK,266,1,0,1,1e-12,0.00151611,0,1.76215e-12,3.78498e-13
LAPACK,267,1,0,1,1e-12,0.00148948,0,3.29692e-12,3.55105e-13
LAPACK,268,1,0,1,1e-12,0.00152612,0,1.8332e-12,3.90596e-13
LAPACK,269,1,0,1,1e-12,0.00150729,0,2.38742e-12,3.80626e-13
LAPACK,270,1,0,1,1e-12,0.00150195,0,2.21689e-12,3.73038e-13
LAPACK,271,1,0,1,1e-12,0.00153924,0,2.27374e-12,3.66028e-13
LAPACK,272,1,0,1,1e-12,0.00154323,0,1.59162e-12,3.40976e-13
LAPACK,273,1,0,1,1e-12,0.00152437,0,1.7053e-12,3.42544e-13
LAPACK,274,1,0,1,1e-12,0.0015672,0,2.38742e-12,3.62192e-13
LAPACK,275,1,0,1,1e-12,0.00158815,0,2.2311e-12,3.72328e-13
LAPACK,276,1,0,1,1e-12,0.00161726,0,1.71951e-12,3.60514e-13
LAPACK,277,1,0,1,1e-12,0.00159414,0,3.12639e-12,3.27385e-13
LAPACK,278,1,0,1,1e-12,0.00161801,0,2.27374e-12,3.53032e-13
LAPACK,279,1,0,1,1e-12,0.0016209,0,2.16005e-12,3.95653e-13
LAPACK,280,1,0,1,1e-12,0.0016686,0,3.06954e-12,4.00543e-13
LAPACK,281,1,0,1,1e-12,0.0016406,0,2.38742e-12,3.68234e-13
LAPACK,282,1,0,1,1e-12,0.0016261,0,2.04636e-12,3.11099e-13
LAPACK,283,1,0,1,1e-12,0.00166547,0,2.089e-12,3.34677e-13
LAPACK,284,1,0,1,1e-12,0.00168859,0,3.35376e-12,3.98823e-13
LAPACK,285,1,0,1,1e-12,0.00171248,0,1.53477e-12,3.44863e-13
LAPACK,286,1,0,1,1e-12,0.00172646,0,2.16005e-12,3.96882e-13
LAPACK,287,1,0,1,1e-12,0.00171253,0,2.10321e-12,3.42756e-13
LAPACK,288,1,0,1,1e-12,0.00173551,0,2.33058e-12,3.95736e-13
LAPACK,289,1,0,1,1e-12,0.0017123,0,2.38742e-12,3.9484e-13
LAPACK,290,1,0,1,1e-12,0.00174497,0,2.55795e-12,3.42439e-13
LAPACK,291,1,0,1,1e-12,0.00175878,0,1.64846e-12,3.26422e-13
LAPACK,292,1,0,1,1e-12,0.00177374,0,2.78533e-12,3.59189e-13
LAPACK,293,1,0,1,1e-12,0.00179787,0,2.6148e-12,3.94009e-13
LAPACK,294,1,0,1,1e-12,0.00179344,0,2.16005e-12,3.83004e-13
LAPACK,295,1,0,1,1e-12,0.00179962,0,2.84217e-12,3.59703e-13
LAPACK,296,1,0,1,1e-12,0.00181772,0,1.79057e-12,3.57453e-13
LAPACK,297,1,0,1,1e-12,0.00182204,0,1.93268e-12,3.1652e-13
LAPACK,298,1,0,1,1e-12,0.00185058,0,2.6148e-12,3.9214e-13
LAPACK,299,1,0,1,1e-12,0.00185299,0,1.93268e-12,3.88179e-13
LAPACK,300,1,0,1,1e-12,0.00187771,0,2.04636e-12,4.02511e-13
LAPACK,301,1,0,1,1e-12,0.00188163,0,2.16005e-12,3.70429e-13
LAPACK,302,1,0,1,1e-12,0.0018854,0,1.47793e-12,3.64194e-13
LAPACK,303,1,0,1,1e-12,0.00188366,0,2.55795e-12,3.57297e-13
LAPACK,304,1,0,1,1e-12,0.00192236,0,2.27374e-12,3.93822e-13
LAPACK,305,1,0,1,1e-12,0.00191178,0,2.38742e-12,4.1549e-13
LAPACK,306,1,0,1,1e-12,0.001917,0,1.7053e-12,3.43609e-13
LAPACK,307,1,0,1,1e-12,0.00196287,0,2.16005e-12,4.11551e-13
LAPACK,308,1,0,1,1e-12,0.00197044,0,2.16005e-12,3.71083e-13
LAPACK,309,1,0,1,1e-12,0.00197276,0,1.93268e-12,3.6285e-13
LAPACK,310,1,0,1,1e-12,0.0019767,0,2.84217e-12,3.85689e-13
LAPACK,311,1,0,1,1e-12,0.00200751,0,3.0127e-12,3.46568e-13
LAPACK,312,1,0,1,1e-12,0.0020039,0,2.04636e-12,3.80716e-13
LAPACK,313,1,0,1,1e-12,0.00205249,0,3.63798e-12,5.32517e-13
LAPACK,314,1,0,1,1e-12,0.00204379,0,1.93268e-12,3.92391e-13
LAPACK,315,1,0,1,1e-12,0.00203056,0,2.50111e-12,3.73286e-13
LAPACK,316,1,0,1,1e-12,0.00206472,0,2.95586e-12,3.98536e-13
LAPACK,317,1,0,1,1e-12,0.00207188,0,1.7053e-12,3.77298e-13
LAPACK,318,1,0,1,1e-12,0.00208793,0,2.16005e-12,3.76215e-13
LAPACK,319,1,0,1,1e-12,0.00209802,0,1.81899e-12,3.7921e-13
LAPACK,320,1,0,1,1e-12,0.00211007,0,2.84217e-12,3.90162e-13
LAPACK,321,1,0,1,1e-12,0.00212863,0,1.93268e-12,3.77961e-13
LAPACK,322,1,0,1,1e-12,0.00214136,0,2.33058e-12,4.14892e-13
LAPACK,323,1,0,1,1e-12,0.00222374,0,5.45697e-12,5.17009e-13
LAPACK,324,1,0,1,1e-12,0.00219792,0,2.04636e-12,4.26217e-13
LAPACK,325,1,0,1,1e-12,0.00220416,0,2.16005e-12,3.92254e-13
LAPACK,326,1,0,1,1e-12,0.00220409,0,2.38742e-12,3.77792e-13
LAPACK,327,1,0,1,1e-12,0.00220785,0,2.21689e-12,4.08297e-13
LAPACK,328,1,0,1,1e-12,0.00220046,0,2.27374e-12,3.31731e-13
LAPACK,329,1,0,1,1e-12,0.00222299,0,2.27374e-12,3.45634e-13
LAPACK,330,1,0,1,1e-12,0.00226151,0,3.75167e-12,5.32275e-13
LAPACK,331,1,0,1,1e-12,0.00230256,0,1.98241e-12,4.10407e-13
LAPACK,332,1,0,1,1e-12,0.00225668,0,3.06954e-12,4.43345e-13
LAPACK,333,1,0,1,1e-12,0.00227864,0,2.04636e-12,3.75182e-13
LAPACK,334,1,0,1,1e-12,0.00230053,0,1.93268e-12,3.74319e-13
LAPACK,335,1,0,1,1e-12,0.00229419,0,1.53477e-12,3.62494e-13
LAPACK,336,1,0,1,1e-12,0.00232879,0,2.38742e-12,3.66608e-13
LAPACK,337,1,0,1,1e-12,0.0023394,0,3.06954e-12,4.09365e-13
LAPACK,338,1,0,1,1e-12,0.0023599,0,1.93268e-12,3.6073e-13
LAPACK,339,1,0,1,1e-12,0.00234455,0,2.27374e-12,4.46441e-13
LAPACK,340,1,0,1,1e-12,0.00238756,0,2.21689e-12,3.806e-13
LAPACK,341,1,0,1,1e-12,0.00243344,0,4.54747e-12,6.04083e-13
LAPACK,342,1,0,1,1e-12,0.00246647,0,2.77112e-12,3.64978e-13
LAPACK,343,1,0,1,1e-12,0.00249056,0,1.7053e-12,3.71014e-13
LAPACK,344,1,0,1,1e-12,0.00246228,0,2.21689e-12,3.6842e-13
LAPACK,345,1,0,1,1e-12,0.00245155,0,2.16005e-12,3.72283e-13
LAPACK,346,1,0,1,1e-12,0.00248699,0,1.98952e-12,4.09679e-13
LAPACK,347,1,0,1,1e-12,0.00251766,0,2.84217e-12,3.83477e-13
LAPACK,348,1,0,1,1e-12,0.00248793,0,2.50111e-12,4.07236e-13
LAPACK,349,1,0,1,1e-12,0.00252774,0,1.81899e-12,4.11796e-13
LAPACK,350,1,0,1,1e-12,0.00251639,0,1.93623e-12,4.11315e-13
LAPACK,351,1,0,1,1e-12,0.00255301,0,3.41061e-12,5.73138e-13
LAPACK,352,1,0,1,1e-12,0.00253393,0,2.84217e-12,4.41118e-13
LAPACK,353,1,0,1,1e-12,0.00255787,0,2.16005e-12,4.16771e-13
LAPACK,354,1,0,1,1e-12,0.00259013,0,1.93268e-12,3.68844e-13
LAPACK,355,1,0,1,1e-12,0.00258587,0,2.2311e-12,4.14891e-13
LAPACK,356,1,0,1,1e-12,0.00260211,0,2.68585e-12,3.77114e-13
LAPACK,357,1,0,1,1e-12,0.00261677,0,3.63798e-12,5.35167e-13
LAPACK,358,1,0,1,1e-12,0.00264499,0,1.93268e-12,3.73434e-13
LAPACK,359,1,0,1,1e-12,0.00267882,0,3.24007e-12,4.07435e-13
LAPACK,360,1,0,1,1e-12,0.00267078,0,2.6148e-12,3.7741e-13
LAPACK,361,1,0,1,1e-12,0.00268537,0,1.7053e-12,3.69142e-13
LAPACK,362,1,0,1,1e-12,0.00268201,0,1.93268e-12,4.51955e-13
LAPACK,363,1,0,1,1e-12,0.00271212,0,1.93268e-12,3.84278e-13
LAPACK,364,1,0,1,1e-12,0.00271437,0,3.52429e-12,5.51842e-13
LAPACK,365,1,0,1,1e-12,0.00272325,0,1.59162e-12,3.71517e-13
LAPACK,366,1,0,1,1e-12,0.00275739,0,2.55795e-12,3.91885e-13
LAPACK,367,1,0,1,1e-12,0.00278569,0,2.16005e-12,3.67862e-13
LAPACK,368,1,0,1,1e-12,0.00278846,0,4.88853e-12,5.64195e-13
LAPACK,369,1,0,1,1e-12,0.00279966,0,2.72848e-12,4.04588e-13
LAPACK,370,1,0,1,1e-12,0.00277739,0,2.28795e-12,4.10334e-13
LAPACK,371,1,0,1,1e-12,0.00281376,0,2.21689e-12,4.08731e-13
LAPACK,372,1,0,1,1e-12,0.00285555,0,1.93268e-12,4.22921e-13
LAPACK,373,1,0,1,1e-12,0.0028838,0,2.27374e-12,4.31993e-13
LAPACK,374,1,0,1,1e-12,0.00284399,0,2.72848e-12,4.00299e-13
LAPACK,375,1,0,1,1e-12,0.00297217,0,3.06954e-12,3.9226e-13
LAPACK,376,1,0,1,1e-12,0.00290536,0,2.6148e-12,3.86408e-13
LAPACK,377,1,0,1,1e-12,0.00291784,0,2.74269e-12,4.43465e-13
LAPACK,378,1,0,1,1e-12,0.00293002,0,2.38742e-12,3.85906e-13
LAPACK,379,1,0,1,1e-12,0.00294261,0,4.20641e-12,5.06812e-13
LAPACK,380,1,0,1,1e-12,0.0029813,0,2.27374e-12,4.09993e-13
LAPACK,381,1,0,1,1e-12,0.00295845,0,2.33058e-12,3.84096e-13
LAPACK,382,1,0,1,1e-12,0.00302303,0,2.84217e-12,5.79283e-13
LAPACK,383,1,0,1,1e-12,0.00299075,0,2.50111e-12,4.26578e-13
LAPACK,384,1,0,1,1e-12,0.00302569,0,3.29692e-12,4.12346e-13
LAPACK,385,1,0,1,1e-12,0.00301738,0,2.16005e-12,3.66302e-13
LAPACK,386,1,0,1,1e-12,0.00303729,0,2.30216e-12,3.97947e-13
LAPACK,387,1,0,1,1e-12,0.00304128,0,2.70006e-12,3.78436e-13
LAPACK,388,1,0,1,1e-12,0.00305503,0,2.3519e-12,3.94621e-13
LAPACK,389,1,0,1,1e-12,0.00309288,0,2.27374e-12,4.40326e-13
LAPACK,390,1,0,1,1e-12,0.00305395,0,2.17426e-12,3.82788e-13
LAPACK,391,1,0,1,1e-12,0.00316765,0,2.50111e-12,3.89162e-13
LAPACK,392,1,0,1,1e-12,0.00311569,0,2.38742e-12,4.49713e-13
LAPACK,393,1,0,1,1e-12,0.00313933,0,2.07478e-12,4.57267e-13
LAPACK,394,1,0,1,1e-12,0.00317813,0,3.52429e-12,5.5053e-13
LAPACK,395,1,0,1,1e-12,0.00318327,0,4.09273e-12,4.00045e-13
LAPACK,396,1,0,1,1e-12,0.00318912,0,2.38742e-12,4.1929e-13
LAPACK,397,1,0,1,1e-12,0.00322116,0,2.6148e-12,4.26332e-13
LAPACK,398,1,0,1,1e-12,0.00320874,0,2.20979e-12,3.79058e-13
LAPACK,399,1,0,1,1e-12,0.00322364,0,2.52953e-12,3.86984e-13
LAPACK,400,1,0,1,1e-12,0.00328777,0,2.16005e-12,3.84946e-13
LAPACK,401,1,0,1,1e-12,0.00325242,0,5.57066e-12,6.03408e-13
LAPACK,402,1,0,1,1e-12,0.00328212,0,2.27374e-12,3.97582e-13
LAPACK,403,1,0,1,1e-12,0.00329354,0,3.41061e-12,4.32941e-13
LAPACK,404,1,0,1,1e-12,0.00328774,0,2.27374e-12,4.01872e-13
LAPACK,405,1,0,1,1e-12,0.00331599,0,2.21689e-12,4.15669e-13
LAPACK,406,1,0,1,1e-12,0.00334988,0,2.04636e-12,4.42226e-13
LAPACK,407,1,0,1,1e-12,0.00337068,0,3.41061e-12,5.21867e-13
LAPACK,408,1,0,1,1e-12,0.00333701,0,3.07665e-12,4.148e-13
LAPACK,409,1,0,1,1e-12,0.00339461,0,2.50111e-12,4.08051e-13
LAPACK,410,1,0,1,1e-12,0.00341016,0,2.27374e-12,4.20047e-13
LAPACK,411,1,0,1,1e-12,0.00343893,0,2.44427e-12,4.00286e-13
LAPACK,412,1,0,1,1e-12,0.00341113,0,1.81899e-12,4.12674e-13
LAPACK,413,1,0,1,1e-12,0.00343786,0,2.33058e-12,4.15095e-13
LAPACK,414,1,0,1,1e-12,0.00347379,0,2.04636e-12,3.92012e-13
LAPACK,415,1,0,1,1e-12,0.00346599,0,2.38742e-12,4.26825e-13
LAPACK,416,1,0,1,1e-12,0.00351654,0,2.84217e-12,4.19529e-13
LAPACK,417,1,0,1,1e-12,0.00356363,0,2.2311e-12,4.49357e-13
LAPACK,418,1,0,1,1e-12,0.00351705,0,2.84217e-12,4.69796e-13
LAPACK,419,1,0,1,1e-12,0.00351147,0,2.33058e-12,3.68075e-13
LAPACK,420,1,0,1,1e-12,0.00351828,0,3.35376e-12,3.67869e-13
LAPACK,421,1,0,1,1e-12,0.00364508,0,4.43379e-12,5.77932e-13
LAPACK,422,1,0,1,1e-12,0.00358535,0,2.00373e-12,3.91243e-13
LAPACK,423,1,0,1,1e-12,0.00359478,0,3.35376e-12,3.62225e-13
LAPACK,424,1,0,1,1e-12,0.0036457,0,3.52429e-12,5.66733e-13
LAPACK,425,1,0,1,1e-12,0.00364722,0,2.72848e-12,4.03376e-13
LAPACK,426,1,0,1,1e-12,0.00366152,0,4.3201e-12,5.59289e-13
LAPACK,427,1,0,1,1e-12,0.00370022,0,2.95586e-12,4.27917e-13
LAPACK,428,1,0,1,1e-12,0.00372573,0,3.18323e-12,4.1036e-13
LAPACK,429,1,0,1,1e-12,0.00373761,0,3.06954e-12,5.20788e-13
LAPACK,430,1,0,1,1e-12,0.00372295,0,2.21689e-12,4.19446e-13
LAPACK,431,1,0,1,1e-12,0.00377171,0,1.7053e-12,3.82221e-13
LAPACK,432,1,0,1,1e-12,0.00380477,0,2.84217e-12,4.16606e-13
LAPACK,433,1,0,1,1e-12,0.0039117,0,3.09797e-12,4.00238e-13
LAPACK,434,1,0,1,1e-12,0.00378554,0,1.80478e-12,3.80457e-13
LAPACK,435,1,0,1,1e-12,0.00382781,0,3.25429e-12,3.86227e-13
LAPACK,436,1,0,1,1e-12,0.00390661,0,5.00222e-12,6.31354e-13
LAPACK,437,1,0,1,1e-12,0.00382396,0,2.44427e-12,4.03779e-13
LAPACK,438,1,0,1,1e-12,0.00390204,0,3.35376e-12,4.11244e-13
LAPACK,439,1,0,1,1e-12,0.00387551,0,2.33058e-12,4.15378e-13
LAPACK,440,1,0,1,1e-12,0.00391906,0,2.72848e-12,4.21312e-13
LAPACK,441,1,0,1,1e-12,0.00392338,0,2.75691e-12,4.36636e-13
LAPACK,442,1,0,1,1e-12,0.00391699,0,2.95586e-12,3.93305e-13
LAPACK,443,1,0,1,1e-12,0.00394171,0,2.38742e-12,4.21657e-13
LAPACK,444,1,0,1,1e-12,0.00396248,0,2.70006e-12,3.82774e-13
LAPACK,445,1,0,1,1e-12,0.00400157,0,3.29692e-12,4.30643e-13
LAPACK,446,1,0,1,1e-12,0.0040393,0,2.27374e-12,3.96574e-13
LAPACK,447,1,0,1,1e-12,0.00401269,0,2.95586e-12,3.96086e-13
LAPACK,448,1,0,1,1e-12,0.00403094,0,3.24007e-12,3.88869e-13
LAPACK,449,1,0,1,1e-12,0.00404833,0,2.16005e-12,3.96282e-13
LAPACK,450,1,0,1,1e-12,0.00412079,0,2.50111e-12,4.17669e-13
LAPACK,451,1,0,1,1e-12,0.00411379,0,2.84217e-12,4.73223e-13
LAPACK,452,1,0,1,1e-12,0.00414127,0,2.84217e-12,4.07033e-13
LAPACK,453,1,0,1,1e-12,0.00418217,0,5.68434e-12,6.25839e-13
LAPACK,454,1,0,1,1e-12,0.00420512,0,2.95586e-12,4.14246e-13
LAPACK,455,1,0,1,1e-12,0.00416897,0,2.6148e-12,4.22043e-13
LAPACK,456,1,0,1,1e-12,0.00420392,0,4.54747e-12,4.0871e-13
LAPACK,457,1,0,1,1e-12,0.00423235,0,2.4869e-12,4.16111e-13
LAPACK,458,1,0,1,1e-12,0.00423059,0,4.09273e-12,4.4359e-13
LAPACK,459,1,0,1,1e-12,0.00425097,0,2.07478e-12,4.23698e-13
LAPACK,460,1,0,1,1e-12,0.00425286,0,6.9349e-12,5.57778e-13
LAPACK,461,1,0,1,1e-12,0.00433677,0,2.97007e-12,4.68018e-13
LAPACK,462,1,0,1,1e-12,0.00434975,0,2.50111e-12,4.31675e-13
LAPACK,463,1,0,1,1e-12,0.00432395,0,2.50111e-12,3.96402e-13
LAPACK,464,1,0,1,1e-12,0.00440021,0,3.06954e-12,4.09503e-13
LAPACK,465,1,0,1,1e-12,0.0043933,0,2.84217e-12,4.29723e-13
LAPACK,466,1,0,1,1e-12,0.00443202,0,5.00222e-12,5.87712e-13
LAPACK,467,1,0,1,1e-12,0.00441094,0,2.6148e-12,4.02555e-13
LAPACK,468,1,0,1,1e-12,0.00446937,0,2.53664e-12,4.24698e-13
LAPACK,469,1,0,1,1e-12,0.00444622,0,2.38742e-12,4.01201e-13
LAPACK,470,1,0,1,1e-12,0.00448672,0,3.06954e-12,4.26218e-13
LAPACK,471,1,0,1,1e-12,0.00447535,0,3.06954e-12,4.25039e-13
LAPACK,472,1,0,1,1e-12,0.00460624,0,2.38742e-12,4.32799e-13
LAPACK,473,1,0,1,1e-12,0.0045167,0,2.04636e-12,3.89661e-13
LAPACK,474,1,0,1,1e-12,0.00452439,0,2.84217e-12,4.02454e-13
LAPACK,475,1,0,1,1e-12,0.00457457,0,3.18323e-12,4.40235e-13
LAPACK,476,1,0,1,1e-12,0.00462439,0,2.16005e-12,3.89153e-13
LAPACK,477,1,0,1,1e-12,0.00458205,0,1.98952e-12,4.12423e-13
LAPACK,478,1,0,1,1e-12,0.00462058,0,2.16005e-12,4.38977e-13
LAPACK,479,1,0,1,1e-12,0.00463543,0,2.38742e-12,4.1935e-13
LAPACK,480,1,0,1,1e-12,0.00465991,0,2.50111e-12,4.14067e-13
LAPACK,481,1,0,1,1e-12,0.00470097,0,3.29692e-12,4.53276e-13
LAPACK,482,1,0,1,1e-12,0.00468886,0,2.78533e-12,4.07398e-13
LAPACK,483,1,0,1,1e-12,0.00474854,0,2.50111e-12,4.00314e-13
LAPACK,484,1,0,1,1e-12,0.00473262,0,3.41061e-12,4.45527e-13
LAPACK,485,1,0,1,1e-12,0.0047315,0,3.06954e-12,4.40911e-13
LAPACK,486,1,0,1,1e-12,0.00476025,0,2.38742e-12,4.05037e-13
LAPACK,487,1,0,1,1e-12,0.00478938,0,2.38742e-12,4.28987e-13
LAPACK,488,1,0,1,1e-12,0.00478145,0,2.52953e-12,4.35862e-13
LAPACK,489,1,0,1,1e-12,0.00476839,0,2.72848e-12,4.09994e-13
LAPACK,490,1,0,1,1e-12,0.00488885,0,7.04858e-12,6.00167e-13
LAPACK,491,1,0,1,1e-12,0.00483972,0,2.84217e-12,4.14831e-13
LAPACK,492,1,0,1,1e-12,0.00489774,0,3.24007e-12,4.28602e-13
LAPACK,493,1,0,1,1e-12,0.00494727,0,3.41061e-12,4.82503e-13
LAPACK,494,1,0,1,1e-12,0.00493806,0,3.63798e-12,4.17424e-13
LAPACK,495,1,0,1,1e-12,0.00489674,0,2.21689e-12,4.12089e-13
LAPACK,496,1,0,1,1e-12,0.0049135,0,3.86535e-12,4.52672e-13
LAPACK,497,1,0,1,1e-12,0.00500102,0,2.27374e-12,4.0212e-13
LAPACK,498,1,0,1,1e-12,0.00499945,0,3.06954e-12,4.3439e-13
LAPACK,499,1,0,1,1e-12,0.00501674,0,2.6148e-12,4.32636e-13
LAPACK,500,1,0,1,1e-12,0.00498056,0,2.50111e-12,4.74365e-13
LAPACK,501,1,0,1,1e-12,0.00505819,0,2.38742e-12,4.45836e-13
LAPACK,502,1,0,1,1e-12,0.00509791,0,3.12639e-12,4.75031e-13
LAPACK,503,1,0,1,1e-12,0.0050536,0,2.38742e-12,4.13389e-13
LAPACK,504,1,0,1,1e-12,0.0051592,0,7.95808e-12,6.12874e-13
LAPACK,505,1,0,1,1e-12,0.00503196,0,1.81899e-12,4.3546e-13
LAPACK,506,1,0,1,1e-12,0.00513369,0,2.30216e-12,3.96854e-13
LAPACK,507,1,0,1,1e-12,0.00514143,0,2.16005e-12,4.36899e-13
LAPACK,508,1,0,1,1e-12,0.00518223,0,3.38218e-12,4.63741e-13
LAPACK,509,1,0,1,1e-12,0.00517673,0,2.16005e-12,4.20515e-13
LAPACK,510,1,0,1,1e-12,0.00526517,0,2.27374e-12,3.96619e-13
LAPACK,511,1,0,1,1e-12,0.00529142,0,2.21689e-12,4.23509e-13
LAPACK,512,1,0,1,1e-12,0.00528563,0,2.71427e-12,4.07684e-13
LAPACK,513,1,0,1,1e-12,0.00527256,0,3.52429e-12,4.63053e-13
LAPACK,514,1,0,1,1e-12,0.00534151,0,4.60432e-12,4.14523e-13
LAPACK,515,1,0,1,1e-12,0.00531012,0,2.41585e-12,4.2261e-13
LAPACK,516,1,0,1,1e-12,0.00544192,0,4.88853e-12,6.51948e-13
LAPACK,517,1,0,1,1e-12,0.00534207,0,3.06954e-12,4.28179e-13
LAPACK,518,1,0,1,1e-12,0.00541352,0,2.84217e-12,4.23206e-13
LAPACK,519,1,0,1,1e-12,0.00546258,0,3.0127e-12,4.65204e-13
LAPACK,520,1,0,1,1e-12,0.00545766,0,3.21165e-12,4.20516e-13
LAPACK,521,1,0,1,1e-12,0.00545385,0,2.16005e-12,4.13462e-13
LAPACK,522,1,0,1,1e-12,0.00546357,0,3.18323e-12,4.37365e-13
LAPACK,523,1,0,1,1e-12,0.00547266,0,2.50822e-12,4.15167e-13
LAPACK,524,1,0,1,1e-12,0.00549642,0,2.50111e-12,4.32926e-13
LAPACK,525,1,0,1,1e-12,0.00554298,0,2.95586e-12,4.5208e-13
LAPACK,526,1,0,1,1e-12,0.00554156,0,1.93268e-12,4.0618e-13
LAPACK,527,1,0,1,1e-12,0.00562182,0,2.6148e-12,4.09745e-13
LAPACK,528,1,0,1,1e-12,0.00561458,0,3.25429e-12,4.23134e-13
LAPACK,529,1,0,1,1e-12,0.00562614,0,3.12639e-12,4.3763e-13
LAPACK,530,1,0,1,1e-12,0.00560231,0,2.38742e-12,4.50317e-13
LAPACK,531,1,0,1,1e-12,0.00566381,0,2.6148e-12,4.45724e-13
LAPACK,532,1,0,1,1e-12,0.00567045,0,3.29692e-12,4.18903e-13
LAPACK,533,1,0,1,1e-12,0.00573139,0,2.30216e-12,4.01847e-13
LAPACK,534,1,0,1,1e-12,0.0056661,0,3.29692e-12,4.19718e-13
LAPACK,535,1,0,1,1e-12,0.00570923,0,2.72848e-12,4.50914e-13
LAPACK,536,1,0,1,1e-12,0.00577868,0,2.6148e-12,4.44317e-13
LAPACK,537,1,0,1,1e-12,0.00582346,0,2.16005e-12,4.14109e-13
LAPACK,538,1,0,1,1e-12,0.00576452,0,2.27374e-12,3.95307e-13
LAPACK,539,1,0,1,1e-12,0.00581873,0,3.06954e-12,4.24448e-13
LAPACK,540,1,0,1,1e-12,0.00589473,0,2.44427e-12,3.98427e-13
LAPACK,541,1,0,1,1e-12,0.00591472,0,3.29692e-12,4.73127e-13
LAPACK,542,1,0,1,1e-12,0.00586896,0,4.09273e-12,4.34172e-13
LAPACK,543,1,0,1,1e-12,0.00590367,0,4.09273e-12,4.79589e-13
LAPACK,544,1,0,1,1e-12,0.00592128,0,2.95586e-12,4.51878e-13
LAPACK,545,1,0,1,1e-12,0.00596076,0,2.38742e-12,3.79071e-13
LAPACK,546,1,0,1,1e-12,0.00598475,0,3.12639e-12,4.01349e-13
LAPACK,547,1,0,1,1e-12,0.00599307,0,2.21689e-12,3.95437e-13
LAPACK,548,1,0,1,1e-12,0.00597307,0,2.95586e-12,3.90356e-13
LAPACK,549,1,0,1,1e-12,0.00600713,0,2.72848e-12,4.73266e-13
LAPACK,550,1,0,1,1e-12,0.00608311,0,2.6148e-12,4.10769e-13
LAPACK,551,1,0,1,1e-12,0.00606807,0,2.72848e-12,4.07618e-13
LAPACK,552,1,0,1,1e-12,0.00607943,0,2.78533e-12,3.99727e-13
LAPACK,553,1,0,1,1e-12,0.0060835,0,3.80851e-12,4.61608e-13
LAPACK,554,1,0,1,1e-12,0.00616373,0,2.38742e-12,4.42429e-13
LAPACK,555,1,0,1,1e-12,0.00615404,0,2.89901e-12,4.66149e-13
LAPACK,556,1,0,1,1e-12,0.00614826,0,3.73745e-12,4.52981e-13
LAPACK,557,1,0,1,1e-12,0.00624912,0,3.18323e-12,3.93084e-13
LAPACK,558,1,0,1,1e-12,0.00625344,0,2.95586e-12,4.26078e-13
LAPACK,559,1,0,1,1e-12,0.00624641,0,2.84217e-12,4.61011e-13
LAPACK,560,1,0,1,1e-12,0.00623713,0,2.33058e-12,4.00041e-13
LAPACK,561,1,0,1,1e-12,0.00628415,0,2.95586e-12,4.52814e-13
LAPACK,562,1,0,1,1e-12,0.00641582,0,2.95586e-12,4.50259e-13
LAPACK,563,1,0,1,1e-12,0.00633933,0,3.89377e-12,4.60937e-13
LAPACK,564,1,0,1,1e-12,0.00633943,0,3.63798e-12,4.16776e-13
LAPACK,565,1,0,1,1e-12,0.00634263,0,3.58114e-12,4.21107e-13
LAPACK,566,1,0,1,1e-12,0.00642784,0,2.85638e-12,4.67041e-13
LAPACK,567,1,0,1,1e-12,0.00642724,0,2.16005e-12,4.08544e-13
LAPACK,568,1,0,1,1e-12,0.00644525,0,2.74269e-12,4.2594e-13
LAPACK,569,1,0,1,1e-12,0.00642015,0,2.72848e-12,4.06852e-13
LAPACK,570,1,0,1,1e-12,0.00643685,0,2.38742e-12,3.92508e-13
LAPACK,571,1,0,1,1e-12,0.00653784,0,5.45697e-12,7.13184e-13
LAPACK,572,1,0,1,1e-12,0.00643188,0,3.06954e-12,4.41405e-13
LAPACK,573,1,0,1,1e-12,0.00658562,0,3.63798e-12,4.30181e-13
LAPACK,574,1,0,1,1e-12,0.00659453,0,2.78533e-12,4.35272e-13
LAPACK,575,1,0,1,1e-12,0.00665004,0,2.89901e-12,4.53136e-13
LAPACK,576,1,0,1,1e-12,0.00662918,0,4.60432e-12,4.40993e-13
LAPACK,577,1,0,1,1e-12,0.00663993,0,2.89901e-12,4.54209e-13
LAPACK,578,1,0,1,1e-12,0.00661951,0,3.29692e-12,4.04757e-13
LAPACK,579,1,0,1,1e-12,0.00662983,0,2.11742e-12,4.31455e-13
LAPACK,580,1,0,1,1e-12,0.00661473,0,3.52429e-12,4.29151e-13
LAPACK,581,1,0,1,1e-12,0.00678126,0,3.52429e-12,4.16527e-13
LAPACK,582,1,0,1,1e-12,0.00669581,0,2.95586e-12,4.42657e-13
LAPACK,583,1,0,1,1e-12,0.00682804,0,3.29692e-12,4.86931e-13
LAPACK,584,1,0,1,1e-12,0.00681619,0,3.12639e-12,4.23031e-13
LAPACK,585,1,0,1,1e-12,0.00682777,0,2.84928e-12,4.5753e-13
LAPACK,586,1,0,1,1e-12,0.00685574,0,2.50111e-12,4.4966e-13
LAPACK,587,1,0,1,1e-12,0.0069017,0,3.18323e-12,4.48836e-13
LAPACK,588,1,0,1,1e-12,0.00687519,0,2.95586e-12,4.49677e-13
LAPACK,589,1,0,1,1e-12,0.00696501,0,4.39115e-12,4.62067e-13
LAPACK,590,1,0,1,1e-12,0.00689317,0,3.18323e-12,4.54053e-13
LAPACK,591,1,0,1,1e-12,0.00691905,0,2.72848e-12,4.49403e-13
LAPACK,592,1,0,1,1e-12,0.00696878,0,2.84217e-12,4.40145e-13
LAPACK,593,1,0,1,1e-12,0.00705753,0,4.60432e-12,5.14242e-13
LAPACK,594,1,0,1,1e-12,0.00699886,0,3.41061e-12,4.61526e-13
LAPACK,595,1,0,1,1e-12,0.00703745,0,3.75167e-12,4.21672e-13
LAPACK,596,1,0,1,1e-12,0.00705332,0,2.89901e-12,4.20089e-13
LAPACK,597,1,0,1,1e-12,0.00705459,0,2.17426e-12,4.33256e-13
LAPACK,598,1,0,1,1e-12,0.0070922,0,3.75167e-12,4.56603e-13
LAPACK,599,1,0,1,1e-12,0.00720187,0,3.18323e-12,4.44613e-13
LAPACK,600,1,0,1,1e-12,0.00710984,0,3.18323e-12,4.75596e-13
LAPACK,601,1,0,1,1e-12,0.00711837,0,2.72848e-12,5.09784e-13
LAPACK,602,1,0,1,1e-12,0.00718832,0,3.63798e-12,4.30639e-13
LAPACK,603,1,0,1,1e-12,0.00735068,0,9.77707e-12,6.98709e-13
LAPACK,604,1,0,1,1e-12,0.00726271,0,6.82121e-12,7.1854e-13
LAPACK,605,1,0,1,1e-12,0.00724077,0,2.16005e-12,4.37129e-13
LAPACK,606,1,0,1,1e-12,0.00730219,0,2.16005e-12,4.30632e-13
LAPACK,607,1,0,1,1e-12,0.00723036,0,2.92744e-12,4.30138e-13
LAPACK,608,1,0,1,1e-12,0.00735502,0,2.95586e-12,4.29337e-13
LAPACK,609,1,0,1,1e-12,0.00734194,0,3.63798e-12,4.71031e-13
LAPACK,610,1,0,1,1e-12,0.00739151,0,2.80842e-12,4.4714e-13
LAPACK,611,1,0,1,1e-12,0.00741123,0,3.18323e-12,4.80376e-13
LAPACK,612,1,0,1,1e-12,0.00743179,0,2.72848e-12,4.55634e-13
LAPACK,613,1,0,1,1e-12,0.00744352,0,2.55795e-12,4.31089e-13
LAPACK,614,1,0,1,1e-12,0.00745381,0,2.54374e-12,4.68427e-13
LAPACK,615,1,0,1,1e-12,0.00751872,0,3.29692e-12,4.20141e-13
LAPACK,616,1,0,1,1e-12,0.00748356,0,4.09273e-12,4.62983e-13
LAPACK,617,1,0,1,1e-12,0.00755197,0,3.35376e-12,4.53387e-13
LAPACK,618,1,0,1,1e-12,0.00751912,0,2.95586e-12,4.48753e-13
LAPACK,619,1,0,1,1e-12,0.00758376,0,3.06954e-12,4.06686e-13
LAPACK,620,1,0,1,1e-12,0.00754125,0,4.20641e-12,4.44253e-13
LAPACK,621,1,0,1,1e-12,0.00760969,0,3.80851e-12,4.7853e-13
LAPACK,622,1,0,1,1e-12,0.00762086,0,3.75167e-12,4.69705e-13
LAPACK,623,1,0,1,1e-12,0.00764889,0,2.50111e-12,4.61945e-13
LAPACK,624,1,0,1,1e-12,0.00773511,0,3.86535e-12,6.43671e-13
LAPACK,625,1,0,1,1e-12,0.00776444,0,2.95586e-12,4.75234e-13
LAPACK,626,1,0,1,1e-12,0.00772207,0,2.50111e-12,4.40323e-13
LAPACK,627,1,0,1,1e-12,0.00775992,0,2.6148e-12,4.50568e-13
LAPACK,628,1,0,1,1e-12,0.00776832,0,2.95586e-12,4.40891e-13
LAPACK,629,1,0,1,1e-12,0.00775834,0,3.29692e-12,4.49209e-13
LAPACK,630,1,0,1,1e-12,0.00781417,0,2.95586e-12,4.37628e-13
LAPACK,631,1,0,1,1e-12,0.00785857,0,2.70717e-12,4.57113e-13
LAPACK,632,1,0,1,1e-12,0.00781485,0,2.95586e-12,4.4418e-13
LAPACK,633,1,0,1,1e-12,0.00790552,0,3.29692e-12,4.89472e-13
LAPACK,634,1,0,1,1e-12,0.00800685,0,3.41061e-12,4.92229e-13
LAPACK,635,1,0,1,1e-12,0.00791755,0,3.86535e-12,4.62111e-13
LAPACK,636,1,0,1,1e-12,0.00797837,0,3.86535e-12,5.96887e-13
LAPACK,637,1,0,1,1e-12,0.00805558,0,2.72848e-12,4.33223e-13
LAPACK,638,1,0,1,1e-12,0.00796763,0,2.84217e-12,4.50276e-13
LAPACK,639,1,0,1,1e-12,0.00800162,0,2.64322e-12,4.29288e-13
LAPACK,640,1,0,1,1e-12,0.00795451,0,3.0127e-12,4.28324e-13
LAPACK,641,1,0,1,1e-12,0.00810437,0,4.66116e-12,5.39958e-13
LAPACK,642,1,0,1,1e-12,0.00821946,0,6.13909e-12,7.53604e-13
LAPACK,643,1,0,1,1e-12,0.00811209,0,2.78533e-12,4.50644e-13
LAPACK,644,1,0,1,1e-12,0.00815353,0,2.89901e-12,4.48253e-13
LAPACK,645,1,0,1,1e-12,0.00815574,0,2.83507e-12,4.75157e-13
LAPACK,646,1,0,1,1e-12,0.00822811,0,4.54747e-12,6.97458e-13
LAPACK,647,1,0,1,1e-12,0.00828965,0,4.20641e-12,4.53611e-13
LAPACK,648,1,0,1,1e-12,0.00825483,0,3.29692e-12,4.35352e-13
LAPACK,649,1,0,1,1e-12,0.00825588,0,2.72848e-12,4.30474e-13
LAPACK,650,1,0,1,1e-12,0.00828165,0,2.6148e-12,4.58832e-13
LAPACK,651,1,0,1,1e-12,0.00833005,0,2.55795e-12,4.69128e-13
LAPACK,652,1,0,1,1e-12,0.00832363,0,3.63798e-12,4.76418e-13
LAPACK,653,1,0,1,1e-12,0.00837299,0,2.21512e-12,4.5787e-13
LAPACK,654,1,0,1,1e-12,0.0083845,0,3.35376e-12,4.36749e-13
LAPACK,655,1,0,1,1e-12,0.00844514,0,3.29692e-12,4.70465e-13
LAPACK,656,1,0,1,1e-12,0.0084222,0,3.06954e-12,4.55765e-13
LAPACK,657,1,0,1,1e-12,0.00845822,0,3.18323e-12,4.49495e-13
LAPACK,658,1,0,1,1e-12,0.00850526,0,3.41061e-12,4.36026e-13
LAPACK,659,1,0,1,1e-12,0.00857693,0,3.13349e-12,4.71712e-13
LAPACK,660,1,0,1,1e-12,0.00850987,0,4.66116e-12,4.74683e-13
LAPACK,661,1,0,1,1e-12,0.00858037,0,3.63798e-12,4.45868e-13
LAPACK,662,1,0,1,1e-12,0.00856859,0,3.86535e-12,4.28654e-13
LAPACK,663,1,0,1,1e-12,0.00859402,0,3.9222e-12,5.22595e-13
LAPACK,664,1,0,1,1e-12,0.00865551,0,3.75167e-12,5.11032e-13
LAPACK,665,1,0,1,1e-12,0.00869664,0,3.38929e-12,4.59316e-13
LAPACK,666,1,0,1,1e-12,0.00874041,0,4.09273e-12,6.17605e-13
LAPACK,667,1,0,1,1e-12,0.00867037,0,5.08749e-12,4.43846e-13
LAPACK,668,1,0,1,1e-12,0.0088012,0,4.3201e-12,6.507e-13
LAPACK,669,1,0,1,1e-12,0.00882719,0,2.50111e-12,4.51273e-13
LAPACK,670,1,0,1,1e-12,0.00880799,0,4.54747e-12,6.05457e-13
LAPACK,671,1,0,1,1e-12,0.00883023,0,2.59348e-12,4.31569e-13
LAPACK,672,1,0,1,1e-12,0.00886687,0,3.75167e-12,4.8512e-13
LAPACK,673,1,0,1,1e-12,0.008913,0,2.47979e-12,4.82862e-13
LAPACK,674,1,0,1,1e-12,0.00892436,0,3.18323e-12,4.64216e-13
LAPACK,675,1,0,1,1e-12,0.00895257,0,2.72848e-12,4.83497e-13
LAPACK,676,1,0,1,1e-12,0.00907802,0,2.78533e-12,4.91286e-13
LAPACK,677,1,0,1,1e-12,0.00906166,0,3.52429e-12,5.1805e-13
LAPACK,678,1,0,1,1e-12,0.00901671,0,4.88853e-12,5.1074e-13
LAPACK,679,1,0,1,1e-12,0.00913801,0,3.18323e-12,4.94635e-13
LAPACK,680,1,0,1,1e-12,0.00910129,0,2.50111e-12,4.54716e-13
LAPACK,681,1,0,1,1e-12,0.00918567,0,2.67164e-12,4.40683e-13
LAPACK,682,1,0,1,1e-12,0.00918093,0,3.06954e-12,5.49985e-13
LAPACK,683,1,0,1,1e-12,0.00923495,0,4.09273e-12,4.83453e-13
LAPACK,684,1,0,1,1e-12,0.00930347,0,3.06954e-12,5.24024e-13
LAPACK,685,1,0,1,1e-12,0.00923398,0,3.18323e-12,4.79686e-13
LAPACK,686,1,0,1,1e-12,0.00925574,0,4.718e-12,4.70943e-13
LAPACK,687,1,0,1,1e-12,0.00930342,0,3.18323e-12,5.21629e-13
LAPACK,688,1,0,1,1e-12,0.00934609,0,2.21689e-12,4.34139e-13
LAPACK,689,1,0,1,1e-12,0.00936461,0,3.83693e-12,4.78979e-13
LAPACK,690,1,0,1,1e-12,0.00933743,0,3.18323e-12,4.91375e-13
LAPACK,691,1,0,1,1e-12,0.00944559,0,3.90799e-12,4.78452e-13
LAPACK,692,1,0,1,1e-12,0.00935005,0,3.41061e-12,4.85303e-13
LAPACK,693,1,0,1,1e-12,0.00942855,0,3.41061e-12,5.02167e-13
LAPACK,694,1,0,1,1e-12,0.00948055,0,3.64508e-12,4.61081e-13
LAPACK,695,1,0,1,1e-12,0.00944855,0,3.38929e-12,4.84557e-13
LAPACK,696,1,0,1,1e-12,0.00948898,0,4.66116e-12,5.50286e-13
LAPACK,697,1,0,1,1e-12,0.00959635,0,3.52429e-12,5.25096e-13
LAPACK,698,1,0,1,1e-12,0.00960471,0,2.89901e-12,5.28074e-13
LAPACK,699,1,0,1,1e-12,0.0095746,0,2.78533e-12,4.32758e-13
LAPACK,700,1,0,1,1e-12,0.0096127,0,2.72848e-12,5.03772e-13
LAPACK,701,1,0,1,1e-12,0.00960831,0,2.94165e-12,5.10376e-13
LAPACK,702,1,0,1,1e-12,0.0096308,0,2.84217e-12,4.88281e-13
LAPACK,703,1,0,1,1e-12,0.00971238,0,3.06954e-12,4.95904e-13
LAPACK,704,1,0,1,1e-12,0.00965387,0,2.84217e-12,4.78212e-13
LAPACK,705,1,0,1,1e-12,0.00975984,0,2.72848e-12,4.48774e-13
LAPACK,706,1,0,1,1e-12,0.00986903,0,3.0127e-12,4.84424e-13
LAPACK,707,1,0,1,1e-12,0.00979512,0,5.11591e-12,6.31525e-13
LAPACK,708,1,0,1,1e-12,0.00976757,0,6.36646e-12,6.11639e-13
LAPACK,709,1,0,1,1e-12,0.00984546,0,4.09273e-12,4.54686e-13
LAPACK,710,1,0,1,1e-12,0.00983265,0,3.09797e-12,4.88295e-13
LAPACK,711,1,0,1,1e-12,0.00986049,0,3.6593e-12,4.56507e-13
LAPACK,712,1,0,1,1e-12,0.00988233,0,3.22586e-12,4.83255e-13
LAPACK,713,1,0,1,1e-12,0.0100086,0,2.27374e-12,4.72099e-13
LAPACK,714,1,0,1,1e-12,0.010053,0,3.04112e-12,5.21932e-13
LAPACK,715,1,0,1,1e-12,0.0100002,0,2.82796e-12,4.85666e-13
LAPACK,716,1,0,1,1e-12,0.0100696,0,4.49063e-12,4.50141e-13
LAPACK,717,1,0,1,1e-12,0.0101122,0,3.63798e-12,5.36717e-13
LAPACK,718,1,0,1,1e-12,0.0101226,0,3.41061e-12,4.79077e-13
LAPACK,719,1,0,1,1e-12,0.0100815,0,2.97007e-12,4.94208e-13
LAPACK,720,1,0,1,1e-12,0.0101952,0,3.52429e-12,4.84205e-13
LAPACK,721,1,0,1,1e-12,0.0102311,0,3.06954e-12,5.04254e-13
LAPACK,722,1,0,1,1e-12,0.0103126,0,4.83169e-12,5.33808e-13
LAPACK,723,1,0,1,1e-12,0.0102781,0,3.58114e-12,4.73902e-13
LAPACK,724,1,0,1,1e-12,0.0103671,0,2.78533e-12,4.91402e-13
LAPACK,725,1,0,1,1e-12,0.0103974,0,3.75167e-12,5.71594e-13
LAPACK,726,1,0,1,1e-12,0.0103973,0,3.97904e-12,4.96426e-13
LAPACK,727,1,0,1,1e-12,0.0104073,0,3.35376e-12,4.86403e-13
LAPACK,728,1,0,1,1e-12,0.0104329,0,3.63798e-12,4.99334e-13
LAPACK,729,1,0,1,1e-12,0.0104047,0,3.18323e-12,4.48203e-13
LAPACK,730,1,0,1,1e-12,0.0104525,0,3.06954e-12,4.79312e-13
LAPACK,731,1,0,1,1e-12,0.0104368,0,3.52429e-12,4.82558e-13
LAPACK,732,1,0,1,1e-12,0.0104567,0,2.38742e-12,4.78333e-13
LAPACK,733,1,0,1,1e-12,0.01057,0,2.84217e-12,4.45505e-13
LAPACK,734,1,0,1,1e-12,0.0106057,0,3.52429e-12,5.23351e-13
LAPACK,735,1,0,1,1e-12,0.0106167,0,2.84217e-12,4.75621e-13
LAPACK,736,1,0,1,1e-12,0.0105776,0,3.06954e-12,5.20076e-13
LAPACK,737,1,0,1,1e-12,0.0107503,0,4.09273e-12,5.17867e-13
LAPACK,738,1,0,1,1e-12,0.0106598,0,4.13536e-12,4.87392e-13
LAPACK,739,1,0,1,1e-12,0.0107369,0,3.86535e-12,4.87571e-13
LAPACK,740,1,0,1,1e-12,0.0106903,0,4.09273e-12,4.91314e-13
LAPACK,741,1,0,1,1e-12,0.0107495,0,3.04112e-12,4.49546e-13
LAPACK,742,1,0,1,1e-12,0.0107483,0,5.45697e-12,5.04891e-13
LAPACK,743,1,0,1,1e-12,0.0108255,0,3.63798e-12,4.66853e-13
LAPACK,744,1,0,1,1e-12,0.0108771,0,3.46745e-12,4.62944e-13
LAPACK,745,1,0,1,1e-12,0.0108159,0,4.43379e-12,4.88614e-13
LAPACK,746,1,0,1,1e-12,0.0108864,0,2.84217e-12,4.87947e-13
LAPACK,747,1,0,1,1e-12,0.0109711,0,3.41061e-12,5.15389e-13
LAPACK,748,1,0,1,1e-12,0.0109679,0,4.00746e-12,4.9641e-13
LAPACK,749,1,0,1,1e-12,0.0110646,0,4.20641e-12,5.37804e-13
LAPACK,750,1,0,1,1e-12,0.0111013,0,2.6148e-12,4.53731e-13
LAPACK,751,1,0,1,1e-12,0.0110283,0,4.40536e-12,4.74728e-13
LAPACK,752,1,0,1,1e-12,0.0110535,0,3.06954e-12,4.96177e-13
LAPACK,753,1,0,1,1e-12,0.0111265,0,4.27747e-12,4.54481e-13
LAPACK,754,1,0,1,1e-12,0.0111377,0,5.22959e-12,4.95708e-13
LAPACK,755,1,0,1,1e-12,0.0112357,0,4.77485e-12,4.91835e-13
LAPACK,756,1,0,1,1e-12,0.0111831,0,3.29692e-12,5.0878e-13
LAPACK,757,1,0,1,1e-12,0.0112404,0,3.41061e-12,4.82037e-13
LAPACK,758,1,0,1,1e-12,0.0113165,0,3.86535e-12,5.21229e-13
LAPACK,759,1,0,1,1e-12,0.011164,0,3.18323e-12,4.50598e-13
LAPACK,760,1,0,1,1e-12,0.0113085,0,3.41061e-12,4.84796e-13
LAPACK,761,1,0,1,1e-12,0.0113792,0,4.24549e-12,4.8028e-13
LAPACK,762,1,0,1,1e-12,0.0112951,0,2.27374e-12,4.5192e-13
LAPACK,763,1,0,1,1e-12,0.0113679,0,4.37694e-12,4.79332e-13
LAPACK,764,1,0,1,1e-12,0.0113853,0,2.75691e-12,4.97361e-13
LAPACK,765,1,0,1,1e-12,0.0114681,0,2.78533e-12,4.80957e-13
LAPACK,766,1,0,1,1e-12,0.011477,0,4.20641e-12,5.00918e-13
LAPACK,767,1,0,1,1e-12,0.0114356,0,2.84217e-12,4.71119e-13
LAPACK,768,1,0,1,1e-12,0.0115158,0,2.67164e-12,4.74155e-13
LAPACK,769,1,0,1,1e-12,0.0116959,0,2.95586e-12,4.85821e-13
LAPACK,770,1,0,1,1e-12,0.0116275,0,2.78533e-12,4.61587e-13
LAPACK,771,1,0,1,1e-12,0.0115843,0,3.86535e-12,4.73396e-13
LAPACK,772,1,0,1,1e-12,0.0116765,0,4.43379e-12,5.32952e-13
LAPACK,773,1,0,1,1e-12,0.0117258,0,4.20641e-12,5.88674e-13
LAPACK,774,1,0,1,1e-12,0.0116758,0,3.97904e-12,4.77654e-13
LAPACK,775,1,0,1,1e-12,0.0118375,0,3.16902e-12,4.79508e-13
LAPACK,776,1,0,1,1e-12,0.0118787,0,3.12994e-12,4.51884e-13
LAPACK,777,1,0,1,1e-12,0.0118083,0,3.41061e-12,4.95772e-13
LAPACK,778,1,0,1,1e-12,0.0116852,0,3.75167e-12,5.07305e-13
LAPACK,779,1,0,1,1e-12,0.0119628,0,2.99849e-12,4.73176e-13
LAPACK,780,1,0,1,1e-12,0.0119132,0,3.86535e-12,4.6608e-13
LAPACK,781,1,0,1,1e-12,0.0118531,0,4.43379e-12,4.81712e-13
LAPACK,782,1,0,1,1e-12,0.0119003,0,3.09797e-12,4.67779e-13
LAPACK,783,1,0,1,1e-12,0.0120056,0,5.11591e-12,4.72936e-13
LAPACK,784,1,0,1,1e-12,0.012047,0,3.75167e-12,4.74122e-13
LAPACK,785,1,0,1,1e-12,0.0119351,0,2.84217e-12,4.44348e-13
LAPACK,786,1,0,1,1e-12,0.0120476,0,3.75167e-12,5.11765e-13
LAPACK,787,1,0,1,1e-12,0.0121027,0,3.11928e-12,4.47539e-13
LAPACK,788,1,0,1,1e-12,0.0120349,0,3.0127e-12,4.54965e-13
LAPACK,789,1,0,1,1e-12,0.0121205,0,3.86535e-12,4.47274e-13
LAPACK,790,1,0,1,1e-12,0.0121657,0,4.43379e-12,4.94875e-13
LAPACK,791,1,0,1,1e-12,0.0123286,0,3.06954e-12,4.8084e-13
LAPACK,792,1,0,1,1e-12,0.0123359,0,3.63798e-12,4.70373e-13
LAPACK,793,1,0,1,1e-12,0.0122494,0,3.32534e-12,4.75944e-13
LAPACK,794,1,0,1,1e-12,0.0121951,0,2.72848e-12,4.3723e-13
LAPACK,795,1,0,1,1e-12,0.012299,0,3.86535e-12,4.57226e-13
LAPACK,796,1,0,1,1e-12,0.0122658,0,3.06954e-12,4.6202e-13
LAPACK,797,1,0,1,1e-12,0.012377,0,5.00222e-12,4.70903e-13
LAPACK,798,1,0,1,1e-12,0.0123822,0,3.30402e-12,4.62656e-13
LAPACK,799,1,0,1,1e-12,0.0124957,0,3.75167e-12,4.49458e-13
LAPACK,800,1,0,1,1e-12,0.0123855,0,2.92388e-12,4.4892e-13
LAPACK,801,1,0,1,1e-12,0.0124573,0,3.93641e-12,4.66802e-13
LAPACK,802,1,0,1,1e-12,0.0125817,0,2.95586e-12,4.78365e-13
LAPACK,803,1,0,1,1e-12,0.0126616,0,3.18323e-12,4.38185e-13
LAPACK,804,1,0,1,1e-12,0.0125538,0,3.41061e-12,4.57298e-13
LAPACK,805,1,0,1,1e-12,0.0125474,0,3.86535e-12,4.62718e-13
LAPACK,806,1,0,1,1e-12,0.0125289,0,3.18323e-12,4.30424e-13
LAPACK,807,1,0,1,1e-12,0.0127083,0,3.41061e-12,4.81616e-13
LAPACK,808,1,0,1,1e-12,0.0128591,0,3.95062e-12,4.80898e-13
LAPACK,809,1,0,1,1e-12,0.0127665,0,3.55271e-12,4.26346e-13
LAPACK,810,1,0,1,1e-12,0.0127825,0,5.17275e-12,4.63036e-13
LAPACK,811,1,0,1,1e-12,0.0128415,0,3.9222e-12,4.54655e-13
LAPACK,812,1,0,1,1e-12,0.0129378,0,4.20641e-12,4.84124e-13
LAPACK,813,1,0,1,1e-12,0.0128761,0,3.06954e-12,5.18518e-13
LAPACK,814,1,0,1,1e-12,0.012883,0,4.14957e-12,4.76594e-13
LAPACK,815,1,0,1,1e-12,0.0128282,0,3.46745e-12,4.41483e-13
LAPACK,816,1,0,1,1e-12,0.0130948,0,3.29692e-12,4.66869e-13
LAPACK,817,1,0,1,1e-12,0.0129933,0,3.63798e-12,4.74933e-13
LAPACK,818,1,0,1,1e-12,0.0130997,0,3.06954e-12,5.141e-13
LAPACK,819,1,0,1,1e-12,0.0130506,0,2.84217e-12,4.30055e-13
LAPACK,820,1,0,1,1e-12,0.0130034,0,4.02878e-12,4.85652e-13
LAPACK,821,1,0,1,1e-12,0.0130327,0,2.95586e-12,4.31997e-13
LAPACK,822,1,0,1,1e-12,0.0132792,0,2.95586e-12,4.7325e-13
LAPACK,823,1,0,1,1e-12,0.0132377,0,2.95586e-12,4.99303e-13
LAPACK,824,1,0,1,1e-12,0.0133247,0,3.46745e-12,4.59438e-13
LAPACK,825,1,0,1,1e-12,0.0132084,0,2.84217e-12,4.67801e-13
LAPACK,826,1,0,1,1e-12,0.0133724,0,4.41958e-12,4.88802e-13
LAPACK,827,1,0,1,1e-12,0.0132043,0,4.43379e-12,4.70256e-13
LAPACK,828,1,0,1,1e-12,0.0131799,0,3.41061e-12,4.6053e-13
LAPACK,829,1,0,1,1e-12,0.013419,0,3.2685e-12,5.18519e-13
LAPACK,830,1,0,1,1e-12,0.0134425,0,3.38218e-12,4.54502e-13
LAPACK,831,1,0,1,1e-12,0.0134777,0,2.95586e-12,4.78996e-13
LAPACK,832,1,0,1,1e-12,0.0134911,0,4.77485e-12,4.64531e-13
LAPACK,833,1,0,1,1e-12,0.0135033,0,3.06954e-12,4.73367e-13
LAPACK,834,1,0,1,1e-12,0.013603,0,3.63798e-12,4.82495e-13
LAPACK,835,1,0,1,1e-12,0.0133566,0,3.38218e-12,4.86016e-13
LAPACK,836,1,0,1,1e-12,0.0136163,0,3.63798e-12,4.90562e-13
LAPACK,837,1,0,1,1e-12,0.01358,0,3.97904e-12,4.82467e-13
LAPACK,838,1,0,1,1e-12,0.0136298,0,3.75167e-12,4.5359e-13
LAPACK,839,1,0,1,1e-12,0.0135931,0,3.63798e-12,4.67047e-13
LAPACK,840,1,0,1,1e-12,0.0137345,0,3.15481e-12,4.73347e-13
LAPACK,841,1,0,1,1e-12,0.0137706,0,3.15481e-12,5.1927e-13
LAPACK,842,1,0,1,1e-12,0.0138073,0,3.63798e-12,4.89503e-13
LAPACK,843,1,0,1,1e-12,0.0137778,0,4.09983e-12,4.47471e-13
LAPACK,844,1,0,1,1e-12,0.0139466,0,2.95586e-12,4.27305e-13
LAPACK,845,1,0,1,1e-12,0.0138671,0,3.52429e-12,4.81191e-13
LAPACK,846,1,0,1,1e-12,0.0139799,0,3.97904e-12,5.21761e-13
LAPACK,847,1,0,1,1e-12,0.01393,0,3.41061e-12,4.6199e-13
LAPACK,848,1,0,1,1e-12,0.0141105,0,3.86535e-12,4.9339e-13
LAPACK,849,1,0,1,1e-12,0.0140429,0,3.06954e-12,5.27157e-13
LAPACK,850,1,0,1,1e-12,0.0139495,0,3.97904e-12,5.26647e-13
LAPACK,851,1,0,1,1e-12,0.0139626,0,4.3201e-12,4.92015e-13
LAPACK,852,1,0,1,1e-12,0.0142216,0,3.41061e-12,5.05751e-13
LAPACK,853,1,0,1,1e-12,0.0142342,0,2.55795e-12,4.75058e-13
LAPACK,854,1,0,1,1e-12,0.0140746,0,3.18323e-12,4.51365e-13
LAPACK,855,1,0,1,1e-12,0.0142464,0,3.29692e-12,5.10857e-13
LAPACK,856,1,0,1,1e-12,0.0141426,0,5.22959e-12,5.54717e-13
LAPACK,857,1,0,1,1e-12,0.0141325,0,3.09797e-12,5.26539e-13
LAPACK,858,1,0,1,1e-12,0.0142178,0,4.54747e-12,4.73871e-13
LAPACK,859,1,0,1,1e-12,0.0142479,0,4.09273e-12,4.60958e-13
LAPACK,860,1,0,1,1e-12,0.0143912,0,3.29692e-12,5.41862e-13
LAPACK,861,1,0,1,1e-12,0.0143046,0,3.52429e-12,4.99086e-13
LAPACK,862,1,0,1,1e-12,0.0143577,0,3.41061e-12,5.07401e-13
LAPACK,863,1,0,1,1e-12,0.0144058,0,3.86535e-12,4.81912e-13
LAPACK,864,1,0,1,1e-12,0.0145028,0,3.52429e-12,5.19102e-13
LAPACK,865,1,0,1,1e-12,0.0146151,0,3.59179e-12,4.98668e-13
LAPACK,866,1,0,1,1e-12,0.0145947,0,3.9222e-12,4.78188e-13
LAPACK,867,1,0,1,1e-12,0.0146551,0,4.09273e-12,5.14688e-13
LAPACK,868,1,0,1,1e-12,0.0146632,0,3.18323e-12,5.05609e-13
LAPACK,869,1,0,1,1e-12,0.0146744,0,4.77485e-12,5.6694e-13
LAPACK,870,1,0,1,1e-12,0.0146986,0,5.22959e-12,4.58528e-13
LAPACK,871,1,0,1,1e-12,0.0147381,0,2.84217e-12,4.94599e-13
LAPACK,872,1,0,1,1e-12,0.0147082,0,3.41061e-12,5.07936e-13
LAPACK,873,1,0,1,1e-12,0.0147944,0,3.56692e-12,5.06106e-13
LAPACK,874,1,0,1,1e-12,0.0149027,0,3.29692e-12,5.42007e-13
LAPACK,875,1,0,1,1e-12,0.0149186,0,3.29692e-12,5.10979e-13
LAPACK,876,1,0,1,1e-12,0.0148513,0,3.2685e-12,5.24332e-13
LAPACK,877,1,0,1,1e-12,0.0148551,0,3.29692e-12,4.81904e-13
LAPACK,878,1,0,1,1e-12,0.01487,0,3.41061e-12,5.2186e-13
LAPACK,879,1,0,1,1e-12,0.0148016,0,3.35731e-12,4.72472e-13
LAPACK,880,1,0,1,1e-12,0.0149873,0,4.20641e-12,5.16541e-13
LAPACK,881,1,0,1,1e-12,0.0152275,0,4.40536e-12,5.01255e-13
LAPACK,882,1,0,1,1e-12,0.0150724,0,3.52429e-12,4.73255e-13
LAPACK,883,1,0,1,1e-12,0.0151191,0,4.09273e-12,4.52933e-13
LAPACK,884,1,0,1,1e-12,0.0150511,0,3.18323e-12,4.89698e-13
LAPACK,885,1,0,1,1e-12,0.0151498,0,2.95586e-12,4.3928e-13
LAPACK,886,1,0,1,1e-12,0.0150955,0,5.91172e-12,6.84557e-13
LAPACK,887,1,0,1,1e-12,0.0151879,0,3.75167e-12,4.6812e-13
LAPACK,888,1,0,1,1e-12,0.0152777,0,3.63798e-12,5.11136e-13
LAPACK,889,1,0,1,1e-12,0.0151553,0,3.06954e-12,4.54553e-13
LAPACK,890,1,0,1,1e-12,0.0152863,0,3.1406e-12,4.51937e-13
LAPACK,891,1,0,1,1e-12,0.0152941,0,4.26326e-12,4.69486e-13
LAPACK,892,1,0,1,1e-12,0.0152343,0,4.29168e-12,4.72352e-13
LAPACK,893,1,0,1,1e-12,0.0153103,0,3.86535e-12,4.4879e-13
LAPACK,894,1,0,1,1e-12,0.0154084,0,3.69482e-12,4.53539e-13
LAPACK,895,1,0,1,1e-12,0.0154112,0,3.75167e-12,4.87123e-13
LAPACK,896,1,0,1,1e-12,0.0155435,0,4.20641e-12,4.79425e-13
LAPACK,897,1,0,1,1e-12,0.0156884,0,2.95586e-12,4.63792e-13
LAPACK,898,1,0,1,1e-12,0.0154356,0,6.25278e-12,6.86927e-13
LAPACK,899,1,0,1,1e-12,0.0156102,0,3.9222e-12,4.65686e-13
LAPACK,900,1,0,1,1e-12,0.0155401,0,2.84217e-12,4.55902e-13
LAPACK,901,1,0,1,1e-12,0.0156205,0,3.78009e-12,4.87525e-13
LAPACK,902,1,0,1,1e-12,0.0158338,0,3.62999e-12,5.1251e-13
LAPACK,903,1,0,1,1e-12,0.0156584,0,4.26326e-12,5.28225e-13
LAPACK,904,1,0,1,1e-12,0.0156607,0,3.49587e-12,4.75254e-13
LAPACK,905,1,0,1,1e-12,0.0156335,0,2.84217e-12,4.83281e-13
LAPACK,906,1,0,1,1e-12,0.015702,0,4.3201e-12,5.20044e-13
LAPACK,907,1,0,1,1e-12,0.01564,0,3.06954e-12,4.71741e-13
LAPACK,908,1,0,1,1e-12,0.0159348,0,3.5385e-12,4.9412e-13
LAPACK,909,1,0,1,1e-12,0.0159006,0,3.59535e-12,4.9262e-13
LAPACK,910,1,0,1,1e-12,0.016056,0,3.18323e-12,4.90499e-13
LAPACK,911,1,0,1,1e-12,0.0158809,0,3.41061e-12,4.97511e-13
LAPACK,912,1,0,1,1e-12,0.0160223,0,4.14957e-12,4.70369e-13
LAPACK,913,1,0,1,1e-12,0.0159784,0,3.37508e-12,4.529e-13
LAPACK,914,1,0,1,1e-12,0.0161902,0,3.18323e-12,4.86745e-13
LAPACK,915,1,0,1,1e-12,0.0160495,0,3.06954e-12,4.27583e-13
LAPACK,916,1,0,1,1e-12,0.0160676,0,3.97904e-12,4.67593e-13
LAPACK,917,1,0,1,1e-12,0.0161589,0,2.84217e-12,4.74753e-13
LAPACK,918,1,0,1,1e-12,0.0163592,0,4.09273e-12,5.39832e-13
LAPACK,919,1,0,1,1e-12,0.0163429,0,4.43379e-12,4.98603e-13
LAPACK,920,1,0,1,1e-12,0.0162138,0,4.66116e-12,4.81113e-13
LAPACK,921,1,0,1,1e-12,0.0163611,0,2.78533e-12,4.44187e-13
LAPACK,922,1,0,1,1e-12,0.0163994,0,4.54747e-12,4.75388e-13
LAPACK,923,1,0,1,1e-12,0.0164159,0,3.52429e-12,4.54903e-13
LAPACK,924,1,0,1,1e-12,0.0164155,0,3.9222e-12,4.69281e-13
LAPACK,925,1,0,1,1e-12,0.0162608,0,3.41061e-12,4.58764e-13
LAPACK,926,1,0,1,1e-12,0.0165117,0,2.95586e-12,4.79817e-13
LAPACK,927,1,0,1,1e-12,0.016461,0,3.18323e-12,4.73115e-13
LAPACK,928,1,0,1,1e-12,0.016644,0,4.54747e-12,4.61064e-13
LAPACK,929,1,0,1,1e-12,0.016475,0,3.52429e-12,4.53129e-13
LAPACK,930,1,0,1,1e-12,0.0165602,0,3.06954e-12,5.12801e-13
LAPACK,931,1,0,1,1e-12,0.0166834,0,3.29692e-12,4.30624e-13
LAPACK,932,1,0,1,1e-12,0.0168893,0,2.95586e-12,4.93715e-13
LAPACK,933,1,0,1,1e-12,0.0167152,0,3.63798e-12,4.70835e-13
LAPACK,934,1,0,1,1e-12,0.0167718,0,2.84217e-12,4.56234e-13
LAPACK,935,1,0,1,1e-12,0.0169239,0,4.09273e-12,4.61502e-13
LAPACK,936,1,0,1,1e-12,0.0169046,0,3.29692e-12,4.68179e-13
LAPACK,937,1,0,1,1e-12,0.0168021,0,4.00746e-12,4.71066e-13
LAPACK,938,1,0,1,1e-12,0.0168083,0,5.34328e-12,4.59478e-13
LAPACK,939,1,0,1,1e-12,0.0170427,0,3.06954e-12,4.61468e-13
LAPACK,940,1,0,1,1e-12,0.0170639,0,4.09273e-12,4.84498e-13
LAPACK,941,1,0,1,1e-12,0.016933,0,3.18323e-12,4.49835e-13
LAPACK,942,1,0,1,1e-12,0.0169929,0,4.12115e-12,4.61001e-13
LAPACK,943,1,0,1,1e-12,0.0170946,0,3.83693e-12,4.89911e-13
LAPACK,944,1,0,1,1e-12,0.017095,0,4.09273e-12,4.63571e-13
LAPACK,945,1,0,1,1e-12,0.0172096,0,3.63798e-12,4.8234e-13
LAPACK,946,1,0,1,1e-12,0.0172389,0,3.35376e-12,4.7909e-13
LAPACK,947,1,0,1,1e-12,0.0171657,0,3.75167e-12,5.23972e-13
LAPACK,948,1,0,1,1e-12,0.0173164,0,4.43379e-12,5.11468e-13
LAPACK,949,1,0,1,1e-12,0.0172245,0,3.35376e-12,4.86704e-13
LAPACK,950,1,0,1,1e-12,0.0173457,0,3.29692e-12,4.8905e-13
LAPACK,951,1,0,1,1e-12,0.017254,0,3.52429e-12,4.74836e-13
LAPACK,952,1,0,1,1e-12,0.0173292,0,2.95586e-12,4.85482e-13
LAPACK,953,1,0,1,1e-12,0.0173855,0,2.84217e-12,4.50318e-13
LAPACK,954,1,0,1,1e-12,0.017506,0,2.95586e-12,4.7418e-13
LAPACK,955,1,0,1,1e-12,0.0174648,0,2.95586e-12,5.07852e-13
LAPACK,956,1,0,1,1e-12,0.0176613,0,3.41061e-12,4.86046e-13
LAPACK,957,1,0,1,1e-12,0.0175818,0,3.75167e-12,4.79893e-13
LAPACK,958,1,0,1,1e-12,0.0178161,0,3.06954e-12,5.09845e-13
LAPACK,959,1,0,1,1e-12,0.0175778,0,4.09273e-12,5.22703e-13
LAPACK,960,1,0,1,1e-12,0.0177864,0,3.85825e-12,4.93533e-13
LAPACK,961,1,0,1,1e-12,0.0176981,0,3.06954e-12,5.18093e-13
LAPACK,962,1,0,1,1e-12,0.0176471,0,2.67164e-12,4.70494e-13
LAPACK,963,1,0,1,1e-12,0.0178669,0,3.52429e-12,4.82666e-13
LAPACK,964,1,0,1,1e-12,0.0177432,0,3.46745e-12,4.71869e-13
LAPACK,965,1,0,1,1e-12,0.017828,0,2.72848e-12,4.60235e-13
LAPACK,966,1,0,1,1e-12,0.0178626,0,3.63798e-12,5.15054e-13
LAPACK,967,1,0,1,1e-12,0.0179671,0,3.52429e-12,5.08864e-13
LAPACK,968,1,0,1,1e-12,0.0179923,0,4.43379e-12,4.8414e-13
LAPACK,969,1,0,1,1e-12,0.0180731,0,6.9349e-12,6.67821e-13
LAPACK,970,1,0,1,1e-12,0.0178855,0,4.60432e-12,4.83805e-13
LAPACK,971,1,0,1,1e-12,0.0179122,0,3.39639e-12,5.1716e-13
LAPACK,972,1,0,1,1e-12,0.0183126,0,3.9222e-12,5.08358e-13
LAPACK,973,1,0,1,1e-12,0.0181518,0,4.20641e-12,5.17632e-13
LAPACK,974,1,0,1,1e-12,0.0180651,0,3.46745e-12,4.8934e-13
LAPACK,975,1,0,1,1e-12,0.0183533,0,3.06954e-12,4.86694e-13
LAPACK,976,1,0,1,1e-12,0.0182358,0,4.9738e-12,4.77668e-13
LAPACK,977,1,0,1,1e-12,0.0183775,0,4.77485e-12,4.85024e-13
LAPACK,978,1,0,1,1e-12,0.0185439,0,1.00044e-11,8.34175e-13
LAPACK,979,1,0,1,1e-12,0.0182239,0,3.09797e-12,4.69042e-13
LAPACK,980,1,0,1,1e-12,0.0184906,0,2.67164e-12,4.75e-13
LAPACK,981,1,0,1,1e-12,0.018694,0,7.27596e-12,8.33654e-13
LAPACK,982,1,0,1,1e-12,0.0184168,0,3.75167e-12,5.08616e-13
LAPACK,983,1,0,1,1e-12,0.0185966,0,3.18323e-12,5.18927e-13
LAPACK,984,1,0,1,1e-12,0.0184057,0,6.48015e-12,6.53348e-13
LAPACK,985,1,0,1,1e-12,0.0186564,0,3.49587e-12,4.90965e-13
LAPACK,986,1,0,1,1e-12,0.0185929,0,4.3201e-12,4.99721e-13
LAPACK,987,1,0,1,1e-12,0.0186895,0,3.20632e-12,4.71137e-13
LAPACK,988,1,0,1,1e-12,0.0185682,0,2.84217e-12,4.42312e-13
LAPACK,989,1,0,1,1e-12,0.0187622,0,3.29692e-12,5.09311e-13
LAPACK,990,1,0,1,1e-12,0.0186794,0,2.95586e-12,4.55906e-13
LAPACK,991,1,0,1,1e-12,0.0186664,0,7.16227e-12,6.51977e-13
LAPACK,992,1,0,1,1e-12,0.0187737,0,2.95586e-12,4.75755e-13
LAPACK,993,1,0,1,1e-12,0.0188916,0,3.63798e-12,5.00015e-13
LAPACK,994,1,0,1,1e-12,0.0189376,0,8.75389e-12,8.23168e-13
LAPACK,995,1,0,1,1e-12,0.0192008,0,4.54747e-12,6.89297e-13
LAPACK,996,1,0,1,1e-12,0.0190062,0,5.11591e-12,5.69826e-13
LAPACK,997,1,0,1,1e-12,0.0190874,0,3.69482e-12,4.87029e-13
LAPACK,998,1,0,1,1e-12,0.0191466,0,4.09273e-12,4.90238e-13
LAPACK,999,1,0,1,1e-12,0.0189698,0,2.95586e-12,4.79611e-13
LAPACK,1000,1,0,1,1e-12,0.01904,0,3.97904e-12,4.84704e-13
