version, size, hermitian, complex, seed, tol, runtime in s,min_error, max_error, avg_error
LAPACK,1,1,0,5,1e-12,1.1422e-05,0,0,0
LAPACK,2,1,0,5,1e-12,2.745e-06,0,1.13687e-13,5.68434e-14
LAPACK,3,1,0,5,1e-12,1.293e-06,1.42109e-14,1.13687e-13,8.05282e-14
LAPACK,4,1,0,5,1e-12,1.092e-06,0,2.27374e-13,9.59233e-14
LAPACK,5,1,0,5,1e-12,1.312e-06,0,2.27374e-13,1.36424e-13
LAPACK,6,1,0,5,1e-12,1.713e-06,0,5.68434e-13,1.75267e-13
LAPACK,7,1,0,5,1e-12,2.304e-06,0,6.82121e-13,2.31434e-13
LAPACK,8,1,0,5,1e-12,3.146e-06,0,4.54747e-13,1.49214e-13
LAPACK,9,1,0,5,1e-12,3.346e-06,0,5.68434e-13,2.36848e-13
LAPACK,10,1,0,5,1e-12,4.398e-06,1.06581e-14,5.68434e-13,2.08544e-13
LAPACK,11,1,0,5,1e-12,6.653e-06,0,1.13687e-12,3.00689e-13
LAPACK,12,1,0,5,1e-12,5.019e-06,0,5.68434e-13,1.21384e-13
LAPACK,13,1,0,5,1e-12,6.072e-06,0,5.68434e-13,1.81188e-13
LAPACK,14,1,0,5,1e-12,6.763e-06,3.19744e-14,5.68434e-13,2.19507e-13
LAPACK,15,1,0,5,1e-12,8.336e-06,0,4.26326e-13,1.47082e-13
LAPACK,16,1,0,5,1e-12,9.017e-06,0,4.54747e-13,1.77414e-13
LAPACK,17,1,0,5,1e-12,9.889e-06,0,5.68434e-13,2.24657e-13
LAPACK,18,1,0,5,1e-12,1.1822e-05,0,6.82121e-13,2.18097e-13
LAPACK,19,1,0,5,1e-12,1.1151e-05,0,9.09495e-13,1.73896e-13
LAPACK,20,1,0,5,1e-12,1.2253e-05,0,6.82121e-13,2.224e-13
LAPACK,21,1,0,5,1e-12,1.3405e-05,0,7.95808e-13,1.94553e-13
LAPACK,22,1,0,5,1e-12,1.6221e-05,2.84217e-14,6.82121e-13,2.2802e-13
LAPACK,23,1,0,5,1e-12,1.5749e-05,0,6.82121e-13,1.84587e-13
LAPACK,24,1,0,5,1e-12,1.8254e-05,0,7.95808e-13,2.75187e-13
LAPACK,25,1,0,5,1e-12,1.8475e-05,2.84217e-14,1.13687e-12,3.63656e-13
LAPACK,26,1,0,5,1e-12,2.0679e-05,1.42109e-14,7.95808e-13,2.70143e-13
LAPACK,27,1,0,5,1e-12,2.157e-05,0,9.09495e-13,2.59085e-13
LAPACK,28,1,0,5,1e-12,2.2843e-05,0,7.95808e-13,2.26866e-13
LAPACK,29,1,0,5,1e-12,2.5949e-05,0,6.82121e-13,2.59471e-13
LAPACK,30,1,0,5,1e-12,2.7491e-05,0,6.82121e-13,2.5698e-13
LAPACK,31,1,0,5,1e-12,2.8754e-05,0,9.66338e-13,3.45759e-13
LAPACK,32,1,0,5,1e-12,3.1469e-05,0,6.82121e-13,2.31593e-13
LAPACK,33,1,0,5,1e-12,3.2421e-05,0,6.82121e-13,2.71621e-13
LAPACK,34,1,0,5,1e-12,3.4865e-05,0,9.09495e-13,2.99264e-13
LAPACK,35,1,0,5,1e-12,3.5136e-05,0,9.09495e-13,2.4331e-13
LAPACK,36,1,0,5,1e-12,3.9554e-05,0,7.95808e-13,2.49776e-13
LAPACK,37,1,0,5,1e-12,3.8683e-05,0,9.09495e-13,2.91419e-13
LAPACK,38,1,0,5,1e-12,4.0827e-05,0,7.95808e-13,3.07684e-13
LAPACK,39,1,0,5,1e-12,4.3011e-05,0,7.95808e-13,3.2357e-13
LAPACK,40,1,0,5,1e-12,4.3e-05,0,1.13687e-12,2.50377e-13
LAPACK,41,1,0,5,1e-12,4.6247e-05,0,1.47793e-12,3.4184e-13
LAPACK,42,1,0,5,1e-12,5.0124e-05,0,1.13687e-12,3.32517e-13
LAPACK,43,1,0,5,1e-12,5.0144e-05,0,6.82121e-13,2.49186e-13
LAPACK,44,1,0,5,1e-12,5.3931e-05,0,9.09495e-13,2.63547e-13
LAPACK,45,1,0,5,1e-12,5.2038e-05,0,6.82121e-13,2.15137e-13
LAPACK,46,1,0,5,1e-12,5.7007e-05,0,8.66862e-13,2.69388e-13
LAPACK,47,1,0,5,1e-12,5.7538e-05,0,6.82121e-13,2.31229e-13
LAPACK,48,1,0,5,1e-12,6.1094e-05,0,1.13687e-12,3.42097e-13
LAPACK,49,1,0,5,1e-12,6.5192e-05,0,6.96332e-13,2.54273e-13
LAPACK,50,1,0,5,1e-12,6.403e-05,0,1.13687e-12,2.40803e-13
LAPACK,51,1,0,5,1e-12,6.5904e-05,0,1.25056e-12,2.39564e-13
LAPACK,52,1,0,5,1e-12,6.9e-05,0,1.02318e-12,3.31632e-13
LAPACK,53,1,0,5,1e-12,7.1243e-05,0,1.25056e-12,3.39921e-13
LAPACK,54,1,0,5,1e-12,7.6724e-05,0,9.09495e-13,2.7652e-13
LAPACK,55,1,0,5,1e-12,7.4861e-05,0,7.95808e-13,2.36675e-13
LAPACK,56,1,0,5,1e-12,7.988e-05,0,1.47793e-12,2.71212e-13
LAPACK,57,1,0,5,1e-12,8.6002e-05,0,1.19371e-12,3.05409e-13
LAPACK,58,1,0,5,1e-12,8.2946e-05,0,1.81899e-12,3.82529e-13
LAPACK,59,1,0,5,1e-12,8.8306e-05,0,1.36424e-12,2.98548e-13
LAPACK,60,1,0,5,1e-12,9.2624e-05,0,7.95808e-13,2.7119e-13
LAPACK,61,1,0,5,1e-12,9.5178e-05,0,1.7053e-12,3.35178e-13
LAPACK,62,1,0,5,1e-12,9.8966e-05,0,9.09495e-13,2.93615e-13
LAPACK,63,1,0,5,1e-12,0.000102182,0,7.95808e-13,2.4322e-13
LAPACK,64,1,0,5,1e-12,0.000102132,0,9.66338e-13,2.69673e-13
LAPACK,65,1,0,5,1e-12,0.000104366,0,9.09495e-13,2.90175e-13
LAPACK,66,1,0,5,1e-12,0.000104095,0,8.52651e-13,2.67476e-13
LAPACK,67,1,0,5,1e-12,0.000112732,0,7.95808e-13,2.3607e-13
LAPACK,68,1,0,5,1e-12,0.000115857,0,1.13687e-12,3.46442e-13
LAPACK,69,1,0,5,1e-12,0.000121438,0,1.02318e-12,2.48638e-13
LAPACK,70,1,0,5,1e-12,0.000116058,0,1.36424e-12,2.80411e-13
LAPACK,71,1,0,5,1e-12,0.000125676,0,9.09495e-13,2.89871e-13
LAPACK,72,1,0,5,1e-12,0.000125996,0,1.13687e-12,2.87079e-13
LAPACK,73,1,0,5,1e-12,0.000130275,0,1.36424e-12,3.29186e-13
LAPACK,74,1,0,5,1e-12,0.000138159,0,1.02318e-12,2.97036e-13
LAPACK,75,1,0,5,1e-12,0.000135875,0,1.25056e-12,3.5854e-13
LAPACK,76,1,0,5,1e-12,0.000136035,0,1.7053e-12,3.41668e-13
LAPACK,77,1,0,5,1e-12,0.000137818,0,1.02318e-12,2.73836e-13
LAPACK,78,1,0,5,1e-12,0.000149901,0,9.37916e-13,2.70416e-13
LAPACK,79,1,0,5,1e-12,0.000154109,0,1.13687e-12,2.95235e-13
LAPACK,80,1,0,5,1e-12,0.00015941,0,9.09495e-13,2.51799e-13
LAPACK,81,1,0,5,1e-12,0.000158006,0,1.25056e-12,3.1856e-13
LAPACK,82,1,0,5,1e-12,0.000163116,0,1.08002e-12,3.24943e-13
LAPACK,83,1,0,5,1e-12,0.000163827,0,1.60583e-12,2.82805e-13
LAPACK,84,1,0,5,1e-12,0.000171252,0,1.25056e-12,2.77069e-13
LAPACK,85,1,0,5,1e-12,0.000173405,0,1.59162e-12,3.71405e-13
LAPACK,86,1,0,5,1e-12,0.000178264,0,1.64846e-12,2.988e-13
LAPACK,87,1,0,5,1e-12,0.000178806,0,1.7053e-12,2.82747e-13
LAPACK,88,1,0,5,1e-12,0.000177453,0,1.02318e-12,3.32744e-13
LAPACK,89,1,0,5,1e-12,0.000190317,0,1.06581e-12,2.91602e-13
LAPACK,90,1,0,5,1e-12,0.00019177,0,9.09495e-13,2.49874e-13
LAPACK,91,1,0,5,1e-12,0.000192251,0,1.25056e-12,2.48143e-13
LAPACK,92,1,0,5,1e-12,0.00019724,0,2.27374e-12,2.78502e-13
LAPACK,93,1,0,5,1e-12,0.000211567,0,1.64846e-12,3.02783e-13
LAPACK,94,1,0,5,1e-12,0.000211918,0,1.7053e-12,3.69482e-13
LAPACK,95,1,0,5,1e-12,0.00021311,0,9.09495e-13,2.95361e-13
LAPACK,96,1,0,5,1e-12,0.000220584,0,1.36424e-12,3.22742e-13
LAPACK,97,1,0,5,1e-12,0.000216817,0,1.02318e-12,3.43991e-13
LAPACK,98,1,0,5,1e-12,0.000219733,0,9.09495e-13,2.87625e-13
LAPACK,99,1,0,5,1e-12,0.000224361,0,1.02318e-12,2.68355e-13
LAPACK,100,1,0,5,1e-12,0.00024486,0,1.59162e-12,3.11466e-13
LAPACK,101,1,0,5,1e-12,0.000230082,0,1.13687e-12,3.11513e-13
LAPACK,102,1,0,5,1e-12,0.000246913,0,1.25056e-12,3.41722e-13
LAPACK,103,1,0,5,1e-12,0.000249969,0,1.36424e-12,2.93082e-13
LAPACK,104,1,0,5,1e-12,0.000250751,0,1.36424e-12,3.19573e-13
LAPACK,105,1,0,5,1e-12,0.000268795,0,9.09495e-13,2.8354e-13
LAPACK,106,1,0,5,1e-12,0.000256732,0,9.09495e-13,2.44467e-13
LAPACK,107,1,0,5,1e-12,0.000265949,0,1.19371e-12,2.90194e-13
LAPACK,108,1,0,5,1e-12,0.000262913,0,1.42109e-12,2.92803e-13
LAPACK,109,1,0,5,1e-12,0.000271379,0,1.7053e-12,3.25513e-13
LAPACK,110,1,0,5,1e-12,0.000275788,0,1.08002e-12,3.38348e-13
LAPACK,111,1,0,5,1e-12,0.000322866,0,1.36424e-12,3.14015e-13
LAPACK,112,1,0,5,1e-12,0.000285657,0,1.56319e-12,3.43471e-13
LAPACK,113,1,0,5,1e-12,0.000288702,0,1.25056e-12,3.34898e-13
LAPACK,114,1,0,5,1e-12,0.000291447,0,1.36424e-12,2.81038e-13
LAPACK,115,1,0,5,1e-12,0.000304331,0,1.36424e-12,3.12206e-13
LAPACK,116,1,0,5,1e-12,0.000316905,0,1.9611e-12,3.43113e-13
LAPACK,117,1,0,5,1e-12,0.000320492,0,1.67688e-12,2.70826e-13
LAPACK,118,1,0,5,1e-12,0.000320491,0,1.27898e-12,3.25675e-13
LAPACK,119,1,0,5,1e-12,0.000325411,0,1.7053e-12,2.878e-13
LAPACK,120,1,0,5,1e-12,0.000326272,0,1.36424e-12,3.11543e-13
LAPACK,121,1,0,5,1e-12,0.000337444,0,1.53477e-12,3.22974e-13
LAPACK,122,1,0,5,1e-12,0.00034662,0,1.02318e-12,2.81363e-13
LAPACK,123,1,0,5,1e-12,0.000352732,0,1.42109e-12,3.23701e-13
LAPACK,124,1,0,5,1e-12,0.000353062,0,1.63425e-12,2.98141e-13
LAPACK,125,1,0,5,1e-12,0.000356779,0,1.25056e-12,3.57431e-13
LAPACK,126,1,0,5,1e-12,0.000363012,0,1.25056e-12,3.3325e-13
LAPACK,127,1,0,5,1e-12,0.000369994,0,1.36424e-12,3.84169e-13
LAPACK,128,1,0,5,1e-12,0.000371427,0,1.53477e-12,3.2413e-13
LAPACK,129,1,0,5,1e-12,0.000372709,0,1.13687e-12,3.08232e-13
LAPACK,130,1,0,5,1e-12,0.000381285,0,3.06954e-12,4.09218e-13
LAPACK,131,1,0,5,1e-12,0.000398147,0,1.33582e-12,3.18253e-13
LAPACK,132,1,0,5,1e-12,0.000397756,0,2.04636e-12,3.09867e-13
LAPACK,133,1,0,5,1e-12,0.000392918,0,1.13687e-12,2.78394e-13
LAPACK,134,1,0,5,1e-12,0.000407745,0,1.93268e-12,2.8549e-13
LAPACK,135,1,0,5,1e-12,0.00040531,0,2.13163e-12,3.08797e-13
LAPACK,136,1,0,5,1e-12,0.000416642,0,1.59162e-12,3.36019e-13
LAPACK,137,1,0,5,1e-12,0.000428314,0,1.81899e-12,3.13443e-13
LAPACK,138,1,0,5,1e-12,0.000440256,0,1.93268e-12,3.31587e-13
LAPACK,139,1,0,5,1e-12,0.000424877,0,1.93268e-12,3.19105e-13
LAPACK,140,1,0,5,1e-12,0.00045252,0,1.47793e-12,3.1477e-13
LAPACK,141,1,0,5,1e-12,0.000433022,0,1.59162e-12,3.29495e-13
LAPACK,142,1,0,5,1e-12,0.000461165,0,1.53477e-12,3.40885e-13
LAPACK,143,1,0,5,1e-12,0.000462909,0,2.44427e-12,3.46104e-13
LAPACK,144,1,0,5,1e-12,0.000462348,0,1.13687e-12,3.22483e-13
LAPACK,145,1,0,5,1e-12,0.000471094,0,9.09495e-13,2.69296e-13
LAPACK,146,1,0,5,1e-12,0.0004689,0,2.04636e-12,3.06336e-13
LAPACK,147,1,0,5,1e-12,0.000476554,0,1.7053e-12,3.45846e-13
LAPACK,148,1,0,5,1e-12,0.000487635,0,1.25056e-12,3.53711e-13
LAPACK,149,1,0,5,1e-12,0.000503305,0,1.13687e-12,3.08371e-13
LAPACK,150,1,0,5,1e-12,0.000503535,0,1.59162e-12,3.35826e-13
LAPACK,151,1,0,5,1e-12,0.000504688,0,1.7053e-12,3.08474e-13
LAPACK,152,1,0,5,1e-12,0.000524915,0,1.53477e-12,3.61255e-13
LAPACK,153,1,0,5,1e-12,0.000518984,0,1.27898e-12,3.48909e-13
LAPACK,154,1,0,5,1e-12,0.0005271,0,1.7053e-12,3.2219e-13
LAPACK,155,1,0,5,1e-12,0.000530236,0,1.64846e-12,2.97282e-13
LAPACK,156,1,0,5,1e-12,0.000546326,0,1.13687e-12,3.34183e-13
LAPACK,157,1,0,5,1e-12,0.000565611,0,1.19371e-12,3.28139e-13
LAPACK,158,1,0,5,1e-12,0.000555292,0,1.93268e-12,3.51022e-13
LAPACK,159,1,0,5,1e-12,0.000557726,0,1.36424e-12,2.63526e-13
LAPACK,160,1,0,5,1e-12,0.000561294,0,1.36424e-12,3.21743e-13
LAPACK,161,1,0,5,1e-12,0.000558939,0,1.36424e-12,3.08512e-13
LAPACK,162,1,0,5,1e-12,0.000588013,0,2.10321e-12,3.18999e-13
LAPACK,163,1,0,5,1e-12,0.000596119,0,1.13687e-12,3.15341e-13
LAPACK,164,1,0,5,1e-12,0.000598042,0,1.79057e-12,3.50592e-13
LAPACK,165,1,0,5,1e-12,0.0006392,0,1.39977e-12,3.14254e-13
LAPACK,166,1,0,5,1e-12,0.000608021,0,2.04636e-12,3.667e-13
LAPACK,167,1,0,5,1e-12,0.000613331,0,2.50111e-12,3.57505e-13
LAPACK,168,1,0,5,1e-12,0.000616587,0,1.36424e-12,2.78592e-13
LAPACK,169,1,0,5,1e-12,0.000625374,0,1.56319e-12,3.43814e-13
LAPACK,170,1,0,5,1e-12,0.00063945,0,2.16005e-12,3.44237e-13
LAPACK,171,1,0,5,1e-12,0.000647516,0,1.25056e-12,3.42598e-13
LAPACK,172,1,0,5,1e-12,0.000658876,0,1.25056e-12,3.10449e-13
LAPACK,173,1,0,5,1e-12,0.000670869,0,1.7053e-12,3.26316e-13
LAPACK,174,1,0,5,1e-12,0.000651583,0,1.7053e-12,3.22317e-13
LAPACK,175,1,0,5,1e-12,0.000676831,0,1.76215e-12,3.21673e-13
LAPACK,176,1,0,5,1e-12,0.00067636,0,1.47793e-12,3.02122e-13
LAPACK,177,1,0,5,1e-12,0.000689324,0,1.7053e-12,3.6334e-13
LAPACK,178,1,0,5,1e-12,0.000689514,0,1.47793e-12,3.25373e-13
LAPACK,179,1,0,5,1e-12,0.000700715,0,1.7053e-12,3.41596e-13
LAPACK,180,1,0,5,1e-12,0.000715793,0,1.81899e-12,3.63206e-13
LAPACK,181,1,0,5,1e-12,0.000718439,0,1.81899e-12,3.18331e-13
LAPACK,182,1,0,5,1e-12,0.000722636,0,2.04636e-12,3.17265e-13
LAPACK,183,1,0,5,1e-12,0.0007462,0,2.72848e-12,3.66978e-13
LAPACK,184,1,0,5,1e-12,0.000736953,0,1.62004e-12,3.57666e-13
LAPACK,185,1,0,5,1e-12,0.000743916,0,1.4353e-12,3.76818e-13
LAPACK,186,1,0,5,1e-12,0.000753754,0,1.25056e-12,3.11283e-13
LAPACK,187,1,0,5,1e-12,0.000760748,0,2.04636e-12,3.90229e-13
LAPACK,188,1,0,5,1e-12,0.000760808,0,2.27374e-12,4.74249e-13
LAPACK,189,1,0,5,1e-12,0.000771257,0,1.7053e-12,3.44256e-13
LAPACK,190,1,0,5,1e-12,0.000780074,0,1.47793e-12,3.16827e-13
LAPACK,191,1,0,5,1e-12,0.000803298,0,1.36424e-12,3.14499e-13
LAPACK,192,1,0,5,1e-12,0.00080462,0,1.59162e-12,3.30791e-13
LAPACK,193,1,0,5,1e-12,0.000857219,0,1.76215e-12,3.77195e-13
LAPACK,194,1,0,5,1e-12,0.000818466,0,1.59162e-12,3.60564e-13
LAPACK,195,1,0,5,1e-12,0.000810261,0,1.25056e-12,2.95476e-13
LAPACK,196,1,0,5,1e-12,0.000834987,0,2.24532e-12,4.12713e-13
LAPACK,197,1,0,5,1e-12,0.000844405,0,1.53477e-12,3.49446e-13
LAPACK,198,1,0,5,1e-12,0.000870805,0,2.27374e-12,3.17681e-13
LAPACK,199,1,0,5,1e-12,0.000865003,0,1.59162e-12,3.12782e-13
LAPACK,200,1,0,5,1e-12,0.000867809,0,1.7053e-12,3.45484e-13
LAPACK,201,1,0,5,1e-12,0.000887937,0,1.33582e-12,3.17588e-13
LAPACK,202,1,0,5,1e-12,0.000880292,0,2.50111e-12,3.59404e-13
LAPACK,203,1,0,5,1e-12,0.000888136,0,1.13687e-12,3.14354e-13
LAPACK,204,1,0,5,1e-12,0.00094325,0,2.16005e-12,3.03744e-13
LAPACK,205,1,0,5,1e-12,0.000903004,0,1.7053e-12,3.38205e-13
LAPACK,206,1,0,5,1e-12,0.000903616,0,2.16005e-12,3.81964e-13
LAPACK,207,1,0,5,1e-12,0.000921359,0,1.64846e-12,3.24001e-13
LAPACK,208,1,0,5,1e-12,0.000962316,0,2.00373e-12,3.56881e-13
LAPACK,209,1,0,5,1e-12,0.000926889,0,1.7053e-12,3.3356e-13
LAPACK,210,1,0,5,1e-12,0.00096434,0,2.04636e-12,3.53512e-13
LAPACK,211,1,0,5,1e-12,0.000960863,0,1.59162e-12,3.36312e-13
LAPACK,212,1,0,5,1e-12,0.000978396,0,1.81899e-12,3.40746e-13
LAPACK,213,1,0,5,1e-12,0.000965432,0,1.59162e-12,3.60113e-13
LAPACK,214,1,0,5,1e-12,0.000986091,0,1.64846e-12,3.31054e-13
LAPACK,215,1,0,5,1e-12,0.000994256,0,1.93268e-12,3.97842e-13
LAPACK,216,1,0,5,1e-12,0.000985831,0,1.59162e-12,3.32425e-13
LAPACK,217,1,0,5,1e-12,0.0010014,0,1.87583e-12,3.14902e-13
LAPACK,218,1,0,5,1e-12,0.00101135,0,2.27374e-12,3.22914e-13
LAPACK,219,1,0,5,1e-12,0.00102212,0,1.81899e-12,3.53787e-13
LAPACK,220,1,0,5,1e-12,0.0010235,0,1.59162e-12,3.25937e-13
LAPACK,221,1,0,5,1e-12,0.00103404,0,1.47793e-12,3.35322e-13
LAPACK,222,1,0,5,1e-12,0.00107082,0,1.47793e-12,2.76592e-13
LAPACK,223,1,0,5,1e-12,0.00106086,0,1.87583e-12,3.71557e-13
LAPACK,224,1,0,5,1e-12,0.00107886,0,1.98952e-12,3.67527e-13
LAPACK,225,1,0,5,1e-12,0.00107379,0,1.3074e-12,3.45399e-13
LAPACK,226,1,0,5,1e-12,0.00107884,0,1.7053e-12,3.49286e-13
LAPACK,227,1,0,5,1e-12,0.00110503,0,1.7053e-12,3.39609e-13
LAPACK,228,1,0,5,1e-12,0.00108945,0,1.7053e-12,3.39989e-13
LAPACK,229,1,0,5,1e-12,0.00110687,0,2.72848e-12,3.64366e-13
LAPACK,230,1,0,5,1e-12,0.0011327,0,2.38742e-12,3.77318e-13
LAPACK,231,1,0,5,1e-12,0.00113522,0,1.7053e-12,3.58989e-13
LAPACK,232,1,0,5,1e-12,0.0011358,0,1.93268e-12,3.4289e-13
LAPACK,233,1,0,5,1e-12,0.00114276,0,1.93268e-12,3.17446e-13
LAPACK,234,1,0,5,1e-12,0.00115018,0,1.93268e-12,3.12032e-13
LAPACK,235,1,0,5,1e-12,0.00115768,0,2.27374e-12,3.59164e-13
LAPACK,236,1,0,5,1e-12,0.00117812,0,1.79057e-12,3.33823e-13
LAPACK,237,1,0,5,1e-12,0.00120862,0,1.90425e-12,3.88861e-13
LAPACK,238,1,0,5,1e-12,0.00118989,0,2.16005e-12,3.62328e-13
LAPACK,239,1,0,5,1e-12,0.00119422,0,2.16005e-12,3.64963e-13
LAPACK,240,1,0,5,1e-12,0.00120426,0,2.72848e-12,3.2474e-13
LAPACK,241,1,0,5,1e-12,0.00121796,0,1.67688e-12,3.18793e-13
LAPACK,242,1,0,5,1e-12,0.00122898,0,1.93268e-12,3.6085e-13
LAPACK,243,1,0,5,1e-12,0.00123944,0,2.16005e-12,3.51445e-13
LAPACK,244,1,0,5,1e-12,0.00127282,0,1.7053e-12,3.65937e-13
LAPACK,245,1,0,5,1e-12,0.00125121,0,1.93268e-12,3.39473e-13
LAPACK,246,1,0,5,1e-12,0.00126258,0,1.81899e-12,3.30789e-13
LAPACK,247,1,0,5,1e-12,0.00126333,0,1.59162e-12,3.50866e-13
LAPACK,248,1,0,5,1e-12,0.00128394,0,1.93268e-12,3.35144e-13
LAPACK,249,1,0,5,1e-12,0.00128658,0,1.53477e-12,3.32068e-13
LAPACK,250,1,0,5,1e-12,0.00131415,0,2.04636e-12,3.65947e-13
LAPACK,251,1,0,5,1e-12,0.00130386,0,1.81899e-12,3.46344e-13
LAPACK,252,1,0,5,1e-12,0.00131031,0,2.27374e-12,3.52223e-13
LAPACK,253,1,0,5,1e-12,0.00134086,0,2.34479e-12,3.57114e-13
LAPACK,254,1,0,5,1e-12,0.00133144,0,1.81899e-12,3.00844e-13
LAPACK,255,1,0,5,1e-12,0.00136137,0,2.16005e-12,3.51649e-13
LAPACK,256,1,0,5,1e-12,0.00135786,0,2.25953e-12,3.53585e-13
LAPACK,257,1,0,5,1e-12,0.00139291,0,2.04636e-12,3.38562e-13
LAPACK,258,1,0,5,1e-12,0.001362,0,2.45848e-12,3.61444e-13
LAPACK,259,1,0,5,1e-12,0.00139768,0,1.81899e-12,3.49846e-13
LAPACK,260,1,0,5,1e-12,0.00141673,0,2.84217e-12,3.75546e-13
LAPACK,261,1,0,5,1e-12,0.00141173,0,1.87583e-12,3.76513e-13
LAPACK,262,1,0,5,1e-12,0.00143114,0,1.7053e-12,3.74235e-13
LAPACK,263,1,0,5,1e-12,0.00143353,0,2.30216e-12,3.67963e-13
LAPACK,264,1,0,5,1e-12,0.00144288,0,1.7053e-12,3.48761e-13
LAPACK,265,1,0,5,1e-12,0.00146569,0,2.37321e-12,3.1047e-13
LAPACK,266,1,0,5,1e-12,0.00147009,0,1.7053e-12,3.46059e-13
LAPACK,267,1,0,5,1e-12,0.00147796,0,2.16005e-12,3.81371e-13
LAPACK,268,1,0,5,1e-12,0.00150146,0,1.59162e-12,3.30972e-13
LAPACK,269,1,0,5,1e-12,0.00150816,0,2.21689e-12,3.41724e-13
LAPACK,270,1,0,5,1e-12,0.00151743,0,2.38742e-12,4.05226e-13
LAPACK,271,1,0,5,1e-12,0.00151699,0,2.27374e-12,3.58585e-13
LAPACK,272,1,0,5,1e-12,0.00155213,0,2.67164e-12,3.57436e-13
LAPACK,273,1,0,5,1e-12,0.00154772,0,1.7053e-12,3.55743e-13
LAPACK,274,1,0,5,1e-12,0.00156818,0,1.59162e-12,3.91797e-13
LAPACK,275,1,0,5,1e-12,0.00155429,0,1.93268e-12,3.69456e-13
LAPACK,276,1,0,5,1e-12,0.00159268,0,2.6148e-12,3.30727e-13
LAPACK,277,1,0,5,1e-12,0.00158433,0,1.74794e-12,3.49064e-13
LAPACK,278,1,0,5,1e-12,0.00159831,0,2.04636e-12,3.77846e-13
LAPACK,279,1,0,5,1e-12,0.00161666,0,1.47793e-12,3.03267e-13
LAPACK,280,1,0,5,1e-12,0.00163954,0,2.01794e-12,3.38472e-13
LAPACK,281,1,0,5,1e-12,0.00165341,0,3.52429e-12,4.05395e-13
LAPACK,282,1,0,5,1e-12,0.00164786,0,2.87059e-12,3.44827e-13
LAPACK,283,1,0,5,1e-12,0.00166941,0,2.27374e-12,3.74344e-13
LAPACK,284,1,0,5,1e-12,0.00166959,0,2.27374e-12,3.73251e-13
LAPACK,285,1,0,5,1e-12,0.00170171,0,2.16005e-12,3.26161e-13
LAPACK,286,1,0,5,1e-12,0.00169828,0,2.04636e-12,3.28166e-13
LAPACK,287,1,0,5,1e-12,0.00169572,0,1.93268e-12,4.28006e-13
LAPACK,288,1,0,5,1e-12,0.00173076,0,2.04636e-12,3.531e-13
LAPACK,289,1,0,5,1e-12,0.0017265,0,2.27374e-12,3.48882e-13
LAPACK,290,1,0,5,1e-12,0.00174254,0,1.7053e-12,3.08734e-13
LAPACK,291,1,0,5,1e-12,0.00175205,0,1.64846e-12,3.33879e-13
LAPACK,292,1,0,5,1e-12,0.00176782,0,2.10321e-12,3.68074e-13
LAPACK,293,1,0,5,1e-12,0.00177756,0,2.45848e-12,3.74296e-13
LAPACK,294,1,0,5,1e-12,0.00177036,0,1.76215e-12,3.85944e-13
LAPACK,295,1,0,5,1e-12,0.00179426,0,1.81899e-12,4.02032e-13
LAPACK,296,1,0,5,1e-12,0.00182827,0,2.27374e-12,3.53225e-13
LAPACK,297,1,0,5,1e-12,0.00182482,0,2.04636e-12,3.54628e-13
LAPACK,298,1,0,5,1e-12,0.00182622,0,2.10321e-12,3.43311e-13
LAPACK,299,1,0,5,1e-12,0.00183868,0,2.27374e-12,4.06337e-13
LAPACK,300,1,0,5,1e-12,0.00184494,0,2.16005e-12,3.89173e-13
LAPACK,301,1,0,5,1e-12,0.00185831,0,1.7053e-12,3.72713e-13
LAPACK,302,1,0,5,1e-12,0.00184704,0,2.16005e-12,3.58748e-13
LAPACK,303,1,0,5,1e-12,0.00191943,0,3.29692e-12,4.12637e-13
LAPACK,304,1,0,5,1e-12,0.00190269,0,1.59162e-12,3.51383e-13
LAPACK,305,1,0,5,1e-12,0.0018885,0,1.93268e-12,3.6081e-13
LAPACK,306,1,0,5,1e-12,0.00193804,0,2.27374e-12,3.61796e-13
LAPACK,307,1,0,5,1e-12,0.00194422,0,2.27374e-12,4.05805e-13
LAPACK,308,1,0,5,1e-12,0.00198153,0,2.16005e-12,3.82341e-13
LAPACK,309,1,0,5,1e-12,0.00197048,0,2.89901e-12,3.14895e-13
LAPACK,310,1,0,5,1e-12,0.0019839,0,1.76215e-12,3.73261e-13
LAPACK,311,1,0,5,1e-12,0.00199154,0,1.62004e-12,3.56736e-13
LAPACK,312,1,0,5,1e-12,0.00199153,0,2.16005e-12,3.40639e-13
LAPACK,313,1,0,5,1e-12,0.00199348,0,1.98952e-12,3.37811e-13
LAPACK,314,1,0,5,1e-12,0.00201833,0,2.16005e-12,3.74789e-13
LAPACK,315,1,0,5,1e-12,0.00204153,0,2.50111e-12,3.86414e-13
LAPACK,316,1,0,5,1e-12,0.00204078,0,1.81899e-12,3.7844e-13
LAPACK,317,1,0,5,1e-12,0.00206769,0,2.04636e-12,3.64618e-13
LAPACK,318,1,0,5,1e-12,0.00206813,0,2.2311e-12,3.43717e-13
LAPACK,319,1,0,5,1e-12,0.00207808,0,2.54374e-12,3.55917e-13
LAPACK,320,1,0,5,1e-12,0.00210281,0,1.76215e-12,4.20508e-13
LAPACK,321,1,0,5,1e-12,0.00213917,0,4.02167e-12,3.61663e-13
LAPACK,322,1,0,5,1e-12,0.00212072,0,2.50111e-12,3.91585e-13
LAPACK,323,1,0,5,1e-12,0.00213119,0,2.24532e-12,4.16077e-13
LAPACK,324,1,0,5,1e-12,0.00216559,0,1.59162e-12,3.30709e-13
LAPACK,325,1,0,5,1e-12,0.00216158,0,2.27374e-12,3.71947e-13
LAPACK,326,1,0,5,1e-12,0.00219532,0,2.16005e-12,4.08862e-13
LAPACK,327,1,0,5,1e-12,0.00220684,0,2.16005e-12,3.692e-13
LAPACK,328,1,0,5,1e-12,0.00220696,0,2.55795e-12,3.90999e-13
LAPACK,329,1,0,5,1e-12,0.00223404,0,2.27374e-12,3.76194e-13
LAPACK,330,1,0,5,1e-12,0.00222981,0,2.27374e-12,3.74152e-13
LAPACK,331,1,0,5,1e-12,0.00226602,0,2.33058e-12,3.60987e-13
LAPACK,332,1,0,5,1e-12,0.00223821,0,1.71951e-12,3.39758e-13
LAPACK,333,1,0,5,1e-12,0.00228658,0,2.38742e-12,3.70963e-13
LAPACK,334,1,0,5,1e-12,0.0022896,0,1.59162e-12,3.35067e-13
LAPACK,335,1,0,5,1e-12,0.0022973,0,4.03588e-12,4.22542e-13
LAPACK,336,1,0,5,1e-12,0.00230632,0,3.0127e-12,3.8087e-13
LAPACK,337,1,0,5,1e-12,0.00231276,0,2.04636e-12,3.52111e-13
LAPACK,338,1,0,5,1e-12,0.00236745,0,1.81899e-12,3.955e-13
LAPACK,339,1,0,5,1e-12,0.00236619,0,2.04636e-12,3.44404e-13
LAPACK,340,1,0,5,1e-12,0.00238698,0,2.04636e-12,3.76739e-13
LAPACK,341,1,0,5,1e-12,0.00235778,0,2.30216e-12,3.90145e-13
LAPACK,342,1,0,5,1e-12,0.00234658,0,1.93268e-12,3.80371e-13
LAPACK,343,1,0,5,1e-12,0.00239294,0,2.359e-12,3.85436e-13
LAPACK,344,1,0,5,1e-12,0.00244139,0,1.84741e-12,3.69854e-13
LAPACK,345,1,0,5,1e-12,0.00241857,0,2.16005e-12,3.75681e-13
LAPACK,346,1,0,5,1e-12,0.00247372,0,2.04636e-12,3.40177e-13
LAPACK,347,1,0,5,1e-12,0.00246029,0,2.38742e-12,3.9602e-13
LAPACK,348,1,0,5,1e-12,0.00241375,0,2.04636e-12,3.68502e-13
LAPACK,349,1,0,5,1e-12,0.00246246,0,2.50111e-12,4.19355e-13
LAPACK,350,1,0,5,1e-12,0.00248971,0,2.72848e-12,3.84246e-13
LAPACK,351,1,0,5,1e-12,0.00246109,0,3.06954e-12,3.98855e-13
LAPACK,352,1,0,5,1e-12,0.00250052,0,1.98952e-12,3.87879e-13
LAPACK,353,1,0,5,1e-12,0.00249978,0,2.10321e-12,3.45944e-13
LAPACK,354,1,0,5,1e-12,0.00256132,0,2.04636e-12,3.69121e-13
LAPACK,355,1,0,5,1e-12,0.00258638,0,2.55795e-12,3.76052e-13
LAPACK,356,1,0,5,1e-12,0.00258974,0,2.6148e-12,3.77506e-13
LAPACK,357,1,0,5,1e-12,0.00255747,0,2.13163e-12,3.97506e-13
LAPACK,358,1,0,5,1e-12,0.00259658,0,3.18323e-12,3.91828e-13
LAPACK,359,1,0,5,1e-12,0.00263618,0,1.98952e-12,3.41476e-13
LAPACK,360,1,0,5,1e-12,0.00266446,0,2.84217e-12,3.51196e-13
LAPACK,361,1,0,5,1e-12,0.00265859,0,2.50111e-12,4.10835e-13
LAPACK,362,1,0,5,1e-12,0.00265309,0,2.55795e-12,3.31833e-13
LAPACK,363,1,0,5,1e-12,0.00268746,0,2.72848e-12,3.8394e-13
LAPACK,364,1,0,5,1e-12,0.00270812,0,2.27374e-12,4.02225e-13
LAPACK,365,1,0,5,1e-12,0.00269649,0,2.04636e-12,3.60722e-13
LAPACK,366,1,0,5,1e-12,0.00270205,0,1.81899e-12,3.75369e-13
LAPACK,367,1,0,5,1e-12,0.00273828,0,2.16005e-12,4.10989e-13
LAPACK,368,1,0,5,1e-12,0.00275172,0,2.40163e-12,3.59104e-13
LAPACK,369,1,0,5,1e-12,0.00273024,0,3.29692e-12,3.88606e-13
LAPACK,370,1,0,5,1e-12,0.00271955,0,1.7053e-12,3.69156e-13
LAPACK,371,1,0,5,1e-12,0.00276711,0,2.50111e-12,3.94449e-13
LAPACK,372,1,0,5,1e-12,0.00282217,0,3.0127e-12,4.05508e-13
LAPACK,373,1,0,5,1e-12,0.00281553,0,2.72848e-12,4.11231e-13
LAPACK,374,1,0,5,1e-12,0.00283316,0,2.27374e-12,3.8398e-13
LAPACK,375,1,0,5,1e-12,0.00281955,0,2.27374e-12,3.80775e-13
LAPACK,376,1,0,5,1e-12,0.00284517,0,2.86349e-12,3.48768e-13
LAPACK,377,1,0,5,1e-12,0.00288484,0,2.21689e-12,3.7406e-13
LAPACK,378,1,0,5,1e-12,0.00285133,0,2.6148e-12,3.63657e-13
LAPACK,379,1,0,5,1e-12,0.00288676,0,2.84217e-12,4.09319e-13
LAPACK,380,1,0,5,1e-12,0.00290504,0,1.59162e-12,3.41488e-13
LAPACK,381,1,0,5,1e-12,0.0029448,0,2.33058e-12,3.9958e-13
LAPACK,382,1,0,5,1e-12,0.0029564,0,3.06954e-12,3.69059e-13
LAPACK,383,1,0,5,1e-12,0.00296807,0,1.81899e-12,3.59659e-13
LAPACK,384,1,0,5,1e-12,0.00297404,0,3.23297e-12,3.71467e-13
LAPACK,385,1,0,5,1e-12,0.00293305,0,2.50111e-12,3.43081e-13
LAPACK,386,1,0,5,1e-12,0.00299324,0,2.81375e-12,4.12175e-13
LAPACK,387,1,0,5,1e-12,0.00302903,0,2.67164e-12,3.85547e-13
LAPACK,388,1,0,5,1e-12,0.0030546,0,2.38742e-12,3.66442e-13
LAPACK,389,1,0,5,1e-12,0.00301983,0,2.04636e-12,4.23508e-13
LAPACK,390,1,0,5,1e-12,0.00306324,0,1.93268e-12,3.72334e-13
LAPACK,391,1,0,5,1e-12,0.0030745,0,2.04636e-12,3.18899e-13
LAPACK,392,1,0,5,1e-12,0.00308728,0,1.81899e-12,3.92276e-13
LAPACK,393,1,0,5,1e-12,0.00307752,0,2.16005e-12,3.59828e-13
LAPACK,394,1,0,5,1e-12,0.0031187,0,2.04636e-12,3.88914e-13
LAPACK,395,1,0,5,1e-12,0.00313291,0,2.89901e-12,3.93652e-13
LAPACK,396,1,0,5,1e-12,0.00313858,0,1.93268e-12,3.88681e-13
LAPACK,397,1,0,5,1e-12,0.00322903,0,2.95586e-12,4.19019e-13
LAPACK,398,1,0,5,1e-12,0.00317458,0,2.67164e-12,3.64858e-13
LAPACK,399,1,0,5,1e-12,0.00318229,0,3.18323e-12,3.86058e-13
LAPACK,400,1,0,5,1e-12,0.00321771,0,2.16005e-12,3.55186e-13
LAPACK,401,1,0,5,1e-12,0.00323411,0,3.63798e-12,3.92609e-13
LAPACK,402,1,0,5,1e-12,0.0033137,0,3.41061e-12,3.99543e-13
LAPACK,403,1,0,5,1e-12,0.00324643,0,2.50111e-12,3.92008e-13
LAPACK,404,1,0,5,1e-12,0.0033325,0,2.89901e-12,3.65566e-13
LAPACK,405,1,0,5,1e-12,0.00327674,0,2.33058e-12,3.9149e-13
LAPACK,406,1,0,5,1e-12,0.00328067,0,1.93268e-12,3.64014e-13
LAPACK,407,1,0,5,1e-12,0.0032891,0,2.38742e-12,3.82606e-13
LAPACK,408,1,0,5,1e-12,0.0033304,0,2.50111e-12,3.64733e-13
LAPACK,409,1,0,5,1e-12,0.00333817,0,2.70006e-12,3.81846e-13
LAPACK,410,1,0,5,1e-12,0.00337047,0,3.29692e-12,3.95594e-13
LAPACK,411,1,0,5,1e-12,0.00341742,0,2.38742e-12,3.96265e-13
LAPACK,412,1,0,5,1e-12,0.0033709,0,2.75691e-12,3.96561e-13
LAPACK,413,1,0,5,1e-12,0.00343236,0,2.04636e-12,3.54992e-13
LAPACK,414,1,0,5,1e-12,0.00344207,0,2.6148e-12,4.20947e-13
LAPACK,415,1,0,5,1e-12,0.00344401,0,2.27374e-12,3.5934e-13
LAPACK,416,1,0,5,1e-12,0.00345576,0,3.06954e-12,3.77225e-13
LAPACK,417,1,0,5,1e-12,0.00347412,0,2.64322e-12,4.00027e-13
LAPACK,418,1,0,5,1e-12,0.00353269,0,3.29692e-12,4.16402e-13
LAPACK,419,1,0,5,1e-12,0.00353735,0,2.76401e-12,3.96966e-13
LAPACK,420,1,0,5,1e-12,0.00352988,0,1.87583e-12,3.96441e-13
LAPACK,421,1,0,5,1e-12,0.00352407,0,3.06954e-12,3.89622e-13
LAPACK,422,1,0,5,1e-12,0.00355926,0,3.29692e-12,4.10704e-13
LAPACK,423,1,0,5,1e-12,0.00356808,0,2.84217e-12,3.94034e-13
LAPACK,424,1,0,5,1e-12,0.00369282,0,1.98952e-12,4.30797e-13
LAPACK,425,1,0,5,1e-12,0.00358991,0,2.6148e-12,4.01182e-13
LAPACK,426,1,0,5,1e-12,0.00358707,0,2.38742e-12,3.73635e-13
LAPACK,427,1,0,5,1e-12,0.00362858,0,5.11591e-12,4.121e-13
LAPACK,428,1,0,5,1e-12,0.00363074,0,3.06954e-12,3.93535e-13
LAPACK,429,1,0,5,1e-12,0.00364999,0,2.21689e-12,3.61305e-13
LAPACK,430,1,0,5,1e-12,0.00372108,0,2.16005e-12,4.16225e-13
LAPACK,431,1,0,5,1e-12,0.00366338,0,2.04636e-12,4.05777e-13
LAPACK,432,1,0,5,1e-12,0.00374063,0,2.16005e-12,3.53427e-13
LAPACK,433,1,0,5,1e-12,0.00373208,0,2.55795e-12,3.43685e-13
LAPACK,434,1,0,5,1e-12,0.00375534,0,3.0127e-12,3.81144e-13
LAPACK,435,1,0,5,1e-12,0.00378181,0,2.04636e-12,3.80175e-13
LAPACK,436,1,0,5,1e-12,0.00380139,0,2.27374e-12,4.05389e-13
LAPACK,437,1,0,5,1e-12,0.00377654,0,2.04636e-12,3.90415e-13
LAPACK,438,1,0,5,1e-12,0.00383641,0,2.67164e-12,4.16442e-13
LAPACK,439,1,0,5,1e-12,0.00379998,0,3.18323e-12,4.01615e-13
LAPACK,440,1,0,5,1e-12,0.003876,0,2.58638e-12,3.5876e-13
LAPACK,441,1,0,5,1e-12,0.00381784,0,2.55795e-12,3.79732e-13
LAPACK,442,1,0,5,1e-12,0.00386104,0,3.41061e-12,3.85011e-13
LAPACK,443,1,0,5,1e-12,0.00391636,0,2.84217e-12,4.44276e-13
LAPACK,444,1,0,5,1e-12,0.00387793,0,3.29692e-12,4.1022e-13
LAPACK,445,1,0,5,1e-12,0.00393523,0,2.95586e-12,3.80995e-13
LAPACK,446,1,0,5,1e-12,0.00396662,0,3.51008e-12,3.55523e-13
LAPACK,447,1,0,5,1e-12,0.00393896,0,2.41585e-12,3.77643e-13
LAPACK,448,1,0,5,1e-12,0.00394266,0,3.06954e-12,3.69684e-13
LAPACK,449,1,0,5,1e-12,0.0039743,0,3.63798e-12,4.3117e-13
LAPACK,450,1,0,5,1e-12,0.00403719,0,2.04636e-12,3.7415e-13
LAPACK,451,1,0,5,1e-12,0.00404987,0,3.06954e-12,4.30713e-13
LAPACK,452,1,0,5,1e-12,0.00402659,0,1.76215e-12,3.58925e-13
LAPACK,453,1,0,5,1e-12,0.00402929,0,2.50111e-12,3.68594e-13
LAPACK,454,1,0,5,1e-12,0.00407544,0,2.50111e-12,3.75833e-13
LAPACK,455,1,0,5,1e-12,0.0041247,0,2.50111e-12,3.29242e-13
LAPACK,456,1,0,5,1e-12,0.00416416,0,2.60059e-12,3.7886e-13
LAPACK,457,1,0,5,1e-12,0.00414963,0,2.50111e-12,3.88013e-13
LAPACK,458,1,0,5,1e-12,0.00419048,0,2.98428e-12,3.85313e-13
LAPACK,459,1,0,5,1e-12,0.00414784,0,1.98952e-12,3.73874e-13
LAPACK,460,1,0,5,1e-12,0.00421219,0,2.95586e-12,3.61613e-13
LAPACK,461,1,0,5,1e-12,0.0042207,0,4.66116e-12,4.24411e-13
LAPACK,462,1,0,5,1e-12,0.00423158,0,2.64322e-12,4.09235e-13
LAPACK,463,1,0,5,1e-12,0.00425864,0,2.14584e-12,3.96247e-13
LAPACK,464,1,0,5,1e-12,0.00429451,0,2.84217e-12,3.89187e-13
LAPACK,465,1,0,5,1e-12,0.00430275,0,2.38742e-12,3.74869e-13
LAPACK,466,1,0,5,1e-12,0.00426927,0,2.16005e-12,3.89008e-13
LAPACK,467,1,0,5,1e-12,0.00431695,0,2.50111e-12,4.35062e-13
LAPACK,468,1,0,5,1e-12,0.00434585,0,2.84217e-12,4.65382e-13
LAPACK,469,1,0,5,1e-12,0.00439213,0,2.6148e-12,4.33509e-13
LAPACK,470,1,0,5,1e-12,0.00433343,0,3.06954e-12,4.27168e-13
LAPACK,471,1,0,5,1e-12,0.00441344,0,2.78533e-12,4.10778e-13
LAPACK,472,1,0,5,1e-12,0.00440766,0,3.46745e-12,3.76454e-13
LAPACK,473,1,0,5,1e-12,0.00443388,0,3.41061e-12,3.61e-13
LAPACK,474,1,0,5,1e-12,0.00443402,0,2.70006e-12,3.5459e-13
LAPACK,475,1,0,5,1e-12,0.00451372,0,2.92744e-12,4.65157e-13
LAPACK,476,1,0,5,1e-12,0.0045138,0,2.95586e-12,4.13729e-13
LAPACK,477,1,0,5,1e-12,0.00448845,0,3.0127e-12,4.53079e-13
LAPACK,478,1,0,5,1e-12,0.00451655,0,2.6148e-12,4.72064e-13
LAPACK,479,1,0,5,1e-12,0.00456286,0,2.16005e-12,3.73787e-13
LAPACK,480,1,0,5,1e-12,0.00455728,0,3.41061e-12,4.30707e-13
LAPACK,481,1,0,5,1e-12,0.00452554,0,3.69482e-12,3.85031e-13
LAPACK,482,1,0,5,1e-12,0.00456822,0,3.35376e-12,3.89031e-13
LAPACK,483,1,0,5,1e-12,0.00460403,0,3.52429e-12,3.65341e-13
LAPACK,484,1,0,5,1e-12,0.0046087,0,2.6148e-12,3.72123e-13
LAPACK,485,1,0,5,1e-12,0.00461859,0,2.72848e-12,3.57852e-13
LAPACK,486,1,0,5,1e-12,0.00463807,0,2.84217e-12,3.88678e-13
LAPACK,487,1,0,5,1e-12,0.00467098,0,4.09273e-12,3.65612e-13
LAPACK,488,1,0,5,1e-12,0.0047147,0,2.67164e-12,3.75082e-13
LAPACK,489,1,0,5,1e-12,0.00470053,0,3.48166e-12,4.10636e-13
LAPACK,490,1,0,5,1e-12,0.00475632,0,3.73745e-12,4.03505e-13
LAPACK,491,1,0,5,1e-12,0.00477331,0,3.18323e-12,4.0758e-13
LAPACK,492,1,0,5,1e-12,0.00480552,0,3.69482e-12,3.56508e-13
LAPACK,493,1,0,5,1e-12,0.00479256,0,2.50111e-12,3.37973e-13
LAPACK,494,1,0,5,1e-12,0.00480926,0,3.48166e-12,3.84725e-13
LAPACK,495,1,0,5,1e-12,0.00482387,0,2.97007e-12,4.03682e-13
LAPACK,496,1,0,5,1e-12,0.0048381,0,2.72848e-12,3.99422e-13
LAPACK,497,1,0,5,1e-12,0.00489259,0,2.84217e-12,3.74025e-13
LAPACK,498,1,0,5,1e-12,0.00491785,0,2.30216e-12,3.8439e-13
LAPACK,499,1,0,5,1e-12,0.00493245,0,3.80851e-12,3.72084e-13
LAPACK,500,1,0,5,1e-12,0.00494808,0,2.84217e-12,3.79735e-13
LAPACK,501,1,0,5,1e-12,0.00498861,0,2.72848e-12,4.22792e-13
LAPACK,502,1,0,5,1e-12,0.00493647,0,2.55795e-12,3.94834e-13
LAPACK,503,1,0,5,1e-12,0.00500406,0,3.18323e-12,3.95972e-13
LAPACK,504,1,0,5,1e-12,0.00498956,0,2.27374e-12,3.8301e-13
LAPACK,505,1,0,5,1e-12,0.00499606,0,2.6148e-12,3.86548e-13
LAPACK,506,1,0,5,1e-12,0.00506323,0,2.72848e-12,4.07499e-13
LAPACK,507,1,0,5,1e-12,0.0050928,0,3.41061e-12,4.0671e-13
LAPACK,508,1,0,5,1e-12,0.00506963,0,3.29692e-12,3.69487e-13
LAPACK,509,1,0,5,1e-12,0.00508869,0,2.27374e-12,3.78231e-13
LAPACK,510,1,0,5,1e-12,0.005197,0,2.44427e-12,4.04314e-13
LAPACK,511,1,0,5,1e-12,0.00514506,0,2.47269e-12,3.61634e-13
LAPACK,512,1,0,5,1e-12,0.00519661,0,2.45848e-12,3.72067e-13
LAPACK,513,1,0,5,1e-12,0.00523337,0,4.51905e-12,4.51678e-13
LAPACK,514,1,0,5,1e-12,0.00525147,0,2.27374e-12,4.44768e-13
LAPACK,515,1,0,5,1e-12,0.00522094,0,3.08376e-12,4.33372e-13
LAPACK,516,1,0,5,1e-12,0.00523527,0,2.38742e-12,4.01408e-13
LAPACK,517,1,0,5,1e-12,0.00526319,0,4.14957e-12,3.92278e-13
LAPACK,518,1,0,5,1e-12,0.00530262,0,2.38742e-12,3.77587e-13
LAPACK,519,1,0,5,1e-12,0.00534689,0,2.27374e-12,4.17944e-13
LAPACK,520,1,0,5,1e-12,0.00535272,0,2.27374e-12,3.88864e-13
LAPACK,521,1,0,5,1e-12,0.00537028,0,2.50111e-12,4.03917e-13
LAPACK,522,1,0,5,1e-12,0.00540166,0,3.06954e-12,4.09904e-13
LAPACK,523,1,0,5,1e-12,0.00544635,0,3.41061e-12,3.95632e-13
LAPACK,524,1,0,5,1e-12,0.00547064,0,2.6148e-12,3.99418e-13
LAPACK,525,1,0,5,1e-12,0.0054685,0,2.55795e-12,4.00815e-13
LAPACK,526,1,0,5,1e-12,0.00547293,0,2.33058e-12,3.8512e-13
LAPACK,527,1,0,5,1e-12,0.00546965,0,3.41061e-12,3.88738e-13
LAPACK,528,1,0,5,1e-12,0.00556398,0,2.27374e-12,4.34723e-13
LAPACK,529,1,0,5,1e-12,0.00550111,0,2.27374e-12,4.05798e-13
LAPACK,530,1,0,5,1e-12,0.00563948,0,2.52953e-12,3.74538e-13
LAPACK,531,1,0,5,1e-12,0.00560578,0,2.33058e-12,4.19813e-13
LAPACK,532,1,0,5,1e-12,0.00561101,0,2.84217e-12,4.19669e-13
LAPACK,533,1,0,5,1e-12,0.00563198,0,2.72848e-12,4.17217e-13
LAPACK,534,1,0,5,1e-12,0.00563543,0,2.27374e-12,3.89821e-13
LAPACK,535,1,0,5,1e-12,0.00568485,0,2.81375e-12,4.04203e-13
LAPACK,536,1,0,5,1e-12,0.00566837,0,3.06954e-12,3.84396e-13
LAPACK,537,1,0,5,1e-12,0.00564539,0,3.24007e-12,3.94765e-13
LAPACK,538,1,0,5,1e-12,0.00573044,0,2.04636e-12,4.24977e-13
LAPACK,539,1,0,5,1e-12,0.00566631,0,2.38742e-12,4.054e-13
LAPACK,540,1,0,5,1e-12,0.00569272,0,2.6148e-12,3.80159e-13
LAPACK,541,1,0,5,1e-12,0.00573439,0,3.59535e-12,4.11826e-13
LAPACK,542,1,0,5,1e-12,0.00583161,0,3.6664e-12,4.25183e-13
LAPACK,543,1,0,5,1e-12,0.00587558,0,3.29692e-12,4.04466e-13
LAPACK,544,1,0,5,1e-12,0.00591241,0,3.58114e-12,3.67412e-13
LAPACK,545,1,0,5,1e-12,0.00588049,0,3.06954e-12,4.09167e-13
LAPACK,546,1,0,5,1e-12,0.00590042,0,3.0127e-12,4.24487e-13
LAPACK,547,1,0,5,1e-12,0.00591758,0,3.06954e-12,4.25501e-13
LAPACK,548,1,0,5,1e-12,0.00593729,0,2.33058e-12,4.06561e-13
LAPACK,549,1,0,5,1e-12,0.00592822,0,1.90425e-12,3.94105e-13
LAPACK,550,1,0,5,1e-12,0.00594951,0,3.63798e-12,4.19623e-13
LAPACK,551,1,0,5,1e-12,0.00599215,0,2.14584e-12,4.02222e-13
LAPACK,552,1,0,5,1e-12,0.00603781,0,3.06954e-12,4.13923e-13
LAPACK,553,1,0,5,1e-12,0.00603622,0,3.2685e-12,4.04158e-13
LAPACK,554,1,0,5,1e-12,0.0059688,0,2.72848e-12,3.89782e-13
LAPACK,555,1,0,5,1e-12,0.00603821,0,3.06954e-12,4.26101e-13
LAPACK,556,1,0,5,1e-12,0.00611032,0,2.6148e-12,3.76868e-13
LAPACK,557,1,0,5,1e-12,0.00612996,0,2.77112e-12,4.07729e-13
LAPACK,558,1,0,5,1e-12,0.0061357,0,4.3201e-12,3.84555e-13
LAPACK,559,1,0,5,1e-12,0.00613803,0,2.95586e-12,4.10171e-13
LAPACK,560,1,0,5,1e-12,0.00622562,0,2.50111e-12,4.0858e-13
LAPACK,561,1,0,5,1e-12,0.00623973,0,2.27374e-12,4.03933e-13
LAPACK,562,1,0,5,1e-12,0.00625321,0,2.72848e-12,4.1267e-13
LAPACK,563,1,0,5,1e-12,0.00626505,0,3.63798e-12,3.97266e-13
LAPACK,564,1,0,5,1e-12,0.0062676,0,2.95586e-12,4.05689e-13
LAPACK,565,1,0,5,1e-12,0.00629577,0,2.27374e-12,3.82059e-13
LAPACK,566,1,0,5,1e-12,0.00633289,0,2.50111e-12,4.0248e-13
LAPACK,567,1,0,5,1e-12,0.00639142,0,2.16005e-12,3.89301e-13
LAPACK,568,1,0,5,1e-12,0.00633953,0,2.92744e-12,3.91167e-13
LAPACK,569,1,0,5,1e-12,0.00641525,0,2.44427e-12,4.52535e-13
LAPACK,570,1,0,5,1e-12,0.00640614,0,3.06954e-12,3.96901e-13
LAPACK,571,1,0,5,1e-12,0.0064349,0,5.11591e-12,4.76289e-13
LAPACK,572,1,0,5,1e-12,0.0064636,0,2.50111e-12,4.1552e-13
LAPACK,573,1,0,5,1e-12,0.00649175,0,3.52429e-12,4.35827e-13
LAPACK,574,1,0,5,1e-12,0.00644583,0,2.84217e-12,4.03153e-13
LAPACK,575,1,0,5,1e-12,0.00653544,0,4.37694e-12,4.05153e-13
LAPACK,576,1,0,5,1e-12,0.00659089,0,2.84217e-12,4.26162e-13
LAPACK,577,1,0,5,1e-12,0.00653973,0,3.29692e-12,3.87727e-13
LAPACK,578,1,0,5,1e-12,0.0066146,0,1.98952e-12,3.99431e-13
LAPACK,579,1,0,5,1e-12,0.00660022,0,3.29692e-12,4.4914e-13
LAPACK,580,1,0,5,1e-12,0.00663267,0,2.6148e-12,4.21124e-13
LAPACK,581,1,0,5,1e-12,0.00654042,0,2.95586e-12,4.0618e-13
LAPACK,582,1,0,5,1e-12,0.00663388,0,2.34479e-12,4.40289e-13
LAPACK,583,1,0,5,1e-12,0.00672253,0,2.95586e-12,3.7848e-13
LAPACK,584,1,0,5,1e-12,0.00673044,0,2.6148e-12,4.23536e-13
LAPACK,585,1,0,5,1e-12,0.00680522,0,3.35376e-12,4.19695e-13
LAPACK,586,1,0,5,1e-12,0.00672224,0,2.91323e-12,4.11713e-13
LAPACK,587,1,0,5,1e-12,0.00682379,0,3.63798e-12,4.11613e-13
LAPACK,588,1,0,5,1e-12,0.00676048,0,3.29692e-12,4.01179e-13
LAPACK,589,1,0,5,1e-12,0.00676897,0,2.72848e-12,3.71529e-13
LAPACK,590,1,0,5,1e-12,0.00689208,0,4.03588e-12,3.95824e-13
LAPACK,591,1,0,5,1e-12,0.00687853,0,2.78533e-12,3.86352e-13
LAPACK,592,1,0,5,1e-12,0.00684405,0,3.97904e-12,4.27043e-13
LAPACK,593,1,0,5,1e-12,0.00688946,0,2.04992e-12,4.1428e-13
LAPACK,594,1,0,5,1e-12,0.00692339,0,2.78533e-12,4.01796e-13
LAPACK,595,1,0,5,1e-12,0.0069517,0,3.29692e-12,4.53749e-13
LAPACK,596,1,0,5,1e-12,0.00699333,0,2.21689e-12,3.89221e-13
LAPACK,597,1,0,5,1e-12,0.00701533,0,4.29168e-12,4.0338e-13
LAPACK,598,1,0,5,1e-12,0.0069847,0,4.20641e-12,4.6959e-13
LAPACK,599,1,0,5,1e-12,0.00706689,0,2.38742e-12,3.91782e-13
LAPACK,600,1,0,5,1e-12,0.00701656,0,3.06954e-12,4.08737e-13
LAPACK,601,1,0,5,1e-12,0.00709404,0,2.84217e-12,4.0967e-13
LAPACK,602,1,0,5,1e-12,0.00715898,0,2.95586e-12,3.83544e-13
LAPACK,603,1,0,5,1e-12,0.00717465,0,2.55795e-12,3.79975e-13
LAPACK,604,1,0,5,1e-12,0.00717651,0,2.84217e-12,4.09308e-13
LAPACK,605,1,0,5,1e-12,0.00715356,0,2.90612e-12,4.31258e-13
LAPACK,606,1,0,5,1e-12,0.00723654,0,3.58114e-12,4.12553e-13
LAPACK,607,1,0,5,1e-12,0.00718873,0,3.18323e-12,4.12792e-13
LAPACK,608,1,0,5,1e-12,0.0072581,0,3.29692e-12,4.11956e-13
LAPACK,609,1,0,5,1e-12,0.00721166,0,3.75167e-12,4.11022e-13
LAPACK,610,1,0,5,1e-12,0.0072631,0,3.18323e-12,3.8817e-13
LAPACK,611,1,0,5,1e-12,0.00737713,0,2.38742e-12,4.1033e-13
LAPACK,612,1,0,5,1e-12,0.00731032,0,2.6148e-12,3.97191e-13
LAPACK,613,1,0,5,1e-12,0.00746207,0,3.18323e-12,4.58386e-13
LAPACK,614,1,0,5,1e-12,0.00744989,0,3.86535e-12,4.32192e-13
LAPACK,615,1,0,5,1e-12,0.0075015,0,2.41585e-12,4.17238e-13
LAPACK,616,1,0,5,1e-12,0.00743488,0,2.50111e-12,4.58843e-13
LAPACK,617,1,0,5,1e-12,0.00739879,0,2.21689e-12,4.16317e-13
LAPACK,618,1,0,5,1e-12,0.00749863,0,3.24007e-12,4.21525e-13
LAPACK,619,1,0,5,1e-12,0.00742156,0,3.18323e-12,3.91984e-13
LAPACK,620,1,0,5,1e-12,0.00756496,0,3.29692e-12,4.219e-13
LAPACK,621,1,0,5,1e-12,0.00755847,0,2.95586e-12,3.84913e-13
LAPACK,622,1,0,5,1e-12,0.00765291,0,2.6148e-12,4.35907e-13
LAPACK,623,1,0,5,1e-12,0.00767464,0,2.72848e-12,3.8835e-13
LAPACK,624,1,0,5,1e-12,0.00766798,0,3.86535e-12,4.0492e-13
LAPACK,625,1,0,5,1e-12,0.00766752,0,2.72848e-12,4.24929e-13
LAPACK,626,1,0,5,1e-12,0.00774501,0,3.49587e-12,3.99357e-13
LAPACK,627,1,0,5,1e-12,0.0077369,0,2.6148e-12,4.28977e-13
LAPACK,628,1,0,5,1e-12,0.00776161,0,2.72848e-12,4.25039e-13
LAPACK,629,1,0,5,1e-12,0.00771873,0,2.72848e-12,4.24138e-13
LAPACK,630,1,0,5,1e-12,0.00781732,0,2.67164e-12,4.2394e-13
LAPACK,631,1,0,5,1e-12,0.00785885,0,2.44427e-12,3.85111e-13
LAPACK,632,1,0,5,1e-12,0.00793754,0,3.29692e-12,4.20222e-13
LAPACK,633,1,0,5,1e-12,0.0078617,0,3.16902e-12,4.55017e-13
LAPACK,634,1,0,5,1e-12,0.00782144,0,2.72848e-12,4.28185e-13
LAPACK,635,1,0,5,1e-12,0.00790174,0,3.9222e-12,4.03513e-13
LAPACK,636,1,0,5,1e-12,0.00793527,0,2.64322e-12,3.91737e-13
LAPACK,637,1,0,5,1e-12,0.00797676,0,2.72848e-12,4.12351e-13
LAPACK,638,1,0,5,1e-12,0.0080231,0,3.18323e-12,4.10982e-13
LAPACK,639,1,0,5,1e-12,0.00794138,0,2.85638e-12,4.1992e-13
LAPACK,640,1,0,5,1e-12,0.00805134,0,3.29692e-12,3.94267e-13
LAPACK,641,1,0,5,1e-12,0.00806796,0,2.55795e-12,3.85902e-13
LAPACK,642,1,0,5,1e-12,0.00812687,0,3.06954e-12,4.37112e-13
LAPACK,643,1,0,5,1e-12,0.00812754,0,3.18323e-12,4.01003e-13
LAPACK,644,1,0,5,1e-12,0.00816991,0,3.06954e-12,3.79645e-13
LAPACK,645,1,0,5,1e-12,0.00818959,0,2.38742e-12,3.87361e-13
LAPACK,646,1,0,5,1e-12,0.00808162,0,2.50111e-12,4.26073e-13
LAPACK,647,1,0,5,1e-12,0.00822412,0,2.81375e-12,4.03816e-13
LAPACK,648,1,0,5,1e-12,0.00822873,0,2.44427e-12,3.9787e-13
LAPACK,649,1,0,5,1e-12,0.00826387,0,2.95586e-12,4.19681e-13
LAPACK,650,1,0,5,1e-12,0.00826748,0,3.41061e-12,4.44923e-13
LAPACK,651,1,0,5,1e-12,0.00822411,0,3.18323e-12,4.03363e-13
LAPACK,652,1,0,5,1e-12,0.00835397,0,3.5385e-12,4.37894e-13
LAPACK,653,1,0,5,1e-12,0.00834176,0,3.35376e-12,4.37964e-13
LAPACK,654,1,0,5,1e-12,0.00836401,0,2.6148e-12,4.49752e-13
LAPACK,655,1,0,5,1e-12,0.0083983,0,3.80851e-12,4.24444e-13
LAPACK,656,1,0,5,1e-12,0.00840851,0,3.29692e-12,4.18229e-13
LAPACK,657,1,0,5,1e-12,0.00841417,0,3.32534e-12,4.13868e-13
LAPACK,658,1,0,5,1e-12,0.00860444,0,3.06954e-12,4.25756e-13
LAPACK,659,1,0,5,1e-12,0.00850178,0,3.82272e-12,3.9439e-13
LAPACK,660,1,0,5,1e-12,0.00855502,0,3.86535e-12,4.54765e-13
LAPACK,661,1,0,5,1e-12,0.00865356,0,3.29692e-12,4.24695e-13
LAPACK,662,1,0,5,1e-12,0.00854007,0,2.78533e-12,4.37135e-13
LAPACK,663,1,0,5,1e-12,0.00863347,0,3.58114e-12,4.27706e-13
LAPACK,664,1,0,5,1e-12,0.00870927,0,3.18323e-12,3.95891e-13
LAPACK,665,1,0,5,1e-12,0.00866876,0,3.06954e-12,4.07574e-13
LAPACK,666,1,0,5,1e-12,0.00871344,0,3.41061e-12,4.10749e-13
LAPACK,667,1,0,5,1e-12,0.00865701,0,2.50111e-12,4.13016e-13
LAPACK,668,1,0,5,1e-12,0.00869382,0,3.18323e-12,4.14234e-13
LAPACK,669,1,0,5,1e-12,0.00872733,0,3.25429e-12,4.24513e-13
LAPACK,670,1,0,5,1e-12,0.00884792,0,2.16005e-12,3.82705e-13
LAPACK,671,1,0,5,1e-12,0.00875068,0,3.63798e-12,4.18332e-13
LAPACK,672,1,0,5,1e-12,0.00889933,0,2.55795e-12,4.00782e-13
LAPACK,673,1,0,5,1e-12,0.00885833,0,3.09797e-12,4.01559e-13
LAPACK,674,1,0,5,1e-12,0.00883381,0,3.97904e-12,4.31907e-13
LAPACK,675,1,0,5,1e-12,0.00895495,0,4.09273e-12,4.04068e-13
LAPACK,676,1,0,5,1e-12,0.00890068,0,2.72848e-12,4.17904e-13
LAPACK,677,1,0,5,1e-12,0.00894383,0,2.21689e-12,4.12857e-13
LAPACK,678,1,0,5,1e-12,0.00897058,0,2.44427e-12,4.14201e-13
LAPACK,679,1,0,5,1e-12,0.00900997,0,3.0127e-12,4.4938e-13
LAPACK,680,1,0,5,1e-12,0.00907715,0,2.87059e-12,4.49731e-13
LAPACK,681,1,0,5,1e-12,0.00909011,0,2.50111e-12,4.25565e-13
LAPACK,682,1,0,5,1e-12,0.00911599,0,3.06954e-12,4.29169e-13
LAPACK,683,1,0,5,1e-12,0.00913426,0,2.95586e-12,4.15581e-13
LAPACK,684,1,0,5,1e-12,0.00908354,0,3.06954e-12,4.13635e-13
LAPACK,685,1,0,5,1e-12,0.00911363,0,2.44427e-12,4.05648e-13
LAPACK,686,1,0,5,1e-12,0.00908573,0,2.95586e-12,3.78247e-13
LAPACK,687,1,0,5,1e-12,0.00919596,0,2.6148e-12,3.82977e-13
LAPACK,688,1,0,5,1e-12,0.00927767,0,3.12639e-12,4.18772e-13
LAPACK,689,1,0,5,1e-12,0.00927606,0,3.58114e-12,4.25557e-13
LAPACK,690,1,0,5,1e-12,0.00928364,0,4.88853e-12,4.01004e-13
LAPACK,691,1,0,5,1e-12,0.00929407,0,3.86535e-12,4.34738e-13
LAPACK,692,1,0,5,1e-12,0.00930163,0,3.42482e-12,4.19545e-13
LAPACK,693,1,0,5,1e-12,0.00945471,0,3.12639e-12,4.44409e-13
LAPACK,694,1,0,5,1e-12,0.0093887,0,2.6148e-12,4.5068e-13
LAPACK,695,1,0,5,1e-12,0.00933619,0,2.33058e-12,4.14886e-13
LAPACK,696,1,0,5,1e-12,0.00951204,0,3.12639e-12,4.41556e-13
LAPACK,697,1,0,5,1e-12,0.00943191,0,2.72848e-12,4.05122e-13
LAPACK,698,1,0,5,1e-12,0.00953314,0,3.41061e-12,4.67388e-13
LAPACK,699,1,0,5,1e-12,0.0095128,0,3.18323e-12,4.27697e-13
LAPACK,700,1,0,5,1e-12,0.00951548,0,3.75167e-12,4.16424e-13
LAPACK,701,1,0,5,1e-12,0.00956021,0,2.50111e-12,4.14669e-13
LAPACK,702,1,0,5,1e-12,0.00963166,0,2.84217e-12,4.3924e-13
LAPACK,703,1,0,5,1e-12,0.00962995,0,3.06954e-12,4.28587e-13
LAPACK,704,1,0,5,1e-12,0.00966752,0,2.38742e-12,4.1586e-13
LAPACK,705,1,0,5,1e-12,0.00960486,0,2.84217e-12,4.21989e-13
LAPACK,706,1,0,5,1e-12,0.00977306,0,3.06954e-12,4.42336e-13
LAPACK,707,1,0,5,1e-12,0.00974941,0,2.95586e-12,4.29555e-13
LAPACK,708,1,0,5,1e-12,0.00971952,0,2.6148e-12,4.1711e-13
LAPACK,709,1,0,5,1e-12,0.00974801,0,3.06954e-12,4.07918e-13
LAPACK,710,1,0,5,1e-12,0.00982076,0,2.38742e-12,4.20672e-13
LAPACK,711,1,0,5,1e-12,0.00976498,0,2.89901e-12,4.25592e-13
LAPACK,712,1,0,5,1e-12,0.0098645,0,4.09273e-12,4.24751e-13
LAPACK,713,1,0,5,1e-12,0.00994698,0,3.32534e-12,4.30387e-13
LAPACK,714,1,0,5,1e-12,0.00994421,0,3.18323e-12,4.40579e-13
LAPACK,715,1,0,5,1e-12,0.00987656,0,4.66116e-12,4.18475e-13
LAPACK,716,1,0,5,1e-12,0.0100785,0,4.66116e-12,4.232e-13
LAPACK,717,1,0,5,1e-12,0.00997287,0,2.72848e-12,4.0869e-13
LAPACK,718,1,0,5,1e-12,0.0100275,0,2.95586e-12,4.55305e-13
LAPACK,719,1,0,5,1e-12,0.0100415,0,4.66116e-12,4.04077e-13
LAPACK,720,1,0,5,1e-12,0.0101197,0,2.50111e-12,4.39701e-13
LAPACK,721,1,0,5,1e-12,0.0100988,0,2.67164e-12,4.57882e-13
LAPACK,722,1,0,5,1e-12,0.0101503,0,3.06954e-12,4.68689e-13
LAPACK,723,1,0,5,1e-12,0.0101183,0,2.55795e-12,4.33804e-13
LAPACK,724,1,0,5,1e-12,0.0103444,0,3.63798e-12,4.03042e-13
LAPACK,725,1,0,5,1e-12,0.0101664,0,4.3201e-12,4.29445e-13
LAPACK,726,1,0,5,1e-12,0.0102572,0,3.63798e-12,4.32008e-13
LAPACK,727,1,0,5,1e-12,0.0103203,0,2.21689e-12,4.33698e-13
LAPACK,728,1,0,5,1e-12,0.0103976,0,3.06954e-12,4.15793e-13
LAPACK,729,1,0,5,1e-12,0.0103159,0,3.06954e-12,4.10309e-13
LAPACK,730,1,0,5,1e-12,0.0103362,0,3.52429e-12,4.41828e-13
LAPACK,731,1,0,5,1e-12,0.0103511,0,2.89901e-12,4.25426e-13
LAPACK,732,1,0,5,1e-12,0.0104556,0,3.75167e-12,4.71716e-13
LAPACK,733,1,0,5,1e-12,0.0104784,0,2.95586e-12,4.41812e-13
LAPACK,734,1,0,5,1e-12,0.0105615,0,6.36646e-12,4.83411e-13
LAPACK,735,1,0,5,1e-12,0.0105027,0,4.3201e-12,4.40309e-13
LAPACK,736,1,0,5,1e-12,0.0105366,0,3.52429e-12,4.54342e-13
LAPACK,737,1,0,5,1e-12,0.0105414,0,2.79954e-12,4.0513e-13
LAPACK,738,1,0,5,1e-12,0.0105881,0,2.84217e-12,4.42624e-13
LAPACK,739,1,0,5,1e-12,0.0106083,0,3.97904e-12,4.42785e-13
LAPACK,740,1,0,5,1e-12,0.0106293,0,3.63798e-12,4.23015e-13
LAPACK,741,1,0,5,1e-12,0.0107376,0,3.63798e-12,4.38725e-13
LAPACK,742,1,0,5,1e-12,0.0107549,0,2.78533e-12,4.39817e-13
LAPACK,743,1,0,5,1e-12,0.0107251,0,2.6148e-12,4.28439e-13
LAPACK,744,1,0,5,1e-12,0.0107824,0,3.76588e-12,4.15291e-13
LAPACK,745,1,0,5,1e-12,0.0107399,0,3.11218e-12,4.19908e-13
LAPACK,746,1,0,5,1e-12,0.0108602,0,3.15481e-12,4.49843e-13
LAPACK,747,1,0,5,1e-12,0.0109047,0,2.84217e-12,4.22164e-13
LAPACK,748,1,0,5,1e-12,0.0109602,0,3.78009e-12,4.43266e-13
LAPACK,749,1,0,5,1e-12,0.0108677,0,2.33058e-12,4.17676e-13
LAPACK,750,1,0,5,1e-12,0.0110053,0,3.75167e-12,4.37793e-13
LAPACK,751,1,0,5,1e-12,0.010939,0,2.72848e-12,4.34477e-13
LAPACK,752,1,0,5,1e-12,0.0110418,0,2.6148e-12,4.10163e-13
LAPACK,753,1,0,5,1e-12,0.0110689,0,3.18323e-12,4.55305e-13
LAPACK,754,1,0,5,1e-12,0.0111285,0,3.0127e-12,4.50528e-13
LAPACK,755,1,0,5,1e-12,0.0110696,0,2.84217e-12,4.31649e-13
LAPACK,756,1,0,5,1e-12,0.011104,0,3.41061e-12,4.73725e-13
LAPACK,757,1,0,5,1e-12,0.0112158,0,3.18323e-12,4.21934e-13
LAPACK,758,1,0,5,1e-12,0.0111351,0,3.52429e-12,4.39126e-13
LAPACK,759,1,0,5,1e-12,0.0112004,0,2.50111e-12,4.20876e-13
LAPACK,760,1,0,5,1e-12,0.0113098,0,2.38742e-12,4.45358e-13
LAPACK,761,1,0,5,1e-12,0.0112239,0,3.06954e-12,4.68715e-13
LAPACK,762,1,0,5,1e-12,0.0112847,0,2.50111e-12,4.28885e-13
LAPACK,763,1,0,5,1e-12,0.0113481,0,3.24007e-12,4.87757e-13
LAPACK,764,1,0,5,1e-12,0.0113324,0,3.18323e-12,4.33695e-13
LAPACK,765,1,0,5,1e-12,0.0113713,0,2.38742e-12,4.22932e-13
LAPACK,766,1,0,5,1e-12,0.0113776,0,3.06954e-12,4.3981e-13
LAPACK,767,1,0,5,1e-12,0.0114215,0,3.29692e-12,4.0912e-13
LAPACK,768,1,0,5,1e-12,0.0115151,0,2.6148e-12,4.47895e-13
LAPACK,769,1,0,5,1e-12,0.011474,0,4.20641e-12,4.70069e-13
LAPACK,770,1,0,5,1e-12,0.0115998,0,3.69482e-12,4.34977e-13
LAPACK,771,1,0,5,1e-12,0.011508,0,2.62901e-12,4.55032e-13
LAPACK,772,1,0,5,1e-12,0.0115592,0,3.04112e-12,4.43051e-13
LAPACK,773,1,0,5,1e-12,0.0115428,0,2.6148e-12,4.35543e-13
LAPACK,774,1,0,5,1e-12,0.0116945,0,2.78533e-12,4.47815e-13
LAPACK,775,1,0,5,1e-12,0.0116714,0,3.41061e-12,4.55978e-13
LAPACK,776,1,0,5,1e-12,0.011714,0,3.82272e-12,4.20947e-13
LAPACK,777,1,0,5,1e-12,0.011784,0,3.29692e-12,4.4159e-13
LAPACK,778,1,0,5,1e-12,0.0118076,0,4.43379e-12,4.72318e-13
LAPACK,779,1,0,5,1e-12,0.0117266,0,2.84217e-12,4.64186e-13
LAPACK,780,1,0,5,1e-12,0.0118651,0,3.80851e-12,4.42707e-13
LAPACK,781,1,0,5,1e-12,0.0119001,0,2.84217e-12,4.68565e-13
LAPACK,782,1,0,5,1e-12,0.0118986,0,3.75167e-12,4.54637e-13
LAPACK,783,1,0,5,1e-12,0.0118268,0,2.85638e-12,4.31753e-13
LAPACK,784,1,0,5,1e-12,0.0119514,0,3.52429e-12,4.42026e-13
LAPACK,785,1,0,5,1e-12,0.011956,0,2.6148e-12,4.96962e-13
LAPACK,786,1,0,5,1e-12,0.01199,0,3.30402e-12,4.38358e-13
LAPACK,787,1,0,5,1e-12,0.0121038,0,2.27374e-12,4.3556e-13
LAPACK,788,1,0,5,1e-12,0.012065,0,5.45697e-12,5.43266e-13
LAPACK,789,1,0,5,1e-12,0.0121136,0,3.41061e-12,4.39272e-13
LAPACK,790,1,0,5,1e-12,0.012184,0,3.99325e-12,4.87074e-13
LAPACK,791,1,0,5,1e-12,0.0120762,0,2.41585e-12,4.3943e-13
LAPACK,792,1,0,5,1e-12,0.0121934,0,2.95586e-12,4.42426e-13
LAPACK,793,1,0,5,1e-12,0.0122315,0,2.95586e-12,4.34576e-13
LAPACK,794,1,0,5,1e-12,0.0123643,0,3.95062e-12,4.83042e-13
LAPACK,795,1,0,5,1e-12,0.0122475,0,2.95586e-12,4.29484e-13
LAPACK,796,1,0,5,1e-12,0.0123224,0,2.72848e-12,4.12316e-13
LAPACK,797,1,0,5,1e-12,0.0123094,0,2.95586e-12,4.09675e-13
LAPACK,798,1,0,5,1e-12,0.0125042,0,3.75167e-12,4.29625e-13
LAPACK,799,1,0,5,1e-12,0.0124407,0,3.06954e-12,4.41177e-13
LAPACK,800,1,0,5,1e-12,0.0124703,0,2.95586e-12,4.58645e-13
LAPACK,801,1,0,5,1e-12,0.0124351,0,2.72848e-12,4.40779e-13
LAPACK,802,1,0,5,1e-12,0.0126319,0,4.88853e-12,5.5645e-13
LAPACK,803,1,0,5,1e-12,0.0125861,0,2.84217e-12,4.35805e-13
LAPACK,804,1,0,5,1e-12,0.0125312,0,3.63798e-12,4.4566e-13
LAPACK,805,1,0,5,1e-12,0.0126496,0,2.84217e-12,4.47764e-13
LAPACK,806,1,0,5,1e-12,0.0126472,0,3.0127e-12,4.44586e-13
LAPACK,807,1,0,5,1e-12,0.0125961,0,2.84217e-12,4.67671e-13
LAPACK,808,1,0,5,1e-12,0.0127461,0,2.72848e-12,4.65762e-13
LAPACK,809,1,0,5,1e-12,0.0127869,0,3.18323e-12,4.34537e-13
LAPACK,810,1,0,5,1e-12,0.0127603,0,2.95586e-12,4.72906e-13
LAPACK,811,1,0,5,1e-12,0.0128408,0,5.11591e-12,4.43515e-13
LAPACK,812,1,0,5,1e-12,0.0129884,0,3.18323e-12,4.46945e-13
LAPACK,813,1,0,5,1e-12,0.012806,0,3.24007e-12,4.34142e-13
LAPACK,814,1,0,5,1e-12,0.0128525,0,3.46745e-12,4.19656e-13
LAPACK,815,1,0,5,1e-12,0.0129584,0,3.52429e-12,4.56111e-13
LAPACK,816,1,0,5,1e-12,0.0130046,0,2.81375e-12,4.24352e-13
LAPACK,817,1,0,5,1e-12,0.0130132,0,2.6148e-12,4.91088e-13
LAPACK,818,1,0,5,1e-12,0.0129926,0,3.86535e-12,4.47414e-13
LAPACK,819,1,0,5,1e-12,0.0131101,0,3.09797e-12,4.4751e-13
LAPACK,820,1,0,5,1e-12,0.0131339,0,3.41061e-12,5.20325e-13
LAPACK,821,1,0,5,1e-12,0.0130636,0,2.72848e-12,4.43384e-13
LAPACK,822,1,0,5,1e-12,0.0132192,0,2.95586e-12,4.59356e-13
LAPACK,823,1,0,5,1e-12,0.0131515,0,3.86535e-12,4.58175e-13
LAPACK,824,1,0,5,1e-12,0.0132404,0,2.84217e-12,4.27519e-13
LAPACK,825,1,0,5,1e-12,0.0132241,0,2.72848e-12,4.2684e-13
LAPACK,826,1,0,5,1e-12,0.0131929,0,2.84217e-12,4.22028e-13
LAPACK,827,1,0,5,1e-12,0.0132069,0,4.60432e-12,4.26731e-13
LAPACK,828,1,0,5,1e-12,0.0132793,0,3.18323e-12,4.2396e-13
LAPACK,829,1,0,5,1e-12,0.0134324,0,2.84217e-12,4.6292e-13
LAPACK,830,1,0,5,1e-12,0.0134221,0,3.68772e-12,4.38122e-13
LAPACK,831,1,0,5,1e-12,0.0136204,0,3.38218e-12,5.10098e-13
LAPACK,832,1,0,5,1e-12,0.0133887,0,2.95586e-12,4.71569e-13
LAPACK,833,1,0,5,1e-12,0.0134982,0,3.41061e-12,4.6472e-13
LAPACK,834,1,0,5,1e-12,0.0136325,0,4.09273e-12,4.35322e-13
LAPACK,835,1,0,5,1e-12,0.0137095,0,2.98428e-12,4.86156e-13
LAPACK,836,1,0,5,1e-12,0.0135865,0,2.84217e-12,4.50758e-13
LAPACK,837,1,0,5,1e-12,0.0136566,0,2.95586e-12,4.63249e-13
LAPACK,838,1,0,5,1e-12,0.0136805,0,4.88853e-12,5.49901e-13
LAPACK,839,1,0,5,1e-12,0.0138428,0,3.0127e-12,4.1911e-13
LAPACK,840,1,0,5,1e-12,0.0137371,0,3.52429e-12,4.5669e-13
LAPACK,841,1,0,5,1e-12,0.0137362,0,3.63798e-12,4.61251e-13
LAPACK,842,1,0,5,1e-12,0.0136825,0,3.41061e-12,4.4365e-13
LAPACK,843,1,0,5,1e-12,0.0139168,0,2.50111e-12,4.19508e-13
LAPACK,844,1,0,5,1e-12,0.0138745,0,3.52429e-12,4.51546e-13
LAPACK,845,1,0,5,1e-12,0.0138669,0,3.58114e-12,4.80009e-13
LAPACK,846,1,0,5,1e-12,0.0139586,0,4.09273e-12,5.38274e-13
LAPACK,847,1,0,5,1e-12,0.0140824,0,4.88853e-12,4.53309e-13
LAPACK,848,1,0,5,1e-12,0.0140292,0,3.41061e-12,4.46949e-13
LAPACK,849,1,0,5,1e-12,0.0140482,0,2.78533e-12,4.74127e-13
LAPACK,850,1,0,5,1e-12,0.0139722,0,3.18323e-12,4.40272e-13
LAPACK,851,1,0,5,1e-12,0.0142249,0,2.95586e-12,4.91742e-13
LAPACK,852,1,0,5,1e-12,0.0139665,0,2.95586e-12,4.71757e-13
LAPACK,853,1,0,5,1e-12,0.0141791,0,3.63798e-12,4.99191e-13
LAPACK,854,1,0,5,1e-12,0.0141858,0,2.95586e-12,4.53152e-13
LAPACK,855,1,0,5,1e-12,0.0142313,0,2.95586e-12,4.46333e-13
LAPACK,856,1,0,5,1e-12,0.0143239,0,2.64322e-12,5.04153e-13
LAPACK,857,1,0,5,1e-12,0.014345,0,3.75167e-12,4.42372e-13
LAPACK,858,1,0,5,1e-12,0.0142662,0,3.75167e-12,4.41391e-13
LAPACK,859,1,0,5,1e-12,0.01428,0,3.18323e-12,5.19209e-13
LAPACK,860,1,0,5,1e-12,0.014302,0,3.0127e-12,4.46881e-13
LAPACK,861,1,0,5,1e-12,0.0144229,0,4.43379e-12,4.45629e-13
LAPACK,862,1,0,5,1e-12,0.0144194,0,2.75691e-12,4.67402e-13
LAPACK,863,1,0,5,1e-12,0.0145455,0,4.09273e-12,5.78783e-13
LAPACK,864,1,0,5,1e-12,0.0145255,0,3.52429e-12,4.27147e-13
LAPACK,865,1,0,5,1e-12,0.0145797,0,3.52429e-12,4.92734e-13
LAPACK,866,1,0,5,1e-12,0.0145472,0,3.75167e-12,4.20208e-13
LAPACK,867,1,0,5,1e-12,0.0146883,0,4.14957e-12,5.11138e-13
LAPACK,868,1,0,5,1e-12,0.0145395,0,3.18323e-12,4.23635e-13
LAPACK,869,1,0,5,1e-12,0.0146937,0,3.11218e-12,4.3829e-13
LAPACK,870,1,0,5,1e-12,0.0147332,0,3.52429e-12,4.62547e-13
LAPACK,871,1,0,5,1e-12,0.0147888,0,4.37694e-12,4.24028e-13
LAPACK,872,1,0,5,1e-12,0.0146267,0,4.3201e-12,5.38758e-13
LAPACK,873,1,0,5,1e-12,0.0147666,0,4.03588e-12,4.16607e-13
LAPACK,874,1,0,5,1e-12,0.0147263,0,3.86535e-12,4.34562e-13
LAPACK,875,1,0,5,1e-12,0.0148265,0,3.41061e-12,5.164e-13
LAPACK,876,1,0,5,1e-12,0.0147264,0,3.06954e-12,4.8549e-13
LAPACK,877,1,0,5,1e-12,0.0148775,0,2.89901e-12,4.52961e-13
LAPACK,878,1,0,5,1e-12,0.0150426,0,3.43903e-12,4.38405e-13
LAPACK,879,1,0,5,1e-12,0.0151197,0,4.77485e-12,5.14331e-13
LAPACK,880,1,0,5,1e-12,0.0149392,0,2.84217e-12,4.77503e-13
LAPACK,881,1,0,5,1e-12,0.0149786,0,4.49063e-12,4.78403e-13
LAPACK,882,1,0,5,1e-12,0.0151003,0,4.03588e-12,4.67875e-13
LAPACK,883,1,0,5,1e-12,0.0151129,0,2.84217e-12,4.31578e-13
LAPACK,884,1,0,5,1e-12,0.0150659,0,3.15481e-12,4.23714e-13
LAPACK,885,1,0,5,1e-12,0.0151983,0,3.86535e-12,4.54172e-13
LAPACK,886,1,0,5,1e-12,0.0152728,0,2.6148e-12,4.50747e-13
LAPACK,887,1,0,5,1e-12,0.0152607,0,4.54747e-12,4.62996e-13
LAPACK,888,1,0,5,1e-12,0.015268,0,4.66116e-12,4.36419e-13
LAPACK,889,1,0,5,1e-12,0.0152722,0,2.89901e-12,5.03441e-13
LAPACK,890,1,0,5,1e-12,0.0152964,0,4.0643e-12,4.43212e-13
LAPACK,891,1,0,5,1e-12,0.0153293,0,4.94538e-12,4.49781e-13
LAPACK,892,1,0,5,1e-12,0.0154079,0,3.63798e-12,4.74117e-13
LAPACK,893,1,0,5,1e-12,0.015376,0,4.88853e-12,4.56848e-13
LAPACK,894,1,0,5,1e-12,0.0155397,0,3.18323e-12,4.51984e-13
LAPACK,895,1,0,5,1e-12,0.015563,0,3.58114e-12,4.66632e-13
LAPACK,896,1,0,5,1e-12,0.0154857,0,2.78533e-12,4.45358e-13
LAPACK,897,1,0,5,1e-12,0.0154811,0,3.24007e-12,5.20701e-13
LAPACK,898,1,0,5,1e-12,0.015381,0,3.18323e-12,4.48629e-13
LAPACK,899,1,0,5,1e-12,0.0154409,0,3.11928e-12,4.36976e-13
LAPACK,900,1,0,5,1e-12,0.0157004,0,2.95586e-12,4.55936e-13
LAPACK,901,1,0,5,1e-12,0.0157007,0,3.86535e-12,5.13851e-13
LAPACK,902,1,0,5,1e-12,0.0156745,0,2.95586e-12,4.60915e-13
LAPACK,903,1,0,5,1e-12,0.0157399,0,3.76588e-12,4.34231e-13
LAPACK,904,1,0,5,1e-12,0.015732,0,2.72848e-12,4.29331e-13
LAPACK,905,1,0,5,1e-12,0.0157654,0,3.86535e-12,4.79368e-13
LAPACK,906,1,0,5,1e-12,0.0158141,0,3.6664e-12,4.69227e-13
LAPACK,907,1,0,5,1e-12,0.0159193,0,3.18323e-12,4.31983e-13
LAPACK,908,1,0,5,1e-12,0.0158286,0,3.9222e-12,5.50877e-13
LAPACK,909,1,0,5,1e-12,0.0159124,0,2.95586e-12,4.56015e-13
LAPACK,910,1,0,5,1e-12,0.0159724,0,2.84217e-12,4.15216e-13
LAPACK,911,1,0,5,1e-12,0.0158833,0,3.29692e-12,4.53017e-13
LAPACK,912,1,0,5,1e-12,0.0160264,0,2.67164e-12,4.40267e-13
LAPACK,913,1,0,5,1e-12,0.016132,0,3.75167e-12,4.32716e-13
LAPACK,914,1,0,5,1e-12,0.0159132,0,3.41061e-12,5.12498e-13
LAPACK,915,1,0,5,1e-12,0.0162073,0,3.63798e-12,5.09484e-13
LAPACK,916,1,0,5,1e-12,0.0161687,0,4.20641e-12,5.73775e-13
LAPACK,917,1,0,5,1e-12,0.0161375,0,3.18323e-12,4.45586e-13
LAPACK,918,1,0,5,1e-12,0.0162286,0,3.52429e-12,4.68802e-13
LAPACK,919,1,0,5,1e-12,0.0163622,0,3.38218e-12,4.97585e-13
LAPACK,920,1,0,5,1e-12,0.0164425,0,3.52429e-12,4.52309e-13
LAPACK,921,1,0,5,1e-12,0.0162493,0,3.97904e-12,4.44104e-13
LAPACK,922,1,0,5,1e-12,0.0163981,0,4.3201e-12,5.4556e-13
LAPACK,923,1,0,5,1e-12,0.0164148,0,4.20641e-12,4.43683e-13
LAPACK,924,1,0,5,1e-12,0.0163736,0,3.06954e-12,4.41973e-13
LAPACK,925,1,0,5,1e-12,0.016585,0,3.60956e-12,4.51531e-13
LAPACK,926,1,0,5,1e-12,0.016523,0,5.11591e-12,5.53073e-13
LAPACK,927,1,0,5,1e-12,0.0165663,0,5.91172e-12,4.25749e-13
LAPACK,928,1,0,5,1e-12,0.0166227,0,3.86535e-12,4.69775e-13
LAPACK,929,1,0,5,1e-12,0.0165767,0,3.52429e-12,4.99281e-13
LAPACK,930,1,0,5,1e-12,0.0166975,0,6.9349e-12,4.81384e-13
LAPACK,931,1,0,5,1e-12,0.0167662,0,4.43379e-12,5.29886e-13
LAPACK,932,1,0,5,1e-12,0.0167666,0,2.84217e-12,4.63463e-13
LAPACK,933,1,0,5,1e-12,0.0166551,0,4.43379e-12,5.7462e-13
LAPACK,934,1,0,5,1e-12,0.016729,0,3.18323e-12,4.56846e-13
LAPACK,935,1,0,5,1e-12,0.0168319,0,4.86011e-12,4.57786e-13
LAPACK,936,1,0,5,1e-12,0.016891,0,3.06954e-12,4.60931e-13
LAPACK,937,1,0,5,1e-12,0.0169795,0,7.38964e-12,4.73611e-13
LAPACK,938,1,0,5,1e-12,0.0168758,0,3.63798e-12,4.2939e-13
LAPACK,939,1,0,5,1e-12,0.0168117,0,3.63798e-12,4.57572e-13
LAPACK,940,1,0,5,1e-12,0.0170107,0,3.29692e-12,4.88669e-13
LAPACK,941,1,0,5,1e-12,0.0171151,0,3.24007e-12,4.3671e-13
LAPACK,942,1,0,5,1e-12,0.0170607,0,2.95586e-12,4.61882e-13
LAPACK,943,1,0,5,1e-12,0.0172034,0,3.86535e-12,4.67232e-13
LAPACK,944,1,0,5,1e-12,0.0171879,0,6.50857e-12,4.56324e-13
LAPACK,945,1,0,5,1e-12,0.0172549,0,3.69482e-12,4.90285e-13
LAPACK,946,1,0,5,1e-12,0.017219,0,3.29692e-12,4.38472e-13
LAPACK,947,1,0,5,1e-12,0.017167,0,3.69482e-12,4.40988e-13
LAPACK,948,1,0,5,1e-12,0.0173609,0,3.46745e-12,4.70982e-13
LAPACK,949,1,0,5,1e-12,0.0173621,0,2.95586e-12,4.42414e-13
LAPACK,950,1,0,5,1e-12,0.0173789,0,3.52429e-12,4.73074e-13
LAPACK,951,1,0,5,1e-12,0.0175072,0,3.63798e-12,4.54621e-13
LAPACK,952,1,0,5,1e-12,0.0174503,0,4.20641e-12,4.84679e-13
LAPACK,953,1,0,5,1e-12,0.0176279,0,3.18323e-12,4.85698e-13
LAPACK,954,1,0,5,1e-12,0.0174735,0,3.12639e-12,4.43953e-13
LAPACK,955,1,0,5,1e-12,0.0176479,0,3.75167e-12,4.79006e-13
LAPACK,956,1,0,5,1e-12,0.0173865,0,3.52429e-12,5.37759e-13
LAPACK,957,1,0,5,1e-12,0.0176217,0,3.46745e-12,4.69342e-13
LAPACK,958,1,0,5,1e-12,0.0175712,0,2.95586e-12,4.64399e-13
LAPACK,959,1,0,5,1e-12,0.0176694,0,3.15481e-12,4.26166e-13
LAPACK,960,1,0,5,1e-12,0.0176448,0,2.84217e-12,4.4898e-13
LAPACK,961,1,0,5,1e-12,0.0178975,0,2.95586e-12,4.59197e-13
LAPACK,962,1,0,5,1e-12,0.0177096,0,3.86535e-12,4.44141e-13
LAPACK,963,1,0,5,1e-12,0.0178025,0,4.3201e-12,5.44522e-13
LAPACK,964,1,0,5,1e-12,0.0178108,0,3.29692e-12,4.69736e-13
LAPACK,965,1,0,5,1e-12,0.0181287,0,5.40012e-12,4.82782e-13
LAPACK,966,1,0,5,1e-12,0.017933,0,4.43379e-12,4.50098e-13
LAPACK,967,1,0,5,1e-12,0.0178048,0,5.68434e-12,5.47832e-13
LAPACK,968,1,0,5,1e-12,0.0179415,0,3.75167e-12,5.12718e-13
LAPACK,969,1,0,5,1e-12,0.0182795,0,5.22959e-12,5.52431e-13
LAPACK,970,1,0,5,1e-12,0.0180257,0,3.12639e-12,4.58751e-13
LAPACK,971,1,0,5,1e-12,0.0180414,0,4.03588e-12,4.54692e-13
LAPACK,972,1,0,5,1e-12,0.0180952,0,3.75167e-12,4.59741e-13
LAPACK,973,1,0,5,1e-12,0.0180396,0,4.20641e-12,4.63437e-13
LAPACK,974,1,0,5,1e-12,0.0182769,0,3.24007e-12,4.47416e-13
LAPACK,975,1,0,5,1e-12,0.0181943,0,2.95586e-12,4.62344e-13
LAPACK,976,1,0,5,1e-12,0.0181782,0,3.29692e-12,4.53417e-13
LAPACK,977,1,0,5,1e-12,0.0182712,0,3.06954e-12,4.52476e-13
LAPACK,978,1,0,5,1e-12,0.018363,0,3.29692e-12,4.42914e-13
LAPACK,979,1,0,5,1e-12,0.0183431,0,4.46221e-12,4.96677e-13
LAPACK,980,1,0,5,1e-12,0.018269,0,4.43379e-12,4.77114e-13
LAPACK,981,1,0,5,1e-12,0.0186095,0,4.43379e-12,4.51089e-13
LAPACK,982,1,0,5,1e-12,0.0183653,0,3.97904e-12,4.72898e-13
LAPACK,983,1,0,5,1e-12,0.0186375,0,5.91172e-12,4.60559e-13
LAPACK,984,1,0,5,1e-12,0.0184893,0,5.91172e-12,5.41063e-13
LAPACK,985,1,0,5,1e-12,0.0188236,0,3.18323e-12,4.47811e-13
LAPACK,986,1,0,5,1e-12,0.0184565,0,3.6664e-12,4.48319e-13
LAPACK,987,1,0,5,1e-12,0.0186745,0,4.20641e-12,4.94955e-13
LAPACK,988,1,0,5,1e-12,0.0187703,0,4.09273e-12,5.21346e-13
LAPACK,989,1,0,5,1e-12,0.0186664,0,3.78009e-12,4.70465e-13
LAPACK,990,1,0,5,1e-12,0.0188812,0,3.97904e-12,4.52263e-13
LAPACK,991,1,0,5,1e-12,0.0189323,0,4.66116e-12,5.4523e-13
LAPACK,992,1,0,5,1e-12,0.0186815,0,2.50111e-12,4.75293e-13
LAPACK,993,1,0,5,1e-12,0.0189574,0,3.52429e-12,4.59298e-13
LAPACK,994,1,0,5,1e-12,0.0189957,0,2.95586e-12,4.32653e-13
LAPACK,995,1,0,5,1e-12,0.0190603,0,4.20641e-12,4.58562e-13
LAPACK,996,1,0,5,1e-12,0.0190442,0,3.75167e-12,4.51779e-13
LAPACK,997,1,0,5,1e-12,0.019298,0,3.08376e-12,4.69133e-13
LAPACK,998,1,0,5,1e-12,0.018949,0,3.63798e-12,4.45102e-13
LAPACK,999,1,0,5,1e-12,0.0191019,0,2.84217e-12,4.62278e-13
LAPACK,1000,1,0,5,1e-12,0.0190143,0,3.52429e-12,4.60803e-13
