version, size, hermitian, complex, seed, tol, runtime in s,min_error, max_error, avg_error
LAPACK,1,1,0,8,1e-12,1.1642e-05,0,0,0
LAPACK,2,1,0,8,1e-12,3.807e-06,0,4.54747e-13,2.27374e-13
LAPACK,3,1,0,8,1e-12,2.404e-06,1.42109e-14,4.54747e-13,1.75267e-13
LAPACK,4,1,0,8,1e-12,1.313e-06,1.13687e-13,4.54747e-13,2.66454e-13
LAPACK,5,1,0,8,1e-12,1.263e-06,3.19744e-14,6.82121e-13,2.42295e-13
LAPACK,6,1,0,8,1e-12,2.074e-06,5.68434e-14,3.41061e-13,1.87702e-13
LAPACK,7,1,0,8,1e-12,1.944e-06,0,3.41061e-13,1.21807e-13
LAPACK,8,1,0,8,1e-12,2.925e-06,0,1.13687e-13,5.24025e-14
LAPACK,9,1,0,8,1e-12,2.775e-06,0,4.54747e-13,1.05792e-13
LAPACK,10,1,0,8,1e-12,4.298e-06,4.26326e-14,6.25278e-13,2.45137e-13
LAPACK,11,1,0,8,1e-12,3.947e-06,0,6.82121e-13,1.01414e-13
LAPACK,12,1,0,8,1e-12,5.55e-06,0,7.95808e-13,1.32339e-13
LAPACK,13,1,0,8,1e-12,6.422e-06,5.68434e-14,6.82121e-13,2.79845e-13
LAPACK,14,1,0,8,1e-12,6.282e-06,0,4.54747e-13,1.1191e-13
LAPACK,15,1,0,8,1e-12,6.953e-06,0,3.41061e-13,1.41635e-13
LAPACK,16,1,0,8,1e-12,9.538e-06,0,5.68434e-13,1.68976e-13
LAPACK,17,1,0,8,1e-12,9.037e-06,0,6.82121e-13,1.56946e-13
LAPACK,18,1,0,8,1e-12,9.578e-06,0,6.82121e-13,1.91847e-13
LAPACK,19,1,0,8,1e-12,1.0149e-05,0,1.36424e-12,2.18211e-13
LAPACK,20,1,0,8,1e-12,1.1542e-05,0,5.68434e-13,1.32161e-13
LAPACK,21,1,0,8,1e-12,1.2403e-05,0,9.09495e-13,1.60041e-13
LAPACK,22,1,0,8,1e-12,1.3235e-05,0,1.02318e-12,1.68754e-13
LAPACK,23,1,0,8,1e-12,1.4758e-05,0,5.68434e-13,1.56474e-13
LAPACK,24,1,0,8,1e-12,1.5219e-05,0,4.54747e-13,1.59576e-13
LAPACK,25,1,0,8,1e-12,1.7253e-05,0,1.02318e-12,1.61435e-13
LAPACK,26,1,0,8,1e-12,1.9487e-05,0,5.68434e-13,1.87611e-13
LAPACK,27,1,0,8,1e-12,2.2422e-05,0,6.82121e-13,2.41321e-13
LAPACK,28,1,0,8,1e-12,2.2983e-05,0,9.66338e-13,1.94257e-13
LAPACK,29,1,0,8,1e-12,2.623e-05,0,1.25056e-12,2.52855e-13
LAPACK,30,1,0,8,1e-12,2.5368e-05,0,1.02318e-12,2.29268e-13
LAPACK,31,1,0,8,1e-12,2.8363e-05,0,6.82121e-13,1.80501e-13
LAPACK,32,1,0,8,1e-12,2.9776e-05,0,7.38964e-13,2.53353e-13
LAPACK,33,1,0,8,1e-12,3.205e-05,0,9.09495e-13,2.18223e-13
LAPACK,34,1,0,8,1e-12,3.4655e-05,0,5.68434e-13,1.63843e-13
LAPACK,35,1,0,8,1e-12,3.2671e-05,0,9.09495e-13,2.02505e-13
LAPACK,36,1,0,8,1e-12,3.5707e-05,0,1.25056e-12,2.37736e-13
LAPACK,37,1,0,8,1e-12,3.8733e-05,0,1.7053e-12,2.63381e-13
LAPACK,38,1,0,8,1e-12,3.8642e-05,1.42109e-14,7.38964e-13,1.99232e-13
LAPACK,39,1,0,8,1e-12,4.3322e-05,0,9.09495e-13,2.01412e-13
LAPACK,40,1,0,8,1e-12,4.1628e-05,0,6.82121e-13,1.60849e-13
LAPACK,41,1,0,8,1e-12,4.6257e-05,0,6.82121e-13,2.10563e-13
LAPACK,42,1,0,8,1e-12,4.8582e-05,0,9.09495e-13,2.2805e-13
LAPACK,43,1,0,8,1e-12,4.804e-05,0,6.82121e-13,1.69456e-13
LAPACK,44,1,0,8,1e-12,4.9253e-05,0,5.68434e-13,1.5535e-13
LAPACK,45,1,0,8,1e-12,5.2749e-05,0,9.09495e-13,2.23268e-13
LAPACK,46,1,0,8,1e-12,5.335e-05,0,1.13687e-12,2.0961e-13
LAPACK,47,1,0,8,1e-12,6.0253e-05,0,9.09495e-13,2.32438e-13
LAPACK,48,1,0,8,1e-12,5.7357e-05,0,7.95808e-13,2.08648e-13
LAPACK,49,1,0,8,1e-12,6.3349e-05,0,1.36424e-12,2.35639e-13
LAPACK,50,1,0,8,1e-12,6.7907e-05,0,1.47793e-12,1.99591e-13
LAPACK,51,1,0,8,1e-12,7.3318e-05,0,1.25056e-12,3.22182e-13
LAPACK,52,1,0,8,1e-12,7.1174e-05,0,1.36424e-12,2.77112e-13
LAPACK,53,1,0,8,1e-12,7.8588e-05,0,7.95808e-13,1.95265e-13
LAPACK,54,1,0,8,1e-12,6.9902e-05,0,1.13687e-12,1.53984e-13
LAPACK,55,1,0,8,1e-12,8.5761e-05,0,1.47793e-12,2.66389e-13
LAPACK,56,1,0,8,1e-12,8.3126e-05,0,7.95808e-13,1.78778e-13
LAPACK,57,1,0,8,1e-12,9.0641e-05,0,1.36424e-12,2.6181e-13
LAPACK,58,1,0,8,1e-12,9.2244e-05,0,7.38964e-13,1.98431e-13
LAPACK,59,1,0,8,1e-12,9.0079e-05,0,1.13687e-12,2.53718e-13
LAPACK,60,1,0,8,1e-12,0.000100338,0,1.13687e-12,2.37084e-13
LAPACK,61,1,0,8,1e-12,0.000102061,0,1.25056e-12,2.85353e-13
LAPACK,62,1,0,8,1e-12,0.000107592,0,1.13687e-12,2.61039e-13
LAPACK,63,1,0,8,1e-12,9.9808e-05,0,1.25056e-12,2.08933e-13
LAPACK,64,1,0,8,1e-12,0.00010094,0,1.59162e-12,2.94181e-13
LAPACK,65,1,0,8,1e-12,0.000108183,0,2.04636e-12,3.57075e-13
LAPACK,66,1,0,8,1e-12,0.000112632,0,1.47793e-12,3.02519e-13
LAPACK,67,1,0,8,1e-12,0.000116138,0,6.82121e-13,2.10273e-13
LAPACK,68,1,0,8,1e-12,0.000112301,0,9.09495e-13,2.52399e-13
LAPACK,69,1,0,8,1e-12,0.000119825,0,1.13687e-12,3.21237e-13
LAPACK,70,1,0,8,1e-12,0.000120546,0,2.16005e-12,2.763e-13
LAPACK,71,1,0,8,1e-12,0.000121138,0,1.08002e-12,2.5552e-13
LAPACK,72,1,0,8,1e-12,0.000129784,0,1.59162e-12,3.25591e-13
LAPACK,73,1,0,8,1e-12,0.000126929,0,1.81899e-12,2.51245e-13
LAPACK,74,1,0,8,1e-12,0.000134803,0,1.42109e-12,2.92547e-13
LAPACK,75,1,0,8,1e-12,0.000135755,0,2.27374e-12,3.05865e-13
LAPACK,76,1,0,8,1e-12,0.000141907,0,1.47793e-12,3.06071e-13
LAPACK,77,1,0,8,1e-12,0.000144892,0,1.7053e-12,2.81449e-13
LAPACK,78,1,0,8,1e-12,0.000139882,0,1.7053e-12,2.982e-13
LAPACK,79,1,0,8,1e-12,0.000144883,0,1.25056e-12,3.01284e-13
LAPACK,80,1,0,8,1e-12,0.000159911,0,1.93268e-12,3.03269e-13
LAPACK,81,1,0,8,1e-12,0.000166082,0,1.25056e-12,2.99766e-13
LAPACK,82,1,0,8,1e-12,0.000153318,0,1.7053e-12,3.09259e-13
LAPACK,83,1,0,8,1e-12,0.0001596,0,3.06954e-12,3.54116e-13
LAPACK,84,1,0,8,1e-12,0.000168306,0,1.7053e-12,2.9348e-13
LAPACK,85,1,0,8,1e-12,0.000173426,0,1.13687e-12,2.7893e-13
LAPACK,86,1,0,8,1e-12,0.00017049,0,2.27374e-12,3.37157e-13
LAPACK,87,1,0,8,1e-12,0.000183294,0,1.93268e-12,4.47867e-13
LAPACK,88,1,0,8,1e-12,0.000190898,0,1.36424e-12,2.954e-13
LAPACK,89,1,0,8,1e-12,0.000192242,0,7.95808e-13,2.50626e-13
LAPACK,90,1,0,8,1e-12,0.000184106,0,2.04636e-12,3.16645e-13
LAPACK,91,1,0,8,1e-12,0.000194295,0,1.47793e-12,2.5603e-13
LAPACK,92,1,0,8,1e-12,0.000209383,0,1.81899e-12,3.47664e-13
LAPACK,93,1,0,8,1e-12,0.000208041,0,1.64846e-12,3.14587e-13
LAPACK,94,1,0,8,1e-12,0.000215224,0,2.50111e-12,3.53023e-13
LAPACK,95,1,0,8,1e-12,0.000211838,0,1.25056e-12,3.05795e-13
LAPACK,96,1,0,8,1e-12,0.000215145,0,1.3074e-12,3.02961e-13
LAPACK,97,1,0,8,1e-12,0.00022338,0,1.47793e-12,2.32923e-13
LAPACK,98,1,0,8,1e-12,0.000222689,0,2.27374e-12,3.18693e-13
LAPACK,99,1,0,8,1e-12,0.000301236,0,1.81899e-12,3.01873e-13
LAPACK,100,1,0,8,1e-12,0.000242886,0,1.19371e-12,2.63327e-13
LAPACK,101,1,0,8,1e-12,0.000250992,0,1.59162e-12,2.63305e-13
LAPACK,102,1,0,8,1e-12,0.00025062,0,2.16005e-12,3.39929e-13
LAPACK,103,1,0,8,1e-12,0.000247665,0,1.7053e-12,3.55703e-13
LAPACK,104,1,0,8,1e-12,0.000262263,0,3.18323e-12,3.94351e-13
LAPACK,105,1,0,8,1e-12,0.000259528,0,1.7053e-12,3.52328e-13
LAPACK,106,1,0,8,1e-12,0.000256632,0,1.13687e-12,2.85574e-13
LAPACK,107,1,0,8,1e-12,0.000273163,0,1.7053e-12,3.48847e-13
LAPACK,108,1,0,8,1e-12,0.000280668,0,2.38742e-12,3.97279e-13
LAPACK,109,1,0,8,1e-12,0.000281399,0,2.04636e-12,3.83546e-13
LAPACK,110,1,0,8,1e-12,0.000287329,0,2.38742e-12,3.97e-13
LAPACK,111,1,0,8,1e-12,0.000283283,0,2.16005e-12,3.70618e-13
LAPACK,112,1,0,8,1e-12,0.000293291,0,1.47793e-12,2.49515e-13
LAPACK,113,1,0,8,1e-12,0.000300785,0,1.81899e-12,3.80659e-13
LAPACK,114,1,0,8,1e-12,0.000307999,0,1.7053e-12,3.46187e-13
LAPACK,115,1,0,8,1e-12,0.000299794,0,1.36424e-12,2.81993e-13
LAPACK,116,1,0,8,1e-12,0.000319189,0,1.7053e-12,3.23588e-13
LAPACK,117,1,0,8,1e-12,0.000320161,0,1.13687e-12,3.55818e-13
LAPACK,118,1,0,8,1e-12,0.00031924,0,2.38742e-12,3.71138e-13
LAPACK,119,1,0,8,1e-12,0.000321484,0,1.47793e-12,3.4315e-13
LAPACK,120,1,0,8,1e-12,0.000328868,0,9.09495e-13,2.78311e-13
LAPACK,121,1,0,8,1e-12,0.000344587,0,2.84217e-12,3.56916e-13
LAPACK,122,1,0,8,1e-12,0.000355978,0,2.16005e-12,4.21244e-13
LAPACK,123,1,0,8,1e-12,0.000355558,0,1.62004e-12,3.70811e-13
LAPACK,124,1,0,8,1e-12,0.0003618,0,2.38742e-12,3.8706e-13
LAPACK,125,1,0,8,1e-12,0.000364525,0,1.59162e-12,3.26082e-13
LAPACK,126,1,0,8,1e-12,0.000399912,0,1.13687e-12,2.54794e-13
LAPACK,127,1,0,8,1e-12,0.00038343,0,2.04636e-12,3.88421e-13
LAPACK,128,1,0,8,1e-12,0.000384612,0,2.50111e-12,4.27072e-13
LAPACK,129,1,0,8,1e-12,0.000376688,0,1.02318e-12,2.97436e-13
LAPACK,130,1,0,8,1e-12,0.000381016,0,1.36424e-12,2.95459e-13
LAPACK,131,1,0,8,1e-12,0.000386787,0,1.81899e-12,3.1049e-13
LAPACK,132,1,0,8,1e-12,0.000412384,0,1.7053e-12,3.51258e-13
LAPACK,133,1,0,8,1e-12,0.000410241,0,1.93268e-12,3.23711e-13
LAPACK,134,1,0,8,1e-12,0.000423977,0,2.04636e-12,3.51394e-13
LAPACK,135,1,0,8,1e-12,0.000407816,0,1.81899e-12,3.40347e-13
LAPACK,136,1,0,8,1e-12,0.000416833,0,2.04636e-12,3.33542e-13
LAPACK,137,1,0,8,1e-12,0.000422754,0,1.13687e-12,3.11441e-13
LAPACK,138,1,0,8,1e-12,0.000430409,0,1.59162e-12,2.99561e-13
LAPACK,139,1,0,8,1e-12,0.00045218,0,1.81899e-12,3.65176e-13
LAPACK,140,1,0,8,1e-12,0.000443193,0,2.84217e-12,3.99844e-13
LAPACK,141,1,0,8,1e-12,0.000444365,0,2.16005e-12,4.00305e-13
LAPACK,142,1,0,8,1e-12,0.000456828,0,2.6148e-12,4.29777e-13
LAPACK,143,1,0,8,1e-12,0.000471306,0,2.04636e-12,3.49817e-13
LAPACK,144,1,0,8,1e-12,0.000472939,0,2.27374e-12,3.58579e-13
LAPACK,145,1,0,8,1e-12,0.00048956,0,1.93268e-12,3.57578e-13
LAPACK,146,1,0,8,1e-12,0.000480162,0,1.93268e-12,3.8833e-13
LAPACK,147,1,0,8,1e-12,0.000499028,0,2.38742e-12,4.35118e-13
LAPACK,148,1,0,8,1e-12,0.000500751,0,2.84217e-12,3.9956e-13
LAPACK,149,1,0,8,1e-12,0.000501552,0,3.06954e-12,3.82651e-13
LAPACK,150,1,0,8,1e-12,0.000511421,0,3.52429e-12,3.96394e-13
LAPACK,151,1,0,8,1e-12,0.000514136,0,2.84217e-12,4.00154e-13
LAPACK,152,1,0,8,1e-12,0.00050579,0,2.38742e-12,3.85706e-13
LAPACK,153,1,0,8,1e-12,0.000528423,0,2.95586e-12,3.99257e-13
LAPACK,154,1,0,8,1e-12,0.000544513,0,1.7053e-12,3.45977e-13
LAPACK,155,1,0,8,1e-12,0.000546517,0,1.81899e-12,3.92889e-13
LAPACK,156,1,0,8,1e-12,0.000547889,0,3.18323e-12,4.44909e-13
LAPACK,157,1,0,8,1e-12,0.000559872,0,2.04636e-12,3.43909e-13
LAPACK,158,1,0,8,1e-12,0.000576793,0,2.95586e-12,4.15925e-13
LAPACK,159,1,0,8,1e-12,0.000569289,0,2.50111e-12,3.98923e-13
LAPACK,160,1,0,8,1e-12,0.000573658,0,1.81899e-12,3.74609e-13
LAPACK,161,1,0,8,1e-12,0.000599787,0,2.50111e-12,4.0303e-13
LAPACK,162,1,0,8,1e-12,0.000591211,0,3.29692e-12,4.81945e-13
LAPACK,163,1,0,8,1e-12,0.000586672,0,2.72848e-12,4.11336e-13
LAPACK,164,1,0,8,1e-12,0.000606209,0,2.72848e-12,4.15822e-13
LAPACK,165,1,0,8,1e-12,0.000601541,0,2.38742e-12,4.42661e-13
LAPACK,166,1,0,8,1e-12,0.000622951,0,2.84217e-12,4.63505e-13
LAPACK,167,1,0,8,1e-12,0.000628922,0,2.27374e-12,3.82575e-13
LAPACK,168,1,0,8,1e-12,0.000629222,0,2.04636e-12,3.93018e-13
LAPACK,169,1,0,8,1e-12,0.000634712,0,3.29692e-12,5.15707e-13
LAPACK,170,1,0,8,1e-12,0.000650482,0,2.6148e-12,4.63279e-13
LAPACK,171,1,0,8,1e-12,0.000656834,0,3.06954e-12,4.3916e-13
LAPACK,172,1,0,8,1e-12,0.000660932,0,4.77485e-12,4.46803e-13
LAPACK,173,1,0,8,1e-12,0.000665801,0,2.95586e-12,3.94447e-13
LAPACK,174,1,0,8,1e-12,0.000669929,0,4.3201e-12,4.901e-13
LAPACK,175,1,0,8,1e-12,0.000672303,0,1.93268e-12,3.65161e-13
LAPACK,176,1,0,8,1e-12,0.000685338,0,3.63798e-12,4.84098e-13
LAPACK,177,1,0,8,1e-12,0.000688123,0,2.38742e-12,4.22331e-13
LAPACK,178,1,0,8,1e-12,0.000703371,0,3.52429e-12,4.19555e-13
LAPACK,179,1,0,8,1e-12,0.000704182,0,2.6148e-12,4.01851e-13
LAPACK,180,1,0,8,1e-12,0.00072913,0,1.87583e-12,4.30361e-13
LAPACK,181,1,0,8,1e-12,0.000712589,0,1.98952e-12,3.56859e-13
LAPACK,182,1,0,8,1e-12,0.000748286,0,1.81899e-12,3.94467e-13
LAPACK,183,1,0,8,1e-12,0.00073439,0,2.16005e-12,4.46738e-13
LAPACK,184,1,0,8,1e-12,0.00076109,0,2.16005e-12,4.36138e-13
LAPACK,185,1,0,8,1e-12,0.000774335,0,1.7053e-12,4.78459e-13
LAPACK,186,1,0,8,1e-12,0.000767862,0,2.27374e-12,4.20991e-13
LAPACK,187,1,0,8,1e-12,0.00076671,0,3.41061e-12,4.55809e-13
LAPACK,188,1,0,8,1e-12,0.000788732,0,2.16005e-12,3.9713e-13
LAPACK,189,1,0,8,1e-12,0.00079844,0,2.38742e-12,3.82663e-13
LAPACK,190,1,0,8,1e-12,0.000794633,0,1.93268e-12,4.02466e-13
LAPACK,191,1,0,8,1e-12,0.000800574,0,1.93268e-12,4.29125e-13
LAPACK,192,1,0,8,1e-12,0.000809721,0,2.95586e-12,4.26874e-13
LAPACK,193,1,0,8,1e-12,0.000805373,0,2.38742e-12,4.05833e-13
LAPACK,194,1,0,8,1e-12,0.000803299,0,2.84217e-12,4.22932e-13
LAPACK,195,1,0,8,1e-12,0.000821753,0,2.6148e-12,4.40179e-13
LAPACK,196,1,0,8,1e-12,0.000828557,0,2.50111e-12,4.397e-13
LAPACK,197,1,0,8,1e-12,0.000859315,0,3.29692e-12,4.6515e-13
LAPACK,198,1,0,8,1e-12,0.000850447,0,2.72848e-12,4.79956e-13
LAPACK,199,1,0,8,1e-12,0.000855928,0,3.18323e-12,4.40543e-13
LAPACK,200,1,0,8,1e-12,0.000887036,0,1.81899e-12,4.29475e-13
LAPACK,201,1,0,8,1e-12,0.000871728,0,4.66116e-12,4.44322e-13
LAPACK,202,1,0,8,1e-12,0.000906804,0,2.16005e-12,3.78963e-13
LAPACK,203,1,0,8,1e-12,0.000914067,0,2.72848e-12,4.40178e-13
LAPACK,204,1,0,8,1e-12,0.00089456,0,2.95586e-12,4.4717e-13
LAPACK,205,1,0,8,1e-12,0.000925038,0,2.27374e-12,4.33785e-13
LAPACK,206,1,0,8,1e-12,0.000907095,0,4.20641e-12,4.87789e-13
LAPACK,207,1,0,8,1e-12,0.000959402,0,3.18323e-12,4.58677e-13
LAPACK,208,1,0,8,1e-12,0.000951918,0,3.18323e-12,4.27595e-13
LAPACK,209,1,0,8,1e-12,0.00096372,0,3.63798e-12,4.52504e-13
LAPACK,210,1,0,8,1e-12,0.00097366,0,3.29692e-12,4.08453e-13
LAPACK,211,1,0,8,1e-12,0.000968329,0,4.3201e-12,4.47732e-13
LAPACK,212,1,0,8,1e-12,0.000983457,0,3.86535e-12,4.11828e-13
LAPACK,213,1,0,8,1e-12,0.000982947,0,2.95586e-12,4.57037e-13
LAPACK,214,1,0,8,1e-12,0.000999548,0,2.50111e-12,4.22687e-13
LAPACK,215,1,0,8,1e-12,0.00101444,0,3.97904e-12,5.36106e-13
LAPACK,216,1,0,8,1e-12,0.0010283,0,3.29692e-12,4.41169e-13
LAPACK,217,1,0,8,1e-12,0.00100394,0,3.41061e-12,4.43258e-13
LAPACK,218,1,0,8,1e-12,0.00102523,0,2.38742e-12,4.60775e-13
LAPACK,219,1,0,8,1e-12,0.00103823,0,2.84217e-12,4.77378e-13
LAPACK,220,1,0,8,1e-12,0.00102255,0,2.6148e-12,4.29392e-13
LAPACK,221,1,0,8,1e-12,0.00105985,0,3.29692e-12,4.35651e-13
LAPACK,222,1,0,8,1e-12,0.00107063,0,3.18323e-12,4.78485e-13
LAPACK,223,1,0,8,1e-12,0.00106876,0,2.55795e-12,4.10637e-13
LAPACK,224,1,0,8,1e-12,0.00109031,0,3.06954e-12,4.83724e-13
LAPACK,225,1,0,8,1e-12,0.00111268,0,1.81899e-12,4.07408e-13
LAPACK,226,1,0,8,1e-12,0.00109055,0,2.38742e-12,4.40686e-13
LAPACK,227,1,0,8,1e-12,0.00112035,0,2.27374e-12,3.75519e-13
LAPACK,228,1,0,8,1e-12,0.00112665,0,3.75167e-12,4.67951e-13
LAPACK,229,1,0,8,1e-12,0.00112744,0,2.27374e-12,3.80229e-13
LAPACK,230,1,0,8,1e-12,0.00115001,0,3.29692e-12,4.57195e-13
LAPACK,231,1,0,8,1e-12,0.00116004,0,3.06954e-12,4.73359e-13
LAPACK,232,1,0,8,1e-12,0.00116751,0,2.72848e-12,4.14467e-13
LAPACK,233,1,0,8,1e-12,0.00117115,0,2.6148e-12,4.6233e-13
LAPACK,234,1,0,8,1e-12,0.00117306,0,3.18323e-12,4.14756e-13
LAPACK,235,1,0,8,1e-12,0.0011915,0,3.97904e-12,4.55168e-13
LAPACK,236,1,0,8,1e-12,0.00120227,0,1.7053e-12,3.26515e-13
LAPACK,237,1,0,8,1e-12,0.00120674,0,3.97904e-12,4.73399e-13
LAPACK,238,1,0,8,1e-12,0.00122585,0,3.41061e-12,4.73591e-13
LAPACK,239,1,0,8,1e-12,0.00121395,0,3.75167e-12,4.24134e-13
LAPACK,240,1,0,8,1e-12,0.00122271,0,4.43379e-12,4.75897e-13
LAPACK,241,1,0,8,1e-12,0.00127035,0,2.16005e-12,3.76862e-13
LAPACK,242,1,0,8,1e-12,0.00125121,0,2.72848e-12,4.92824e-13
LAPACK,243,1,0,8,1e-12,0.00124972,0,2.84217e-12,4.75311e-13
LAPACK,244,1,0,8,1e-12,0.00129682,0,4.66116e-12,4.04528e-13
LAPACK,245,1,0,8,1e-12,0.00127091,0,3.52429e-12,4.89572e-13
LAPACK,246,1,0,8,1e-12,0.00132896,0,1.76215e-12,4.52633e-13
LAPACK,247,1,0,8,1e-12,0.00131123,0,3.52429e-12,4.03383e-13
LAPACK,248,1,0,8,1e-12,0.00131193,0,2.50111e-12,4.55351e-13
LAPACK,249,1,0,8,1e-12,0.00135002,0,1.80478e-12,4.12863e-13
LAPACK,250,1,0,8,1e-12,0.0013284,0,2.84217e-12,4.45236e-13
LAPACK,251,1,0,8,1e-12,0.00137667,0,2.04636e-12,4.34878e-13
LAPACK,252,1,0,8,1e-12,0.00136993,0,2.38742e-12,4.29333e-13
LAPACK,253,1,0,8,1e-12,0.00136843,0,2.50111e-12,5.23946e-13
LAPACK,254,1,0,8,1e-12,0.00139119,0,2.72848e-12,3.84065e-13
LAPACK,255,1,0,8,1e-12,0.00139072,0,2.95586e-12,4.8968e-13
LAPACK,256,1,0,8,1e-12,0.00139748,0,3.18323e-12,3.77205e-13
LAPACK,257,1,0,8,1e-12,0.00141743,0,1.53477e-12,3.65886e-13
LAPACK,258,1,0,8,1e-12,0.00144068,0,4.43379e-12,4.13974e-13
LAPACK,259,1,0,8,1e-12,0.00140169,0,2.84217e-12,3.93442e-13
LAPACK,260,1,0,8,1e-12,0.00143785,0,4.43379e-12,4.62615e-13
LAPACK,261,1,0,8,1e-12,0.00144133,0,3.29692e-12,4.71519e-13
LAPACK,262,1,0,8,1e-12,0.00145993,0,1.81899e-12,3.45345e-13
LAPACK,263,1,0,8,1e-12,0.00146021,0,1.81899e-12,3.63574e-13
LAPACK,264,1,0,8,1e-12,0.00150025,0,3.41061e-12,4.12364e-13
LAPACK,265,1,0,8,1e-12,0.00148536,0,3.06954e-12,4.14124e-13
LAPACK,266,1,0,8,1e-12,0.00148113,0,3.86535e-12,4.00504e-13
LAPACK,267,1,0,8,1e-12,0.00146964,0,3.18323e-12,5.03107e-13
LAPACK,268,1,0,8,1e-12,0.00151801,0,2.59703e-12,4.44796e-13
LAPACK,269,1,0,8,1e-12,0.0015523,0,2.27374e-12,3.99879e-13
LAPACK,270,1,0,8,1e-12,0.00152318,0,2.38742e-12,4.40618e-13
LAPACK,271,1,0,8,1e-12,0.00153148,0,2.38742e-12,4.39252e-13
LAPACK,272,1,0,8,1e-12,0.00155237,0,3.18323e-12,4.94905e-13
LAPACK,273,1,0,8,1e-12,0.0016084,0,2.6148e-12,4.44238e-13
LAPACK,274,1,0,8,1e-12,0.00156465,0,2.16005e-12,3.46796e-13
LAPACK,275,1,0,8,1e-12,0.00159605,0,1.98952e-12,3.94222e-13
LAPACK,276,1,0,8,1e-12,0.00162216,0,2.95586e-12,4.88764e-13
LAPACK,277,1,0,8,1e-12,0.00160326,0,2.87059e-12,3.6735e-13
LAPACK,278,1,0,8,1e-12,0.00160942,0,3.41061e-12,4.55727e-13
LAPACK,279,1,0,8,1e-12,0.00163733,0,3.29692e-12,4.52528e-13
LAPACK,280,1,0,8,1e-12,0.00165389,0,3.41061e-12,4.89809e-13
LAPACK,281,1,0,8,1e-12,0.00167349,0,2.55795e-12,4.36035e-13
LAPACK,282,1,0,8,1e-12,0.00164774,0,2.44427e-12,3.99579e-13
LAPACK,283,1,0,8,1e-12,0.00168288,0,2.38742e-12,4.23502e-13
LAPACK,284,1,0,8,1e-12,0.00170619,0,2.16005e-12,3.84721e-13
LAPACK,285,1,0,8,1e-12,0.0016937,0,2.72848e-12,4.28313e-13
LAPACK,286,1,0,8,1e-12,0.00171742,0,4.54747e-12,4.77526e-13
LAPACK,287,1,0,8,1e-12,0.00174266,0,1.59162e-12,3.59558e-13
LAPACK,288,1,0,8,1e-12,0.00173781,0,1.47793e-12,3.54739e-13
LAPACK,289,1,0,8,1e-12,0.00173451,0,2.38742e-12,3.62286e-13
LAPACK,290,1,0,8,1e-12,0.00174575,0,3.52429e-12,5.04455e-13
LAPACK,291,1,0,8,1e-12,0.00180233,0,3.52429e-12,5.62143e-13
LAPACK,292,1,0,8,1e-12,0.00178302,0,1.87583e-12,3.474e-13
LAPACK,293,1,0,8,1e-12,0.00180091,0,2.84217e-12,3.55071e-13
LAPACK,294,1,0,8,1e-12,0.00181365,0,3.63798e-12,4.21842e-13
LAPACK,295,1,0,8,1e-12,0.00183031,0,2.13163e-12,4.19305e-13
LAPACK,296,1,0,8,1e-12,0.00185327,0,2.6148e-12,4.62376e-13
LAPACK,297,1,0,8,1e-12,0.00184874,0,2.84217e-12,4.47067e-13
LAPACK,298,1,0,8,1e-12,0.00187159,0,3.06954e-12,4.66603e-13
LAPACK,299,1,0,8,1e-12,0.0018656,0,4.20641e-12,4.57497e-13
LAPACK,300,1,0,8,1e-12,0.00187493,0,4.3201e-12,4.39488e-13
LAPACK,301,1,0,8,1e-12,0.00190315,0,3.97904e-12,4.81058e-13
LAPACK,302,1,0,8,1e-12,0.00192428,0,3.29692e-12,4.08372e-13
LAPACK,303,1,0,8,1e-12,0.00192477,0,2.38742e-12,4.71268e-13
LAPACK,304,1,0,8,1e-12,0.00191038,0,2.50111e-12,3.64037e-13
LAPACK,305,1,0,8,1e-12,0.00195404,0,4.43379e-12,4.4124e-13
LAPACK,306,1,0,8,1e-12,0.00194297,0,2.89901e-12,4.19457e-13
LAPACK,307,1,0,8,1e-12,0.00198963,0,3.18323e-12,4.85539e-13
LAPACK,308,1,0,8,1e-12,0.00194391,0,4.66116e-12,5.04919e-13
LAPACK,309,1,0,8,1e-12,0.00197807,0,4.09273e-12,5.10999e-13
LAPACK,310,1,0,8,1e-12,0.00197408,0,3.63798e-12,4.90444e-13
LAPACK,311,1,0,8,1e-12,0.00199165,0,2.95586e-12,5.33391e-13
LAPACK,312,1,0,8,1e-12,0.00206021,0,2.50111e-12,5.24963e-13
LAPACK,313,1,0,8,1e-12,0.00204993,0,3.63798e-12,4.65298e-13
LAPACK,314,1,0,8,1e-12,0.00206615,0,2.95586e-12,5.62333e-13
LAPACK,315,1,0,8,1e-12,0.00208549,0,3.86535e-12,4.19758e-13
LAPACK,316,1,0,8,1e-12,0.00207594,0,4.09273e-12,4.92392e-13
LAPACK,317,1,0,8,1e-12,0.00207531,0,1.81899e-12,3.789e-13
LAPACK,318,1,0,8,1e-12,0.00210137,0,2.38742e-12,4.07469e-13
LAPACK,319,1,0,8,1e-12,0.00214882,0,3.18323e-12,4.22402e-13
LAPACK,320,1,0,8,1e-12,0.00211051,0,2.38742e-12,4.27446e-13
LAPACK,321,1,0,8,1e-12,0.00215426,0,2.84217e-12,4.35423e-13
LAPACK,322,1,0,8,1e-12,0.00214822,0,1.93268e-12,3.93953e-13
LAPACK,323,1,0,8,1e-12,0.00220535,0,3.06954e-12,5.05726e-13
LAPACK,324,1,0,8,1e-12,0.00217493,0,5.11591e-12,4.84379e-13
LAPACK,325,1,0,8,1e-12,0.00222037,0,2.72848e-12,4.1245e-13
LAPACK,326,1,0,8,1e-12,0.00224223,0,3.06954e-12,4.62869e-13
LAPACK,327,1,0,8,1e-12,0.00221769,0,2.38742e-12,4.08777e-13
LAPACK,328,1,0,8,1e-12,0.00226052,0,2.6148e-12,4.70257e-13
LAPACK,329,1,0,8,1e-12,0.00228454,0,3.41061e-12,4.57659e-13
LAPACK,330,1,0,8,1e-12,0.00225419,0,2.95586e-12,4.42893e-13
LAPACK,331,1,0,8,1e-12,0.00227161,0,2.95586e-12,5.16507e-13
LAPACK,332,1,0,8,1e-12,0.00233024,0,2.16005e-12,3.94033e-13
LAPACK,333,1,0,8,1e-12,0.00230915,0,2.84217e-12,4.6364e-13
LAPACK,334,1,0,8,1e-12,0.00230702,0,1.81899e-12,4.14815e-13
LAPACK,335,1,0,8,1e-12,0.00233822,0,4.54747e-12,3.85593e-13
LAPACK,336,1,0,8,1e-12,0.0024039,0,3.06954e-12,5.16313e-13
LAPACK,337,1,0,8,1e-12,0.00234446,0,2.6148e-12,4.27014e-13
LAPACK,338,1,0,8,1e-12,0.00235616,0,2.16005e-12,4.58004e-13
LAPACK,339,1,0,8,1e-12,0.00242472,0,2.95586e-12,5.15578e-13
LAPACK,340,1,0,8,1e-12,0.00242146,0,3.52429e-12,5.05879e-13
LAPACK,341,1,0,8,1e-12,0.00243561,0,2.38742e-12,4.01589e-13
LAPACK,342,1,0,8,1e-12,0.00247592,0,2.55795e-12,4.92874e-13
LAPACK,343,1,0,8,1e-12,0.00251295,0,2.84217e-12,4.93487e-13
LAPACK,344,1,0,8,1e-12,0.00248745,0,2.38742e-12,4.14855e-13
LAPACK,345,1,0,8,1e-12,0.00244398,0,3.86535e-12,5.27321e-13
LAPACK,346,1,0,8,1e-12,0.00251696,0,3.41061e-12,4.69237e-13
LAPACK,347,1,0,8,1e-12,0.00252689,0,2.72848e-12,5.00864e-13
LAPACK,348,1,0,8,1e-12,0.00252104,0,4.09273e-12,4.95103e-13
LAPACK,349,1,0,8,1e-12,0.00258933,0,6.36646e-12,5.35781e-13
LAPACK,350,1,0,8,1e-12,0.00256055,0,2.84217e-12,5.11607e-13
LAPACK,351,1,0,8,1e-12,0.00252953,0,1.87583e-12,3.93276e-13
LAPACK,352,1,0,8,1e-12,0.00262702,0,2.84217e-12,4.4698e-13
LAPACK,353,1,0,8,1e-12,0.00258335,0,2.38742e-12,4.37827e-13
LAPACK,354,1,0,8,1e-12,0.00262498,0,2.95586e-12,4.62397e-13
LAPACK,355,1,0,8,1e-12,0.00262554,0,3.06954e-12,5.10547e-13
LAPACK,356,1,0,8,1e-12,0.00270011,0,3.29692e-12,4.74116e-13
LAPACK,357,1,0,8,1e-12,0.00263985,0,2.16005e-12,3.86154e-13
LAPACK,358,1,0,8,1e-12,0.00265179,0,2.50111e-12,4.02848e-13
LAPACK,359,1,0,8,1e-12,0.00266715,0,3.29692e-12,4.17879e-13
LAPACK,360,1,0,8,1e-12,0.00268491,0,2.72848e-12,4.36878e-13
LAPACK,361,1,0,8,1e-12,0.00270215,0,1.93268e-12,4.43165e-13
LAPACK,362,1,0,8,1e-12,0.00271018,0,3.75167e-12,5.18764e-13
LAPACK,363,1,0,8,1e-12,0.00278745,0,3.52429e-12,5.93222e-13
LAPACK,364,1,0,8,1e-12,0.00276381,0,2.16005e-12,4.36742e-13
LAPACK,365,1,0,8,1e-12,0.00276178,0,2.50111e-12,3.98027e-13
LAPACK,366,1,0,8,1e-12,0.00282269,0,3.29692e-12,5.04746e-13
LAPACK,367,1,0,8,1e-12,0.00280116,0,5.11591e-12,5.25422e-13
LAPACK,368,1,0,8,1e-12,0.00281995,0,3.18323e-12,3.92183e-13
LAPACK,369,1,0,8,1e-12,0.00282373,0,2.38742e-12,4.48495e-13
LAPACK,370,1,0,8,1e-12,0.00283176,0,3.52429e-12,4.83305e-13
LAPACK,371,1,0,8,1e-12,0.0028651,0,5.79803e-12,5.71661e-13
LAPACK,372,1,0,8,1e-12,0.00290034,0,4.09273e-12,4.76887e-13
LAPACK,373,1,0,8,1e-12,0.00286077,0,2.30216e-12,4.08585e-13
LAPACK,374,1,0,8,1e-12,0.00288698,0,2.6148e-12,4.939e-13
LAPACK,375,1,0,8,1e-12,0.00292429,0,1.81899e-12,3.72108e-13
LAPACK,376,1,0,8,1e-12,0.00292823,0,4.77485e-12,6.27187e-13
LAPACK,377,1,0,8,1e-12,0.00294218,0,2.50111e-12,4.55867e-13
LAPACK,378,1,0,8,1e-12,0.00293929,0,2.95586e-12,4.20396e-13
LAPACK,379,1,0,8,1e-12,0.00298697,0,3.29692e-12,4.09675e-13
LAPACK,380,1,0,8,1e-12,0.00304255,0,3.52429e-12,4.61237e-13
LAPACK,381,1,0,8,1e-12,0.00303033,0,3.06954e-12,4.73492e-13
LAPACK,382,1,0,8,1e-12,0.00303545,0,6.0254e-12,5.04246e-13
LAPACK,383,1,0,8,1e-12,0.00304207,0,2.72848e-12,4.17993e-13
LAPACK,384,1,0,8,1e-12,0.00308252,0,1.9682e-12,4.18865e-13
LAPACK,385,1,0,8,1e-12,0.00307092,0,2.70006e-12,5.15386e-13
LAPACK,386,1,0,8,1e-12,0.00308015,0,2.18847e-12,4.17136e-13
LAPACK,387,1,0,8,1e-12,0.00309038,0,2.27374e-12,4.4894e-13
LAPACK,388,1,0,8,1e-12,0.00309919,0,2.38742e-12,4.28729e-13
LAPACK,389,1,0,8,1e-12,0.00308549,0,3.29692e-12,5.40693e-13
LAPACK,390,1,0,8,1e-12,0.00311308,0,2.84217e-12,4.0339e-13
LAPACK,391,1,0,8,1e-12,0.00315215,0,5.00222e-12,4.14445e-13
LAPACK,392,1,0,8,1e-12,0.00314845,0,3.80851e-12,4.21065e-13
LAPACK,393,1,0,8,1e-12,0.00314416,0,1.93268e-12,4.0644e-13
LAPACK,394,1,0,8,1e-12,0.00314862,0,2.38742e-12,5.07614e-13
LAPACK,395,1,0,8,1e-12,0.0031773,0,5.17275e-12,4.40445e-13
LAPACK,396,1,0,8,1e-12,0.00323034,0,3.18323e-12,5.03302e-13
LAPACK,397,1,0,8,1e-12,0.00322434,0,3.75167e-12,5.16614e-13
LAPACK,398,1,0,8,1e-12,0.00332401,0,3.63798e-12,4.95652e-13
LAPACK,399,1,0,8,1e-12,0.00324845,0,4.77485e-12,5.10586e-13
LAPACK,400,1,0,8,1e-12,0.00329986,0,1.98952e-12,4.19207e-13
LAPACK,401,1,0,8,1e-12,0.00325027,0,4.54747e-12,4.24965e-13
LAPACK,402,1,0,8,1e-12,0.0033472,0,4.77485e-12,5.23863e-13
LAPACK,403,1,0,8,1e-12,0.0033055,0,4.43379e-12,6.07118e-13
LAPACK,404,1,0,8,1e-12,0.00337298,0,4.20641e-12,5.66544e-13
LAPACK,405,1,0,8,1e-12,0.0033492,0,3.97904e-12,5.92877e-13
LAPACK,406,1,0,8,1e-12,0.00336559,0,2.16005e-12,4.04665e-13
LAPACK,407,1,0,8,1e-12,0.00341488,0,4.54747e-12,5.15663e-13
LAPACK,408,1,0,8,1e-12,0.0034275,0,4.43379e-12,6.17819e-13
LAPACK,409,1,0,8,1e-12,0.00343633,0,3.06954e-12,4.04743e-13
LAPACK,410,1,0,8,1e-12,0.00343167,0,4.54747e-12,6.36949e-13
LAPACK,411,1,0,8,1e-12,0.00345379,0,4.54747e-12,6.01323e-13
LAPACK,412,1,0,8,1e-12,0.00346203,0,4.54747e-12,5.39831e-13
LAPACK,413,1,0,8,1e-12,0.00352369,0,3.75167e-12,6.22554e-13
LAPACK,414,1,0,8,1e-12,0.0035342,0,6.13909e-12,6.55277e-13
LAPACK,415,1,0,8,1e-12,0.00357496,0,3.75167e-12,5.31382e-13
LAPACK,416,1,0,8,1e-12,0.00352936,0,2.84217e-12,4.40231e-13
LAPACK,417,1,0,8,1e-12,0.00355515,0,3.75167e-12,5.70281e-13
LAPACK,418,1,0,8,1e-12,0.00358004,0,5.22959e-12,5.267e-13
LAPACK,419,1,0,8,1e-12,0.0035622,0,4.66116e-12,6.56289e-13
LAPACK,420,1,0,8,1e-12,0.00359889,0,3.63798e-12,5.70378e-13
LAPACK,421,1,0,8,1e-12,0.00363442,0,3.63798e-12,5.3135e-13
LAPACK,422,1,0,8,1e-12,0.00364529,0,5.57066e-12,6.23482e-13
LAPACK,423,1,0,8,1e-12,0.00366302,0,4.20641e-12,6.24487e-13
LAPACK,424,1,0,8,1e-12,0.00369609,0,5.91172e-12,5.12891e-13
LAPACK,425,1,0,8,1e-12,0.00369444,0,4.20641e-12,6.23608e-13
LAPACK,426,1,0,8,1e-12,0.00370588,0,4.77485e-12,6.08932e-13
LAPACK,427,1,0,8,1e-12,0.00372187,0,2.95586e-12,4.60754e-13
LAPACK,428,1,0,8,1e-12,0.00376829,0,4.43379e-12,5.9513e-13
LAPACK,429,1,0,8,1e-12,0.00374155,0,3.06954e-12,4.53351e-13
LAPACK,430,1,0,8,1e-12,0.00379613,0,2.72848e-12,4.7596e-13
LAPACK,431,1,0,8,1e-12,0.00373333,0,4.66116e-12,6.31085e-13
LAPACK,432,1,0,8,1e-12,0.0038074,0,5.79803e-12,6.60365e-13
LAPACK,433,1,0,8,1e-12,0.00389353,0,2.95586e-12,5.02012e-13
LAPACK,434,1,0,8,1e-12,0.00387288,0,5.45697e-12,6.40965e-13
LAPACK,435,1,0,8,1e-12,0.00389161,0,3.35376e-12,4.86309e-13
LAPACK,436,1,0,8,1e-12,0.00392289,0,4.3201e-12,5.55971e-13
LAPACK,437,1,0,8,1e-12,0.00390054,0,6.36646e-12,6.32283e-13
LAPACK,438,1,0,8,1e-12,0.0039123,0,3.97904e-12,5.82279e-13
LAPACK,439,1,0,8,1e-12,0.00389888,0,2.72848e-12,4.89812e-13
LAPACK,440,1,0,8,1e-12,0.00392307,0,5.91172e-12,5.69229e-13
LAPACK,441,1,0,8,1e-12,0.00392903,0,4.3201e-12,5.33624e-13
LAPACK,442,1,0,8,1e-12,0.00399506,0,4.88853e-12,5.3612e-13
LAPACK,443,1,0,8,1e-12,0.00406645,0,2.6148e-12,4.68164e-13
LAPACK,444,1,0,8,1e-12,0.00402163,0,3.41061e-12,6.51536e-13
LAPACK,445,1,0,8,1e-12,0.00402411,0,1.93268e-12,3.65231e-13
LAPACK,446,1,0,8,1e-12,0.00405217,0,2.67164e-12,4.37356e-13
LAPACK,447,1,0,8,1e-12,0.00407948,0,4.88853e-12,5.20359e-13
LAPACK,448,1,0,8,1e-12,0.00411213,0,5.11591e-12,6.02856e-13
LAPACK,449,1,0,8,1e-12,0.00409707,0,2.89901e-12,3.86725e-13
LAPACK,450,1,0,8,1e-12,0.0041206,0,2.38742e-12,4.67452e-13
LAPACK,451,1,0,8,1e-12,0.00410483,0,3.41061e-12,5.91535e-13
LAPACK,452,1,0,8,1e-12,0.00412853,0,3.06954e-12,4.01082e-13
LAPACK,453,1,0,8,1e-12,0.00415871,0,5.00222e-12,6.14732e-13
LAPACK,454,1,0,8,1e-12,0.00416437,0,5.11591e-12,6.11842e-13
LAPACK,455,1,0,8,1e-12,0.00419242,0,2.50111e-12,4.42466e-13
LAPACK,456,1,0,8,1e-12,0.00427648,0,4.54747e-12,6.17452e-13
LAPACK,457,1,0,8,1e-12,0.00422735,0,3.52429e-12,5.55647e-13
LAPACK,458,1,0,8,1e-12,0.00425081,0,3.41061e-12,5.06037e-13
LAPACK,459,1,0,8,1e-12,0.00425199,0,4.66116e-12,6.06812e-13
LAPACK,460,1,0,8,1e-12,0.00433609,0,6.13909e-12,6.49172e-13
LAPACK,461,1,0,8,1e-12,0.0043277,0,3.86535e-12,6.48597e-13
LAPACK,462,1,0,8,1e-12,0.00444427,0,3.18323e-12,4.77585e-13
LAPACK,463,1,0,8,1e-12,0.0043741,0,4.20641e-12,6.26743e-13
LAPACK,464,1,0,8,1e-12,0.00436373,0,6.0254e-12,6.65875e-13
LAPACK,465,1,0,8,1e-12,0.00451043,0,4.43379e-12,4.95813e-13
LAPACK,466,1,0,8,1e-12,0.00442062,0,4.20641e-12,6.23515e-13
LAPACK,467,1,0,8,1e-12,0.00443398,0,4.43379e-12,6.20103e-13
LAPACK,468,1,0,8,1e-12,0.00445033,0,4.3201e-12,6.01256e-13
LAPACK,469,1,0,8,1e-12,0.00444562,0,5.68434e-12,6.05863e-13
LAPACK,470,1,0,8,1e-12,0.00451346,0,5.00222e-12,6.41403e-13
LAPACK,471,1,0,8,1e-12,0.00453541,0,2.6148e-12,4.57232e-13
LAPACK,472,1,0,8,1e-12,0.00454596,0,5.91172e-12,6.31016e-13
LAPACK,473,1,0,8,1e-12,0.00453968,0,4.54747e-12,6.27206e-13
LAPACK,474,1,0,8,1e-12,0.0045833,0,5.00222e-12,6.39858e-13
LAPACK,475,1,0,8,1e-12,0.00466826,0,3.06954e-12,4.90469e-13
LAPACK,476,1,0,8,1e-12,0.00456252,0,4.20641e-12,6.49945e-13
LAPACK,477,1,0,8,1e-12,0.00461364,0,4.88853e-12,6.31052e-13
LAPACK,478,1,0,8,1e-12,0.00465277,0,3.69482e-12,5.0821e-13
LAPACK,479,1,0,8,1e-12,0.00462239,0,5.22959e-12,6.17448e-13
LAPACK,480,1,0,8,1e-12,0.00466541,0,4.54747e-12,6.90053e-13
LAPACK,481,1,0,8,1e-12,0.00474568,0,3.52429e-12,5.18207e-13
LAPACK,482,1,0,8,1e-12,0.00467897,0,6.0254e-12,5.50152e-13
LAPACK,483,1,0,8,1e-12,0.00472393,0,5.00222e-12,6.33367e-13
LAPACK,484,1,0,8,1e-12,0.00472127,0,2.38742e-12,5.67213e-13
LAPACK,485,1,0,8,1e-12,0.00482546,0,3.52429e-12,4.67967e-13
LAPACK,486,1,0,8,1e-12,0.00478042,0,3.41061e-12,5.05483e-13
LAPACK,487,1,0,8,1e-12,0.00488882,0,3.75167e-12,5.20497e-13
LAPACK,488,1,0,8,1e-12,0.00485602,0,4.77485e-12,7.03925e-13
LAPACK,489,1,0,8,1e-12,0.00491964,0,5.11591e-12,6.83115e-13
LAPACK,490,1,0,8,1e-12,0.00491369,0,3.18323e-12,5.66852e-13
LAPACK,491,1,0,8,1e-12,0.00485061,0,4.88853e-12,6.1299e-13
LAPACK,492,1,0,8,1e-12,0.00493404,0,4.54747e-12,6.40714e-13
LAPACK,493,1,0,8,1e-12,0.00493503,0,5.22959e-12,6.50314e-13
LAPACK,494,1,0,8,1e-12,0.00497358,0,5.68434e-12,6.24231e-13
LAPACK,495,1,0,8,1e-12,0.00503233,0,4.20641e-12,5.0915e-13
LAPACK,496,1,0,8,1e-12,0.00501553,0,4.88853e-12,6.49985e-13
LAPACK,497,1,0,8,1e-12,0.0050759,0,3.18323e-12,5.63164e-13
LAPACK,498,1,0,8,1e-12,0.00502405,0,4.54747e-12,6.7764e-13
LAPACK,499,1,0,8,1e-12,0.00502663,0,3.06954e-12,5.37558e-13
LAPACK,500,1,0,8,1e-12,0.00504672,0,4.20641e-12,5.32542e-13
LAPACK,501,1,0,8,1e-12,0.00512884,0,2.84217e-12,4.31593e-13
LAPACK,502,1,0,8,1e-12,0.00511334,0,3.41061e-12,5.32517e-13
LAPACK,503,1,0,8,1e-12,0.00512259,0,2.6148e-12,3.93927e-13
LAPACK,504,1,0,8,1e-12,0.00518587,0,3.06954e-12,5.01139e-13
LAPACK,505,1,0,8,1e-12,0.00522604,0,3.06954e-12,5.37681e-13
LAPACK,506,1,0,8,1e-12,0.00514148,0,4.66116e-12,6.7714e-13
LAPACK,507,1,0,8,1e-12,0.005211,0,6.0254e-12,7.0852e-13
LAPACK,508,1,0,8,1e-12,0.00519249,0,3.10152e-12,4.55014e-13
LAPACK,509,1,0,8,1e-12,0.00525069,0,8.86757e-12,6.91852e-13
LAPACK,510,1,0,8,1e-12,0.00525273,0,5.91172e-12,6.40619e-13
LAPACK,511,1,0,8,1e-12,0.00534351,0,4.09273e-12,5.01571e-13
LAPACK,512,1,0,8,1e-12,0.00525319,0,1.93268e-12,3.68643e-13
LAPACK,513,1,0,8,1e-12,0.00538374,0,4.54747e-12,5.32932e-13
LAPACK,514,1,0,8,1e-12,0.00536865,0,3.41061e-12,5.33936e-13
LAPACK,515,1,0,8,1e-12,0.00534405,0,4.54747e-12,6.85489e-13
LAPACK,516,1,0,8,1e-12,0.00539005,0,2.95586e-12,5.08436e-13
LAPACK,517,1,0,8,1e-12,0.00540988,0,7.38964e-12,6.88785e-13
LAPACK,518,1,0,8,1e-12,0.00545023,0,3.41061e-12,4.98322e-13
LAPACK,519,1,0,8,1e-12,0.00544795,0,4.09273e-12,5.54876e-13
LAPACK,520,1,0,8,1e-12,0.00542407,0,2.58638e-12,4.59236e-13
LAPACK,521,1,0,8,1e-12,0.00550242,0,4.88853e-12,6.40695e-13
LAPACK,522,1,0,8,1e-12,0.00548396,0,5.11591e-12,6.73644e-13
LAPACK,523,1,0,8,1e-12,0.00561116,0,3.75167e-12,4.52456e-13
LAPACK,524,1,0,8,1e-12,0.00554519,0,4.54747e-12,7.08334e-13
LAPACK,525,1,0,8,1e-12,0.00555175,0,6.13909e-12,7.32539e-13
LAPACK,526,1,0,8,1e-12,0.00556572,0,5.57066e-12,6.84214e-13
LAPACK,527,1,0,8,1e-12,0.0055715,0,5.79803e-12,6.32859e-13
LAPACK,528,1,0,8,1e-12,0.00565131,0,5.11591e-12,6.46699e-13
LAPACK,529,1,0,8,1e-12,0.00568467,0,2.72848e-12,5.01133e-13
LAPACK,530,1,0,8,1e-12,0.00569436,0,3.29692e-12,4.67975e-13
LAPACK,531,1,0,8,1e-12,0.00573389,0,4.77485e-12,6.84179e-13
LAPACK,532,1,0,8,1e-12,0.0056923,0,3.97904e-12,5.3356e-13
LAPACK,533,1,0,8,1e-12,0.00571315,0,6.59384e-12,7.45817e-13
LAPACK,534,1,0,8,1e-12,0.00571026,0,5.34328e-12,7.0186e-13
LAPACK,535,1,0,8,1e-12,0.00570529,0,3.06954e-12,4.0008e-13
LAPACK,536,1,0,8,1e-12,0.00585388,0,3.41061e-12,5.37154e-13
LAPACK,537,1,0,8,1e-12,0.00583932,0,4.09273e-12,5.50998e-13
LAPACK,538,1,0,8,1e-12,0.00582596,0,4.77485e-12,6.97204e-13
LAPACK,539,1,0,8,1e-12,0.00593,0,3.18323e-12,4.79091e-13
LAPACK,540,1,0,8,1e-12,0.00587884,0,5.45697e-12,4.78911e-13
LAPACK,541,1,0,8,1e-12,0.0058704,0,7.95808e-12,6.51411e-13
LAPACK,542,1,0,8,1e-12,0.00591718,0,5.45697e-12,6.4455e-13
LAPACK,543,1,0,8,1e-12,0.00592856,0,5.11591e-12,6.36177e-13
LAPACK,544,1,0,8,1e-12,0.00605495,0,3.86535e-12,5.74488e-13
LAPACK,545,1,0,8,1e-12,0.00596751,0,5.57066e-12,6.62131e-13
LAPACK,546,1,0,8,1e-12,0.00602166,0,5.45697e-12,6.44229e-13
LAPACK,547,1,0,8,1e-12,0.00603238,0,5.22959e-12,6.77898e-13
LAPACK,548,1,0,8,1e-12,0.00610862,0,6.13909e-12,6.33029e-13
LAPACK,549,1,0,8,1e-12,0.00609413,0,4.77485e-12,6.68353e-13
LAPACK,550,1,0,8,1e-12,0.00612178,0,5.68434e-12,6.97648e-13
LAPACK,551,1,0,8,1e-12,0.00616103,0,7.61702e-12,4.77101e-13
LAPACK,552,1,0,8,1e-12,0.00613198,0,1.02318e-11,6.19115e-13
LAPACK,553,1,0,8,1e-12,0.00603796,0,3.75167e-12,4.08778e-13
LAPACK,554,1,0,8,1e-12,0.00624941,0,2.84217e-12,5.33608e-13
LAPACK,555,1,0,8,1e-12,0.00619426,0,4.3201e-12,6.32298e-13
LAPACK,556,1,0,8,1e-12,0.00624338,0,5.34328e-12,7.1476e-13
LAPACK,557,1,0,8,1e-12,0.00622762,0,5.68434e-12,6.81321e-13
LAPACK,558,1,0,8,1e-12,0.00628981,0,4.46221e-12,5.70296e-13
LAPACK,559,1,0,8,1e-12,0.00636817,0,6.48015e-12,5.62235e-13
LAPACK,560,1,0,8,1e-12,0.00632543,0,7.16227e-12,6.89053e-13
LAPACK,561,1,0,8,1e-12,0.006343,0,7.27596e-12,6.72197e-13
LAPACK,562,1,0,8,1e-12,0.0063538,0,3.75167e-12,5.68172e-13
LAPACK,563,1,0,8,1e-12,0.00646062,0,3.52429e-12,4.88481e-13
LAPACK,564,1,0,8,1e-12,0.0063821,0,2.95586e-12,4.43389e-13
LAPACK,565,1,0,8,1e-12,0.00643437,0,6.48015e-12,5.60513e-13
LAPACK,566,1,0,8,1e-12,0.00646389,0,3.52429e-12,4.83625e-13
LAPACK,567,1,0,8,1e-12,0.00649706,0,3.63798e-12,4.65747e-13
LAPACK,568,1,0,8,1e-12,0.00650076,0,6.9349e-12,6.93928e-13
LAPACK,569,1,0,8,1e-12,0.00657306,0,6.70752e-12,7.03216e-13
LAPACK,570,1,0,8,1e-12,0.00649179,0,4.77485e-12,6.75791e-13
LAPACK,571,1,0,8,1e-12,0.00646667,0,2.72848e-12,4.11836e-13
LAPACK,572,1,0,8,1e-12,0.00658928,0,4.88853e-12,6.96844e-13
LAPACK,573,1,0,8,1e-12,0.00641773,0,2.78533e-12,3.8613e-13
LAPACK,574,1,0,8,1e-12,0.00655616,0,6.70752e-12,6.66265e-13
LAPACK,575,1,0,8,1e-12,0.00664737,0,6.0254e-12,6.67208e-13
LAPACK,576,1,0,8,1e-12,0.00667507,0,3.35376e-12,5.1191e-13
LAPACK,577,1,0,8,1e-12,0.0066961,0,5.79803e-12,6.97033e-13
LAPACK,578,1,0,8,1e-12,0.00659846,0,2.50111e-12,4.23194e-13
LAPACK,579,1,0,8,1e-12,0.00671808,0,5.68434e-12,7.18417e-13
LAPACK,580,1,0,8,1e-12,0.00675643,0,5.34328e-12,6.53509e-13
LAPACK,581,1,0,8,1e-12,0.0067932,0,3.75167e-12,5.56723e-13
LAPACK,582,1,0,8,1e-12,0.00679676,0,6.9349e-12,6.50252e-13
LAPACK,583,1,0,8,1e-12,0.006914,0,4.43379e-12,5.9937e-13
LAPACK,584,1,0,8,1e-12,0.00667531,0,3.9222e-12,4.08337e-13
LAPACK,585,1,0,8,1e-12,0.00679028,0,3.18323e-12,3.88313e-13
LAPACK,586,1,0,8,1e-12,0.00685078,0,2.16005e-12,3.65477e-13
LAPACK,587,1,0,8,1e-12,0.00680105,0,2.84217e-12,3.76476e-13
LAPACK,588,1,0,8,1e-12,0.00694216,0,6.70752e-12,5.47774e-13
LAPACK,589,1,0,8,1e-12,0.00691658,0,4.43379e-12,4.52738e-13
LAPACK,590,1,0,8,1e-12,0.00693451,0,3.0127e-12,4.48777e-13
LAPACK,591,1,0,8,1e-12,0.00707674,0,5.68434e-12,6.94232e-13
LAPACK,592,1,0,8,1e-12,0.00713225,0,4.54747e-12,5.50573e-13
LAPACK,593,1,0,8,1e-12,0.00708793,0,3.35376e-12,4.55501e-13
LAPACK,594,1,0,8,1e-12,0.00697888,0,3.41061e-12,4.03224e-13
LAPACK,595,1,0,8,1e-12,0.00707431,0,5.45697e-12,7.36891e-13
LAPACK,596,1,0,8,1e-12,0.0070767,0,6.36646e-12,5.45361e-13
LAPACK,597,1,0,8,1e-12,0.00696101,0,3.41061e-12,3.91302e-13
LAPACK,598,1,0,8,1e-12,0.00716765,0,5.11591e-12,6.8686e-13
LAPACK,599,1,0,8,1e-12,0.00704561,0,2.50111e-12,4.13975e-13
LAPACK,600,1,0,8,1e-12,0.00717946,0,6.25278e-12,6.94774e-13
LAPACK,601,1,0,8,1e-12,0.00712018,0,4.9738e-12,4.63426e-13
LAPACK,602,1,0,8,1e-12,0.00710063,0,3.63798e-12,4.55259e-13
LAPACK,603,1,0,8,1e-12,0.00710779,0,3.06954e-12,3.95621e-13
LAPACK,604,1,0,8,1e-12,0.00726808,0,6.9349e-12,6.4632e-13
LAPACK,605,1,0,8,1e-12,0.00734766,0,5.00222e-12,6.76262e-13
LAPACK,606,1,0,8,1e-12,0.00726184,0,4.66116e-12,7.09463e-13
LAPACK,607,1,0,8,1e-12,0.00738078,0,6.25278e-12,5.89945e-13
LAPACK,608,1,0,8,1e-12,0.0074235,0,3.63798e-12,5.00519e-13
LAPACK,609,1,0,8,1e-12,0.00728647,0,3.09797e-12,4.11932e-13
LAPACK,610,1,0,8,1e-12,0.00745863,0,5.11591e-12,6.56267e-13
LAPACK,611,1,0,8,1e-12,0.00732653,0,2.89901e-12,4.06407e-13
LAPACK,612,1,0,8,1e-12,0.00734588,0,3.19744e-12,4.0497e-13
LAPACK,613,1,0,8,1e-12,0.00748054,0,4.66116e-12,6.77861e-13
LAPACK,614,1,0,8,1e-12,0.00746014,0,3.06954e-12,3.77249e-13
LAPACK,615,1,0,8,1e-12,0.00750028,0,2.27374e-12,3.94233e-13
LAPACK,616,1,0,8,1e-12,0.00746599,0,2.72848e-12,4.25252e-13
LAPACK,617,1,0,8,1e-12,0.00752331,0,2.95586e-12,4.37877e-13
LAPACK,618,1,0,8,1e-12,0.00763289,0,4.54747e-12,5.64601e-13
LAPACK,619,1,0,8,1e-12,0.00751885,0,2.6148e-12,4.15777e-13
LAPACK,620,1,0,8,1e-12,0.00769981,0,4.20641e-12,4.91002e-13
LAPACK,621,1,0,8,1e-12,0.00752332,0,2.95586e-12,4.09741e-13
LAPACK,622,1,0,8,1e-12,0.0076695,0,4.88853e-12,5.69749e-13
LAPACK,623,1,0,8,1e-12,0.00758589,0,2.16005e-12,4.33762e-13
LAPACK,624,1,0,8,1e-12,0.00766744,0,2.6148e-12,4.39708e-13
LAPACK,625,1,0,8,1e-12,0.00766857,0,3.09797e-12,4.12717e-13
LAPACK,626,1,0,8,1e-12,0.00773133,0,2.72848e-12,4.97303e-13
LAPACK,627,1,0,8,1e-12,0.0076428,0,2.89901e-12,4.08829e-13
LAPACK,628,1,0,8,1e-12,0.00769477,0,4.20641e-12,4.1828e-13
LAPACK,629,1,0,8,1e-12,0.00779689,0,2.95586e-12,4.11137e-13
LAPACK,630,1,0,8,1e-12,0.00793092,0,2.95586e-12,5.14037e-13
LAPACK,631,1,0,8,1e-12,0.0079163,0,5.45697e-12,6.81168e-13
LAPACK,632,1,0,8,1e-12,0.00776996,0,3.18323e-12,4.08967e-13
LAPACK,633,1,0,8,1e-12,0.00781629,0,3.29692e-12,4.30383e-13
LAPACK,634,1,0,8,1e-12,0.00810358,0,4.66116e-12,5.78673e-13
LAPACK,635,1,0,8,1e-12,0.00791204,0,3.18323e-12,4.40113e-13
LAPACK,636,1,0,8,1e-12,0.00799062,0,2.67164e-12,4.34564e-13
LAPACK,637,1,0,8,1e-12,0.00797106,0,2.95586e-12,3.96654e-13
LAPACK,638,1,0,8,1e-12,0.00813519,0,5.34328e-12,5.45177e-13
LAPACK,639,1,0,8,1e-12,0.00799402,0,2.38742e-12,3.99516e-13
LAPACK,640,1,0,8,1e-12,0.00825603,0,5.34328e-12,5.52183e-13
LAPACK,641,1,0,8,1e-12,0.00806261,0,2.6148e-12,3.93146e-13
LAPACK,642,1,0,8,1e-12,0.00810575,0,3.0056e-12,4.44382e-13
LAPACK,643,1,0,8,1e-12,0.00817676,0,3.18323e-12,4.09902e-13
LAPACK,644,1,0,8,1e-12,0.00813044,0,3.0127e-12,4.04119e-13
LAPACK,645,1,0,8,1e-12,0.00830098,0,3.63798e-12,4.96967e-13
LAPACK,646,1,0,8,1e-12,0.00815342,0,3.29692e-12,3.9354e-13
LAPACK,647,1,0,8,1e-12,0.00821123,0,4.54747e-12,4.65295e-13
LAPACK,648,1,0,8,1e-12,0.00828526,0,2.84217e-12,4.49807e-13
LAPACK,649,1,0,8,1e-12,0.00831118,0,2.27374e-12,4.20076e-13
LAPACK,650,1,0,8,1e-12,0.00835038,0,2.47269e-12,4.1687e-13
LAPACK,651,1,0,8,1e-12,0.00832647,0,2.16005e-12,3.97626e-13
LAPACK,652,1,0,8,1e-12,0.00841629,0,2.95586e-12,4.06173e-13
LAPACK,653,1,0,8,1e-12,0.00839319,0,2.6148e-12,4.18933e-13
LAPACK,654,1,0,8,1e-12,0.00838636,0,2.30926e-12,4.28607e-13
LAPACK,655,1,0,8,1e-12,0.00843028,0,2.84217e-12,4.33945e-13
LAPACK,656,1,0,8,1e-12,0.00851783,0,3.18323e-12,4.83264e-13
LAPACK,657,1,0,8,1e-12,0.00846867,0,3.52429e-12,4.52561e-13
LAPACK,658,1,0,8,1e-12,0.00850986,0,3.18323e-12,4.4129e-13
LAPACK,659,1,0,8,1e-12,0.00849927,0,3.52429e-12,4.32718e-13
LAPACK,660,1,0,8,1e-12,0.0085804,0,2.44427e-12,4.28021e-13
LAPACK,661,1,0,8,1e-12,0.00858807,0,2.6148e-12,4.03401e-13
LAPACK,662,1,0,8,1e-12,0.0086968,0,7.04858e-12,6.60123e-13
LAPACK,663,1,0,8,1e-12,0.00869804,0,2.85638e-12,4.45473e-13
LAPACK,664,1,0,8,1e-12,0.00878965,0,4.88853e-12,5.20097e-13
LAPACK,665,1,0,8,1e-12,0.00866531,0,2.75691e-12,4.47146e-13
LAPACK,666,1,0,8,1e-12,0.00880024,0,6.82121e-12,5.77258e-13
LAPACK,667,1,0,8,1e-12,0.00884962,0,3.75167e-12,4.98971e-13
LAPACK,668,1,0,8,1e-12,0.00873062,0,2.95586e-12,4.42702e-13
LAPACK,669,1,0,8,1e-12,0.00872341,0,2.84217e-12,4.25667e-13
LAPACK,670,1,0,8,1e-12,0.00884366,0,6.13909e-12,7.44549e-13
LAPACK,671,1,0,8,1e-12,0.00891698,0,2.6148e-12,4.06861e-13
LAPACK,672,1,0,8,1e-12,0.00883265,0,2.38742e-12,4.11988e-13
LAPACK,673,1,0,8,1e-12,0.00898071,0,5.34328e-12,6.62441e-13
LAPACK,674,1,0,8,1e-12,0.00887461,0,4.03588e-12,4.02162e-13
LAPACK,675,1,0,8,1e-12,0.0090318,0,3.52429e-12,4.21849e-13
LAPACK,676,1,0,8,1e-12,0.0090701,0,6.59384e-12,7.41955e-13
LAPACK,677,1,0,8,1e-12,0.00898379,0,2.84217e-12,4.61662e-13
LAPACK,678,1,0,8,1e-12,0.00906124,0,6.48015e-12,7.23607e-13
LAPACK,679,1,0,8,1e-12,0.00913667,0,5.91172e-12,7.58528e-13
LAPACK,680,1,0,8,1e-12,0.00903031,0,2.6148e-12,4.05532e-13
LAPACK,681,1,0,8,1e-12,0.00913061,0,4.54747e-12,6.97142e-13
LAPACK,682,1,0,8,1e-12,0.00913467,0,2.70006e-12,4.34841e-13
LAPACK,683,1,0,8,1e-12,0.00912911,0,2.75691e-12,4.29484e-13
LAPACK,684,1,0,8,1e-12,0.00919191,0,6.36646e-12,6.75978e-13
LAPACK,685,1,0,8,1e-12,0.00923146,0,6.25278e-12,7.06804e-13
LAPACK,686,1,0,8,1e-12,0.00929983,0,3.29692e-12,4.48001e-13
LAPACK,687,1,0,8,1e-12,0.00929786,0,3.06954e-12,4.09647e-13
LAPACK,688,1,0,8,1e-12,0.00925062,0,2.95586e-12,4.07477e-13
LAPACK,689,1,0,8,1e-12,0.00929281,0,2.75691e-12,4.4827e-13
LAPACK,690,1,0,8,1e-12,0.00932785,0,2.65743e-12,4.48045e-13
LAPACK,691,1,0,8,1e-12,0.00948552,0,4.43379e-12,5.88459e-13
LAPACK,692,1,0,8,1e-12,0.00932175,0,2.67164e-12,4.61694e-13
LAPACK,693,1,0,8,1e-12,0.00941685,0,3.63798e-12,4.20005e-13
LAPACK,694,1,0,8,1e-12,0.00923169,0,4.54747e-12,4.26412e-13
LAPACK,695,1,0,8,1e-12,0.00956643,0,2.6148e-12,4.38669e-13
LAPACK,696,1,0,8,1e-12,0.00943378,0,2.6148e-12,4.08938e-13
LAPACK,697,1,0,8,1e-12,0.00947562,0,2.67164e-12,4.31512e-13
LAPACK,698,1,0,8,1e-12,0.00963076,0,4.66116e-12,6.83808e-13
LAPACK,699,1,0,8,1e-12,0.00955854,0,3.18323e-12,4.37679e-13
LAPACK,700,1,0,8,1e-12,0.00952967,0,3.29692e-12,4.37081e-13
LAPACK,701,1,0,8,1e-12,0.00952843,0,3.83693e-12,4.82523e-13
LAPACK,702,1,0,8,1e-12,0.00953659,0,3.29692e-12,3.96755e-13
LAPACK,703,1,0,8,1e-12,0.00958187,0,2.95586e-12,4.48528e-13
LAPACK,704,1,0,8,1e-12,0.0096811,0,2.70006e-12,3.97445e-13
LAPACK,705,1,0,8,1e-12,0.00963376,0,3.38218e-12,4.57972e-13
LAPACK,706,1,0,8,1e-12,0.00964295,0,3.9222e-12,4.08592e-13
LAPACK,707,1,0,8,1e-12,0.0097087,0,3.18323e-12,4.24563e-13
LAPACK,708,1,0,8,1e-12,0.00968914,0,2.38742e-12,4.3338e-13
LAPACK,709,1,0,8,1e-12,0.00983995,0,2.89901e-12,4.58611e-13
LAPACK,710,1,0,8,1e-12,0.00988572,0,2.95586e-12,4.36473e-13
LAPACK,711,1,0,8,1e-12,0.00979948,0,3.06954e-12,4.30831e-13
LAPACK,712,1,0,8,1e-12,0.00989602,0,2.6148e-12,4.54414e-13
LAPACK,713,1,0,8,1e-12,0.00992345,0,2.78533e-12,4.1719e-13
LAPACK,714,1,0,8,1e-12,0.00996606,0,2.92744e-12,4.27641e-13
LAPACK,715,1,0,8,1e-12,0.00998308,0,2.72848e-12,4.34606e-13
LAPACK,716,1,0,8,1e-12,0.00995611,0,3.18323e-12,4.43253e-13
LAPACK,717,1,0,8,1e-12,0.0100038,0,3.06954e-12,4.43643e-13
LAPACK,718,1,0,8,1e-12,0.00998011,0,3.06954e-12,3.89864e-13
LAPACK,719,1,0,8,1e-12,0.0100141,0,3.21876e-12,4.77656e-13
LAPACK,720,1,0,8,1e-12,0.0101691,0,4.3201e-12,4.75521e-13
LAPACK,721,1,0,8,1e-12,0.0100986,0,3.15481e-12,4.08781e-13
LAPACK,722,1,0,8,1e-12,0.0101477,0,2.95586e-12,4.30667e-13
LAPACK,723,1,0,8,1e-12,0.0101564,0,2.72848e-12,4.02372e-13
LAPACK,724,1,0,8,1e-12,0.0101478,0,3.32534e-12,4.4173e-13
LAPACK,725,1,0,8,1e-12,0.0102816,0,2.50111e-12,4.14981e-13
LAPACK,726,1,0,8,1e-12,0.0102328,0,2.6148e-12,4.38834e-13
LAPACK,727,1,0,8,1e-12,0.0102913,0,3.24007e-12,4.22424e-13
LAPACK,728,1,0,8,1e-12,0.0102199,0,2.27374e-12,4.03783e-13
LAPACK,729,1,0,8,1e-12,0.01046,0,2.60414e-12,4.26187e-13
LAPACK,730,1,0,8,1e-12,0.0102826,0,3.15481e-12,4.13898e-13
LAPACK,731,1,0,8,1e-12,0.0102888,0,3.29692e-12,4.61443e-13
LAPACK,732,1,0,8,1e-12,0.0104172,0,3.0127e-12,4.43549e-13
LAPACK,733,1,0,8,1e-12,0.0106207,0,4.20641e-12,5.78975e-13
LAPACK,734,1,0,8,1e-12,0.0104529,0,3.41061e-12,4.43461e-13
LAPACK,735,1,0,8,1e-12,0.01052,0,3.0127e-12,4.09301e-13
LAPACK,736,1,0,8,1e-12,0.0106518,0,3.97904e-12,5.6725e-13
LAPACK,737,1,0,8,1e-12,0.0105231,0,2.81375e-12,4.55681e-13
LAPACK,738,1,0,8,1e-12,0.0104746,0,2.64322e-12,4.14703e-13
LAPACK,739,1,0,8,1e-12,0.0104982,0,2.95586e-12,4.25848e-13
LAPACK,740,1,0,8,1e-12,0.0105652,0,3.06954e-12,4.07195e-13
LAPACK,741,1,0,8,1e-12,0.0107156,0,3.05533e-12,4.18425e-13
LAPACK,742,1,0,8,1e-12,0.0106385,0,2.6148e-12,4.292e-13
LAPACK,743,1,0,8,1e-12,0.0107409,0,2.50111e-12,4.34656e-13
LAPACK,744,1,0,8,1e-12,0.0108566,0,2.84217e-12,4.18274e-13
LAPACK,745,1,0,8,1e-12,0.0107283,0,3.18323e-12,4.33087e-13
LAPACK,746,1,0,8,1e-12,0.0106838,0,3.06954e-12,4.30611e-13
LAPACK,747,1,0,8,1e-12,0.0108015,0,3.2685e-12,4.44824e-13
LAPACK,748,1,0,8,1e-12,0.0107823,0,2.6148e-12,4.34703e-13
LAPACK,749,1,0,8,1e-12,0.0108924,0,3.06954e-12,4.40281e-13
LAPACK,750,1,0,8,1e-12,0.0107918,0,2.78533e-12,4.45879e-13
LAPACK,751,1,0,8,1e-12,0.0109251,0,2.33058e-12,4.23242e-13
LAPACK,752,1,0,8,1e-12,0.0109569,0,2.50111e-12,4.60504e-13
LAPACK,753,1,0,8,1e-12,0.0110413,0,2.75691e-12,4.73523e-13
LAPACK,754,1,0,8,1e-12,0.011035,0,3.06954e-12,4.20283e-13
LAPACK,755,1,0,8,1e-12,0.0111137,0,3.63798e-12,4.27727e-13
LAPACK,756,1,0,8,1e-12,0.0110737,0,2.78533e-12,4.02043e-13
LAPACK,757,1,0,8,1e-12,0.0113048,0,2.38742e-12,4.48747e-13
LAPACK,758,1,0,8,1e-12,0.0113675,0,9.89075e-12,7.46719e-13
LAPACK,759,1,0,8,1e-12,0.0110489,0,2.6148e-12,4.41596e-13
LAPACK,760,1,0,8,1e-12,0.0113417,0,3.52429e-12,5.66405e-13
LAPACK,761,1,0,8,1e-12,0.0112403,0,3.06954e-12,4.17198e-13
LAPACK,762,1,0,8,1e-12,0.0111566,0,4.43379e-12,4.55603e-13
LAPACK,763,1,0,8,1e-12,0.0111486,0,2.89901e-12,4.05878e-13
LAPACK,764,1,0,8,1e-12,0.0112249,0,2.27374e-12,4.01917e-13
LAPACK,765,1,0,8,1e-12,0.0113625,0,2.95586e-12,4.46177e-13
LAPACK,766,1,0,8,1e-12,0.0113461,0,3.86535e-12,4.39947e-13
LAPACK,767,1,0,8,1e-12,0.0113365,0,2.72848e-12,4.37919e-13
LAPACK,768,1,0,8,1e-12,0.0112895,0,2.95586e-12,4.43599e-13
LAPACK,769,1,0,8,1e-12,0.0116036,0,3.52429e-12,4.3123e-13
LAPACK,770,1,0,8,1e-12,0.0114479,0,2.6148e-12,4.38158e-13
LAPACK,771,1,0,8,1e-12,0.0115319,0,4.20641e-12,4.36461e-13
LAPACK,772,1,0,8,1e-12,0.0115247,0,3.86535e-12,4.69318e-13
LAPACK,773,1,0,8,1e-12,0.0118537,0,4.09273e-12,5.7756e-13
LAPACK,774,1,0,8,1e-12,0.0118131,0,4.3201e-12,5.856e-13
LAPACK,775,1,0,8,1e-12,0.0115722,0,2.95586e-12,4.53378e-13
LAPACK,776,1,0,8,1e-12,0.0117332,0,2.6148e-12,4.45978e-13
LAPACK,777,1,0,8,1e-12,0.0117016,0,2.89901e-12,4.51774e-13
LAPACK,778,1,0,8,1e-12,0.0116813,0,3.41061e-12,4.89041e-13
LAPACK,779,1,0,8,1e-12,0.0117394,0,4.20641e-12,4.67696e-13
LAPACK,780,1,0,8,1e-12,0.0117309,0,3.7943e-12,4.4199e-13
LAPACK,781,1,0,8,1e-12,0.011706,0,2.89901e-12,4.42693e-13
LAPACK,782,1,0,8,1e-12,0.0116806,0,3.18323e-12,4.4055e-13
LAPACK,783,1,0,8,1e-12,0.0118602,0,3.41061e-12,4.63744e-13
LAPACK,784,1,0,8,1e-12,0.0117286,0,2.97007e-12,4.35947e-13
LAPACK,785,1,0,8,1e-12,0.011955,0,4.3201e-12,4.48181e-13
LAPACK,786,1,0,8,1e-12,0.0118775,0,2.50111e-12,4.63794e-13
LAPACK,787,1,0,8,1e-12,0.012002,0,3.06954e-12,4.76453e-13
LAPACK,788,1,0,8,1e-12,0.011975,0,2.95586e-12,4.31317e-13
LAPACK,789,1,0,8,1e-12,0.0120317,0,3.75167e-12,4.5168e-13
LAPACK,790,1,0,8,1e-12,0.0122044,0,5.57066e-12,6.62108e-13
LAPACK,791,1,0,8,1e-12,0.0120685,0,3.52429e-12,4.3356e-13
LAPACK,792,1,0,8,1e-12,0.0120679,0,3.41061e-12,4.48414e-13
LAPACK,793,1,0,8,1e-12,0.0123587,0,7.16227e-12,6.32816e-13
LAPACK,794,1,0,8,1e-12,0.0122242,0,3.06954e-12,4.99969e-13
LAPACK,795,1,0,8,1e-12,0.0123568,0,3.02691e-12,4.57321e-13
LAPACK,796,1,0,8,1e-12,0.0121881,0,2.6148e-12,4.50643e-13
LAPACK,797,1,0,8,1e-12,0.0123291,0,2.6148e-12,4.74891e-13
LAPACK,798,1,0,8,1e-12,0.0123427,0,2.72848e-12,4.5907e-13
LAPACK,799,1,0,8,1e-12,0.0124311,0,3.52429e-12,4.18895e-13
LAPACK,800,1,0,8,1e-12,0.0124799,0,6.0254e-12,6.15682e-13
LAPACK,801,1,0,8,1e-12,0.0124006,0,2.34479e-12,4.54735e-13
LAPACK,802,1,0,8,1e-12,0.0124337,0,2.95586e-12,4.3324e-13
LAPACK,803,1,0,8,1e-12,0.0124945,0,3.18323e-12,4.62876e-13
LAPACK,804,1,0,8,1e-12,0.0124501,0,3.41061e-12,4.28875e-13
LAPACK,805,1,0,8,1e-12,0.0125945,0,3.06954e-12,4.59009e-13
LAPACK,806,1,0,8,1e-12,0.0123924,0,3.52429e-12,4.42849e-13
LAPACK,807,1,0,8,1e-12,0.0128035,0,4.88853e-12,6.95354e-13
LAPACK,808,1,0,8,1e-12,0.0125835,0,3.18323e-12,4.45972e-13
LAPACK,809,1,0,8,1e-12,0.012641,0,2.96296e-12,4.51023e-13
LAPACK,810,1,0,8,1e-12,0.0126273,0,3.18323e-12,4.5477e-13
LAPACK,811,1,0,8,1e-12,0.0126616,0,2.72848e-12,4.18727e-13
LAPACK,812,1,0,8,1e-12,0.0126861,0,2.50111e-12,4.21933e-13
LAPACK,813,1,0,8,1e-12,0.0128267,0,3.06954e-12,4.48691e-13
LAPACK,814,1,0,8,1e-12,0.01278,0,3.29692e-12,4.4877e-13
LAPACK,815,1,0,8,1e-12,0.0128304,0,2.44427e-12,4.34906e-13
LAPACK,816,1,0,8,1e-12,0.012739,0,2.85638e-12,4.62172e-13
LAPACK,817,1,0,8,1e-12,0.0129584,0,2.65032e-12,4.43983e-13
LAPACK,818,1,0,8,1e-12,0.0129562,0,5.34328e-12,4.36956e-13
LAPACK,819,1,0,8,1e-12,0.0128979,0,2.84217e-12,4.04358e-13
LAPACK,820,1,0,8,1e-12,0.012934,0,2.50111e-12,4.1587e-13
LAPACK,821,1,0,8,1e-12,0.0130047,0,2.78533e-12,4.48535e-13
LAPACK,822,1,0,8,1e-12,0.0128378,0,2.6148e-12,4.22693e-13
LAPACK,823,1,0,8,1e-12,0.0129534,0,3.41061e-12,4.4623e-13
LAPACK,824,1,0,8,1e-12,0.0131439,0,2.55795e-12,4.45798e-13
LAPACK,825,1,0,8,1e-12,0.0132215,0,2.95586e-12,4.68443e-13
LAPACK,826,1,0,8,1e-12,0.0131704,0,2.6148e-12,4.24804e-13
LAPACK,827,1,0,8,1e-12,0.0131247,0,3.18323e-12,4.74844e-13
LAPACK,828,1,0,8,1e-12,0.0131333,0,2.72848e-12,4.79755e-13
LAPACK,829,1,0,8,1e-12,0.0132608,0,2.84217e-12,4.76332e-13
LAPACK,830,1,0,8,1e-12,0.0133155,0,2.38742e-12,4.38463e-13
LAPACK,831,1,0,8,1e-12,0.0133355,0,2.50111e-12,4.63552e-13
LAPACK,832,1,0,8,1e-12,0.0132821,0,2.38742e-12,4.17722e-13
LAPACK,833,1,0,8,1e-12,0.0133503,0,3.97904e-12,4.42617e-13
LAPACK,834,1,0,8,1e-12,0.0133196,0,3.97904e-12,4.19613e-13
LAPACK,835,1,0,8,1e-12,0.0134468,0,3.29692e-12,4.27727e-13
LAPACK,836,1,0,8,1e-12,0.0133537,0,2.84217e-12,4.56857e-13
LAPACK,837,1,0,8,1e-12,0.0134464,0,3.63798e-12,4.63921e-13
LAPACK,838,1,0,8,1e-12,0.0136344,0,3.06954e-12,4.21968e-13
LAPACK,839,1,0,8,1e-12,0.0136692,0,3.18323e-12,4.59074e-13
LAPACK,840,1,0,8,1e-12,0.0135669,0,2.95586e-12,4.62663e-13
LAPACK,841,1,0,8,1e-12,0.0136314,0,3.63798e-12,4.37008e-13
LAPACK,842,1,0,8,1e-12,0.0135337,0,3.06954e-12,4.29454e-13
LAPACK,843,1,0,8,1e-12,0.0137954,0,3.41061e-12,4.42378e-13
LAPACK,844,1,0,8,1e-12,0.013705,0,3.41061e-12,4.81706e-13
LAPACK,845,1,0,8,1e-12,0.0136973,0,4.20641e-12,4.48436e-13
LAPACK,846,1,0,8,1e-12,0.0136605,0,3.63798e-12,4.29498e-13
LAPACK,847,1,0,8,1e-12,0.0137279,0,3.97904e-12,4.49325e-13
LAPACK,848,1,0,8,1e-12,0.0137217,0,4.03588e-12,4.80598e-13
LAPACK,849,1,0,8,1e-12,0.013786,0,4.09273e-12,4.66381e-13
LAPACK,850,1,0,8,1e-12,0.0139886,0,3.12639e-12,4.7196e-13
LAPACK,851,1,0,8,1e-12,0.0138829,0,2.95586e-12,4.34522e-13
LAPACK,852,1,0,8,1e-12,0.0137638,0,2.84217e-12,4.24816e-13
LAPACK,853,1,0,8,1e-12,0.0140149,0,2.95586e-12,4.55072e-13
LAPACK,854,1,0,8,1e-12,0.0140513,0,3.86535e-12,4.65924e-13
LAPACK,855,1,0,8,1e-12,0.0140072,0,2.72848e-12,4.50427e-13
LAPACK,856,1,0,8,1e-12,0.0141893,0,3.18323e-12,4.57855e-13
LAPACK,857,1,0,8,1e-12,0.0142216,0,2.86349e-12,4.85984e-13
LAPACK,858,1,0,8,1e-12,0.0140702,0,3.38218e-12,4.89766e-13
LAPACK,859,1,0,8,1e-12,0.0142074,0,2.6148e-12,4.56608e-13
LAPACK,860,1,0,8,1e-12,0.0142874,0,4.09273e-12,4.58407e-13
LAPACK,861,1,0,8,1e-12,0.0143705,0,3.82272e-12,4.58437e-13
LAPACK,862,1,0,8,1e-12,0.0143073,0,7.95808e-12,5.71665e-13
LAPACK,863,1,0,8,1e-12,0.0143268,0,3.63798e-12,4.61064e-13
LAPACK,864,1,0,8,1e-12,0.0143003,0,3.06954e-12,4.59445e-13
LAPACK,865,1,0,8,1e-12,0.0144414,0,6.0254e-12,4.86704e-13
LAPACK,866,1,0,8,1e-12,0.0144482,0,3.49587e-12,4.3258e-13
LAPACK,867,1,0,8,1e-12,0.014353,0,4.86722e-12,4.37335e-13
LAPACK,868,1,0,8,1e-12,0.0146376,0,3.69482e-12,5.80232e-13
LAPACK,869,1,0,8,1e-12,0.0143724,0,3.51719e-12,4.399e-13
LAPACK,870,1,0,8,1e-12,0.0144583,0,3.86535e-12,5.32259e-13
LAPACK,871,1,0,8,1e-12,0.0145942,0,3.86535e-12,4.27713e-13
LAPACK,872,1,0,8,1e-12,0.0145649,0,2.51532e-12,4.59778e-13
LAPACK,873,1,0,8,1e-12,0.0146216,0,3.06954e-12,5.0751e-13
LAPACK,874,1,0,8,1e-12,0.0148208,0,6.70752e-12,6.54395e-13
LAPACK,875,1,0,8,1e-12,0.014693,0,3.63798e-12,4.60122e-13
LAPACK,876,1,0,8,1e-12,0.0146799,0,4.88853e-12,4.6318e-13
LAPACK,877,1,0,8,1e-12,0.0147017,0,3.63798e-12,4.50463e-13
LAPACK,878,1,0,8,1e-12,0.0150015,0,4.77485e-12,5.95899e-13
LAPACK,879,1,0,8,1e-12,0.014832,0,3.63798e-12,4.41249e-13
LAPACK,880,1,0,8,1e-12,0.0148596,0,3.63798e-12,4.65862e-13
LAPACK,881,1,0,8,1e-12,0.0149132,0,2.6148e-12,4.44722e-13
LAPACK,882,1,0,8,1e-12,0.0149832,0,3.18323e-12,4.88717e-13
LAPACK,883,1,0,8,1e-12,0.015053,0,5.11591e-12,6.27632e-13
LAPACK,884,1,0,8,1e-12,0.0149088,0,2.54374e-12,4.36483e-13
LAPACK,885,1,0,8,1e-12,0.0150909,0,5.68434e-12,4.64933e-13
LAPACK,886,1,0,8,1e-12,0.0151651,0,3.29692e-12,4.31862e-13
LAPACK,887,1,0,8,1e-12,0.0152064,0,3.63798e-12,4.96883e-13
LAPACK,888,1,0,8,1e-12,0.0152797,0,3.11928e-12,4.90259e-13
LAPACK,889,1,0,8,1e-12,0.0152582,0,2.78533e-12,4.49663e-13
LAPACK,890,1,0,8,1e-12,0.0152821,0,3.29692e-12,4.5837e-13
LAPACK,891,1,0,8,1e-12,0.0151403,0,2.89901e-12,4.52773e-13
LAPACK,892,1,0,8,1e-12,0.0151629,0,3.86535e-12,4.92743e-13
LAPACK,893,1,0,8,1e-12,0.0154047,0,3.29692e-12,4.90396e-13
LAPACK,894,1,0,8,1e-12,0.0154113,0,3.52429e-12,4.43429e-13
LAPACK,895,1,0,8,1e-12,0.0155363,0,3.9222e-12,4.90241e-13
LAPACK,896,1,0,8,1e-12,0.0154793,0,6.0254e-12,6.70323e-13
LAPACK,897,1,0,8,1e-12,0.0153981,0,3.18323e-12,4.90221e-13
LAPACK,898,1,0,8,1e-12,0.0156546,0,5.79803e-12,6.02872e-13
LAPACK,899,1,0,8,1e-12,0.0155807,0,3.29692e-12,4.72688e-13
LAPACK,900,1,0,8,1e-12,0.0155108,0,2.99849e-12,4.86496e-13
LAPACK,901,1,0,8,1e-12,0.0156454,0,3.63798e-12,4.4893e-13
LAPACK,902,1,0,8,1e-12,0.0155178,0,3.55271e-12,4.84544e-13
LAPACK,903,1,0,8,1e-12,0.0157749,0,9.32232e-12,6.0292e-13
LAPACK,904,1,0,8,1e-12,0.0156227,0,3.24007e-12,5.06264e-13
LAPACK,905,1,0,8,1e-12,0.0159183,0,3.05e-12,4.91018e-13
LAPACK,906,1,0,8,1e-12,0.0157188,0,4.54747e-12,4.61558e-13
LAPACK,907,1,0,8,1e-12,0.0158535,0,7.7307e-12,6.56059e-13
LAPACK,908,1,0,8,1e-12,0.0158648,0,5.34328e-12,5.88688e-13
LAPACK,909,1,0,8,1e-12,0.0159947,0,4.14602e-12,4.90445e-13
LAPACK,910,1,0,8,1e-12,0.0159536,0,3.06954e-12,4.62581e-13
LAPACK,911,1,0,8,1e-12,0.015927,0,6.48015e-12,6.19165e-13
LAPACK,912,1,0,8,1e-12,0.0160018,0,4.43379e-12,4.68881e-13
LAPACK,913,1,0,8,1e-12,0.0161571,0,3.29692e-12,4.84621e-13
LAPACK,914,1,0,8,1e-12,0.0160744,0,3.97904e-12,4.83478e-13
LAPACK,915,1,0,8,1e-12,0.0159789,0,3.29692e-12,4.77826e-13
LAPACK,916,1,0,8,1e-12,0.0160855,0,3.63798e-12,4.89907e-13
LAPACK,917,1,0,8,1e-12,0.0163318,0,3.38218e-12,4.7039e-13
LAPACK,918,1,0,8,1e-12,0.0161727,0,3.18323e-12,5.09514e-13
LAPACK,919,1,0,8,1e-12,0.0162413,0,4.54747e-12,4.96277e-13
LAPACK,920,1,0,8,1e-12,0.0163144,0,2.84217e-12,4.40067e-13
LAPACK,921,1,0,8,1e-12,0.0164238,0,3.86535e-12,5.00929e-13
LAPACK,922,1,0,8,1e-12,0.0164251,0,3.97904e-12,5.0542e-13
LAPACK,923,1,0,8,1e-12,0.0164067,0,3.52429e-12,5.14279e-13
LAPACK,924,1,0,8,1e-12,0.0165286,0,3.46745e-12,4.91781e-13
LAPACK,925,1,0,8,1e-12,0.0165017,0,3.18323e-12,4.89369e-13
LAPACK,926,1,0,8,1e-12,0.0165627,0,3.06954e-12,4.69704e-13
LAPACK,927,1,0,8,1e-12,0.0166069,0,3.63798e-12,4.65455e-13
LAPACK,928,1,0,8,1e-12,0.0165278,0,3.41061e-12,4.54805e-13
LAPACK,929,1,0,8,1e-12,0.0165901,0,3.63798e-12,4.58505e-13
LAPACK,930,1,0,8,1e-12,0.0166397,0,4.88853e-12,4.48195e-13
LAPACK,931,1,0,8,1e-12,0.0167,0,2.84217e-12,4.94176e-13
LAPACK,932,1,0,8,1e-12,0.0167692,0,2.6148e-12,4.71309e-13
LAPACK,933,1,0,8,1e-12,0.0166854,0,3.97904e-12,4.77043e-13
LAPACK,934,1,0,8,1e-12,0.0167864,0,3.52429e-12,4.75147e-13
LAPACK,935,1,0,8,1e-12,0.0169175,0,3.30047e-12,4.68865e-13
LAPACK,936,1,0,8,1e-12,0.0169315,0,3.86535e-12,4.95937e-13
LAPACK,937,1,0,8,1e-12,0.0168251,0,3.32534e-12,4.67671e-13
LAPACK,938,1,0,8,1e-12,0.0168382,0,3.18323e-12,4.6888e-13
LAPACK,939,1,0,8,1e-12,0.0172603,0,3.42482e-12,4.8794e-13
LAPACK,940,1,0,8,1e-12,0.0168272,0,3.52429e-12,4.9522e-13
LAPACK,941,1,0,8,1e-12,0.0170226,0,3.35376e-12,4.80023e-13
LAPACK,942,1,0,8,1e-12,0.0171655,0,3.75167e-12,4.69896e-13
LAPACK,943,1,0,8,1e-12,0.017111,0,5.22959e-12,4.80339e-13
LAPACK,944,1,0,8,1e-12,0.0172923,0,3.43903e-12,4.76277e-13
LAPACK,945,1,0,8,1e-12,0.0172322,0,8.29914e-12,6.29306e-13
LAPACK,946,1,0,8,1e-12,0.0173019,0,4.20641e-12,5.11884e-13
LAPACK,947,1,0,8,1e-12,0.0174189,0,3.52429e-12,4.72392e-13
LAPACK,948,1,0,8,1e-12,0.0173897,0,8.07177e-12,5.8805e-13
LAPACK,949,1,0,8,1e-12,0.0172664,0,4.66116e-12,4.89452e-13
LAPACK,950,1,0,8,1e-12,0.0176491,0,4.9738e-12,5.00365e-13
LAPACK,951,1,0,8,1e-12,0.0173353,0,4.54747e-12,4.68756e-13
LAPACK,952,1,0,8,1e-12,0.0174217,0,3.52429e-12,4.78343e-13
LAPACK,953,1,0,8,1e-12,0.0175734,0,3.18323e-12,4.88169e-13
LAPACK,954,1,0,8,1e-12,0.0175085,0,3.29692e-12,4.94687e-13
LAPACK,955,1,0,8,1e-12,0.0176518,0,4.66116e-12,5.05972e-13
LAPACK,956,1,0,8,1e-12,0.0175515,0,6.25278e-12,6.08759e-13
LAPACK,957,1,0,8,1e-12,0.0176504,0,2.99849e-12,4.60582e-13
LAPACK,958,1,0,8,1e-12,0.0176811,0,5.00222e-12,6.16295e-13
LAPACK,959,1,0,8,1e-12,0.0175383,0,6.0254e-12,6.26685e-13
LAPACK,960,1,0,8,1e-12,0.01765,0,3.97904e-12,4.70526e-13
LAPACK,961,1,0,8,1e-12,0.0177049,0,3.29692e-12,5.00728e-13
LAPACK,962,1,0,8,1e-12,0.0176754,0,4.46221e-12,4.69294e-13
LAPACK,963,1,0,8,1e-12,0.0176773,0,3.63798e-12,4.41261e-13
LAPACK,964,1,0,8,1e-12,0.0178032,0,4.09273e-12,4.80683e-13
LAPACK,965,1,0,8,1e-12,0.0178756,0,2.87059e-12,4.91096e-13
LAPACK,966,1,0,8,1e-12,0.0180796,0,3.52429e-12,4.9939e-13
LAPACK,967,1,0,8,1e-12,0.0179187,0,2.99849e-12,4.87699e-13
LAPACK,968,1,0,8,1e-12,0.0180313,0,3.46745e-12,4.74544e-13
LAPACK,969,1,0,8,1e-12,0.017959,0,3.52429e-12,4.3941e-13
LAPACK,970,1,0,8,1e-12,0.018223,0,3.41061e-12,5.04525e-13
LAPACK,971,1,0,8,1e-12,0.0182475,0,4.20641e-12,5.05026e-13
LAPACK,972,1,0,8,1e-12,0.018007,0,3.83693e-12,4.89776e-13
LAPACK,973,1,0,8,1e-12,0.0181863,0,4.66116e-12,4.92348e-13
LAPACK,974,1,0,8,1e-12,0.0184232,0,3.46745e-12,5.0411e-13
LAPACK,975,1,0,8,1e-12,0.0184721,0,3.48166e-12,4.71891e-13
LAPACK,976,1,0,8,1e-12,0.0182866,0,3.41061e-12,5.05786e-13
LAPACK,977,1,0,8,1e-12,0.0183469,0,3.63798e-12,4.96087e-13
LAPACK,978,1,0,8,1e-12,0.0183624,0,3.06954e-12,5.04532e-13
LAPACK,979,1,0,8,1e-12,0.0185024,0,3.12639e-12,4.91852e-13
LAPACK,980,1,0,8,1e-12,0.0185069,0,4.66116e-12,6.40064e-13
LAPACK,981,1,0,8,1e-12,0.0183774,0,5.45697e-12,6.15907e-13
LAPACK,982,1,0,8,1e-12,0.0182929,0,3.18323e-12,4.88433e-13
LAPACK,983,1,0,8,1e-12,0.018576,0,4.09273e-12,5.50124e-13
LAPACK,984,1,0,8,1e-12,0.0185922,0,4.88853e-12,6.02129e-13
LAPACK,985,1,0,8,1e-12,0.0186612,0,5.22959e-12,5.24766e-13
LAPACK,986,1,0,8,1e-12,0.0187863,0,5.11591e-12,5.12166e-13
LAPACK,987,1,0,8,1e-12,0.0186417,0,5.79803e-12,4.74939e-13
LAPACK,988,1,0,8,1e-12,0.0187702,0,4.77485e-12,4.6081e-13
LAPACK,989,1,0,8,1e-12,0.0188137,0,3.75167e-12,5.41953e-13
LAPACK,990,1,0,8,1e-12,0.0188297,0,4.3201e-12,4.93212e-13
LAPACK,991,1,0,8,1e-12,0.0188442,0,3.75167e-12,5.35688e-13
LAPACK,992,1,0,8,1e-12,0.0189363,0,4.66116e-12,5.00909e-13
LAPACK,993,1,0,8,1e-12,0.0188502,0,6.48015e-12,7.98817e-13
LAPACK,994,1,0,8,1e-12,0.0190274,0,3.29692e-12,4.77719e-13
LAPACK,995,1,0,8,1e-12,0.0190116,0,2.94165e-12,5.31681e-13
LAPACK,996,1,0,8,1e-12,0.019045,0,3.35376e-12,5.28091e-13
LAPACK,997,1,0,8,1e-12,0.018981,0,6.13909e-12,7.38187e-13
LAPACK,998,1,0,8,1e-12,0.0191734,0,3.18323e-12,4.59307e-13
LAPACK,999,1,0,8,1e-12,0.0190688,0,3.29692e-12,4.92183e-13
LAPACK,1000,1,0,8,1e-12,0.0192414,0,4.20641e-12,4.98282e-13
