version, size, hermitian, complex, seed, tol, runtime in s,min_error, max_error, avg_error
LAPACK,1,1,0,2,1e-12,1.2132e-05,0,0,0
LAPACK,2,1,0,2,1e-12,2.595e-06,0,1.42109e-14,7.10543e-15
LAPACK,3,1,0,2,1e-12,1.352e-06,0,2.84217e-14,1.42109e-14
LAPACK,4,1,0,2,1e-12,1.253e-06,1.42109e-14,1.13687e-13,4.61853e-14
LAPACK,5,1,0,2,1e-12,1.403e-06,0,5.68434e-14,3.12639e-14
LAPACK,6,1,0,2,1e-12,1.844e-06,0,8.52651e-14,4.5001e-14
LAPACK,7,1,0,2,1e-12,2.284e-06,0,2.27374e-13,1.03536e-13
LAPACK,8,1,0,2,1e-12,2.835e-06,0,4.54747e-13,1.52767e-13
LAPACK,9,1,0,2,1e-12,3.537e-06,2.84217e-14,2.27374e-13,9.00021e-14
LAPACK,10,1,0,2,1e-12,4.158e-06,0,1.7053e-13,7.28306e-14
LAPACK,11,1,0,2,1e-12,4.688e-06,0,2.27374e-13,9.33395e-14
LAPACK,12,1,0,2,1e-12,5.861e-06,0,3.41061e-13,1.07766e-13
LAPACK,13,1,0,2,1e-12,6.082e-06,0,2.55795e-13,1.40742e-13
LAPACK,14,1,0,2,1e-12,8.085e-06,2.84217e-14,3.97904e-13,1.80681e-13
LAPACK,15,1,0,2,1e-12,8.586e-06,1.42109e-14,4.54747e-13,1.52767e-13
LAPACK,16,1,0,2,1e-12,8.987e-06,1.77636e-14,5.68434e-13,2.05391e-13
LAPACK,17,1,0,2,1e-12,9.959e-06,0,5.68434e-13,1.72411e-13
LAPACK,18,1,0,2,1e-12,1.1862e-05,0,4.54747e-13,1.88294e-13
LAPACK,19,1,0,2,1e-12,1.2374e-05,0,4.54747e-13,1.13687e-13
LAPACK,20,1,0,2,1e-12,1.2824e-05,0,3.41061e-13,1.11555e-13
LAPACK,21,1,0,2,1e-12,1.5409e-05,0,5.68434e-13,1.84572e-13
LAPACK,22,1,0,2,1e-12,1.6371e-05,7.10543e-15,1.13687e-12,2.23498e-13
LAPACK,23,1,0,2,1e-12,1.7342e-05,0,6.82121e-13,2.14399e-13
LAPACK,24,1,0,2,1e-12,1.7773e-05,0,1.02318e-12,2.54463e-13
LAPACK,25,1,0,2,1e-12,2.0138e-05,0,4.54747e-13,1.82183e-13
LAPACK,26,1,0,2,1e-12,1.9727e-05,6.21725e-15,7.95808e-13,2.28023e-13
LAPACK,27,1,0,2,1e-12,2.3424e-05,0,1.02318e-12,2.32045e-13
LAPACK,28,1,0,2,1e-12,2.4546e-05,0,7.95808e-13,2.02156e-13
LAPACK,29,1,0,2,1e-12,3.1038e-05,0,5.68434e-13,2.1598e-13
LAPACK,30,1,0,2,1e-12,2.5758e-05,0,9.09495e-13,2.27433e-13
LAPACK,31,1,0,2,1e-12,2.9195e-05,2.84217e-14,1.25056e-12,2.97024e-13
LAPACK,32,1,0,2,1e-12,3.0397e-05,0,7.95808e-13,2.32647e-13
LAPACK,33,1,0,2,1e-12,3.2371e-05,0,9.09495e-13,2.54853e-13
LAPACK,34,1,0,2,1e-12,3.3623e-05,0,9.09495e-13,2.38894e-13
LAPACK,35,1,0,2,1e-12,3.5547e-05,0,1.02318e-12,1.99383e-13
LAPACK,36,1,0,2,1e-12,3.5216e-05,0,9.09495e-13,2.26831e-13
LAPACK,37,1,0,2,1e-12,3.5837e-05,0,1.25056e-12,2.24253e-13
LAPACK,38,1,0,2,1e-12,4.1578e-05,0,1.36424e-12,3.08572e-13
LAPACK,39,1,0,2,1e-12,4.3712e-05,0,8.10019e-13,2.47597e-13
LAPACK,40,1,0,2,1e-12,4.0767e-05,0,5.68434e-13,1.67222e-13
LAPACK,41,1,0,2,1e-12,4.3211e-05,0,5.68434e-13,1.30346e-13
LAPACK,42,1,0,2,1e-12,4.815e-05,0,9.09495e-13,2.30884e-13
LAPACK,43,1,0,2,1e-12,4.8321e-05,0,6.82121e-13,1.49772e-13
LAPACK,44,1,0,2,1e-12,4.8601e-05,0,1.7053e-12,2.29776e-13
LAPACK,45,1,0,2,1e-12,5.2559e-05,0,7.95808e-13,2.10301e-13
LAPACK,46,1,0,2,1e-12,5.7488e-05,0,7.95808e-13,2.09958e-13
LAPACK,47,1,0,2,1e-12,6.1085e-05,0,7.95808e-13,2.43418e-13
LAPACK,48,1,0,2,1e-12,6.1465e-05,0,6.82121e-13,2.02042e-13
LAPACK,49,1,0,2,1e-12,6.5123e-05,0,1.36424e-12,2.33156e-13
LAPACK,50,1,0,2,1e-12,6.3179e-05,0,1.13687e-12,1.68612e-13
LAPACK,51,1,0,2,1e-12,7.1725e-05,0,1.02318e-12,2.79637e-13
LAPACK,52,1,0,2,1e-12,7.1043e-05,0,7.95808e-13,2.33181e-13
LAPACK,53,1,0,2,1e-12,7.6614e-05,0,9.09495e-13,2.64141e-13
LAPACK,54,1,0,2,1e-12,7.4099e-05,0,7.95808e-13,2.57966e-13
LAPACK,55,1,0,2,1e-12,8.0571e-05,0,7.95808e-13,2.5649e-13
LAPACK,56,1,0,2,1e-12,7.7876e-05,0,1.25056e-12,2.0712e-13
LAPACK,57,1,0,2,1e-12,8.7374e-05,0,1.13687e-12,2.37736e-13
LAPACK,58,1,0,2,1e-12,8.5811e-05,0,7.95808e-13,2.09442e-13
LAPACK,59,1,0,2,1e-12,8.7594e-05,0,1.59162e-12,2.57406e-13
LAPACK,60,1,0,2,1e-12,8.8196e-05,0,1.47793e-12,2.80442e-13
LAPACK,61,1,0,2,1e-12,9.7053e-05,0,1.36424e-12,2.75306e-13
LAPACK,62,1,0,2,1e-12,9.8285e-05,0,2.04636e-12,3.23999e-13
LAPACK,63,1,0,2,1e-12,0.000102843,0,1.02318e-12,2.69513e-13
LAPACK,64,1,0,2,1e-12,0.000102673,0,1.13687e-12,2.56281e-13
LAPACK,65,1,0,2,1e-12,0.000104827,0,9.09495e-13,1.83375e-13
LAPACK,66,1,0,2,1e-12,0.000113093,0,1.25056e-12,2.26149e-13
LAPACK,67,1,0,2,1e-12,0.000117211,0,9.09495e-13,2.88128e-13
LAPACK,68,1,0,2,1e-12,0.000114916,0,1.36424e-12,2.24383e-13
LAPACK,69,1,0,2,1e-12,0.000117581,0,1.36424e-12,2.68307e-13
LAPACK,70,1,0,2,1e-12,0.000125366,0,1.81899e-12,2.93467e-13
LAPACK,71,1,0,2,1e-12,0.000123883,0,1.13687e-12,2.47439e-13
LAPACK,72,1,0,2,1e-12,0.000132679,0,1.59162e-12,2.74015e-13
LAPACK,73,1,0,2,1e-12,0.000126998,0,1.81899e-12,2.89424e-13
LAPACK,74,1,0,2,1e-12,0.000139142,0,1.81899e-12,3.60432e-13
LAPACK,75,1,0,2,1e-12,0.000138099,0,1.13687e-12,2.26367e-13
LAPACK,76,1,0,2,1e-12,0.000139802,0,9.09495e-13,2.4959e-13
LAPACK,77,1,0,2,1e-12,0.000149701,0,1.47793e-12,3.29491e-13
LAPACK,78,1,0,2,1e-12,0.000144803,0,1.81899e-12,3.30881e-13
LAPACK,79,1,0,2,1e-12,0.000149711,0,2.04636e-12,2.80203e-13
LAPACK,80,1,0,2,1e-12,0.000150322,0,1.47793e-12,2.56806e-13
LAPACK,81,1,0,2,1e-12,0.000156764,0,1.59162e-12,2.49501e-13
LAPACK,82,1,0,2,1e-12,0.000166623,0,1.25056e-12,3.12834e-13
LAPACK,83,1,0,2,1e-12,0.000167445,0,2.38742e-12,3.44142e-13
LAPACK,84,1,0,2,1e-12,0.000172204,0,1.36424e-12,2.86416e-13
LAPACK,85,1,0,2,1e-12,0.000175129,0,1.25056e-12,3.01876e-13
LAPACK,86,1,0,2,1e-12,0.000175841,0,1.36424e-12,2.88648e-13
LAPACK,87,1,0,2,1e-12,0.000182122,0,1.59162e-12,2.51028e-13
LAPACK,88,1,0,2,1e-12,0.000178025,0,1.7053e-12,2.53292e-13
LAPACK,89,1,0,2,1e-12,0.000190889,0,1.36424e-12,2.65975e-13
LAPACK,90,1,0,2,1e-12,0.000190698,0,1.13687e-12,2.38111e-13
LAPACK,91,1,0,2,1e-12,0.000195718,0,1.19371e-12,3.1016e-13
LAPACK,92,1,0,2,1e-12,0.00019718,0,1.93268e-12,3.25942e-13
LAPACK,93,1,0,2,1e-12,0.000202951,0,1.59162e-12,2.67256e-13
LAPACK,94,1,0,2,1e-12,0.000213992,0,1.25056e-12,3.32963e-13
LAPACK,95,1,0,2,1e-12,0.000214242,0,1.93268e-12,3.16855e-13
LAPACK,96,1,0,2,1e-12,0.000213261,0,1.25056e-12,2.88084e-13
LAPACK,97,1,0,2,1e-12,0.000218711,0,1.59162e-12,3.30183e-13
LAPACK,98,1,0,2,1e-12,0.000227548,0,2.38742e-12,3.24901e-13
LAPACK,99,1,0,2,1e-12,0.000225264,0,1.13687e-12,2.90084e-13
LAPACK,100,1,0,2,1e-12,0.00022895,0,1.02318e-12,2.89608e-13
LAPACK,101,1,0,2,1e-12,0.000236014,0,1.93268e-12,3.2896e-13
LAPACK,102,1,0,2,1e-12,0.000243888,0,3.06954e-12,4.18019e-13
LAPACK,103,1,0,2,1e-12,0.00024499,0,1.25056e-12,2.90495e-13
LAPACK,104,1,0,2,1e-12,0.000258737,0,2.16005e-12,3.71822e-13
LAPACK,105,1,0,2,1e-12,0.000258837,0,1.59162e-12,2.80326e-13
LAPACK,106,1,0,2,1e-12,0.000261953,0,1.36424e-12,2.7066e-13
LAPACK,107,1,0,2,1e-12,0.000262474,0,1.59162e-12,3.01873e-13
LAPACK,108,1,0,2,1e-12,0.00026583,0,1.7053e-12,3.43865e-13
LAPACK,109,1,0,2,1e-12,0.000278633,0,1.7053e-12,3.27885e-13
LAPACK,110,1,0,2,1e-12,0.000272682,0,1.81899e-12,3.67181e-13
LAPACK,111,1,0,2,1e-12,0.000285858,0,1.59162e-12,3.29466e-13
LAPACK,112,1,0,2,1e-12,0.000286899,0,1.81899e-12,3.31766e-13
LAPACK,113,1,0,2,1e-12,0.000287661,0,1.93268e-12,3.20365e-13
LAPACK,114,1,0,2,1e-12,0.000291788,0,2.04636e-12,3.43304e-13
LAPACK,115,1,0,2,1e-12,0.000295917,0,1.47793e-12,3.06943e-13
LAPACK,116,1,0,2,1e-12,0.000304572,0,1.25056e-12,2.8295e-13
LAPACK,117,1,0,2,1e-12,0.000316014,0,2.27374e-12,3.44181e-13
LAPACK,118,1,0,2,1e-12,0.000314862,0,1.25056e-12,2.84191e-13
LAPACK,119,1,0,2,1e-12,0.000323458,0,1.81899e-12,3.45106e-13
LAPACK,120,1,0,2,1e-12,0.00031928,0,1.36424e-12,2.95049e-13
LAPACK,121,1,0,2,1e-12,0.000344697,0,1.93268e-12,3.30784e-13
LAPACK,122,1,0,2,1e-12,0.000343676,0,3.06954e-12,3.43805e-13
LAPACK,123,1,0,2,1e-12,0.000340741,0,1.59162e-12,3.52632e-13
LAPACK,124,1,0,2,1e-12,0.000348936,0,2.72848e-12,3.02901e-13
LAPACK,125,1,0,2,1e-12,0.000354075,0,1.81899e-12,3.17751e-13
LAPACK,126,1,0,2,1e-12,0.000370977,0,1.7053e-12,2.97226e-13
LAPACK,127,1,0,2,1e-12,0.000365447,0,1.93268e-12,3.37085e-13
LAPACK,128,1,0,2,1e-12,0.000366609,0,2.50111e-12,3.70443e-13
LAPACK,129,1,0,2,1e-12,0.000376418,0,2.04636e-12,3.62453e-13
LAPACK,130,1,0,2,1e-12,0.000384613,0,2.04636e-12,3.16728e-13
LAPACK,131,1,0,2,1e-12,0.000387969,0,2.16005e-12,3.2907e-13
LAPACK,132,1,0,2,1e-12,0.000397607,0,1.81899e-12,3.38154e-13
LAPACK,133,1,0,2,1e-12,0.000404881,0,2.50111e-12,3.92248e-13
LAPACK,134,1,0,2,1e-12,0.000407676,0,2.27374e-12,3.88028e-13
LAPACK,135,1,0,2,1e-12,0.000421001,0,2.95586e-12,3.87272e-13
LAPACK,136,1,0,2,1e-12,0.000430078,0,1.93268e-12,4.12892e-13
LAPACK,137,1,0,2,1e-12,0.000434958,0,2.04636e-12,4.36115e-13
LAPACK,138,1,0,2,1e-12,0.000433445,0,2.72848e-12,3.83613e-13
LAPACK,139,1,0,2,1e-12,0.000434818,0,2.04636e-12,3.94562e-13
LAPACK,140,1,0,2,1e-12,0.000461318,0,3.41061e-12,3.21819e-13
LAPACK,141,1,0,2,1e-12,0.000447982,0,2.38742e-12,3.54311e-13
LAPACK,142,1,0,2,1e-12,0.000454344,0,1.64846e-12,3.11003e-13
LAPACK,143,1,0,2,1e-12,0.000463742,0,2.95586e-12,3.01698e-13
LAPACK,144,1,0,2,1e-12,0.000459003,0,1.93268e-12,3.51392e-13
LAPACK,145,1,0,2,1e-12,0.000474682,0,2.16005e-12,3.37692e-13
LAPACK,146,1,0,2,1e-12,0.000485914,0,1.73372e-12,3.98518e-13
LAPACK,147,1,0,2,1e-12,0.00048969,0,1.59162e-12,3.51117e-13
LAPACK,148,1,0,2,1e-12,0.000495261,0,2.84217e-12,4.22869e-13
LAPACK,149,1,0,2,1e-12,0.000496593,0,3.06954e-12,3.61906e-13
LAPACK,150,1,0,2,1e-12,0.000507975,0,1.36424e-12,3.39139e-13
LAPACK,151,1,0,2,1e-12,0.000507434,0,2.27374e-12,4.61488e-13
LAPACK,152,1,0,2,1e-12,0.000520027,0,2.04636e-12,4.28926e-13
LAPACK,153,1,0,2,1e-12,0.000508426,0,2.95586e-12,3.85118e-13
LAPACK,154,1,0,2,1e-12,0.00052658,0,2.16005e-12,4.0383e-13
LAPACK,155,1,0,2,1e-12,0.000523293,0,2.72848e-12,4.28715e-13
LAPACK,156,1,0,2,1e-12,0.000537881,0,2.72848e-12,4.12246e-13
LAPACK,157,1,0,2,1e-12,0.000549633,0,2.6148e-12,4.61414e-13
LAPACK,158,1,0,2,1e-12,0.000551657,0,3.06954e-12,3.72183e-13
LAPACK,159,1,0,2,1e-12,0.000561897,0,3.06954e-12,4.19078e-13
LAPACK,160,1,0,2,1e-12,0.000551797,0,3.18323e-12,3.66124e-13
LAPACK,161,1,0,2,1e-12,0.000575693,0,2.38742e-12,4.04662e-13
LAPACK,162,1,0,2,1e-12,0.000583066,0,2.16005e-12,3.974e-13
LAPACK,163,1,0,2,1e-12,0.000592574,0,2.38742e-12,4.43193e-13
LAPACK,164,1,0,2,1e-12,0.000592584,0,2.50111e-12,4.13821e-13
LAPACK,165,1,0,2,1e-12,0.000595449,0,2.6148e-12,3.65453e-13
LAPACK,166,1,0,2,1e-12,0.000612381,0,3.86535e-12,4.90959e-13
LAPACK,167,1,0,2,1e-12,0.000619053,0,2.50111e-12,4.6564e-13
LAPACK,168,1,0,2,1e-12,0.000628271,0,2.27374e-12,4.21049e-13
LAPACK,169,1,0,2,1e-12,0.000623262,0,2.50111e-12,4.32251e-13
LAPACK,170,1,0,2,1e-12,0.000636336,0,2.95586e-12,3.28336e-13
LAPACK,171,1,0,2,1e-12,0.000640544,0,2.38742e-12,4.02108e-13
LAPACK,172,1,0,2,1e-12,0.000650583,0,2.95586e-12,4.17514e-13
LAPACK,173,1,0,2,1e-12,0.000652847,0,2.72848e-12,4.57296e-13
LAPACK,174,1,0,2,1e-12,0.000658829,0,1.36424e-12,3.18606e-13
LAPACK,175,1,0,2,1e-12,0.000668276,0,2.84217e-12,5.04711e-13
LAPACK,176,1,0,2,1e-12,0.000684667,0,2.38742e-12,4.43902e-13
LAPACK,177,1,0,2,1e-12,0.000672013,0,1.81899e-12,3.65061e-13
LAPACK,178,1,0,2,1e-12,0.000696499,0,2.16005e-12,4.15795e-13
LAPACK,179,1,0,2,1e-12,0.000699535,0,2.38742e-12,4.30613e-13
LAPACK,180,1,0,2,1e-12,0.000708322,0,2.84217e-12,4.00139e-13
LAPACK,181,1,0,2,1e-12,0.000729722,0,2.6148e-12,3.92249e-13
LAPACK,182,1,0,2,1e-12,0.000718651,0,2.84217e-12,4.05234e-13
LAPACK,183,1,0,2,1e-12,0.000730554,0,2.72848e-12,4.84632e-13
LAPACK,184,1,0,2,1e-12,0.000739049,0,3.18323e-12,3.83522e-13
LAPACK,185,1,0,2,1e-12,0.000749649,0,2.50111e-12,4.38895e-13
LAPACK,186,1,0,2,1e-12,0.000771861,0,4.54747e-12,5.01176e-13
LAPACK,187,1,0,2,1e-12,0.000766911,0,1.36424e-12,3.47235e-13
LAPACK,188,1,0,2,1e-12,0.000766521,0,3.97904e-12,4.67815e-13
LAPACK,189,1,0,2,1e-12,0.000789755,0,3.29692e-12,4.75183e-13
LAPACK,190,1,0,2,1e-12,0.000788202,0,2.84217e-12,4.17465e-13
LAPACK,191,1,0,2,1e-12,0.000799063,0,2.84217e-12,4.41511e-13
LAPACK,192,1,0,2,1e-12,0.000793411,0,2.27374e-12,3.59344e-13
LAPACK,193,1,0,2,1e-12,0.000812186,0,3.86535e-12,4.58431e-13
LAPACK,194,1,0,2,1e-12,0.000826554,0,4.54747e-12,4.45103e-13
LAPACK,195,1,0,2,1e-12,0.000819811,0,1.7053e-12,3.82067e-13
LAPACK,196,1,0,2,1e-12,0.000854136,0,1.81899e-12,3.74496e-13
LAPACK,197,1,0,2,1e-12,0.000853835,0,2.72848e-12,4.50255e-13
LAPACK,198,1,0,2,1e-12,0.000878892,0,2.27374e-12,4.04985e-13
LAPACK,199,1,0,2,1e-12,0.000855057,0,1.93268e-12,4.33574e-13
LAPACK,200,1,0,2,1e-12,0.000863262,0,3.06954e-12,3.99878e-13
LAPACK,201,1,0,2,1e-12,0.000881827,0,2.95586e-12,4.41935e-13
LAPACK,202,1,0,2,1e-12,0.000894712,0,2.72848e-12,4.17162e-13
LAPACK,203,1,0,2,1e-12,0.000895603,0,1.64846e-12,3.87734e-13
LAPACK,204,1,0,2,1e-12,0.000911384,0,1.59162e-12,4.15051e-13
LAPACK,205,1,0,2,1e-12,0.000915772,0,2.16005e-12,4.04323e-13
LAPACK,206,1,0,2,1e-12,0.00091526,0,3.18323e-12,4.59287e-13
LAPACK,207,1,0,2,1e-12,0.000940378,0,2.84217e-12,4.18152e-13
LAPACK,208,1,0,2,1e-12,0.00094704,0,2.6148e-12,4.32312e-13
LAPACK,209,1,0,2,1e-12,0.000954023,0,2.27374e-12,4.01051e-13
LAPACK,210,1,0,2,1e-12,0.000946319,0,2.16005e-12,3.47212e-13
LAPACK,211,1,0,2,1e-12,0.000970324,0,2.16005e-12,3.60123e-13
LAPACK,212,1,0,2,1e-12,0.000975614,0,4.09273e-12,4.44854e-13
LAPACK,213,1,0,2,1e-12,0.000974071,0,3.18323e-12,4.66529e-13
LAPACK,214,1,0,2,1e-12,0.000989811,0,3.63798e-12,3.84432e-13
LAPACK,215,1,0,2,1e-12,0.00101822,0,2.72848e-12,4.04251e-13
LAPACK,216,1,0,2,1e-12,0.00101243,0,2.6148e-12,4.99074e-13
LAPACK,217,1,0,2,1e-12,0.00104842,0,2.27374e-12,4.25546e-13
LAPACK,218,1,0,2,1e-12,0.00103129,0,2.84217e-12,4.54281e-13
LAPACK,219,1,0,2,1e-12,0.00102991,0,4.66116e-12,4.92045e-13
LAPACK,220,1,0,2,1e-12,0.00105112,0,2.72848e-12,4.82969e-13
LAPACK,221,1,0,2,1e-12,0.00106535,0,2.50111e-12,4.01075e-13
LAPACK,222,1,0,2,1e-12,0.00106694,0,3.97904e-12,4.72109e-13
LAPACK,223,1,0,2,1e-12,0.00107947,0,1.7053e-12,3.78288e-13
LAPACK,224,1,0,2,1e-12,0.00109202,0,3.29692e-12,4.81863e-13
LAPACK,225,1,0,2,1e-12,0.00110175,0,2.95586e-12,4.05343e-13
LAPACK,226,1,0,2,1e-12,0.00109819,0,2.38742e-12,4.05923e-13
LAPACK,227,1,0,2,1e-12,0.0010937,0,1.59162e-12,3.23258e-13
LAPACK,228,1,0,2,1e-12,0.00115207,0,3.52429e-12,4.51867e-13
LAPACK,229,1,0,2,1e-12,0.00113462,0,2.84217e-12,4.51807e-13
LAPACK,230,1,0,2,1e-12,0.00115761,0,3.52429e-12,4.51561e-13
LAPACK,231,1,0,2,1e-12,0.00115639,0,3.86535e-12,4.85732e-13
LAPACK,232,1,0,2,1e-12,0.00117889,0,4.77485e-12,5.10406e-13
LAPACK,233,1,0,2,1e-12,0.00116287,0,3.75167e-12,5.07651e-13
LAPACK,234,1,0,2,1e-12,0.00116408,0,2.84217e-12,4.75318e-13
LAPACK,235,1,0,2,1e-12,0.00118693,0,4.09273e-12,4.59683e-13
LAPACK,236,1,0,2,1e-12,0.00119387,0,3.29692e-12,5.41072e-13
LAPACK,237,1,0,2,1e-12,0.00121345,0,5.11591e-12,5.15597e-13
LAPACK,238,1,0,2,1e-12,0.00123355,0,2.6148e-12,4.62202e-13
LAPACK,239,1,0,2,1e-12,0.00121793,0,3.06954e-12,4.73284e-13
LAPACK,240,1,0,2,1e-12,0.00125385,0,2.72848e-12,4.36199e-13
LAPACK,241,1,0,2,1e-12,0.0012553,0,2.50111e-12,4.38887e-13
LAPACK,242,1,0,2,1e-12,0.00124956,0,1.47793e-12,3.42508e-13
LAPACK,243,1,0,2,1e-12,0.00125351,0,3.06954e-12,4.86718e-13
LAPACK,244,1,0,2,1e-12,0.00127325,0,3.52429e-12,5.32807e-13
LAPACK,245,1,0,2,1e-12,0.00129344,0,2.72848e-12,4.72928e-13
LAPACK,246,1,0,2,1e-12,0.00130644,0,6.0254e-12,4.77071e-13
LAPACK,247,1,0,2,1e-12,0.00131533,0,3.86535e-12,4.81107e-13
LAPACK,248,1,0,2,1e-12,0.00132316,0,3.06954e-12,4.24701e-13
LAPACK,249,1,0,2,1e-12,0.0013062,0,2.27374e-12,3.42104e-13
LAPACK,250,1,0,2,1e-12,0.00134408,0,2.72848e-12,4.62951e-13
LAPACK,251,1,0,2,1e-12,0.00132209,0,4.20641e-12,5.05616e-13
LAPACK,252,1,0,2,1e-12,0.00134491,0,2.04636e-12,3.81774e-13
LAPACK,253,1,0,2,1e-12,0.00137023,0,2.6148e-12,4.93181e-13
LAPACK,254,1,0,2,1e-12,0.00135102,0,2.38742e-12,4.63972e-13
LAPACK,255,1,0,2,1e-12,0.00139301,0,2.16005e-12,4.17832e-13
LAPACK,256,1,0,2,1e-12,0.00142246,0,3.97904e-12,4.77812e-13
LAPACK,257,1,0,2,1e-12,0.00141153,0,3.18323e-12,4.1494e-13
LAPACK,258,1,0,2,1e-12,0.00139982,0,2.84217e-12,3.61224e-13
LAPACK,259,1,0,2,1e-12,0.0013958,0,2.72848e-12,4.38877e-13
LAPACK,260,1,0,2,1e-12,0.0014277,0,1.81899e-12,3.74102e-13
LAPACK,261,1,0,2,1e-12,0.00143831,0,1.59162e-12,3.481e-13
LAPACK,262,1,0,2,1e-12,0.00145127,0,2.50111e-12,4.69753e-13
LAPACK,263,1,0,2,1e-12,0.00145634,0,2.38742e-12,4.25258e-13
LAPACK,264,1,0,2,1e-12,0.00148154,0,2.04636e-12,3.4484e-13
LAPACK,265,1,0,2,1e-12,0.00149236,0,2.10321e-12,3.66856e-13
LAPACK,266,1,0,2,1e-12,0.00150128,0,2.84217e-12,4.18312e-13
LAPACK,267,1,0,2,1e-12,0.00147689,0,2.38742e-12,4.39287e-13
LAPACK,268,1,0,2,1e-12,0.00150111,0,2.13163e-12,3.6467e-13
LAPACK,269,1,0,2,1e-12,0.00152307,0,2.38742e-12,3.53343e-13
LAPACK,270,1,0,2,1e-12,0.00152053,0,1.7053e-12,3.3882e-13
LAPACK,271,1,0,2,1e-12,0.00153789,0,2.38742e-12,4.44592e-13
LAPACK,272,1,0,2,1e-12,0.00153943,0,2.27374e-12,3.71631e-13
LAPACK,273,1,0,2,1e-12,0.00156214,0,2.04636e-12,3.85417e-13
LAPACK,274,1,0,2,1e-12,0.00156075,0,1.8332e-12,3.67257e-13
LAPACK,275,1,0,2,1e-12,0.00158608,0,1.98952e-12,3.69889e-13
LAPACK,276,1,0,2,1e-12,0.00165281,0,2.95586e-12,4.04195e-13
LAPACK,277,1,0,2,1e-12,0.00161121,0,2.60059e-12,3.99393e-13
LAPACK,278,1,0,2,1e-12,0.00163392,0,3.97904e-12,5.03316e-13
LAPACK,279,1,0,2,1e-12,0.00159196,0,2.04636e-12,3.30627e-13
LAPACK,280,1,0,2,1e-12,0.00165034,0,2.27374e-12,3.62158e-13
LAPACK,281,1,0,2,1e-12,0.00165787,0,1.93268e-12,3.53525e-13
LAPACK,282,1,0,2,1e-12,0.00166227,0,2.27374e-12,3.82405e-13
LAPACK,283,1,0,2,1e-12,0.00167402,0,2.72848e-12,4.0124e-13
LAPACK,284,1,0,2,1e-12,0.00169929,0,2.72848e-12,4.01271e-13
LAPACK,285,1,0,2,1e-12,0.00168642,0,2.84217e-12,3.95021e-13
LAPACK,286,1,0,2,1e-12,0.00170636,0,3.41061e-12,4.29517e-13
LAPACK,287,1,0,2,1e-12,0.00171828,0,1.93268e-12,3.91167e-13
LAPACK,288,1,0,2,1e-12,0.0017468,0,3.29692e-12,4.17166e-13
LAPACK,289,1,0,2,1e-12,0.00178662,0,2.84217e-12,4.61103e-13
LAPACK,290,1,0,2,1e-12,0.00173713,0,2.38742e-12,4.18739e-13
LAPACK,291,1,0,2,1e-12,0.00175264,0,1.81899e-12,3.85428e-13
LAPACK,292,1,0,2,1e-12,0.00178012,0,5.45697e-12,4.83484e-13
LAPACK,293,1,0,2,1e-12,0.00179606,0,2.38742e-12,3.82919e-13
LAPACK,294,1,0,2,1e-12,0.001779,0,1.81899e-12,3.58048e-13
LAPACK,295,1,0,2,1e-12,0.00182858,0,1.93268e-12,3.9092e-13
LAPACK,296,1,0,2,1e-12,0.00183021,0,2.04636e-12,3.71127e-13
LAPACK,297,1,0,2,1e-12,0.00181802,0,2.38742e-12,4.76926e-13
LAPACK,298,1,0,2,1e-12,0.00185413,0,1.93268e-12,3.66562e-13
LAPACK,299,1,0,2,1e-12,0.00185028,0,1.87583e-12,3.79318e-13
LAPACK,300,1,0,2,1e-12,0.00188097,0,2.16005e-12,4.05556e-13
LAPACK,301,1,0,2,1e-12,0.00187652,0,2.72848e-12,3.40048e-13
LAPACK,302,1,0,2,1e-12,0.00189079,0,2.72848e-12,4.54422e-13
LAPACK,303,1,0,2,1e-12,0.00192617,0,2.72848e-12,4.06643e-13
LAPACK,304,1,0,2,1e-12,0.00189242,0,2.50111e-12,4.12877e-13
LAPACK,305,1,0,2,1e-12,0.00192771,0,2.16005e-12,4.41446e-13
LAPACK,306,1,0,2,1e-12,0.00195005,0,1.93268e-12,3.66382e-13
LAPACK,307,1,0,2,1e-12,0.00195576,0,2.27374e-12,4.45341e-13
LAPACK,308,1,0,2,1e-12,0.00195683,0,2.50111e-12,3.92917e-13
LAPACK,309,1,0,2,1e-12,0.00197114,0,2.27374e-12,3.83315e-13
LAPACK,310,1,0,2,1e-12,0.00201106,0,2.16005e-12,3.75772e-13
LAPACK,311,1,0,2,1e-12,0.00199341,0,1.93268e-12,3.90516e-13
LAPACK,312,1,0,2,1e-12,0.00202002,0,2.33058e-12,3.90731e-13
LAPACK,313,1,0,2,1e-12,0.00201947,0,3.06954e-12,3.82834e-13
LAPACK,314,1,0,2,1e-12,0.00208668,0,5.00222e-12,4.8499e-13
LAPACK,315,1,0,2,1e-12,0.00205083,0,2.6148e-12,4.1505e-13
LAPACK,316,1,0,2,1e-12,0.00206406,0,3.52429e-12,3.86973e-13
LAPACK,317,1,0,2,1e-12,0.0020798,0,2.16005e-12,3.90435e-13
LAPACK,318,1,0,2,1e-12,0.00210368,0,1.81899e-12,3.98102e-13
LAPACK,319,1,0,2,1e-12,0.0021258,0,2.81375e-12,4.41584e-13
LAPACK,320,1,0,2,1e-12,0.00208937,0,3.2685e-12,4.16927e-13
LAPACK,321,1,0,2,1e-12,0.00214124,0,1.93268e-12,4.19951e-13
LAPACK,322,1,0,2,1e-12,0.00214313,0,2.6148e-12,4.24033e-13
LAPACK,323,1,0,2,1e-12,0.00214039,0,2.38742e-12,4.1115e-13
LAPACK,324,1,0,2,1e-12,0.00217128,0,2.34479e-12,4.02408e-13
LAPACK,325,1,0,2,1e-12,0.00215291,0,2.16005e-12,3.69737e-13
LAPACK,326,1,0,2,1e-12,0.002184,0,2.6148e-12,3.64812e-13
LAPACK,327,1,0,2,1e-12,0.00219115,0,1.93268e-12,3.71304e-13
LAPACK,328,1,0,2,1e-12,0.00224336,0,3.41061e-12,5.18796e-13
LAPACK,329,1,0,2,1e-12,0.00223788,0,2.6148e-12,3.72932e-13
LAPACK,330,1,0,2,1e-12,0.00225832,0,2.72848e-12,4.03267e-13
LAPACK,331,1,0,2,1e-12,0.00225082,0,2.16005e-12,3.70695e-13
LAPACK,332,1,0,2,1e-12,0.00227215,0,2.50111e-12,3.76499e-13
LAPACK,333,1,0,2,1e-12,0.00228783,0,2.84217e-12,4.21465e-13
LAPACK,334,1,0,2,1e-12,0.00233315,0,2.50111e-12,4.94775e-13
LAPACK,335,1,0,2,1e-12,0.002324,0,1.7053e-12,3.94483e-13
LAPACK,336,1,0,2,1e-12,0.00228515,0,2.50111e-12,4.35408e-13
LAPACK,337,1,0,2,1e-12,0.00233969,0,3.18323e-12,4.04877e-13
LAPACK,338,1,0,2,1e-12,0.00233998,0,2.6148e-12,4.07037e-13
LAPACK,339,1,0,2,1e-12,0.00234761,0,2.6148e-12,3.81704e-13
LAPACK,340,1,0,2,1e-12,0.00234398,0,2.27374e-12,3.56372e-13
LAPACK,341,1,0,2,1e-12,0.00236121,0,2.72848e-12,4.12344e-13
LAPACK,342,1,0,2,1e-12,0.00239379,0,2.95586e-12,4.18352e-13
LAPACK,343,1,0,2,1e-12,0.00237989,0,2.38742e-12,3.83271e-13
LAPACK,344,1,0,2,1e-12,0.00241049,0,5.11591e-12,4.08848e-13
LAPACK,345,1,0,2,1e-12,0.00245629,0,2.50111e-12,3.84893e-13
LAPACK,346,1,0,2,1e-12,0.00245066,0,2.84217e-12,4.09867e-13
LAPACK,347,1,0,2,1e-12,0.00246451,0,2.04636e-12,4.13098e-13
LAPACK,348,1,0,2,1e-12,0.00245943,0,2.55795e-12,3.68834e-13
LAPACK,349,1,0,2,1e-12,0.00248798,0,2.16005e-12,4.4472e-13
LAPACK,350,1,0,2,1e-12,0.00253358,0,2.38742e-12,4.0826e-13
LAPACK,351,1,0,2,1e-12,0.00250308,0,2.67164e-12,3.91493e-13
LAPACK,352,1,0,2,1e-12,0.00252225,0,2.07478e-12,3.9886e-13
LAPACK,353,1,0,2,1e-12,0.00258262,0,2.72848e-12,4.44984e-13
LAPACK,354,1,0,2,1e-12,0.00255093,0,3.52429e-12,3.80244e-13
LAPACK,355,1,0,2,1e-12,0.00258354,0,2.16005e-12,4.13907e-13
LAPACK,356,1,0,2,1e-12,0.00261101,0,2.38742e-12,3.98377e-13
LAPACK,357,1,0,2,1e-12,0.00258994,0,1.81899e-12,3.71406e-13
LAPACK,358,1,0,2,1e-12,0.00262263,0,1.59162e-12,3.77802e-13
LAPACK,359,1,0,2,1e-12,0.00260368,0,2.57216e-12,3.60208e-13
LAPACK,360,1,0,2,1e-12,0.00264738,0,2.16005e-12,3.55121e-13
LAPACK,361,1,0,2,1e-12,0.00265155,0,2.38742e-12,4.3674e-13
LAPACK,362,1,0,2,1e-12,0.00265958,0,2.78533e-12,4.10436e-13
LAPACK,363,1,0,2,1e-12,0.00269606,0,3.52429e-12,4.20891e-13
LAPACK,364,1,0,2,1e-12,0.00269793,0,5.00222e-12,4.74437e-13
LAPACK,365,1,0,2,1e-12,0.00269373,0,2.04636e-12,4.20113e-13
LAPACK,366,1,0,2,1e-12,0.00272268,0,2.04636e-12,4.01668e-13
LAPACK,367,1,0,2,1e-12,0.00272641,0,1.90781e-12,4.00527e-13
LAPACK,368,1,0,2,1e-12,0.00273487,0,1.93268e-12,3.9209e-13
LAPACK,369,1,0,2,1e-12,0.00275534,0,2.27374e-12,3.7627e-13
LAPACK,370,1,0,2,1e-12,0.00278566,0,3.41061e-12,4.14805e-13
LAPACK,371,1,0,2,1e-12,0.00279337,0,2.50111e-12,4.23726e-13
LAPACK,372,1,0,2,1e-12,0.00287721,0,2.72848e-12,4.42558e-13
LAPACK,373,1,0,2,1e-12,0.0028248,0,2.84217e-12,4.37517e-13
LAPACK,374,1,0,2,1e-12,0.00285339,0,2.38742e-12,3.80504e-13
LAPACK,375,1,0,2,1e-12,0.00288312,0,2.6148e-12,4.44282e-13
LAPACK,376,1,0,2,1e-12,0.00291697,0,2.27374e-12,4.02921e-13
LAPACK,377,1,0,2,1e-12,0.00290738,0,2.50111e-12,4.32758e-13
LAPACK,378,1,0,2,1e-12,0.00289718,0,2.50111e-12,3.82988e-13
LAPACK,379,1,0,2,1e-12,0.00295011,0,2.50111e-12,4.61771e-13
LAPACK,380,1,0,2,1e-12,0.00296729,0,2.57216e-12,4.31191e-13
LAPACK,381,1,0,2,1e-12,0.00297693,0,2.50111e-12,3.82049e-13
LAPACK,382,1,0,2,1e-12,0.00299724,0,3.32534e-12,4.34674e-13
LAPACK,383,1,0,2,1e-12,0.00298955,0,2.04636e-12,3.75948e-13
LAPACK,384,1,0,2,1e-12,0.00301721,0,2.95586e-12,4.01205e-13
LAPACK,385,1,0,2,1e-12,0.00299458,0,2.84217e-12,4.46857e-13
LAPACK,386,1,0,2,1e-12,0.0030622,0,3.52429e-12,4.28245e-13
LAPACK,387,1,0,2,1e-12,0.00303291,0,2.95586e-12,3.95524e-13
LAPACK,388,1,0,2,1e-12,0.003082,0,3.06954e-12,4.21337e-13
LAPACK,389,1,0,2,1e-12,0.00305381,0,2.95586e-12,4.60506e-13
LAPACK,390,1,0,2,1e-12,0.00310305,0,1.81899e-12,3.70743e-13
LAPACK,391,1,0,2,1e-12,0.00310023,0,1.87539e-12,4.47508e-13
LAPACK,392,1,0,2,1e-12,0.00310415,0,2.72848e-12,3.887e-13
LAPACK,393,1,0,2,1e-12,0.00312262,0,2.6148e-12,4.01281e-13
LAPACK,394,1,0,2,1e-12,0.00315301,0,3.10507e-12,4.36759e-13
LAPACK,395,1,0,2,1e-12,0.00316342,0,3.9222e-12,4.28747e-13
LAPACK,396,1,0,2,1e-12,0.00319472,0,2.72848e-12,3.80824e-13
LAPACK,397,1,0,2,1e-12,0.00317315,0,3.52429e-12,4.22529e-13
LAPACK,398,1,0,2,1e-12,0.00320671,0,3.04112e-12,3.70994e-13
LAPACK,399,1,0,2,1e-12,0.00325933,0,2.95586e-12,4.06883e-13
LAPACK,400,1,0,2,1e-12,0.00327929,0,2.50111e-12,4.25397e-13
LAPACK,401,1,0,2,1e-12,0.00323615,0,4.43379e-12,4.11629e-13
LAPACK,402,1,0,2,1e-12,0.00328152,0,2.38742e-12,4.07239e-13
LAPACK,403,1,0,2,1e-12,0.00329372,0,3.32534e-12,4.37948e-13
LAPACK,404,1,0,2,1e-12,0.00334631,0,1.81899e-12,4.11504e-13
LAPACK,405,1,0,2,1e-12,0.00333116,0,2.44427e-12,3.84086e-13
LAPACK,406,1,0,2,1e-12,0.00334092,0,2.38742e-12,4.13721e-13
LAPACK,407,1,0,2,1e-12,0.0033084,0,2.84217e-12,4.30176e-13
LAPACK,408,1,0,2,1e-12,0.00342143,0,3.18323e-12,4.55665e-13
LAPACK,409,1,0,2,1e-12,0.00339794,0,2.72848e-12,4.0731e-13
LAPACK,410,1,0,2,1e-12,0.003424,0,3.06954e-12,4.10863e-13
LAPACK,411,1,0,2,1e-12,0.00342297,0,1.71951e-12,4.10043e-13
LAPACK,412,1,0,2,1e-12,0.0034216,0,2.38742e-12,3.62516e-13
LAPACK,413,1,0,2,1e-12,0.00349142,0,2.18847e-12,4.34599e-13
LAPACK,414,1,0,2,1e-12,0.00346672,0,3.29692e-12,4.23108e-13
LAPACK,415,1,0,2,1e-12,0.00352117,0,2.21689e-12,4.03381e-13
LAPACK,416,1,0,2,1e-12,0.00351076,0,3.06954e-12,4.20821e-13
LAPACK,417,1,0,2,1e-12,0.00350681,0,3.97904e-12,4.30784e-13
LAPACK,418,1,0,2,1e-12,0.00351203,0,3.29692e-12,4.01759e-13
LAPACK,419,1,0,2,1e-12,0.00354403,0,2.6148e-12,4.43675e-13
LAPACK,420,1,0,2,1e-12,0.00357136,0,2.84217e-12,4.13911e-13
LAPACK,421,1,0,2,1e-12,0.00357981,0,2.84217e-12,4.10858e-13
LAPACK,422,1,0,2,1e-12,0.00360413,0,2.95586e-12,4.06447e-13
LAPACK,423,1,0,2,1e-12,0.00361672,0,2.84217e-12,3.93611e-13
LAPACK,424,1,0,2,1e-12,0.00365084,0,2.27374e-12,3.91503e-13
LAPACK,425,1,0,2,1e-12,0.00366309,0,2.38742e-12,3.86363e-13
LAPACK,426,1,0,2,1e-12,0.00368451,0,2.27374e-12,4.06126e-13
LAPACK,427,1,0,2,1e-12,0.0036643,0,3.46745e-12,4.28283e-13
LAPACK,428,1,0,2,1e-12,0.00371592,0,2.84217e-12,4.45096e-13
LAPACK,429,1,0,2,1e-12,0.0037283,0,2.38742e-12,3.75683e-13
LAPACK,430,1,0,2,1e-12,0.00370102,0,2.6148e-12,4.08328e-13
LAPACK,431,1,0,2,1e-12,0.00375772,0,4.20641e-12,4.33888e-13
LAPACK,432,1,0,2,1e-12,0.00380609,0,2.30216e-12,4.12595e-13
LAPACK,433,1,0,2,1e-12,0.00382665,0,4.3201e-12,4.22475e-13
LAPACK,434,1,0,2,1e-12,0.00382277,0,2.84217e-12,4.17045e-13
LAPACK,435,1,0,2,1e-12,0.00383255,0,2.6148e-12,4.53759e-13
LAPACK,436,1,0,2,1e-12,0.00386689,0,2.50111e-12,4.14497e-13
LAPACK,437,1,0,2,1e-12,0.00389184,0,2.16005e-12,4.02405e-13
LAPACK,438,1,0,2,1e-12,0.0038866,0,3.02691e-12,4.27279e-13
LAPACK,439,1,0,2,1e-12,0.00389547,0,2.44427e-12,4.28516e-13
LAPACK,440,1,0,2,1e-12,0.00388083,0,2.38742e-12,4.39835e-13
LAPACK,441,1,0,2,1e-12,0.00395094,0,2.38742e-12,4.37559e-13
LAPACK,442,1,0,2,1e-12,0.0039447,0,2.84217e-12,4.29875e-13
LAPACK,443,1,0,2,1e-12,0.00395329,0,1.98952e-12,3.98918e-13
LAPACK,444,1,0,2,1e-12,0.0040139,0,3.18323e-12,4.75274e-13
LAPACK,445,1,0,2,1e-12,0.00407447,0,2.16005e-12,4.06891e-13
LAPACK,446,1,0,2,1e-12,0.00404753,0,2.27374e-12,4.42118e-13
LAPACK,447,1,0,2,1e-12,0.00403737,0,2.52953e-12,4.04332e-13
LAPACK,448,1,0,2,1e-12,0.00402484,0,3.06954e-12,4.0011e-13
LAPACK,449,1,0,2,1e-12,0.00408859,0,2.50111e-12,4.24721e-13
LAPACK,450,1,0,2,1e-12,0.00408566,0,3.86535e-12,3.87777e-13
LAPACK,451,1,0,2,1e-12,0.00417161,0,5.11591e-12,5.67229e-13
LAPACK,452,1,0,2,1e-12,0.00413728,0,2.30216e-12,4.4459e-13
LAPACK,453,1,0,2,1e-12,0.00416542,0,2.38742e-12,4.09597e-13
LAPACK,454,1,0,2,1e-12,0.00414125,0,1.63869e-12,3.60334e-13
LAPACK,455,1,0,2,1e-12,0.00422542,0,3.18323e-12,4.50371e-13
LAPACK,456,1,0,2,1e-12,0.00421817,0,2.50111e-12,4.48146e-13
LAPACK,457,1,0,2,1e-12,0.00425676,0,4.77485e-12,6.5095e-13
LAPACK,458,1,0,2,1e-12,0.00427845,0,3.0127e-12,4.6576e-13
LAPACK,459,1,0,2,1e-12,0.00426469,0,2.79243e-12,4.71655e-13
LAPACK,460,1,0,2,1e-12,0.00425061,0,7.27596e-12,6.10547e-13
LAPACK,461,1,0,2,1e-12,0.00429422,0,2.27374e-12,3.88891e-13
LAPACK,462,1,0,2,1e-12,0.00433675,0,2.72848e-12,4.40294e-13
LAPACK,463,1,0,2,1e-12,0.00440733,0,3.06954e-12,4.40581e-13
LAPACK,464,1,0,2,1e-12,0.00434887,0,2.38742e-12,4.29669e-13
LAPACK,465,1,0,2,1e-12,0.00439099,0,3.04112e-12,4.34122e-13
LAPACK,466,1,0,2,1e-12,0.00439934,0,4.09273e-12,6.20152e-13
LAPACK,467,1,0,2,1e-12,0.00445377,0,5.11591e-12,6.33318e-13
LAPACK,468,1,0,2,1e-12,0.00445403,0,2.89901e-12,4.69167e-13
LAPACK,469,1,0,2,1e-12,0.0044975,0,3.41061e-12,4.47839e-13
LAPACK,470,1,0,2,1e-12,0.00456434,0,4.20641e-12,6.1497e-13
LAPACK,471,1,0,2,1e-12,0.00444816,0,3.63798e-12,5.41603e-13
LAPACK,472,1,0,2,1e-12,0.00451285,0,3.75167e-12,4.48241e-13
LAPACK,473,1,0,2,1e-12,0.00448699,0,7.61702e-12,6.15746e-13
LAPACK,474,1,0,2,1e-12,0.0044804,0,2.84217e-12,4.74001e-13
LAPACK,475,1,0,2,1e-12,0.00453199,0,5.91172e-12,6.06955e-13
LAPACK,476,1,0,2,1e-12,0.00453934,0,2.16005e-12,4.19271e-13
LAPACK,477,1,0,2,1e-12,0.00461279,0,2.38742e-12,4.25821e-13
LAPACK,478,1,0,2,1e-12,0.00463385,0,4.66116e-12,5.89121e-13
LAPACK,479,1,0,2,1e-12,0.00467217,0,7.7307e-12,5.14634e-13
LAPACK,480,1,0,2,1e-12,0.00459755,0,2.95586e-12,4.1922e-13
LAPACK,481,1,0,2,1e-12,0.00465891,0,4.54747e-12,6.09874e-13
LAPACK,482,1,0,2,1e-12,0.0046412,0,3.29692e-12,4.73547e-13
LAPACK,483,1,0,2,1e-12,0.00472795,0,2.6148e-12,4.54294e-13
LAPACK,484,1,0,2,1e-12,0.00474898,0,2.75691e-12,4.18257e-13
LAPACK,485,1,0,2,1e-12,0.00471267,0,4.43379e-12,3.76681e-13
LAPACK,486,1,0,2,1e-12,0.00468055,0,2.95586e-12,3.79099e-13
LAPACK,487,1,0,2,1e-12,0.00478641,0,2.50111e-12,4.45124e-13
LAPACK,488,1,0,2,1e-12,0.00471921,0,2.89901e-12,4.5217e-13
LAPACK,489,1,0,2,1e-12,0.00482213,0,2.72848e-12,4.20643e-13
LAPACK,490,1,0,2,1e-12,0.00479428,0,1.98952e-12,3.96713e-13
LAPACK,491,1,0,2,1e-12,0.00485796,0,6.70752e-12,6.41426e-13
LAPACK,492,1,0,2,1e-12,0.00484132,0,2.04636e-12,3.71401e-13
LAPACK,493,1,0,2,1e-12,0.0049078,0,2.72138e-12,5.08916e-13
LAPACK,494,1,0,2,1e-12,0.00482325,0,1.81899e-12,4.10934e-13
LAPACK,495,1,0,2,1e-12,0.00490307,0,3.1406e-12,4.1714e-13
LAPACK,496,1,0,2,1e-12,0.00487273,0,2.04636e-12,3.70227e-13
LAPACK,497,1,0,2,1e-12,0.00493451,0,2.27374e-12,3.89625e-13
LAPACK,498,1,0,2,1e-12,0.00486593,0,3.29692e-12,4.41235e-13
LAPACK,499,1,0,2,1e-12,0.0049792,0,2.72848e-12,4.40891e-13
LAPACK,500,1,0,2,1e-12,0.00497956,0,2.72848e-12,4.13154e-13
LAPACK,501,1,0,2,1e-12,0.00497329,0,2.27374e-12,3.90606e-13
LAPACK,502,1,0,2,1e-12,0.00507689,0,2.50111e-12,3.90322e-13
LAPACK,503,1,0,2,1e-12,0.00506721,0,3.29692e-12,3.99935e-13
LAPACK,504,1,0,2,1e-12,0.0050501,0,2.21689e-12,3.84911e-13
LAPACK,505,1,0,2,1e-12,0.00507347,0,2.50111e-12,4.10319e-13
LAPACK,506,1,0,2,1e-12,0.00508369,0,3.41061e-12,4.26149e-13
LAPACK,507,1,0,2,1e-12,0.00517014,0,3.06954e-12,4.43878e-13
LAPACK,508,1,0,2,1e-12,0.00512254,0,2.84217e-12,3.93585e-13
LAPACK,509,1,0,2,1e-12,0.00517182,0,2.27374e-12,4.18763e-13
LAPACK,510,1,0,2,1e-12,0.00516252,0,4.43379e-12,3.79169e-13
LAPACK,511,1,0,2,1e-12,0.00520184,0,2.75691e-12,3.94979e-13
LAPACK,512,1,0,2,1e-12,0.00518058,0,2.33058e-12,3.53627e-13
LAPACK,513,1,0,2,1e-12,0.00527075,0,3.49587e-12,4.14022e-13
LAPACK,514,1,0,2,1e-12,0.00520732,0,2.44427e-12,3.92533e-13
LAPACK,515,1,0,2,1e-12,0.00525644,0,2.50111e-12,4.21394e-13
LAPACK,516,1,0,2,1e-12,0.00533069,0,2.6148e-12,3.75878e-13
LAPACK,517,1,0,2,1e-12,0.00533108,0,2.27374e-12,4.20635e-13
LAPACK,518,1,0,2,1e-12,0.00531831,0,2.82796e-12,3.8388e-13
LAPACK,519,1,0,2,1e-12,0.00535803,0,2.6148e-12,4.30532e-13
LAPACK,520,1,0,2,1e-12,0.005366,0,2.52953e-12,4.00956e-13
LAPACK,521,1,0,2,1e-12,0.00545644,0,2.6148e-12,4.31682e-13
LAPACK,522,1,0,2,1e-12,0.00538592,0,2.04636e-12,3.68883e-13
LAPACK,523,1,0,2,1e-12,0.00539928,0,2.04636e-12,3.66007e-13
LAPACK,524,1,0,2,1e-12,0.00560234,0,4.77485e-12,6.41599e-13
LAPACK,525,1,0,2,1e-12,0.00544489,0,6.25278e-12,6.56429e-13
LAPACK,526,1,0,2,1e-12,0.00542039,0,2.89901e-12,4.08581e-13
LAPACK,527,1,0,2,1e-12,0.00551653,0,3.06954e-12,4.10203e-13
LAPACK,528,1,0,2,1e-12,0.00553647,0,2.84217e-12,4.32708e-13
LAPACK,529,1,0,2,1e-12,0.00559459,0,3.06954e-12,4.20779e-13
LAPACK,530,1,0,2,1e-12,0.00560598,0,2.21689e-12,3.83914e-13
LAPACK,531,1,0,2,1e-12,0.00557607,0,2.50111e-12,3.73342e-13
LAPACK,532,1,0,2,1e-12,0.00561712,0,3.12639e-12,4.12391e-13
LAPACK,533,1,0,2,1e-12,0.00570024,0,2.33058e-12,3.88629e-13
LAPACK,534,1,0,2,1e-12,0.00578418,0,6.82121e-12,6.1859e-13
LAPACK,535,1,0,2,1e-12,0.00575921,0,5.68434e-12,5.80854e-13
LAPACK,536,1,0,2,1e-12,0.00579023,0,5.22959e-12,6.31885e-13
LAPACK,537,1,0,2,1e-12,0.00586191,0,5.45697e-12,6.75076e-13
LAPACK,538,1,0,2,1e-12,0.00571281,0,2.44427e-12,4.37552e-13
LAPACK,539,1,0,2,1e-12,0.00571592,0,3.63798e-12,4.19864e-13
LAPACK,540,1,0,2,1e-12,0.00577754,0,2.27374e-12,4.11642e-13
LAPACK,541,1,0,2,1e-12,0.00582257,0,2.6148e-12,3.88964e-13
LAPACK,542,1,0,2,1e-12,0.00579106,0,2.6148e-12,4.02579e-13
LAPACK,543,1,0,2,1e-12,0.00585685,0,2.38742e-12,3.61108e-13
LAPACK,544,1,0,2,1e-12,0.00586775,0,1.87583e-12,3.85542e-13
LAPACK,545,1,0,2,1e-12,0.00594659,0,2.95586e-12,4.23582e-13
LAPACK,546,1,0,2,1e-12,0.00589011,0,4.54747e-12,3.87359e-13
LAPACK,547,1,0,2,1e-12,0.00594032,0,3.29692e-12,4.0965e-13
LAPACK,548,1,0,2,1e-12,0.00597982,0,3.09797e-12,3.96365e-13
LAPACK,549,1,0,2,1e-12,0.00595514,0,3.41061e-12,4.30273e-13
LAPACK,550,1,0,2,1e-12,0.0060767,0,2.27374e-12,3.95312e-13
LAPACK,551,1,0,2,1e-12,0.00598953,0,1.98952e-12,4.0749e-13
LAPACK,552,1,0,2,1e-12,0.00601159,0,2.16005e-12,4.16645e-13
LAPACK,553,1,0,2,1e-12,0.00606203,0,3.09797e-12,4.32254e-13
LAPACK,554,1,0,2,1e-12,0.00605551,0,2.50111e-12,3.84884e-13
LAPACK,555,1,0,2,1e-12,0.00614111,0,3.12639e-12,3.99379e-13
LAPACK,556,1,0,2,1e-12,0.00615364,0,3.97904e-12,4.14207e-13
LAPACK,557,1,0,2,1e-12,0.00614527,0,2.04636e-12,4.01015e-13
LAPACK,558,1,0,2,1e-12,0.00614706,0,2.50111e-12,4.19664e-13
LAPACK,559,1,0,2,1e-12,0.00617864,0,2.95586e-12,4.03779e-13
LAPACK,560,1,0,2,1e-12,0.00622891,0,2.84217e-12,4.3475e-13
LAPACK,561,1,0,2,1e-12,0.00634429,0,2.6148e-12,4.1838e-13
LAPACK,562,1,0,2,1e-12,0.00628312,0,2.72848e-12,4.19241e-13
LAPACK,563,1,0,2,1e-12,0.00627154,0,3.41061e-12,3.91282e-13
LAPACK,564,1,0,2,1e-12,0.00626259,0,1.81899e-12,3.60267e-13
LAPACK,565,1,0,2,1e-12,0.00627952,0,3.52429e-12,4.3217e-13
LAPACK,566,1,0,2,1e-12,0.00627479,0,2.28795e-12,4.05084e-13
LAPACK,567,1,0,2,1e-12,0.00636455,0,2.50111e-12,4.18937e-13
LAPACK,568,1,0,2,1e-12,0.00642879,0,3.63798e-12,4.49695e-13
LAPACK,569,1,0,2,1e-12,0.00650749,0,2.72848e-12,4.02304e-13
LAPACK,570,1,0,2,1e-12,0.00647651,0,3.75167e-12,4.4053e-13
LAPACK,571,1,0,2,1e-12,0.00654454,0,3.86535e-12,5.19302e-13
LAPACK,572,1,0,2,1e-12,0.0065376,0,2.50111e-12,4.18761e-13
LAPACK,573,1,0,2,1e-12,0.00649053,0,3.97904e-12,4.60924e-13
LAPACK,574,1,0,2,1e-12,0.00653246,0,2.84217e-12,4.336e-13
LAPACK,575,1,0,2,1e-12,0.00655909,0,2.50111e-12,4.2807e-13
LAPACK,576,1,0,2,1e-12,0.0065779,0,3.06954e-12,3.97662e-13
LAPACK,577,1,0,2,1e-12,0.00661553,0,2.55795e-12,4.10588e-13
LAPACK,578,1,0,2,1e-12,0.00656637,0,2.04636e-12,4.09617e-13
LAPACK,579,1,0,2,1e-12,0.0066584,0,2.27374e-12,4.37613e-13
LAPACK,580,1,0,2,1e-12,0.0066691,0,2.27374e-12,4.27763e-13
LAPACK,581,1,0,2,1e-12,0.00668119,0,1.93268e-12,3.97991e-13
LAPACK,582,1,0,2,1e-12,0.0066612,0,3.63798e-12,4.13732e-13
LAPACK,583,1,0,2,1e-12,0.00673865,0,2.95586e-12,4.08994e-13
LAPACK,584,1,0,2,1e-12,0.00678258,0,4.34852e-12,4.46219e-13
LAPACK,585,1,0,2,1e-12,0.00676039,0,2.6148e-12,4.32432e-13
LAPACK,586,1,0,2,1e-12,0.00673882,0,2.33058e-12,4.21724e-13
LAPACK,587,1,0,2,1e-12,0.00685506,0,3.18323e-12,4.31675e-13
LAPACK,588,1,0,2,1e-12,0.00679912,0,2.95586e-12,4.3278e-13
LAPACK,589,1,0,2,1e-12,0.00682142,0,3.52429e-12,4.24855e-13
LAPACK,590,1,0,2,1e-12,0.00679305,0,2.84217e-12,3.81972e-13
LAPACK,591,1,0,2,1e-12,0.00695375,0,2.6148e-12,4.12963e-13
LAPACK,592,1,0,2,1e-12,0.00688681,0,3.24007e-12,4.17799e-13
LAPACK,593,1,0,2,1e-12,0.00686499,0,2.21689e-12,4.09466e-13
LAPACK,594,1,0,2,1e-12,0.00698388,0,3.35376e-12,4.21944e-13
LAPACK,595,1,0,2,1e-12,0.00706243,0,3.46745e-12,4.17213e-13
LAPACK,596,1,0,2,1e-12,0.00700341,0,3.52429e-12,5.1314e-13
LAPACK,597,1,0,2,1e-12,0.00695884,0,2.84217e-12,4.02959e-13
LAPACK,598,1,0,2,1e-12,0.00698237,0,4.09273e-12,4.30281e-13
LAPACK,599,1,0,2,1e-12,0.00701707,0,4.0643e-12,4.05258e-13
LAPACK,600,1,0,2,1e-12,0.00706828,0,2.04636e-12,3.73296e-13
LAPACK,601,1,0,2,1e-12,0.00714772,0,2.18847e-12,4.10363e-13
LAPACK,602,1,0,2,1e-12,0.00712006,0,2.10321e-12,4.06621e-13
LAPACK,603,1,0,2,1e-12,0.00716151,0,2.50111e-12,3.91512e-13
LAPACK,604,1,0,2,1e-12,0.0072795,0,2.72848e-12,4.28464e-13
LAPACK,605,1,0,2,1e-12,0.00719672,0,2.95586e-12,4.13889e-13
LAPACK,606,1,0,2,1e-12,0.00726509,0,2.95586e-12,4.38332e-13
LAPACK,607,1,0,2,1e-12,0.00719458,0,2.6148e-12,4.11262e-13
LAPACK,608,1,0,2,1e-12,0.00725163,0,2.38742e-12,4.09294e-13
LAPACK,609,1,0,2,1e-12,0.00734673,0,2.72848e-12,4.29889e-13
LAPACK,610,1,0,2,1e-12,0.00734393,0,3.72324e-12,4.08396e-13
LAPACK,611,1,0,2,1e-12,0.00739154,0,3.06954e-12,4.00389e-13
LAPACK,612,1,0,2,1e-12,0.00730171,0,2.16005e-12,4.25666e-13
LAPACK,613,1,0,2,1e-12,0.0073893,0,2.84217e-12,3.56625e-13
LAPACK,614,1,0,2,1e-12,0.00742978,0,3.52429e-12,4.3318e-13
LAPACK,615,1,0,2,1e-12,0.00733672,0,3.21165e-12,4.22538e-13
LAPACK,616,1,0,2,1e-12,0.00746782,0,2.64322e-12,4.2025e-13
LAPACK,617,1,0,2,1e-12,0.00748686,0,2.50111e-12,4.22211e-13
LAPACK,618,1,0,2,1e-12,0.00749537,0,3.97904e-12,3.86725e-13
LAPACK,619,1,0,2,1e-12,0.00746477,0,4.66116e-12,4.08062e-13
LAPACK,620,1,0,2,1e-12,0.00754092,0,3.29692e-12,4.04437e-13
LAPACK,621,1,0,2,1e-12,0.00753318,0,2.6148e-12,3.84576e-13
LAPACK,622,1,0,2,1e-12,0.0075994,0,3.58114e-12,4.11692e-13
LAPACK,623,1,0,2,1e-12,0.00758263,0,2.6148e-12,3.86199e-13
LAPACK,624,1,0,2,1e-12,0.0076057,0,3.06954e-12,4.15046e-13
LAPACK,625,1,0,2,1e-12,0.00761684,0,2.94165e-12,4.06645e-13
LAPACK,626,1,0,2,1e-12,0.0077,0,2.16005e-12,3.9878e-13
LAPACK,627,1,0,2,1e-12,0.00765049,0,3.43903e-12,4.00002e-13
LAPACK,628,1,0,2,1e-12,0.00776185,0,2.44427e-12,4.25846e-13
LAPACK,629,1,0,2,1e-12,0.00774918,0,3.29692e-12,3.81185e-13
LAPACK,630,1,0,2,1e-12,0.00775658,0,3.41061e-12,4.44229e-13
LAPACK,631,1,0,2,1e-12,0.00783131,0,3.18323e-12,5.47108e-13
LAPACK,632,1,0,2,1e-12,0.00781506,0,2.72848e-12,4.10809e-13
LAPACK,633,1,0,2,1e-12,0.00784787,0,2.84217e-12,4.09906e-13
LAPACK,634,1,0,2,1e-12,0.00791655,0,4.43379e-12,4.55802e-13
LAPACK,635,1,0,2,1e-12,0.00784166,0,2.95586e-12,4.16991e-13
LAPACK,636,1,0,2,1e-12,0.00801055,0,3.18323e-12,4.46375e-13
LAPACK,637,1,0,2,1e-12,0.00795015,0,2.6148e-12,3.99366e-13
LAPACK,638,1,0,2,1e-12,0.00791121,0,4.12115e-12,4.43795e-13
LAPACK,639,1,0,2,1e-12,0.00803885,0,2.50111e-12,3.91529e-13
LAPACK,640,1,0,2,1e-12,0.00797956,0,3.75167e-12,4.17289e-13
LAPACK,641,1,0,2,1e-12,0.00804118,0,2.38742e-12,4.00878e-13
LAPACK,642,1,0,2,1e-12,0.00804317,0,2.27374e-12,3.8456e-13
LAPACK,643,1,0,2,1e-12,0.00811421,0,3.52429e-12,4.3849e-13
LAPACK,644,1,0,2,1e-12,0.00822295,0,3.63798e-12,4.76874e-13
LAPACK,645,1,0,2,1e-12,0.00812222,0,3.09797e-12,4.04554e-13
LAPACK,646,1,0,2,1e-12,0.00817498,0,2.6148e-12,4.49627e-13
LAPACK,647,1,0,2,1e-12,0.00819338,0,2.72848e-12,3.78449e-13
LAPACK,648,1,0,2,1e-12,0.0081828,0,3.41061e-12,4.32971e-13
LAPACK,649,1,0,2,1e-12,0.00826767,0,5.22959e-12,4.24259e-13
LAPACK,650,1,0,2,1e-12,0.00832817,0,3.29692e-12,4.09707e-13
LAPACK,651,1,0,2,1e-12,0.00826909,0,2.84217e-12,4.11415e-13
LAPACK,652,1,0,2,1e-12,0.00831883,0,2.6148e-12,3.97712e-13
LAPACK,653,1,0,2,1e-12,0.00834161,0,2.84217e-12,4.52992e-13
LAPACK,654,1,0,2,1e-12,0.0083352,0,3.63798e-12,4.11533e-13
LAPACK,655,1,0,2,1e-12,0.00834785,0,2.30216e-12,4.15604e-13
LAPACK,656,1,0,2,1e-12,0.00840703,0,2.6148e-12,3.85568e-13
LAPACK,657,1,0,2,1e-12,0.00843442,0,3.06954e-12,4.15042e-13
LAPACK,658,1,0,2,1e-12,0.00846255,0,3.18323e-12,4.33333e-13
LAPACK,659,1,0,2,1e-12,0.00842424,0,3.18323e-12,4.11132e-13
LAPACK,660,1,0,2,1e-12,0.00855773,0,3.18323e-12,4.27622e-13
LAPACK,661,1,0,2,1e-12,0.00863806,0,2.41585e-12,4.08091e-13
LAPACK,662,1,0,2,1e-12,0.00860052,0,2.6148e-12,4.21736e-13
LAPACK,663,1,0,2,1e-12,0.00851087,0,2.84217e-12,4.12334e-13
LAPACK,664,1,0,2,1e-12,0.0085949,0,2.47979e-12,4.20407e-13
LAPACK,665,1,0,2,1e-12,0.00870003,0,3.06954e-12,4.44278e-13
LAPACK,666,1,0,2,1e-12,0.00869135,0,2.50111e-12,4.36232e-13
LAPACK,667,1,0,2,1e-12,0.00868229,0,2.84217e-12,4.03386e-13
LAPACK,668,1,0,2,1e-12,0.00880787,0,2.87059e-12,4.06639e-13
LAPACK,669,1,0,2,1e-12,0.00874094,0,2.50111e-12,4.04227e-13
LAPACK,670,1,0,2,1e-12,0.00876966,0,3.29692e-12,4.28395e-13
LAPACK,671,1,0,2,1e-12,0.00875269,0,2.6148e-12,4.20025e-13
LAPACK,672,1,0,2,1e-12,0.00881492,0,2.95586e-12,4.21517e-13
LAPACK,673,1,0,2,1e-12,0.00882116,0,4.0643e-12,4.23249e-13
LAPACK,674,1,0,2,1e-12,0.00895419,0,3.86535e-12,4.79302e-13
LAPACK,675,1,0,2,1e-12,0.0089213,0,5.11591e-12,4.19726e-13
LAPACK,676,1,0,2,1e-12,0.00885538,0,4.3201e-12,4.19196e-13
LAPACK,677,1,0,2,1e-12,0.0089512,0,2.04636e-12,3.97779e-13
LAPACK,678,1,0,2,1e-12,0.00908984,0,3.18323e-12,3.93861e-13
LAPACK,679,1,0,2,1e-12,0.00902412,0,2.6148e-12,4.06274e-13
LAPACK,680,1,0,2,1e-12,0.00902178,0,4.66116e-12,4.52886e-13
LAPACK,681,1,0,2,1e-12,0.00910926,0,3.52429e-12,4.09722e-13
LAPACK,682,1,0,2,1e-12,0.00911267,0,2.04636e-12,4.13281e-13
LAPACK,683,1,0,2,1e-12,0.00911252,0,4.17799e-12,4.26838e-13
LAPACK,684,1,0,2,1e-12,0.00907479,0,2.70006e-12,4.31323e-13
LAPACK,685,1,0,2,1e-12,0.00913433,0,4.20641e-12,4.44914e-13
LAPACK,686,1,0,2,1e-12,0.00908104,0,3.06954e-12,4.37214e-13
LAPACK,687,1,0,2,1e-12,0.00918114,0,2.72848e-12,4.27392e-13
LAPACK,688,1,0,2,1e-12,0.00929985,0,3.18323e-12,4.70542e-13
LAPACK,689,1,0,2,1e-12,0.00925301,0,3.18323e-12,4.26824e-13
LAPACK,690,1,0,2,1e-12,0.00929327,0,3.41061e-12,4.11489e-13
LAPACK,691,1,0,2,1e-12,0.0094631,0,4.88853e-12,4.72904e-13
LAPACK,692,1,0,2,1e-12,0.00935296,0,2.50111e-12,4.1634e-13
LAPACK,693,1,0,2,1e-12,0.00927274,0,2.44427e-12,4.12479e-13
LAPACK,694,1,0,2,1e-12,0.00943082,0,3.29692e-12,4.10966e-13
LAPACK,695,1,0,2,1e-12,0.0094577,0,2.72848e-12,4.06907e-13
LAPACK,696,1,0,2,1e-12,0.00942309,0,3.35376e-12,3.82334e-13
LAPACK,697,1,0,2,1e-12,0.00955469,0,2.47269e-12,4.56089e-13
LAPACK,698,1,0,2,1e-12,0.00951384,0,3.52429e-12,3.9769e-13
LAPACK,699,1,0,2,1e-12,0.00953587,0,3.43903e-12,3.87106e-13
LAPACK,700,1,0,2,1e-12,0.00965742,0,3.86535e-12,4.29721e-13
LAPACK,701,1,0,2,1e-12,0.00954619,0,3.04112e-12,4.18479e-13
LAPACK,702,1,0,2,1e-12,0.00961497,0,3.52429e-12,4.383e-13
LAPACK,703,1,0,2,1e-12,0.00958383,0,3.29692e-12,4.13888e-13
LAPACK,704,1,0,2,1e-12,0.00960221,0,3.18323e-12,4.04193e-13
LAPACK,705,1,0,2,1e-12,0.00970649,0,4.09273e-12,4.17569e-13
LAPACK,706,1,0,2,1e-12,0.00960858,0,3.63798e-12,4.39899e-13
LAPACK,707,1,0,2,1e-12,0.00969691,0,3.49587e-12,3.78787e-13
LAPACK,708,1,0,2,1e-12,0.00972476,0,3.06954e-12,4.18918e-13
LAPACK,709,1,0,2,1e-12,0.0098224,0,2.91323e-12,4.00064e-13
LAPACK,710,1,0,2,1e-12,0.00975864,0,5.11591e-12,4.00042e-13
LAPACK,711,1,0,2,1e-12,0.00974983,0,3.42482e-12,3.96896e-13
LAPACK,712,1,0,2,1e-12,0.00991714,0,2.58638e-12,3.78792e-13
LAPACK,713,1,0,2,1e-12,0.00990154,0,3.75167e-12,4.44331e-13
LAPACK,714,1,0,2,1e-12,0.0100105,0,3.29692e-12,4.12464e-13
LAPACK,715,1,0,2,1e-12,0.00986395,0,3.18323e-12,3.78593e-13
LAPACK,716,1,0,2,1e-12,0.0100279,0,2.72848e-12,4.05633e-13
LAPACK,717,1,0,2,1e-12,0.0100737,0,4.09273e-12,4.5606e-13
LAPACK,718,1,0,2,1e-12,0.0100028,0,2.95586e-12,4.46483e-13
LAPACK,719,1,0,2,1e-12,0.0101151,0,3.41061e-12,4.04516e-13
LAPACK,720,1,0,2,1e-12,0.0100704,0,3.28271e-12,4.39031e-13
LAPACK,721,1,0,2,1e-12,0.0100284,0,3.06954e-12,4.237e-13
LAPACK,722,1,0,2,1e-12,0.0101122,0,2.38742e-12,3.85226e-13
LAPACK,723,1,0,2,1e-12,0.0101478,0,3.29692e-12,4.2202e-13
LAPACK,724,1,0,2,1e-12,0.0102113,0,2.38742e-12,3.81051e-13
LAPACK,725,1,0,2,1e-12,0.0101441,0,2.72848e-12,4.09364e-13
LAPACK,726,1,0,2,1e-12,0.0102007,0,2.72848e-12,4.31567e-13
LAPACK,727,1,0,2,1e-12,0.0101567,0,2.72848e-12,3.99517e-13
LAPACK,728,1,0,2,1e-12,0.0102651,0,3.18323e-12,4.32295e-13
LAPACK,729,1,0,2,1e-12,0.0103372,0,2.67164e-12,3.66719e-13
LAPACK,730,1,0,2,1e-12,0.0103358,0,4.09273e-12,4.05621e-13
LAPACK,731,1,0,2,1e-12,0.0103434,0,2.2311e-12,4.24939e-13
LAPACK,732,1,0,2,1e-12,0.0104631,0,3.97904e-12,4.71573e-13
LAPACK,733,1,0,2,1e-12,0.0104404,0,2.84217e-12,4.08086e-13
LAPACK,734,1,0,2,1e-12,0.0105329,0,4.09273e-12,4.24629e-13
LAPACK,735,1,0,2,1e-12,0.0105972,0,3.18323e-12,4.12028e-13
LAPACK,736,1,0,2,1e-12,0.0105246,0,3.41061e-12,4.39031e-13
LAPACK,737,1,0,2,1e-12,0.0105013,0,3.75167e-12,4.37318e-13
LAPACK,738,1,0,2,1e-12,0.0107237,0,3.55271e-12,4.94718e-13
LAPACK,739,1,0,2,1e-12,0.0106696,0,2.84217e-12,4.66411e-13
LAPACK,740,1,0,2,1e-12,0.0105413,0,2.98472e-12,4.86355e-13
LAPACK,741,1,0,2,1e-12,0.0107519,0,3.58114e-12,4.7948e-13
LAPACK,742,1,0,2,1e-12,0.0106491,0,3.86535e-12,4.22203e-13
LAPACK,743,1,0,2,1e-12,0.0106595,0,2.67164e-12,3.82473e-13
LAPACK,744,1,0,2,1e-12,0.0108547,0,4.54747e-12,4.50733e-13
LAPACK,745,1,0,2,1e-12,0.010893,0,3.12639e-12,4.76417e-13
LAPACK,746,1,0,2,1e-12,0.0109525,0,3.75167e-12,4.30761e-13
LAPACK,747,1,0,2,1e-12,0.0107297,0,4.88853e-12,4.49911e-13
LAPACK,748,1,0,2,1e-12,0.0109303,0,4.54747e-12,4.55693e-13
LAPACK,749,1,0,2,1e-12,0.0109372,0,2.84217e-12,4.72191e-13
LAPACK,750,1,0,2,1e-12,0.0107976,0,5.79803e-12,4.30554e-13
LAPACK,751,1,0,2,1e-12,0.0108826,0,2.72848e-12,4.30692e-13
LAPACK,752,1,0,2,1e-12,0.0108653,0,2.95586e-12,4.37546e-13
LAPACK,753,1,0,2,1e-12,0.0110418,0,2.57216e-12,4.13048e-13
LAPACK,754,1,0,2,1e-12,0.0110349,0,2.95586e-12,3.98685e-13
LAPACK,755,1,0,2,1e-12,0.0109899,0,3.9222e-12,4.09858e-13
LAPACK,756,1,0,2,1e-12,0.0111693,0,3.29692e-12,4.4091e-13
LAPACK,757,1,0,2,1e-12,0.0110097,0,3.70903e-12,4.38688e-13
LAPACK,758,1,0,2,1e-12,0.0111544,0,2.6148e-12,4.36441e-13
LAPACK,759,1,0,2,1e-12,0.0111876,0,3.75167e-12,4.38151e-13
LAPACK,760,1,0,2,1e-12,0.0111781,0,2.93454e-12,4.1083e-13
LAPACK,761,1,0,2,1e-12,0.0111775,0,3.18323e-12,4.48329e-13
LAPACK,762,1,0,2,1e-12,0.011197,0,2.72848e-12,4.06382e-13
LAPACK,763,1,0,2,1e-12,0.0113759,0,3.18323e-12,4.28758e-13
LAPACK,764,1,0,2,1e-12,0.0113381,0,3.18323e-12,4.32014e-13
LAPACK,765,1,0,2,1e-12,0.0113802,0,3.06954e-12,4.25875e-13
LAPACK,766,1,0,2,1e-12,0.0113633,0,3.12639e-12,4.12418e-13
LAPACK,767,1,0,2,1e-12,0.0113959,0,3.52429e-12,4.12797e-13
LAPACK,768,1,0,2,1e-12,0.0114061,0,2.95586e-12,3.91424e-13
LAPACK,769,1,0,2,1e-12,0.011505,0,4.66116e-12,4.46838e-13
LAPACK,770,1,0,2,1e-12,0.0115396,0,3.69482e-12,4.30911e-13
LAPACK,771,1,0,2,1e-12,0.0115454,0,2.24532e-12,4.3067e-13
LAPACK,772,1,0,2,1e-12,0.0114556,0,3.49587e-12,4.2666e-13
LAPACK,773,1,0,2,1e-12,0.0116485,0,2.84217e-12,4.59775e-13
LAPACK,774,1,0,2,1e-12,0.0115983,0,3.41061e-12,4.19899e-13
LAPACK,775,1,0,2,1e-12,0.0116778,0,4.09273e-12,4.18057e-13
LAPACK,776,1,0,2,1e-12,0.0116114,0,4.80327e-12,4.27792e-13
LAPACK,777,1,0,2,1e-12,0.0117014,0,3.29692e-12,4.35555e-13
LAPACK,778,1,0,2,1e-12,0.0117173,0,2.84217e-12,4.56671e-13
LAPACK,779,1,0,2,1e-12,0.0118679,0,3.63798e-12,4.78218e-13
LAPACK,780,1,0,2,1e-12,0.0118085,0,3.97904e-12,4.04755e-13
LAPACK,781,1,0,2,1e-12,0.0118581,0,2.89901e-12,4.18635e-13
LAPACK,782,1,0,2,1e-12,0.0118384,0,2.38742e-12,4.16179e-13
LAPACK,783,1,0,2,1e-12,0.0118399,0,2.95586e-12,4.46301e-13
LAPACK,784,1,0,2,1e-12,0.0119427,0,3.29692e-12,4.40213e-13
LAPACK,785,1,0,2,1e-12,0.0119347,0,2.95586e-12,4.26892e-13
LAPACK,786,1,0,2,1e-12,0.0120066,0,3.18323e-12,4.36767e-13
LAPACK,787,1,0,2,1e-12,0.0119554,0,2.84217e-12,4.40899e-13
LAPACK,788,1,0,2,1e-12,0.0120607,0,3.86535e-12,4.37108e-13
LAPACK,789,1,0,2,1e-12,0.01228,0,3.19034e-12,4.66015e-13
LAPACK,790,1,0,2,1e-12,0.0120708,0,3.63798e-12,4.12055e-13
LAPACK,791,1,0,2,1e-12,0.0121422,0,4.01457e-12,4.52864e-13
LAPACK,792,1,0,2,1e-12,0.0120453,0,2.72848e-12,4.4303e-13
LAPACK,793,1,0,2,1e-12,0.0122497,0,2.89901e-12,4.44591e-13
LAPACK,794,1,0,2,1e-12,0.0121775,0,2.82885e-12,4.36332e-13
LAPACK,795,1,0,2,1e-12,0.0121216,0,3.46745e-12,4.15677e-13
LAPACK,796,1,0,2,1e-12,0.0125158,0,5.57066e-12,7.34043e-13
LAPACK,797,1,0,2,1e-12,0.0125619,0,5.11591e-12,7.17316e-13
LAPACK,798,1,0,2,1e-12,0.0122606,0,3.41061e-12,4.42882e-13
LAPACK,799,1,0,2,1e-12,0.0123057,0,3.18323e-12,4.22163e-13
LAPACK,800,1,0,2,1e-12,0.0125304,0,4.3201e-12,4.42872e-13
LAPACK,801,1,0,2,1e-12,0.0123687,0,3.63798e-12,4.68273e-13
LAPACK,802,1,0,2,1e-12,0.0126637,0,6.70752e-12,7.80085e-13
LAPACK,803,1,0,2,1e-12,0.0124015,0,3.29692e-12,4.56942e-13
LAPACK,804,1,0,2,1e-12,0.0125397,0,3.75167e-12,4.38246e-13
LAPACK,805,1,0,2,1e-12,0.0125753,0,3.97904e-12,4.31159e-13
LAPACK,806,1,0,2,1e-12,0.0125936,0,2.95586e-12,4.25106e-13
LAPACK,807,1,0,2,1e-12,0.0125325,0,3.41061e-12,4.4034e-13
LAPACK,808,1,0,2,1e-12,0.0125879,0,3.97904e-12,4.11976e-13
LAPACK,809,1,0,2,1e-12,0.0125975,0,2.89901e-12,4.36965e-13
LAPACK,810,1,0,2,1e-12,0.0126616,0,3.41061e-12,4.40796e-13
LAPACK,811,1,0,2,1e-12,0.0126995,0,3.52429e-12,4.3752e-13
LAPACK,812,1,0,2,1e-12,0.0126707,0,2.72848e-12,4.32235e-13
LAPACK,813,1,0,2,1e-12,0.0125486,0,4.43379e-12,4.50956e-13
LAPACK,814,1,0,2,1e-12,0.0128001,0,3.18323e-12,4.689e-13
LAPACK,815,1,0,2,1e-12,0.0130595,0,7.04858e-12,7.75586e-13
LAPACK,816,1,0,2,1e-12,0.0128707,0,3.52429e-12,4.42336e-13
LAPACK,817,1,0,2,1e-12,0.0128131,0,3.63798e-12,4.18011e-13
LAPACK,818,1,0,2,1e-12,0.0129942,0,3.2685e-12,4.24108e-13
LAPACK,819,1,0,2,1e-12,0.0129657,0,3.46745e-12,4.38792e-13
LAPACK,820,1,0,2,1e-12,0.0128674,0,3.12639e-12,4.83279e-13
LAPACK,821,1,0,2,1e-12,0.012896,0,2.6148e-12,4.49724e-13
LAPACK,822,1,0,2,1e-12,0.0131504,0,2.84217e-12,4.37173e-13
LAPACK,823,1,0,2,1e-12,0.0130307,0,3.46745e-12,4.3789e-13
LAPACK,824,1,0,2,1e-12,0.0131258,0,3.86535e-12,4.35546e-13
LAPACK,825,1,0,2,1e-12,0.0130947,0,4.54747e-12,4.24754e-13
LAPACK,826,1,0,2,1e-12,0.0130209,0,3.29692e-12,4.56335e-13
LAPACK,827,1,0,2,1e-12,0.0132027,0,4.49063e-12,4.17282e-13
LAPACK,828,1,0,2,1e-12,0.0132667,0,2.79954e-12,4.16624e-13
LAPACK,829,1,0,2,1e-12,0.0132895,0,2.72848e-12,4.18865e-13
LAPACK,830,1,0,2,1e-12,0.0133445,0,3.63798e-12,4.3556e-13
LAPACK,831,1,0,2,1e-12,0.0135655,0,7.50333e-12,8.17504e-13
LAPACK,832,1,0,2,1e-12,0.0133232,0,3.24007e-12,4.6213e-13
LAPACK,833,1,0,2,1e-12,0.0132866,0,4.5759e-12,4.81467e-13
LAPACK,834,1,0,2,1e-12,0.0133312,0,3.29692e-12,4.43042e-13
LAPACK,835,1,0,2,1e-12,0.0133788,0,4.13536e-12,4.2892e-13
LAPACK,836,1,0,2,1e-12,0.0132965,0,4.54747e-12,4.49221e-13
LAPACK,837,1,0,2,1e-12,0.0135977,0,3.71969e-12,4.34445e-13
LAPACK,838,1,0,2,1e-12,0.0136363,0,2.72848e-12,4.38618e-13
LAPACK,839,1,0,2,1e-12,0.0134577,0,3.41061e-12,4.33317e-13
LAPACK,840,1,0,2,1e-12,0.0134835,0,2.95586e-12,4.41581e-13
LAPACK,841,1,0,2,1e-12,0.0136454,0,2.75691e-12,4.14701e-13
LAPACK,842,1,0,2,1e-12,0.0135769,0,3.41061e-12,4.23154e-13
LAPACK,843,1,0,2,1e-12,0.0136334,0,4.60432e-12,4.28303e-13
LAPACK,844,1,0,2,1e-12,0.0136287,0,2.79954e-12,4.37063e-13
LAPACK,845,1,0,2,1e-12,0.0137864,0,3.86535e-12,4.65859e-13
LAPACK,846,1,0,2,1e-12,0.0137047,0,3.46745e-12,4.21685e-13
LAPACK,847,1,0,2,1e-12,0.0137829,0,5.05906e-12,4.27373e-13
LAPACK,848,1,0,2,1e-12,0.0137679,0,2.55795e-12,4.40254e-13
LAPACK,849,1,0,2,1e-12,0.0139013,0,3.46745e-12,4.47813e-13
LAPACK,850,1,0,2,1e-12,0.0139005,0,3.18323e-12,4.40481e-13
LAPACK,851,1,0,2,1e-12,0.0139189,0,3.75167e-12,4.4375e-13
LAPACK,852,1,0,2,1e-12,0.0139245,0,3.2685e-12,4.44353e-13
LAPACK,853,1,0,2,1e-12,0.0138442,0,4.718e-12,3.94574e-13
LAPACK,854,1,0,2,1e-12,0.0138692,0,2.6148e-12,4.08302e-13
LAPACK,855,1,0,2,1e-12,0.014008,0,4.20641e-12,4.5534e-13
LAPACK,856,1,0,2,1e-12,0.0139596,0,2.89901e-12,4.46138e-13
LAPACK,857,1,0,2,1e-12,0.0140793,0,3.41061e-12,4.49258e-13
LAPACK,858,1,0,2,1e-12,0.0141643,0,5.45697e-12,4.40173e-13
LAPACK,859,1,0,2,1e-12,0.0142111,0,3.49587e-12,4.51611e-13
LAPACK,860,1,0,2,1e-12,0.0142533,0,4.43379e-12,4.25506e-13
LAPACK,861,1,0,2,1e-12,0.014223,0,4.88853e-12,4.36364e-13
LAPACK,862,1,0,2,1e-12,0.0142905,0,2.98428e-12,4.17723e-13
LAPACK,863,1,0,2,1e-12,0.0143604,0,3.04112e-12,4.56517e-13
LAPACK,864,1,0,2,1e-12,0.0142801,0,3.58114e-12,4.34956e-13
LAPACK,865,1,0,2,1e-12,0.0143043,0,3.18323e-12,4.2432e-13
LAPACK,866,1,0,2,1e-12,0.0143755,0,2.72848e-12,4.12166e-13
LAPACK,867,1,0,2,1e-12,0.0144245,0,3.41061e-12,4.52521e-13
LAPACK,868,1,0,2,1e-12,0.0144849,0,4.54747e-12,4.61239e-13
LAPACK,869,1,0,2,1e-12,0.0143711,0,2.95586e-12,4.64965e-13
LAPACK,870,1,0,2,1e-12,0.014436,0,3.63798e-12,4.71462e-13
LAPACK,871,1,0,2,1e-12,0.0144909,0,6.30962e-12,4.52751e-13
LAPACK,872,1,0,2,1e-12,0.0145508,0,3.18323e-12,4.53279e-13
LAPACK,873,1,0,2,1e-12,0.0145321,0,3.58114e-12,4.43514e-13
LAPACK,874,1,0,2,1e-12,0.0146504,0,2.89901e-12,4.42849e-13
LAPACK,875,1,0,2,1e-12,0.0146869,0,3.80851e-12,4.60481e-13
LAPACK,876,1,0,2,1e-12,0.0147852,0,3.76588e-12,4.44599e-13
LAPACK,877,1,0,2,1e-12,0.0147669,0,3.21165e-12,4.58311e-13
LAPACK,878,1,0,2,1e-12,0.0147595,0,3.06954e-12,4.65818e-13
LAPACK,879,1,0,2,1e-12,0.0147957,0,4.94538e-12,4.44887e-13
LAPACK,880,1,0,2,1e-12,0.0149343,0,3.41061e-12,4.03271e-13
LAPACK,881,1,0,2,1e-12,0.0148715,0,3.06954e-12,4.83927e-13
LAPACK,882,1,0,2,1e-12,0.0151371,0,3.52429e-12,4.7087e-13
LAPACK,883,1,0,2,1e-12,0.0148402,0,3.69482e-12,4.42464e-13
LAPACK,884,1,0,2,1e-12,0.015122,0,3.75167e-12,4.6347e-13
LAPACK,885,1,0,2,1e-12,0.0152145,0,3.41061e-12,4.43079e-13
LAPACK,886,1,0,2,1e-12,0.0151547,0,3.60334e-12,4.54407e-13
LAPACK,887,1,0,2,1e-12,0.015224,0,2.95586e-12,4.65607e-13
LAPACK,888,1,0,2,1e-12,0.0151339,0,4.23483e-12,4.37051e-13
LAPACK,889,1,0,2,1e-12,0.0152443,0,3.18323e-12,4.63199e-13
LAPACK,890,1,0,2,1e-12,0.0152041,0,4.3201e-12,4.41335e-13
LAPACK,891,1,0,2,1e-12,0.0152935,0,3.97904e-12,4.35037e-13
LAPACK,892,1,0,2,1e-12,0.0152556,0,5.34328e-12,4.60115e-13
LAPACK,893,1,0,2,1e-12,0.0154051,0,3.18323e-12,4.41025e-13
LAPACK,894,1,0,2,1e-12,0.0153309,0,2.95586e-12,4.42603e-13
LAPACK,895,1,0,2,1e-12,0.0153673,0,4.3201e-12,4.47887e-13
LAPACK,896,1,0,2,1e-12,0.0154799,0,5.00222e-12,4.45452e-13
LAPACK,897,1,0,2,1e-12,0.015452,0,4.03588e-12,4.36275e-13
LAPACK,898,1,0,2,1e-12,0.0153868,0,4.37694e-12,4.56734e-13
LAPACK,899,1,0,2,1e-12,0.0157831,0,6.59384e-12,7.86919e-13
LAPACK,900,1,0,2,1e-12,0.015485,0,3.51008e-12,4.78254e-13
LAPACK,901,1,0,2,1e-12,0.0155159,0,5.20117e-12,4.35602e-13
LAPACK,902,1,0,2,1e-12,0.0157186,0,3.29692e-12,4.35569e-13
LAPACK,903,1,0,2,1e-12,0.0159428,0,6.25278e-12,7.62201e-13
LAPACK,904,1,0,2,1e-12,0.015677,0,2.27374e-12,4.11677e-13
LAPACK,905,1,0,2,1e-12,0.0157108,0,3.18323e-12,4.53372e-13
LAPACK,906,1,0,2,1e-12,0.0158096,0,3.9222e-12,4.5933e-13
LAPACK,907,1,0,2,1e-12,0.0156844,0,4.20641e-12,4.72678e-13
LAPACK,908,1,0,2,1e-12,0.0158677,0,4.49063e-12,4.62139e-13
LAPACK,909,1,0,2,1e-12,0.0161669,0,5.79803e-12,8.49283e-13
LAPACK,910,1,0,2,1e-12,0.0158073,0,2.27374e-12,4.33433e-13
LAPACK,911,1,0,2,1e-12,0.0159251,0,3.06954e-12,4.55057e-13
LAPACK,912,1,0,2,1e-12,0.0160706,0,3.86535e-12,4.72907e-13
LAPACK,913,1,0,2,1e-12,0.0157757,0,3.52429e-12,4.58244e-13
LAPACK,914,1,0,2,1e-12,0.0158524,0,3.6664e-12,4.56347e-13
LAPACK,915,1,0,2,1e-12,0.0160446,0,4.14957e-12,4.27277e-13
LAPACK,916,1,0,2,1e-12,0.0160697,0,3.18323e-12,4.2957e-13
LAPACK,917,1,0,2,1e-12,0.0164422,0,6.59384e-12,8.26793e-13
LAPACK,918,1,0,2,1e-12,0.0161501,0,3.15481e-12,4.47048e-13
LAPACK,919,1,0,2,1e-12,0.0161934,0,2.95586e-12,4.20835e-13
LAPACK,920,1,0,2,1e-12,0.016202,0,3.75167e-12,4.70018e-13
LAPACK,921,1,0,2,1e-12,0.0162736,0,4.23483e-12,4.24428e-13
LAPACK,922,1,0,2,1e-12,0.016222,0,2.84217e-12,4.48615e-13
LAPACK,923,1,0,2,1e-12,0.0163796,0,3.18323e-12,4.30388e-13
LAPACK,924,1,0,2,1e-12,0.0165567,0,3.29692e-12,4.59503e-13
LAPACK,925,1,0,2,1e-12,0.0163529,0,5.51381e-12,4.86103e-13
LAPACK,926,1,0,2,1e-12,0.016443,0,3.75167e-12,4.91131e-13
LAPACK,927,1,0,2,1e-12,0.0164845,0,3.89377e-12,4.32436e-13
LAPACK,928,1,0,2,1e-12,0.016589,0,3.75167e-12,4.74104e-13
LAPACK,929,1,0,2,1e-12,0.0164595,0,3.01803e-12,4.23266e-13
LAPACK,930,1,0,2,1e-12,0.0169478,0,7.50333e-12,7.72821e-13
LAPACK,931,1,0,2,1e-12,0.016631,0,4.40536e-12,4.60783e-13
LAPACK,932,1,0,2,1e-12,0.0166121,0,2.84217e-12,4.56833e-13
LAPACK,933,1,0,2,1e-12,0.016683,0,3.52429e-12,4.85696e-13
LAPACK,934,1,0,2,1e-12,0.0166942,0,3.41061e-12,4.62189e-13
LAPACK,935,1,0,2,1e-12,0.0167768,0,3.63798e-12,4.4938e-13
LAPACK,936,1,0,2,1e-12,0.0166298,0,3.86535e-12,4.11702e-13
LAPACK,937,1,0,2,1e-12,0.0169063,0,2.95586e-12,4.37273e-13
LAPACK,938,1,0,2,1e-12,0.0169293,0,3.63798e-12,4.35017e-13
LAPACK,939,1,0,2,1e-12,0.0166803,0,3.06954e-12,4.487e-13
LAPACK,940,1,0,2,1e-12,0.0168291,0,3.63798e-12,4.27485e-13
LAPACK,941,1,0,2,1e-12,0.0168638,0,5.34328e-12,4.78084e-13
LAPACK,942,1,0,2,1e-12,0.017235,0,7.84439e-12,7.95061e-13
LAPACK,943,1,0,2,1e-12,0.017034,0,3.75167e-12,4.47051e-13
LAPACK,944,1,0,2,1e-12,0.0169738,0,4.49063e-12,4.68515e-13
LAPACK,945,1,0,2,1e-12,0.0172613,0,3.63798e-12,4.84331e-13
LAPACK,946,1,0,2,1e-12,0.0171462,0,3.80851e-12,4.32953e-13
LAPACK,947,1,0,2,1e-12,0.0171646,0,3.06954e-12,4.67851e-13
LAPACK,948,1,0,2,1e-12,0.0171434,0,3.24007e-12,4.71696e-13
LAPACK,949,1,0,2,1e-12,0.0173375,0,3.97904e-12,4.8642e-13
LAPACK,950,1,0,2,1e-12,0.0172842,0,3.38218e-12,4.69405e-13
LAPACK,951,1,0,2,1e-12,0.0172261,0,4.60432e-12,5.39076e-13
LAPACK,952,1,0,2,1e-12,0.017311,0,5.96856e-12,4.69682e-13
LAPACK,953,1,0,2,1e-12,0.0173834,0,3.86535e-12,4.52553e-13
LAPACK,954,1,0,2,1e-12,0.0173523,0,3.75167e-12,4.63953e-13
LAPACK,955,1,0,2,1e-12,0.0173771,0,3.35376e-12,4.56647e-13
LAPACK,956,1,0,2,1e-12,0.0175249,0,4.09273e-12,4.48808e-13
LAPACK,957,1,0,2,1e-12,0.0174591,0,3.0127e-12,4.75934e-13
LAPACK,958,1,0,2,1e-12,0.0175921,0,3.06954e-12,4.52196e-13
LAPACK,959,1,0,2,1e-12,0.0178605,0,4.12115e-12,5.28918e-13
LAPACK,960,1,0,2,1e-12,0.0177706,0,4.43379e-12,4.97519e-13
LAPACK,961,1,0,2,1e-12,0.0176172,0,4.54747e-12,4.53554e-13
LAPACK,962,1,0,2,1e-12,0.0177342,0,4.09273e-12,4.48118e-13
LAPACK,963,1,0,2,1e-12,0.0176942,0,3.63798e-12,4.77875e-13
LAPACK,964,1,0,2,1e-12,0.0177632,0,3.35376e-12,4.55495e-13
LAPACK,965,1,0,2,1e-12,0.017749,0,4.60432e-12,4.52856e-13
LAPACK,966,1,0,2,1e-12,0.0178117,0,2.95586e-12,4.58579e-13
LAPACK,967,1,0,2,1e-12,0.0178613,0,4.43379e-12,4.80865e-13
LAPACK,968,1,0,2,1e-12,0.0178673,0,4.77485e-12,4.56268e-13
LAPACK,969,1,0,2,1e-12,0.017863,0,3.89377e-12,4.70765e-13
LAPACK,970,1,0,2,1e-12,0.0178877,0,3.86535e-12,4.81859e-13
LAPACK,971,1,0,2,1e-12,0.0179625,0,3.97904e-12,4.82514e-13
LAPACK,972,1,0,2,1e-12,0.0179148,0,5.22959e-12,4.67601e-13
LAPACK,973,1,0,2,1e-12,0.0180971,0,4.54747e-12,4.53602e-13
LAPACK,974,1,0,2,1e-12,0.0181735,0,4.03588e-12,4.34236e-13
LAPACK,975,1,0,2,1e-12,0.0181287,0,3.29692e-12,4.72971e-13
LAPACK,976,1,0,2,1e-12,0.0181528,0,2.84217e-12,4.62883e-13
LAPACK,977,1,0,2,1e-12,0.0181341,0,4.20641e-12,4.76569e-13
LAPACK,978,1,0,2,1e-12,0.0182916,0,3.35376e-12,4.91126e-13
LAPACK,979,1,0,2,1e-12,0.018182,0,3.52429e-12,4.5848e-13
LAPACK,980,1,0,2,1e-12,0.0183523,0,3.58114e-12,4.6326e-13
LAPACK,981,1,0,2,1e-12,0.0183385,0,4.54747e-12,4.71996e-13
LAPACK,982,1,0,2,1e-12,0.0184878,0,4.37694e-12,4.61128e-13
LAPACK,983,1,0,2,1e-12,0.0182452,0,3.52429e-12,4.57247e-13
LAPACK,984,1,0,2,1e-12,0.0183893,0,3.29692e-12,4.47754e-13
LAPACK,985,1,0,2,1e-12,0.0185875,0,3.69482e-12,4.33463e-13
LAPACK,986,1,0,2,1e-12,0.0184306,0,3.06954e-12,4.54134e-13
LAPACK,987,1,0,2,1e-12,0.0184377,0,3.63798e-12,4.8984e-13
LAPACK,988,1,0,2,1e-12,0.0185424,0,5.68434e-12,4.68811e-13
LAPACK,989,1,0,2,1e-12,0.0186268,0,4.09273e-12,4.83427e-13
LAPACK,990,1,0,2,1e-12,0.0186804,0,5.00222e-12,4.43222e-13
LAPACK,991,1,0,2,1e-12,0.0187187,0,2.95586e-12,4.59512e-13
LAPACK,992,1,0,2,1e-12,0.0186474,0,5.6275e-12,5.30227e-13
LAPACK,993,1,0,2,1e-12,0.0189631,0,3.06954e-12,4.5169e-13
LAPACK,994,1,0,2,1e-12,0.0188462,0,3.29692e-12,4.54411e-13
LAPACK,995,1,0,2,1e-12,0.0190619,0,3.41061e-12,4.57206e-13
LAPACK,996,1,0,2,1e-12,0.0188742,0,3.97904e-12,4.71681e-13
LAPACK,997,1,0,2,1e-12,0.0188602,0,3.52429e-12,4.49232e-13
LAPACK,998,1,0,2,1e-12,0.0190003,0,5.20117e-12,4.49357e-13
LAPACK,999,1,0,2,1e-12,0.0191228,0,4.88853e-12,4.68363e-13
LAPACK,1000,1,0,2,1e-12,0.0190672,0,3.06954e-12,4.49939e-13
