version, size, hermitian, complex, seed, tol, runtime in s,min_error, max_error, avg_error
LAPACK,1,1,0,9,1e-12,1.2353e-05,0,0,0
LAPACK,2,1,0,9,1e-12,3.567e-06,0,0,0
LAPACK,3,1,0,9,1e-12,1.403e-06,0,3.55271e-15,1.18424e-15
LAPACK,4,1,0,9,1e-12,1.113e-06,2.13163e-14,1.84741e-13,1.01252e-13
LAPACK,5,1,0,9,1e-12,1.533e-06,3.90799e-14,2.27374e-13,9.59233e-14
LAPACK,6,1,0,9,1e-12,1.643e-06,3.55271e-15,1.13687e-13,7.40149e-14
LAPACK,7,1,0,9,1e-12,1.843e-06,0,1.13687e-13,5.68434e-14
LAPACK,8,1,0,9,1e-12,2.605e-06,0,2.84217e-13,6.08402e-14
LAPACK,9,1,0,9,1e-12,3.557e-06,1.42109e-14,5.68434e-13,1.69741e-13
LAPACK,10,1,0,9,1e-12,4.388e-06,0,5.68434e-13,1.35003e-13
LAPACK,11,1,0,9,1e-12,4.96e-06,0,3.41061e-13,1.36618e-13
LAPACK,12,1,0,9,1e-12,5.29e-06,0,2.27374e-13,9.41469e-14
LAPACK,13,1,0,9,1e-12,6.502e-06,0,4.54747e-13,1.48667e-13
LAPACK,14,1,0,9,1e-12,7.735e-06,0,3.41061e-13,1.6038e-13
LAPACK,15,1,0,9,1e-12,7.584e-06,5.68434e-14,5.11591e-13,1.72425e-13
LAPACK,16,1,0,9,1e-12,8.506e-06,5.68434e-14,4.54747e-13,1.66533e-13
LAPACK,17,1,0,9,1e-12,9.598e-06,0,5.11591e-13,1.29152e-13
LAPACK,18,1,0,9,1e-12,1.1021e-05,0,5.68434e-13,1.72307e-13
LAPACK,19,1,0,9,1e-12,1.1862e-05,0,6.82121e-13,2.4308e-13
LAPACK,20,1,0,9,1e-12,1.3575e-05,0,7.95808e-13,1.94866e-13
LAPACK,21,1,0,9,1e-12,1.631e-05,0,5.68434e-13,1.75267e-13
LAPACK,22,1,0,9,1e-12,1.5919e-05,0,1.02318e-12,2.86478e-13
LAPACK,23,1,0,9,1e-12,1.6e-05,0,6.82121e-13,1.70994e-13
LAPACK,24,1,0,9,1e-12,1.8816e-05,0,6.82121e-13,2.6971e-13
LAPACK,25,1,0,9,1e-12,2.0528e-05,0,4.54747e-13,2.07052e-13
LAPACK,26,1,0,9,1e-12,2.1601e-05,0,9.09495e-13,2.04964e-13
LAPACK,27,1,0,9,1e-12,2.2011e-05,0,1.25056e-12,2.44611e-13
LAPACK,28,1,0,9,1e-12,2.2432e-05,0,7.95808e-13,2.62901e-13
LAPACK,29,1,0,9,1e-12,2.4656e-05,0,7.95808e-13,1.73593e-13
LAPACK,30,1,0,9,1e-12,2.5408e-05,0,7.95808e-13,1.8782e-13
LAPACK,31,1,0,9,1e-12,2.8634e-05,0,9.09495e-13,2.48346e-13
LAPACK,32,1,0,9,1e-12,2.7922e-05,0,1.13687e-12,2.45581e-13
LAPACK,33,1,0,9,1e-12,3.1209e-05,0,1.02318e-12,2.36955e-13
LAPACK,34,1,0,9,1e-12,3.1559e-05,0,7.95808e-13,2.16716e-13
LAPACK,35,1,0,9,1e-12,3.4245e-05,0,1.02318e-12,2.15802e-13
LAPACK,36,1,0,9,1e-12,3.4244e-05,0,5.68434e-13,2.21749e-13
LAPACK,37,1,0,9,1e-12,3.8181e-05,0,9.09495e-13,2.29006e-13
LAPACK,38,1,0,9,1e-12,3.8191e-05,0,1.13687e-12,2.60377e-13
LAPACK,39,1,0,9,1e-12,4.1578e-05,0,1.13687e-12,2.33295e-13
LAPACK,40,1,0,9,1e-12,4.3061e-05,0,9.59233e-13,2.55973e-13
LAPACK,41,1,0,9,1e-12,4.8151e-05,0,6.82121e-13,2.34739e-13
LAPACK,42,1,0,9,1e-12,4.7239e-05,0,1.36424e-12,2.41754e-13
LAPACK,43,1,0,9,1e-12,5.0235e-05,0,1.13687e-12,2.51747e-13
LAPACK,44,1,0,9,1e-12,5.1326e-05,0,1.02318e-12,2.49901e-13
LAPACK,45,1,0,9,1e-12,5.5995e-05,0,7.95808e-13,2.48216e-13
LAPACK,46,1,0,9,1e-12,5.893e-05,0,6.25278e-13,2.08529e-13
LAPACK,47,1,0,9,1e-12,6.0183e-05,0,7.10543e-13,2.21478e-13
LAPACK,48,1,0,9,1e-12,6.0403e-05,7.10543e-15,7.38964e-13,3.16858e-13
LAPACK,49,1,0,9,1e-12,6.7176e-05,0,1.02318e-12,2.80737e-13
LAPACK,50,1,0,9,1e-12,6.2548e-05,0,1.13687e-12,2.42366e-13
LAPACK,51,1,0,9,1e-12,6.5944e-05,0,1.02318e-12,2.84078e-13
LAPACK,52,1,0,9,1e-12,7.3208e-05,0,9.66338e-13,2.81962e-13
LAPACK,53,1,0,9,1e-12,7.6443e-05,0,8.52651e-13,2.53516e-13
LAPACK,54,1,0,9,1e-12,7.438e-05,0,9.09495e-13,2.67111e-13
LAPACK,55,1,0,9,1e-12,7.5953e-05,0,1.03739e-12,2.23433e-13
LAPACK,56,1,0,9,1e-12,8.2084e-05,0,1.3074e-12,2.50657e-13
LAPACK,57,1,0,9,1e-12,8.2445e-05,0,7.95808e-13,2.44452e-13
LAPACK,58,1,0,9,1e-12,8.7254e-05,0,1.13687e-12,2.63758e-13
LAPACK,59,1,0,9,1e-12,8.509e-05,0,1.16529e-12,2.77834e-13
LAPACK,60,1,0,9,1e-12,8.9258e-05,2.84217e-14,1.3074e-12,2.64618e-13
LAPACK,61,1,0,9,1e-12,9.2875e-05,0,8.81073e-13,1.98912e-13
LAPACK,62,1,0,9,1e-12,9.3456e-05,0,9.09495e-13,2.80065e-13
LAPACK,63,1,0,9,1e-12,0.0001123,0,1.51401e-12,2.27213e-13
LAPACK,64,1,0,9,1e-12,0.000104707,0,1.25056e-12,2.51741e-13
LAPACK,65,1,0,9,1e-12,0.000114354,0,1.13687e-12,3.24318e-13
LAPACK,66,1,0,9,1e-12,0.000105097,0,1.02318e-12,2.54334e-13
LAPACK,67,1,0,9,1e-12,0.000110678,0,1.13687e-12,2.91574e-13
LAPACK,68,1,0,9,1e-12,0.000111128,0,1.7053e-12,2.80041e-13
LAPACK,69,1,0,9,1e-12,0.000117701,0,1.47793e-12,3.21525e-13
LAPACK,70,1,0,9,1e-12,0.000123382,0,1.13687e-12,2.94641e-13
LAPACK,71,1,0,9,1e-12,0.000126688,0,1.02318e-12,2.91107e-13
LAPACK,72,1,0,9,1e-12,0.000131867,0,1.02318e-12,2.97836e-13
LAPACK,73,1,0,9,1e-12,0.000127159,0,1.47793e-12,2.85046e-13
LAPACK,74,1,0,9,1e-12,0.000131717,0,1.02318e-12,3.18023e-13
LAPACK,75,1,0,9,1e-12,0.000140083,0,1.36424e-12,2.99809e-13
LAPACK,76,1,0,9,1e-12,0.000141105,0,1.59162e-12,3.0905e-13
LAPACK,77,1,0,9,1e-12,0.00014359,0,1.02318e-12,2.87825e-13
LAPACK,78,1,0,9,1e-12,0.000149431,0,9.52127e-13,2.84966e-13
LAPACK,79,1,0,9,1e-12,0.000150001,0,1.47793e-12,3.55377e-13
LAPACK,80,1,0,9,1e-12,0.000151624,0,1.02318e-12,2.78823e-13
LAPACK,81,1,0,9,1e-12,0.000154009,0,1.3074e-12,2.99276e-13
LAPACK,82,1,0,9,1e-12,0.000154611,0,9.09495e-13,2.37224e-13
LAPACK,83,1,0,9,1e-12,0.000166683,0,1.25056e-12,3.87158e-13
LAPACK,84,1,0,9,1e-12,0.000173597,0,1.47793e-12,3.04792e-13
LAPACK,85,1,0,9,1e-12,0.000165722,0,1.25056e-12,3.18354e-13
LAPACK,86,1,0,9,1e-12,0.000182713,0,2.38742e-12,4.65349e-13
LAPACK,87,1,0,9,1e-12,0.000171743,0,9.09495e-13,2.95433e-13
LAPACK,88,1,0,9,1e-12,0.000182363,0,1.81899e-12,3.7495e-13
LAPACK,89,1,0,9,1e-12,0.000183505,0,1.36424e-12,3.10114e-13
LAPACK,90,1,0,9,1e-12,0.00019165,0,1.47793e-12,2.90101e-13
LAPACK,91,1,0,9,1e-12,0.000192772,0,1.36424e-12,2.90261e-13
LAPACK,92,1,0,9,1e-12,0.000193574,0,1.36424e-12,2.68914e-13
LAPACK,93,1,0,9,1e-12,0.000199094,0,1.25056e-12,3.05261e-13
LAPACK,94,1,0,9,1e-12,0.000211227,0,1.42109e-12,2.80242e-13
LAPACK,95,1,0,9,1e-12,0.000211808,0,1.36424e-12,3.59358e-13
LAPACK,96,1,0,9,1e-12,0.000220204,0,1.36424e-12,3.11537e-13
LAPACK,97,1,0,9,1e-12,0.000211578,0,1.13687e-12,2.54107e-13
LAPACK,98,1,0,9,1e-12,0.000218611,0,1.36424e-12,3.26197e-13
LAPACK,99,1,0,9,1e-12,0.000233239,0,1.13687e-12,3.04938e-13
LAPACK,100,1,0,9,1e-12,0.000227998,0,9.09495e-13,2.76359e-13
LAPACK,101,1,0,9,1e-12,0.00024481,0,9.66338e-13,2.6326e-13
LAPACK,102,1,0,9,1e-12,0.000246212,0,1.25056e-12,3.65387e-13
LAPACK,103,1,0,9,1e-12,0.000252094,0,1.42109e-12,3.53833e-13
LAPACK,104,1,0,9,1e-12,0.000254718,0,2.72848e-12,4.56581e-13
LAPACK,105,1,0,9,1e-12,0.000258776,0,2.6148e-12,2.94122e-13
LAPACK,106,1,0,9,1e-12,0.000288372,0,1.53477e-12,2.98677e-13
LAPACK,107,1,0,9,1e-12,0.000260549,0,1.73372e-12,2.71947e-13
LAPACK,108,1,0,9,1e-12,0.000264137,0,1.7053e-12,2.88724e-13
LAPACK,109,1,0,9,1e-12,0.000272502,0,9.09495e-13,2.41223e-13
LAPACK,110,1,0,9,1e-12,0.000275468,0,1.73372e-12,3.22662e-13
LAPACK,111,1,0,9,1e-12,0.000281108,0,1.15108e-12,2.87508e-13
LAPACK,112,1,0,9,1e-12,0.000297679,0,2.95586e-12,3.46728e-13
LAPACK,113,1,0,9,1e-12,0.000301026,0,1.93268e-12,3.28642e-13
LAPACK,114,1,0,9,1e-12,0.000297469,0,1.81899e-12,3.00439e-13
LAPACK,115,1,0,9,1e-12,0.000295505,0,1.59162e-12,3.19462e-13
LAPACK,116,1,0,9,1e-12,0.000298691,0,1.7053e-12,3.70492e-13
LAPACK,117,1,0,9,1e-12,0.000299372,0,2.04636e-12,3.25239e-13
LAPACK,118,1,0,9,1e-12,0.000311335,0,2.50111e-12,3.01508e-13
LAPACK,119,1,0,9,1e-12,0.000331323,0,2.95586e-12,3.7292e-13
LAPACK,120,1,0,9,1e-12,0.00033558,0,2.50111e-12,4.36913e-13
LAPACK,121,1,0,9,1e-12,0.000346421,0,1.81899e-12,3.62992e-13
LAPACK,122,1,0,9,1e-12,0.000337454,0,1.47793e-12,3.24141e-13
LAPACK,123,1,0,9,1e-12,0.000340399,0,1.25056e-12,3.62454e-13
LAPACK,124,1,0,9,1e-12,0.000341361,0,1.87583e-12,3.55528e-13
LAPACK,125,1,0,9,1e-12,0.000350087,0,1.59162e-12,3.10326e-13
LAPACK,126,1,0,9,1e-12,0.000346391,0,9.09495e-13,2.23244e-13
LAPACK,127,1,0,9,1e-12,0.000369514,0,1.13687e-12,3.66706e-13
LAPACK,128,1,0,9,1e-12,0.000366899,0,2.16005e-12,3.74284e-13
LAPACK,129,1,0,9,1e-12,0.000375485,0,1.36424e-12,3.57502e-13
LAPACK,130,1,0,9,1e-12,0.000372821,0,1.15108e-12,2.47975e-13
LAPACK,131,1,0,9,1e-12,0.000385003,0,1.47793e-12,3.4468e-13
LAPACK,132,1,0,9,1e-12,0.000399661,0,1.81899e-12,3.76823e-13
LAPACK,133,1,0,9,1e-12,0.000391876,0,1.81899e-12,3.68206e-13
LAPACK,134,1,0,9,1e-12,0.000404721,0,2.31637e-12,2.95977e-13
LAPACK,135,1,0,9,1e-12,0.000401705,0,1.49214e-12,3.03871e-13
LAPACK,136,1,0,9,1e-12,0.000421853,0,1.81899e-12,3.91271e-13
LAPACK,137,1,0,9,1e-12,0.000413747,0,1.16529e-12,3.1116e-13
LAPACK,138,1,0,9,1e-12,0.000429587,0,2.04636e-12,3.74599e-13
LAPACK,139,1,0,9,1e-12,0.000434746,0,2.84217e-12,3.3936e-13
LAPACK,140,1,0,9,1e-12,0.000449274,0,1.47793e-12,3.30515e-13
LAPACK,141,1,0,9,1e-12,0.000437532,0,1.53477e-12,3.35288e-13
LAPACK,142,1,0,9,1e-12,0.000435919,0,1.7053e-12,3.35055e-13
LAPACK,143,1,0,9,1e-12,0.000450877,0,1.59162e-12,3.45421e-13
LAPACK,144,1,0,9,1e-12,0.000459563,0,1.36424e-12,3.08411e-13
LAPACK,145,1,0,9,1e-12,0.000474342,0,1.25056e-12,3.06013e-13
LAPACK,146,1,0,9,1e-12,0.000477487,0,1.76215e-12,4.09356e-13
LAPACK,147,1,0,9,1e-12,0.000465394,0,1.81899e-12,3.23629e-13
LAPACK,148,1,0,9,1e-12,0.000486664,0,1.81899e-12,3.65023e-13
LAPACK,149,1,0,9,1e-12,0.000487396,0,1.7053e-12,3.20822e-13
LAPACK,150,1,0,9,1e-12,0.00050032,0,2.6148e-12,3.89726e-13
LAPACK,151,1,0,9,1e-12,0.00050049,0,1.36424e-12,3.39782e-13
LAPACK,152,1,0,9,1e-12,0.000498948,0,1.13687e-12,3.10889e-13
LAPACK,153,1,0,9,1e-12,0.000502094,0,2.16005e-12,3.35298e-13
LAPACK,154,1,0,9,1e-12,0.000511491,0,1.81899e-12,3.39455e-13
LAPACK,155,1,0,9,1e-12,0.000518173,0,1.81899e-12,3.90971e-13
LAPACK,156,1,0,9,1e-12,0.000525698,0,1.38556e-12,2.9739e-13
LAPACK,157,1,0,9,1e-12,0.000543882,0,1.7053e-12,3.70585e-13
LAPACK,158,1,0,9,1e-12,0.000554252,0,1.98952e-12,3.27756e-13
LAPACK,159,1,0,9,1e-12,0.000560573,0,2.04636e-12,4.103e-13
LAPACK,160,1,0,9,1e-12,0.000563919,0,1.25056e-12,3.16269e-13
LAPACK,161,1,0,9,1e-12,0.000569309,0,2.04636e-12,3.30398e-13
LAPACK,162,1,0,9,1e-12,0.000567096,0,2.89901e-12,4.02825e-13
LAPACK,163,1,0,9,1e-12,0.000591511,0,1.59162e-12,3.49416e-13
LAPACK,164,1,0,9,1e-12,0.000573568,0,3.46745e-12,4.00281e-13
LAPACK,165,1,0,9,1e-12,0.000591631,0,1.51168e-12,3.54442e-13
LAPACK,166,1,0,9,1e-12,0.000592082,0,1.73372e-12,3.00926e-13
LAPACK,167,1,0,9,1e-12,0.000603564,0,1.7053e-12,3.00578e-13
LAPACK,168,1,0,9,1e-12,0.000605007,0,1.93268e-12,3.34055e-13
LAPACK,169,1,0,9,1e-12,0.000617299,0,1.59162e-12,3.67858e-13
LAPACK,170,1,0,9,1e-12,0.000626206,0,3.18323e-12,3.28932e-13
LAPACK,171,1,0,9,1e-12,0.00062787,0,2.95586e-12,3.63206e-13
LAPACK,172,1,0,9,1e-12,0.000638048,0,1.36424e-12,3.25186e-13
LAPACK,173,1,0,9,1e-12,0.000655201,0,1.81899e-12,3.51463e-13
LAPACK,174,1,0,9,1e-12,0.000654269,0,1.7053e-12,3.13309e-13
LAPACK,175,1,0,9,1e-12,0.000657545,0,1.59162e-12,3.45383e-13
LAPACK,176,1,0,9,1e-12,0.000666302,0,1.90425e-12,3.58993e-13
LAPACK,177,1,0,9,1e-12,0.000682332,0,1.7053e-12,3.50245e-13
LAPACK,178,1,0,9,1e-12,0.000672073,0,1.93268e-12,3.4423e-13
LAPACK,179,1,0,9,1e-12,0.000684717,0,2.55795e-12,3.91684e-13
LAPACK,180,1,0,9,1e-12,0.000690727,0,1.7053e-12,3.34869e-13
LAPACK,181,1,0,9,1e-12,0.000712739,0,1.93268e-12,4.26683e-13
LAPACK,182,1,0,9,1e-12,0.000709133,0,1.7053e-12,3.0279e-13
LAPACK,183,1,0,9,1e-12,0.000712869,0,1.53477e-12,3.68276e-13
LAPACK,184,1,0,9,1e-12,0.000724671,0,2.72848e-12,3.28859e-13
LAPACK,185,1,0,9,1e-12,0.000732276,0,1.7053e-12,4.14655e-13
LAPACK,186,1,0,9,1e-12,0.000743797,0,2.21689e-12,3.4482e-13
LAPACK,187,1,0,9,1e-12,0.000767071,0,3.18323e-12,4.55408e-13
LAPACK,188,1,0,9,1e-12,0.000758095,0,1.44951e-12,3.28185e-13
LAPACK,189,1,0,9,1e-12,0.000770678,0,2.78533e-12,3.26402e-13
LAPACK,190,1,0,9,1e-12,0.000778733,0,2.50111e-12,3.69256e-13
LAPACK,191,1,0,9,1e-12,0.000781047,0,2.04636e-12,3.75102e-13
LAPACK,192,1,0,9,1e-12,0.000789484,0,2.67164e-12,3.429e-13
LAPACK,193,1,0,9,1e-12,0.000811735,0,1.93268e-12,3.38822e-13
LAPACK,194,1,0,9,1e-12,0.000799803,0,2.06057e-12,3.74426e-13
LAPACK,195,1,0,9,1e-12,0.000800534,0,1.81899e-12,3.51599e-13
LAPACK,196,1,0,9,1e-12,0.000842573,0,2.16005e-12,4.54388e-13
LAPACK,197,1,0,9,1e-12,0.000827424,0,1.59162e-12,3.6789e-13
LAPACK,198,1,0,9,1e-12,0.000842623,0,1.59162e-12,3.74447e-13
LAPACK,199,1,0,9,1e-12,0.000840058,0,2.38742e-12,3.81222e-13
LAPACK,200,1,0,9,1e-12,0.00086196,0,3.75167e-12,4.8163e-13
LAPACK,201,1,0,9,1e-12,0.000912916,0,5.68434e-12,4.71186e-13
LAPACK,202,1,0,9,1e-12,0.000872139,0,1.59162e-12,3.26557e-13
LAPACK,203,1,0,9,1e-12,0.0008678,0,1.36424e-12,3.28959e-13
LAPACK,204,1,0,9,1e-12,0.000887638,0,2.16005e-12,3.0397e-13
LAPACK,205,1,0,9,1e-12,0.00090992,0,3.75167e-12,4.7659e-13
LAPACK,206,1,0,9,1e-12,0.000921291,0,2.84217e-12,4.89881e-13
LAPACK,207,1,0,9,1e-12,0.000901234,0,1.7053e-12,3.56057e-13
LAPACK,208,1,0,9,1e-12,0.000923365,0,3.41061e-12,4.73884e-13
LAPACK,209,1,0,9,1e-12,0.000950295,0,2.6148e-12,4.36473e-13
LAPACK,210,1,0,9,1e-12,0.000929767,0,1.93268e-12,3.80111e-13
LAPACK,211,1,0,9,1e-12,0.000942862,0,2.04636e-12,3.76569e-13
LAPACK,212,1,0,9,1e-12,0.000973609,0,2.50111e-12,4.46037e-13
LAPACK,213,1,0,9,1e-12,0.000975533,0,1.64846e-12,3.18087e-13
LAPACK,214,1,0,9,1e-12,0.000980772,0,3.63798e-12,5.04425e-13
LAPACK,215,1,0,9,1e-12,0.00101104,0,4.3201e-12,4.61437e-13
LAPACK,216,1,0,9,1e-12,0.00101391,0,4.09273e-12,5.24134e-13
LAPACK,217,1,0,9,1e-12,0.0010236,0,2.6148e-12,4.73464e-13
LAPACK,218,1,0,9,1e-12,0.00101362,0,2.84217e-12,4.79289e-13
LAPACK,219,1,0,9,1e-12,0.00102596,0,3.52429e-12,4.87656e-13
LAPACK,220,1,0,9,1e-12,0.00103568,0,3.29692e-12,4.88713e-13
LAPACK,221,1,0,9,1e-12,0.00104923,0,2.95586e-12,4.76819e-13
LAPACK,222,1,0,9,1e-12,0.00104618,0,3.41061e-12,4.57651e-13
LAPACK,223,1,0,9,1e-12,0.00108513,0,2.95586e-12,4.82677e-13
LAPACK,224,1,0,9,1e-12,0.00103528,0,2.44427e-12,3.65923e-13
LAPACK,225,1,0,9,1e-12,0.00110318,0,5.34328e-12,5.69691e-13
LAPACK,226,1,0,9,1e-12,0.00109075,0,2.95586e-12,5.14206e-13
LAPACK,227,1,0,9,1e-12,0.00110244,0,3.75167e-12,4.90226e-13
LAPACK,228,1,0,9,1e-12,0.00109994,0,3.75167e-12,4.5305e-13
LAPACK,229,1,0,9,1e-12,0.00108967,0,2.16005e-12,3.14281e-13
LAPACK,230,1,0,9,1e-12,0.00112976,0,3.18323e-12,5.12638e-13
LAPACK,231,1,0,9,1e-12,0.00114057,0,2.72848e-12,5.36067e-13
LAPACK,232,1,0,9,1e-12,0.00112397,0,2.95586e-12,3.36091e-13
LAPACK,233,1,0,9,1e-12,0.00115947,0,2.95586e-12,4.63449e-13
LAPACK,234,1,0,9,1e-12,0.00117776,0,3.41061e-12,4.495e-13
LAPACK,235,1,0,9,1e-12,0.00115934,0,2.84217e-12,5.03675e-13
LAPACK,236,1,0,9,1e-12,0.00117972,0,3.29692e-12,5.0191e-13
LAPACK,237,1,0,9,1e-12,0.00117422,0,1.69109e-12,3.10081e-13
LAPACK,238,1,0,9,1e-12,0.00118983,0,1.81899e-12,3.8162e-13
LAPACK,239,1,0,9,1e-12,0.00120193,0,3.29692e-12,5.09407e-13
LAPACK,240,1,0,9,1e-12,0.00122735,0,2.95586e-12,5.67249e-13
LAPACK,241,1,0,9,1e-12,0.00124075,0,3.63798e-12,5.12064e-13
LAPACK,242,1,0,9,1e-12,0.00125656,0,2.84217e-12,4.78931e-13
LAPACK,243,1,0,9,1e-12,0.00124516,0,3.52429e-12,5.33745e-13
LAPACK,244,1,0,9,1e-12,0.00125378,0,3.63798e-12,4.75358e-13
LAPACK,245,1,0,9,1e-12,0.00125813,0,3.29692e-12,3.4737e-13
LAPACK,246,1,0,9,1e-12,0.00126662,0,1.47793e-12,3.14713e-13
LAPACK,247,1,0,9,1e-12,0.00129954,0,1.47793e-12,3.84303e-13
LAPACK,248,1,0,9,1e-12,0.0013103,0,3.41061e-12,5.35984e-13
LAPACK,249,1,0,9,1e-12,0.00132344,0,3.75167e-12,6.06823e-13
LAPACK,250,1,0,9,1e-12,0.00133429,0,3.63798e-12,5.14534e-13
LAPACK,251,1,0,9,1e-12,0.00133628,0,2.84217e-12,5.22203e-13
LAPACK,252,1,0,9,1e-12,0.00137564,0,3.63798e-12,5.4082e-13
LAPACK,253,1,0,9,1e-12,0.00135328,0,3.86535e-12,5.58647e-13
LAPACK,254,1,0,9,1e-12,0.00134831,0,3.41061e-12,5.47753e-13
LAPACK,255,1,0,9,1e-12,0.00133479,0,1.88294e-12,3.25789e-13
LAPACK,256,1,0,9,1e-12,0.00139182,0,3.29692e-12,5.19232e-13
LAPACK,257,1,0,9,1e-12,0.00140701,0,3.18323e-12,5.35817e-13
LAPACK,258,1,0,9,1e-12,0.00139259,0,1.59162e-12,3.54256e-13
LAPACK,259,1,0,9,1e-12,0.00139879,0,1.93268e-12,4.1425e-13
LAPACK,260,1,0,9,1e-12,0.00143643,0,3.29692e-12,4.93004e-13
LAPACK,261,1,0,9,1e-12,0.00143173,0,1.59162e-12,3.52767e-13
LAPACK,262,1,0,9,1e-12,0.0014381,0,2.20268e-12,3.35869e-13
LAPACK,263,1,0,9,1e-12,0.00143259,0,2.16005e-12,3.66618e-13
LAPACK,264,1,0,9,1e-12,0.00146999,0,2.50111e-12,5.28427e-13
LAPACK,265,1,0,9,1e-12,0.00145773,0,1.81899e-12,3.8341e-13
LAPACK,266,1,0,9,1e-12,0.00146384,0,1.47793e-12,3.38916e-13
LAPACK,267,1,0,9,1e-12,0.00148717,0,1.47793e-12,3.40023e-13
LAPACK,268,1,0,9,1e-12,0.00150214,0,3.18323e-12,4.856e-13
LAPACK,269,1,0,9,1e-12,0.00152657,0,2.50111e-12,4.99545e-13
LAPACK,270,1,0,9,1e-12,0.00150236,0,1.59517e-12,3.21102e-13
LAPACK,271,1,0,9,1e-12,0.00155667,0,4.43379e-12,5.87747e-13
LAPACK,272,1,0,9,1e-12,0.00152494,0,3.69482e-12,3.841e-13
LAPACK,273,1,0,9,1e-12,0.00156245,0,1.87583e-12,3.54206e-13
LAPACK,274,1,0,9,1e-12,0.00156183,0,1.81899e-12,3.56481e-13
LAPACK,275,1,0,9,1e-12,0.00157565,0,1.81899e-12,3.84432e-13
LAPACK,276,1,0,9,1e-12,0.00157288,0,1.60583e-12,3.29749e-13
LAPACK,277,1,0,9,1e-12,0.00160055,0,1.668e-12,3.56129e-13
LAPACK,278,1,0,9,1e-12,0.00163602,0,2.10321e-12,3.54753e-13
LAPACK,279,1,0,9,1e-12,0.00160918,0,2.50111e-12,3.34723e-13
LAPACK,280,1,0,9,1e-12,0.00159736,0,1.36424e-12,3.41774e-13
LAPACK,281,1,0,9,1e-12,0.00163742,0,1.59162e-12,3.31636e-13
LAPACK,282,1,0,9,1e-12,0.00164254,0,1.87583e-12,3.46192e-13
LAPACK,283,1,0,9,1e-12,0.00167292,0,3.63798e-12,6.0347e-13
LAPACK,284,1,0,9,1e-12,0.0016729,0,2.67164e-12,3.47618e-13
LAPACK,285,1,0,9,1e-12,0.00167394,0,2.359e-12,3.33393e-13
LAPACK,286,1,0,9,1e-12,0.00166974,0,2.10321e-12,3.28643e-13
LAPACK,287,1,0,9,1e-12,0.00167995,0,1.99663e-12,3.81913e-13
LAPACK,288,1,0,9,1e-12,0.00170841,0,2.16005e-12,3.5471e-13
LAPACK,289,1,0,9,1e-12,0.00176157,0,3.09797e-12,3.72609e-13
LAPACK,290,1,0,9,1e-12,0.00175933,0,1.81899e-12,3.54485e-13
LAPACK,291,1,0,9,1e-12,0.00172738,0,1.47793e-12,3.67789e-13
LAPACK,292,1,0,9,1e-12,0.0017566,0,1.86162e-12,3.58969e-13
LAPACK,293,1,0,9,1e-12,0.00181106,0,5.11591e-12,5.5976e-13
LAPACK,294,1,0,9,1e-12,0.00178003,0,2.38742e-12,3.3792e-13
LAPACK,295,1,0,9,1e-12,0.00178927,0,3.18323e-12,3.69334e-13
LAPACK,296,1,0,9,1e-12,0.00185658,0,4.43379e-12,6.42964e-13
LAPACK,297,1,0,9,1e-12,0.00181503,0,2.16005e-12,3.66751e-13
LAPACK,298,1,0,9,1e-12,0.00188173,0,4.77485e-12,5.36147e-13
LAPACK,299,1,0,9,1e-12,0.00185272,0,1.87583e-12,3.95917e-13
LAPACK,300,1,0,9,1e-12,0.00184196,0,2.04636e-12,3.89695e-13
LAPACK,301,1,0,9,1e-12,0.00186709,0,1.53477e-12,3.70401e-13
LAPACK,302,1,0,9,1e-12,0.00185735,0,1.42109e-12,3.4661e-13
LAPACK,303,1,0,9,1e-12,0.00192252,0,2.84217e-12,3.90243e-13
LAPACK,304,1,0,9,1e-12,0.00194236,0,3.52429e-12,5.80253e-13
LAPACK,305,1,0,9,1e-12,0.00193514,0,6.25278e-12,5.33867e-13
LAPACK,306,1,0,9,1e-12,0.00192392,0,1.36424e-12,3.24691e-13
LAPACK,307,1,0,9,1e-12,0.00195721,0,2.16005e-12,4.04595e-13
LAPACK,308,1,0,9,1e-12,0.0019529,0,2.6148e-12,3.87888e-13
LAPACK,309,1,0,9,1e-12,0.00197321,0,4.3201e-12,6.00163e-13
LAPACK,310,1,0,9,1e-12,0.00198557,0,2.27374e-12,4.22743e-13
LAPACK,311,1,0,9,1e-12,0.00202895,0,4.54747e-12,6.28968e-13
LAPACK,312,1,0,9,1e-12,0.00199998,0,1.93268e-12,3.89132e-13
LAPACK,313,1,0,9,1e-12,0.00199426,0,2.27374e-12,4.01843e-13
LAPACK,314,1,0,9,1e-12,0.00202633,0,2.50111e-12,3.82184e-13
LAPACK,315,1,0,9,1e-12,0.00204329,0,2.27374e-12,3.96487e-13
LAPACK,316,1,0,9,1e-12,0.00203539,0,1.81899e-12,3.94657e-13
LAPACK,317,1,0,9,1e-12,0.00206166,0,2.92744e-12,3.74161e-13
LAPACK,318,1,0,9,1e-12,0.00209753,0,3.63798e-12,5.17187e-13
LAPACK,319,1,0,9,1e-12,0.00211578,0,3.29692e-12,5.38358e-13
LAPACK,320,1,0,9,1e-12,0.00209154,0,2.10321e-12,4.16152e-13
LAPACK,321,1,0,9,1e-12,0.0021243,0,2.50111e-12,3.45692e-13
LAPACK,322,1,0,9,1e-12,0.00217263,0,3.75167e-12,5.57643e-13
LAPACK,323,1,0,9,1e-12,0.00213625,0,2.56151e-12,3.83072e-13
LAPACK,324,1,0,9,1e-12,0.00213309,0,2.16005e-12,3.45838e-13
LAPACK,325,1,0,9,1e-12,0.0022063,0,3.75167e-12,6.05419e-13
LAPACK,326,1,0,9,1e-12,0.00220917,0,4.3201e-12,6.02723e-13
LAPACK,327,1,0,9,1e-12,0.00217284,0,1.5774e-12,3.39493e-13
LAPACK,328,1,0,9,1e-12,0.00220586,0,2.6148e-12,3.77628e-13
LAPACK,329,1,0,9,1e-12,0.00223836,0,3.75167e-12,5.54214e-13
LAPACK,330,1,0,9,1e-12,0.00219772,0,2.52953e-12,3.69799e-13
LAPACK,331,1,0,9,1e-12,0.00224406,0,1.93268e-12,3.67861e-13
LAPACK,332,1,0,9,1e-12,0.00222505,0,2.25953e-12,3.90599e-13
LAPACK,333,1,0,9,1e-12,0.00231561,0,4.20641e-12,5.6384e-13
LAPACK,334,1,0,9,1e-12,0.00226078,0,1.93268e-12,3.6323e-13
LAPACK,335,1,0,9,1e-12,0.00233029,0,3.63798e-12,5.69474e-13
LAPACK,336,1,0,9,1e-12,0.00230995,0,1.7053e-12,3.69974e-13
LAPACK,337,1,0,9,1e-12,0.00232128,0,2.84217e-12,3.70357e-13
LAPACK,338,1,0,9,1e-12,0.00232203,0,1.87583e-12,3.62892e-13
LAPACK,339,1,0,9,1e-12,0.0023747,0,1.67688e-12,3.96852e-13
LAPACK,340,1,0,9,1e-12,0.00235569,0,2.50111e-12,4.03606e-13
LAPACK,341,1,0,9,1e-12,0.00237562,0,2.6148e-12,3.6421e-13
LAPACK,342,1,0,9,1e-12,0.00238728,0,2.50111e-12,3.6069e-13
LAPACK,343,1,0,9,1e-12,0.00238423,0,2.50111e-12,4.19971e-13
LAPACK,344,1,0,9,1e-12,0.00238785,0,1.25056e-12,3.34594e-13
LAPACK,345,1,0,9,1e-12,0.00241581,0,2.92744e-12,3.76131e-13
LAPACK,346,1,0,9,1e-12,0.00247926,0,3.29692e-12,5.56102e-13
LAPACK,347,1,0,9,1e-12,0.00247176,0,1.98952e-12,3.51033e-13
LAPACK,348,1,0,9,1e-12,0.00246759,0,1.69109e-12,3.41882e-13
LAPACK,349,1,0,9,1e-12,0.00248264,0,2.84217e-12,4.15546e-13
LAPACK,350,1,0,9,1e-12,0.00246619,0,2.72848e-12,3.81501e-13
LAPACK,351,1,0,9,1e-12,0.00249946,0,2.95586e-12,4.12552e-13
LAPACK,352,1,0,9,1e-12,0.00253155,0,2.16005e-12,3.90514e-13
LAPACK,353,1,0,9,1e-12,0.00252674,0,2.47269e-12,3.74052e-13
LAPACK,354,1,0,9,1e-12,0.00256073,0,2.16005e-12,3.93748e-13
LAPACK,355,1,0,9,1e-12,0.00260571,0,1.7053e-12,3.64001e-13
LAPACK,356,1,0,9,1e-12,0.00259368,0,2.50111e-12,3.74419e-13
LAPACK,357,1,0,9,1e-12,0.00260573,0,2.04636e-12,3.86773e-13
LAPACK,358,1,0,9,1e-12,0.00257436,0,3.75167e-12,3.51739e-13
LAPACK,359,1,0,9,1e-12,0.00262837,0,1.81899e-12,4.42022e-13
LAPACK,360,1,0,9,1e-12,0.00266337,0,2.50111e-12,3.82844e-13
LAPACK,361,1,0,9,1e-12,0.00269794,0,3.41061e-12,5.50468e-13
LAPACK,362,1,0,9,1e-12,0.00265364,0,2.84217e-12,4.29523e-13
LAPACK,363,1,0,9,1e-12,0.00269401,0,1.81899e-12,3.74645e-13
LAPACK,364,1,0,9,1e-12,0.00265636,0,2.84217e-12,4.04403e-13
LAPACK,365,1,0,9,1e-12,0.00275114,0,2.27374e-12,3.76434e-13
LAPACK,366,1,0,9,1e-12,0.00271741,0,2.16005e-12,3.69917e-13
LAPACK,367,1,0,9,1e-12,0.00268227,0,2.89901e-12,3.75568e-13
LAPACK,368,1,0,9,1e-12,0.00273027,0,2.72848e-12,3.7438e-13
LAPACK,369,1,0,9,1e-12,0.00280054,0,2.98428e-12,3.703e-13
LAPACK,370,1,0,9,1e-12,0.00280444,0,2.04636e-12,3.98954e-13
LAPACK,371,1,0,9,1e-12,0.00279942,0,3.86535e-12,3.75244e-13
LAPACK,372,1,0,9,1e-12,0.00284457,0,4.88853e-12,5.73196e-13
LAPACK,373,1,0,9,1e-12,0.00285899,0,3.18323e-12,4.20897e-13
LAPACK,374,1,0,9,1e-12,0.00282044,0,2.359e-12,3.87338e-13
LAPACK,375,1,0,9,1e-12,0.00286658,0,2.50111e-12,4.07132e-13
LAPACK,376,1,0,9,1e-12,0.00288515,0,3.18323e-12,3.99739e-13
LAPACK,377,1,0,9,1e-12,0.00288647,0,1.81899e-12,3.70142e-13
LAPACK,378,1,0,9,1e-12,0.00288507,0,1.93268e-12,3.8008e-13
LAPACK,379,1,0,9,1e-12,0.00291416,0,2.64322e-12,4.17238e-13
LAPACK,380,1,0,9,1e-12,0.00291609,0,2.44427e-12,4.06563e-13
LAPACK,381,1,0,9,1e-12,0.00292249,0,2.16005e-12,4.31954e-13
LAPACK,382,1,0,9,1e-12,0.00295273,0,2.04636e-12,3.97429e-13
LAPACK,383,1,0,9,1e-12,0.00297574,0,3.69482e-12,4.38126e-13
LAPACK,384,1,0,9,1e-12,0.0029968,0,2.33058e-12,3.96274e-13
LAPACK,385,1,0,9,1e-12,0.00304786,0,3.41061e-12,4.15926e-13
LAPACK,386,1,0,9,1e-12,0.00305986,0,3.52429e-12,4.0247e-13
LAPACK,387,1,0,9,1e-12,0.00305615,0,2.72848e-12,3.40778e-13
LAPACK,388,1,0,9,1e-12,0.00304222,0,2.72848e-12,3.84478e-13
LAPACK,389,1,0,9,1e-12,0.00307785,0,2.6148e-12,3.68296e-13
LAPACK,390,1,0,9,1e-12,0.00307143,0,3.41061e-12,3.68184e-13
LAPACK,391,1,0,9,1e-12,0.00309754,0,3.41061e-12,3.72378e-13
LAPACK,392,1,0,9,1e-12,0.00312612,0,2.27374e-12,3.79635e-13
LAPACK,393,1,0,9,1e-12,0.00317594,0,2.27374e-12,3.65557e-13
LAPACK,394,1,0,9,1e-12,0.00315417,0,2.38742e-12,3.6894e-13
LAPACK,395,1,0,9,1e-12,0.00319102,0,2.16005e-12,3.69125e-13
LAPACK,396,1,0,9,1e-12,0.00320378,0,2.38742e-12,3.67974e-13
LAPACK,397,1,0,9,1e-12,0.00320375,0,5.79803e-12,6.27146e-13
LAPACK,398,1,0,9,1e-12,0.00318074,0,2.00373e-12,3.78155e-13
LAPACK,399,1,0,9,1e-12,0.00321619,0,2.95586e-12,3.91485e-13
LAPACK,400,1,0,9,1e-12,0.003229,0,2.50111e-12,3.62345e-13
LAPACK,401,1,0,9,1e-12,0.00324587,0,3.18323e-12,3.47686e-13
LAPACK,402,1,0,9,1e-12,0.00329975,0,3.35376e-12,4.73977e-13
LAPACK,403,1,0,9,1e-12,0.00327573,0,2.16005e-12,3.75687e-13
LAPACK,404,1,0,9,1e-12,0.00333053,0,2.21689e-12,3.92175e-13
LAPACK,405,1,0,9,1e-12,0.00327946,0,3.06954e-12,4.39324e-13
LAPACK,406,1,0,9,1e-12,0.00333762,0,2.84217e-12,3.52771e-13
LAPACK,407,1,0,9,1e-12,0.00336099,0,2.55795e-12,4.01166e-13
LAPACK,408,1,0,9,1e-12,0.00334436,0,2.84217e-12,4.11115e-13
LAPACK,409,1,0,9,1e-12,0.00338364,0,3.29692e-12,3.84096e-13
LAPACK,410,1,0,9,1e-12,0.00335781,0,3.06954e-12,4.00265e-13
LAPACK,411,1,0,9,1e-12,0.00342298,0,2.44427e-12,3.92475e-13
LAPACK,412,1,0,9,1e-12,0.00342438,0,1.82609e-12,3.71135e-13
LAPACK,413,1,0,9,1e-12,0.00340512,0,3.29692e-12,4.12021e-13
LAPACK,414,1,0,9,1e-12,0.00346897,0,2.94165e-12,3.97154e-13
LAPACK,415,1,0,9,1e-12,0.00350185,0,2.95586e-12,3.52825e-13
LAPACK,416,1,0,9,1e-12,0.00349919,0,2.95586e-12,3.79361e-13
LAPACK,417,1,0,9,1e-12,0.00347602,0,3.43903e-12,4.23803e-13
LAPACK,418,1,0,9,1e-12,0.00353001,0,2.75691e-12,3.69954e-13
LAPACK,419,1,0,9,1e-12,0.00354527,0,2.95586e-12,3.90319e-13
LAPACK,420,1,0,9,1e-12,0.0035267,0,2.55795e-12,3.78118e-13
LAPACK,421,1,0,9,1e-12,0.00353638,0,2.27374e-12,4.38033e-13
LAPACK,422,1,0,9,1e-12,0.00354743,0,3.18323e-12,3.8677e-13
LAPACK,423,1,0,9,1e-12,0.00362888,0,2.50111e-12,4.26109e-13
LAPACK,424,1,0,9,1e-12,0.00363088,0,2.72848e-12,3.6827e-13
LAPACK,425,1,0,9,1e-12,0.00364596,0,2.55795e-12,3.79993e-13
LAPACK,426,1,0,9,1e-12,0.00365316,0,2.50111e-12,3.98012e-13
LAPACK,427,1,0,9,1e-12,0.00367167,0,2.10321e-12,4.03767e-13
LAPACK,428,1,0,9,1e-12,0.00369767,0,2.27374e-12,4.24245e-13
LAPACK,429,1,0,9,1e-12,0.00370805,0,1.81899e-12,3.61297e-13
LAPACK,430,1,0,9,1e-12,0.00372977,0,2.84217e-12,3.7264e-13
LAPACK,431,1,0,9,1e-12,0.00369152,0,3.63798e-12,4.53127e-13
LAPACK,432,1,0,9,1e-12,0.00369971,0,2.6148e-12,4.21189e-13
LAPACK,433,1,0,9,1e-12,0.00374219,0,2.89901e-12,3.74799e-13
LAPACK,434,1,0,9,1e-12,0.00383617,0,2.04636e-12,3.7528e-13
LAPACK,435,1,0,9,1e-12,0.00382,0,1.7053e-12,3.75188e-13
LAPACK,436,1,0,9,1e-12,0.00377798,0,4.43379e-12,4.76648e-13
LAPACK,437,1,0,9,1e-12,0.00385042,0,2.38742e-12,4.1496e-13
LAPACK,438,1,0,9,1e-12,0.00386129,0,2.50111e-12,4.04859e-13
LAPACK,439,1,0,9,1e-12,0.00389724,0,2.38742e-12,3.64221e-13
LAPACK,440,1,0,9,1e-12,0.00386753,0,1.87583e-12,4.00678e-13
LAPACK,441,1,0,9,1e-12,0.00391384,0,2.44427e-12,4.06206e-13
LAPACK,442,1,0,9,1e-12,0.00393506,0,3.06954e-12,3.95174e-13
LAPACK,443,1,0,9,1e-12,0.00393296,0,2.13163e-12,3.90143e-13
LAPACK,444,1,0,9,1e-12,0.00395858,0,2.79954e-12,4.20521e-13
LAPACK,445,1,0,9,1e-12,0.00396251,0,2.11742e-12,3.64636e-13
LAPACK,446,1,0,9,1e-12,0.00391551,0,3.75167e-12,4.53245e-13
LAPACK,447,1,0,9,1e-12,0.00395106,0,2.38742e-12,3.82923e-13
LAPACK,448,1,0,9,1e-12,0.00402024,0,2.50111e-12,3.94863e-13
LAPACK,449,1,0,9,1e-12,0.00403205,0,2.78533e-12,4.19493e-13
LAPACK,450,1,0,9,1e-12,0.00405893,0,2.84217e-12,4.06196e-13
LAPACK,451,1,0,9,1e-12,0.00407332,0,3.97904e-12,4.34116e-13
LAPACK,452,1,0,9,1e-12,0.00410623,0,2.50111e-12,3.59412e-13
LAPACK,453,1,0,9,1e-12,0.00413776,0,1.93268e-12,3.95402e-13
LAPACK,454,1,0,9,1e-12,0.00419211,0,2.38742e-12,3.99897e-13
LAPACK,455,1,0,9,1e-12,0.00411218,0,2.27374e-12,4.16277e-13
LAPACK,456,1,0,9,1e-12,0.00420013,0,2.84217e-12,4.11021e-13
LAPACK,457,1,0,9,1e-12,0.00417306,0,2.84217e-12,4.11632e-13
LAPACK,458,1,0,9,1e-12,0.00422089,0,2.50111e-12,4.05054e-13
LAPACK,459,1,0,9,1e-12,0.00422278,0,2.45848e-12,4.28889e-13
LAPACK,460,1,0,9,1e-12,0.00427666,0,2.41585e-12,3.87445e-13
LAPACK,461,1,0,9,1e-12,0.00435233,0,2.38742e-12,3.74129e-13
LAPACK,462,1,0,9,1e-12,0.00432694,0,2.71427e-12,4.06624e-13
LAPACK,463,1,0,9,1e-12,0.00423526,0,2.84217e-12,3.9283e-13
LAPACK,464,1,0,9,1e-12,0.00432621,0,2.72848e-12,4.0345e-13
LAPACK,465,1,0,9,1e-12,0.00434251,0,2.10321e-12,4.00289e-13
LAPACK,466,1,0,9,1e-12,0.00434163,0,2.95586e-12,4.09141e-13
LAPACK,467,1,0,9,1e-12,0.00435329,0,2.27374e-12,4.00176e-13
LAPACK,468,1,0,9,1e-12,0.00434264,0,2.6148e-12,4.21828e-13
LAPACK,469,1,0,9,1e-12,0.00436652,0,3.43903e-12,4.0421e-13
LAPACK,470,1,0,9,1e-12,0.00449334,0,2.72848e-12,4.12301e-13
LAPACK,471,1,0,9,1e-12,0.00441767,0,1.93268e-12,3.87347e-13
LAPACK,472,1,0,9,1e-12,0.00446302,0,2.27374e-12,4.05343e-13
LAPACK,473,1,0,9,1e-12,0.00438963,0,4.20641e-12,4.25907e-13
LAPACK,474,1,0,9,1e-12,0.00449945,0,3.18323e-12,4.14093e-13
LAPACK,475,1,0,9,1e-12,0.00448073,0,3.29692e-12,3.79457e-13
LAPACK,476,1,0,9,1e-12,0.00453803,0,2.84217e-12,3.80376e-13
LAPACK,477,1,0,9,1e-12,0.00451503,0,2.50111e-12,3.9709e-13
LAPACK,478,1,0,9,1e-12,0.0046082,0,2.23466e-12,3.93017e-13
LAPACK,479,1,0,9,1e-12,0.00456713,0,2.83507e-12,4.05895e-13
LAPACK,480,1,0,9,1e-12,0.00458559,0,2.6148e-12,3.90301e-13
LAPACK,481,1,0,9,1e-12,0.00459652,0,2.89901e-12,4.01308e-13
LAPACK,482,1,0,9,1e-12,0.00464666,0,2.78533e-12,4.53234e-13
LAPACK,483,1,0,9,1e-12,0.0046553,0,1.79057e-12,3.93115e-13
LAPACK,484,1,0,9,1e-12,0.00467511,0,3.52429e-12,4.0099e-13
LAPACK,485,1,0,9,1e-12,0.00477089,0,4.54747e-12,6.4505e-13
LAPACK,486,1,0,9,1e-12,0.00471487,0,1.87583e-12,3.82905e-13
LAPACK,487,1,0,9,1e-12,0.0047146,0,3.55271e-12,4.18041e-13
LAPACK,488,1,0,9,1e-12,0.00473523,0,4.43379e-12,4.06684e-13
LAPACK,489,1,0,9,1e-12,0.00479378,0,2.84217e-12,4.12489e-13
LAPACK,490,1,0,9,1e-12,0.00477618,0,2.16005e-12,3.67947e-13
LAPACK,491,1,0,9,1e-12,0.00485426,0,2.04636e-12,4.06476e-13
LAPACK,492,1,0,9,1e-12,0.00481179,0,2.38742e-12,3.83554e-13
LAPACK,493,1,0,9,1e-12,0.00485757,0,2.72848e-12,4.02534e-13
LAPACK,494,1,0,9,1e-12,0.00484982,0,2.27374e-12,3.9092e-13
LAPACK,495,1,0,9,1e-12,0.00488641,0,2.16005e-12,4.21326e-13
LAPACK,496,1,0,9,1e-12,0.00487119,0,5.00222e-12,4.18158e-13
LAPACK,497,1,0,9,1e-12,0.00494981,0,2.84217e-12,4.34627e-13
LAPACK,498,1,0,9,1e-12,0.00495469,0,2.55795e-12,3.99452e-13
LAPACK,499,1,0,9,1e-12,0.00496989,0,3.18323e-12,4.01089e-13
LAPACK,500,1,0,9,1e-12,0.00499984,0,2.6148e-12,3.79719e-13
LAPACK,501,1,0,9,1e-12,0.00495606,0,3.97904e-12,4.01894e-13
LAPACK,502,1,0,9,1e-12,0.00504504,0,2.38742e-12,3.94431e-13
LAPACK,503,1,0,9,1e-12,0.004992,0,2.06057e-12,4.21571e-13
LAPACK,504,1,0,9,1e-12,0.00507031,0,2.72848e-12,3.83843e-13
LAPACK,505,1,0,9,1e-12,0.00503956,0,3.75167e-12,3.83431e-13
LAPACK,506,1,0,9,1e-12,0.00506435,0,2.67164e-12,4.20013e-13
LAPACK,507,1,0,9,1e-12,0.00513507,0,2.89901e-12,4.4228e-13
LAPACK,508,1,0,9,1e-12,0.00513554,0,2.89901e-12,4.12787e-13
LAPACK,509,1,0,9,1e-12,0.00513561,0,3.41061e-12,3.9912e-13
LAPACK,510,1,0,9,1e-12,0.00515602,0,3.06954e-12,3.72345e-13
LAPACK,511,1,0,9,1e-12,0.00522556,0,1.93268e-12,3.88768e-13
LAPACK,512,1,0,9,1e-12,0.0052209,0,3.06954e-12,4.22527e-13
LAPACK,513,1,0,9,1e-12,0.00524733,0,2.10321e-12,3.80215e-13
LAPACK,514,1,0,9,1e-12,0.00529423,0,2.84217e-12,3.9468e-13
LAPACK,515,1,0,9,1e-12,0.00525483,0,2.81375e-12,3.72899e-13
LAPACK,516,1,0,9,1e-12,0.00527355,0,2.30926e-12,3.95152e-13
LAPACK,517,1,0,9,1e-12,0.00533318,0,3.63798e-12,4.5122e-13
LAPACK,518,1,0,9,1e-12,0.00531582,0,2.16005e-12,3.55107e-13
LAPACK,519,1,0,9,1e-12,0.00528947,0,2.38742e-12,3.81924e-13
LAPACK,520,1,0,9,1e-12,0.00535336,0,3.06954e-12,4.94377e-13
LAPACK,521,1,0,9,1e-12,0.00533963,0,2.04636e-12,3.84232e-13
LAPACK,522,1,0,9,1e-12,0.00543686,0,4.37694e-12,3.93373e-13
LAPACK,523,1,0,9,1e-12,0.00542465,0,2.6148e-12,4.53666e-13
LAPACK,524,1,0,9,1e-12,0.00543248,0,3.58114e-12,4.02196e-13
LAPACK,525,1,0,9,1e-12,0.00546753,0,3.15481e-12,4.33148e-13
LAPACK,526,1,0,9,1e-12,0.00547009,0,2.89901e-12,3.9451e-13
LAPACK,527,1,0,9,1e-12,0.00555172,0,2.04636e-12,4.0612e-13
LAPACK,528,1,0,9,1e-12,0.00558026,0,4.88853e-12,4.91274e-13
LAPACK,529,1,0,9,1e-12,0.00552865,0,2.27374e-12,3.86185e-13
LAPACK,530,1,0,9,1e-12,0.00562291,0,2.72848e-12,3.96789e-13
LAPACK,531,1,0,9,1e-12,0.00555811,0,2.84217e-12,3.89701e-13
LAPACK,532,1,0,9,1e-12,0.00567085,0,6.25278e-12,6.17764e-13
LAPACK,533,1,0,9,1e-12,0.00561809,0,2.27374e-12,4.13223e-13
LAPACK,534,1,0,9,1e-12,0.00567426,0,2.72848e-12,4.13877e-13
LAPACK,535,1,0,9,1e-12,0.0056591,0,3.52429e-12,4.214e-13
LAPACK,536,1,0,9,1e-12,0.00567084,0,2.71427e-12,4.27182e-13
LAPACK,537,1,0,9,1e-12,0.00567063,0,5.00222e-12,4.13058e-13
LAPACK,538,1,0,9,1e-12,0.00572273,0,3.31113e-12,4.27388e-13
LAPACK,539,1,0,9,1e-12,0.00583405,0,5.57066e-12,7.25144e-13
LAPACK,540,1,0,9,1e-12,0.00571554,0,4.20641e-12,3.89041e-13
LAPACK,541,1,0,9,1e-12,0.00574918,0,3.52429e-12,3.71726e-13
LAPACK,542,1,0,9,1e-12,0.00580736,0,3.86535e-12,3.62832e-13
LAPACK,543,1,0,9,1e-12,0.0058476,0,3.41061e-12,3.8081e-13
LAPACK,544,1,0,9,1e-12,0.0058272,0,2.38742e-12,4.19974e-13
LAPACK,545,1,0,9,1e-12,0.00579936,0,2.38742e-12,3.98494e-13
LAPACK,546,1,0,9,1e-12,0.00588414,0,3.04112e-12,4.13159e-13
LAPACK,547,1,0,9,1e-12,0.0059276,0,2.72848e-12,4.01338e-13
LAPACK,548,1,0,9,1e-12,0.00604008,0,4.54747e-12,6.58923e-13
LAPACK,549,1,0,9,1e-12,0.00589927,0,2.6148e-12,3.8819e-13
LAPACK,550,1,0,9,1e-12,0.00606231,0,4.20641e-12,7.15067e-13
LAPACK,551,1,0,9,1e-12,0.00600961,0,2.33058e-12,3.91714e-13
LAPACK,552,1,0,9,1e-12,0.00595261,0,4.20641e-12,4.24829e-13
LAPACK,553,1,0,9,1e-12,0.00605498,0,3.41061e-12,3.9366e-13
LAPACK,554,1,0,9,1e-12,0.00614064,0,7.95808e-12,7.19583e-13
LAPACK,555,1,0,9,1e-12,0.00613632,0,4.43379e-12,6.62828e-13
LAPACK,556,1,0,9,1e-12,0.00615183,0,3.63798e-12,4.84515e-13
LAPACK,557,1,0,9,1e-12,0.00609351,0,3.06954e-12,4.14986e-13
LAPACK,558,1,0,9,1e-12,0.00620795,0,5.79803e-12,6.89593e-13
LAPACK,559,1,0,9,1e-12,0.0062546,0,5.22959e-12,6.63689e-13
LAPACK,560,1,0,9,1e-12,0.00622855,0,3.0127e-12,3.93675e-13
LAPACK,561,1,0,9,1e-12,0.00631447,0,4.54747e-12,6.54898e-13
LAPACK,562,1,0,9,1e-12,0.00624446,0,4.43379e-12,7.38824e-13
LAPACK,563,1,0,9,1e-12,0.00631511,0,3.06954e-12,4.29857e-13
LAPACK,564,1,0,9,1e-12,0.00640904,0,5.57066e-12,6.69029e-13
LAPACK,565,1,0,9,1e-12,0.00631927,0,2.30926e-12,3.56849e-13
LAPACK,566,1,0,9,1e-12,0.00631553,0,2.6148e-12,3.81152e-13
LAPACK,567,1,0,9,1e-12,0.00641319,0,4.66116e-12,7.11144e-13
LAPACK,568,1,0,9,1e-12,0.00643515,0,6.82121e-12,6.58301e-13
LAPACK,569,1,0,9,1e-12,0.00644933,0,3.63798e-12,3.95389e-13
LAPACK,570,1,0,9,1e-12,0.00642134,0,2.50111e-12,4.21514e-13
LAPACK,571,1,0,9,1e-12,0.00646724,0,6.59384e-12,7.01842e-13
LAPACK,572,1,0,9,1e-12,0.00656732,0,4.54747e-12,7.27734e-13
LAPACK,573,1,0,9,1e-12,0.00657425,0,5.91172e-12,7.2604e-13
LAPACK,574,1,0,9,1e-12,0.0065386,0,2.38742e-12,5.04824e-13
LAPACK,575,1,0,9,1e-12,0.00652927,0,4.66116e-12,4.21744e-13
LAPACK,576,1,0,9,1e-12,0.00653006,0,4.77485e-12,5.60501e-13
LAPACK,577,1,0,9,1e-12,0.00654405,0,4.20641e-12,4.29281e-13
LAPACK,578,1,0,9,1e-12,0.00655642,0,2.72848e-12,5.13966e-13
LAPACK,579,1,0,9,1e-12,0.00670732,0,3.06954e-12,4.9286e-13
LAPACK,580,1,0,9,1e-12,0.00663265,0,2.50111e-12,3.89878e-13
LAPACK,581,1,0,9,1e-12,0.00669571,0,3.29692e-12,4.96308e-13
LAPACK,582,1,0,9,1e-12,0.00665304,0,3.04112e-12,4.14136e-13
LAPACK,583,1,0,9,1e-12,0.00682156,0,5.11591e-12,7.09321e-13
LAPACK,584,1,0,9,1e-12,0.00678707,0,2.84217e-12,5.37256e-13
LAPACK,585,1,0,9,1e-12,0.00673044,0,2.28795e-12,4.09241e-13
LAPACK,586,1,0,9,1e-12,0.0067595,0,2.6148e-12,4.53361e-13
LAPACK,587,1,0,9,1e-12,0.00670721,0,3.18323e-12,4.06832e-13
LAPACK,588,1,0,9,1e-12,0.00684743,0,6.48015e-12,6.56136e-13
LAPACK,589,1,0,9,1e-12,0.00685165,0,6.13909e-12,7.48302e-13
LAPACK,590,1,0,9,1e-12,0.00685669,0,3.75167e-12,3.89737e-13
LAPACK,591,1,0,9,1e-12,0.00688597,0,4.88853e-12,6.65893e-13
LAPACK,592,1,0,9,1e-12,0.00688674,0,3.52429e-12,4.81317e-13
LAPACK,593,1,0,9,1e-12,0.00687714,0,2.27374e-12,4.16809e-13
LAPACK,594,1,0,9,1e-12,0.00701486,0,4.66116e-12,7.00981e-13
LAPACK,595,1,0,9,1e-12,0.00694155,0,3.29692e-12,4.17561e-13
LAPACK,596,1,0,9,1e-12,0.00699102,0,2.38742e-12,4.09494e-13
LAPACK,597,1,0,9,1e-12,0.00711991,0,3.18323e-12,4.89402e-13
LAPACK,598,1,0,9,1e-12,0.00701061,0,2.04636e-12,4.01396e-13
LAPACK,599,1,0,9,1e-12,0.00703551,0,2.89901e-12,4.20554e-13
LAPACK,600,1,0,9,1e-12,0.00704627,0,3.25429e-12,3.88081e-13
LAPACK,601,1,0,9,1e-12,0.00698663,0,3.06954e-12,4.03282e-13
LAPACK,602,1,0,9,1e-12,0.0071459,0,3.29692e-12,4.24103e-13
LAPACK,603,1,0,9,1e-12,0.0071201,0,3.86535e-12,5.0914e-13
LAPACK,604,1,0,9,1e-12,0.00716358,0,2.38742e-12,3.84068e-13
LAPACK,605,1,0,9,1e-12,0.00719611,0,2.78533e-12,3.89464e-13
LAPACK,606,1,0,9,1e-12,0.00719661,0,2.84217e-12,4.33211e-13
LAPACK,607,1,0,9,1e-12,0.00713466,0,2.95586e-12,3.98258e-13
LAPACK,608,1,0,9,1e-12,0.00723894,0,2.6148e-12,3.90621e-13
LAPACK,609,1,0,9,1e-12,0.00728274,0,2.04636e-12,3.88075e-13
LAPACK,610,1,0,9,1e-12,0.00726392,0,4.92406e-12,4.07105e-13
LAPACK,611,1,0,9,1e-12,0.00725431,0,3.06954e-12,4.39147e-13
LAPACK,612,1,0,9,1e-12,0.00728716,0,3.52429e-12,3.95216e-13
LAPACK,613,1,0,9,1e-12,0.00745453,0,5.79803e-12,7.38494e-13
LAPACK,614,1,0,9,1e-12,0.00736053,0,2.84217e-12,4.41083e-13
LAPACK,615,1,0,9,1e-12,0.00737601,0,3.28271e-12,4.28191e-13
LAPACK,616,1,0,9,1e-12,0.00747049,0,2.27374e-12,3.89487e-13
LAPACK,617,1,0,9,1e-12,0.0074224,0,2.95586e-12,4.84094e-13
LAPACK,618,1,0,9,1e-12,0.00747027,0,3.36797e-12,5.21669e-13
LAPACK,619,1,0,9,1e-12,0.00745725,0,3.46745e-12,4.12293e-13
LAPACK,620,1,0,9,1e-12,0.00748768,0,2.38742e-12,4.5273e-13
LAPACK,621,1,0,9,1e-12,0.00753127,0,4.77485e-12,4.2785e-13
LAPACK,622,1,0,9,1e-12,0.00756698,0,4.3201e-12,5.14278e-13
LAPACK,623,1,0,9,1e-12,0.00774376,0,5.57066e-12,7.00187e-13
LAPACK,624,1,0,9,1e-12,0.00762484,0,3.18323e-12,4.93594e-13
LAPACK,625,1,0,9,1e-12,0.00765349,0,2.72848e-12,4.09871e-13
LAPACK,626,1,0,9,1e-12,0.00763163,0,2.95586e-12,4.05494e-13
LAPACK,627,1,0,9,1e-12,0.00775914,0,3.17613e-12,4.29354e-13
LAPACK,628,1,0,9,1e-12,0.00770812,0,2.72848e-12,3.95354e-13
LAPACK,629,1,0,9,1e-12,0.00768689,0,2.95586e-12,4.17436e-13
LAPACK,630,1,0,9,1e-12,0.00770527,0,2.6148e-12,3.9634e-13
LAPACK,631,1,0,9,1e-12,0.00784571,0,2.72848e-12,4.01807e-13
LAPACK,632,1,0,9,1e-12,0.00773565,0,4.20641e-12,4.10216e-13
LAPACK,633,1,0,9,1e-12,0.00788256,0,2.95586e-12,3.92035e-13
LAPACK,634,1,0,9,1e-12,0.00787684,0,2.95586e-12,4.23207e-13
LAPACK,635,1,0,9,1e-12,0.00791521,0,2.84217e-12,4.1064e-13
LAPACK,636,1,0,9,1e-12,0.00793772,0,3.06954e-12,3.94925e-13
LAPACK,637,1,0,9,1e-12,0.00794524,0,3.18323e-12,4.73336e-13
LAPACK,638,1,0,9,1e-12,0.00799861,0,6.13909e-12,5.45793e-13
LAPACK,639,1,0,9,1e-12,0.00804081,0,2.84217e-12,4.07342e-13
LAPACK,640,1,0,9,1e-12,0.00800554,0,2.50111e-12,4.31039e-13
LAPACK,641,1,0,9,1e-12,0.00806344,0,2.38742e-12,3.91338e-13
LAPACK,642,1,0,9,1e-12,0.00792912,0,2.89901e-12,3.89404e-13
LAPACK,643,1,0,9,1e-12,0.00804387,0,3.29692e-12,4.43825e-13
LAPACK,644,1,0,9,1e-12,0.0080897,0,2.77112e-12,4.16546e-13
LAPACK,645,1,0,9,1e-12,0.00826685,0,4.77485e-12,6.87245e-13
LAPACK,646,1,0,9,1e-12,0.00807486,0,2.95586e-12,4.42626e-13
LAPACK,647,1,0,9,1e-12,0.00814698,0,3.52429e-12,5.13553e-13
LAPACK,648,1,0,9,1e-12,0.00817677,0,2.52065e-12,4.03171e-13
LAPACK,649,1,0,9,1e-12,0.00816525,0,2.55795e-12,3.96042e-13
LAPACK,650,1,0,9,1e-12,0.00830958,0,2.72848e-12,4.27715e-13
LAPACK,651,1,0,9,1e-12,0.00819715,0,2.50111e-12,4.11483e-13
LAPACK,652,1,0,9,1e-12,0.00830023,0,3.06954e-12,4.28539e-13
LAPACK,653,1,0,9,1e-12,0.00819413,0,3.24007e-12,4.35576e-13
LAPACK,654,1,0,9,1e-12,0.0083038,0,4.20641e-12,4.30879e-13
LAPACK,655,1,0,9,1e-12,0.00825727,0,2.6148e-12,3.97108e-13
LAPACK,656,1,0,9,1e-12,0.00846314,0,2.27374e-12,3.91616e-13
LAPACK,657,1,0,9,1e-12,0.00830327,0,1.98952e-12,3.88405e-13
LAPACK,658,1,0,9,1e-12,0.00859012,0,5.00222e-12,7.41863e-13
LAPACK,659,1,0,9,1e-12,0.00845171,0,3.06954e-12,4.09393e-13
LAPACK,660,1,0,9,1e-12,0.00843204,0,3.0127e-12,3.98208e-13
LAPACK,661,1,0,9,1e-12,0.00846106,0,2.13163e-12,4.06803e-13
LAPACK,662,1,0,9,1e-12,0.00848251,0,2.95586e-12,4.08432e-13
LAPACK,663,1,0,9,1e-12,0.00858521,0,4.09273e-12,3.7634e-13
LAPACK,664,1,0,9,1e-12,0.00855906,0,3.63798e-12,4.01751e-13
LAPACK,665,1,0,9,1e-12,0.00854638,0,2.95586e-12,4.21567e-13
LAPACK,666,1,0,9,1e-12,0.00851048,0,3.58114e-12,4.15011e-13
LAPACK,667,1,0,9,1e-12,0.00857511,0,2.04636e-12,4.03426e-13
LAPACK,668,1,0,9,1e-12,0.00863461,0,2.6148e-12,3.96311e-13
LAPACK,669,1,0,9,1e-12,0.00896306,0,2.38742e-12,4.19258e-13
LAPACK,670,1,0,9,1e-12,0.00877012,0,3.7943e-12,5.07049e-13
LAPACK,671,1,0,9,1e-12,0.0087643,0,2.95586e-12,4.15905e-13
LAPACK,672,1,0,9,1e-12,0.0088185,0,3.29692e-12,3.92635e-13
LAPACK,673,1,0,9,1e-12,0.00879589,0,5.45697e-12,4.86731e-13
LAPACK,674,1,0,9,1e-12,0.00877604,0,2.72848e-12,4.37405e-13
LAPACK,675,1,0,9,1e-12,0.00885604,0,3.35376e-12,4.39004e-13
LAPACK,676,1,0,9,1e-12,0.00886805,0,5.91172e-12,5.51107e-13
LAPACK,677,1,0,9,1e-12,0.00880354,0,2.67164e-12,4.54818e-13
LAPACK,678,1,0,9,1e-12,0.00898008,0,2.72848e-12,4.12697e-13
LAPACK,679,1,0,9,1e-12,0.00911964,0,6.59384e-12,6.95874e-13
LAPACK,680,1,0,9,1e-12,0.00886546,0,3.80851e-12,4.56741e-13
LAPACK,681,1,0,9,1e-12,0.00892833,0,3.52429e-12,4.27868e-13
LAPACK,682,1,0,9,1e-12,0.00908378,0,3.29692e-12,4.06785e-13
LAPACK,683,1,0,9,1e-12,0.00916737,0,3.63798e-12,4.33229e-13
LAPACK,684,1,0,9,1e-12,0.00902539,0,2.95586e-12,4.27717e-13
LAPACK,685,1,0,9,1e-12,0.0091551,0,3.38218e-12,4.29729e-13
LAPACK,686,1,0,9,1e-12,0.00906043,0,3.29692e-12,4.35307e-13
LAPACK,687,1,0,9,1e-12,0.00920133,0,2.95586e-12,4.151e-13
LAPACK,688,1,0,9,1e-12,0.00939764,0,5.11591e-12,7.72065e-13
LAPACK,689,1,0,9,1e-12,0.00912479,0,2.95586e-12,4.30948e-13
LAPACK,690,1,0,9,1e-12,0.00943541,0,5.22959e-12,7.43714e-13
LAPACK,691,1,0,9,1e-12,0.0092126,0,2.72848e-12,4.67205e-13
LAPACK,692,1,0,9,1e-12,0.0091931,0,3.41061e-12,4.37284e-13
LAPACK,693,1,0,9,1e-12,0.00950813,0,3.29692e-12,4.33233e-13
LAPACK,694,1,0,9,1e-12,0.00931746,0,2.60059e-12,4.17596e-13
LAPACK,695,1,0,9,1e-12,0.0093266,0,4.20641e-12,4.21533e-13
LAPACK,696,1,0,9,1e-12,0.00934115,0,3.18323e-12,4.24753e-13
LAPACK,697,1,0,9,1e-12,0.00935806,0,2.50111e-12,4.0156e-13
LAPACK,698,1,0,9,1e-12,0.00943586,0,2.38742e-12,4.18856e-13
LAPACK,699,1,0,9,1e-12,0.00953838,0,2.89901e-12,4.11143e-13
LAPACK,700,1,0,9,1e-12,0.00957664,0,3.18323e-12,4.19928e-13
LAPACK,701,1,0,9,1e-12,0.00960154,0,3.0127e-12,4.26778e-13
LAPACK,702,1,0,9,1e-12,0.00947184,0,3.0127e-12,4.31461e-13
LAPACK,703,1,0,9,1e-12,0.00956985,0,3.52429e-12,4.12295e-13
LAPACK,704,1,0,9,1e-12,0.00968994,0,2.44427e-12,4.34844e-13
LAPACK,705,1,0,9,1e-12,0.00964502,0,3.55271e-12,4.53442e-13
LAPACK,706,1,0,9,1e-12,0.00959936,0,3.69482e-12,4.24208e-13
LAPACK,707,1,0,9,1e-12,0.0097187,0,2.27374e-12,4.11245e-13
LAPACK,708,1,0,9,1e-12,0.00990602,0,3.18323e-12,4.14523e-13
LAPACK,709,1,0,9,1e-12,0.00973279,0,3.63798e-12,4.3101e-13
LAPACK,710,1,0,9,1e-12,0.00978891,0,4.86011e-12,4.39264e-13
LAPACK,711,1,0,9,1e-12,0.00982585,0,2.72848e-12,4.0436e-13
LAPACK,712,1,0,9,1e-12,0.0097877,0,2.44427e-12,4.10486e-13
LAPACK,713,1,0,9,1e-12,0.00982395,0,2.38742e-12,4.01586e-13
LAPACK,714,1,0,9,1e-12,0.00987825,0,2.72848e-12,4.14533e-13
LAPACK,715,1,0,9,1e-12,0.00991216,0,5.08749e-12,4.15723e-13
LAPACK,716,1,0,9,1e-12,0.00994889,0,5.11591e-12,4.37515e-13
LAPACK,717,1,0,9,1e-12,0.00999703,0,3.06954e-12,3.94383e-13
LAPACK,718,1,0,9,1e-12,0.0100635,0,3.52429e-12,4.43241e-13
LAPACK,719,1,0,9,1e-12,0.00996362,0,2.72848e-12,3.91972e-13
LAPACK,720,1,0,9,1e-12,0.0101691,0,3.0127e-12,4.8375e-13
LAPACK,721,1,0,9,1e-12,0.0100616,0,3.8014e-12,4.46451e-13
LAPACK,722,1,0,9,1e-12,0.0100357,0,4.66116e-12,4.41423e-13
LAPACK,723,1,0,9,1e-12,0.0102987,0,6.13909e-12,7.45701e-13
LAPACK,724,1,0,9,1e-12,0.0102389,0,3.29692e-12,5.21748e-13
LAPACK,725,1,0,9,1e-12,0.0101846,0,4.3201e-12,4.80573e-13
LAPACK,726,1,0,9,1e-12,0.0103237,0,3.41771e-12,4.13246e-13
LAPACK,727,1,0,9,1e-12,0.0102084,0,2.6148e-12,4.05634e-13
LAPACK,728,1,0,9,1e-12,0.010523,0,5.91172e-12,7.22084e-13
LAPACK,729,1,0,9,1e-12,0.0102491,0,3.05533e-12,3.93177e-13
LAPACK,730,1,0,9,1e-12,0.0103662,0,3.46745e-12,4.17346e-13
LAPACK,731,1,0,9,1e-12,0.0103558,0,3.18323e-12,4.20177e-13
LAPACK,732,1,0,9,1e-12,0.0103094,0,2.70006e-12,4.13989e-13
LAPACK,733,1,0,9,1e-12,0.0102892,0,4.66116e-12,4.10667e-13
LAPACK,734,1,0,9,1e-12,0.0104311,0,3.41061e-12,4.06755e-13
LAPACK,735,1,0,9,1e-12,0.0104563,0,3.72324e-12,4.37012e-13
LAPACK,736,1,0,9,1e-12,0.0104906,0,3.35376e-12,4.10786e-13
LAPACK,737,1,0,9,1e-12,0.0105665,0,2.84217e-12,4.02578e-13
LAPACK,738,1,0,9,1e-12,0.0105057,0,4.54747e-12,5.33749e-13
LAPACK,739,1,0,9,1e-12,0.0105212,0,4.3201e-12,4.1115e-13
LAPACK,740,1,0,9,1e-12,0.0105705,0,3.06954e-12,4.28207e-13
LAPACK,741,1,0,9,1e-12,0.0106269,0,2.84217e-12,4.07138e-13
LAPACK,742,1,0,9,1e-12,0.0106838,0,3.75167e-12,4.18456e-13
LAPACK,743,1,0,9,1e-12,0.0106216,0,3.52429e-12,4.38145e-13
LAPACK,744,1,0,9,1e-12,0.0105775,0,3.18323e-12,4.1297e-13
LAPACK,745,1,0,9,1e-12,0.0106594,0,2.67164e-12,4.19997e-13
LAPACK,746,1,0,9,1e-12,0.0107633,0,3.49587e-12,4.18982e-13
LAPACK,747,1,0,9,1e-12,0.0108374,0,4.66116e-12,5.18784e-13
LAPACK,748,1,0,9,1e-12,0.0107987,0,3.0127e-12,4.50976e-13
LAPACK,749,1,0,9,1e-12,0.0108957,0,5.57066e-12,4.15791e-13
LAPACK,750,1,0,9,1e-12,0.0108111,0,3.29692e-12,4.02398e-13
LAPACK,751,1,0,9,1e-12,0.010846,0,2.95586e-12,4.10693e-13
LAPACK,752,1,0,9,1e-12,0.0109424,0,3.86535e-12,4.46149e-13
LAPACK,753,1,0,9,1e-12,0.0109413,0,3.72324e-12,4.11822e-13
LAPACK,754,1,0,9,1e-12,0.0110375,0,3.80851e-12,4.3934e-13
LAPACK,755,1,0,9,1e-12,0.0110548,0,2.96296e-12,4.17885e-13
LAPACK,756,1,0,9,1e-12,0.010984,0,3.41061e-12,4.3199e-13
LAPACK,757,1,0,9,1e-12,0.0111386,0,2.84217e-12,4.42826e-13
LAPACK,758,1,0,9,1e-12,0.011104,0,3.86535e-12,4.36311e-13
LAPACK,759,1,0,9,1e-12,0.0111293,0,2.79954e-12,4.17658e-13
LAPACK,760,1,0,9,1e-12,0.0110923,0,3.29692e-12,4.62861e-13
LAPACK,761,1,0,9,1e-12,0.0111871,0,3.63798e-12,4.17843e-13
LAPACK,762,1,0,9,1e-12,0.0112778,0,3.52429e-12,4.21651e-13
LAPACK,763,1,0,9,1e-12,0.011209,0,3.04112e-12,4.37191e-13
LAPACK,764,1,0,9,1e-12,0.0113192,0,3.29692e-12,4.34102e-13
LAPACK,765,1,0,9,1e-12,0.011263,0,3.41061e-12,4.02611e-13
LAPACK,766,1,0,9,1e-12,0.0114102,0,4.20641e-12,4.23981e-13
LAPACK,767,1,0,9,1e-12,0.0113794,0,2.95586e-12,3.91433e-13
LAPACK,768,1,0,9,1e-12,0.0113523,0,5.68434e-12,5.33778e-13
LAPACK,769,1,0,9,1e-12,0.0114304,0,3.2081e-12,4.58436e-13
LAPACK,770,1,0,9,1e-12,0.0115356,0,4.3201e-12,4.20606e-13
LAPACK,771,1,0,9,1e-12,0.0114591,0,2.84217e-12,4.16641e-13
LAPACK,772,1,0,9,1e-12,0.0115036,0,2.72848e-12,4.038e-13
LAPACK,773,1,0,9,1e-12,0.0114498,0,2.95586e-12,4.17861e-13
LAPACK,774,1,0,9,1e-12,0.0116025,0,2.72848e-12,4.37791e-13
LAPACK,775,1,0,9,1e-12,0.0117059,0,5.28644e-12,4.20131e-13
LAPACK,776,1,0,9,1e-12,0.0116224,0,4.09273e-12,4.22165e-13
LAPACK,777,1,0,9,1e-12,0.0116312,0,2.92744e-12,4.38781e-13
LAPACK,778,1,0,9,1e-12,0.0115534,0,4.20641e-12,5.09827e-13
LAPACK,779,1,0,9,1e-12,0.0116523,0,3.97904e-12,5.4644e-13
LAPACK,780,1,0,9,1e-12,0.0116964,0,3.29692e-12,4.33229e-13
LAPACK,781,1,0,9,1e-12,0.0117294,0,2.84217e-12,4.04698e-13
LAPACK,782,1,0,9,1e-12,0.0117428,0,2.95586e-12,4.21781e-13
LAPACK,783,1,0,9,1e-12,0.0118729,0,3.52429e-12,5.14237e-13
LAPACK,784,1,0,9,1e-12,0.0119316,0,3.52429e-12,5.33368e-13
LAPACK,785,1,0,9,1e-12,0.0119323,0,2.52953e-12,4.25883e-13
LAPACK,786,1,0,9,1e-12,0.0120263,0,2.38742e-12,4.33924e-13
LAPACK,787,1,0,9,1e-12,0.0119363,0,2.6148e-12,3.9734e-13
LAPACK,788,1,0,9,1e-12,0.0120337,0,3.86535e-12,4.58173e-13
LAPACK,789,1,0,9,1e-12,0.0120014,0,3.86535e-12,4.32981e-13
LAPACK,790,1,0,9,1e-12,0.0120026,0,3.86535e-12,5.24512e-13
LAPACK,791,1,0,9,1e-12,0.0120685,0,3.18323e-12,4.1999e-13
LAPACK,792,1,0,9,1e-12,0.0122443,0,3.29692e-12,5.15869e-13
LAPACK,793,1,0,9,1e-12,0.0121169,0,3.18323e-12,4.33822e-13
LAPACK,794,1,0,9,1e-12,0.0121636,0,3.41061e-12,5.13416e-13
LAPACK,795,1,0,9,1e-12,0.0121124,0,3.29692e-12,4.19305e-13
LAPACK,796,1,0,9,1e-12,0.0121716,0,2.38742e-12,4.22463e-13
LAPACK,797,1,0,9,1e-12,0.0122065,0,3.52429e-12,4.23994e-13
LAPACK,798,1,0,9,1e-12,0.0123311,0,3.06954e-12,4.28627e-13
LAPACK,799,1,0,9,1e-12,0.0123058,0,3.97904e-12,4.23665e-13
LAPACK,800,1,0,9,1e-12,0.0123109,0,2.72848e-12,4.3209e-13
LAPACK,801,1,0,9,1e-12,0.0124112,0,4.66116e-12,5.21212e-13
LAPACK,802,1,0,9,1e-12,0.0124422,0,3.52429e-12,4.17206e-13
LAPACK,803,1,0,9,1e-12,0.0126105,0,7.16227e-12,7.45303e-13
LAPACK,804,1,0,9,1e-12,0.0124498,0,3.97904e-12,5.48826e-13
LAPACK,805,1,0,9,1e-12,0.0124679,0,2.4869e-12,4.20801e-13
LAPACK,806,1,0,9,1e-12,0.0125498,0,2.71427e-12,4.15034e-13
LAPACK,807,1,0,9,1e-12,0.0125745,0,4.3201e-12,5.09882e-13
LAPACK,808,1,0,9,1e-12,0.0125621,0,3.58114e-12,4.39376e-13
LAPACK,809,1,0,9,1e-12,0.0124829,0,3.65219e-12,4.22131e-13
LAPACK,810,1,0,9,1e-12,0.0126788,0,3.52429e-12,4.39131e-13
LAPACK,811,1,0,9,1e-12,0.0125851,0,2.84217e-12,5.02538e-13
LAPACK,812,1,0,9,1e-12,0.0126577,0,2.95586e-12,4.14474e-13
LAPACK,813,1,0,9,1e-12,0.0126687,0,4.09273e-12,5.41902e-13
LAPACK,814,1,0,9,1e-12,0.012753,0,2.55795e-12,4.42073e-13
LAPACK,815,1,0,9,1e-12,0.0128262,0,2.6148e-12,4.25451e-13
LAPACK,816,1,0,9,1e-12,0.0128452,0,3.18323e-12,5.42794e-13
LAPACK,817,1,0,9,1e-12,0.0128988,0,3.52429e-12,4.3654e-13
LAPACK,818,1,0,9,1e-12,0.0129015,0,3.32534e-12,4.82338e-13
LAPACK,819,1,0,9,1e-12,0.0130342,0,3.41061e-12,4.29013e-13
LAPACK,820,1,0,9,1e-12,0.0129202,0,2.70717e-12,4.30563e-13
LAPACK,821,1,0,9,1e-12,0.0130839,0,4.37694e-12,5.50997e-13
LAPACK,822,1,0,9,1e-12,0.0130051,0,3.75167e-12,5.1971e-13
LAPACK,823,1,0,9,1e-12,0.0132057,0,5.34328e-12,7.58417e-13
LAPACK,824,1,0,9,1e-12,0.0131633,0,4.77485e-12,5.51433e-13
LAPACK,825,1,0,9,1e-12,0.0130941,0,4.09273e-12,5.36064e-13
LAPACK,826,1,0,9,1e-12,0.0131158,0,3.06954e-12,4.55305e-13
LAPACK,827,1,0,9,1e-12,0.0130494,0,3.75167e-12,4.41428e-13
LAPACK,828,1,0,9,1e-12,0.0131601,0,2.70006e-12,4.09348e-13
LAPACK,829,1,0,9,1e-12,0.0132362,0,4.20641e-12,4.58817e-13
LAPACK,830,1,0,9,1e-12,0.013257,0,3.97904e-12,4.33758e-13
LAPACK,831,1,0,9,1e-12,0.0132007,0,4.27747e-12,4.88051e-13
LAPACK,832,1,0,9,1e-12,0.0134185,0,3.63798e-12,4.22762e-13
LAPACK,833,1,0,9,1e-12,0.0132467,0,3.06954e-12,4.35127e-13
LAPACK,834,1,0,9,1e-12,0.0133574,0,3.15481e-12,5.0405e-13
LAPACK,835,1,0,9,1e-12,0.0133687,0,3.30402e-12,4.28677e-13
LAPACK,836,1,0,9,1e-12,0.0136881,0,7.84439e-12,7.94105e-13
LAPACK,837,1,0,9,1e-12,0.0136538,0,4.88853e-12,5.22386e-13
LAPACK,838,1,0,9,1e-12,0.0137222,0,6.25278e-12,8.106e-13
LAPACK,839,1,0,9,1e-12,0.0137318,0,8.75389e-12,7.50597e-13
LAPACK,840,1,0,9,1e-12,0.0138743,0,5.68434e-12,7.70565e-13
LAPACK,841,1,0,9,1e-12,0.013773,0,5.11591e-12,7.29885e-13
LAPACK,842,1,0,9,1e-12,0.0135814,0,3.52429e-12,5.29315e-13
LAPACK,843,1,0,9,1e-12,0.0138338,0,7.50333e-12,7.94888e-13
LAPACK,844,1,0,9,1e-12,0.0139172,0,5.22959e-12,8.00895e-13
LAPACK,845,1,0,9,1e-12,0.0135979,0,3.24007e-12,4.35763e-13
LAPACK,846,1,0,9,1e-12,0.0139763,0,6.36646e-12,7.47887e-13
LAPACK,847,1,0,9,1e-12,0.0137537,0,4.3201e-12,4.63573e-13
LAPACK,848,1,0,9,1e-12,0.0140958,0,9.89075e-12,7.61855e-13
LAPACK,849,1,0,9,1e-12,0.0138736,0,4.43379e-12,5.26268e-13
LAPACK,850,1,0,9,1e-12,0.0141318,0,5.34328e-12,7.60414e-13
LAPACK,851,1,0,9,1e-12,0.0138841,0,4.718e-12,5.43441e-13
LAPACK,852,1,0,9,1e-12,0.0139584,0,3.85114e-12,4.78209e-13
LAPACK,853,1,0,9,1e-12,0.0139374,0,2.84217e-12,4.22981e-13
LAPACK,854,1,0,9,1e-12,0.0140989,0,2.72848e-12,4.7718e-13
LAPACK,855,1,0,9,1e-12,0.0139889,0,2.50111e-12,4.26138e-13
LAPACK,856,1,0,9,1e-12,0.0141296,0,3.99325e-12,5.36683e-13
LAPACK,857,1,0,9,1e-12,0.0140317,0,3.89733e-12,4.33556e-13
LAPACK,858,1,0,9,1e-12,0.0141808,0,3.41061e-12,4.43533e-13
LAPACK,859,1,0,9,1e-12,0.0140417,0,4.17799e-12,4.54101e-13
LAPACK,860,1,0,9,1e-12,0.0142689,0,3.63798e-12,5.32103e-13
LAPACK,861,1,0,9,1e-12,0.0141675,0,4.3201e-12,4.64674e-13
LAPACK,862,1,0,9,1e-12,0.0143874,0,4.88853e-12,7.07943e-13
LAPACK,863,1,0,9,1e-12,0.0144347,0,8.07177e-12,8.00612e-13
LAPACK,864,1,0,9,1e-12,0.0142046,0,3.97904e-12,4.19869e-13
LAPACK,865,1,0,9,1e-12,0.014326,0,3.97904e-12,5.24261e-13
LAPACK,866,1,0,9,1e-12,0.0142,0,3.24007e-12,5.24331e-13
LAPACK,867,1,0,9,1e-12,0.0143864,0,2.89901e-12,4.90127e-13
LAPACK,868,1,0,9,1e-12,0.014397,0,3.06954e-12,4.37017e-13
LAPACK,869,1,0,9,1e-12,0.0144114,0,3.41061e-12,5.48146e-13
LAPACK,870,1,0,9,1e-12,0.0147434,0,7.04858e-12,7.97869e-13
LAPACK,871,1,0,9,1e-12,0.0144082,0,3.12639e-12,4.17759e-13
LAPACK,872,1,0,9,1e-12,0.0145114,0,3.45146e-12,4.47234e-13
LAPACK,873,1,0,9,1e-12,0.014501,0,3.29692e-12,5.27871e-13
LAPACK,874,1,0,9,1e-12,0.0145727,0,3.52429e-12,5.20548e-13
LAPACK,875,1,0,9,1e-12,0.0146552,0,5.68434e-12,5.53705e-13
LAPACK,876,1,0,9,1e-12,0.0147259,0,4.09273e-12,5.25369e-13
LAPACK,877,1,0,9,1e-12,0.0146047,0,3.75167e-12,4.54542e-13
LAPACK,878,1,0,9,1e-12,0.0147585,0,2.58638e-12,4.43514e-13
LAPACK,879,1,0,9,1e-12,0.0147835,0,3.83693e-12,4.27354e-13
LAPACK,880,1,0,9,1e-12,0.0148525,0,3.24007e-12,4.32764e-13
LAPACK,881,1,0,9,1e-12,0.014878,0,3.0127e-12,4.49512e-13
LAPACK,882,1,0,9,1e-12,0.0149112,0,3.97904e-12,5.3741e-13
LAPACK,883,1,0,9,1e-12,0.0150664,0,4.03588e-12,4.29935e-13
LAPACK,884,1,0,9,1e-12,0.0149808,0,3.75167e-12,4.4588e-13
LAPACK,885,1,0,9,1e-12,0.0149802,0,3.85114e-12,4.37991e-13
LAPACK,886,1,0,9,1e-12,0.0149594,0,3.97904e-12,4.65147e-13
LAPACK,887,1,0,9,1e-12,0.0152158,0,4.66116e-12,5.59792e-13
LAPACK,888,1,0,9,1e-12,0.0151751,0,5.22959e-12,6.04971e-13
LAPACK,889,1,0,9,1e-12,0.0150977,0,3.18323e-12,4.25536e-13
LAPACK,890,1,0,9,1e-12,0.015239,0,4.43379e-12,5.57734e-13
LAPACK,891,1,0,9,1e-12,0.0155513,0,8.29914e-12,8.24914e-13
LAPACK,892,1,0,9,1e-12,0.0151516,0,4.54747e-12,4.95078e-13
LAPACK,893,1,0,9,1e-12,0.0151492,0,3.41061e-12,4.5148e-13
LAPACK,894,1,0,9,1e-12,0.0153594,0,3.75167e-12,5.27725e-13
LAPACK,895,1,0,9,1e-12,0.0152863,0,2.72848e-12,4.4476e-13
LAPACK,896,1,0,9,1e-12,0.0152332,0,3.41061e-12,4.34971e-13
LAPACK,897,1,0,9,1e-12,0.015439,0,2.67164e-12,4.35737e-13
LAPACK,898,1,0,9,1e-12,0.0154836,0,3.69482e-12,5.22345e-13
LAPACK,899,1,0,9,1e-12,0.015456,0,3.52429e-12,4.3398e-13
LAPACK,900,1,0,9,1e-12,0.0159022,0,8.98126e-12,8.27713e-13
LAPACK,901,1,0,9,1e-12,0.0154984,0,3.63798e-12,4.45308e-13
LAPACK,902,1,0,9,1e-12,0.0158575,0,9.54969e-12,7.96894e-13
LAPACK,903,1,0,9,1e-12,0.0156445,0,3.63798e-12,4.45336e-13
LAPACK,904,1,0,9,1e-12,0.0155563,0,4.88853e-12,5.50046e-13
LAPACK,905,1,0,9,1e-12,0.0157731,0,3.97904e-12,5.2174e-13
LAPACK,906,1,0,9,1e-12,0.0156698,0,3.41061e-12,4.57725e-13
LAPACK,907,1,0,9,1e-12,0.0158116,0,3.86535e-12,4.58761e-13
LAPACK,908,1,0,9,1e-12,0.0161912,0,6.25278e-12,8.24149e-13
LAPACK,909,1,0,9,1e-12,0.0157451,0,3.09797e-12,5.39545e-13
LAPACK,910,1,0,9,1e-12,0.0158918,0,4.09273e-12,4.26355e-13
LAPACK,911,1,0,9,1e-12,0.0159182,0,2.84217e-12,4.24766e-13
LAPACK,912,1,0,9,1e-12,0.0159691,0,3.63798e-12,5.77809e-13
LAPACK,913,1,0,9,1e-12,0.0161017,0,6.0254e-12,7.81479e-13
LAPACK,914,1,0,9,1e-12,0.0159615,0,3.97904e-12,4.34764e-13
LAPACK,915,1,0,9,1e-12,0.0161642,0,4.20641e-12,5.88201e-13
LAPACK,916,1,0,9,1e-12,0.0160329,0,2.72848e-12,4.28795e-13
LAPACK,917,1,0,9,1e-12,0.0160702,0,3.75167e-12,5.58757e-13
LAPACK,918,1,0,9,1e-12,0.0165012,0,7.27596e-12,7.89258e-13
LAPACK,919,1,0,9,1e-12,0.0162838,0,6.13909e-12,5.10335e-13
LAPACK,920,1,0,9,1e-12,0.0165029,0,6.0254e-12,8.1266e-13
LAPACK,921,1,0,9,1e-12,0.0164942,0,8.98126e-12,7.42124e-13
LAPACK,922,1,0,9,1e-12,0.0166073,0,6.70752e-12,7.90692e-13
LAPACK,923,1,0,9,1e-12,0.0162439,0,4.34852e-12,4.5035e-13
LAPACK,924,1,0,9,1e-12,0.0165962,0,7.38964e-12,7.36506e-13
LAPACK,925,1,0,9,1e-12,0.0166674,0,6.70752e-12,7.82956e-13
LAPACK,926,1,0,9,1e-12,0.0166623,0,6.82121e-12,8.04966e-13
LAPACK,927,1,0,9,1e-12,0.0166126,0,6.13909e-12,8.46741e-13
LAPACK,928,1,0,9,1e-12,0.0165298,0,3.18323e-12,4.32988e-13
LAPACK,929,1,0,9,1e-12,0.0164273,0,3.41061e-12,4.35682e-13
LAPACK,930,1,0,9,1e-12,0.0167774,0,6.13909e-12,8.58404e-13
LAPACK,931,1,0,9,1e-12,0.0167985,0,8.29914e-12,8.05681e-13
LAPACK,932,1,0,9,1e-12,0.0168194,0,9.66338e-12,7.68745e-13
LAPACK,933,1,0,9,1e-12,0.0167405,0,4.3201e-12,4.8631e-13
LAPACK,934,1,0,9,1e-12,0.0166444,0,4.14957e-12,4.50253e-13
LAPACK,935,1,0,9,1e-12,0.0167804,0,2.67164e-12,4.57841e-13
LAPACK,936,1,0,9,1e-12,0.016682,0,3.69482e-12,5.73766e-13
LAPACK,937,1,0,9,1e-12,0.0168832,0,4.02167e-12,4.5908e-13
LAPACK,938,1,0,9,1e-12,0.016969,0,4.09273e-12,5.86899e-13
LAPACK,939,1,0,9,1e-12,0.0167712,0,2.92744e-12,4.1853e-13
LAPACK,940,1,0,9,1e-12,0.016902,0,3.29692e-12,4.66229e-13
LAPACK,941,1,0,9,1e-12,0.0169376,0,5.34328e-12,4.71432e-13
LAPACK,942,1,0,9,1e-12,0.016909,0,4.20641e-12,4.26244e-13
LAPACK,943,1,0,9,1e-12,0.0169097,0,3.63798e-12,4.73124e-13
LAPACK,944,1,0,9,1e-12,0.0170326,0,5.00222e-12,5.82038e-13
LAPACK,945,1,0,9,1e-12,0.0170556,0,3.97904e-12,5.36134e-13
LAPACK,946,1,0,9,1e-12,0.0170315,0,3.41061e-12,4.64052e-13
LAPACK,947,1,0,9,1e-12,0.0171328,0,4.43379e-12,5.34244e-13
LAPACK,948,1,0,9,1e-12,0.0170944,0,3.29692e-12,4.33176e-13
LAPACK,949,1,0,9,1e-12,0.0170853,0,3.6664e-12,5.05345e-13
LAPACK,950,1,0,9,1e-12,0.0172864,0,2.95586e-12,4.16157e-13
LAPACK,951,1,0,9,1e-12,0.017269,0,2.6148e-12,4.58783e-13
LAPACK,952,1,0,9,1e-12,0.0172475,0,3.63798e-12,4.64793e-13
LAPACK,953,1,0,9,1e-12,0.0172037,0,4.88853e-12,4.55495e-13
LAPACK,954,1,0,9,1e-12,0.0172797,0,2.84217e-12,4.4691e-13
LAPACK,955,1,0,9,1e-12,0.0174301,0,3.29692e-12,4.24838e-13
LAPACK,956,1,0,9,1e-12,0.0174539,0,5.57066e-12,4.81091e-13
LAPACK,957,1,0,9,1e-12,0.01743,0,3.29692e-12,4.61776e-13
LAPACK,958,1,0,9,1e-12,0.0173855,0,3.29692e-12,4.58013e-13
LAPACK,959,1,0,9,1e-12,0.0177671,0,8.07177e-12,7.88544e-13
LAPACK,960,1,0,9,1e-12,0.0178517,0,6.70752e-12,7.64493e-13
LAPACK,961,1,0,9,1e-12,0.0175373,0,3.86535e-12,4.33712e-13
LAPACK,962,1,0,9,1e-12,0.0175133,0,3.0127e-12,4.17024e-13
LAPACK,963,1,0,9,1e-12,0.0177495,0,4.77485e-12,5.09616e-13
LAPACK,964,1,0,9,1e-12,0.017827,0,4.09273e-12,5.35327e-13
LAPACK,965,1,0,9,1e-12,0.0176144,0,3.41061e-12,4.35949e-13
LAPACK,966,1,0,9,1e-12,0.0176822,0,3.06954e-12,4.49989e-13
LAPACK,967,1,0,9,1e-12,0.0177572,0,4.3201e-12,4.33644e-13
LAPACK,968,1,0,9,1e-12,0.0176682,0,2.6148e-12,4.48319e-13
LAPACK,969,1,0,9,1e-12,0.017705,0,3.29692e-12,4.48671e-13
LAPACK,970,1,0,9,1e-12,0.0177911,0,2.75691e-12,4.76291e-13
LAPACK,971,1,0,9,1e-12,0.0179643,0,4.3201e-12,4.40875e-13
LAPACK,972,1,0,9,1e-12,0.0179203,0,3.35376e-12,4.31422e-13
LAPACK,973,1,0,9,1e-12,0.0179349,0,2.72848e-12,4.71935e-13
LAPACK,974,1,0,9,1e-12,0.0181958,0,5.34328e-12,5.66446e-13
LAPACK,975,1,0,9,1e-12,0.0180528,0,3.18323e-12,4.6209e-13
LAPACK,976,1,0,9,1e-12,0.0179185,0,4.20641e-12,4.45254e-13
LAPACK,977,1,0,9,1e-12,0.0181018,0,3.59535e-12,4.96803e-13
LAPACK,978,1,0,9,1e-12,0.0182145,0,4.20641e-12,5.62558e-13
LAPACK,979,1,0,9,1e-12,0.0182271,0,4.60432e-12,4.65016e-13
LAPACK,980,1,0,9,1e-12,0.0182581,0,3.52429e-12,4.48036e-13
LAPACK,981,1,0,9,1e-12,0.0183207,0,3.52429e-12,4.46161e-13
LAPACK,982,1,0,9,1e-12,0.0184746,0,3.29692e-12,4.92034e-13
LAPACK,983,1,0,9,1e-12,0.0183361,0,4.20641e-12,4.94851e-13
LAPACK,984,1,0,9,1e-12,0.0182913,0,7.16227e-12,5.74689e-13
LAPACK,985,1,0,9,1e-12,0.0184414,0,3.9222e-12,4.7366e-13
LAPACK,986,1,0,9,1e-12,0.0184638,0,4.74643e-12,4.33602e-13
LAPACK,987,1,0,9,1e-12,0.0184153,0,3.29692e-12,4.41382e-13
LAPACK,988,1,0,9,1e-12,0.0185659,0,5.40012e-12,4.94516e-13
LAPACK,989,1,0,9,1e-12,0.0186428,0,7.84439e-12,5.84879e-13
LAPACK,990,1,0,9,1e-12,0.0186166,0,5.68434e-12,5.62705e-13
LAPACK,991,1,0,9,1e-12,0.0186012,0,5.11591e-12,6.30206e-13
LAPACK,992,1,0,9,1e-12,0.0185224,0,3.6664e-12,4.6348e-13
LAPACK,993,1,0,9,1e-12,0.0185288,0,3.86535e-12,4.18485e-13
LAPACK,994,1,0,9,1e-12,0.0188624,0,4.54747e-12,5.28758e-13
LAPACK,995,1,0,9,1e-12,0.0187106,0,4.88853e-12,4.4285e-13
LAPACK,996,1,0,9,1e-12,0.0187756,0,3.29692e-12,5.10592e-13
LAPACK,997,1,0,9,1e-12,0.0188173,0,4.54747e-12,6.18673e-13
LAPACK,998,1,0,9,1e-12,0.018676,0,4.20641e-12,4.68576e-13
LAPACK,999,1,0,9,1e-12,0.0189825,0,3.97904e-12,5.62411e-13
LAPACK,1000,1,0,9,1e-12,0.0189374,0,4.20641e-12,5.80677e-13
