version, size, hermitian, complex, seed, tol, runtime in s,min_error, max_error, avg_error
LAPACK,1,1,0,6,1e-12,1.1141e-05,0,0,0
LAPACK,2,1,0,6,1e-12,2.705e-06,0,0,0
LAPACK,3,1,0,6,1e-12,1.253e-06,1.42109e-14,2.84217e-14,2.25005e-14
LAPACK,4,1,0,6,1e-12,1.122e-06,2.84217e-14,2.27374e-13,1.50102e-13
LAPACK,5,1,0,6,1e-12,1.352e-06,3.55271e-15,3.41061e-13,1.34293e-13
LAPACK,6,1,0,6,1e-12,1.844e-06,5.68434e-14,5.68434e-13,1.53359e-13
LAPACK,7,1,0,6,1e-12,2.214e-06,4.26326e-14,2.27374e-13,1.32973e-13
LAPACK,8,1,0,6,1e-12,3.065e-06,5.68434e-14,3.41061e-13,1.40776e-13
LAPACK,9,1,0,6,1e-12,3.377e-06,2.84217e-14,3.41061e-13,1.76846e-13
LAPACK,10,1,0,6,1e-12,3.847e-06,0,5.68434e-13,1.6982e-13
LAPACK,11,1,0,6,1e-12,5.14e-06,0,2.84217e-13,1.20146e-13
LAPACK,12,1,0,6,1e-12,7.133e-06,5.68434e-14,7.95808e-13,2.90138e-13
LAPACK,13,1,0,6,1e-12,6.512e-06,0,4.54747e-13,1.47574e-13
LAPACK,14,1,0,6,1e-12,7.604e-06,5.68434e-14,7.95808e-13,2.61378e-13
LAPACK,15,1,0,6,1e-12,8.847e-06,0,4.54747e-13,2.35663e-13
LAPACK,16,1,0,6,1e-12,9.448e-06,2.84217e-14,3.41061e-13,1.58762e-13
LAPACK,17,1,0,6,1e-12,1.059e-05,0,6.82121e-13,1.79099e-13
LAPACK,18,1,0,6,1e-12,1.1031e-05,0,4.54747e-13,1.84938e-13
LAPACK,19,1,0,6,1e-12,1.2363e-05,0,6.82121e-13,1.96521e-13
LAPACK,20,1,0,6,1e-12,1.3575e-05,0,7.95808e-13,2.23821e-13
LAPACK,21,1,0,6,1e-12,1.4246e-05,0,1.47793e-12,2.33802e-13
LAPACK,22,1,0,6,1e-12,1.588e-05,0,7.95808e-13,1.92977e-13
LAPACK,23,1,0,6,1e-12,1.6731e-05,0,6.11067e-13,1.72847e-13
LAPACK,24,1,0,6,1e-12,1.8094e-05,0,1.08002e-12,2.45581e-13
LAPACK,25,1,0,6,1e-12,1.9236e-05,0,4.54747e-13,1.74794e-13
LAPACK,26,1,0,6,1e-12,2.1631e-05,0,9.09495e-13,2.43224e-13
LAPACK,27,1,0,6,1e-12,2.141e-05,0,1.02318e-12,1.87636e-13
LAPACK,28,1,0,6,1e-12,2.3134e-05,2.84217e-14,7.95808e-13,2.33464e-13
LAPACK,29,1,0,6,1e-12,2.3865e-05,0,5.68434e-13,2.42442e-13
LAPACK,30,1,0,6,1e-12,2.673e-05,0,6.82121e-13,2.32229e-13
LAPACK,31,1,0,6,1e-12,2.7923e-05,0,9.09495e-13,2.31729e-13
LAPACK,32,1,0,6,1e-12,3.1218e-05,0,7.95808e-13,2.44693e-13
LAPACK,33,1,0,6,1e-12,3.3162e-05,0,1.25056e-12,2.59779e-13
LAPACK,34,1,0,6,1e-12,3.2932e-05,0,6.82121e-13,2.08879e-13
LAPACK,35,1,0,6,1e-12,3.6939e-05,0,9.09495e-13,2.52547e-13
LAPACK,36,1,0,6,1e-12,3.4965e-05,0,9.09495e-13,2.11485e-13
LAPACK,37,1,0,6,1e-12,3.8202e-05,0,5.68434e-13,2.17196e-13
LAPACK,38,1,0,6,1e-12,4.0035e-05,0,1.02318e-12,2.84965e-13
LAPACK,39,1,0,6,1e-12,4.1728e-05,0,1.02318e-12,2.79753e-13
LAPACK,40,1,0,6,1e-12,4.4634e-05,0,1.35003e-12,3.01803e-13
LAPACK,41,1,0,6,1e-12,4.6147e-05,0,9.09495e-13,3.13245e-13
LAPACK,42,1,0,6,1e-12,5.0004e-05,5.68434e-14,9.09495e-13,2.99951e-13
LAPACK,43,1,0,6,1e-12,4.9794e-05,0,7.95808e-13,2.81821e-13
LAPACK,44,1,0,6,1e-12,5.3941e-05,0,1.02318e-12,3.21198e-13
LAPACK,45,1,0,6,1e-12,5.4592e-05,0,8.52651e-13,2.389e-13
LAPACK,46,1,0,6,1e-12,6.0854e-05,0,1.25056e-12,2.98814e-13
LAPACK,47,1,0,6,1e-12,5.9802e-05,0,1.25056e-12,2.40904e-13
LAPACK,48,1,0,6,1e-12,6.1826e-05,0,1.7053e-12,3.2759e-13
LAPACK,49,1,0,6,1e-12,6.6986e-05,0,9.09495e-13,2.0932e-13
LAPACK,50,1,0,6,1e-12,6.4801e-05,0,1.25056e-12,2.99565e-13
LAPACK,51,1,0,6,1e-12,7.1354e-05,0,6.82121e-13,2.29394e-13
LAPACK,52,1,0,6,1e-12,7.0873e-05,0,1.02318e-12,2.64472e-13
LAPACK,53,1,0,6,1e-12,7.1113e-05,0,1.81899e-12,2.95948e-13
LAPACK,54,1,0,6,1e-12,7.5391e-05,0,1.64846e-12,2.67375e-13
LAPACK,55,1,0,6,1e-12,7.5361e-05,0,1.81899e-12,2.98751e-13
LAPACK,56,1,0,6,1e-12,8.3537e-05,0,1.36424e-12,3.48483e-13
LAPACK,57,1,0,6,1e-12,8.3176e-05,0,9.66338e-13,2.31799e-13
LAPACK,58,1,0,6,1e-12,8.5912e-05,0,9.09495e-13,2.052e-13
LAPACK,59,1,0,6,1e-12,9.2013e-05,0,1.02318e-12,2.82712e-13
LAPACK,60,1,0,6,1e-12,0.000100078,0,9.09495e-13,2.81138e-13
LAPACK,61,1,0,6,1e-12,9.8515e-05,0,1.02318e-12,2.3279e-13
LAPACK,62,1,0,6,1e-12,9.6541e-05,0,2.04636e-12,3.5e-13
LAPACK,63,1,0,6,1e-12,0.000102663,0,9.09495e-13,3.12526e-13
LAPACK,64,1,0,6,1e-12,0.00010645,0,1.19371e-12,2.67675e-13
LAPACK,65,1,0,6,1e-12,0.000107492,0,1.25056e-12,2.28467e-13
LAPACK,66,1,0,6,1e-12,0.000108774,0,1.36424e-12,2.89169e-13
LAPACK,67,1,0,6,1e-12,0.000108824,0,9.09495e-13,2.39198e-13
LAPACK,68,1,0,6,1e-12,0.000115647,0,1.02318e-12,2.73036e-13
LAPACK,69,1,0,6,1e-12,0.000114976,0,6.82121e-13,2.23461e-13
LAPACK,70,1,0,6,1e-12,0.000121689,0,1.02318e-12,2.37474e-13
LAPACK,71,1,0,6,1e-12,0.000125035,0,8.2423e-13,2.45037e-13
LAPACK,72,1,0,6,1e-12,0.000130876,0,1.93268e-12,2.85007e-13
LAPACK,73,1,0,6,1e-12,0.000132929,0,1.53477e-12,2.9069e-13
LAPACK,74,1,0,6,1e-12,0.000136316,0,7.95808e-13,2.43169e-13
LAPACK,75,1,0,6,1e-12,0.000133079,0,7.95808e-13,2.18942e-13
LAPACK,76,1,0,6,1e-12,0.000140744,0,6.96332e-13,2.21811e-13
LAPACK,77,1,0,6,1e-12,0.00014378,0,1.02318e-12,2.54134e-13
LAPACK,78,1,0,6,1e-12,0.000145874,0,1.7053e-12,3.07492e-13
LAPACK,79,1,0,6,1e-12,0.000152787,0,1.02318e-12,2.97618e-13
LAPACK,80,1,0,6,1e-12,0.000153098,0,7.95808e-13,2.641e-13
LAPACK,81,1,0,6,1e-12,0.000157496,0,1.02318e-12,2.69655e-13
LAPACK,82,1,0,6,1e-12,0.00016479,0,9.37916e-13,2.25164e-13
LAPACK,83,1,0,6,1e-12,0.000163748,0,1.7053e-12,3.27406e-13
LAPACK,84,1,0,6,1e-12,0.000172273,0,1.50635e-12,3.14415e-13
LAPACK,85,1,0,6,1e-12,0.000172554,0,1.13687e-12,2.92869e-13
LAPACK,86,1,0,6,1e-12,0.00018114,0,1.59162e-12,3.83817e-13
LAPACK,87,1,0,6,1e-12,0.000182903,0,2.16005e-12,4.26244e-13
LAPACK,88,1,0,6,1e-12,0.000187883,0,1.3074e-12,3.03919e-13
LAPACK,89,1,0,6,1e-12,0.000191469,0,1.59162e-12,3.02939e-13
LAPACK,90,1,0,6,1e-12,0.000195537,0,1.13687e-12,3.10507e-13
LAPACK,91,1,0,6,1e-12,0.000193514,0,9.66338e-13,2.7028e-13
LAPACK,92,1,0,6,1e-12,0.00020255,0,7.95808e-13,2.79158e-13
LAPACK,93,1,0,6,1e-12,0.000207089,0,1.47793e-12,3.1963e-13
LAPACK,94,1,0,6,1e-12,0.00021311,0,1.13687e-12,2.64299e-13
LAPACK,95,1,0,6,1e-12,0.000214042,0,1.36424e-12,2.89266e-13
LAPACK,96,1,0,6,1e-12,0.000219402,0,1.13687e-12,3.32623e-13
LAPACK,97,1,0,6,1e-12,0.000222087,0,1.47793e-12,3.32234e-13
LAPACK,98,1,0,6,1e-12,0.000231976,0,1.25056e-12,2.91178e-13
LAPACK,99,1,0,6,1e-12,0.000233839,0,1.02318e-12,3.06359e-13
LAPACK,100,1,0,6,1e-12,0.00023433,0,1.19371e-12,3.17071e-13
LAPACK,101,1,0,6,1e-12,0.000246783,0,1.3074e-12,2.51434e-13
LAPACK,102,1,0,6,1e-12,0.00024449,0,1.33582e-12,2.99843e-13
LAPACK,103,1,0,6,1e-12,0.000248717,0,1.36424e-12,3.67223e-13
LAPACK,104,1,0,6,1e-12,0.000252955,0,1.47793e-12,3.04218e-13
LAPACK,105,1,0,6,1e-12,0.000255199,0,1.08002e-12,2.76617e-13
LAPACK,106,1,0,6,1e-12,0.000258466,0,9.09495e-13,2.73421e-13
LAPACK,107,1,0,6,1e-12,0.000262994,0,1.59162e-12,2.81673e-13
LAPACK,108,1,0,6,1e-12,0.00027706,0,1.53477e-12,3.10846e-13
LAPACK,109,1,0,6,1e-12,0.000281409,0,1.7053e-12,3.56237e-13
LAPACK,110,1,0,6,1e-12,0.000286979,0,1.02318e-12,2.79732e-13
LAPACK,111,1,0,6,1e-12,0.000290215,0,1.25056e-12,2.95495e-13
LAPACK,112,1,0,6,1e-12,0.000290205,0,1.21503e-12,2.67976e-13
LAPACK,113,1,0,6,1e-12,0.000297699,0,1.93268e-12,3.57441e-13
LAPACK,114,1,0,6,1e-12,0.000302578,0,1.9611e-12,2.95822e-13
LAPACK,115,1,0,6,1e-12,0.000306526,0,1.19371e-12,2.85337e-13
LAPACK,116,1,0,6,1e-12,0.000312116,0,1.64846e-12,3.20786e-13
LAPACK,117,1,0,6,1e-12,0.000313739,0,1.81899e-12,3.25388e-13
LAPACK,118,1,0,6,1e-12,0.000330902,0,1.13687e-12,2.99568e-13
LAPACK,119,1,0,6,1e-12,0.000325231,0,1.44951e-12,3.21058e-13
LAPACK,120,1,0,6,1e-12,0.000333126,0,1.47793e-12,3.52226e-13
LAPACK,121,1,0,6,1e-12,0.00034658,0,1.25056e-12,3.50482e-13
LAPACK,122,1,0,6,1e-12,0.00034075,0,1.13687e-12,2.77097e-13
LAPACK,123,1,0,6,1e-12,0.000341932,0,1.79057e-12,2.73169e-13
LAPACK,124,1,0,6,1e-12,0.000356079,0,1.81899e-12,3.63462e-13
LAPACK,125,1,0,6,1e-12,0.000356189,0,1.59162e-12,2.91021e-13
LAPACK,126,1,0,6,1e-12,0.000371557,0,1.81899e-12,2.76928e-13
LAPACK,127,1,0,6,1e-12,0.000364124,0,1.81899e-12,3.17328e-13
LAPACK,128,1,0,6,1e-12,0.000369393,0,1.36424e-12,2.74541e-13
LAPACK,129,1,0,6,1e-12,0.000385534,0,1.25056e-12,3.12119e-13
LAPACK,130,1,0,6,1e-12,0.000380745,0,1.36424e-12,3.27277e-13
LAPACK,131,1,0,6,1e-12,0.000393048,0,1.36424e-12,3.00842e-13
LAPACK,132,1,0,6,1e-12,0.000393829,0,1.25056e-12,2.80449e-13
LAPACK,133,1,0,6,1e-12,0.000408757,0,1.36424e-12,3.01917e-13
LAPACK,134,1,0,6,1e-12,0.000403238,0,1.13687e-12,3.05026e-13
LAPACK,135,1,0,6,1e-12,0.000406975,0,1.13687e-12,2.8427e-13
LAPACK,136,1,0,6,1e-12,0.000413948,0,1.25056e-12,2.79966e-13
LAPACK,137,1,0,6,1e-12,0.000432532,0,1.7053e-12,3.57508e-13
LAPACK,138,1,0,6,1e-12,0.000431019,0,1.36424e-12,2.52931e-13
LAPACK,139,1,0,6,1e-12,0.00044209,0,1.80478e-12,3.60837e-13
LAPACK,140,1,0,6,1e-12,0.000466125,0,1.47793e-12,2.96093e-13
LAPACK,141,1,0,6,1e-12,0.000446228,0,1.47793e-12,2.93956e-13
LAPACK,142,1,0,6,1e-12,0.00045758,0,1.02318e-12,2.37147e-13
LAPACK,143,1,0,6,1e-12,0.000453883,0,1.59162e-12,2.95024e-13
LAPACK,144,1,0,6,1e-12,0.000458761,0,1.76215e-12,2.6918e-13
LAPACK,145,1,0,6,1e-12,0.000468019,0,1.59162e-12,3.07144e-13
LAPACK,146,1,0,6,1e-12,0.000468229,0,1.81899e-12,3.39479e-13
LAPACK,147,1,0,6,1e-12,0.000504177,0,1.36424e-12,3.08104e-13
LAPACK,148,1,0,6,1e-12,0.000497875,0,1.47793e-12,3.41934e-13
LAPACK,149,1,0,6,1e-12,0.000495911,0,1.25056e-12,2.80393e-13
LAPACK,150,1,0,6,1e-12,0.000502283,0,2.27374e-12,3.62096e-13
LAPACK,151,1,0,6,1e-12,0.00053254,0,1.25056e-12,3.21653e-13
LAPACK,152,1,0,6,1e-12,0.000514416,0,1.59162e-12,3.15522e-13
LAPACK,153,1,0,6,1e-12,0.00053819,0,1.02318e-12,3.02027e-13
LAPACK,154,1,0,6,1e-12,0.00054297,0,1.36424e-12,3.21241e-13
LAPACK,155,1,0,6,1e-12,0.000538121,0,1.3074e-12,3.49802e-13
LAPACK,156,1,0,6,1e-12,0.000548941,0,1.93268e-12,3.09687e-13
LAPACK,157,1,0,6,1e-12,0.000553981,0,1.08002e-12,2.73681e-13
LAPACK,158,1,0,6,1e-12,0.00055355,0,1.49925e-12,3.29008e-13
LAPACK,159,1,0,6,1e-12,0.000566674,0,1.47793e-12,2.99422e-13
LAPACK,160,1,0,6,1e-12,0.000568508,0,1.36424e-12,2.56745e-13
LAPACK,161,1,0,6,1e-12,0.000565753,0,1.59162e-12,2.69755e-13
LAPACK,162,1,0,6,1e-12,0.000574479,0,1.42109e-12,2.86523e-13
LAPACK,163,1,0,6,1e-12,0.000587373,0,1.44951e-12,3.05138e-13
LAPACK,164,1,0,6,1e-12,0.000593695,0,3.04112e-12,3.38212e-13
LAPACK,165,1,0,6,1e-12,0.000600408,0,1.87583e-12,3.82113e-13
LAPACK,166,1,0,6,1e-12,0.000620926,0,2.04636e-12,3.0739e-13
LAPACK,167,1,0,6,1e-12,0.000624292,0,1.36424e-12,3.75652e-13
LAPACK,168,1,0,6,1e-12,0.000645482,0,1.25056e-12,3.01299e-13
LAPACK,169,1,0,6,1e-12,0.000627138,0,1.81899e-12,3.375e-13
LAPACK,170,1,0,6,1e-12,0.00063907,0,1.25056e-12,2.95727e-13
LAPACK,171,1,0,6,1e-12,0.000639571,0,1.13687e-12,2.99306e-13
LAPACK,172,1,0,6,1e-12,0.000657294,0,2.16005e-12,3.67574e-13
LAPACK,173,1,0,6,1e-12,0.000662373,0,1.25056e-12,3.70614e-13
LAPACK,174,1,0,6,1e-12,0.00067627,0,1.81899e-12,3.9112e-13
LAPACK,175,1,0,6,1e-12,0.000658807,0,1.81899e-12,3.19364e-13
LAPACK,176,1,0,6,1e-12,0.000686349,0,2.13163e-12,3.55715e-13
LAPACK,177,1,0,6,1e-12,0.000690987,0,1.25056e-12,3.42315e-13
LAPACK,178,1,0,6,1e-12,0.00070287,0,1.47793e-12,3.26795e-13
LAPACK,179,1,0,6,1e-12,0.00070253,0,2.04636e-12,4.2482e-13
LAPACK,180,1,0,6,1e-12,0.00072999,0,1.53477e-12,3.09794e-13
LAPACK,181,1,0,6,1e-12,0.000715023,0,1.25056e-12,3.00545e-13
LAPACK,182,1,0,6,1e-12,0.000733607,0,1.36424e-12,3.26901e-13
LAPACK,183,1,0,6,1e-12,0.000723288,0,1.81899e-12,3.50741e-13
LAPACK,184,1,0,6,1e-12,0.000758694,0,1.08002e-12,2.97764e-13
LAPACK,185,1,0,6,1e-12,0.000750189,0,1.13687e-12,3.08265e-13
LAPACK,186,1,0,6,1e-12,0.000755449,0,1.7053e-12,3.06648e-13
LAPACK,187,1,0,6,1e-12,0.000758735,0,1.81899e-12,3.74657e-13
LAPACK,188,1,0,6,1e-12,0.000783571,0,1.59162e-12,3.32984e-13
LAPACK,189,1,0,6,1e-12,0.000789483,0,1.27898e-12,3.2052e-13
LAPACK,190,1,0,6,1e-12,0.000794752,0,1.98241e-12,3.47065e-13
LAPACK,191,1,0,6,1e-12,0.000815111,0,2.359e-12,3.38377e-13
LAPACK,192,1,0,6,1e-12,0.000802817,0,1.7053e-12,3.89411e-13
LAPACK,193,1,0,6,1e-12,0.000831923,0,1.97531e-12,3.18028e-13
LAPACK,194,1,0,6,1e-12,0.000812716,0,1.13687e-12,3.24732e-13
LAPACK,195,1,0,6,1e-12,0.000812576,0,1.25056e-12,3.01726e-13
LAPACK,196,1,0,6,1e-12,0.000838435,0,1.46372e-12,3.07801e-13
LAPACK,197,1,0,6,1e-12,0.000819519,0,1.7053e-12,3.62904e-13
LAPACK,198,1,0,6,1e-12,0.000856348,0,1.47793e-12,3.08871e-13
LAPACK,199,1,0,6,1e-12,0.000860495,0,1.46549e-12,3.37854e-13
LAPACK,200,1,0,6,1e-12,0.000871807,0,1.93268e-12,3.45757e-13
LAPACK,201,1,0,6,1e-12,0.00086286,0,1.47793e-12,3.34198e-13
LAPACK,202,1,0,6,1e-12,0.000892175,0,2.01794e-12,3.83977e-13
LAPACK,203,1,0,6,1e-12,0.000895312,0,2.27374e-12,4.21108e-13
LAPACK,204,1,0,6,1e-12,0.0008893,0,1.59162e-12,3.42386e-13
LAPACK,205,1,0,6,1e-12,0.000908757,0,3.52429e-12,4.20108e-13
LAPACK,206,1,0,6,1e-12,0.000918665,0,4.43379e-12,4.56914e-13
LAPACK,207,1,0,6,1e-12,0.000916091,0,1.81899e-12,2.97053e-13
LAPACK,208,1,0,6,1e-12,0.00095304,0,1.81899e-12,3.53106e-13
LAPACK,209,1,0,6,1e-12,0.00094811,0,1.7053e-12,3.60807e-13
LAPACK,210,1,0,6,1e-12,0.000942189,0,1.81899e-12,3.24961e-13
LAPACK,211,1,0,6,1e-12,0.000954292,0,1.36424e-12,3.43755e-13
LAPACK,212,1,0,6,1e-12,0.000966404,0,1.77636e-12,3.44502e-13
LAPACK,213,1,0,6,1e-12,0.000991893,0,1.93268e-12,3.30354e-13
LAPACK,214,1,0,6,1e-12,0.00099074,0,3.41061e-12,4.59197e-13
LAPACK,215,1,0,6,1e-12,0.00101242,0,1.81899e-12,3.10363e-13
LAPACK,216,1,0,6,1e-12,0.00101933,0,2.27374e-12,3.64881e-13
LAPACK,217,1,0,6,1e-12,0.00102333,0,1.47793e-12,3.31188e-13
LAPACK,218,1,0,6,1e-12,0.00105012,0,1.59162e-12,3.63901e-13
LAPACK,219,1,0,6,1e-12,0.00102501,0,1.7053e-12,3.41744e-13
LAPACK,220,1,0,6,1e-12,0.00105306,0,2.16005e-12,3.4105e-13
LAPACK,221,1,0,6,1e-12,0.00104505,0,1.47793e-12,3.69478e-13
LAPACK,222,1,0,6,1e-12,0.00105037,0,1.25056e-12,3.16704e-13
LAPACK,223,1,0,6,1e-12,0.00108156,0,2.10321e-12,4.1927e-13
LAPACK,224,1,0,6,1e-12,0.00108585,0,1.81899e-12,3.14126e-13
LAPACK,225,1,0,6,1e-12,0.00109852,0,1.76215e-12,3.44254e-13
LAPACK,226,1,0,6,1e-12,0.00110187,0,1.36424e-12,3.10666e-13
LAPACK,227,1,0,6,1e-12,0.00111861,0,2.38742e-12,3.57895e-13
LAPACK,228,1,0,6,1e-12,0.00112097,0,1.81899e-12,2.91804e-13
LAPACK,229,1,0,6,1e-12,0.0011133,0,1.59162e-12,3.38931e-13
LAPACK,230,1,0,6,1e-12,0.00115006,0,2.04636e-12,3.69189e-13
LAPACK,231,1,0,6,1e-12,0.00114886,0,1.59162e-12,3.88922e-13
LAPACK,232,1,0,6,1e-12,0.00117156,0,2.38742e-12,3.60874e-13
LAPACK,233,1,0,6,1e-12,0.00117987,0,2.84217e-12,5.10575e-13
LAPACK,234,1,0,6,1e-12,0.00118555,0,2.16005e-12,3.53427e-13
LAPACK,235,1,0,6,1e-12,0.00119887,0,1.81899e-12,3.8127e-13
LAPACK,236,1,0,6,1e-12,0.00118859,0,1.79057e-12,3.69202e-13
LAPACK,237,1,0,6,1e-12,0.00120318,0,1.59162e-12,3.26597e-13
LAPACK,238,1,0,6,1e-12,0.00120867,0,1.36424e-12,3.2426e-13
LAPACK,239,1,0,6,1e-12,0.00122776,0,3.75167e-12,5.42768e-13
LAPACK,240,1,0,6,1e-12,0.00119644,0,2.38742e-12,3.21463e-13
LAPACK,241,1,0,6,1e-12,0.00122641,0,2.16005e-12,3.24191e-13
LAPACK,242,1,0,6,1e-12,0.00126094,0,1.59162e-12,3.25822e-13
LAPACK,243,1,0,6,1e-12,0.00126828,0,1.47793e-12,3.51655e-13
LAPACK,244,1,0,6,1e-12,0.00128449,0,1.7053e-12,3.68641e-13
LAPACK,245,1,0,6,1e-12,0.00125793,0,2.00373e-12,3.58362e-13
LAPACK,246,1,0,6,1e-12,0.0013004,0,1.87583e-12,4.11097e-13
LAPACK,247,1,0,6,1e-12,0.00131299,0,2.10321e-12,3.5941e-13
LAPACK,248,1,0,6,1e-12,0.00132445,0,3.75167e-12,3.60652e-13
LAPACK,249,1,0,6,1e-12,0.00132923,0,2.95586e-12,3.72889e-13
LAPACK,250,1,0,6,1e-12,0.00134793,0,1.93268e-12,3.59726e-13
LAPACK,251,1,0,6,1e-12,0.00132943,0,1.53477e-12,3.36165e-13
LAPACK,252,1,0,6,1e-12,0.0013371,0,2.16005e-12,3.46599e-13
LAPACK,253,1,0,6,1e-12,0.00133704,0,1.53477e-12,3.79989e-13
LAPACK,254,1,0,6,1e-12,0.00137509,0,1.81899e-12,3.71208e-13
LAPACK,255,1,0,6,1e-12,0.00139431,0,2.50111e-12,3.76932e-13
LAPACK,256,1,0,6,1e-12,0.00140111,0,1.94689e-12,3.65966e-13
LAPACK,257,1,0,6,1e-12,0.00139986,0,2.04636e-12,3.76678e-13
LAPACK,258,1,0,6,1e-12,0.00140077,0,2.84217e-12,4.0704e-13
LAPACK,259,1,0,6,1e-12,0.00143106,0,1.87583e-12,3.45313e-13
LAPACK,260,1,0,6,1e-12,0.00144256,0,3.06954e-12,5.38463e-13
LAPACK,261,1,0,6,1e-12,0.00142652,0,1.81899e-12,3.75987e-13
LAPACK,262,1,0,6,1e-12,0.00144152,0,1.93268e-12,3.61626e-13
LAPACK,263,1,0,6,1e-12,0.0014558,0,2.04636e-12,3.83403e-13
LAPACK,264,1,0,6,1e-12,0.00147329,0,2.10321e-12,3.46684e-13
LAPACK,265,1,0,6,1e-12,0.00151132,0,2.16005e-12,3.78138e-13
LAPACK,266,1,0,6,1e-12,0.0015244,0,1.47793e-12,3.46777e-13
LAPACK,267,1,0,6,1e-12,0.00149469,0,5.45697e-12,5.30422e-13
LAPACK,268,1,0,6,1e-12,0.00153601,0,2.04636e-12,3.7393e-13
LAPACK,269,1,0,6,1e-12,0.00154735,0,2.72848e-12,3.72271e-13
LAPACK,270,1,0,6,1e-12,0.00154937,0,2.04636e-12,3.65217e-13
LAPACK,271,1,0,6,1e-12,0.00154167,0,2.21689e-12,3.32772e-13
LAPACK,272,1,0,6,1e-12,0.00157113,0,1.81899e-12,3.3772e-13
LAPACK,273,1,0,6,1e-12,0.00158558,0,1.59162e-12,3.17457e-13
LAPACK,274,1,0,6,1e-12,0.00159614,0,1.81899e-12,3.63628e-13
LAPACK,275,1,0,6,1e-12,0.00157931,0,2.27374e-12,3.4985e-13
LAPACK,276,1,0,6,1e-12,0.00159864,0,2.10321e-12,3.66554e-13
LAPACK,277,1,0,6,1e-12,0.0016271,0,3.41061e-12,4.57551e-13
LAPACK,278,1,0,6,1e-12,0.0016355,0,3.06954e-12,5.61719e-13
LAPACK,279,1,0,6,1e-12,0.00162444,0,3.52429e-12,5.03739e-13
LAPACK,280,1,0,6,1e-12,0.00164666,0,1.59162e-12,3.43606e-13
LAPACK,281,1,0,6,1e-12,0.00168364,0,1.53477e-12,3.18924e-13
LAPACK,282,1,0,6,1e-12,0.0016731,0,3.41061e-12,4.68738e-13
LAPACK,283,1,0,6,1e-12,0.00165711,0,4.09273e-12,5.0494e-13
LAPACK,284,1,0,6,1e-12,0.00172506,0,1.81899e-12,4.42937e-13
LAPACK,285,1,0,6,1e-12,0.00169619,0,1.36424e-12,3.31066e-13
LAPACK,286,1,0,6,1e-12,0.00171791,0,1.7053e-12,4.08076e-13
LAPACK,287,1,0,6,1e-12,0.0017664,0,2.54374e-12,3.84406e-13
LAPACK,288,1,0,6,1e-12,0.00173778,0,3.41061e-12,5.10437e-13
LAPACK,289,1,0,6,1e-12,0.00174041,0,1.47793e-12,3.3953e-13
LAPACK,290,1,0,6,1e-12,0.00178308,0,3.29692e-12,5.09282e-13
LAPACK,291,1,0,6,1e-12,0.00179255,0,2.6148e-12,5.15511e-13
LAPACK,292,1,0,6,1e-12,0.00179534,0,3.63798e-12,4.89684e-13
LAPACK,293,1,0,6,1e-12,0.00180784,0,1.7053e-12,3.45191e-13
LAPACK,294,1,0,6,1e-12,0.00183889,0,3.35376e-12,3.94714e-13
LAPACK,295,1,0,6,1e-12,0.00182269,0,3.18323e-12,4.92781e-13
LAPACK,296,1,0,6,1e-12,0.0018033,0,2.04636e-12,3.18819e-13
LAPACK,297,1,0,6,1e-12,0.00187521,0,2.50111e-12,4.76198e-13
LAPACK,298,1,0,6,1e-12,0.00184115,0,2.04636e-12,3.43054e-13
LAPACK,299,1,0,6,1e-12,0.00185454,0,1.47793e-12,3.31892e-13
LAPACK,300,1,0,6,1e-12,0.00188591,0,2.16005e-12,3.8746e-13
LAPACK,301,1,0,6,1e-12,0.00187542,0,2.16005e-12,4.08791e-13
LAPACK,302,1,0,6,1e-12,0.00188626,0,1.47793e-12,3.0831e-13
LAPACK,303,1,0,6,1e-12,0.00189529,0,3.41061e-12,3.52793e-13
LAPACK,304,1,0,6,1e-12,0.00188937,0,1.93268e-12,3.81568e-13
LAPACK,305,1,0,6,1e-12,0.0019531,0,1.59162e-12,3.64421e-13
LAPACK,306,1,0,6,1e-12,0.00194418,0,2.27374e-12,3.62898e-13
LAPACK,307,1,0,6,1e-12,0.00193306,0,2.47979e-12,3.39915e-13
LAPACK,308,1,0,6,1e-12,0.0019512,0,3.86535e-12,3.85593e-13
LAPACK,309,1,0,6,1e-12,0.00200263,0,2.50111e-12,3.67283e-13
LAPACK,310,1,0,6,1e-12,0.00199954,0,4.77485e-12,4.89527e-13
LAPACK,311,1,0,6,1e-12,0.00201065,0,1.93268e-12,3.81298e-13
LAPACK,312,1,0,6,1e-12,0.00202915,0,1.7053e-12,3.3328e-13
LAPACK,313,1,0,6,1e-12,0.00201435,0,1.81899e-12,3.48331e-13
LAPACK,314,1,0,6,1e-12,0.00204469,0,1.81899e-12,3.42828e-13
LAPACK,315,1,0,6,1e-12,0.00202295,0,2.89901e-12,3.57681e-13
LAPACK,316,1,0,6,1e-12,0.00206584,0,3.75167e-12,5.39144e-13
LAPACK,317,1,0,6,1e-12,0.00206495,0,2.13163e-12,3.64073e-13
LAPACK,318,1,0,6,1e-12,0.00211829,0,4.43379e-12,5.20636e-13
LAPACK,319,1,0,6,1e-12,0.00210124,0,2.50111e-12,3.81027e-13
LAPACK,320,1,0,6,1e-12,0.00211174,0,1.93268e-12,3.87981e-13
LAPACK,321,1,0,6,1e-12,0.00208039,0,1.7053e-12,3.19452e-13
LAPACK,322,1,0,6,1e-12,0.00214112,0,1.93268e-12,4.07321e-13
LAPACK,323,1,0,6,1e-12,0.00214697,0,1.97531e-12,3.57463e-13
LAPACK,324,1,0,6,1e-12,0.00215381,0,2.27374e-12,3.66759e-13
LAPACK,325,1,0,6,1e-12,0.00213305,0,2.16716e-12,3.65458e-13
LAPACK,326,1,0,6,1e-12,0.0021927,0,2.04636e-12,3.2975e-13
LAPACK,327,1,0,6,1e-12,0.00218965,0,2.72848e-12,3.53409e-13
LAPACK,328,1,0,6,1e-12,0.00218519,0,2.04636e-12,3.88382e-13
LAPACK,329,1,0,6,1e-12,0.00222509,0,1.81899e-12,3.16794e-13
LAPACK,330,1,0,6,1e-12,0.00223764,0,1.37845e-12,3.73556e-13
LAPACK,331,1,0,6,1e-12,0.00225352,0,3.41061e-12,3.95492e-13
LAPACK,332,1,0,6,1e-12,0.00226371,0,2.07478e-12,3.65012e-13
LAPACK,333,1,0,6,1e-12,0.00231777,0,2.38742e-12,4.20791e-13
LAPACK,334,1,0,6,1e-12,0.00231819,0,1.76215e-12,3.43635e-13
LAPACK,335,1,0,6,1e-12,0.00229834,0,1.37845e-12,3.595e-13
LAPACK,336,1,0,6,1e-12,0.00232817,0,4.3201e-12,4.987e-13
LAPACK,337,1,0,6,1e-12,0.00233328,0,1.71241e-12,3.56696e-13
LAPACK,338,1,0,6,1e-12,0.00236969,0,1.81899e-12,3.77511e-13
LAPACK,339,1,0,6,1e-12,0.00235038,0,1.81899e-12,3.75676e-13
LAPACK,340,1,0,6,1e-12,0.00236359,0,2.53664e-12,3.44147e-13
LAPACK,341,1,0,6,1e-12,0.00238951,0,2.6148e-12,3.51947e-13
LAPACK,342,1,0,6,1e-12,0.00243379,0,5.57066e-12,5.08872e-13
LAPACK,343,1,0,6,1e-12,0.00241663,0,2.67164e-12,4.12275e-13
LAPACK,344,1,0,6,1e-12,0.00243193,0,2.67164e-12,3.73003e-13
LAPACK,345,1,0,6,1e-12,0.00243838,0,1.98952e-12,3.76788e-13
LAPACK,346,1,0,6,1e-12,0.00247845,0,5.34328e-12,5.37331e-13
LAPACK,347,1,0,6,1e-12,0.0025119,0,3.75167e-12,5.42691e-13
LAPACK,348,1,0,6,1e-12,0.0024894,0,4.66116e-12,6.2782e-13
LAPACK,349,1,0,6,1e-12,0.00248803,0,1.7053e-12,3.46377e-13
LAPACK,350,1,0,6,1e-12,0.00251679,0,4.09273e-12,5.63861e-13
LAPACK,351,1,0,6,1e-12,0.00253498,0,4.88853e-12,5.91782e-13
LAPACK,352,1,0,6,1e-12,0.0025587,0,3.97904e-12,5.63844e-13
LAPACK,353,1,0,6,1e-12,0.00255777,0,3.63798e-12,5.74304e-13
LAPACK,354,1,0,6,1e-12,0.00263208,0,4.54747e-12,5.777e-13
LAPACK,355,1,0,6,1e-12,0.00259715,0,1.87583e-12,3.63177e-13
LAPACK,356,1,0,6,1e-12,0.00261914,0,1.93268e-12,3.84084e-13
LAPACK,357,1,0,6,1e-12,0.00261195,0,4.77485e-12,5.55649e-13
LAPACK,358,1,0,6,1e-12,0.00263606,0,4.20641e-12,4.9522e-13
LAPACK,359,1,0,6,1e-12,0.00267325,0,4.66116e-12,5.50172e-13
LAPACK,360,1,0,6,1e-12,0.00263769,0,2.38742e-12,4.13231e-13
LAPACK,361,1,0,6,1e-12,0.00265498,0,2.95586e-12,3.86081e-13
LAPACK,362,1,0,6,1e-12,0.0026675,0,2.27374e-12,3.98565e-13
LAPACK,363,1,0,6,1e-12,0.00269492,0,2.95586e-12,3.46543e-13
LAPACK,364,1,0,6,1e-12,0.00268938,0,2.13163e-12,3.75457e-13
LAPACK,365,1,0,6,1e-12,0.00270479,0,2.16005e-12,3.86816e-13
LAPACK,366,1,0,6,1e-12,0.00274905,0,1.59162e-12,3.47751e-13
LAPACK,367,1,0,6,1e-12,0.00276219,0,2.10321e-12,4.73429e-13
LAPACK,368,1,0,6,1e-12,0.00277297,0,1.98952e-12,3.64532e-13
LAPACK,369,1,0,6,1e-12,0.00282699,0,2.55795e-12,3.871e-13
LAPACK,370,1,0,6,1e-12,0.00282157,0,3.46745e-12,4.07962e-13
LAPACK,371,1,0,6,1e-12,0.00281183,0,2.50111e-12,3.66061e-13
LAPACK,372,1,0,6,1e-12,0.00284206,0,2.04636e-12,4.19133e-13
LAPACK,373,1,0,6,1e-12,0.00285269,0,2.47269e-12,3.97828e-13
LAPACK,374,1,0,6,1e-12,0.00281757,0,2.16005e-12,4.10211e-13
LAPACK,375,1,0,6,1e-12,0.00289052,0,3.97904e-12,4.97694e-13
LAPACK,376,1,0,6,1e-12,0.0029122,0,3.86535e-12,3.96739e-13
LAPACK,377,1,0,6,1e-12,0.00293596,0,2.50111e-12,3.90028e-13
LAPACK,378,1,0,6,1e-12,0.00286872,0,1.87583e-12,3.43824e-13
LAPACK,379,1,0,6,1e-12,0.00290476,0,2.90612e-12,3.45095e-13
LAPACK,380,1,0,6,1e-12,0.00294448,0,2.6148e-12,4.12152e-13
LAPACK,381,1,0,6,1e-12,0.00299178,0,2.50111e-12,4.15908e-13
LAPACK,382,1,0,6,1e-12,0.00298314,0,2.50111e-12,3.58264e-13
LAPACK,383,1,0,6,1e-12,0.00297829,0,2.50111e-12,4.27485e-13
LAPACK,384,1,0,6,1e-12,0.00302725,0,2.38742e-12,3.82468e-13
LAPACK,385,1,0,6,1e-12,0.00303495,0,3.06954e-12,3.83971e-13
LAPACK,386,1,0,6,1e-12,0.00300138,0,2.95586e-12,4.0476e-13
LAPACK,387,1,0,6,1e-12,0.0030058,0,2.27374e-12,3.74635e-13
LAPACK,388,1,0,6,1e-12,0.00309975,0,3.41061e-12,4.10587e-13
LAPACK,389,1,0,6,1e-12,0.00303876,0,4.03588e-12,4.38203e-13
LAPACK,390,1,0,6,1e-12,0.00314638,0,1.81899e-12,3.54267e-13
LAPACK,391,1,0,6,1e-12,0.00313085,0,2.00373e-12,3.86684e-13
LAPACK,392,1,0,6,1e-12,0.00316249,0,2.04636e-12,3.69926e-13
LAPACK,393,1,0,6,1e-12,0.00306232,0,2.04636e-12,3.58711e-13
LAPACK,394,1,0,6,1e-12,0.00312976,0,3.58114e-12,4.22224e-13
LAPACK,395,1,0,6,1e-12,0.00318371,0,3.52429e-12,3.62062e-13
LAPACK,396,1,0,6,1e-12,0.00313841,0,1.99663e-12,3.87405e-13
LAPACK,397,1,0,6,1e-12,0.00313579,0,2.38742e-12,3.46957e-13
LAPACK,398,1,0,6,1e-12,0.00320319,0,2.38742e-12,4.04612e-13
LAPACK,399,1,0,6,1e-12,0.00321562,0,2.72848e-12,3.90809e-13
LAPACK,400,1,0,6,1e-12,0.00322792,0,3.06954e-12,4.29154e-13
LAPACK,401,1,0,6,1e-12,0.00329237,0,3.75167e-12,6.40402e-13
LAPACK,402,1,0,6,1e-12,0.00326803,0,3.24007e-12,3.52644e-13
LAPACK,403,1,0,6,1e-12,0.00332335,0,4.54747e-12,3.95268e-13
LAPACK,404,1,0,6,1e-12,0.00332979,0,3.06954e-12,3.6078e-13
LAPACK,405,1,0,6,1e-12,0.00326387,0,2.67164e-12,3.36748e-13
LAPACK,406,1,0,6,1e-12,0.00335017,0,1.84741e-12,3.72545e-13
LAPACK,407,1,0,6,1e-12,0.00333598,0,1.81899e-12,3.70492e-13
LAPACK,408,1,0,6,1e-12,0.00334219,0,2.11031e-12,3.68369e-13
LAPACK,409,1,0,6,1e-12,0.00335887,0,2.84217e-12,3.9083e-13
LAPACK,410,1,0,6,1e-12,0.00334292,0,2.89901e-12,4.24689e-13
LAPACK,411,1,0,6,1e-12,0.0034238,0,2.68585e-12,4.16947e-13
LAPACK,412,1,0,6,1e-12,0.00339742,0,2.16005e-12,3.79993e-13
LAPACK,413,1,0,6,1e-12,0.00342209,0,1.98952e-12,3.76026e-13
LAPACK,414,1,0,6,1e-12,0.00343715,0,2.50111e-12,3.92393e-13
LAPACK,415,1,0,6,1e-12,0.00343462,0,2.98428e-12,3.96725e-13
LAPACK,416,1,0,6,1e-12,0.00345874,0,3.55271e-12,4.09947e-13
LAPACK,417,1,0,6,1e-12,0.00346883,0,2.33058e-12,4.26336e-13
LAPACK,418,1,0,6,1e-12,0.0034486,0,2.44427e-12,3.57167e-13
LAPACK,419,1,0,6,1e-12,0.00357404,0,2.50111e-12,3.97757e-13
LAPACK,420,1,0,6,1e-12,0.00354063,0,2.27374e-12,3.83144e-13
LAPACK,421,1,0,6,1e-12,0.00360546,0,1.73372e-12,4.06353e-13
LAPACK,422,1,0,6,1e-12,0.00354638,0,2.04636e-12,4.14539e-13
LAPACK,423,1,0,6,1e-12,0.00360879,0,2.78533e-12,3.88982e-13
LAPACK,424,1,0,6,1e-12,0.00357974,0,2.04636e-12,3.84153e-13
LAPACK,425,1,0,6,1e-12,0.00357809,0,2.33058e-12,4.30581e-13
LAPACK,426,1,0,6,1e-12,0.00362064,0,2.38742e-12,4.14302e-13
LAPACK,427,1,0,6,1e-12,0.0036278,0,2.44427e-12,3.77469e-13
LAPACK,428,1,0,6,1e-12,0.00359979,0,3.69482e-12,3.5596e-13
LAPACK,429,1,0,6,1e-12,0.00367685,0,1.86162e-12,3.71833e-13
LAPACK,430,1,0,6,1e-12,0.00365929,0,2.38742e-12,4.44481e-13
LAPACK,431,1,0,6,1e-12,0.00371975,0,2.16005e-12,4.04752e-13
LAPACK,432,1,0,6,1e-12,0.00375484,0,2.55795e-12,3.67759e-13
LAPACK,433,1,0,6,1e-12,0.00376196,0,2.04636e-12,4.29367e-13
LAPACK,434,1,0,6,1e-12,0.00378541,0,2.67164e-12,3.86654e-13
LAPACK,435,1,0,6,1e-12,0.00381945,0,2.16005e-12,3.84208e-13
LAPACK,436,1,0,6,1e-12,0.0038426,0,2.27374e-12,3.5886e-13
LAPACK,437,1,0,6,1e-12,0.00378841,0,2.27374e-12,3.97875e-13
LAPACK,438,1,0,6,1e-12,0.00386377,0,3.75167e-12,5.49471e-13
LAPACK,439,1,0,6,1e-12,0.00394499,0,4.77485e-12,6.22578e-13
LAPACK,440,1,0,6,1e-12,0.00386109,0,2.6148e-12,4.5266e-13
LAPACK,441,1,0,6,1e-12,0.00389624,0,2.38742e-12,3.55582e-13
LAPACK,442,1,0,6,1e-12,0.00388051,0,1.90425e-12,3.54371e-13
LAPACK,443,1,0,6,1e-12,0.00387002,0,2.21689e-12,3.87011e-13
LAPACK,444,1,0,6,1e-12,0.00396124,0,3.52429e-12,3.97759e-13
LAPACK,445,1,0,6,1e-12,0.00396875,0,2.27374e-12,4.03118e-13
LAPACK,446,1,0,6,1e-12,0.00401953,0,3.06954e-12,3.87297e-13
LAPACK,447,1,0,6,1e-12,0.003946,0,2.04636e-12,3.74758e-13
LAPACK,448,1,0,6,1e-12,0.00403105,0,2.50111e-12,3.84304e-13
LAPACK,449,1,0,6,1e-12,0.00399869,0,3.41061e-12,4.25153e-13
LAPACK,450,1,0,6,1e-12,0.00400764,0,2.89901e-12,4.06883e-13
LAPACK,451,1,0,6,1e-12,0.00407947,0,2.27374e-12,3.75687e-13
LAPACK,452,1,0,6,1e-12,0.00403185,0,2.67164e-12,3.76943e-13
LAPACK,453,1,0,6,1e-12,0.00412436,0,1.59162e-12,3.81308e-13
LAPACK,454,1,0,6,1e-12,0.00410999,0,2.50111e-12,3.84438e-13
LAPACK,455,1,0,6,1e-12,0.00409757,0,2.6148e-12,3.64681e-13
LAPACK,456,1,0,6,1e-12,0.0041039,0,2.10321e-12,3.69003e-13
LAPACK,457,1,0,6,1e-12,0.00414551,0,2.95586e-12,4.53687e-13
LAPACK,458,1,0,6,1e-12,0.00417823,0,2.27374e-12,3.6832e-13
LAPACK,459,1,0,6,1e-12,0.00423065,0,2.38742e-12,3.54182e-13
LAPACK,460,1,0,6,1e-12,0.00420108,0,2.65743e-12,3.77194e-13
LAPACK,461,1,0,6,1e-12,0.00420436,0,3.29692e-12,4.1451e-13
LAPACK,462,1,0,6,1e-12,0.00423559,0,2.95586e-12,4.68399e-13
LAPACK,463,1,0,6,1e-12,0.00419345,0,3.35376e-12,3.90271e-13
LAPACK,464,1,0,6,1e-12,0.00433972,0,1.93268e-12,3.85844e-13
LAPACK,465,1,0,6,1e-12,0.00426779,0,2.72848e-12,4.02516e-13
LAPACK,466,1,0,6,1e-12,0.00439518,0,3.86535e-12,4.08776e-13
LAPACK,467,1,0,6,1e-12,0.00433107,0,2.16005e-12,3.70885e-13
LAPACK,468,1,0,6,1e-12,0.00435077,0,2.16005e-12,3.69703e-13
LAPACK,469,1,0,6,1e-12,0.00433353,0,3.63798e-12,4.12529e-13
LAPACK,470,1,0,6,1e-12,0.00445455,0,2.95586e-12,3.99086e-13
LAPACK,471,1,0,6,1e-12,0.00445812,0,2.38742e-12,3.96459e-13
LAPACK,472,1,0,6,1e-12,0.00445086,0,2.50111e-12,3.84217e-13
LAPACK,473,1,0,6,1e-12,0.00454143,0,1.59162e-12,3.54139e-13
LAPACK,474,1,0,6,1e-12,0.00443366,0,3.06954e-12,3.7275e-13
LAPACK,475,1,0,6,1e-12,0.00441395,0,2.41585e-12,3.64949e-13
LAPACK,476,1,0,6,1e-12,0.0045529,0,3.33245e-12,3.81227e-13
LAPACK,477,1,0,6,1e-12,0.00449492,0,2.44427e-12,4.66194e-13
LAPACK,478,1,0,6,1e-12,0.0045969,0,3.52429e-12,4.37588e-13
LAPACK,479,1,0,6,1e-12,0.00453117,0,4.718e-12,4.04655e-13
LAPACK,480,1,0,6,1e-12,0.00457941,0,1.98952e-12,3.97587e-13
LAPACK,481,1,0,6,1e-12,0.00458007,0,2.6148e-12,4.33714e-13
LAPACK,482,1,0,6,1e-12,0.00461899,0,2.95586e-12,3.6918e-13
LAPACK,483,1,0,6,1e-12,0.00459243,0,1.93268e-12,3.66746e-13
LAPACK,484,1,0,6,1e-12,0.00466038,0,2.84217e-12,3.81947e-13
LAPACK,485,1,0,6,1e-12,0.00471306,0,2.359e-12,4.01491e-13
LAPACK,486,1,0,6,1e-12,0.00473206,0,2.30216e-12,3.72784e-13
LAPACK,487,1,0,6,1e-12,0.00469472,0,3.41061e-12,3.94706e-13
LAPACK,488,1,0,6,1e-12,0.00467612,0,3.29692e-12,3.94825e-13
LAPACK,489,1,0,6,1e-12,0.00476772,0,2.27374e-12,3.80564e-13
LAPACK,490,1,0,6,1e-12,0.00472583,0,2.41585e-12,3.68311e-13
LAPACK,491,1,0,6,1e-12,0.00472746,0,3.49587e-12,3.90417e-13
LAPACK,492,1,0,6,1e-12,0.00476648,0,2.21689e-12,3.79872e-13
LAPACK,493,1,0,6,1e-12,0.00481718,0,3.04112e-12,3.60827e-13
LAPACK,494,1,0,6,1e-12,0.00484162,0,3.06954e-12,3.98151e-13
LAPACK,495,1,0,6,1e-12,0.00486064,0,2.6148e-12,4.08339e-13
LAPACK,496,1,0,6,1e-12,0.00480518,0,2.6148e-12,3.65253e-13
LAPACK,497,1,0,6,1e-12,0.00487578,0,4.54747e-12,3.85748e-13
LAPACK,498,1,0,6,1e-12,0.0049499,0,2.27374e-12,3.82852e-13
LAPACK,499,1,0,6,1e-12,0.00486252,0,2.16005e-12,3.93273e-13
LAPACK,500,1,0,6,1e-12,0.0049326,0,1.93268e-12,3.7847e-13
LAPACK,501,1,0,6,1e-12,0.00495152,0,2.84217e-12,3.91561e-13
LAPACK,502,1,0,6,1e-12,0.00500282,0,2.16005e-12,3.57565e-13
LAPACK,503,1,0,6,1e-12,0.0050623,0,2.6148e-12,4.43737e-13
LAPACK,504,1,0,6,1e-12,0.00502306,0,2.95586e-12,3.8813e-13
LAPACK,505,1,0,6,1e-12,0.00508364,0,2.38742e-12,3.44492e-13
LAPACK,506,1,0,6,1e-12,0.00511857,0,2.55795e-12,3.56713e-13
LAPACK,507,1,0,6,1e-12,0.00513549,0,2.21689e-12,3.8681e-13
LAPACK,508,1,0,6,1e-12,0.0051652,0,2.84217e-12,3.93308e-13
LAPACK,509,1,0,6,1e-12,0.00523959,0,2.72848e-12,4.09255e-13
LAPACK,510,1,0,6,1e-12,0.00514143,0,2.16005e-12,3.81942e-13
LAPACK,511,1,0,6,1e-12,0.00524646,0,5.91172e-12,6.45258e-13
LAPACK,512,1,0,6,1e-12,0.00520009,0,3.06954e-12,4.15996e-13
LAPACK,513,1,0,6,1e-12,0.00522956,0,2.95586e-12,4.42355e-13
LAPACK,514,1,0,6,1e-12,0.00532309,0,6.36646e-12,6.66471e-13
LAPACK,515,1,0,6,1e-12,0.00514562,0,2.33058e-12,3.65015e-13
LAPACK,516,1,0,6,1e-12,0.00522061,0,3.69482e-12,4.19211e-13
LAPACK,517,1,0,6,1e-12,0.00526168,0,4.09273e-12,3.9004e-13
LAPACK,518,1,0,6,1e-12,0.00526745,0,2.24532e-12,4.35413e-13
LAPACK,519,1,0,6,1e-12,0.0053079,0,2.16005e-12,3.64994e-13
LAPACK,520,1,0,6,1e-12,0.00529888,0,2.50111e-12,4.22046e-13
LAPACK,521,1,0,6,1e-12,0.00542396,0,2.6148e-12,3.85714e-13
LAPACK,522,1,0,6,1e-12,0.00533144,0,3.06954e-12,4.27988e-13
LAPACK,523,1,0,6,1e-12,0.00543483,0,2.16005e-12,3.93882e-13
LAPACK,524,1,0,6,1e-12,0.00538392,0,2.50111e-12,3.73858e-13
LAPACK,525,1,0,6,1e-12,0.00548256,0,2.27374e-12,3.92888e-13
LAPACK,526,1,0,6,1e-12,0.00538102,0,3.29692e-12,4.18481e-13
LAPACK,527,1,0,6,1e-12,0.00548879,0,2.50111e-12,3.86941e-13
LAPACK,528,1,0,6,1e-12,0.00555695,0,5.68434e-12,6.57488e-13
LAPACK,529,1,0,6,1e-12,0.00549743,0,3.41061e-12,3.72467e-13
LAPACK,530,1,0,6,1e-12,0.00559165,0,2.55795e-12,4.1479e-13
LAPACK,531,1,0,6,1e-12,0.00554705,0,1.94689e-12,3.7934e-13
LAPACK,532,1,0,6,1e-12,0.00555729,0,2.50111e-12,3.92496e-13
LAPACK,533,1,0,6,1e-12,0.00556974,0,3.29692e-12,4.09413e-13
LAPACK,534,1,0,6,1e-12,0.00562006,0,2.24532e-12,3.94254e-13
LAPACK,535,1,0,6,1e-12,0.00560227,0,3.38218e-12,4.14562e-13
LAPACK,536,1,0,6,1e-12,0.00573278,0,2.64322e-12,3.87794e-13
LAPACK,537,1,0,6,1e-12,0.00565824,0,2.72848e-12,3.88462e-13
LAPACK,538,1,0,6,1e-12,0.00574976,0,2.16005e-12,4.0854e-13
LAPACK,539,1,0,6,1e-12,0.00570611,0,2.6148e-12,3.95519e-13
LAPACK,540,1,0,6,1e-12,0.00587799,0,5.91172e-12,6.89464e-13
LAPACK,541,1,0,6,1e-12,0.00581496,0,3.9222e-12,4.34803e-13
LAPACK,542,1,0,6,1e-12,0.00583022,0,3.69482e-12,4.00075e-13
LAPACK,543,1,0,6,1e-12,0.00581267,0,2.33058e-12,3.87218e-13
LAPACK,544,1,0,6,1e-12,0.00583229,0,2.95586e-12,4.16374e-13
LAPACK,545,1,0,6,1e-12,0.00590099,0,2.44427e-12,4.24909e-13
LAPACK,546,1,0,6,1e-12,0.00583096,0,2.95586e-12,3.83841e-13
LAPACK,547,1,0,6,1e-12,0.00588797,0,2.38742e-12,4.1776e-13
LAPACK,548,1,0,6,1e-12,0.00588852,0,2.89901e-12,4.52918e-13
LAPACK,549,1,0,6,1e-12,0.00589493,0,3.69482e-12,4.4527e-13
LAPACK,550,1,0,6,1e-12,0.00602745,0,6.70752e-12,6.46413e-13
LAPACK,551,1,0,6,1e-12,0.00596434,0,4.03588e-12,4.40802e-13
LAPACK,552,1,0,6,1e-12,0.00602044,0,3.35376e-12,4.29427e-13
LAPACK,553,1,0,6,1e-12,0.00600931,0,2.16005e-12,4.375e-13
LAPACK,554,1,0,6,1e-12,0.00602371,0,2.359e-12,3.48642e-13
LAPACK,555,1,0,6,1e-12,0.00601562,0,2.81375e-12,4.05388e-13
LAPACK,556,1,0,6,1e-12,0.00615564,0,2.6148e-12,4.5533e-13
LAPACK,557,1,0,6,1e-12,0.0060796,0,2.27374e-12,4.37236e-13
LAPACK,558,1,0,6,1e-12,0.00610152,0,2.69562e-12,4.0278e-13
LAPACK,559,1,0,6,1e-12,0.00609609,0,2.95586e-12,3.76662e-13
LAPACK,560,1,0,6,1e-12,0.00619229,0,2.50111e-12,4.13281e-13
LAPACK,561,1,0,6,1e-12,0.0061879,0,2.69296e-12,4.30744e-13
LAPACK,562,1,0,6,1e-12,0.00624708,0,3.52429e-12,4.05222e-13
LAPACK,563,1,0,6,1e-12,0.00625077,0,3.18323e-12,4.06925e-13
LAPACK,564,1,0,6,1e-12,0.00621314,0,2.38742e-12,3.81623e-13
LAPACK,565,1,0,6,1e-12,0.0063449,0,4.83169e-12,4.30518e-13
LAPACK,566,1,0,6,1e-12,0.00633156,0,3.03402e-12,3.95948e-13
LAPACK,567,1,0,6,1e-12,0.00632542,0,2.50111e-12,3.97044e-13
LAPACK,568,1,0,6,1e-12,0.00636441,0,2.84217e-12,4.20424e-13
LAPACK,569,1,0,6,1e-12,0.0062823,0,2.78533e-12,3.84757e-13
LAPACK,570,1,0,6,1e-12,0.00641486,0,2.27374e-12,3.98459e-13
LAPACK,571,1,0,6,1e-12,0.00645553,0,3.75167e-12,4.34106e-13
LAPACK,572,1,0,6,1e-12,0.0064568,0,2.95586e-12,3.93395e-13
LAPACK,573,1,0,6,1e-12,0.00644425,0,3.29692e-12,4.00523e-13
LAPACK,574,1,0,6,1e-12,0.00655816,0,2.04636e-12,4.12524e-13
LAPACK,575,1,0,6,1e-12,0.00650804,0,3.52429e-12,3.90859e-13
LAPACK,576,1,0,6,1e-12,0.00646912,0,3.63798e-12,4.52408e-13
LAPACK,577,1,0,6,1e-12,0.00662116,0,2.81375e-12,4.1028e-13
LAPACK,578,1,0,6,1e-12,0.00651669,0,2.50111e-12,3.89607e-13
LAPACK,579,1,0,6,1e-12,0.00657125,0,3.80851e-12,3.81358e-13
LAPACK,580,1,0,6,1e-12,0.00658984,0,2.78533e-12,3.75664e-13
LAPACK,581,1,0,6,1e-12,0.00668887,0,2.16005e-12,4.32353e-13
LAPACK,582,1,0,6,1e-12,0.00670008,0,2.95586e-12,4.09583e-13
LAPACK,583,1,0,6,1e-12,0.00656408,0,2.84217e-12,4.12596e-13
LAPACK,584,1,0,6,1e-12,0.00677449,0,3.18323e-12,4.21293e-13
LAPACK,585,1,0,6,1e-12,0.00667415,0,3.0127e-12,4.33069e-13
LAPACK,586,1,0,6,1e-12,0.00670231,0,2.6148e-12,3.67234e-13
LAPACK,587,1,0,6,1e-12,0.00680371,0,2.27374e-12,4.21182e-13
LAPACK,588,1,0,6,1e-12,0.00670131,0,2.6148e-12,4.23911e-13
LAPACK,589,1,0,6,1e-12,0.00691063,0,3.18323e-12,4.6243e-13
LAPACK,590,1,0,6,1e-12,0.00686175,0,2.04636e-12,3.99546e-13
LAPACK,591,1,0,6,1e-12,0.00690621,0,2.27374e-12,3.93232e-13
LAPACK,592,1,0,6,1e-12,0.00703819,0,6.70752e-12,7.16113e-13
LAPACK,593,1,0,6,1e-12,0.00688389,0,4.37694e-12,4.1892e-13
LAPACK,594,1,0,6,1e-12,0.00705798,0,2.72848e-12,4.55057e-13
LAPACK,595,1,0,6,1e-12,0.00701085,0,3.31823e-12,4.05948e-13
LAPACK,596,1,0,6,1e-12,0.00703451,0,2.89901e-12,4.62546e-13
LAPACK,597,1,0,6,1e-12,0.00710827,0,2.6148e-12,4.21029e-13
LAPACK,598,1,0,6,1e-12,0.00703459,0,2.04636e-12,4.00221e-13
LAPACK,599,1,0,6,1e-12,0.0071468,0,3.78009e-12,3.77009e-13
LAPACK,600,1,0,6,1e-12,0.00716203,0,3.52429e-12,4.32653e-13
LAPACK,601,1,0,6,1e-12,0.00715962,0,2.95586e-12,3.88376e-13
LAPACK,602,1,0,6,1e-12,0.00719974,0,2.6148e-12,4.55034e-13
LAPACK,603,1,0,6,1e-12,0.00720239,0,3.46745e-12,3.91615e-13
LAPACK,604,1,0,6,1e-12,0.00721115,0,3.29692e-12,4.4915e-13
LAPACK,605,1,0,6,1e-12,0.00714359,0,2.78533e-12,4.24834e-13
LAPACK,606,1,0,6,1e-12,0.00728981,0,6.82121e-12,7.1399e-13
LAPACK,607,1,0,6,1e-12,0.00735401,0,4.66116e-12,6.80711e-13
LAPACK,608,1,0,6,1e-12,0.00727606,0,2.84217e-12,4.25109e-13
LAPACK,609,1,0,6,1e-12,0.00736217,0,3.35376e-12,4.45736e-13
LAPACK,610,1,0,6,1e-12,0.00731063,0,2.72848e-12,4.33847e-13
LAPACK,611,1,0,6,1e-12,0.0073979,0,2.95586e-12,4.5839e-13
LAPACK,612,1,0,6,1e-12,0.00742615,0,3.9222e-12,3.93378e-13
LAPACK,613,1,0,6,1e-12,0.00753373,0,2.50111e-12,4.11138e-13
LAPACK,614,1,0,6,1e-12,0.00746027,0,2.47269e-12,3.98509e-13
LAPACK,615,1,0,6,1e-12,0.00739378,0,3.29692e-12,3.76634e-13
LAPACK,616,1,0,6,1e-12,0.00750312,0,5.79803e-12,7.8119e-13
LAPACK,617,1,0,6,1e-12,0.00753846,0,5.91172e-12,6.94041e-13
LAPACK,618,1,0,6,1e-12,0.00759883,0,8.18545e-12,7.1236e-13
LAPACK,619,1,0,6,1e-12,0.00758723,0,2.50111e-12,4.06838e-13
LAPACK,620,1,0,6,1e-12,0.00758702,0,6.82121e-12,7.40185e-13
LAPACK,621,1,0,6,1e-12,0.00756436,0,2.38742e-12,3.99484e-13
LAPACK,622,1,0,6,1e-12,0.00755507,0,2.89901e-12,4.59608e-13
LAPACK,623,1,0,6,1e-12,0.00762604,0,1.93268e-12,4.36593e-13
LAPACK,624,1,0,6,1e-12,0.0075962,0,2.95586e-12,4.12926e-13
LAPACK,625,1,0,6,1e-12,0.00772256,0,2.6148e-12,4.24965e-13
LAPACK,626,1,0,6,1e-12,0.00776476,0,3.60956e-12,3.95086e-13
LAPACK,627,1,0,6,1e-12,0.00769929,0,3.49587e-12,3.80703e-13
LAPACK,628,1,0,6,1e-12,0.00774404,0,2.45581e-12,4.18659e-13
LAPACK,629,1,0,6,1e-12,0.00784943,0,3.06954e-12,3.83419e-13
LAPACK,630,1,0,6,1e-12,0.00767927,0,2.84217e-12,3.88754e-13
LAPACK,631,1,0,6,1e-12,0.00779802,0,5.11591e-12,7.09203e-13
LAPACK,632,1,0,6,1e-12,0.00770541,0,3.0127e-12,4.05962e-13
LAPACK,633,1,0,6,1e-12,0.00784355,0,2.27374e-12,3.9172e-13
LAPACK,634,1,0,6,1e-12,0.00793062,0,2.24532e-12,4.13781e-13
LAPACK,635,1,0,6,1e-12,0.00789088,0,2.38742e-12,4.26451e-13
LAPACK,636,1,0,6,1e-12,0.00797202,0,3.63798e-12,4.02158e-13
LAPACK,637,1,0,6,1e-12,0.00795755,0,2.6148e-12,4.06279e-13
LAPACK,638,1,0,6,1e-12,0.00806319,0,6.82121e-12,7.06971e-13
LAPACK,639,1,0,6,1e-12,0.00805011,0,3.09797e-12,4.33985e-13
LAPACK,640,1,0,6,1e-12,0.00811745,0,7.7307e-12,7.19672e-13
LAPACK,641,1,0,6,1e-12,0.00802058,0,2.16005e-12,4.16213e-13
LAPACK,642,1,0,6,1e-12,0.00809487,0,3.09974e-12,4.1012e-13
LAPACK,643,1,0,6,1e-12,0.00812704,0,4.09273e-12,4.14282e-13
LAPACK,644,1,0,6,1e-12,0.00803138,0,2.50111e-12,4.24097e-13
LAPACK,645,1,0,6,1e-12,0.00810869,0,3.9222e-12,4.02642e-13
LAPACK,646,1,0,6,1e-12,0.00836333,0,6.25278e-12,7.17837e-13
LAPACK,647,1,0,6,1e-12,0.00819893,0,4.09273e-12,3.88942e-13
LAPACK,648,1,0,6,1e-12,0.0082264,0,2.50111e-12,3.57829e-13
LAPACK,649,1,0,6,1e-12,0.00821399,0,2.50111e-12,3.95987e-13
LAPACK,650,1,0,6,1e-12,0.00836642,0,4.20641e-12,6.57546e-13
LAPACK,651,1,0,6,1e-12,0.00821291,0,2.31637e-12,4.10902e-13
LAPACK,652,1,0,6,1e-12,0.00846411,0,4.88853e-12,6.87356e-13
LAPACK,653,1,0,6,1e-12,0.00836211,0,5.57066e-12,4.0173e-13
LAPACK,654,1,0,6,1e-12,0.00839688,0,2.81375e-12,4.08492e-13
LAPACK,655,1,0,6,1e-12,0.00844081,0,2.6148e-12,4.10442e-13
LAPACK,656,1,0,6,1e-12,0.00844566,0,2.67164e-12,3.84882e-13
LAPACK,657,1,0,6,1e-12,0.00843362,0,2.72848e-12,4.23284e-13
LAPACK,658,1,0,6,1e-12,0.00841474,0,2.84217e-12,4.1504e-13
LAPACK,659,1,0,6,1e-12,0.00846758,0,3.93285e-12,3.83408e-13
LAPACK,660,1,0,6,1e-12,0.00849371,0,3.38218e-12,4.29592e-13
LAPACK,661,1,0,6,1e-12,0.00855896,0,3.06954e-12,4.11391e-13
LAPACK,662,1,0,6,1e-12,0.00878251,0,5.68434e-12,7.36346e-13
LAPACK,663,1,0,6,1e-12,0.00862257,0,2.84217e-12,4.15129e-13
LAPACK,664,1,0,6,1e-12,0.00869518,0,2.33058e-12,4.33166e-13
LAPACK,665,1,0,6,1e-12,0.0087547,0,6.9349e-12,6.87397e-13
LAPACK,666,1,0,6,1e-12,0.00881425,0,5.11591e-12,7.36973e-13
LAPACK,667,1,0,6,1e-12,0.00878561,0,5.22959e-12,7.04074e-13
LAPACK,668,1,0,6,1e-12,0.00881213,0,5.11591e-12,7.01484e-13
LAPACK,669,1,0,6,1e-12,0.00893741,0,5.91172e-12,7.25269e-13
LAPACK,670,1,0,6,1e-12,0.00861693,0,2.71427e-12,3.91298e-13
LAPACK,671,1,0,6,1e-12,0.00890953,0,6.59384e-12,7.45346e-13
LAPACK,672,1,0,6,1e-12,0.00890717,0,5.91172e-12,7.46773e-13
LAPACK,673,1,0,6,1e-12,0.00904349,0,7.27596e-12,7.74067e-13
LAPACK,674,1,0,6,1e-12,0.00898571,0,2.50111e-12,3.92849e-13
LAPACK,675,1,0,6,1e-12,0.00903063,0,5.00222e-12,6.99273e-13
LAPACK,676,1,0,6,1e-12,0.00887909,0,2.78533e-12,4.18197e-13
LAPACK,677,1,0,6,1e-12,0.0091278,0,6.25278e-12,7.53684e-13
LAPACK,678,1,0,6,1e-12,0.00895385,0,2.78533e-12,4.48838e-13
LAPACK,679,1,0,6,1e-12,0.00890252,0,2.84217e-12,3.85803e-13
LAPACK,680,1,0,6,1e-12,0.00915352,0,8.18545e-12,7.52084e-13
LAPACK,681,1,0,6,1e-12,0.00920521,0,6.9349e-12,6.91616e-13
LAPACK,682,1,0,6,1e-12,0.00917099,0,5.45697e-12,6.56552e-13
LAPACK,683,1,0,6,1e-12,0.00898432,0,2.44427e-12,3.97044e-13
LAPACK,684,1,0,6,1e-12,0.00924056,0,7.16227e-12,7.31301e-13
LAPACK,685,1,0,6,1e-12,0.00921353,0,5.34328e-12,7.04583e-13
LAPACK,686,1,0,6,1e-12,0.00926835,0,7.04858e-12,7.38002e-13
LAPACK,687,1,0,6,1e-12,0.00929665,0,6.25278e-12,7.46318e-13
LAPACK,688,1,0,6,1e-12,0.00938418,0,7.27596e-12,7.2158e-13
LAPACK,689,1,0,6,1e-12,0.00936871,0,7.38964e-12,7.17794e-13
LAPACK,690,1,0,6,1e-12,0.00936927,0,3.76588e-12,4.23526e-13
LAPACK,691,1,0,6,1e-12,0.00923245,0,2.44427e-12,4.00533e-13
LAPACK,692,1,0,6,1e-12,0.00940836,0,3.18323e-12,4.24687e-13
LAPACK,693,1,0,6,1e-12,0.00932031,0,2.72848e-12,4.07209e-13
LAPACK,694,1,0,6,1e-12,0.00933365,0,4.20641e-12,4.20843e-13
LAPACK,695,1,0,6,1e-12,0.0095189,0,7.16227e-12,7.75545e-13
LAPACK,696,1,0,6,1e-12,0.00961271,0,5.11591e-12,7.37558e-13
LAPACK,697,1,0,6,1e-12,0.00944569,0,2.84217e-12,4.30611e-13
LAPACK,698,1,0,6,1e-12,0.00965078,0,6.0254e-12,7.47839e-13
LAPACK,699,1,0,6,1e-12,0.00965793,0,4.77485e-12,7.19719e-13
LAPACK,700,1,0,6,1e-12,0.00967301,0,6.25278e-12,7.63016e-13
LAPACK,701,1,0,6,1e-12,0.00970802,0,1.00044e-11,7.4816e-13
LAPACK,702,1,0,6,1e-12,0.00953809,0,2.63611e-12,4.04205e-13
LAPACK,703,1,0,6,1e-12,0.00956897,0,2.84217e-12,4.01924e-13
LAPACK,704,1,0,6,1e-12,0.00983875,0,6.13909e-12,7.47564e-13
LAPACK,705,1,0,6,1e-12,0.00962289,0,3.09797e-12,4.03395e-13
LAPACK,706,1,0,6,1e-12,0.00968327,0,2.50111e-12,4.368e-13
LAPACK,707,1,0,6,1e-12,0.00970666,0,3.06954e-12,4.23684e-13
LAPACK,708,1,0,6,1e-12,0.0100132,0,6.36646e-12,7.36428e-13
LAPACK,709,1,0,6,1e-12,0.00988172,0,4.88853e-12,6.82802e-13
LAPACK,710,1,0,6,1e-12,0.00988702,0,3.24007e-12,4.4107e-13
LAPACK,711,1,0,6,1e-12,0.00990865,0,5.00222e-12,7.48176e-13
LAPACK,712,1,0,6,1e-12,0.0101075,0,4.54747e-12,7.00954e-13
LAPACK,713,1,0,6,1e-12,0.00979717,0,3.18323e-12,4.13165e-13
LAPACK,714,1,0,6,1e-12,0.00991976,0,3.06954e-12,4.12367e-13
LAPACK,715,1,0,6,1e-12,0.0101214,0,5.11591e-12,7.39326e-13
LAPACK,716,1,0,6,1e-12,0.0101382,0,5.34328e-12,7.60516e-13
LAPACK,717,1,0,6,1e-12,0.00987393,0,3.13727e-12,4.0464e-13
LAPACK,718,1,0,6,1e-12,0.0100875,0,2.55795e-12,4.28753e-13
LAPACK,719,1,0,6,1e-12,0.0102932,0,6.82121e-12,7.55473e-13
LAPACK,720,1,0,6,1e-12,0.0100676,0,3.38218e-12,3.89038e-13
LAPACK,721,1,0,6,1e-12,0.0100832,0,2.43006e-12,4.23401e-13
LAPACK,722,1,0,6,1e-12,0.0101589,0,3.97904e-12,4.60807e-13
LAPACK,723,1,0,6,1e-12,0.0100175,0,3.18323e-12,3.87607e-13
LAPACK,724,1,0,6,1e-12,0.0104041,0,6.48015e-12,7.46501e-13
LAPACK,725,1,0,6,1e-12,0.0103686,0,8.07177e-12,7.19213e-13
LAPACK,726,1,0,6,1e-12,0.0101483,0,2.95586e-12,4.26418e-13
LAPACK,727,1,0,6,1e-12,0.0102782,0,2.87059e-12,4.68818e-13
LAPACK,728,1,0,6,1e-12,0.0105409,0,5.57066e-12,7.00257e-13
LAPACK,729,1,0,6,1e-12,0.0105792,0,7.95808e-12,7.6324e-13
LAPACK,730,1,0,6,1e-12,0.0103611,0,4.33431e-12,4.30243e-13
LAPACK,731,1,0,6,1e-12,0.0103638,0,2.72848e-12,4.09543e-13
LAPACK,732,1,0,6,1e-12,0.0103429,0,2.95586e-12,4.21704e-13
LAPACK,733,1,0,6,1e-12,0.0103036,0,2.50111e-12,3.81757e-13
LAPACK,734,1,0,6,1e-12,0.0105297,0,2.95586e-12,4.18108e-13
LAPACK,735,1,0,6,1e-12,0.0103967,0,3.18323e-12,4.143e-13
LAPACK,736,1,0,6,1e-12,0.0107274,0,6.82121e-12,8.28386e-13
LAPACK,737,1,0,6,1e-12,0.0107492,0,7.16227e-12,7.77572e-13
LAPACK,738,1,0,6,1e-12,0.0109019,0,6.25278e-12,7.50168e-13
LAPACK,739,1,0,6,1e-12,0.0108088,0,5.68434e-12,8.003e-13
LAPACK,740,1,0,6,1e-12,0.0107632,0,3.75167e-12,4.298e-13
LAPACK,741,1,0,6,1e-12,0.0105952,0,2.95586e-12,4.17652e-13
LAPACK,742,1,0,6,1e-12,0.0107553,0,3.29692e-12,4.2786e-13
LAPACK,743,1,0,6,1e-12,0.010617,0,2.74269e-12,4.06201e-13
LAPACK,744,1,0,6,1e-12,0.0110681,0,7.04858e-12,7.76534e-13
LAPACK,745,1,0,6,1e-12,0.0110232,0,7.84439e-12,7.95408e-13
LAPACK,746,1,0,6,1e-12,0.010813,0,3.69482e-12,4.54592e-13
LAPACK,747,1,0,6,1e-12,0.0107541,0,3.52429e-12,4.24206e-13
LAPACK,748,1,0,6,1e-12,0.0108343,0,3.06954e-12,4.08535e-13
LAPACK,749,1,0,6,1e-12,0.0111663,0,7.61702e-12,7.20629e-13
LAPACK,750,1,0,6,1e-12,0.0111281,0,7.61702e-12,7.64692e-13
LAPACK,751,1,0,6,1e-12,0.0112188,0,6.48015e-12,7.71514e-13
LAPACK,752,1,0,6,1e-12,0.0112739,0,6.9349e-12,7.48972e-13
LAPACK,753,1,0,6,1e-12,0.0110524,0,3.06954e-12,4.41034e-13
LAPACK,754,1,0,6,1e-12,0.0110458,0,2.89901e-12,4.33934e-13
LAPACK,755,1,0,6,1e-12,0.0113345,0,5.68434e-12,7.60549e-13
LAPACK,756,1,0,6,1e-12,0.0113845,0,7.04858e-12,8.17557e-13
LAPACK,757,1,0,6,1e-12,0.0112692,0,6.13909e-12,7.67457e-13
LAPACK,758,1,0,6,1e-12,0.0112243,0,3.12639e-12,4.43747e-13
LAPACK,759,1,0,6,1e-12,0.0114832,0,7.27596e-12,7.53825e-13
LAPACK,760,1,0,6,1e-12,0.0113449,0,2.89901e-12,4.07472e-13
LAPACK,761,1,0,6,1e-12,0.0111543,0,3.10152e-12,4.59206e-13
LAPACK,762,1,0,6,1e-12,0.0114276,0,7.27596e-12,7.61505e-13
LAPACK,763,1,0,6,1e-12,0.0111428,0,2.50111e-12,4.1951e-13
LAPACK,764,1,0,6,1e-12,0.0114386,0,6.25278e-12,7.32561e-13
LAPACK,765,1,0,6,1e-12,0.0112558,0,3.97904e-12,4.13326e-13
LAPACK,766,1,0,6,1e-12,0.0113358,0,4.17799e-12,4.43195e-13
LAPACK,767,1,0,6,1e-12,0.0116287,0,6.59384e-12,7.82497e-13
LAPACK,768,1,0,6,1e-12,0.011639,0,1.00044e-11,7.17937e-13
LAPACK,769,1,0,6,1e-12,0.0113503,0,2.84217e-12,4.32345e-13
LAPACK,770,1,0,6,1e-12,0.0116734,0,8.86757e-12,7.4926e-13
LAPACK,771,1,0,6,1e-12,0.0116652,0,5.45697e-12,7.16542e-13
LAPACK,772,1,0,6,1e-12,0.0115648,0,3.46745e-12,4.43609e-13
LAPACK,773,1,0,6,1e-12,0.0117828,0,6.25278e-12,7.82216e-13
LAPACK,774,1,0,6,1e-12,0.0117874,0,6.70752e-12,7.98938e-13
LAPACK,775,1,0,6,1e-12,0.0115561,0,2.72848e-12,4.66339e-13
LAPACK,776,1,0,6,1e-12,0.0116678,0,2.72848e-12,4.13648e-13
LAPACK,777,1,0,6,1e-12,0.0118577,0,6.59384e-12,7.51785e-13
LAPACK,778,1,0,6,1e-12,0.0119603,0,7.61702e-12,7.98491e-13
LAPACK,779,1,0,6,1e-12,0.0119385,0,8.07177e-12,8.05867e-13
LAPACK,780,1,0,6,1e-12,0.0116822,0,2.38742e-12,4.08405e-13
LAPACK,781,1,0,6,1e-12,0.0120188,0,8.86757e-12,7.90951e-13
LAPACK,782,1,0,6,1e-12,0.0120645,0,7.16227e-12,8.10851e-13
LAPACK,783,1,0,6,1e-12,0.0121866,0,6.48015e-12,7.81053e-13
LAPACK,784,1,0,6,1e-12,0.011915,0,4.3201e-12,4.33446e-13
LAPACK,785,1,0,6,1e-12,0.0121056,0,7.27596e-12,7.50361e-13
LAPACK,786,1,0,6,1e-12,0.0120313,0,3.46745e-12,4.13676e-13
LAPACK,787,1,0,6,1e-12,0.0122799,0,7.04858e-12,8.14883e-13
LAPACK,788,1,0,6,1e-12,0.0121124,0,2.81375e-12,4.28434e-13
LAPACK,789,1,0,6,1e-12,0.0120511,0,2.92744e-12,4.60211e-13
LAPACK,790,1,0,6,1e-12,0.0122285,0,2.82796e-12,4.77775e-13
LAPACK,791,1,0,6,1e-12,0.0123284,0,6.9349e-12,8.06329e-13
LAPACK,792,1,0,6,1e-12,0.012464,0,5.34328e-12,7.67995e-13
LAPACK,793,1,0,6,1e-12,0.0120567,0,3.29692e-12,4.26566e-13
LAPACK,794,1,0,6,1e-12,0.0120436,0,2.6148e-12,4.05659e-13
LAPACK,795,1,0,6,1e-12,0.012374,0,4.43379e-12,4.63729e-13
LAPACK,796,1,0,6,1e-12,0.0121457,0,4.3201e-12,4.1127e-13
LAPACK,797,1,0,6,1e-12,0.0121337,0,2.95586e-12,4.24886e-13
LAPACK,798,1,0,6,1e-12,0.0125168,0,5.91172e-12,7.6654e-13
LAPACK,799,1,0,6,1e-12,0.0121232,0,3.43903e-12,4.67953e-13
LAPACK,800,1,0,6,1e-12,0.0126514,0,6.82121e-12,8.13202e-13
LAPACK,801,1,0,6,1e-12,0.012693,0,6.0254e-12,8.21709e-13
LAPACK,802,1,0,6,1e-12,0.0126744,0,7.04858e-12,7.94387e-13
LAPACK,803,1,0,6,1e-12,0.0124377,0,3.12639e-12,4.57724e-13
LAPACK,804,1,0,6,1e-12,0.0124418,0,3.24007e-12,4.03608e-13
LAPACK,805,1,0,6,1e-12,0.0127165,0,6.59384e-12,8.13521e-13
LAPACK,806,1,0,6,1e-12,0.0125012,0,3.24007e-12,4.45074e-13
LAPACK,807,1,0,6,1e-12,0.0124613,0,2.95586e-12,4.21599e-13
LAPACK,808,1,0,6,1e-12,0.0126514,0,3.0127e-12,4.47563e-13
LAPACK,809,1,0,6,1e-12,0.0124271,0,2.84217e-12,4.03906e-13
LAPACK,810,1,0,6,1e-12,0.0127116,0,2.92033e-12,4.21623e-13
LAPACK,811,1,0,6,1e-12,0.0127524,0,3.41061e-12,5.03975e-13
LAPACK,812,1,0,6,1e-12,0.0126537,0,2.72848e-12,4.31727e-13
LAPACK,813,1,0,6,1e-12,0.0128224,0,2.95586e-12,4.6648e-13
LAPACK,814,1,0,6,1e-12,0.0129514,0,3.75167e-12,4.70861e-13
LAPACK,815,1,0,6,1e-12,0.0127909,0,2.72848e-12,4.20348e-13
LAPACK,816,1,0,6,1e-12,0.012906,0,3.06954e-12,4.50645e-13
LAPACK,817,1,0,6,1e-12,0.0127998,0,3.18323e-12,3.97988e-13
LAPACK,818,1,0,6,1e-12,0.0132148,0,4.88853e-12,7.97165e-13
LAPACK,819,1,0,6,1e-12,0.0127434,0,2.7196e-12,3.80119e-13
LAPACK,820,1,0,6,1e-12,0.0130421,0,3.86535e-12,4.4895e-13
LAPACK,821,1,0,6,1e-12,0.0132045,0,6.82121e-12,7.5708e-13
LAPACK,822,1,0,6,1e-12,0.0130736,0,3.18323e-12,5.09688e-13
LAPACK,823,1,0,6,1e-12,0.0128962,0,5.03064e-12,4.09067e-13
LAPACK,824,1,0,6,1e-12,0.0131072,0,4.20641e-12,5.07935e-13
LAPACK,825,1,0,6,1e-12,0.012952,0,3.75167e-12,4.36773e-13
LAPACK,826,1,0,6,1e-12,0.0131951,0,2.84217e-12,4.31123e-13
LAPACK,827,1,0,6,1e-12,0.0131596,0,3.06954e-12,4.96648e-13
LAPACK,828,1,0,6,1e-12,0.0132261,0,3.86535e-12,4.23966e-13
LAPACK,829,1,0,6,1e-12,0.0132338,0,3.99325e-12,4.25355e-13
LAPACK,830,1,0,6,1e-12,0.0132531,0,2.84217e-12,4.20102e-13
LAPACK,831,1,0,6,1e-12,0.0135557,0,6.0254e-12,7.4267e-13
LAPACK,832,1,0,6,1e-12,0.0136133,0,4.88853e-12,7.65711e-13
LAPACK,833,1,0,6,1e-12,0.0131509,0,3.86535e-12,3.89029e-13
LAPACK,834,1,0,6,1e-12,0.0134927,0,3.97904e-12,4.57716e-13
LAPACK,835,1,0,6,1e-12,0.0135262,0,5.79803e-12,5.26442e-13
LAPACK,836,1,0,6,1e-12,0.0135212,0,3.9222e-12,4.50471e-13
LAPACK,837,1,0,6,1e-12,0.0135509,0,3.63798e-12,5.04351e-13
LAPACK,838,1,0,6,1e-12,0.0132797,0,2.38742e-12,3.91796e-13
LAPACK,839,1,0,6,1e-12,0.013593,0,2.50111e-12,4.24062e-13
LAPACK,840,1,0,6,1e-12,0.0137732,0,3.41061e-12,4.95113e-13
LAPACK,841,1,0,6,1e-12,0.0135191,0,2.359e-12,4.36501e-13
LAPACK,842,1,0,6,1e-12,0.0134352,0,3.41061e-12,4.18869e-13
LAPACK,843,1,0,6,1e-12,0.0134875,0,3.58114e-12,4.68791e-13
LAPACK,844,1,0,6,1e-12,0.0136943,0,2.87059e-12,4.41171e-13
LAPACK,845,1,0,6,1e-12,0.0135935,0,2.50111e-12,4.20129e-13
LAPACK,846,1,0,6,1e-12,0.0135642,0,2.6148e-12,4.10931e-13
LAPACK,847,1,0,6,1e-12,0.0137552,0,4.77485e-12,4.89802e-13
LAPACK,848,1,0,6,1e-12,0.0138891,0,3.41061e-12,4.40688e-13
LAPACK,849,1,0,6,1e-12,0.0136727,0,2.95586e-12,4.27236e-13
LAPACK,850,1,0,6,1e-12,0.0137618,0,3.06954e-12,4.42285e-13
LAPACK,851,1,0,6,1e-12,0.0138411,0,3.41061e-12,4.46461e-13
LAPACK,852,1,0,6,1e-12,0.013983,0,4.20641e-12,5.22713e-13
LAPACK,853,1,0,6,1e-12,0.0139568,0,3.18323e-12,5.10679e-13
LAPACK,854,1,0,6,1e-12,0.0140324,0,4.05009e-12,4.22378e-13
LAPACK,855,1,0,6,1e-12,0.0139914,0,5.91172e-12,4.13573e-13
LAPACK,856,1,0,6,1e-12,0.0141914,0,3.75167e-12,4.93015e-13
LAPACK,857,1,0,6,1e-12,0.013976,0,3.06954e-12,4.13423e-13
LAPACK,858,1,0,6,1e-12,0.0141161,0,4.54747e-12,4.43942e-13
LAPACK,859,1,0,6,1e-12,0.0140299,0,3.15339e-12,4.41817e-13
LAPACK,860,1,0,6,1e-12,0.0142434,0,3.41061e-12,5.02778e-13
LAPACK,861,1,0,6,1e-12,0.0142435,0,3.29692e-12,4.89743e-13
LAPACK,862,1,0,6,1e-12,0.0140444,0,3.38218e-12,4.30876e-13
LAPACK,863,1,0,6,1e-12,0.0142696,0,3.86535e-12,4.26245e-13
LAPACK,864,1,0,6,1e-12,0.014222,0,3.41061e-12,4.19142e-13
LAPACK,865,1,0,6,1e-12,0.0143001,0,4.03588e-12,4.43531e-13
LAPACK,866,1,0,6,1e-12,0.0144771,0,3.97904e-12,4.90645e-13
LAPACK,867,1,0,6,1e-12,0.0144942,0,2.84217e-12,4.31247e-13
LAPACK,868,1,0,6,1e-12,0.0142718,0,3.69482e-12,4.12951e-13
LAPACK,869,1,0,6,1e-12,0.0144092,0,3.18323e-12,4.66654e-13
LAPACK,870,1,0,6,1e-12,0.0145634,0,3.52429e-12,4.66858e-13
LAPACK,871,1,0,6,1e-12,0.0146576,0,3.24007e-12,4.60221e-13
LAPACK,872,1,0,6,1e-12,0.0146711,0,3.86535e-12,4.56467e-13
LAPACK,873,1,0,6,1e-12,0.0145705,0,3.06954e-12,4.49334e-13
LAPACK,874,1,0,6,1e-12,0.014664,0,3.63798e-12,4.4928e-13
LAPACK,875,1,0,6,1e-12,0.0148318,0,2.84217e-12,4.27697e-13
LAPACK,876,1,0,6,1e-12,0.0145631,0,3.29692e-12,4.0664e-13
LAPACK,877,1,0,6,1e-12,0.0146633,0,2.84217e-12,4.36694e-13
LAPACK,878,1,0,6,1e-12,0.0148892,0,4.20641e-12,5.04625e-13
LAPACK,879,1,0,6,1e-12,0.0149274,0,2.6148e-12,4.34147e-13
LAPACK,880,1,0,6,1e-12,0.014972,0,3.38218e-12,4.48899e-13
LAPACK,881,1,0,6,1e-12,0.0150046,0,3.31113e-12,4.77013e-13
LAPACK,882,1,0,6,1e-12,0.015012,0,4.09273e-12,4.25115e-13
LAPACK,883,1,0,6,1e-12,0.0149663,0,3.86535e-12,4.69121e-13
LAPACK,884,1,0,6,1e-12,0.015202,0,3.24007e-12,5.3233e-13
LAPACK,885,1,0,6,1e-12,0.0149981,0,3.75167e-12,4.56531e-13
LAPACK,886,1,0,6,1e-12,0.0150153,0,4.68958e-12,4.26883e-13
LAPACK,887,1,0,6,1e-12,0.0150151,0,4.36273e-12,4.385e-13
LAPACK,888,1,0,6,1e-12,0.015379,0,6.82121e-12,7.56595e-13
LAPACK,889,1,0,6,1e-12,0.0151106,0,2.72848e-12,4.55762e-13
LAPACK,890,1,0,6,1e-12,0.0151519,0,6.08225e-12,4.79431e-13
LAPACK,891,1,0,6,1e-12,0.0151291,0,4.17799e-12,4.53119e-13
LAPACK,892,1,0,6,1e-12,0.0151283,0,2.38742e-12,4.42551e-13
LAPACK,893,1,0,6,1e-12,0.0156739,0,7.16227e-12,8.94319e-13
LAPACK,894,1,0,6,1e-12,0.0154544,0,3.52429e-12,4.4509e-13
LAPACK,895,1,0,6,1e-12,0.0153921,0,3.75167e-12,4.62887e-13
LAPACK,896,1,0,6,1e-12,0.0154366,0,3.75167e-12,4.88503e-13
LAPACK,897,1,0,6,1e-12,0.0152467,0,5.57066e-12,4.45303e-13
LAPACK,898,1,0,6,1e-12,0.0158999,0,7.04858e-12,8.3549e-13
LAPACK,899,1,0,6,1e-12,0.0155634,0,3.59535e-12,4.46088e-13
LAPACK,900,1,0,6,1e-12,0.0153373,0,3.18323e-12,4.3488e-13
LAPACK,901,1,0,6,1e-12,0.0152981,0,3.32534e-12,4.06467e-13
LAPACK,902,1,0,6,1e-12,0.0154041,0,3.75167e-12,3.95275e-13
LAPACK,903,1,0,6,1e-12,0.0155328,0,3.18323e-12,4.66988e-13
LAPACK,904,1,0,6,1e-12,0.015889,0,8.98126e-12,8.1124e-13
LAPACK,905,1,0,6,1e-12,0.0158861,0,7.04858e-12,8.0319e-13
LAPACK,906,1,0,6,1e-12,0.0157896,0,2.84217e-12,4.42775e-13
LAPACK,907,1,0,6,1e-12,0.0156684,0,3.72324e-12,4.57822e-13
LAPACK,908,1,0,6,1e-12,0.0156093,0,3.29692e-12,4.39576e-13
LAPACK,909,1,0,6,1e-12,0.0156315,0,3.86535e-12,4.54506e-13
LAPACK,910,1,0,6,1e-12,0.015958,0,3.18323e-12,5.02657e-13
LAPACK,911,1,0,6,1e-12,0.0161339,0,6.9349e-12,8.04406e-13
LAPACK,912,1,0,6,1e-12,0.0159987,0,3.18323e-12,4.95161e-13
LAPACK,913,1,0,6,1e-12,0.0158818,0,3.15481e-12,4.57849e-13
LAPACK,914,1,0,6,1e-12,0.0159669,0,4.20641e-12,4.49258e-13
LAPACK,915,1,0,6,1e-12,0.0159919,0,4.66116e-12,4.44204e-13
LAPACK,916,1,0,6,1e-12,0.0159128,0,3.41061e-12,4.69262e-13
LAPACK,917,1,0,6,1e-12,0.0159659,0,5.45697e-12,4.4352e-13
LAPACK,918,1,0,6,1e-12,0.0160455,0,3.04112e-12,4.43032e-13
LAPACK,919,1,0,6,1e-12,0.0161014,0,4.20641e-12,5.16886e-13
LAPACK,920,1,0,6,1e-12,0.0159646,0,2.84217e-12,4.16363e-13
LAPACK,921,1,0,6,1e-12,0.016343,0,4.3201e-12,4.29391e-13
LAPACK,922,1,0,6,1e-12,0.0161792,0,3.75167e-12,4.64213e-13
LAPACK,923,1,0,6,1e-12,0.0162589,0,6.30962e-12,4.94136e-13
LAPACK,924,1,0,6,1e-12,0.016364,0,3.06954e-12,4.88748e-13
LAPACK,925,1,0,6,1e-12,0.0161977,0,5.22959e-12,5.70623e-13
LAPACK,926,1,0,6,1e-12,0.0167546,0,6.59384e-12,8.05375e-13
LAPACK,927,1,0,6,1e-12,0.0163778,0,7.27596e-12,4.8418e-13
LAPACK,928,1,0,6,1e-12,0.0163303,0,4.09273e-12,4.39853e-13
LAPACK,929,1,0,6,1e-12,0.016498,0,3.86535e-12,4.54046e-13
LAPACK,930,1,0,6,1e-12,0.0165408,0,4.1922e-12,4.57644e-13
LAPACK,931,1,0,6,1e-12,0.0166319,0,4.54747e-12,5.04165e-13
LAPACK,932,1,0,6,1e-12,0.0163665,0,3.63798e-12,4.30046e-13
LAPACK,933,1,0,6,1e-12,0.0164514,0,2.95586e-12,4.46688e-13
LAPACK,934,1,0,6,1e-12,0.016735,0,3.06954e-12,4.68363e-13
LAPACK,935,1,0,6,1e-12,0.0166213,0,3.49587e-12,4.90658e-13
LAPACK,936,1,0,6,1e-12,0.0167638,0,3.06954e-12,4.72438e-13
LAPACK,937,1,0,6,1e-12,0.0166693,0,3.46745e-12,4.48798e-13
LAPACK,938,1,0,6,1e-12,0.0166212,0,3.86535e-12,4.39023e-13
LAPACK,939,1,0,6,1e-12,0.0169407,0,2.44427e-12,4.79564e-13
LAPACK,940,1,0,6,1e-12,0.0170723,0,6.36646e-12,8.1856e-13
LAPACK,941,1,0,6,1e-12,0.0171284,0,6.0254e-12,8.18725e-13
LAPACK,942,1,0,6,1e-12,0.0167314,0,3.2685e-12,4.45843e-13
LAPACK,943,1,0,6,1e-12,0.0168181,0,5.22959e-12,4.63441e-13
LAPACK,944,1,0,6,1e-12,0.0170342,0,4.20641e-12,4.48246e-13
LAPACK,945,1,0,6,1e-12,0.0170281,0,3.29692e-12,4.86154e-13
LAPACK,946,1,0,6,1e-12,0.0172108,0,3.35376e-12,4.89803e-13
LAPACK,947,1,0,6,1e-12,0.0170936,0,3.75167e-12,4.39418e-13
LAPACK,948,1,0,6,1e-12,0.0168631,0,2.50111e-12,4.43539e-13
LAPACK,949,1,0,6,1e-12,0.0170252,0,3.63798e-12,4.26185e-13
LAPACK,950,1,0,6,1e-12,0.0173507,0,4.43379e-12,4.58969e-13
LAPACK,951,1,0,6,1e-12,0.0172261,0,5.11591e-12,4.65467e-13
LAPACK,952,1,0,6,1e-12,0.017173,0,5.42855e-12,4.42692e-13
LAPACK,953,1,0,6,1e-12,0.0172137,0,3.46745e-12,4.65892e-13
LAPACK,954,1,0,6,1e-12,0.0173915,0,3.35376e-12,4.5825e-13
LAPACK,955,1,0,6,1e-12,0.0172735,0,4.14957e-12,4.61266e-13
LAPACK,956,1,0,6,1e-12,0.0173852,0,3.30846e-12,4.43467e-13
LAPACK,957,1,0,6,1e-12,0.0173961,0,2.87059e-12,4.31303e-13
LAPACK,958,1,0,6,1e-12,0.0173912,0,3.6664e-12,4.59709e-13
LAPACK,959,1,0,6,1e-12,0.0174,0,2.84217e-12,4.25026e-13
LAPACK,960,1,0,6,1e-12,0.0173748,0,3.18323e-12,4.47919e-13
LAPACK,961,1,0,6,1e-12,0.0174771,0,4.20641e-12,4.69201e-13
LAPACK,962,1,0,6,1e-12,0.0175238,0,3.86535e-12,4.60015e-13
LAPACK,963,1,0,6,1e-12,0.0174164,0,4.37694e-12,4.30976e-13
LAPACK,964,1,0,6,1e-12,0.0177073,0,3.97904e-12,4.64111e-13
LAPACK,965,1,0,6,1e-12,0.0176843,0,3.18323e-12,3.99452e-13
LAPACK,966,1,0,6,1e-12,0.0176726,0,3.46745e-12,4.5142e-13
LAPACK,967,1,0,6,1e-12,0.017875,0,3.06954e-12,4.39272e-13
LAPACK,968,1,0,6,1e-12,0.0178042,0,3.41061e-12,4.51383e-13
LAPACK,969,1,0,6,1e-12,0.0176721,0,3.41061e-12,4.57521e-13
LAPACK,970,1,0,6,1e-12,0.01793,0,2.84217e-12,4.80704e-13
LAPACK,971,1,0,6,1e-12,0.0178539,0,4.03588e-12,4.54137e-13
LAPACK,972,1,0,6,1e-12,0.0183606,0,8.07177e-12,8.6525e-13
LAPACK,973,1,0,6,1e-12,0.017882,0,4.09273e-12,4.45797e-13
LAPACK,974,1,0,6,1e-12,0.0178868,0,5.57066e-12,4.60654e-13
LAPACK,975,1,0,6,1e-12,0.0180205,0,4.3201e-12,4.85582e-13
LAPACK,976,1,0,6,1e-12,0.0180088,0,3.46745e-12,4.40701e-13
LAPACK,977,1,0,6,1e-12,0.0181601,0,3.58114e-12,4.41132e-13
LAPACK,978,1,0,6,1e-12,0.0179854,0,3.41061e-12,4.37966e-13
LAPACK,979,1,0,6,1e-12,0.0180036,0,3.63798e-12,4.75247e-13
LAPACK,980,1,0,6,1e-12,0.0182504,0,3.63798e-12,4.84754e-13
LAPACK,981,1,0,6,1e-12,0.0181583,0,3.63798e-12,4.40411e-13
LAPACK,982,1,0,6,1e-12,0.018415,0,3.41061e-12,4.51286e-13
LAPACK,983,1,0,6,1e-12,0.0182974,0,5.00222e-12,4.96758e-13
LAPACK,984,1,0,6,1e-12,0.018362,0,2.50111e-12,4.36756e-13
LAPACK,985,1,0,6,1e-12,0.0184666,0,4.09273e-12,5.09589e-13
LAPACK,986,1,0,6,1e-12,0.0182478,0,4.03588e-12,4.85335e-13
LAPACK,987,1,0,6,1e-12,0.0184293,0,3.63798e-12,4.84964e-13
LAPACK,988,1,0,6,1e-12,0.0186564,0,4.36273e-12,4.59549e-13
LAPACK,989,1,0,6,1e-12,0.0188247,0,8.98126e-12,8.58304e-13
LAPACK,990,1,0,6,1e-12,0.0185148,0,4.66116e-12,4.44167e-13
LAPACK,991,1,0,6,1e-12,0.0185099,0,4.54747e-12,4.75805e-13
LAPACK,992,1,0,6,1e-12,0.0187893,0,4.88853e-12,4.41281e-13
LAPACK,993,1,0,6,1e-12,0.0186188,0,4.77485e-12,4.29985e-13
LAPACK,994,1,0,6,1e-12,0.018609,0,4.54747e-12,4.63855e-13
LAPACK,995,1,0,6,1e-12,0.0188988,0,3.41061e-12,4.47864e-13
LAPACK,996,1,0,6,1e-12,0.0186737,0,4.51905e-12,5.13755e-13
LAPACK,997,1,0,6,1e-12,0.0188996,0,4.26326e-12,4.43207e-13
LAPACK,998,1,0,6,1e-12,0.019217,0,7.7307e-12,8.56915e-13
LAPACK,999,1,0,6,1e-12,0.0190496,0,2.6148e-12,4.71523e-13
LAPACK,1000,1,0,6,1e-12,0.0189844,0,3.83693e-12,4.88203e-13
