version, size, hermitian, complex, seed, tol, runtime in s,min_error, max_error, avg_error
Hessenberg basic,900,0,0,9,1e-12,1.38687,0,2.9786e-11,3.54299e-12
Hessenberg basic,900,0,1,9,1e-12,4.75799,2.84217e-14,2.1384e-11,4.60683e-12
Hessenberg basic,901,0,0,9,1e-12,2.01956,0,5.00222e-11,3.82e-12
Hessenberg basic,901,0,1,9,1e-12,4.71561,2.0107e-14,2.92741e-11,4.80229e-12
Hessenberg basic,902,0,0,9,1e-12,1.36538,0,2.251e-11,3.46056e-12
Hessenberg basic,902,0,1,9,1e-12,3.99822,0,2.25192e-11,4.63749e-12
Hessenberg basic,903,0,0,9,1e-12,0.99959,0,3.75167e-11,3.59546e-12
Hessenberg basic,903,0,1,9,1e-12,3.04513,4.26326e-14,2.6784e-11,5.09926e-12
Hessenberg basic,904,0,0,9,1e-12,1.06055,0,3.66072e-11,3.56398e-12
Hessenberg basic,904,0,1,9,1e-12,3.84889,3.01458e-14,2.62449e-11,4.85931e-12
Hessenberg basic,905,0,0,9,1e-12,1.82181,0,2.27374e-11,3.60583e-12
Hessenberg basic,905,0,1,9,1e-12,2.70452,1.42109e-14,2.30829e-11,4.79682e-12
Hessenberg basic,906,0,0,9,1e-12,1.97713,0,2.47837e-11,4.0124e-12
Hessenberg basic,906,0,1,9,1e-12,2.66629,2.84217e-14,3.12893e-11,4.90282e-12
Hessenberg basic,907,0,0,9,1e-12,0.900725,0,2.84217e-11,3.80638e-12
Hessenberg basic,907,0,1,9,1e-12,3.31654,2.00972e-14,2.20407e-11,4.70687e-12
Hessenberg basic,908,0,0,9,1e-12,2.19108,0,2.72848e-11,3.63612e-12
Hessenberg basic,908,0,1,9,1e-12,4.61638,1.05764e-13,2.03013e-11,4.61534e-12
Hessenberg basic,909,0,0,9,1e-12,0.695708,0,1.7789e-11,3.70169e-12
Hessenberg basic,909,0,1,9,1e-12,2.95883,4.54969e-14,2.63153e-11,4.86238e-12
Hessenberg basic,910,0,0,9,1e-12,0.934711,0,2.81943e-11,3.95391e-12
Hessenberg basic,910,0,1,9,1e-12,3.23466,4.01944e-14,2.61413e-11,4.67807e-12
Hessenberg basic,911,0,0,9,1e-12,1.95891,0,1.99376e-11,3.75762e-12
Hessenberg basic,911,0,1,9,1e-12,2.39096,4.01944e-14,4.5978e-11,4.874e-12
Hessenberg basic,912,0,0,9,1e-12,0.949923,0,3.06954e-11,3.63652e-12
Hessenberg basic,912,0,1,9,1e-12,3.4724,0,2.43529e-11,4.85482e-12
Hessenberg basic,913,0,0,9,1e-12,1.41176,0,2.47837e-11,3.60144e-12
Hessenberg basic,913,0,1,9,1e-12,4.27859,6.35529e-14,2.73653e-11,4.66696e-12
Hessenberg basic,914,0,0,9,1e-12,0.721474,0,2.26465e-11,3.65342e-12
Hessenberg basic,914,0,1,9,1e-12,2.90204,7.68569e-14,2.96459e-11,4.88079e-12
Hessenberg basic,915,0,0,9,1e-12,0.898173,0,3.13776e-11,3.8214e-12
Hessenberg basic,915,0,1,9,1e-12,3.40576,4.9738e-14,2.58707e-11,5.04541e-12
Hessenberg basic,916,0,0,9,1e-12,1.54921,0,2.95586e-11,3.85906e-12
Hessenberg basic,916,0,1,9,1e-12,3.01862,7.10543e-15,2.55654e-11,4.92039e-12
Hessenberg basic,917,0,0,9,1e-12,1.77418,0,2.77396e-11,3.73141e-12
Hessenberg basic,917,0,1,9,1e-12,2.71031,4.26326e-14,2.04282e-11,4.65493e-12
Hessenberg basic,918,0,0,9,1e-12,0.78729,0,3.06954e-11,3.30026e-12
Hessenberg basic,918,0,1,9,1e-12,3.67388,3.6067e-14,3.09938e-11,4.49136e-12
Hessenberg basic,919,0,0,9,1e-12,1.55318,0,3.5925e-11,4.16305e-12
Hessenberg basic,919,0,1,9,1e-12,3.98471,8.52651e-14,2.27533e-11,4.90449e-12
Hessenberg basic,920,0,0,9,1e-12,0.947923,0,3.56977e-11,3.82491e-12
Hessenberg basic,920,0,1,9,1e-12,3.83175,4.01944e-14,2.3791e-11,4.87315e-12
Hessenberg basic,921,0,0,9,1e-12,0.681788,0,3.06954e-11,3.93979e-12
Hessenberg basic,921,0,1,9,1e-12,2.91184,0,2.76808e-11,4.75364e-12
Hessenberg basic,922,0,0,9,1e-12,0.87258,0,1.97265e-11,3.79669e-12
Hessenberg basic,922,0,1,9,1e-12,3.79517,5.68434e-14,2.95586e-11,4.77238e-12
Hessenberg basic,923,0,0,9,1e-12,1.99064,0,1.76127e-11,3.66767e-12
Hessenberg basic,923,0,1,9,1e-12,2.71935,0,3.13357e-11,4.96415e-12
Hessenberg basic,924,0,0,9,1e-12,1.52362,0,3.16049e-11,3.88115e-12
Hessenberg basic,924,0,1,9,1e-12,2.94391,4.49387e-14,2.15409e-11,4.73453e-12
Hessenberg basic,925,0,0,9,1e-12,0.864534,0,2.04636e-11,3.68169e-12
Hessenberg basic,925,0,1,9,1e-12,4.76206,3.17764e-14,2.30994e-11,4.72573e-12
Hessenberg basic,926,0,0,9,1e-12,0.973869,0,2.81943e-11,3.92407e-12
Hessenberg basic,926,0,1,9,1e-12,3.90463,2.86429e-14,2.3962e-11,4.68825e-12
Hessenberg basic,927,0,0,9,1e-12,0.972639,0,2.66027e-11,3.64806e-12
Hessenberg basic,927,0,1,9,1e-12,2.9957,3.55271e-14,3.31734e-11,4.85296e-12
Hessenberg basic,928,0,0,9,1e-12,1.01538,0,2.87899e-11,3.81568e-12
Hessenberg basic,928,0,1,9,1e-12,3.99869,1.99593e-14,2.20719e-11,4.66456e-12
Hessenberg basic,929,0,0,9,1e-12,1.85857,0,1.92937e-11,4.01385e-12
Hessenberg basic,929,0,1,9,1e-12,3.12864,5.72858e-14,2.43175e-11,4.94797e-12
Hessenberg basic,930,0,0,9,1e-12,2.34354,0,2.93312e-11,3.85966e-12
Hessenberg basic,930,0,1,9,1e-12,2.91748,3.17764e-14,2.20318e-11,4.59408e-12
Hessenberg basic,931,0,0,9,1e-12,1.2292,0,2.29647e-11,3.70708e-12
Hessenberg basic,931,0,1,9,1e-12,3.03116,8.03887e-14,2.18175e-11,4.59849e-12
Hessenberg basic,932,0,0,9,1e-12,1.55881,0,3.93356e-11,3.71208e-12
Hessenberg basic,932,0,1,9,1e-12,5.13793,4.01944e-14,3.49492e-11,4.98902e-12
Hessenberg basic,933,0,0,9,1e-12,0.859671,0,2.22516e-11,3.65935e-12
Hessenberg basic,933,0,1,9,1e-12,3.94642,0,2.24251e-11,4.66448e-12
Hessenberg basic,934,0,0,9,1e-12,0.802425,0,2.66027e-11,3.89684e-12
Hessenberg basic,934,0,1,9,1e-12,3.34019,4.01944e-14,2.42011e-11,4.51423e-12
Hessenberg basic,935,0,0,9,1e-12,1.05556,0,2.3554e-11,4.02459e-12
Hessenberg basic,935,0,1,9,1e-12,3.60844,0,2.5441e-11,4.87746e-12
Hessenberg basic,936,0,0,9,1e-12,1.91445,0,2.41908e-11,4.128e-12
Hessenberg basic,936,0,1,9,1e-12,2.89442,2.84217e-14,2.77433e-11,4.96006e-12
Hessenberg basic,937,0,0,9,1e-12,2.56693,0,2.22826e-11,3.66097e-12
Hessenberg basic,937,0,1,9,1e-12,2.926,2.84217e-14,2.97111e-11,4.91193e-12
Hessenberg basic,938,0,0,9,1e-12,0.818503,0,2.75122e-11,3.4335e-12
Hessenberg basic,938,0,1,9,1e-12,3.57519,0,3.07474e-11,4.70126e-12
Hessenberg basic,939,0,0,9,1e-12,1.72927,0,1.95569e-11,3.89689e-12
Hessenberg basic,939,0,1,9,1e-12,4.88655,0,2.70106e-11,5.05426e-12
Hessenberg basic,940,0,0,9,1e-12,0.957459,0,2.36469e-11,3.9018e-12
Hessenberg basic,940,0,1,9,1e-12,3.58019,1.46482e-14,2.40364e-11,4.43828e-12
Hessenberg basic,941,0,0,9,1e-12,0.966573,0,2.29647e-11,3.77541e-12
Hessenberg basic,941,0,1,9,1e-12,3.17328,0,3.16853e-11,4.6528e-12
Hessenberg basic,942,0,0,9,1e-12,1.06032,0,3.04681e-11,3.80894e-12
Hessenberg basic,942,0,1,9,1e-12,4.37455,6.41705e-14,2.51986e-11,4.96685e-12
Hessenberg basic,943,0,0,9,1e-12,2.4717,0,2.22826e-11,3.42911e-12
Hessenberg basic,943,0,1,9,1e-12,2.7234,2.84217e-14,2.13226e-11,4.53419e-12
Hessenberg basic,944,0,0,9,1e-12,0.913375,0,2.24701e-11,3.59973e-12
Hessenberg basic,944,0,1,9,1e-12,3.26372,4.76647e-14,3.44526e-11,5.1177e-12
Hessenberg basic,945,0,0,9,1e-12,1.5901,0,1.69622e-11,3.52284e-12
Hessenberg basic,945,0,1,9,1e-12,5.3382,0,2.46268e-11,5.07911e-12
Hessenberg basic,946,0,0,9,1e-12,0.82339,0,2.48753e-11,3.80841e-12
Hessenberg basic,946,0,1,9,1e-12,3.45613,6.55088e-14,2.28055e-11,4.65363e-12
Hessenberg basic,947,0,0,9,1e-12,0.927105,0,1.84251e-11,3.48827e-12
Hessenberg basic,947,0,1,9,1e-12,3.8675,4.01944e-14,2.46079e-11,4.57757e-12
Hessenberg basic,948,0,0,9,1e-12,1.31416,0,2.59206e-11,3.56723e-12
Hessenberg basic,948,0,1,9,1e-12,3.66293,7.10543e-15,2.10625e-11,4.52403e-12
Hessenberg basic,949,0,0,9,1e-12,2.21872,0,1.90994e-11,3.99753e-12
Hessenberg basic,949,0,1,9,1e-12,3.1112,3.17764e-14,2.14101e-11,4.51567e-12
Hessenberg basic,950,0,0,9,1e-12,2.31052,0,2.27374e-11,3.9018e-12
Hessenberg basic,950,0,1,9,1e-12,3.19079,5.68434e-14,2.34085e-11,4.62631e-12
Hessenberg basic,951,0,0,9,1e-12,0.945815,0,2.26975e-11,3.45157e-12
Hessenberg basic,951,0,1,9,1e-12,3.72907,4.39446e-14,2.32725e-11,4.74507e-12
Hessenberg basic,952,0,0,9,1e-12,1.81829,0,1.99549e-11,3.76772e-12
Hessenberg basic,952,0,1,9,1e-12,4.79739,3.66205e-14,2.59843e-11,4.69543e-12
Hessenberg basic,953,0,0,9,1e-12,1.34479,0,2.03956e-11,3.50939e-12
Hessenberg basic,953,0,1,9,1e-12,4.13768,5.1238e-14,2.04045e-11,4.69615e-12
Hessenberg basic,954,0,0,9,1e-12,0.942371,0,2.50741e-11,4.07754e-12
Hessenberg basic,954,0,1,9,1e-12,3.67154,5.1238e-14,2.24956e-11,4.56852e-12
Hessenberg basic,955,0,0,9,1e-12,1.11444,0,2.3465e-11,3.74475e-12
Hessenberg basic,955,0,1,9,1e-12,3.77885,0,2.04699e-11,4.55808e-12
Hessenberg basic,956,0,0,9,1e-12,2.29433,0,2.45564e-11,3.57852e-12
Hessenberg basic,956,0,1,9,1e-12,4.28765,5.85929e-14,2.23408e-11,4.48953e-12
Hessenberg basic,957,0,0,9,1e-12,1.97547,0,2.81943e-11,3.7327e-12
Hessenberg basic,957,0,1,9,1e-12,3.21706,3.17764e-14,2.10282e-11,4.91483e-12
Hessenberg basic,958,0,0,9,1e-12,1.78156,0,1.74534e-11,3.62928e-12
Hessenberg basic,958,0,1,9,1e-12,4.35008,1.42109e-14,2.95591e-11,4.66534e-12
Hessenberg basic,959,0,0,9,1e-12,1.47199,0,2.45219e-11,3.6539e-12
Hessenberg basic,959,0,1,9,1e-12,4.13463,0,2.52252e-11,4.81105e-12
Hessenberg basic,960,0,0,9,1e-12,1.04614,0,2.70575e-11,3.59747e-12
Hessenberg basic,960,0,1,9,1e-12,4.31841,5.7834e-14,2.3086e-11,4.57193e-12
Hessenberg basic,961,0,0,9,1e-12,1.8009,0,2.41016e-11,3.52411e-12
Hessenberg basic,961,0,1,9,1e-12,4.60241,3.17764e-14,2.32147e-11,4.61122e-12
Hessenberg basic,962,0,0,9,1e-12,1.29074,0,2.15073e-11,3.7549e-12
Hessenberg basic,962,0,1,9,1e-12,3.62032,0,2.54211e-11,4.8591e-12
Hessenberg basic,963,0,0,9,1e-12,1.73643,0,2.02363e-11,3.95667e-12
Hessenberg basic,963,0,1,9,1e-12,4.82315,5.68434e-14,3.23726e-11,4.77173e-12
Hessenberg basic,964,0,0,9,1e-12,1.318,0,2.68301e-11,3.56866e-12
Hessenberg basic,964,0,1,9,1e-12,3.98121,0,2.50988e-11,4.62168e-12
Hessenberg basic,965,0,0,9,1e-12,1.00502,0,2.75122e-11,3.45947e-12
Hessenberg basic,965,0,1,9,1e-12,4.3197,2.92964e-14,2.3254e-11,4.73035e-12
Hessenberg basic,966,0,0,9,1e-12,1.88867,0,2.1219e-11,3.63951e-12
Hessenberg basic,966,0,1,9,1e-12,4.34759,2.13163e-14,2.38959e-11,4.53224e-12
Hessenberg basic,967,0,0,9,1e-12,1.25699,0,2.47837e-11,3.62483e-12
Hessenberg basic,967,0,1,9,1e-12,4.21666,5.68434e-14,2.41166e-11,4.34219e-12
Hessenberg basic,968,0,0,9,1e-12,2.29409,0,2.47892e-11,3.7456e-12
Hessenberg basic,968,0,1,9,1e-12,4.41757,6.07088e-14,2.25456e-11,4.87449e-12
Hessenberg basic,969,0,0,9,1e-12,1.61155,0,2.24312e-11,3.8922e-12
Hessenberg basic,969,0,1,9,1e-12,3.67869,0,2.35815e-11,4.80801e-12
Hessenberg basic,970,0,0,9,1e-12,1.56603,0,2.59206e-11,3.73302e-12
Hessenberg basic,970,0,1,9,1e-12,4.28528,0,2.45416e-11,4.52688e-12
Hessenberg basic,971,0,0,9,1e-12,1.24978,0,2.29278e-11,3.94977e-12
Hessenberg basic,971,0,1,9,1e-12,3.73371,0,2.23651e-11,4.6674e-12
Hessenberg basic,972,0,0,9,1e-12,1.06825,0,2.04636e-11,3.80036e-12
Hessenberg basic,972,0,1,9,1e-12,3.86049,7.10543e-15,2.41129e-11,4.60418e-12
Hessenberg basic,973,0,0,9,1e-12,1.31653,0,4.11546e-11,3.95807e-12
Hessenberg basic,973,0,1,9,1e-12,5.18418,3.97205e-14,2.3512e-11,4.65676e-12
Hessenberg basic,974,0,0,9,1e-12,1.41697,0,2.27426e-11,4.03161e-12
Hessenberg basic,974,0,1,9,1e-12,4.96914,2.92964e-14,2.37744e-11,4.52216e-12
Hessenberg basic,975,0,0,9,1e-12,1.29574,0,2.70575e-11,3.81779e-12
Hessenberg basic,975,0,1,9,1e-12,4.38464,7.10543e-15,2.66292e-11,4.7271e-12
Hessenberg basic,976,0,0,9,1e-12,1.48824,0,2.31921e-11,3.88125e-12
Hessenberg basic,976,0,1,9,1e-12,3.79944,2.8917e-14,2.60886e-11,4.71423e-12
Hessenberg basic,977,0,0,9,1e-12,1.47756,0,1.84173e-11,3.4659e-12
Hessenberg basic,977,0,1,9,1e-12,3.46882,2.84217e-14,4.03153e-11,4.86472e-12
Hessenberg basic,978,0,0,9,1e-12,2.36799,0,1.95214e-11,3.56706e-12
Hessenberg basic,978,0,1,9,1e-12,4.58243,3.55271e-15,2.39413e-11,4.62805e-12
Hessenberg basic,979,0,0,9,1e-12,1.07163,0,2.6148e-11,3.73065e-12
Hessenberg basic,979,0,1,9,1e-12,4.15107,2.98857e-14,3.29074e-11,4.64e-12
Hessenberg basic,980,0,0,9,1e-12,1.23441,0,2.45564e-11,3.94763e-12
Hessenberg basic,980,0,1,9,1e-12,3.60418,4.01944e-14,3.37411e-11,4.71411e-12
Hessenberg basic,981,0,0,9,1e-12,1.09151,0,2.20552e-11,3.4805e-12
Hessenberg basic,981,0,1,9,1e-12,5.22602,2.86429e-14,2.36578e-11,4.72189e-12
Hessenberg basic,982,0,0,9,1e-12,2.09965,0,2.81943e-11,3.48669e-12
Hessenberg basic,982,0,1,9,1e-12,5.09171,6.79573e-14,2.86764e-11,4.54758e-12
Hessenberg basic,983,0,0,9,1e-12,1.36804,0,2.50096e-11,3.4467e-12
Hessenberg basic,983,0,1,9,1e-12,4.73735,2.13163e-14,2.60204e-11,4.66614e-12
Hessenberg basic,984,0,0,9,1e-12,1.24,0,2.22826e-11,3.62225e-12
Hessenberg basic,984,0,1,9,1e-12,4.3329,1.00486e-13,2.81475e-11,4.78409e-12
Hessenberg basic,985,0,0,9,1e-12,1.76378,0,2.4329e-11,3.93819e-12
Hessenberg basic,985,0,1,9,1e-12,3.51623,7.53854e-14,2.47785e-11,4.57562e-12
Hessenberg basic,986,0,0,9,1e-12,2.19927,0,2.59206e-11,4.03056e-12
Hessenberg basic,986,0,1,9,1e-12,4.67361,6.70325e-14,2.6285e-11,4.64417e-12
Hessenberg basic,987,0,0,9,1e-12,1.66863,0,2.35432e-11,3.73163e-12
Hessenberg basic,987,0,1,9,1e-12,4.20878,1.59872e-14,2.1219e-11,4.63262e-12
Hessenberg basic,988,0,0,9,1e-12,1.18942,0,2.59206e-11,3.94136e-12
Hessenberg basic,988,0,1,9,1e-12,5.97174,0,2.45669e-11,4.60103e-12
Hessenberg basic,989,0,0,9,1e-12,1.89299,0,1.64848e-11,3.49775e-12
Hessenberg basic,989,0,1,9,1e-12,5.09528,6.55088e-14,2.26839e-11,4.7248e-12
Hessenberg basic,990,0,0,9,1e-12,1.57933,0,2.37303e-11,4.12602e-12
Hessenberg basic,990,0,1,9,1e-12,4.12106,1.42109e-14,3.26485e-11,4.51554e-12
Hessenberg basic,991,0,0,9,1e-12,2.45254,0,2.29647e-11,3.68125e-12
Hessenberg basic,991,0,1,9,1e-12,4.86348,2.84217e-14,2.33568e-11,4.78596e-12
Hessenberg basic,992,0,0,9,1e-12,1.43421,0,2.22826e-11,3.82637e-12
Hessenberg basic,992,0,1,9,1e-12,4.70031,1.13742e-14,2.32159e-11,4.64149e-12
Hessenberg basic,993,0,0,9,1e-12,1.4127,0,2.02612e-11,3.64089e-12
Hessenberg basic,993,0,1,9,1e-12,4.90272,2.84217e-14,2.38518e-11,4.83373e-12
Hessenberg basic,994,0,0,9,1e-12,1.56355,0,2.18439e-11,3.77648e-12
Hessenberg basic,994,0,1,9,1e-12,5.53587,5.85929e-14,2.39502e-11,4.60012e-12
Hessenberg basic,995,0,0,9,1e-12,1.84224,0,2.38742e-11,3.74555e-12
Hessenberg basic,995,0,1,9,1e-12,4.92399,2.84217e-14,2.34371e-11,4.91377e-12
Hessenberg basic,996,0,0,9,1e-12,1.36243,0,2.63753e-11,3.80938e-12
Hessenberg basic,996,0,1,9,1e-12,4.67712,9.09939e-14,2.34385e-11,4.83067e-12
Hessenberg basic,997,0,0,9,1e-12,1.72394,0,1.79625e-11,3.63482e-12
Hessenberg basic,997,0,1,9,1e-12,3.58245,0,2.6784e-11,4.7353e-12
Hessenberg basic,998,0,0,9,1e-12,2.16076,0,2.63753e-11,3.78739e-12
Hessenberg basic,998,0,1,9,1e-12,3.42702,2.84217e-14,2.51328e-11,4.73093e-12
Hessenberg basic,999,0,0,9,1e-12,2.19296,0,2.18279e-11,3.78638e-12
Hessenberg basic,999,0,1,9,1e-12,3.9854,3.55271e-14,2.72377e-11,4.59906e-12
Hessenberg basic,1000,0,0,9,1e-12,1.24319,0,2.06704e-11,3.53908e-12
Hessenberg basic,1000,0,1,9,1e-12,3.89816,1.42109e-14,2.23562e-11,4.60802e-12
