version, size, hermitian, complex, seed, tol, runtime in s,min_error, max_error, avg_error
Hessenberg basic,900,0,0,8,1e-12,1.84041,0,1.95541e-11,3.63617e-12
Hessenberg basic,900,0,1,8,1e-12,3.05103,1.42109e-14,3.0999e-11,4.4521e-12
Hessenberg basic,901,0,0,8,1e-12,1.10918,0,3.63798e-11,3.29463e-12
Hessenberg basic,901,0,1,8,1e-12,2.01448,2.00972e-14,2.30002e-11,4.55685e-12
Hessenberg basic,902,0,0,8,1e-12,1.3021,0,2.75122e-11,3.69472e-12
Hessenberg basic,902,0,1,8,1e-12,3.31959,7.24614e-14,2.91225e-11,4.57546e-12
Hessenberg basic,903,0,0,8,1e-12,2.06555,0,3.31966e-11,3.5771e-12
Hessenberg basic,903,0,1,8,1e-12,2.22321,4.49387e-14,2.64128e-11,4.27104e-12
Hessenberg basic,904,0,0,8,1e-12,0.960094,0,2.68302e-11,3.87663e-12
Hessenberg basic,904,0,1,8,1e-12,2.57289,2.00972e-14,2.57618e-11,4.60365e-12
Hessenberg basic,905,0,0,8,1e-12,1.5685,0,2.47837e-11,3.43627e-12
Hessenberg basic,905,0,1,8,1e-12,4.00157,3.17764e-14,2.6438e-11,4.43985e-12
Hessenberg basic,906,0,0,8,1e-12,0.76737,0,2.70575e-11,3.70686e-12
Hessenberg basic,906,0,1,8,1e-12,2.23719,2.92964e-14,2.53815e-11,4.44953e-12
Hessenberg basic,907,0,0,8,1e-12,1.0207,0,2.63753e-11,3.75649e-12
Hessenberg basic,907,0,1,8,1e-12,3.17603,3.17764e-14,2.37271e-11,4.351e-12
Hessenberg basic,908,0,0,8,1e-12,2.07846,0,2.7967e-11,3.8107e-12
Hessenberg basic,908,0,1,8,1e-12,2.29301,2.92964e-14,2.38005e-11,4.37427e-12
Hessenberg basic,909,0,0,8,1e-12,0.911053,0,2.01854e-11,3.72687e-12
Hessenberg basic,909,0,1,8,1e-12,2.53622,2.13163e-14,2.22699e-11,4.41633e-12
Hessenberg basic,910,0,0,8,1e-12,1.49884,0,2.75122e-11,3.50832e-12
Hessenberg basic,910,0,1,8,1e-12,4.25215,1.42109e-14,2.69336e-11,4.61253e-12
Hessenberg basic,911,0,0,8,1e-12,0.889076,0,2.52385e-11,3.62303e-12
Hessenberg basic,911,0,1,8,1e-12,2.22714,4.60141e-14,1.82027e-11,4.34554e-12
Hessenberg basic,912,0,0,8,1e-12,0.906816,0,2.41016e-11,3.54524e-12
Hessenberg basic,912,0,1,8,1e-12,3.21952,2.84217e-14,2.164e-11,4.5315e-12
Hessenberg basic,913,0,0,8,1e-12,1.51987,0,2.6368e-11,3.77812e-12
Hessenberg basic,913,0,1,8,1e-12,1.9704,2.84217e-14,2.21476e-11,4.60782e-12
Hessenberg basic,914,0,0,8,1e-12,0.840686,0,2.59968e-11,3.89168e-12
Hessenberg basic,914,0,1,8,1e-12,2.3332,1.42109e-14,3.18842e-11,4.60245e-12
Hessenberg basic,915,0,0,8,1e-12,1.08281,0,2.70575e-11,3.75519e-12
Hessenberg basic,915,0,1,8,1e-12,5.23593,3.03544e-14,1.96399e-11,4.41608e-12
Hessenberg basic,916,0,0,8,1e-12,0.999421,0,2.59206e-11,3.73606e-12
Hessenberg basic,916,0,1,8,1e-12,3.53258,5.85929e-14,1.98469e-11,4.2689e-12
Hessenberg basic,917,0,0,8,1e-12,0.803506,0,2.251e-11,3.48258e-12
Hessenberg basic,917,0,1,8,1e-12,3.16386,1.42109e-14,2.27885e-11,4.56224e-12
Hessenberg basic,918,0,0,8,1e-12,1.23525,0,2.11458e-11,3.31359e-12
Hessenberg basic,918,0,1,8,1e-12,4.64981,0,2.77964e-11,4.58901e-12
Hessenberg basic,919,0,0,8,1e-12,2.39262,0,1.86446e-11,3.56431e-12
Hessenberg basic,919,0,1,8,1e-12,2.68584,6.55088e-14,2.51934e-11,4.48064e-12
Hessenberg basic,920,0,0,8,1e-12,1.52691,0,1.93712e-11,3.65226e-12
Hessenberg basic,920,0,1,8,1e-12,3.0892,5.1238e-14,2.20693e-11,4.33672e-12
Hessenberg basic,921,0,0,8,1e-12,0.957615,0,2.6148e-11,3.98798e-12
Hessenberg basic,921,0,1,8,1e-12,4.65324,3.17764e-14,2.35812e-11,4.42065e-12
Hessenberg basic,922,0,0,8,1e-12,1.04475,0,2.56932e-11,3.69879e-12
Hessenberg basic,922,0,1,8,1e-12,4.00278,4.49387e-14,3.1878e-11,4.49519e-12
Hessenberg basic,923,0,0,8,1e-12,0.838621,0,2.41016e-11,3.48868e-12
Hessenberg basic,923,0,1,8,1e-12,2.75109,3.01457e-14,2.55452e-11,4.55733e-12
Hessenberg basic,924,0,0,8,1e-12,0.805615,0,2.46889e-11,3.61151e-12
Hessenberg basic,924,0,1,8,1e-12,3.21042,6.35529e-14,2.46488e-11,4.68075e-12
Hessenberg basic,925,0,0,8,1e-12,1.73807,0,1.83231e-11,3.69157e-12
Hessenberg basic,925,0,1,8,1e-12,2.37122,2.84217e-14,2.57294e-11,4.39228e-12
Hessenberg basic,926,0,0,8,1e-12,1.08991,0,2.59206e-11,3.6705e-12
Hessenberg basic,926,0,1,8,1e-12,2.81813,6.55088e-14,2.4342e-11,4.48737e-12
Hessenberg basic,927,0,0,8,1e-12,1.6095,0,2.68301e-11,3.75154e-12
Hessenberg basic,927,0,1,8,1e-12,4.0177,2.00972e-14,3.64197e-11,4.47084e-12
Hessenberg basic,928,0,0,8,1e-12,0.796919,0,2.70575e-11,3.75638e-12
Hessenberg basic,928,0,1,8,1e-12,2.67717,2.92964e-14,2.59565e-11,4.52212e-12
Hessenberg basic,929,0,0,8,1e-12,0.943627,0,3.81988e-11,3.78613e-12
Hessenberg basic,929,0,1,8,1e-12,3.10325,2.84217e-14,2.37918e-11,4.76035e-12
Hessenberg basic,930,0,0,8,1e-12,2.53414,0,2.7967e-11,3.72977e-12
Hessenberg basic,930,0,1,8,1e-12,2.40886,1.42109e-14,2.09825e-11,4.34185e-12
Hessenberg basic,931,0,0,8,1e-12,0.982555,0,2.18279e-11,3.62517e-12
Hessenberg basic,931,0,1,8,1e-12,3.0949,5.7834e-14,1.99924e-11,4.37483e-12
Hessenberg basic,932,0,0,8,1e-12,1.73101,0,3.02407e-11,3.60326e-12
Hessenberg basic,932,0,1,8,1e-12,3.68361,3.17764e-14,2.18752e-11,4.40058e-12
Hessenberg basic,933,0,0,8,1e-12,0.840818,0,2.20552e-11,3.6785e-12
Hessenberg basic,933,0,1,8,1e-12,2.49579,4.01662e-14,2.32966e-11,4.46262e-12
Hessenberg basic,934,0,0,8,1e-12,1.06161,0,1.86446e-11,3.11322e-12
Hessenberg basic,934,0,1,8,1e-12,2.66052,1.42109e-14,1.94591e-11,4.59333e-12
Hessenberg basic,935,0,0,8,1e-12,1.99216,0,2.52385e-11,3.72081e-12
Hessenberg basic,935,0,1,8,1e-12,2.68015,1.06581e-14,2.28917e-11,4.29353e-12
Hessenberg basic,936,0,0,8,1e-12,0.770655,0,2.28327e-11,3.64757e-12
Hessenberg basic,936,0,1,8,1e-12,4.68981,2.84217e-14,2.27842e-11,4.63033e-12
Hessenberg basic,937,0,0,8,1e-12,1.23693,0,2.70575e-11,3.87418e-12
Hessenberg basic,937,0,1,8,1e-12,4.63794,1.42109e-14,2.09407e-11,4.32865e-12
Hessenberg basic,938,0,0,8,1e-12,0.892901,0,2.45976e-11,3.71643e-12
Hessenberg basic,938,0,1,8,1e-12,2.97623,0,2.63952e-11,4.6105e-12
Hessenberg basic,939,0,0,8,1e-12,1.02018,0,4.38831e-11,3.46052e-12
Hessenberg basic,939,0,1,8,1e-12,3.55955,2.5619e-14,2.18965e-11,4.42702e-12
Hessenberg basic,940,0,0,8,1e-12,1.72322,0,4.04725e-11,3.84156e-12
Hessenberg basic,940,0,1,8,1e-12,2.77191,5.68434e-14,2.06401e-11,4.35981e-12
Hessenberg basic,941,0,0,8,1e-12,1.85979,0,2.1724e-11,3.82889e-12
Hessenberg basic,941,0,1,8,1e-12,2.63437,0,2.0646e-11,4.25556e-12
Hessenberg basic,942,0,0,8,1e-12,0.875039,0,2.72848e-11,3.39743e-12
Hessenberg basic,942,0,1,8,1e-12,5.0331,0,2.4134e-11,4.27228e-12
Hessenberg basic,943,0,0,8,1e-12,0.98524,0,2.29934e-11,3.53595e-12
Hessenberg basic,943,0,1,8,1e-12,4.82214,4.54969e-14,3.3427e-11,4.45002e-12
Hessenberg basic,944,0,0,8,1e-12,0.884665,0,1.51613e-11,3.34881e-12
Hessenberg basic,944,0,1,8,1e-12,2.81387,4.9738e-14,2.80786e-11,4.27308e-12
Hessenberg basic,945,0,0,8,1e-12,1.18911,0,3.00133e-11,4.06705e-12
Hessenberg basic,945,0,1,8,1e-12,4.11052,3.09728e-14,2.26839e-11,4.43807e-12
Hessenberg basic,946,0,0,8,1e-12,1.94351,0,2.4329e-11,3.59922e-12
Hessenberg basic,946,0,1,8,1e-12,3.59158,6.07088e-14,2.65488e-11,4.61722e-12
Hessenberg basic,947,0,0,8,1e-12,2.31669,0,2.13731e-11,3.64229e-12
Hessenberg basic,947,0,1,8,1e-12,3.05299,8.98773e-14,2.28667e-11,4.3095e-12
Hessenberg basic,948,0,0,8,1e-12,1.2356,0,2.34195e-11,3.76678e-12
Hessenberg basic,948,0,1,8,1e-12,4.05268,1.58882e-14,2.45702e-11,4.5051e-12
Hessenberg basic,949,0,0,8,1e-12,1.76751,0,3.43334e-11,3.48793e-12
Hessenberg basic,949,0,1,8,1e-12,4.82445,1.42109e-14,2.05896e-11,4.26609e-12
Hessenberg basic,950,0,0,8,1e-12,1.31607,0,2.36469e-11,3.81162e-12
Hessenberg basic,950,0,1,8,1e-12,5.41576,7.10543e-15,2.10355e-11,4.39775e-12
Hessenberg basic,951,0,0,8,1e-12,0.986283,0,2.63753e-11,3.46844e-12
Hessenberg basic,951,0,1,8,1e-12,3.6933,1.58882e-14,3.50195e-11,4.49932e-12
Hessenberg basic,952,0,0,8,1e-12,1.15865,0,3.00133e-11,3.46869e-12
Hessenberg basic,952,0,1,8,1e-12,4.32197,7.10543e-15,2.12378e-11,4.40831e-12
Hessenberg basic,953,0,0,8,1e-12,1.18546,0,3.06954e-11,3.52875e-12
Hessenberg basic,953,0,1,8,1e-12,3.57645,0,1.9296e-11,4.4403e-12
Hessenberg basic,954,0,0,8,1e-12,1.37934,0,1.8872e-11,3.44755e-12
Hessenberg basic,954,0,1,8,1e-12,3.76165,2.84217e-14,3.24579e-11,4.69911e-12
Hessenberg basic,955,0,0,8,1e-12,1.35616,0,2.95586e-11,4.10853e-12
Hessenberg basic,955,0,1,8,1e-12,3.74644,0,3.50628e-11,4.583e-12
Hessenberg basic,956,0,0,8,1e-12,0.97145,0,2.57324e-11,3.71181e-12
Hessenberg basic,956,0,1,8,1e-12,3.66672,1.42109e-14,3.50399e-11,4.53025e-12
Hessenberg basic,957,0,0,8,1e-12,0.874487,0,2.27374e-11,3.42891e-12
Hessenberg basic,957,0,1,8,1e-12,3.58143,0,2.66e-11,4.33452e-12
Hessenberg basic,958,0,0,8,1e-12,0.884942,0,2.93312e-11,3.68761e-12
Hessenberg basic,958,0,1,8,1e-12,2.96464,4.01944e-14,2.33399e-11,4.34778e-12
Hessenberg basic,959,0,0,8,1e-12,0.736348,0,2.15064e-11,3.38763e-12
Hessenberg basic,959,0,1,8,1e-12,3.42417,5.68434e-14,2.20939e-11,4.19731e-12
Hessenberg basic,960,0,0,8,1e-12,0.742065,0,2.92269e-11,3.75184e-12
Hessenberg basic,960,0,1,8,1e-12,2.5555,1.42109e-14,2.28012e-11,4.32894e-12
Hessenberg basic,961,0,0,8,1e-12,0.913019,0,3.97904e-11,3.31563e-12
Hessenberg basic,961,0,1,8,1e-12,2.56888,4.26326e-14,3.38918e-11,4.44403e-12
Hessenberg basic,962,0,0,8,1e-12,0.830544,0,2.92732e-11,3.71358e-12
Hessenberg basic,962,0,1,8,1e-12,3.1217,3.17764e-14,2.6076e-11,4.25749e-12
Hessenberg basic,963,0,0,8,1e-12,0.758473,0,2.68301e-11,3.54191e-12
Hessenberg basic,963,0,1,8,1e-12,2.31947,5.75277e-14,2.77414e-11,4.54978e-12
Hessenberg basic,964,0,0,8,1e-12,0.950778,0,2.6148e-11,3.7153e-12
Hessenberg basic,964,0,1,8,1e-12,2.51645,2.00972e-14,3.00217e-11,4.4846e-12
Hessenberg basic,965,0,0,8,1e-12,0.871736,0,2.75122e-11,3.77631e-12
Hessenberg basic,965,0,1,8,1e-12,3.21719,4.54969e-14,2.25203e-11,4.54545e-12
Hessenberg basic,966,0,0,8,1e-12,0.987873,0,2.9786e-11,3.56878e-12
Hessenberg basic,966,0,1,8,1e-12,3.09867,2.00972e-14,2.78226e-11,4.33774e-12
Hessenberg basic,967,0,0,8,1e-12,0.895407,0,2.36469e-11,3.64272e-12
Hessenberg basic,967,0,1,8,1e-12,2.4893,2.13163e-14,2.0952e-11,4.21858e-12
Hessenberg basic,968,0,0,8,1e-12,0.924521,0,2.72848e-11,3.48299e-12
Hessenberg basic,968,0,1,8,1e-12,2.624,4.49387e-14,2.59248e-11,4.32095e-12
Hessenberg basic,969,0,0,8,1e-12,0.946467,0,2.41766e-11,3.72948e-12
Hessenberg basic,969,0,1,8,1e-12,4.34835,4.26326e-14,2.62062e-11,4.55459e-12
Hessenberg basic,970,0,0,8,1e-12,1.97089,0,2.04636e-11,3.36004e-12
Hessenberg basic,970,0,1,8,1e-12,5.73726,2.00972e-14,2.42835e-11,4.49676e-12
Hessenberg basic,971,0,0,8,1e-12,1.6452,0,2.27374e-11,3.48731e-12
Hessenberg basic,971,0,1,8,1e-12,3.72324,5.02744e-14,2.85933e-11,4.3737e-12
Hessenberg basic,972,0,0,8,1e-12,1.83439,0,2.34195e-11,3.81232e-12
Hessenberg basic,972,0,1,8,1e-12,3.82389,1.58882e-14,2.41589e-11,4.53902e-12
Hessenberg basic,973,0,0,8,1e-12,1.93098,0,2.02363e-11,3.73659e-12
Hessenberg basic,973,0,1,8,1e-12,4.32039,2.84217e-14,2.33206e-11,4.58543e-12
Hessenberg basic,974,0,0,8,1e-12,1.15489,0,3.91083e-11,3.58749e-12
Hessenberg basic,974,0,1,8,1e-12,4.76498,5.0243e-14,2.48789e-11,4.58311e-12
Hessenberg basic,975,0,0,8,1e-12,1.40043,0,2.68301e-11,3.52918e-12
Hessenberg basic,975,0,1,8,1e-12,4.75239,4.40545e-14,2.1557e-11,4.41813e-12
Hessenberg basic,976,0,0,8,1e-12,1.882,0,2.25493e-11,3.93791e-12
Hessenberg basic,976,0,1,8,1e-12,5.17815,1.42109e-14,2.02904e-11,4.45727e-12
Hessenberg basic,977,0,0,8,1e-12,1.31048,0,2.91038e-11,3.57947e-12
Hessenberg basic,977,0,1,8,1e-12,3.88308,0,2.84428e-11,4.53421e-12
Hessenberg basic,978,0,0,8,1e-12,1.89776,0,2.68301e-11,3.98529e-12
Hessenberg basic,978,0,1,8,1e-12,3.57848,1.58882e-14,2.22838e-11,4.37106e-12
Hessenberg basic,979,0,0,8,1e-12,2.19749,0,2.01275e-11,3.64065e-12
Hessenberg basic,979,0,1,8,1e-12,4.0343,4.32206e-14,3.51162e-11,4.56779e-12
Hessenberg basic,980,0,0,8,1e-12,1.4844,0,2.84217e-11,3.9542e-12
Hessenberg basic,980,0,1,8,1e-12,4.87188,2.84217e-14,2.21255e-11,4.59615e-12
Hessenberg basic,981,0,0,8,1e-12,1.43511,0,2.37115e-11,3.80395e-12
Hessenberg basic,981,0,1,8,1e-12,5.81933,5.85929e-14,2.33471e-11,4.5563e-12
Hessenberg basic,982,0,0,8,1e-12,1.84047,0,3.79714e-11,3.74426e-12
Hessenberg basic,982,0,1,8,1e-12,4.1628,7.24614e-14,2.04993e-11,4.37949e-12
Hessenberg basic,983,0,0,8,1e-12,1.71624,0,2.72848e-11,3.74418e-12
Hessenberg basic,983,0,1,8,1e-12,4.18414,3.17764e-14,2.65804e-11,4.4469e-12
Hessenberg basic,984,0,0,8,1e-12,1.42457,0,3.47882e-11,3.53346e-12
Hessenberg basic,984,0,1,8,1e-12,4.22435,6.02916e-14,2.41541e-11,4.44567e-12
Hessenberg basic,985,0,0,8,1e-12,1.20186,0,2.38396e-11,3.778e-12
Hessenberg basic,985,0,1,8,1e-12,3.77907,5.68434e-14,2.4346e-11,4.37933e-12
Hessenberg basic,986,0,0,8,1e-12,1.92425,0,3.18323e-11,3.81495e-12
Hessenberg basic,986,0,1,8,1e-12,4.6964,2.84217e-14,2.35516e-11,4.52689e-12
Hessenberg basic,987,0,0,8,1e-12,1.73011,0,2.0691e-11,3.69793e-12
Hessenberg basic,987,0,1,8,1e-12,5.22889,2.92964e-14,2.32725e-11,4.59409e-12
Hessenberg basic,988,0,0,8,1e-12,1.14842,0,2.66027e-11,3.84326e-12
Hessenberg basic,988,0,1,8,1e-12,4.0264,5.17283e-14,2.4231e-11,4.55382e-12
Hessenberg basic,989,0,0,8,1e-12,1.32881,0,1.98115e-11,3.73887e-12
Hessenberg basic,989,0,1,8,1e-12,3.78168,1.58882e-14,2.28624e-11,4.37772e-12
Hessenberg basic,990,0,0,8,1e-12,2.33019,0,2.31288e-11,3.92704e-12
Hessenberg basic,990,0,1,8,1e-12,4.93686,3.82639e-14,2.42857e-11,4.50854e-12
Hessenberg basic,991,0,0,8,1e-12,1.7776,0,3.11502e-11,3.88897e-12
Hessenberg basic,991,0,1,8,1e-12,4.93783,2.00972e-14,2.39823e-11,4.44957e-12
Hessenberg basic,992,0,0,8,1e-12,1.48182,0,2.7967e-11,3.7278e-12
Hessenberg basic,992,0,1,8,1e-12,5.00241,4.49387e-14,3.35918e-11,4.4562e-12
Hessenberg basic,993,0,0,8,1e-12,2.22123,0,1.90994e-11,3.55524e-12
Hessenberg basic,993,0,1,8,1e-12,5.01095,6.02916e-14,2.33183e-11,4.48587e-12
Hessenberg basic,994,0,0,8,1e-12,1.82438,0,4.52474e-11,3.88557e-12
Hessenberg basic,994,0,1,8,1e-12,4.88885,3.17764e-14,2.52549e-11,4.46254e-12
Hessenberg basic,995,0,0,8,1e-12,1.42836,0,2.50988e-11,4.03553e-12
Hessenberg basic,995,0,1,8,1e-12,4.45564,4.9738e-14,2.20572e-11,4.48162e-12
Hessenberg basic,996,0,0,8,1e-12,1.47297,0,2.96869e-11,3.82753e-12
Hessenberg basic,996,0,1,8,1e-12,4.21985,4.01944e-14,3.06982e-11,4.59079e-12
Hessenberg basic,997,0,0,8,1e-12,1.6969,0,2.11458e-11,3.75332e-12
Hessenberg basic,997,0,1,8,1e-12,4.78201,4.76647e-14,3.36831e-11,4.52933e-12
Hessenberg basic,998,0,0,8,1e-12,1.22894,0,2.86491e-11,3.65986e-12
Hessenberg basic,998,0,1,8,1e-12,5.08176,1.42109e-14,2.07683e-11,4.35386e-12
Hessenberg basic,999,0,0,8,1e-12,1.62441,0,3.11502e-11,4.03722e-12
Hessenberg basic,999,0,1,8,1e-12,4.67473,1.42109e-14,2.54861e-11,4.48701e-12
Hessenberg basic,1000,0,0,8,1e-12,1.75304,0,3.66072e-11,3.64899e-12
Hessenberg basic,1000,0,1,8,1e-12,4.60459,5.72858e-14,2.16184e-11,4.55645e-12
