version, size, hermitian, complex, seed, tol, runtime in s,min_error, max_error, avg_error
Hessenberg basic,900,0,0,4,1e-12,0.572996,0,1.88669e-11,3.58261e-12
Hessenberg basic,900,0,1,4,1e-12,2.11489,0,2.05257e-11,4.47756e-12
Hessenberg basic,901,0,0,4,1e-12,0.843196,0,2.42422e-11,3.62584e-12
Hessenberg basic,901,0,1,4,1e-12,2.23772,9.87118e-14,3.23878e-11,4.61303e-12
Hessenberg basic,902,0,0,4,1e-12,1.00715,0,2.0691e-11,3.62408e-12
Hessenberg basic,902,0,1,4,1e-12,4.10042,2.92964e-14,1.95449e-11,4.41808e-12
Hessenberg basic,903,0,0,4,1e-12,0.641314,0,2.11003e-11,3.73784e-12
Hessenberg basic,903,0,1,4,1e-12,2.79967,7.98194e-15,2.48777e-11,4.65864e-12
Hessenberg basic,904,0,0,4,1e-12,1.23473,0,1.93268e-11,3.60413e-12
Hessenberg basic,904,0,1,4,1e-12,2.63232,5.1238e-14,2.3476e-11,4.53376e-12
Hessenberg basic,905,0,0,4,1e-12,0.539727,0,2.38742e-11,3.69793e-12
Hessenberg basic,905,0,1,4,1e-12,3.72406,6.18688e-14,2.52054e-11,4.50053e-12
Hessenberg basic,906,0,0,4,1e-12,0.662522,0,2.00089e-11,3.61661e-12
Hessenberg basic,906,0,1,4,1e-12,2.73933,6.35529e-14,2.18291e-11,4.55984e-12
Hessenberg basic,907,0,0,4,1e-12,1.18221,0,1.86446e-11,3.50894e-12
Hessenberg basic,907,0,1,4,1e-12,2.20144,5.69958e-14,2.27445e-11,4.36616e-12
Hessenberg basic,908,0,0,4,1e-12,0.664297,0,2.31921e-11,3.69511e-12
Hessenberg basic,908,0,1,4,1e-12,3.40944,2.92964e-14,2.16614e-11,4.39244e-12
Hessenberg basic,909,0,0,4,1e-12,0.676284,0,2.05091e-11,3.78343e-12
Hessenberg basic,909,0,1,4,1e-12,3.06646,2.4869e-14,2.07288e-11,4.56949e-12
Hessenberg basic,910,0,0,4,1e-12,1.25479,0,3.20597e-11,3.74903e-12
Hessenberg basic,910,0,1,4,1e-12,2.33728,6.35529e-14,2.30615e-11,4.56783e-12
Hessenberg basic,911,0,0,4,1e-12,0.706571,0,2.30381e-11,3.92018e-12
Hessenberg basic,911,0,1,4,1e-12,3.13137,2.00972e-14,2.63489e-11,4.77076e-12
Hessenberg basic,912,0,0,4,1e-12,0.712832,0,2.04636e-11,3.65783e-12
Hessenberg basic,912,0,1,4,1e-12,3.09718,5.1238e-14,2.40622e-11,4.6935e-12
Hessenberg basic,913,0,0,4,1e-12,1.19756,0,2.95586e-11,3.89818e-12
Hessenberg basic,913,0,1,4,1e-12,2.2522,6.55088e-14,2.67722e-11,4.46636e-12
Hessenberg basic,914,0,0,4,1e-12,0.943397,0,1.94949e-11,3.44289e-12
Hessenberg basic,914,0,1,4,1e-12,2.83898,2.84217e-14,2.59547e-11,4.58115e-12
Hessenberg basic,915,0,0,4,1e-12,0.775181,0,1.90523e-11,3.53365e-12
Hessenberg basic,915,0,1,4,1e-12,3.02317,8.03887e-14,2.77951e-11,4.69143e-12
Hessenberg basic,916,0,0,4,1e-12,1.19508,0,2.18279e-11,3.6521e-12
Hessenberg basic,916,0,1,4,1e-12,3.07858,5.68434e-14,2.48654e-11,4.4966e-12
Hessenberg basic,917,0,0,4,1e-12,0.727173,0,2.7967e-11,3.70281e-12
Hessenberg basic,917,0,1,4,1e-12,3.61819,5.85929e-14,2.63675e-11,4.57156e-12
Hessenberg basic,918,0,0,4,1e-12,1.00702,0,2.62035e-11,3.74645e-12
Hessenberg basic,918,0,1,4,1e-12,3.94617,2.86429e-14,2.38081e-11,4.52558e-12
Hessenberg basic,919,0,0,4,1e-12,1.28849,0,1.97815e-11,3.61599e-12
Hessenberg basic,919,0,1,4,1e-12,3.93159,2.84217e-14,2.29248e-11,4.61426e-12
Hessenberg basic,920,0,0,4,1e-12,2.24911,0,2.251e-11,3.70533e-12
Hessenberg basic,920,0,1,4,1e-12,4.90273,2.84217e-14,2.77964e-11,4.64276e-12
Hessenberg basic,921,0,0,4,1e-12,1.40264,0,3.25144e-11,3.89744e-12
Hessenberg basic,921,0,1,4,1e-12,4.06715,4.32206e-14,2.26213e-11,4.57172e-12
Hessenberg basic,922,0,0,4,1e-12,1.31527,0,2.32392e-11,3.74397e-12
Hessenberg basic,922,0,1,4,1e-12,3.77654,4.48068e-14,2.71871e-11,4.61263e-12
Hessenberg basic,923,0,0,4,1e-12,1.8069,0,2.68301e-11,3.729e-12
Hessenberg basic,923,0,1,4,1e-12,3.98785,0,2.71833e-11,4.56271e-12
Hessenberg basic,924,0,0,4,1e-12,1.74576,0,2.11458e-11,3.61522e-12
Hessenberg basic,924,0,1,4,1e-12,4.24251,4.08562e-14,2.33776e-11,4.53526e-12
Hessenberg basic,925,0,0,4,1e-12,1.53936,0,2.86491e-11,3.53936e-12
Hessenberg basic,925,0,1,4,1e-12,4.71847,3.44906e-14,2.3591e-11,4.58467e-12
Hessenberg basic,926,0,0,4,1e-12,1.41152,0,2.52385e-11,3.87204e-12
Hessenberg basic,926,0,1,4,1e-12,3.53677,4.01944e-14,2.56459e-11,4.54535e-12
Hessenberg basic,927,0,0,4,1e-12,1.25325,0,2.56932e-11,3.59186e-12
Hessenberg basic,927,0,1,4,1e-12,4.31966,6.67494e-14,2.74972e-11,4.83242e-12
Hessenberg basic,928,0,0,4,1e-12,1.30278,0,3.18323e-11,3.72704e-12
Hessenberg basic,928,0,1,4,1e-12,4.26504,0,2.39793e-11,4.60148e-12
Hessenberg basic,929,0,0,4,1e-12,1.45255,0,1.87025e-11,3.94517e-12
Hessenberg basic,929,0,1,4,1e-12,3.92525,6.35529e-14,2.1407e-11,4.53491e-12
Hessenberg basic,930,0,0,4,1e-12,1.3294,0,4.25189e-11,3.83613e-12
Hessenberg basic,930,0,1,4,1e-12,3.4645,4.01944e-14,1.96149e-11,4.53006e-12
Hessenberg basic,931,0,0,4,1e-12,1.59461,0,2.70575e-11,3.91312e-12
Hessenberg basic,931,0,1,4,1e-12,3.1795,2.36959e-14,2.61703e-11,4.58345e-12
Hessenberg basic,932,0,0,4,1e-12,1.02226,0,2.54659e-11,3.5423e-12
Hessenberg basic,932,0,1,4,1e-12,3.59995,5.42298e-14,2.18989e-11,4.61607e-12
Hessenberg basic,933,0,0,4,1e-12,1.2294,0,1.81899e-11,3.86449e-12
Hessenberg basic,933,0,1,4,1e-12,4.14577,2.84217e-14,2.36854e-11,4.61118e-12
Hessenberg basic,934,0,0,4,1e-12,1.45433,0,2.20552e-11,3.59469e-12
Hessenberg basic,934,0,1,4,1e-12,3.66452,0,2.84444e-11,4.61415e-12
Hessenberg basic,935,0,0,4,1e-12,0.763103,0,2.84217e-11,3.91035e-12
Hessenberg basic,935,0,1,4,1e-12,2.83182,2.84217e-14,2.43314e-11,4.4808e-12
Hessenberg basic,936,0,0,4,1e-12,0.834018,0,3.27418e-11,3.6334e-12
Hessenberg basic,936,0,1,4,1e-12,2.30827,8.03887e-14,2.55763e-11,4.72089e-12
Hessenberg basic,937,0,0,4,1e-12,0.758107,0,2.31921e-11,3.67995e-12
Hessenberg basic,937,0,1,4,1e-12,3.34539,4.01944e-14,2.29098e-11,4.45373e-12
Hessenberg basic,938,0,0,4,1e-12,1.28148,0,2.93312e-11,3.89353e-12
Hessenberg basic,938,0,1,4,1e-12,2.90802,4.54969e-14,2.22269e-11,4.51228e-12
Hessenberg basic,939,0,0,4,1e-12,1.46827,0,2.13731e-11,3.89526e-12
Hessenberg basic,939,0,1,4,1e-12,2.29772,1.00486e-14,2.41813e-11,4.6504e-12
Hessenberg basic,940,0,0,4,1e-12,1.12935,0,2.81943e-11,4.06495e-12
Hessenberg basic,940,0,1,4,1e-12,2.37054,4.26326e-14,2.46428e-11,4.64905e-12
Hessenberg basic,941,0,0,4,1e-12,0.953059,0,3.18323e-11,3.90508e-12
Hessenberg basic,941,0,1,4,1e-12,4.21413,6.20455e-14,2.48712e-11,4.83984e-12
Hessenberg basic,942,0,0,4,1e-12,1.52037,0,2.75122e-11,4.12151e-12
Hessenberg basic,942,0,1,4,1e-12,4.03694,2.13163e-14,2.81099e-11,4.75946e-12
Hessenberg basic,943,0,0,4,1e-12,1.08014,0,2.63753e-11,3.7802e-12
Hessenberg basic,943,0,1,4,1e-12,3.8515,4.01944e-14,2.17722e-11,4.58343e-12
Hessenberg basic,944,0,0,4,1e-12,0.730947,0,2.41016e-11,3.87494e-12
Hessenberg basic,944,0,1,4,1e-12,2.56164,2.00972e-14,2.88847e-11,4.49688e-12
Hessenberg basic,945,0,0,4,1e-12,0.936088,0,1.80886e-11,3.52143e-12
Hessenberg basic,945,0,1,4,1e-12,3.00505,5.1238e-14,2.77482e-11,4.70025e-12
Hessenberg basic,946,0,0,4,1e-12,1.63757,0,2.18279e-11,3.95569e-12
Hessenberg basic,946,0,1,4,1e-12,2.90699,5.69543e-14,2.40729e-11,4.56329e-12
Hessenberg basic,947,0,0,4,1e-12,1.72507,0,2.03433e-11,3.49111e-12
Hessenberg basic,947,0,1,4,1e-12,2.40828,0,2.30131e-11,4.72713e-12
Hessenberg basic,948,0,0,4,1e-12,1.44932,0,3.09228e-11,3.85577e-12
Hessenberg basic,948,0,1,4,1e-12,2.59333,3.17764e-14,2.24778e-11,4.55232e-12
Hessenberg basic,949,0,0,4,1e-12,1.49695,0,4.1382e-11,3.78521e-12
Hessenberg basic,949,0,1,4,1e-12,5.1863,0,2.38298e-11,4.641e-12
Hessenberg basic,950,0,0,4,1e-12,1.41535,0,2.34195e-11,3.81987e-12
Hessenberg basic,950,0,1,4,1e-12,3.88848,4.61853e-14,2.74127e-11,4.61296e-12
Hessenberg basic,951,0,0,4,1e-12,0.828567,0,2.68301e-11,3.6499e-12
Hessenberg basic,951,0,1,4,1e-12,2.40837,3.55271e-15,2.22803e-11,4.77821e-12
Hessenberg basic,952,0,0,4,1e-12,0.97515,0,2.81943e-11,3.64097e-12
Hessenberg basic,952,0,1,4,1e-12,3.44281,1.42109e-14,2.15766e-11,4.67734e-12
Hessenberg basic,953,0,0,4,1e-12,1.57715,0,2.63753e-11,3.81901e-12
Hessenberg basic,953,0,1,4,1e-12,2.74648,5.1238e-14,2.26362e-11,4.71507e-12
Hessenberg basic,954,0,0,4,1e-12,2.15019,0,2.65017e-11,4.26783e-12
Hessenberg basic,954,0,1,4,1e-12,2.68866,7.10543e-15,3.41227e-11,4.76902e-12
Hessenberg basic,955,0,0,4,1e-12,2.14179,0,2.29647e-11,3.66285e-12
Hessenberg basic,955,0,1,4,1e-12,2.51164,8.10922e-14,2.11574e-11,4.57394e-12
Hessenberg basic,956,0,0,4,1e-12,1.0899,0,3.37344e-11,3.78297e-12
Hessenberg basic,956,0,1,4,1e-12,4.20604,3.55271e-14,2.53325e-11,4.78145e-12
Hessenberg basic,957,0,0,4,1e-12,1.80228,0,2.57658e-11,3.75784e-12
Hessenberg basic,957,0,1,4,1e-12,5.26771,3.17764e-14,3.03329e-11,4.75137e-12
Hessenberg basic,958,0,0,4,1e-12,1.59691,0,2.18826e-11,3.78862e-12
Hessenberg basic,958,0,1,4,1e-12,3.98604,1.42109e-14,2.91606e-11,4.71539e-12
Hessenberg basic,959,0,0,4,1e-12,0.89262,0,3.29692e-11,3.60752e-12
Hessenberg basic,959,0,1,4,1e-12,2.59023,2.84217e-14,2.45482e-11,4.77001e-12
Hessenberg basic,960,0,0,4,1e-12,0.789221,0,2.75122e-11,3.95279e-12
Hessenberg basic,960,0,1,4,1e-12,3.23953,5.68434e-14,2.1064e-11,4.63073e-12
Hessenberg basic,961,0,0,4,1e-12,1.78992,0,3.00133e-11,4.11926e-12
Hessenberg basic,961,0,1,4,1e-12,2.5901,0,3.36789e-11,4.73117e-12
Hessenberg basic,962,0,0,4,1e-12,1.79025,0,2.6148e-11,4.29199e-12
Hessenberg basic,962,0,1,4,1e-12,2.57908,0,2.54273e-11,4.85154e-12
Hessenberg basic,963,0,0,4,1e-12,0.843138,0,2.15184e-11,4.08487e-12
Hessenberg basic,963,0,1,4,1e-12,3.12891,0,2.10526e-11,4.77593e-12
Hessenberg basic,964,0,0,4,1e-12,1.46561,0,2.3986e-11,4.07297e-12
Hessenberg basic,964,0,1,4,1e-12,5.00371,1.06581e-14,2.74323e-11,4.69205e-12
Hessenberg basic,965,0,0,4,1e-12,1.64366,0,2.29647e-11,3.63382e-12
Hessenberg basic,965,0,1,4,1e-12,4.3329,4.49387e-14,2.4914e-11,4.41484e-12
Hessenberg basic,966,0,0,4,1e-12,1.05046,0,2.0691e-11,3.57151e-12
Hessenberg basic,966,0,1,4,1e-12,3.91838,0,2.72434e-11,4.76784e-12
Hessenberg basic,967,0,0,4,1e-12,0.824583,0,2.31921e-11,3.54723e-12
Hessenberg basic,967,0,1,4,1e-12,2.86109,8.88178e-15,2.96459e-11,4.91602e-12
Hessenberg basic,968,0,0,4,1e-12,1.08357,0,2.09184e-11,3.82621e-12
Hessenberg basic,968,0,1,4,1e-12,4.02368,0,2.3554e-11,4.55052e-12
Hessenberg basic,969,0,0,4,1e-12,2.37723,0,2.50111e-11,3.95001e-12
Hessenberg basic,969,0,1,4,1e-12,2.6579,1.42109e-14,2.25776e-11,4.57923e-12
Hessenberg basic,970,0,0,4,1e-12,1.93006,0,2.45564e-11,3.70777e-12
Hessenberg basic,970,0,1,4,1e-12,2.43894,2.86429e-14,2.39135e-11,4.58603e-12
Hessenberg basic,971,0,0,4,1e-12,1.10828,0,2.93312e-11,4.13381e-12
Hessenberg basic,971,0,1,4,1e-12,3.21013,2.84217e-14,3.07049e-11,4.75643e-12
Hessenberg basic,972,0,0,4,1e-12,1.81828,0,3.68345e-11,3.54298e-12
Hessenberg basic,972,0,1,4,1e-12,5.52335,5.72858e-14,2.68465e-11,4.60887e-12
Hessenberg basic,973,0,0,4,1e-12,1.56567,0,1.95541e-11,3.70161e-12
Hessenberg basic,973,0,1,4,1e-12,3.97639,7.10543e-14,2.50382e-11,4.59741e-12
Hessenberg basic,974,0,0,4,1e-12,0.95644,0,2.59206e-11,3.76915e-12
Hessenberg basic,974,0,1,4,1e-12,2.70235,7.99361e-15,2.57616e-11,4.77022e-12
Hessenberg basic,975,0,0,4,1e-12,1.06943,0,2.251e-11,4.09072e-12
Hessenberg basic,975,0,1,4,1e-12,3.04125,0,2.84108e-11,4.76451e-12
Hessenberg basic,976,0,0,4,1e-12,1.46235,0,2.84217e-11,4.08657e-12
Hessenberg basic,976,0,1,4,1e-12,3.76876,2.77476e-14,2.4381e-11,4.48822e-12
Hessenberg basic,977,0,0,4,1e-12,2.25626,0,2.54659e-11,3.68894e-12
Hessenberg basic,977,0,1,4,1e-12,3.49728,4.01944e-14,2.34096e-11,4.9155e-12
Hessenberg basic,978,0,0,4,1e-12,2.58036,0,2.13731e-11,3.67606e-12
Hessenberg basic,978,0,1,4,1e-12,2.3798,4.49387e-14,2.7154e-11,4.83789e-12
Hessenberg basic,979,0,0,4,1e-12,1.72588,0,1.74369e-11,3.79345e-12
Hessenberg basic,979,0,1,4,1e-12,2.843,6.35529e-14,2.55884e-11,4.65016e-12
Hessenberg basic,980,0,0,4,1e-12,0.906144,0,3.20597e-11,3.76341e-12
Hessenberg basic,980,0,1,4,1e-12,4.61044,1.58882e-14,2.1916e-11,4.55039e-12
Hessenberg basic,981,0,0,4,1e-12,2.05272,0,2.93312e-11,4.08633e-12
Hessenberg basic,981,0,1,4,1e-12,4.92028,3.17764e-14,2.8431e-11,4.6795e-12
Hessenberg basic,982,0,0,4,1e-12,1.32656,0,2.47837e-11,3.78943e-12
Hessenberg basic,982,0,1,4,1e-12,3.80629,8.03887e-14,2.24502e-11,4.70665e-12
Hessenberg basic,983,0,0,4,1e-12,1.28078,0,1.91767e-11,3.78425e-12
Hessenberg basic,983,0,1,4,1e-12,3.37004,0,2.16617e-11,4.52042e-12
Hessenberg basic,984,0,0,4,1e-12,0.965172,0,2.18279e-11,4.01619e-12
Hessenberg basic,984,0,1,4,1e-12,3.08097,6.35529e-14,2.43133e-11,4.48538e-12
Hessenberg basic,985,0,0,4,1e-12,1.16059,0,2.63753e-11,4.02241e-12
Hessenberg basic,985,0,1,4,1e-12,4.0997,5.57504e-14,2.53511e-11,4.71949e-12
Hessenberg basic,986,0,0,4,1e-12,2.46565,0,2.52385e-11,4.04696e-12
Hessenberg basic,986,0,1,4,1e-12,2.77818,2.92964e-14,3.41666e-11,4.41847e-12
Hessenberg basic,987,0,0,4,1e-12,2.04928,0,3.50155e-11,3.99859e-12
Hessenberg basic,987,0,1,4,1e-12,2.51393,3.17764e-14,2.59965e-11,4.63935e-12
Hessenberg basic,988,0,0,4,1e-12,1.35268,0,2.50111e-11,3.71885e-12
Hessenberg basic,988,0,1,4,1e-12,2.77913,1.42109e-14,2.33974e-11,4.78551e-12
Hessenberg basic,989,0,0,4,1e-12,1.20904,0,2.86491e-11,3.7069e-12
Hessenberg basic,989,0,1,4,1e-12,5.47039,2.84217e-14,2.00218e-11,4.39514e-12
Hessenberg basic,990,0,0,4,1e-12,2.42229,0,2.66027e-11,3.97428e-12
Hessenberg basic,990,0,1,4,1e-12,5.30955,3.55271e-14,3.19177e-11,4.63876e-12
Hessenberg basic,991,0,0,4,1e-12,1.46595,0,1.95541e-11,3.87728e-12
Hessenberg basic,991,0,1,4,1e-12,4.07332,6.35529e-14,2.45921e-11,4.7218e-12
Hessenberg basic,992,0,0,4,1e-12,1.02264,0,2.59206e-11,3.75572e-12
Hessenberg basic,992,0,1,4,1e-12,3.15555,5.85929e-14,2.40221e-11,4.6493e-12
Hessenberg basic,993,0,0,4,1e-12,0.900702,0,2.34933e-11,3.84105e-12
Hessenberg basic,993,0,1,4,1e-12,2.8854,0,2.13758e-11,4.57946e-12
Hessenberg basic,994,0,0,4,1e-12,1.21381,0,3.41061e-11,3.98637e-12
Hessenberg basic,994,0,1,4,1e-12,4.39501,4.01944e-14,2.19484e-11,4.50047e-12
Hessenberg basic,995,0,0,4,1e-12,1.94249,0,2.52385e-11,4.0637e-12
Hessenberg basic,995,0,1,4,1e-12,3.25495,3.55271e-14,2.82685e-11,4.70416e-12
Hessenberg basic,996,0,0,4,1e-12,2.33857,0,2.45564e-11,3.96083e-12
Hessenberg basic,996,0,1,4,1e-12,2.77345,3.03544e-14,2.33576e-11,4.47301e-12
Hessenberg basic,997,0,0,4,1e-12,2.16381,0,2.08841e-11,3.70642e-12
Hessenberg basic,997,0,1,4,1e-12,2.78904,1.42109e-14,3.1911e-11,4.95339e-12
Hessenberg basic,998,0,0,4,1e-12,1.09489,0,2.04636e-11,3.67248e-12
Hessenberg basic,998,0,1,4,1e-12,3.17391,4.54969e-14,2.19533e-11,4.66983e-12
Hessenberg basic,999,0,0,4,1e-12,1.15235,0,1.65983e-11,3.45454e-12
Hessenberg basic,999,0,1,4,1e-12,4.51357,2.84217e-14,2.67838e-11,4.5449e-12
Hessenberg basic,1000,0,0,4,1e-12,2.23879,0,2.81943e-11,3.72089e-12
Hessenberg basic,1000,0,1,4,1e-12,5.39531,1.67581e-14,2.6749e-11,4.3737e-12
