version, size, hermitian, complex, seed, tol, runtime in s,min_error, max_error, avg_error
Hessenberg basic,900,0,0,7,1e-12,1.07713,0,4.83016e-11,3.40447e-12
Hessenberg basic,900,0,1,7,1e-12,1.90525,0,2.58617e-11,4.73302e-12
Hessenberg basic,901,0,0,7,1e-12,0.874117,0,4.7124e-11,3.3012e-12
Hessenberg basic,901,0,1,7,1e-12,2.8453,2.27485e-14,2.24352e-11,4.67549e-12
Hessenberg basic,902,0,0,7,1e-12,2.19765,0,4.92772e-11,3.3917e-12
Hessenberg basic,902,0,1,7,1e-12,2.59669,4.01944e-14,2.6482e-11,4.61171e-12
Hessenberg basic,903,0,0,7,1e-12,1.38869,0,4.88375e-11,3.42252e-12
Hessenberg basic,903,0,1,7,1e-12,2.16259,3.90653e-14,2.31196e-11,4.40873e-12
Hessenberg basic,904,0,0,7,1e-12,0.972599,0,4.84724e-11,3.47405e-12
Hessenberg basic,904,0,1,7,1e-12,2.94841,3.82639e-14,3.2445e-11,4.45646e-12
Hessenberg basic,905,0,0,7,1e-12,1.93,0,4.95557e-11,3.4764e-12
Hessenberg basic,905,0,1,7,1e-12,2.87552,1.27477e-14,2.33761e-11,4.58716e-12
Hessenberg basic,906,0,0,7,1e-12,1.44685,0,4.82165e-11,3.43243e-12
Hessenberg basic,906,0,1,7,1e-12,2.13809,0,2.54384e-11,4.62594e-12
Hessenberg basic,907,0,0,7,1e-12,0.837591,0,4.78239e-11,3.65795e-12
Hessenberg basic,907,0,1,7,1e-12,3.85793,2.84217e-14,2.38179e-11,4.61779e-12
Hessenberg basic,908,0,0,7,1e-12,1.20324,0,4.79427e-11,4.04959e-12
Hessenberg basic,908,0,1,7,1e-12,2.45775,2.84217e-14,3.40795e-11,4.69861e-12
Hessenberg basic,909,0,0,7,1e-12,0.874519,0,4.89501e-11,3.78003e-12
Hessenberg basic,909,0,1,7,1e-12,2.24858,6.65094e-15,2.22097e-11,4.69616e-12
Hessenberg basic,910,0,0,7,1e-12,1.46614,0,4.82639e-11,4.07549e-12
Hessenberg basic,910,0,1,7,1e-12,2.9637,2.91344e-14,2.03969e-11,4.40064e-12
Hessenberg basic,911,0,0,7,1e-12,1.10201,0,4.8515e-11,4.00026e-12
Hessenberg basic,911,0,1,7,1e-12,2.40735,3.55271e-14,2.15156e-11,4.35048e-12
Hessenberg basic,912,0,0,7,1e-12,0.945477,0,4.95143e-11,3.6709e-12
Hessenberg basic,912,0,1,7,1e-12,3.46244,5.1238e-14,2.38645e-11,4.48723e-12
Hessenberg basic,913,0,0,7,1e-12,2.05508,0,4.85553e-11,3.475e-12
Hessenberg basic,913,0,1,7,1e-12,4.14016,0,1.94242e-11,4.56797e-12
Hessenberg basic,914,0,0,7,1e-12,1.30583,0,4.85271e-11,3.84162e-12
Hessenberg basic,914,0,1,7,1e-12,2.38011,2.46779e-14,2.40407e-11,4.37829e-12
Hessenberg basic,915,0,0,7,1e-12,0.970212,0,4.89366e-11,3.62793e-12
Hessenberg basic,915,0,1,7,1e-12,3.42343,3.12034e-14,2.38717e-11,4.62261e-12
Hessenberg basic,916,0,0,7,1e-12,1.5073,0,4.82733e-11,3.70898e-12
Hessenberg basic,916,0,1,7,1e-12,2.41395,2.84217e-14,2.26143e-11,4.56942e-12
Hessenberg basic,917,0,0,7,1e-12,0.895037,0,4.92952e-11,3.4046e-12
Hessenberg basic,917,0,1,7,1e-12,2.57796,3.49902e-14,2.1594e-11,4.61221e-12
Hessenberg basic,918,0,0,7,1e-12,1.83928,0,4.76689e-11,3.55431e-12
Hessenberg basic,918,0,1,7,1e-12,3.00657,4.54969e-14,2.12725e-11,4.53606e-12
Hessenberg basic,919,0,0,7,1e-12,1.10926,0,4.82479e-11,3.37119e-12
Hessenberg basic,919,0,1,7,1e-12,2.41318,7.10543e-15,2.16304e-11,4.49178e-12
Hessenberg basic,920,0,0,7,1e-12,1.00365,0,4.77304e-11,3.44687e-12
Hessenberg basic,920,0,1,7,1e-12,3.46606,1.77636e-15,2.35603e-11,4.5958e-12
Hessenberg basic,921,0,0,7,1e-12,1.28875,0,4.90168e-11,3.73144e-12
Hessenberg basic,921,0,1,7,1e-12,2.13166,2.38323e-14,2.14133e-11,4.58094e-12
Hessenberg basic,922,0,0,7,1e-12,1.30863,0,4.88692e-11,3.433e-12
Hessenberg basic,922,0,1,7,1e-12,2.63427,2.84217e-14,2.53766e-11,4.61082e-12
Hessenberg basic,923,0,0,7,1e-12,2.05702,0,4.78876e-11,3.57683e-12
Hessenberg basic,923,0,1,7,1e-12,3.06273,1.58882e-14,2.49956e-11,4.60687e-12
Hessenberg basic,924,0,0,7,1e-12,1.41972,0,4.79781e-11,3.48757e-12
Hessenberg basic,924,0,1,7,1e-12,2.41191,4.01944e-14,2.82328e-11,4.64279e-12
Hessenberg basic,925,0,0,7,1e-12,1.05018,0,4.80038e-11,3.44819e-12
Hessenberg basic,925,0,1,7,1e-12,3.44131,2.84217e-14,2.0975e-11,4.56998e-12
Hessenberg basic,926,0,0,7,1e-12,1.78554,0,4.74639e-11,3.59959e-12
Hessenberg basic,926,0,1,7,1e-12,3.05109,0,2.25088e-11,4.60673e-12
Hessenberg basic,927,0,0,7,1e-12,0.725223,0,4.81445e-11,3.33111e-12
Hessenberg basic,927,0,1,7,1e-12,2.3504,0,2.46008e-11,4.42305e-12
Hessenberg basic,928,0,0,7,1e-12,1.4672,0,4.7916e-11,3.43713e-12
Hessenberg basic,928,0,1,7,1e-12,2.80059,0,2.44889e-11,4.35615e-12
Hessenberg basic,929,0,0,7,1e-12,1.11348,0,4.94852e-11,3.75918e-12
Hessenberg basic,929,0,1,7,1e-12,2.49178,5.94918e-14,2.43714e-11,4.74888e-12
Hessenberg basic,930,0,0,7,1e-12,0.792696,0,5.03688e-11,3.71996e-12
Hessenberg basic,930,0,1,7,1e-12,4.02851,2.86429e-14,2.16292e-11,4.57389e-12
Hessenberg basic,931,0,0,7,1e-12,2.62604,0,4.76037e-11,3.50642e-12
Hessenberg basic,931,0,1,7,1e-12,3.62967,3.27544e-14,2.70662e-11,4.63279e-12
Hessenberg basic,932,0,0,7,1e-12,1.43794,0,4.83969e-11,3.84828e-12
Hessenberg basic,932,0,1,7,1e-12,2.91079,2.86429e-14,2.56318e-11,4.6476e-12
Hessenberg basic,933,0,0,7,1e-12,0.749407,0,4.9138e-11,3.64651e-12
Hessenberg basic,933,0,1,7,1e-12,4.29784,4.45508e-14,2.09026e-11,4.6582e-12
Hessenberg basic,934,0,0,7,1e-12,1.90265,0,4.86364e-11,3.93149e-12
Hessenberg basic,934,0,1,7,1e-12,3.37795,3.19744e-14,2.27672e-11,4.67604e-12
Hessenberg basic,935,0,0,7,1e-12,1.31424,0,4.83861e-11,3.78504e-12
Hessenberg basic,935,0,1,7,1e-12,2.46746,3.5083e-14,2.95979e-11,4.60739e-12
Hessenberg basic,936,0,0,7,1e-12,1.05305,0,4.91837e-11,3.48365e-12
Hessenberg basic,936,0,1,7,1e-12,3.89082,3.03544e-14,2.16781e-11,4.42347e-12
Hessenberg basic,937,0,0,7,1e-12,1.40306,0,4.75209e-11,3.81963e-12
Hessenberg basic,937,0,1,7,1e-12,2.60565,2.84217e-14,3.17103e-11,4.45118e-12
Hessenberg basic,938,0,0,7,1e-12,0.898764,0,4.84592e-11,3.65886e-12
Hessenberg basic,938,0,1,7,1e-12,3.01816,4.26326e-14,2.54211e-11,4.52971e-12
Hessenberg basic,939,0,0,7,1e-12,1.73244,0,4.87606e-11,3.67934e-12
Hessenberg basic,939,0,1,7,1e-12,2.77328,1.06951e-14,2.13371e-11,4.69374e-12
Hessenberg basic,940,0,0,7,1e-12,1.75644,0,4.81148e-11,3.83297e-12
Hessenberg basic,940,0,1,7,1e-12,2.58096,4.01256e-14,2.81095e-11,4.71507e-12
Hessenberg basic,941,0,0,7,1e-12,1.38936,0,4.86672e-11,3.53317e-12
Hessenberg basic,941,0,1,7,1e-12,3.43221,2.84217e-14,2.6677e-11,4.66754e-12
Hessenberg basic,942,0,0,7,1e-12,2.75584,0,4.85836e-11,3.57503e-12
Hessenberg basic,942,0,1,7,1e-12,3.28678,0,2.00412e-11,4.66836e-12
Hessenberg basic,943,0,0,7,1e-12,1.74987,0,4.84625e-11,3.65226e-12
Hessenberg basic,943,0,1,7,1e-12,3.29947,7.41828e-14,2.29683e-11,4.66268e-12
Hessenberg basic,944,0,0,7,1e-12,0.943651,0,4.81162e-11,3.75267e-12
Hessenberg basic,944,0,1,7,1e-12,3.32875,3.65774e-14,2.59029e-11,4.68386e-12
Hessenberg basic,945,0,0,7,1e-12,1.71972,0,4.78444e-11,3.55345e-12
Hessenberg basic,945,0,1,7,1e-12,3.48407,1.06581e-14,2.8154e-11,4.87134e-12
Hessenberg basic,946,0,0,7,1e-12,1.08568,0,4.79477e-11,3.73034e-12
Hessenberg basic,946,0,1,7,1e-12,2.8529,1.42109e-14,2.41059e-11,4.77983e-12
Hessenberg basic,947,0,0,7,1e-12,1.0106,0,4.88469e-11,3.91041e-12
Hessenberg basic,947,0,1,7,1e-12,3.57622,0,2.39226e-11,4.61919e-12
Hessenberg basic,948,0,0,7,1e-12,1.15178,0,4.85564e-11,3.84092e-12
Hessenberg basic,948,0,1,7,1e-12,3.59149,7.10543e-15,2.5107e-11,4.53993e-12
Hessenberg basic,949,0,0,7,1e-12,1.41813,0,4.83959e-11,3.70802e-12
Hessenberg basic,949,0,1,7,1e-12,3.70765,4.05072e-14,2.82907e-11,4.77269e-12
Hessenberg basic,950,0,0,7,1e-12,1.79124,0,4.82604e-11,3.83925e-12
Hessenberg basic,950,0,1,7,1e-12,3.42767,1.88829e-14,1.94032e-11,4.4752e-12
Hessenberg basic,951,0,0,7,1e-12,1.765,0,4.78295e-11,3.56054e-12
Hessenberg basic,951,0,1,7,1e-12,3.49843,1.66629e-14,2.14997e-11,4.55899e-12
Hessenberg basic,952,0,0,7,1e-12,1.79584,0,4.98168e-11,3.92764e-12
Hessenberg basic,952,0,1,7,1e-12,3.30062,3.95021e-14,2.42396e-11,4.82734e-12
Hessenberg basic,953,0,0,7,1e-12,2.06399,0,4.80236e-11,3.68947e-12
Hessenberg basic,953,0,1,7,1e-12,3.19441,2.84217e-14,2.48244e-11,4.82534e-12
Hessenberg basic,954,0,0,7,1e-12,2.01449,0,4.8457e-11,3.55629e-12
Hessenberg basic,954,0,1,7,1e-12,3.41912,3.62416e-14,2.19754e-11,4.65018e-12
Hessenberg basic,955,0,0,7,1e-12,1.93524,0,4.82873e-11,3.84209e-12
Hessenberg basic,955,0,1,7,1e-12,3.33551,2.97275e-14,2.19248e-11,4.66713e-12
Hessenberg basic,956,0,0,7,1e-12,2.09587,0,4.75124e-11,3.695e-12
Hessenberg basic,956,0,1,7,1e-12,3.38002,2.4869e-14,2.18858e-11,4.64709e-12
Hessenberg basic,957,0,0,7,1e-12,2.19299,0,4.89914e-11,4.13148e-12
Hessenberg basic,957,0,1,7,1e-12,3.38531,0,2.63302e-11,4.8522e-12
Hessenberg basic,958,0,0,7,1e-12,2.20675,0,4.84542e-11,3.6987e-12
Hessenberg basic,958,0,1,7,1e-12,3.36123,3.6067e-14,2.44889e-11,4.89295e-12
Hessenberg basic,959,0,0,7,1e-12,2.13454,0,4.79444e-11,3.57253e-12
Hessenberg basic,959,0,1,7,1e-12,3.32528,3.17764e-14,2.50607e-11,4.76071e-12
Hessenberg basic,960,0,0,7,1e-12,2.01294,0,4.83719e-11,3.82444e-12
Hessenberg basic,960,0,1,7,1e-12,3.47076,5.58988e-14,2.61483e-11,4.6073e-12
Hessenberg basic,961,0,0,7,1e-12,2.10459,0,4.77605e-11,3.45e-12
Hessenberg basic,961,0,1,7,1e-12,3.55664,1.14215e-14,3.63037e-11,4.76927e-12
Hessenberg basic,962,0,0,7,1e-12,2.04723,0,5.00879e-11,3.75196e-12
Hessenberg basic,962,0,1,7,1e-12,4.03257,3.97205e-14,1.90333e-11,4.56528e-12
Hessenberg basic,963,0,0,7,1e-12,2.23324,0,4.83156e-11,3.57535e-12
Hessenberg basic,963,0,1,7,1e-12,3.55691,4.97697e-14,2.77448e-11,4.6078e-12
Hessenberg basic,964,0,0,7,1e-12,1.86041,0,4.98709e-11,3.76966e-12
Hessenberg basic,964,0,1,7,1e-12,3.50349,0,2.28624e-11,4.72085e-12
Hessenberg basic,965,0,0,7,1e-12,1.84821,0,4.78454e-11,3.8468e-12
Hessenberg basic,965,0,1,7,1e-12,3.51062,3.55271e-15,2.30238e-11,4.71588e-12
Hessenberg basic,966,0,0,7,1e-12,1.2798,0,4.88543e-11,3.8073e-12
Hessenberg basic,966,0,1,7,1e-12,3.01041,0,2.59141e-11,4.73236e-12
Hessenberg basic,967,0,0,7,1e-12,1.17204,0,4.82741e-11,3.69256e-12
Hessenberg basic,967,0,1,7,1e-12,3.34082,0,2.66183e-11,4.78206e-12
Hessenberg basic,968,0,0,7,1e-12,1.0617,0,4.95357e-11,4.01893e-12
Hessenberg basic,968,0,1,7,1e-12,4.51524,1.58882e-14,2.2642e-11,4.66201e-12
Hessenberg basic,969,0,0,7,1e-12,1.48787,0,4.83075e-11,3.48456e-12
Hessenberg basic,969,0,1,7,1e-12,4.20155,8.34681e-15,2.59947e-11,4.83741e-12
Hessenberg basic,970,0,0,7,1e-12,1.71029,0,4.77968e-11,3.71935e-12
Hessenberg basic,970,0,1,7,1e-12,4.19268,3.17764e-14,2.66117e-11,4.68447e-12
Hessenberg basic,971,0,0,7,1e-12,1.62209,0,4.84488e-11,3.6251e-12
Hessenberg basic,971,0,1,7,1e-12,4.07369,1.42109e-14,2.33446e-11,4.61528e-12
Hessenberg basic,972,0,0,7,1e-12,1.51632,0,4.90939e-11,3.84275e-12
Hessenberg basic,972,0,1,7,1e-12,3.61674,5.32907e-14,2.60092e-11,4.8457e-12
Hessenberg basic,973,0,0,7,1e-12,1.59518,0,4.82912e-11,3.99109e-12
Hessenberg basic,973,0,1,7,1e-12,3.0282,3.6946e-14,2.1584e-11,4.81086e-12
Hessenberg basic,974,0,0,7,1e-12,1.61252,0,4.79973e-11,3.80317e-12
Hessenberg basic,974,0,1,7,1e-12,2.72493,4.54969e-14,2.47931e-11,4.69367e-12
Hessenberg basic,975,0,0,7,1e-12,1.78102,0,4.79951e-11,3.92616e-12
Hessenberg basic,975,0,1,7,1e-12,2.60963,4.9738e-14,2.09705e-11,4.69744e-12
Hessenberg basic,976,0,0,7,1e-12,3.10056,0,4.8759e-11,3.55676e-12
Hessenberg basic,976,0,1,7,1e-12,2.84342,0,2.39718e-11,4.71074e-12
Hessenberg basic,977,0,0,7,1e-12,2.67835,0,4.88283e-11,3.29045e-12
Hessenberg basic,977,0,1,7,1e-12,2.89774,6.28539e-14,2.13504e-11,4.63091e-12
Hessenberg basic,978,0,0,7,1e-12,2.31704,0,4.82799e-11,3.91879e-12
Hessenberg basic,978,0,1,7,1e-12,3.4634,4.49387e-14,2.89939e-11,4.8916e-12
Hessenberg basic,979,0,0,7,1e-12,1.88835,0,4.83146e-11,3.66855e-12
Hessenberg basic,979,0,1,7,1e-12,3.69652,0,2.6041e-11,4.78635e-12
Hessenberg basic,980,0,0,7,1e-12,1.70776,0,4.88214e-11,3.96912e-12
Hessenberg basic,980,0,1,7,1e-12,3.72051,1.42109e-14,2.70498e-11,4.80932e-12
Hessenberg basic,981,0,0,7,1e-12,1.32061,0,4.81669e-11,3.80424e-12
Hessenberg basic,981,0,1,7,1e-12,3.37462,1.42109e-14,2.32026e-11,4.88562e-12
Hessenberg basic,982,0,0,7,1e-12,1.13703,0,4.83471e-11,3.80269e-12
Hessenberg basic,982,0,1,7,1e-12,3.29206,1.58882e-14,2.39445e-11,4.59894e-12
Hessenberg basic,983,0,0,7,1e-12,1.07993,0,4.83393e-11,3.72709e-12
Hessenberg basic,983,0,1,7,1e-12,3.39699,4.27803e-14,2.34195e-11,4.49071e-12
Hessenberg basic,984,0,0,7,1e-12,0.923135,0,4.8058e-11,3.53445e-12
Hessenberg basic,984,0,1,7,1e-12,3.83325,0,2.56804e-11,4.72522e-12
Hessenberg basic,985,0,0,7,1e-12,0.876489,0,4.80453e-11,3.56089e-12
Hessenberg basic,985,0,1,7,1e-12,4.94559,3.17764e-14,2.96533e-11,4.57541e-12
Hessenberg basic,986,0,0,7,1e-12,1.37613,0,4.82815e-11,3.64605e-12
Hessenberg basic,986,0,1,7,1e-12,5.1561,3.17764e-14,2.784e-11,4.76445e-12
Hessenberg basic,987,0,0,7,1e-12,1.44128,0,4.99001e-11,3.76172e-12
Hessenberg basic,987,0,1,7,1e-12,4.01777,4.93559e-14,2.2344e-11,4.5123e-12
Hessenberg basic,988,0,0,7,1e-12,2.39009,0,4.79518e-11,3.81802e-12
Hessenberg basic,988,0,1,7,1e-12,4.66298,3.55271e-14,2.12871e-11,4.74463e-12
Hessenberg basic,989,0,0,7,1e-12,1.47223,0,4.76408e-11,3.64752e-12
Hessenberg basic,989,0,1,7,1e-12,4.75806,4.41238e-14,1.76464e-11,4.5052e-12
Hessenberg basic,990,0,0,7,1e-12,1.20384,0,4.91931e-11,3.6496e-12
Hessenberg basic,990,0,1,7,1e-12,4.68834,3.94415e-14,2.58777e-11,4.56827e-12
Hessenberg basic,991,0,0,7,1e-12,1.31846,0,4.82458e-11,3.59632e-12
Hessenberg basic,991,0,1,7,1e-12,5.12432,3.90799e-14,2.26839e-11,4.47828e-12
Hessenberg basic,992,0,0,7,1e-12,1.65731,0,4.76231e-11,3.76867e-12
Hessenberg basic,992,0,1,7,1e-12,6.3971,3.55271e-14,2.41105e-11,4.66885e-12
Hessenberg basic,993,0,0,7,1e-12,1.94694,0,4.86337e-11,3.82337e-12
Hessenberg basic,993,0,1,7,1e-12,5.03139,2.24693e-14,2.02817e-11,4.8042e-12
Hessenberg basic,994,0,0,7,1e-12,1.6437,0,4.76021e-11,3.97487e-12
Hessenberg basic,994,0,1,7,1e-12,4.12792,0,3.26812e-11,4.79759e-12
Hessenberg basic,995,0,0,7,1e-12,1.3593,0,4.78332e-11,3.69843e-12
Hessenberg basic,995,0,1,7,1e-12,3.84087,3.62307e-14,3.29911e-11,4.72673e-12
Hessenberg basic,996,0,0,7,1e-12,2.46388,0,4.90725e-11,3.71469e-12
Hessenberg basic,996,0,1,7,1e-12,4.32645,0,2.9501e-11,4.94773e-12
Hessenberg basic,997,0,0,7,1e-12,1.89431,0,4.80057e-11,3.80893e-12
Hessenberg basic,997,0,1,7,1e-12,5.07075,3.27544e-14,3.07753e-11,4.90306e-12
Hessenberg basic,998,0,0,7,1e-12,1.06616,0,4.77725e-11,3.45428e-12
Hessenberg basic,998,0,1,7,1e-12,4.51233,0,2.56663e-11,4.8022e-12
Hessenberg basic,999,0,0,7,1e-12,1.01621,0,4.81574e-11,3.52409e-12
Hessenberg basic,999,0,1,7,1e-12,4.27439,3.17764e-14,2.17157e-11,4.64818e-12
Hessenberg basic,1000,0,0,7,1e-12,1.10683,0,4.79121e-11,4.09098e-12
Hessenberg basic,1000,0,1,7,1e-12,5.71928,1.42109e-14,2.09011e-11,4.69121e-12
