version, size, hermitian, complex, seed, tol, runtime in s,min_error, max_error, avg_error
Hessenberg basic,900,0,0,6,1e-12,0.971558,0,2.09184e-11,4.04739e-12
Hessenberg basic,900,0,1,6,1e-12,4.11564,1.42109e-14,2.57565e-11,4.59082e-12
Hessenberg basic,901,0,0,6,1e-12,1.24954,0,2.29647e-11,3.6551e-12
Hessenberg basic,901,0,1,6,1e-12,2.09605,7.10543e-14,2.24493e-11,4.55538e-12
Hessenberg basic,902,0,0,6,1e-12,1.28704,0,2.31921e-11,3.81277e-12
Hessenberg basic,902,0,1,6,1e-12,2.69128,2.50113e-14,2.6045e-11,4.43764e-12
Hessenberg basic,903,0,0,6,1e-12,2.08399,0,3.56977e-11,3.67197e-12
Hessenberg basic,903,0,1,6,1e-12,1.8836,3.17764e-14,2.09384e-11,4.68975e-12
Hessenberg basic,904,0,0,6,1e-12,1.39483,0,2.86491e-11,3.80393e-12
Hessenberg basic,904,0,1,6,1e-12,2.40456,1.58882e-14,2.73851e-11,4.62043e-12
Hessenberg basic,905,0,0,6,1e-12,2.09465,0,1.84173e-11,3.69638e-12
Hessenberg basic,905,0,1,6,1e-12,4.03382,2.00972e-14,2.55457e-11,4.71834e-12
Hessenberg basic,906,0,0,6,1e-12,1.00014,0,2.11745e-11,3.84936e-12
Hessenberg basic,906,0,1,6,1e-12,2.13199,4.61853e-14,2.19153e-11,4.6155e-12
Hessenberg basic,907,0,0,6,1e-12,1.27614,0,3.04282e-11,3.98114e-12
Hessenberg basic,907,0,1,6,1e-12,3.28358,1.33227e-14,2.62597e-11,4.7264e-12
Hessenberg basic,908,0,0,6,1e-12,2.23831,0,1.98487e-11,3.67399e-12
Hessenberg basic,908,0,1,6,1e-12,2.33697,4.49387e-14,2.67587e-11,4.59733e-12
Hessenberg basic,909,0,0,6,1e-12,1.44556,0,2.29143e-11,3.93251e-12
Hessenberg basic,909,0,1,6,1e-12,3.96664,1.42109e-14,2.72902e-11,4.55325e-12
Hessenberg basic,910,0,0,6,1e-12,0.780006,0,2.36469e-11,3.82317e-12
Hessenberg basic,910,0,1,6,1e-12,1.9253,3.17764e-14,3.25623e-11,4.72504e-12
Hessenberg basic,911,0,0,6,1e-12,1.05928,0,2.91038e-11,4.1381e-12
Hessenberg basic,911,0,1,6,1e-12,3.11623,4.97697e-14,2.75723e-11,4.75587e-12
Hessenberg basic,912,0,0,6,1e-12,1.24562,0,2.81943e-11,3.94515e-12
Hessenberg basic,912,0,1,6,1e-12,2.26301,2.92964e-14,2.2757e-11,4.62813e-12
Hessenberg basic,913,0,0,6,1e-12,1.31887,0,2.45566e-11,3.91819e-12
Hessenberg basic,913,0,1,6,1e-12,2.41988,6.34943e-14,2.91839e-11,4.46882e-12
Hessenberg basic,914,0,0,6,1e-12,0.707862,0,2.47837e-11,3.71377e-12
Hessenberg basic,914,0,1,6,1e-12,2.71872,3.7187e-14,2.54417e-11,4.63776e-12
Hessenberg basic,915,0,0,6,1e-12,1.33315,0,1.69851e-11,3.54453e-12
Hessenberg basic,915,0,1,6,1e-12,2.27124,3.82639e-14,2.14323e-11,4.58508e-12
Hessenberg basic,916,0,0,6,1e-12,1.08262,0,2.28046e-11,3.73597e-12
Hessenberg basic,916,0,1,6,1e-12,3.62451,5.1238e-14,2.20121e-11,4.60856e-12
Hessenberg basic,917,0,0,6,1e-12,0.983576,0,2.20552e-11,3.54531e-12
Hessenberg basic,917,0,1,6,1e-12,3.01583,3.82639e-14,1.90419e-11,4.51703e-12
Hessenberg basic,918,0,0,6,1e-12,1.44761,0,2.06692e-11,3.60923e-12
Hessenberg basic,918,0,1,6,1e-12,3.02881,0,2.2965e-11,4.56239e-12
Hessenberg basic,919,0,0,6,1e-12,0.763834,0,2.13504e-11,3.46933e-12
Hessenberg basic,919,0,1,6,1e-12,2.7063,2.84217e-14,2.68419e-11,4.58095e-12
Hessenberg basic,920,0,0,6,1e-12,1.12059,0,2.6148e-11,3.70598e-12
Hessenberg basic,920,0,1,6,1e-12,2.50759,5.0243e-14,2.28397e-11,4.39856e-12
Hessenberg basic,921,0,0,6,1e-12,0.938462,0,3.38787e-11,3.44467e-12
Hessenberg basic,921,0,1,6,1e-12,3.47575,5.68434e-14,2.28338e-11,4.60902e-12
Hessenberg basic,922,0,0,6,1e-12,1.40101,0,2.84217e-11,3.92452e-12
Hessenberg basic,922,0,1,6,1e-12,2.27867,7.10543e-14,2.87073e-11,4.77237e-12
Hessenberg basic,923,0,0,6,1e-12,0.719934,0,1.95541e-11,3.88356e-12
Hessenberg basic,923,0,1,6,1e-12,3.99251,5.85929e-14,2.39696e-11,4.71855e-12
Hessenberg basic,924,0,0,6,1e-12,0.723969,0,2.11458e-11,3.83397e-12
Hessenberg basic,924,0,1,6,1e-12,2.68808,6.35529e-14,2.45578e-11,4.66456e-12
Hessenberg basic,925,0,0,6,1e-12,1.17949,0,2.27374e-11,3.27559e-12
Hessenberg basic,925,0,1,6,1e-12,2.57238,3.77659e-14,2.16319e-11,4.56042e-12
Hessenberg basic,926,0,0,6,1e-12,1.08168,0,1.50067e-11,3.14435e-12
Hessenberg basic,926,0,1,6,1e-12,2.87209,0,2.38916e-11,4.62739e-12
Hessenberg basic,927,0,0,6,1e-12,1.20711,0,2.27032e-11,4.07988e-12
Hessenberg basic,927,0,1,6,1e-12,3.26061,0,2.32603e-11,4.72878e-12
Hessenberg basic,928,0,0,6,1e-12,0.8204,0,2.09184e-11,3.52134e-12
Hessenberg basic,928,0,1,6,1e-12,3.9707,0,2.34096e-11,4.57247e-12
Hessenberg basic,929,0,0,6,1e-12,1.49572,0,2.55077e-11,3.77248e-12
Hessenberg basic,929,0,1,6,1e-12,2.22749,7.46819e-14,2.29988e-11,4.78111e-12
Hessenberg basic,930,0,0,6,1e-12,1.32464,0,1.97815e-11,3.46604e-12
Hessenberg basic,930,0,1,6,1e-12,3.22445,0,2.48611e-11,4.55838e-12
Hessenberg basic,931,0,0,6,1e-12,1.47241,0,2.56088e-11,3.68267e-12
Hessenberg basic,931,0,1,6,1e-12,2.42783,0,2.48119e-11,4.37691e-12
Hessenberg basic,932,0,0,6,1e-12,0.752345,0,2.31921e-11,3.85639e-12
Hessenberg basic,932,0,1,6,1e-12,2.09425,0,2.29615e-11,4.70643e-12
Hessenberg basic,933,0,0,6,1e-12,0.859509,0,2.99245e-11,3.68941e-12
Hessenberg basic,933,0,1,6,1e-12,2.87691,4.14002e-14,2.33266e-11,4.5204e-12
Hessenberg basic,934,0,0,6,1e-12,1.02289,0,2.75122e-11,3.36759e-12
Hessenberg basic,934,0,1,6,1e-12,2.70797,6.58825e-14,2.39013e-11,4.71451e-12
Hessenberg basic,935,0,0,6,1e-12,0.890552,0,1.79625e-11,3.57577e-12
Hessenberg basic,935,0,1,6,1e-12,3.88531,0,2.54883e-11,4.7664e-12
Hessenberg basic,936,0,0,6,1e-12,2.38992,0,1.72804e-11,3.26184e-12
Hessenberg basic,936,0,1,6,1e-12,3.30459,5.68434e-14,2.3451e-11,4.82101e-12
Hessenberg basic,937,0,0,6,1e-12,0.946106,0,1.84173e-11,3.35557e-12
Hessenberg basic,937,0,1,6,1e-12,2.86008,3.0054e-14,2.50813e-11,4.69294e-12
Hessenberg basic,938,0,0,6,1e-12,1.40823,0,2.63753e-11,3.50292e-12
Hessenberg basic,938,0,1,6,1e-12,3.22963,0,2.2755e-11,4.672e-12
Hessenberg basic,939,0,0,6,1e-12,0.796106,0,2.00089e-11,3.76288e-12
Hessenberg basic,939,0,1,6,1e-12,4.09604,4.49387e-14,2.59507e-11,4.69584e-12
Hessenberg basic,940,0,0,6,1e-12,1.41759,0,1.91997e-11,3.70361e-12
Hessenberg basic,940,0,1,6,1e-12,2.66714,6.70325e-14,3.37022e-11,4.73174e-12
Hessenberg basic,941,0,0,6,1e-12,0.767028,0,2.29647e-11,3.50572e-12
Hessenberg basic,941,0,1,6,1e-12,3.52343,6.03961e-14,2.22234e-11,4.68558e-12
Hessenberg basic,942,0,0,6,1e-12,0.851783,0,1.75078e-11,3.64793e-12
Hessenberg basic,942,0,1,6,1e-12,3.13351,3.82639e-14,3.29786e-11,4.73139e-12
Hessenberg basic,943,0,0,6,1e-12,1.39888,0,2.09212e-11,3.4581e-12
Hessenberg basic,943,0,1,6,1e-12,4.18716,2.00972e-14,2.32733e-11,4.71707e-12
Hessenberg basic,944,0,0,6,1e-12,1.1036,0,2.36469e-11,3.58513e-12
Hessenberg basic,944,0,1,6,1e-12,3.8983,3.13893e-14,2.63759e-11,4.81189e-12
Hessenberg basic,945,0,0,6,1e-12,0.955041,0,2.50111e-11,3.40498e-12
Hessenberg basic,945,0,1,6,1e-12,3.73463,0,2.95586e-11,4.80332e-12
Hessenberg basic,946,0,0,6,1e-12,0.864892,0,2.81943e-11,3.93863e-12
Hessenberg basic,946,0,1,6,1e-12,3.42556,0,2.18006e-11,4.56793e-12
Hessenberg basic,947,0,0,6,1e-12,0.945987,0,2.50111e-11,3.33262e-12
Hessenberg basic,947,0,1,6,1e-12,2.83709,3.17764e-14,2.91892e-11,4.61499e-12
Hessenberg basic,948,0,0,6,1e-12,1.08066,0,1.98943e-11,3.34992e-12
Hessenberg basic,948,0,1,6,1e-12,2.77906,5.1238e-14,4.47701e-11,4.71162e-12
Hessenberg basic,949,0,0,6,1e-12,1.22281,0,2.2705e-11,3.55806e-12
Hessenberg basic,949,0,1,6,1e-12,4.00399,0,2.35358e-11,4.82155e-12
Hessenberg basic,950,0,0,6,1e-12,1.14712,0,3.61524e-11,3.43718e-12
Hessenberg basic,950,0,1,6,1e-12,3.81216,0,2.76733e-11,4.7137e-12
Hessenberg basic,951,0,0,6,1e-12,1.28343,0,2.39613e-11,3.51046e-12
Hessenberg basic,951,0,1,6,1e-12,3.94747,4.37904e-14,3.04785e-11,4.59e-12
Hessenberg basic,952,0,0,6,1e-12,0.972693,0,2.08931e-11,3.51636e-12
Hessenberg basic,952,0,1,6,1e-12,3.76661,8.37906e-15,2.83288e-11,4.64403e-12
Hessenberg basic,953,0,0,6,1e-12,1.1874,0,2.13731e-11,3.66748e-12
Hessenberg basic,953,0,1,6,1e-12,3.92491,2.84217e-14,2.53577e-11,4.81849e-12
Hessenberg basic,954,0,0,6,1e-12,0.79226,0,2.02363e-11,3.58149e-12
Hessenberg basic,954,0,1,6,1e-12,2.96977,2.97772e-14,2.83281e-11,4.71031e-12
Hessenberg basic,955,0,0,6,1e-12,0.877089,0,2.54659e-11,3.70005e-12
Hessenberg basic,955,0,1,6,1e-12,2.54049,2.04281e-14,2.20554e-11,4.58239e-12
Hessenberg basic,956,0,0,6,1e-12,1.19429,0,2.31288e-11,3.51521e-12
Hessenberg basic,956,0,1,6,1e-12,2.42907,4.26326e-14,2.18953e-11,4.59555e-12
Hessenberg basic,957,0,0,6,1e-12,1.27906,0,2.7967e-11,3.69038e-12
Hessenberg basic,957,0,1,6,1e-12,3.22111,6.20455e-14,3.22248e-11,4.63935e-12
Hessenberg basic,958,0,0,6,1e-12,1.61844,0,1.93268e-11,3.41293e-12
Hessenberg basic,958,0,1,6,1e-12,4.2985,5.72858e-14,2.61302e-11,4.75225e-12
Hessenberg basic,959,0,0,6,1e-12,1.08888,0,2.57269e-11,3.79528e-12
Hessenberg basic,959,0,1,6,1e-12,4.11024,0,2.15045e-11,4.64974e-12
Hessenberg basic,960,0,0,6,1e-12,1.03353,0,2.251e-11,3.49641e-12
Hessenberg basic,960,0,1,6,1e-12,4.35281,5.1238e-14,2.55975e-11,4.88168e-12
Hessenberg basic,961,0,0,6,1e-12,1.09212,0,2.27374e-11,3.67214e-12
Hessenberg basic,961,0,1,6,1e-12,3.89961,5.54952e-14,2.1315e-11,4.63398e-12
Hessenberg basic,962,0,0,6,1e-12,1.01165,0,2.45564e-11,3.74423e-12
Hessenberg basic,962,0,1,6,1e-12,3.46742,1.42109e-14,2.47211e-11,4.69211e-12
Hessenberg basic,963,0,0,6,1e-12,1.11495,0,2.36611e-11,3.58558e-12
Hessenberg basic,963,0,1,6,1e-12,3.6214,2.84217e-14,2.87581e-11,4.81548e-12
Hessenberg basic,964,0,0,6,1e-12,1.50563,0,2.22826e-11,3.6137e-12
Hessenberg basic,964,0,1,6,1e-12,3.66019,2.86429e-14,3.05778e-11,4.83293e-12
Hessenberg basic,965,0,0,6,1e-12,1.34758,0,2.56873e-11,3.46346e-12
Hessenberg basic,965,0,1,6,1e-12,4.2339,3.33067e-14,2.26161e-11,4.89722e-12
Hessenberg basic,966,0,0,6,1e-12,0.988364,0,2.75122e-11,3.4697e-12
Hessenberg basic,966,0,1,6,1e-12,3.8959,0,2.24298e-11,4.86152e-12
Hessenberg basic,967,0,0,6,1e-12,0.967449,0,2.251e-11,3.58112e-12
Hessenberg basic,967,0,1,6,1e-12,3.47707,4.08562e-14,2.73144e-11,4.69092e-12
Hessenberg basic,968,0,0,6,1e-12,0.867477,0,2.50111e-11,3.72011e-12
Hessenberg basic,968,0,1,6,1e-12,3.10807,5.1238e-14,2.58499e-11,4.62574e-12
Hessenberg basic,969,0,0,6,1e-12,0.836625,0,2.47621e-11,3.66663e-12
Hessenberg basic,969,0,1,6,1e-12,3.10095,5.72858e-14,2.0336e-11,4.593e-12
Hessenberg basic,970,0,0,6,1e-12,1.0896,0,2.46803e-11,3.80946e-12
Hessenberg basic,970,0,1,6,1e-12,3.39283,6.07088e-14,2.92741e-11,4.89801e-12
Hessenberg basic,971,0,0,6,1e-12,1.55328,0,2.11458e-11,3.69735e-12
Hessenberg basic,971,0,1,6,1e-12,3.049,3.17764e-14,2.12385e-11,4.93623e-12
Hessenberg basic,972,0,0,6,1e-12,1.47464,0,2.05154e-11,3.70148e-12
Hessenberg basic,972,0,1,6,1e-12,3.19778,5.27626e-14,2.54681e-11,4.79124e-12
Hessenberg basic,973,0,0,6,1e-12,1.6165,0,2.97124e-11,3.88676e-12
Hessenberg basic,973,0,1,6,1e-12,3.2875,2.13348e-14,2.82987e-11,4.51388e-12
Hessenberg basic,974,0,0,6,1e-12,1.41828,0,2.83813e-11,3.88382e-12
Hessenberg basic,974,0,1,6,1e-12,3.34131,0,3.31282e-11,4.89401e-12
Hessenberg basic,975,0,0,6,1e-12,1.45146,0,3.29692e-11,3.70897e-12
Hessenberg basic,975,0,1,6,1e-12,3.04214,7.10543e-15,2.55452e-11,4.79391e-12
Hessenberg basic,976,0,0,6,1e-12,1.44144,0,2.91038e-11,3.72093e-12
Hessenberg basic,976,0,1,6,1e-12,3.25985,0,3.29999e-11,4.66581e-12
Hessenberg basic,977,0,0,6,1e-12,1.648,0,2.20552e-11,3.53944e-12
Hessenberg basic,977,0,1,6,1e-12,2.78321,1.77636e-14,2.25594e-11,4.66787e-12
Hessenberg basic,978,0,0,6,1e-12,1.3131,0,2.77396e-11,3.95259e-12
Hessenberg basic,978,0,1,6,1e-12,2.67576,3.17764e-14,2.44279e-11,4.95128e-12
Hessenberg basic,979,0,0,6,1e-12,1.2677,0,2.70575e-11,3.99163e-12
Hessenberg basic,979,0,1,6,1e-12,3.02341,1.95399e-14,2.99858e-11,4.73975e-12
Hessenberg basic,980,0,0,6,1e-12,1.52605,0,2.24266e-11,3.82728e-12
Hessenberg basic,980,0,1,6,1e-12,3.31306,7.17668e-14,2.07054e-11,4.75645e-12
Hessenberg basic,981,0,0,6,1e-12,1.89093,0,3.12639e-11,4.09108e-12
Hessenberg basic,981,0,1,6,1e-12,4.27739,4.01944e-14,2.04384e-11,4.74418e-12
Hessenberg basic,982,0,0,6,1e-12,1.4268,0,2.11458e-11,3.56976e-12
Hessenberg basic,982,0,1,6,1e-12,4.31276,5.68434e-14,3.39056e-11,4.71501e-12
Hessenberg basic,983,0,0,6,1e-12,1.28586,0,3.13776e-11,3.79307e-12
Hessenberg basic,983,0,1,6,1e-12,4.84227,5.68434e-14,2.44849e-11,4.8182e-12
Hessenberg basic,984,0,0,6,1e-12,1.49234,0,1.83749e-11,3.82416e-12
Hessenberg basic,984,0,1,6,1e-12,4.75931,3.82639e-14,3.19096e-11,4.90185e-12
Hessenberg basic,985,0,0,6,1e-12,1.18553,0,1.95108e-11,3.95829e-12
Hessenberg basic,985,0,1,6,1e-12,3.83514,2.24693e-14,2.92615e-11,4.85693e-12
Hessenberg basic,986,0,0,6,1e-12,1.45415,0,2.15049e-11,3.79739e-12
Hessenberg basic,986,0,1,6,1e-12,3.89642,0,2.9528e-11,4.6322e-12
Hessenberg basic,987,0,0,6,1e-12,1.0104,0,2.20552e-11,3.8513e-12
Hessenberg basic,987,0,1,6,1e-12,4.75517,1.58882e-14,3.23159e-11,4.87002e-12
Hessenberg basic,988,0,0,6,1e-12,2.35037,0,3.5925e-11,3.56077e-12
Hessenberg basic,988,0,1,6,1e-12,5.58737,1.42109e-14,3.10513e-11,4.88748e-12
Hessenberg basic,989,0,0,6,1e-12,1.35445,0,2.32733e-11,3.68217e-12
Hessenberg basic,989,0,1,6,1e-12,4.09646,3.27544e-14,3.04248e-11,4.6839e-12
Hessenberg basic,990,0,0,6,1e-12,1.37378,0,1.97815e-11,3.91195e-12
Hessenberg basic,990,0,1,6,1e-12,4.97905,5.85929e-14,2.47098e-11,4.64845e-12
Hessenberg basic,991,0,0,6,1e-12,2.1856,0,2.29647e-11,3.592e-12
Hessenberg basic,991,0,1,6,1e-12,5.10915,3.55271e-14,2.34911e-11,4.9095e-12
Hessenberg basic,992,0,0,6,1e-12,1.56242,0,2.84947e-11,3.9671e-12
Hessenberg basic,992,0,1,6,1e-12,5.09207,5.1238e-14,2.11897e-11,4.58121e-12
Hessenberg basic,993,0,0,6,1e-12,1.6376,0,2.63753e-11,3.59363e-12
Hessenberg basic,993,0,1,6,1e-12,4.59875,3.55271e-14,2.07022e-11,4.7213e-12
Hessenberg basic,994,0,0,6,1e-12,1.33457,0,2.4914e-11,3.71862e-12
Hessenberg basic,994,0,1,6,1e-12,4.56715,2.24693e-14,2.7025e-11,4.7229e-12
Hessenberg basic,995,0,0,6,1e-12,0.964025,0,2.00827e-11,4.18173e-12
Hessenberg basic,995,0,1,6,1e-12,4.73537,4.01944e-14,2.69378e-11,4.73997e-12
Hessenberg basic,996,0,0,6,1e-12,1.32662,0,2.81943e-11,3.77272e-12
Hessenberg basic,996,0,1,6,1e-12,3.83404,0,2.28556e-11,4.60227e-12
Hessenberg basic,997,0,0,6,1e-12,0.983951,0,2.52385e-11,3.80472e-12
Hessenberg basic,997,0,1,6,1e-12,3.48228,1.42109e-14,3.37772e-11,4.8071e-12
Hessenberg basic,998,0,0,6,1e-12,1.02853,0,2.30591e-11,3.86549e-12
Hessenberg basic,998,0,1,6,1e-12,2.86175,1.77636e-15,2.32336e-11,4.92441e-12
Hessenberg basic,999,0,0,6,1e-12,1.19033,0,3.04681e-11,4.04684e-12
Hessenberg basic,999,0,1,6,1e-12,2.94382,7.10543e-15,2.4021e-11,4.91636e-12
Hessenberg basic,1000,0,0,6,1e-12,1.33494,0,2.74984e-11,4.06834e-12
Hessenberg basic,1000,0,1,6,1e-12,4.03252,3.03544e-14,2.23478e-11,4.84726e-12
