version, size, hermitian, complex, seed, tol, runtime in s,min_error, max_error, avg_error
Hessenberg basic,900,0,0,10,1e-12,0.788665,0,2.26691e-11,3.8214e-12
Hessenberg basic,900,0,1,10,1e-12,2.51257,3.03544e-14,2.84383e-11,4.62096e-12
Hessenberg basic,901,0,0,10,1e-12,1.05766,0,2.12822e-11,4.0254e-12
Hessenberg basic,901,0,1,10,1e-12,2.29132,5.51529e-14,2.43746e-11,4.7e-12
Hessenberg basic,902,0,0,10,1e-12,1.66911,0,2.30631e-11,4.13579e-12
Hessenberg basic,902,0,1,10,1e-12,2.18875,5.68434e-14,2.44647e-11,4.58065e-12
Hessenberg basic,903,0,0,10,1e-12,0.748738,0,3.72893e-11,3.89229e-12
Hessenberg basic,903,0,1,10,1e-12,4.39722,2.84217e-14,2.34933e-11,4.58965e-12
Hessenberg basic,904,0,0,10,1e-12,1.20598,0,2.70575e-11,3.76688e-12
Hessenberg basic,904,0,1,10,1e-12,3.42556,2.00972e-14,2.62466e-11,4.62558e-12
Hessenberg basic,905,0,0,10,1e-12,0.791897,0,2.10493e-11,3.91542e-12
Hessenberg basic,905,0,1,10,1e-12,2.41085,7.95096e-16,2.09434e-11,4.61601e-12
Hessenberg basic,906,0,0,10,1e-12,1.17813,0,2.38742e-11,3.61439e-12
Hessenberg basic,906,0,1,10,1e-12,2.84674,3.17764e-14,2.38748e-11,4.52183e-12
Hessenberg basic,907,0,0,10,1e-12,2.16973,0,2.09184e-11,3.63658e-12
Hessenberg basic,907,0,1,10,1e-12,2.63459,2.5619e-14,2.11983e-11,4.79377e-12
Hessenberg basic,908,0,0,10,1e-12,0.966403,0,2.91038e-11,3.76169e-12
Hessenberg basic,908,0,1,10,1e-12,2.78484,5.85929e-14,2.77429e-11,4.51255e-12
Hessenberg basic,909,0,0,10,1e-12,1.57297,0,2.47837e-11,3.56574e-12
Hessenberg basic,909,0,1,10,1e-12,4.63163,4.01944e-14,2.4833e-11,4.49675e-12
Hessenberg basic,910,0,0,10,1e-12,0.768911,0,1.84173e-11,3.80862e-12
Hessenberg basic,910,0,1,10,1e-12,3.16262,0,2.27032e-11,4.61563e-12
Hessenberg basic,911,0,0,10,1e-12,1.05997,0,3.52429e-11,3.83964e-12
Hessenberg basic,911,0,1,10,1e-12,3.57466,2.00972e-14,3.69132e-11,4.76494e-12
Hessenberg basic,912,0,0,10,1e-12,2.16719,0,2.251e-11,3.62613e-12
Hessenberg basic,912,0,1,10,1e-12,2.73026,4.9738e-14,2.59228e-11,4.77402e-12
Hessenberg basic,913,0,0,10,1e-12,1.92224,0,2.93312e-11,3.87349e-12
Hessenberg basic,913,0,1,10,1e-12,2.34517,4.41729e-15,3.10038e-11,4.62794e-12
Hessenberg basic,914,0,0,10,1e-12,0.718238,0,2.59206e-11,4.0399e-12
Hessenberg basic,914,0,1,10,1e-12,4.4592,4.49474e-14,2.50115e-11,4.69437e-12
Hessenberg basic,915,0,0,10,1e-12,0.721298,0,2.89946e-11,3.96629e-12
Hessenberg basic,915,0,1,10,1e-12,4.00316,3.57043e-14,2.69447e-11,4.64327e-12
Hessenberg basic,916,0,0,10,1e-12,0.811923,0,2.88765e-11,3.83282e-12
Hessenberg basic,916,0,1,10,1e-12,2.68412,2.00972e-14,2.41329e-11,4.62319e-12
Hessenberg basic,917,0,0,10,1e-12,0.969532,0,2.81943e-11,3.77479e-12
Hessenberg basic,917,0,1,10,1e-12,3.9704,0,2.41533e-11,4.6023e-12
Hessenberg basic,918,0,0,10,1e-12,1.88953,0,2.54659e-11,3.85704e-12
Hessenberg basic,918,0,1,10,1e-12,3.07028,0,2.45669e-11,4.78601e-12
Hessenberg basic,919,0,0,10,1e-12,1.86875,0,2.59206e-11,3.57168e-12
Hessenberg basic,919,0,1,10,1e-12,2.77152,3.70914e-14,2.30187e-11,4.89479e-12
Hessenberg basic,920,0,0,10,1e-12,0.719791,0,3.86535e-11,3.545e-12
Hessenberg basic,920,0,1,10,1e-12,4.40994,2.84217e-14,1.94949e-11,4.53259e-12
Hessenberg basic,921,0,0,10,1e-12,1.87249,0,2.75603e-11,3.89006e-12
Hessenberg basic,921,0,1,10,1e-12,4.64654,2.84217e-14,2.46638e-11,4.77892e-12
Hessenberg basic,922,0,0,10,1e-12,0.952044,0,2.52385e-11,4.09756e-12
Hessenberg basic,922,0,1,10,1e-12,3.13554,5.43751e-14,2.22516e-11,4.59496e-12
Hessenberg basic,923,0,0,10,1e-12,0.846838,0,2.70575e-11,3.57414e-12
Hessenberg basic,923,0,1,10,1e-12,3.30407,3.15314e-14,2.21966e-11,4.71285e-12
Hessenberg basic,924,0,0,10,1e-12,1.39341,0,2.22826e-11,3.93444e-12
Hessenberg basic,924,0,1,10,1e-12,3.26927,4.26326e-14,2.13986e-11,4.6886e-12
Hessenberg basic,925,0,0,10,1e-12,2.30516,0,2.29411e-11,4.01743e-12
Hessenberg basic,925,0,1,10,1e-12,2.80464,0,2.1471e-11,4.7e-12
Hessenberg basic,926,0,0,10,1e-12,0.761038,0,3.21402e-11,3.77289e-12
Hessenberg basic,926,0,1,10,1e-12,3.03876,3.17764e-14,2.74532e-11,4.74633e-12
Hessenberg basic,927,0,0,10,1e-12,1.74245,0,2.6148e-11,3.65042e-12
Hessenberg basic,927,0,1,10,1e-12,5.16654,0,2.17626e-11,4.61306e-12
Hessenberg basic,928,0,0,10,1e-12,0.862392,0,3.27418e-11,3.72745e-12
Hessenberg basic,928,0,1,10,1e-12,2.71783,0,2.06848e-11,4.71337e-12
Hessenberg basic,929,0,0,10,1e-12,0.863695,0,2.04993e-11,3.60687e-12
Hessenberg basic,929,0,1,10,1e-12,3.44838,4.26326e-14,2.29917e-11,4.78279e-12
Hessenberg basic,930,0,0,10,1e-12,1.98497,0,2.93312e-11,4.03889e-12
Hessenberg basic,930,0,1,10,1e-12,4.0442,1.42109e-14,2.02774e-11,4.73132e-12
Hessenberg basic,931,0,0,10,1e-12,2.40994,0,2.4329e-11,3.61586e-12
Hessenberg basic,931,0,1,10,1e-12,2.97426,2.84217e-14,2.02056e-11,4.465e-12
Hessenberg basic,932,0,0,10,1e-12,1.75263,0,2.74007e-11,3.98718e-12
Hessenberg basic,932,0,1,10,1e-12,2.89542,1.42109e-14,2.2716e-11,4.62656e-12
Hessenberg basic,933,0,0,10,1e-12,0.884086,0,2.68301e-11,3.53008e-12
Hessenberg basic,933,0,1,10,1e-12,4.49395,3.95824e-14,2.2793e-11,4.68705e-12
Hessenberg basic,934,0,0,10,1e-12,1.93478,0,2.63753e-11,3.91198e-12
Hessenberg basic,934,0,1,10,1e-12,5.27553,3.17764e-14,2.59246e-11,4.84023e-12
Hessenberg basic,935,0,0,10,1e-12,0.99997,0,2.13731e-11,3.87823e-12
Hessenberg basic,935,0,1,10,1e-12,3.31116,1.00486e-14,2.1946e-11,4.65256e-12
Hessenberg basic,936,0,0,10,1e-12,0.88177,0,2.15658e-11,3.82646e-12
Hessenberg basic,936,0,1,10,1e-12,3.10012,0,3.05088e-11,4.5556e-12
Hessenberg basic,937,0,0,10,1e-12,1.51312,0,2.52385e-11,3.79655e-12
Hessenberg basic,937,0,1,10,1e-12,4.20305,3.01458e-14,2.51011e-11,4.63853e-12
Hessenberg basic,938,0,0,10,1e-12,2.38607,0,3.52429e-11,3.79457e-12
Hessenberg basic,938,0,1,10,1e-12,3.04443,7.65278e-14,2.95148e-11,4.9175e-12
Hessenberg basic,939,0,0,10,1e-12,2.04523,0,2.55064e-11,4.04217e-12
Hessenberg basic,939,0,1,10,1e-12,2.99268,4.26326e-14,2.37181e-11,4.66724e-12
Hessenberg basic,940,0,0,10,1e-12,0.879334,0,3.36513e-11,4.0072e-12
Hessenberg basic,940,0,1,10,1e-12,3.4179,4.27803e-14,2.4921e-11,4.9394e-12
Hessenberg basic,941,0,0,10,1e-12,1.99124,0,2.98832e-11,4.29581e-12
Hessenberg basic,941,0,1,10,1e-12,5.32225,2.95018e-14,3.59396e-11,4.751e-12
Hessenberg basic,942,0,0,10,1e-12,0.95125,0,2.50111e-11,3.85452e-12
Hessenberg basic,942,0,1,10,1e-12,3.28532,0,2.04282e-11,4.74346e-12
Hessenberg basic,943,0,0,10,1e-12,0.904781,0,3.18323e-11,3.98972e-12
Hessenberg basic,943,0,1,10,1e-12,3.14561,2.84217e-14,2.04993e-11,4.72043e-12
Hessenberg basic,944,0,0,10,1e-12,1.66006,0,2.5536e-11,3.87451e-12
Hessenberg basic,944,0,1,10,1e-12,4.3773,0,2.33944e-11,4.73919e-12
Hessenberg basic,945,0,0,10,1e-12,2.48484,0,2.77396e-11,3.96135e-12
Hessenberg basic,945,0,1,10,1e-12,3.08564,1.42109e-14,2.13593e-11,4.57537e-12
Hessenberg basic,946,0,0,10,1e-12,1.9109,0,2.81943e-11,3.95195e-12
Hessenberg basic,946,0,1,10,1e-12,3.02066,1.42109e-14,2.78359e-11,4.63228e-12
Hessenberg basic,947,0,0,10,1e-12,0.85245,0,2.75207e-11,4.35156e-12
Hessenberg basic,947,0,1,10,1e-12,4.62823,4.26326e-14,2.63753e-11,4.87635e-12
Hessenberg basic,948,0,0,10,1e-12,2.03674,0,2.48787e-11,4.3268e-12
Hessenberg basic,948,0,1,10,1e-12,5.23789,4.83221e-14,2.25192e-11,4.52439e-12
Hessenberg basic,949,0,0,10,1e-12,1.01701,0,3.5925e-11,4.06829e-12
Hessenberg basic,949,0,1,10,1e-12,2.94872,2.39151e-14,2.81524e-11,4.66367e-12
Hessenberg basic,950,0,0,10,1e-12,0.979071,0,2.354e-11,4.07596e-12
Hessenberg basic,950,0,1,10,1e-12,3.65179,1.58882e-14,2.51248e-11,4.68168e-12
Hessenberg basic,951,0,0,10,1e-12,2.06054,0,2.9872e-11,3.98782e-12
Hessenberg basic,951,0,1,10,1e-12,4.26406,4.49387e-14,2.04391e-11,4.68001e-12
Hessenberg basic,952,0,0,10,1e-12,2.61126,0,2.03131e-11,3.59865e-12
Hessenberg basic,952,0,1,10,1e-12,3.20187,3.55271e-14,2.46788e-11,4.66656e-12
Hessenberg basic,953,0,0,10,1e-12,2.16739,0,2.45564e-11,4.32136e-12
Hessenberg basic,953,0,1,10,1e-12,3.21589,2.13163e-14,2.52654e-11,4.6984e-12
Hessenberg basic,954,0,0,10,1e-12,1.34546,0,2.81943e-11,4.34362e-12
Hessenberg basic,954,0,1,10,1e-12,3.16247,2.13163e-14,2.85587e-11,4.5044e-12
Hessenberg basic,955,0,0,10,1e-12,1.41893,0,2.50111e-11,4.06655e-12
Hessenberg basic,955,0,1,10,1e-12,5.07333,4.26326e-14,2.75301e-11,4.67987e-12
Hessenberg basic,956,0,0,10,1e-12,1.07135,0,1.92144e-11,3.66925e-12
Hessenberg basic,956,0,1,10,1e-12,3.65706,4.01944e-14,2.32358e-11,4.6408e-12
Hessenberg basic,957,0,0,10,1e-12,1.17212,0,2.4329e-11,3.89016e-12
Hessenberg basic,957,0,1,10,1e-12,3.92451,0,2.63165e-11,4.49394e-12
Hessenberg basic,958,0,0,10,1e-12,1.42381,0,2.10772e-11,3.84226e-12
Hessenberg basic,958,0,1,10,1e-12,5.02704,7.10543e-15,2.45942e-11,4.55755e-12
Hessenberg basic,959,0,0,10,1e-12,1.03654,0,2.50111e-11,4.07098e-12
Hessenberg basic,959,0,1,10,1e-12,3.85138,2.27485e-14,2.54834e-11,4.72819e-12
Hessenberg basic,960,0,0,10,1e-12,2.2722,0,3.41292e-11,3.95528e-12
Hessenberg basic,960,0,1,10,1e-12,3.46089,0,2.34203e-11,4.61075e-12
Hessenberg basic,961,0,0,10,1e-12,1.611,0,3.02407e-11,3.76569e-12
Hessenberg basic,961,0,1,10,1e-12,4.20286,3.55271e-14,2.03064e-11,4.47027e-12
Hessenberg basic,962,0,0,10,1e-12,1.07859,0,2.32625e-11,3.76135e-12
Hessenberg basic,962,0,1,10,1e-12,3.67127,3.55271e-14,2.03118e-11,4.42344e-12
Hessenberg basic,963,0,0,10,1e-12,1.04721,0,2.0691e-11,3.81149e-12
Hessenberg basic,963,0,1,10,1e-12,4.15239,2.84217e-14,3.22007e-11,4.51555e-12
Hessenberg basic,964,0,0,10,1e-12,1.33992,0,2.56932e-11,3.86953e-12
Hessenberg basic,964,0,1,10,1e-12,4.23834,4.26326e-14,2.46247e-11,4.41368e-12
Hessenberg basic,965,0,0,10,1e-12,2.16121,0,2.29647e-11,3.69954e-12
Hessenberg basic,965,0,1,10,1e-12,5.15968,0,2.5703e-11,4.72564e-12
Hessenberg basic,966,0,0,10,1e-12,1.47423,0,2.33233e-11,4.04688e-12
Hessenberg basic,966,0,1,10,1e-12,3.63248,2.84217e-14,2.42825e-11,4.54199e-12
Hessenberg basic,967,0,0,10,1e-12,1.58291,0,2.56754e-11,4.27437e-12
Hessenberg basic,967,0,1,10,1e-12,3.71757,2.92964e-14,3.68843e-11,4.65934e-12
Hessenberg basic,968,0,0,10,1e-12,1.51593,0,3.52429e-11,4.16177e-12
Hessenberg basic,968,0,1,10,1e-12,4.56472,0,2.42252e-11,4.70502e-12
Hessenberg basic,969,0,0,10,1e-12,1.46724,0,3.22582e-11,4.09153e-12
Hessenberg basic,969,0,1,10,1e-12,4.52967,5.54952e-14,4.4512e-11,4.73633e-12
Hessenberg basic,970,0,0,10,1e-12,1.42228,0,3.06954e-11,4.0042e-12
Hessenberg basic,970,0,1,10,1e-12,4.57904,2.92964e-14,2.4841e-11,4.77013e-12
Hessenberg basic,971,0,0,10,1e-12,1.65177,0,2.15301e-11,4.00925e-12
Hessenberg basic,971,0,1,10,1e-12,4.4937,2.87409e-14,2.39523e-11,4.58928e-12
Hessenberg basic,972,0,0,10,1e-12,1.85087,0,3.09648e-11,3.97467e-12
Hessenberg basic,972,0,1,10,1e-12,4.52536,4.61853e-14,3.00658e-11,4.68543e-12
Hessenberg basic,973,0,0,10,1e-12,1.26264,0,3.02407e-11,4.13261e-12
Hessenberg basic,973,0,1,10,1e-12,3.79686,5.68434e-14,2.31173e-11,4.52722e-12
Hessenberg basic,974,0,0,10,1e-12,2.26734,0,2.88765e-11,3.98496e-12
Hessenberg basic,974,0,1,10,1e-12,4.48811,2.13163e-14,2.49731e-11,4.54008e-12
Hessenberg basic,975,0,0,10,1e-12,1.27203,0,3.09681e-11,4.31752e-12
Hessenberg basic,975,0,1,10,1e-12,4.306,1.00486e-14,2.83999e-11,4.72999e-12
Hessenberg basic,976,0,0,10,1e-12,1.37432,0,2.93876e-11,4.29005e-12
Hessenberg basic,976,0,1,10,1e-12,3.60586,2.86429e-14,2.36487e-11,4.48468e-12
Hessenberg basic,977,0,0,10,1e-12,1.30425,0,2.82596e-11,3.71309e-12
Hessenberg basic,977,0,1,10,1e-12,3.81858,3.44906e-14,3.17673e-11,4.45615e-12
Hessenberg basic,978,0,0,10,1e-12,1.07588,0,2.41016e-11,3.86948e-12
Hessenberg basic,978,0,1,10,1e-12,4.86223,2.84217e-14,2.44466e-11,4.58613e-12
Hessenberg basic,979,0,0,10,1e-12,2.07239,0,3.19947e-11,4.05893e-12
Hessenberg basic,979,0,1,10,1e-12,5.13293,1.42109e-14,2.44466e-11,4.6016e-12
Hessenberg basic,980,0,0,10,1e-12,1.55451,0,2.74842e-11,4.0801e-12
Hessenberg basic,980,0,1,10,1e-12,4.84625,3.55271e-14,2.75235e-11,4.70984e-12
Hessenberg basic,981,0,0,10,1e-12,1.22396,0,2.31095e-11,4.00276e-12
Hessenberg basic,981,0,1,10,1e-12,4.25769,0,2.38929e-11,4.5546e-12
Hessenberg basic,982,0,0,10,1e-12,1.33455,0,3.07638e-11,4.14532e-12
Hessenberg basic,982,0,1,10,1e-12,3.77695,0,2.71033e-11,4.71828e-12
Hessenberg basic,983,0,0,10,1e-12,2.26947,0,2.36469e-11,4.06405e-12
Hessenberg basic,983,0,1,10,1e-12,4.41304,5.85929e-14,3.31791e-11,4.73116e-12
Hessenberg basic,984,0,0,10,1e-12,1.80802,0,2.54659e-11,3.68173e-12
Hessenberg basic,984,0,1,10,1e-12,4.32514,4.01944e-14,2.42822e-11,4.55481e-12
Hessenberg basic,985,0,0,10,1e-12,1.31044,0,3.63798e-11,3.89335e-12
Hessenberg basic,985,0,1,10,1e-12,4.30474,1.43214e-14,2.92016e-11,4.45361e-12
Hessenberg basic,986,0,0,10,1e-12,1.50863,0,3.28681e-11,4.36841e-12
Hessenberg basic,986,0,1,10,1e-12,5.52909,0,2.66445e-11,4.72248e-12
Hessenberg basic,987,0,0,10,1e-12,2.19531,0,2.16406e-11,4.45981e-12
Hessenberg basic,987,0,1,10,1e-12,4.9903,0,2.22097e-11,4.61921e-12
Hessenberg basic,988,0,0,10,1e-12,1.42651,0,2.0691e-11,4.08244e-12
Hessenberg basic,988,0,1,10,1e-12,4.18501,0,2.2269e-11,4.57477e-12
Hessenberg basic,989,0,0,10,1e-12,1.61046,0,2.56955e-11,4.27456e-12
Hessenberg basic,989,0,1,10,1e-12,4.39693,7.94411e-15,2.51195e-11,4.7314e-12
Hessenberg basic,990,0,0,10,1e-12,1.66682,0,2.21853e-11,3.74098e-12
Hessenberg basic,990,0,1,10,1e-12,3.88445,4.54969e-14,2.04548e-11,4.60915e-12
Hessenberg basic,991,0,0,10,1e-12,2.46481,0,2.40138e-11,4.07772e-12
Hessenberg basic,991,0,1,10,1e-12,4.93075,2.17283e-14,2.59565e-11,4.52323e-12
Hessenberg basic,992,0,0,10,1e-12,1.83941,0,2.47837e-11,4.15077e-12
Hessenberg basic,992,0,1,10,1e-12,4.75615,2.39808e-14,2.16247e-11,4.5154e-12
Hessenberg basic,993,0,0,10,1e-12,1.35045,0,2.49814e-11,4.09975e-12
Hessenberg basic,993,0,1,10,1e-12,4.23991,3.55271e-14,2.52851e-11,4.68771e-12
Hessenberg basic,994,0,0,10,1e-12,1.74263,0,2.68301e-11,4.11042e-12
Hessenberg basic,994,0,1,10,1e-12,4.96966,7.10543e-14,2.50423e-11,4.74837e-12
Hessenberg basic,995,0,0,10,1e-12,1.60501,0,3.2385e-11,4.30009e-12
Hessenberg basic,995,0,1,10,1e-12,5.031,1.67581e-14,2.57147e-11,4.48224e-12
Hessenberg basic,996,0,0,10,1e-12,1.24931,0,3.41061e-11,4.02491e-12
Hessenberg basic,996,0,1,10,1e-12,5.57998,3.55271e-14,1.95545e-11,4.55725e-12
Hessenberg basic,997,0,0,10,1e-12,1.16446,0,3.18323e-11,4.28911e-12
Hessenberg basic,997,0,1,10,1e-12,3.75997,5.68434e-14,2.05018e-11,4.60739e-12
Hessenberg basic,998,0,0,10,1e-12,1.12363,0,2.11424e-11,4.08198e-12
Hessenberg basic,998,0,1,10,1e-12,3.12303,5.68434e-14,2.7154e-11,4.52798e-12
Hessenberg basic,999,0,0,10,1e-12,1.03912,0,2.60571e-11,4.23464e-12
Hessenberg basic,999,0,1,10,1e-12,3.21482,7.65278e-14,2.18681e-11,4.53288e-12
Hessenberg basic,1000,0,0,10,1e-12,1.05324,0,2.5957e-11,4.05713e-12
Hessenberg basic,1000,0,1,10,1e-12,3.41171,5.68434e-14,2.18816e-11,4.40988e-12
