version, size, hermitian, complex, seed, tol, runtime in s,min_error, max_error, avg_error
Hessenberg basic,900,0,0,1,1e-12,0.666892,0,2.59206e-11,3.68442e-12
Hessenberg basic,900,0,1,1,1e-12,1.65724,2.4869e-14,2.09628e-11,4.71209e-12
Hessenberg basic,901,0,0,1,1e-12,0.631423,0,2.45564e-11,3.88466e-12
Hessenberg basic,901,0,1,1,1e-12,2.04912,5.17283e-14,2.80438e-11,4.64326e-12
Hessenberg basic,902,0,0,1,1e-12,0.845991,0,2.01698e-11,3.75961e-12
Hessenberg basic,902,0,1,1,1e-12,2.63956,3.35162e-14,2.627e-11,4.63125e-12
Hessenberg basic,903,0,0,1,1e-12,0.884018,0,4.04725e-11,3.38098e-12
Hessenberg basic,903,0,1,1,1e-12,3.04403,0,2.52713e-11,4.71657e-12
Hessenberg basic,904,0,0,1,1e-12,1.33233,0,2.13731e-11,3.89634e-12
Hessenberg basic,904,0,1,1,1e-12,3.57876,4.97697e-14,2.60539e-11,4.626e-12
Hessenberg basic,905,0,0,1,1e-12,1.24375,0,2.0691e-11,3.9659e-12
Hessenberg basic,905,0,1,1,1e-12,3.95451,5.72858e-14,2.79006e-11,4.76282e-12
Hessenberg basic,906,0,0,1,1e-12,1.01569,0,2.54659e-11,4.22381e-12
Hessenberg basic,906,0,1,1,1e-12,3.77384,8.24046e-14,2.84374e-11,4.69974e-12
Hessenberg basic,907,0,0,1,1e-12,0.70325,0,2.81943e-11,3.75923e-12
Hessenberg basic,907,0,1,1,1e-12,3.71051,6.35529e-14,3.61606e-11,4.74498e-12
Hessenberg basic,908,0,0,1,1e-12,0.612903,0,2.04728e-11,3.82264e-12
Hessenberg basic,908,0,1,1,1e-12,2.66664,5.68434e-14,1.81101e-11,4.45481e-12
Hessenberg basic,909,0,0,1,1e-12,0.57777,0,2.0691e-11,3.62294e-12
Hessenberg basic,909,0,1,1,1e-12,2.26576,1.42109e-14,3.0193e-11,4.7184e-12
Hessenberg basic,910,0,0,1,1e-12,0.756957,0,2.22826e-11,3.86144e-12
Hessenberg basic,910,0,1,1,1e-12,2.91662,4.26326e-14,3.00506e-11,4.60933e-12
Hessenberg basic,911,0,0,1,1e-12,0.739847,0,2.29647e-11,4.02807e-12
Hessenberg basic,911,0,1,1,1e-12,3.3101,2.32174e-14,2.26697e-11,4.51571e-12
Hessenberg basic,912,0,0,1,1e-12,0.981689,0,2.9786e-11,4.16175e-12
Hessenberg basic,912,0,1,1,1e-12,2.21352,2.70567e-14,2.42835e-11,4.54685e-12
Hessenberg basic,913,0,0,1,1e-12,1.24952,0,1.81899e-11,4.06271e-12
Hessenberg basic,913,0,1,1,1e-12,2.56987,3.37508e-14,2.60522e-11,4.49198e-12
Hessenberg basic,914,0,0,1,1e-12,1.47741,0,2.07509e-11,4.04942e-12
Hessenberg basic,914,0,1,1,1e-12,3.02637,2.5619e-14,2.50362e-11,4.63889e-12
Hessenberg basic,915,0,0,1,1e-12,1.86751,0,3.09228e-11,3.35063e-12
Hessenberg basic,915,0,1,1,1e-12,2.54374,9.9476e-14,2.63364e-11,4.9047e-12
Hessenberg basic,916,0,0,1,1e-12,2.00437,0,1.78814e-11,3.93968e-12
Hessenberg basic,916,0,1,1,1e-12,2.75825,3.17764e-14,2.53325e-11,4.83343e-12
Hessenberg basic,917,0,0,1,1e-12,2.04043,0,2.22826e-11,4.00242e-12
Hessenberg basic,917,0,1,1,1e-12,3.15296,3.03544e-14,2.50163e-11,4.56586e-12
Hessenberg basic,918,0,0,1,1e-12,1.79755,0,1.97779e-11,3.84695e-12
Hessenberg basic,918,0,1,1,1e-12,3.08995,2.70567e-14,2.76081e-11,4.8043e-12
Hessenberg basic,919,0,0,1,1e-12,2.0465,0,1.97138e-11,3.90706e-12
Hessenberg basic,919,0,1,1,1e-12,2.79523,0,2.90273e-11,4.6666e-12
Hessenberg basic,920,0,0,1,1e-12,1.96222,0,2.7967e-11,3.85313e-12
Hessenberg basic,920,0,1,1,1e-12,2.74125,0,2.52131e-11,4.79666e-12
Hessenberg basic,921,0,0,1,1e-12,1.87681,0,3.47882e-11,4.17814e-12
Hessenberg basic,921,0,1,1,1e-12,2.91347,3.82639e-14,3.10713e-11,4.6422e-12
Hessenberg basic,922,0,0,1,1e-12,1.85915,0,2.21106e-11,4.41864e-12
Hessenberg basic,922,0,1,1,1e-12,3.07717,1.42109e-14,2.15861e-11,4.56909e-12
Hessenberg basic,923,0,0,1,1e-12,1.82329,0,3.7744e-11,4.06833e-12
Hessenberg basic,923,0,1,1,1e-12,3.37672,3.97205e-14,2.66823e-11,4.81494e-12
Hessenberg basic,924,0,0,1,1e-12,2.12596,0,1.82014e-11,4.08295e-12
Hessenberg basic,924,0,1,1,1e-12,2.88446,0,2.74758e-11,4.7776e-12
Hessenberg basic,925,0,0,1,1e-12,1.9555,0,2.04636e-11,4.34265e-12
Hessenberg basic,925,0,1,1,1e-12,2.8799,4.01944e-14,2.66483e-11,4.74259e-12
Hessenberg basic,926,0,0,1,1e-12,2.05522,0,2.27374e-11,4.01949e-12
Hessenberg basic,926,0,1,1,1e-12,3.35268,3.55271e-14,2.34933e-11,4.76845e-12
Hessenberg basic,927,0,0,1,1e-12,1.87224,0,2.47837e-11,4.0324e-12
Hessenberg basic,927,0,1,1,1e-12,3.32044,7.18492e-14,2.19251e-11,4.56014e-12
Hessenberg basic,928,0,0,1,1e-12,2.05289,0,1.97815e-11,4.20308e-12
Hessenberg basic,928,0,1,1,1e-12,3.029,2.00972e-14,2.68542e-11,4.82918e-12
Hessenberg basic,929,0,0,1,1e-12,2.18785,0,2.09184e-11,3.91045e-12
Hessenberg basic,929,0,1,1,1e-12,2.9475,2.84217e-14,3.24412e-11,4.66342e-12
Hessenberg basic,930,0,0,1,1e-12,2.18547,0,2.56932e-11,3.64752e-12
Hessenberg basic,930,0,1,1,1e-12,3.58451,4.567e-14,2.30187e-11,4.62877e-12
Hessenberg basic,931,0,0,1,1e-12,1.93832,0,2.93312e-11,4.08957e-12
Hessenberg basic,931,0,1,1,1e-12,2.92903,6.70325e-14,2.77992e-11,4.78588e-12
Hessenberg basic,932,0,0,1,1e-12,1.99557,0,1.98339e-11,3.70068e-12
Hessenberg basic,932,0,1,1,1e-12,3.56007,2.84217e-14,2.53736e-11,4.60852e-12
Hessenberg basic,933,0,0,1,1e-12,2.16977,0,2.18279e-11,3.49064e-12
Hessenberg basic,933,0,1,1,1e-12,2.88502,2.33643e-14,2.53356e-11,4.68546e-12
Hessenberg basic,934,0,0,1,1e-12,2.0821,0,3.47882e-11,3.7878e-12
Hessenberg basic,934,0,1,1,1e-12,3.03578,1.06581e-14,3.19808e-11,4.4647e-12
Hessenberg basic,935,0,0,1,1e-12,2.23155,0,2.84217e-11,3.72069e-12
Hessenberg basic,935,0,1,1,1e-12,3.71259,2.84217e-14,2.8577e-11,4.7791e-12
Hessenberg basic,936,0,0,1,1e-12,1.95786,0,1.68858e-11,3.5989e-12
Hessenberg basic,936,0,1,1,1e-12,3.17826,3.87962e-14,3.68978e-11,4.70687e-12
Hessenberg basic,937,0,0,1,1e-12,2.2077,0,3.06954e-11,3.68614e-12
Hessenberg basic,937,0,1,1,1e-12,3.80641,2.84217e-14,2.93253e-11,4.67511e-12
Hessenberg basic,938,0,0,1,1e-12,2.24857,0,2.7967e-11,3.50687e-12
Hessenberg basic,938,0,1,1,1e-12,3.10604,3.90799e-14,2.36559e-11,4.67447e-12
Hessenberg basic,939,0,0,1,1e-12,2.02345,0,2.04636e-11,3.59128e-12
Hessenberg basic,939,0,1,1,1e-12,3.47334,4.26326e-14,2.78124e-11,4.64908e-12
Hessenberg basic,940,0,0,1,1e-12,2.06693,0,2.66027e-11,3.80423e-12
Hessenberg basic,940,0,1,1,1e-12,3.42234,9.66443e-14,2.61146e-11,4.89804e-12
Hessenberg basic,941,0,0,1,1e-12,1.95407,0,2.31921e-11,3.7503e-12
Hessenberg basic,941,0,1,1,1e-12,2.85804,2.86429e-14,2.57076e-11,4.6725e-12
Hessenberg basic,942,0,0,1,1e-12,2.32136,0,2.52385e-11,3.35154e-12
Hessenberg basic,942,0,1,1,1e-12,3.78111,2.00972e-14,2.58489e-11,4.63766e-12
Hessenberg basic,943,0,0,1,1e-12,2.26792,0,4.06999e-11,3.80635e-12
Hessenberg basic,943,0,1,1,1e-12,3.18458,3.17764e-14,2.69896e-11,4.38393e-12
Hessenberg basic,944,0,0,1,1e-12,2.00821,0,2.27374e-11,3.76868e-12
Hessenberg basic,944,0,1,1,1e-12,3.54367,5.81876e-14,3.02031e-11,5.16891e-12
Hessenberg basic,945,0,0,1,1e-12,2.11374,0,2.29647e-11,3.70377e-12
Hessenberg basic,945,0,1,1,1e-12,3.78731,0,2.58707e-11,4.69855e-12
Hessenberg basic,946,0,0,1,1e-12,2.00781,0,2.04636e-11,3.46403e-12
Hessenberg basic,946,0,1,1,1e-12,3.20092,4.54969e-14,2.34062e-11,4.56305e-12
Hessenberg basic,947,0,0,1,1e-12,2.11785,0,4.95675e-11,3.76334e-12
Hessenberg basic,947,0,1,1,1e-12,3.94523,4.01944e-14,2.3614e-11,4.69183e-12
Hessenberg basic,948,0,0,1,1e-12,2.29624,0,2.54659e-11,3.88507e-12
Hessenberg basic,948,0,1,1,1e-12,3.15118,5.1238e-14,2.76645e-11,4.57383e-12
Hessenberg basic,949,0,0,1,1e-12,2.08327,0,3.18323e-11,3.80717e-12
Hessenberg basic,949,0,1,1,1e-12,3.58587,1.78808e-14,2.09591e-11,4.70029e-12
Hessenberg basic,950,0,0,1,1e-12,2.33527,0,2.45564e-11,3.89649e-12
Hessenberg basic,950,0,1,1,1e-12,4.16908,0,2.15825e-11,4.83785e-12
Hessenberg basic,951,0,0,1,1e-12,2.03941,0,1.93268e-11,3.53818e-12
Hessenberg basic,951,0,1,1,1e-12,3.44211,1.42109e-14,2.14311e-11,4.7787e-12
Hessenberg basic,952,0,0,1,1e-12,1.97274,0,2.81943e-11,3.5882e-12
Hessenberg basic,952,0,1,1,1e-12,4.34815,2.5619e-14,2.68807e-11,4.87958e-12
Hessenberg basic,953,0,0,1,1e-12,2.39968,0,2.74002e-11,3.91708e-12
Hessenberg basic,953,0,1,1,1e-12,3.20465,0,3.42967e-11,4.6512e-12
Hessenberg basic,954,0,0,1,1e-12,2.61856,0,2.5625e-11,3.71106e-12
Hessenberg basic,954,0,1,1,1e-12,3.48617,3.97205e-14,2.96165e-11,4.80231e-12
Hessenberg basic,955,0,0,1,1e-12,2.46636,0,2.93312e-11,4.20357e-12
Hessenberg basic,955,0,1,1,1e-12,4.06419,0,2.22736e-11,4.65009e-12
Hessenberg basic,956,0,0,1,1e-12,2.36243,0,3.45608e-11,3.97454e-12
Hessenberg basic,956,0,1,1,1e-12,3.68669,3.17764e-14,2.1608e-11,4.49674e-12
Hessenberg basic,957,0,0,1,1e-12,2.14351,0,2.75122e-11,3.52232e-12
Hessenberg basic,957,0,1,1,1e-12,4.13727,0,2.25467e-11,4.61268e-12
Hessenberg basic,958,0,0,1,1e-12,2.65844,0,2.9786e-11,3.57304e-12
Hessenberg basic,958,0,1,1,1e-12,3.16193,2.4869e-14,2.33446e-11,4.49547e-12
Hessenberg basic,959,0,0,1,1e-12,2.60474,0,4.41105e-11,3.50156e-12
Hessenberg basic,959,0,1,1,1e-12,3.43687,3.99187e-14,2.1525e-11,4.46904e-12
Hessenberg basic,960,0,0,1,1e-12,2.3929,0,2.36469e-11,3.48225e-12
Hessenberg basic,960,0,1,1,1e-12,4.18367,2.00972e-14,2.39059e-11,4.47912e-12
Hessenberg basic,961,0,0,1,1e-12,2.39018,0,3.04681e-11,3.76388e-12
Hessenberg basic,961,0,1,1,1e-12,3.76182,3.27544e-14,3.21362e-11,5.00449e-12
Hessenberg basic,962,0,0,1,1e-12,2.30545,0,3.9563e-11,3.63918e-12
Hessenberg basic,962,0,1,1,1e-12,4.11972,2.00972e-14,3.32668e-11,4.72e-12
Hessenberg basic,963,0,0,1,1e-12,2.64803,0,2.4329e-11,3.50803e-12
Hessenberg basic,963,0,1,1,1e-12,3.52544,4.44089e-14,2.70226e-11,4.77159e-12
Hessenberg basic,964,0,0,1,1e-12,2.69367,0,2.20552e-11,3.49394e-12
Hessenberg basic,964,0,1,1,1e-12,3.68856,2.84217e-14,2.68783e-11,4.7768e-12
Hessenberg basic,965,0,0,1,1e-12,2.32271,0,2.36469e-11,3.73326e-12
Hessenberg basic,965,0,1,1,1e-12,3.67815,0,2.08515e-11,4.83696e-12
Hessenberg basic,966,0,0,1,1e-12,2.6779,0,3.18323e-11,3.84002e-12
Hessenberg basic,966,0,1,1,1e-12,3.871,5.88079e-14,3.26572e-11,4.59965e-12
Hessenberg basic,967,0,0,1,1e-12,2.24979,0,3.41061e-11,3.99147e-12
Hessenberg basic,967,0,1,1,1e-12,4.04435,3.17764e-14,2.7008e-11,4.73355e-12
Hessenberg basic,968,0,0,1,1e-12,2.72022,0,3.70619e-11,3.77683e-12
Hessenberg basic,968,0,1,1,1e-12,3.8657,5.17283e-14,2.67725e-11,4.93784e-12
Hessenberg basic,969,0,0,1,1e-12,2.73214,0,2.26902e-11,3.91763e-12
Hessenberg basic,969,0,1,1,1e-12,3.63907,5.68434e-14,2.232e-11,4.53539e-12
Hessenberg basic,970,0,0,1,1e-12,2.44731,0,3.00133e-11,3.76644e-12
Hessenberg basic,970,0,1,1,1e-12,3.98998,3.55271e-14,2.6149e-11,4.73802e-12
Hessenberg basic,971,0,0,1,1e-12,2.71722,0,2.41016e-11,3.99067e-12
Hessenberg basic,971,0,1,1,1e-12,4.05552,4.54969e-14,3.17909e-11,4.94925e-12
Hessenberg basic,972,0,0,1,1e-12,2.36309,0,2.27374e-11,3.75686e-12
Hessenberg basic,972,0,1,1,1e-12,4.41139,4.45154e-14,2.215e-11,4.8008e-12
Hessenberg basic,973,0,0,1,1e-12,2.75978,0,2.02363e-11,4.09495e-12
Hessenberg basic,973,0,1,1,1e-12,4.17246,3.17764e-14,2.34823e-11,4.90242e-12
Hessenberg basic,974,0,0,1,1e-12,2.94717,0,3.13776e-11,3.58328e-12
Hessenberg basic,974,0,1,1,1e-12,3.68324,6.99803e-14,2.27585e-11,4.41235e-12
Hessenberg basic,975,0,0,1,1e-12,2.41806,0,2.52385e-11,3.73288e-12
Hessenberg basic,975,0,1,1,1e-12,4.66984,2.13163e-14,2.73312e-11,4.67736e-12
Hessenberg basic,976,0,0,1,1e-12,2.44723,0,3.09228e-11,3.60474e-12
Hessenberg basic,976,0,1,1,1e-12,3.70896,5.54952e-14,2.64429e-11,4.69214e-12
Hessenberg basic,977,0,0,1,1e-12,2.29582,0,3.20597e-11,3.74763e-12
Hessenberg basic,977,0,1,1,1e-12,4.31617,5.27252e-14,2.39877e-11,4.57553e-12
Hessenberg basic,978,0,0,1,1e-12,2.82133,0,4.18368e-11,3.6257e-12
Hessenberg basic,978,0,1,1,1e-12,3.85402,2.13163e-14,3.24189e-11,4.76778e-12
Hessenberg basic,979,0,0,1,1e-12,2.86768,0,3.11502e-11,3.75609e-12
Hessenberg basic,979,0,1,1,1e-12,3.83977,4.83221e-14,2.39403e-11,4.66285e-12
Hessenberg basic,980,0,0,1,1e-12,2.54195,0,1.8872e-11,3.78898e-12
Hessenberg basic,980,0,1,1,1e-12,4.78104,2.84217e-14,2.6449e-11,4.88434e-12
Hessenberg basic,981,0,0,1,1e-12,2.67145,0,2.27374e-11,3.81547e-12
Hessenberg basic,981,0,1,1,1e-12,4.44673,0,2.62072e-11,4.66892e-12
Hessenberg basic,982,0,0,1,1e-12,2.50378,0,2.63753e-11,3.63072e-12
Hessenberg basic,982,0,1,1,1e-12,4.74691,0,2.42963e-11,4.4799e-12
Hessenberg basic,983,0,0,1,1e-12,2.86605,0,2.7967e-11,4.34172e-12
Hessenberg basic,983,0,1,1,1e-12,4.4554,2.13163e-14,2.33446e-11,4.90745e-12
Hessenberg basic,984,0,0,1,1e-12,2.93459,0,2.13731e-11,3.77867e-12
Hessenberg basic,984,0,1,1,1e-12,3.84155,4.54969e-14,3.08645e-11,4.74495e-12
Hessenberg basic,985,0,0,1,1e-12,2.5454,0,2.251e-11,3.74355e-12
Hessenberg basic,985,0,1,1,1e-12,4.22709,2.84217e-14,2.3884e-11,4.6097e-12
Hessenberg basic,986,0,0,1,1e-12,2.97514,0,2.86491e-11,3.77746e-12
Hessenberg basic,986,0,1,1,1e-12,4.69908,0,3.01844e-11,4.83526e-12
Hessenberg basic,987,0,0,1,1e-12,2.51752,0,4.00178e-11,3.84862e-12
Hessenberg basic,987,0,1,1,1e-12,4.58595,0,2.82282e-11,4.87005e-12
Hessenberg basic,988,0,0,1,1e-12,2.99862,0,2.47837e-11,3.49585e-12
Hessenberg basic,988,0,1,1,1e-12,4.42148,6.99803e-14,2.31232e-11,4.81692e-12
Hessenberg basic,989,0,0,1,1e-12,2.88129,0,3.18323e-11,3.68181e-12
Hessenberg basic,989,0,1,1,1e-12,4.04978,1.59872e-14,2.45332e-11,4.77575e-12
Hessenberg basic,990,0,0,1,1e-12,2.64744,0,2.63753e-11,3.70282e-12
Hessenberg basic,990,0,1,1,1e-12,3.59975,3.55271e-15,2.34096e-11,4.47451e-12
Hessenberg basic,991,0,0,1,1e-12,2.88025,0,2.45018e-11,3.55703e-12
Hessenberg basic,991,0,1,1,1e-12,4.01647,4.49387e-14,2.54173e-11,4.50653e-12
Hessenberg basic,992,0,0,1,1e-12,2.47724,0,1.93268e-11,3.74527e-12
Hessenberg basic,992,0,1,1,1e-12,3.62312,6.79906e-14,2.57986e-11,5.09842e-12
Hessenberg basic,993,0,0,1,1e-12,2.53672,0,3.02407e-11,3.46382e-12
Hessenberg basic,993,0,1,1,1e-12,4.54039,7.19425e-14,2.24251e-11,4.75854e-12
Hessenberg basic,994,0,0,1,1e-12,3.07113,0,1.95541e-11,3.52527e-12
Hessenberg basic,994,0,1,1,1e-12,4.04818,0,2.64233e-11,4.59131e-12
Hessenberg basic,995,0,0,1,1e-12,2.5703,0,3.7744e-11,3.70128e-12
Hessenberg basic,995,0,1,1,1e-12,3.60351,5.41133e-14,2.43069e-11,5.0879e-12
Hessenberg basic,996,0,0,1,1e-12,2.50684,0,2.36469e-11,3.66809e-12
Hessenberg basic,996,0,1,1,1e-12,4.4913,5.72858e-14,3.41865e-11,4.89389e-12
Hessenberg basic,997,0,0,1,1e-12,2.70904,0,3.29692e-11,4.0477e-12
Hessenberg basic,997,0,1,1,1e-12,5.06624,2.00972e-14,4.07912e-11,4.75552e-12
Hessenberg basic,998,0,0,1,1e-12,2.76425,0,2.54659e-11,3.78646e-12
Hessenberg basic,998,0,1,1,1e-12,3.71863,0,3.57433e-11,4.75478e-12
Hessenberg basic,999,0,0,1,1e-12,2.66634,0,2.00089e-11,3.57085e-12
Hessenberg basic,999,0,1,1,1e-12,4.48159,3.17764e-14,3.05259e-11,4.71474e-12
Hessenberg basic,1000,0,0,1,1e-12,3.20624,0,1.90994e-11,3.76679e-12
Hessenberg basic,1000,0,1,1,1e-12,3.94733,3.21712e-14,2.73804e-11,5.01377e-12
