version, size, hermitian, complex, seed, tol, runtime in s,min_error, max_error, avg_error
Hessenberg basic,900,0,0,5,1e-12,1.42864,0,7.90124e-11,3.77998e-12
Hessenberg basic,900,0,1,5,1e-12,3.32245,9.09939e-14,2.21384e-11,4.93616e-12
Hessenberg basic,901,0,0,5,1e-12,0.862267,0,7.63976e-11,3.48508e-12
Hessenberg basic,901,0,1,5,1e-12,3.85109,0,2.30661e-11,4.7217e-12
Hessenberg basic,902,0,0,5,1e-12,1.91001,0,7.74207e-11,3.8366e-12
Hessenberg basic,902,0,1,5,1e-12,2.70523,4.9738e-14,2.64167e-11,4.7049e-12
Hessenberg basic,903,0,0,5,1e-12,1.5331,0,8.00355e-11,3.78105e-12
Hessenberg basic,903,0,1,5,1e-12,3.1674,1.77636e-14,2.52835e-11,4.59759e-12
Hessenberg basic,904,0,0,5,1e-12,1.6421,0,8.23093e-11,3.89661e-12
Hessenberg basic,904,0,1,5,1e-12,5.08791,2.84217e-14,2.68127e-11,4.4316e-12
Hessenberg basic,905,0,0,5,1e-12,1.15085,0,7.60565e-11,3.88511e-12
Hessenberg basic,905,0,1,5,1e-12,2.96822,3.55271e-14,1.91129e-11,4.62135e-12
Hessenberg basic,906,0,0,5,1e-12,1.40404,0,7.57154e-11,3.76456e-12
Hessenberg basic,906,0,1,5,1e-12,4.05299,7.1143e-14,2.30695e-11,4.73743e-12
Hessenberg basic,907,0,0,5,1e-12,2.47652,0,7.54881e-11,3.85564e-12
Hessenberg basic,907,0,1,5,1e-12,2.84996,0,2.9792e-11,4.50825e-12
Hessenberg basic,908,0,0,5,1e-12,1.21789,0,7.78755e-11,3.89512e-12
Hessenberg basic,908,0,1,5,1e-12,4.08183,2.84217e-14,1.95809e-11,4.64633e-12
Hessenberg basic,909,0,0,5,1e-12,1.58555,0,7.49196e-11,3.96171e-12
Hessenberg basic,909,0,1,5,1e-12,3.75391,0,2.8209e-11,4.47728e-12
Hessenberg basic,910,0,0,5,1e-12,0.724756,0,7.70797e-11,3.48973e-12
Hessenberg basic,910,0,1,5,1e-12,3.48021,0,2.10934e-11,4.85871e-12
Hessenberg basic,911,0,0,5,1e-12,2.07437,0,7.44649e-11,3.97419e-12
Hessenberg basic,911,0,1,5,1e-12,2.1228,4.44089e-14,2.22906e-11,4.4295e-12
Hessenberg basic,912,0,0,5,1e-12,1.06799,0,8.08313e-11,3.84121e-12
Hessenberg basic,912,0,1,5,1e-12,4.69118,4.01944e-14,2.57658e-11,4.57213e-12
Hessenberg basic,913,0,0,5,1e-12,0.6301,0,8.26503e-11,3.98342e-12
Hessenberg basic,913,0,1,5,1e-12,3.07494,4.39801e-14,2.349e-11,4.53541e-12
Hessenberg basic,914,0,0,5,1e-12,2.04919,0,9.25411e-11,3.59097e-12
Hessenberg basic,914,0,1,5,1e-12,2.1774,4.54969e-14,2.58857e-11,4.63344e-12
Hessenberg basic,915,0,0,5,1e-12,1.19053,0,7.56017e-11,4.10117e-12
Hessenberg basic,915,0,1,5,1e-12,4.76148,4.83873e-14,2.04699e-11,4.451e-12
Hessenberg basic,916,0,0,5,1e-12,0.634665,0,7.8785e-11,3.71972e-12
Hessenberg basic,916,0,1,5,1e-12,3.61794,2.00972e-14,2.80067e-11,4.45978e-12
Hessenberg basic,917,0,0,5,1e-12,2.04357,0,7.7307e-11,3.65446e-12
Hessenberg basic,917,0,1,5,1e-12,2.28772,0,2.65124e-11,4.79348e-12
Hessenberg basic,918,0,0,5,1e-12,1.15829,0,8.75389e-11,3.64493e-12
Hessenberg basic,918,0,1,5,1e-12,5.2683,2.84217e-14,2.96644e-11,4.60297e-12
Hessenberg basic,919,0,0,5,1e-12,0.625501,0,8.03766e-11,4.08067e-12
Hessenberg basic,919,0,1,5,1e-12,2.87204,3.06775e-14,2.10919e-11,4.80675e-12
Hessenberg basic,920,0,0,5,1e-12,1.74431,0,8.28777e-11,3.4116e-12
Hessenberg basic,920,0,1,5,1e-12,2.55518,2.84217e-14,2.43045e-11,4.5036e-12
Hessenberg basic,921,0,0,5,1e-12,0.959934,0,7.44649e-11,4.14208e-12
Hessenberg basic,921,0,1,5,1e-12,3.2131,3.37508e-14,2.9008e-11,4.93719e-12
Hessenberg basic,922,0,0,5,1e-12,1.75578,0,7.6966e-11,3.76608e-12
Hessenberg basic,922,0,1,5,1e-12,3.6232,5.85929e-14,2.28745e-11,4.51452e-12
Hessenberg basic,923,0,0,5,1e-12,0.736471,0,7.62839e-11,3.89276e-12
Hessenberg basic,923,0,1,5,1e-12,3.70549,6.39488e-14,2.64312e-11,4.57545e-12
Hessenberg basic,924,0,0,5,1e-12,2.32174,0,8.17408e-11,3.73488e-12
Hessenberg basic,924,0,1,5,1e-12,2.45107,2.84217e-14,2.94027e-11,4.72734e-12
Hessenberg basic,925,0,0,5,1e-12,0.867732,0,8.26503e-11,3.98714e-12
Hessenberg basic,925,0,1,5,1e-12,4.51724,4.26326e-14,2.61559e-11,4.66632e-12
Hessenberg basic,926,0,0,5,1e-12,0.885618,0,7.8785e-11,3.97767e-12
Hessenberg basic,926,0,1,5,1e-12,3.15047,0,2.34165e-11,4.59224e-12
Hessenberg basic,927,0,0,5,1e-12,0.897872,0,7.63976e-11,3.81466e-12
Hessenberg basic,927,0,1,5,1e-12,3.79913,5.52173e-14,2.57133e-11,4.59474e-12
Hessenberg basic,928,0,0,5,1e-12,1.82467,0,7.61702e-11,3.8068e-12
Hessenberg basic,928,0,1,5,1e-12,2.90031,6.07088e-14,3.37441e-11,4.63348e-12
Hessenberg basic,929,0,0,5,1e-12,1.99913,0,7.86713e-11,3.8544e-12
Hessenberg basic,929,0,1,5,1e-12,3.00094,0,3.07518e-11,4.90468e-12
Hessenberg basic,930,0,0,5,1e-12,0.951359,0,8.44693e-11,3.52901e-12
Hessenberg basic,930,0,1,5,1e-12,4.52346,5.68434e-14,2.30591e-11,4.62306e-12
Hessenberg basic,931,0,0,5,1e-12,0.875075,0,8.2764e-11,3.92546e-12
Hessenberg basic,931,0,1,5,1e-12,3.38082,7.94411e-14,2.4611e-11,4.82901e-12
Hessenberg basic,932,0,0,5,1e-12,0.861049,0,8.32188e-11,3.76628e-12
Hessenberg basic,932,0,1,5,1e-12,3.64361,2.84217e-14,2.70204e-11,4.53196e-12
Hessenberg basic,933,0,0,5,1e-12,1.45688,0,7.38964e-11,3.44044e-12
Hessenberg basic,933,0,1,5,1e-12,3.7063,4.24192e-14,2.45219e-11,4.62422e-12
Hessenberg basic,934,0,0,5,1e-12,1.01854,0,7.90124e-11,4.17378e-12
Hessenberg basic,934,0,1,5,1e-12,4.09366,7.18492e-14,2.34757e-11,4.74278e-12
Hessenberg basic,935,0,0,5,1e-12,1.16146,0,7.84439e-11,3.55422e-12
Hessenberg basic,935,0,1,5,1e-12,3.40979,0,2.63793e-11,4.67235e-12
Hessenberg basic,936,0,0,5,1e-12,1.03793,0,7.96945e-11,3.95546e-12
Hessenberg basic,936,0,1,5,1e-12,3.91896,1.42109e-14,2.52129e-11,4.69044e-12
Hessenberg basic,937,0,0,5,1e-12,1.33775,0,7.85576e-11,3.78015e-12
Hessenberg basic,937,0,1,5,1e-12,4.18659,3.66205e-14,2.2734e-11,4.58374e-12
Hessenberg basic,938,0,0,5,1e-12,1.15515,0,7.94671e-11,3.3558e-12
Hessenberg basic,938,0,1,5,1e-12,3.7887,0,2.5213e-11,4.82263e-12
Hessenberg basic,939,0,0,5,1e-12,1.21435,0,7.83302e-11,3.6601e-12
Hessenberg basic,939,0,1,5,1e-12,3.23972,0,2.41533e-11,4.82885e-12
Hessenberg basic,940,0,0,5,1e-12,1.57119,0,8.13998e-11,3.70618e-12
Hessenberg basic,940,0,1,5,1e-12,2.91573,1.42109e-14,2.13032e-11,4.70576e-12
Hessenberg basic,941,0,0,5,1e-12,1.9429,0,7.3328e-11,4.27084e-12
Hessenberg basic,941,0,1,5,1e-12,2.29556,7.24614e-14,2.36337e-11,4.58586e-12
Hessenberg basic,942,0,0,5,1e-12,1.87429,0,7.67386e-11,3.96407e-12
Hessenberg basic,942,0,1,5,1e-12,3.16073,3.55271e-14,2.66968e-11,4.5188e-12
Hessenberg basic,943,0,0,5,1e-12,2.27304,0,7.63976e-11,3.62497e-12
Hessenberg basic,943,0,1,5,1e-12,2.66268,2.38323e-14,2.08432e-11,4.39355e-12
Hessenberg basic,944,0,0,5,1e-12,2.43818,0,7.43512e-11,3.42981e-12
Hessenberg basic,944,0,1,5,1e-12,3.37785,5.68434e-14,2.68888e-11,4.85083e-12
Hessenberg basic,945,0,0,5,1e-12,1.74887,0,7.92397e-11,3.32665e-12
Hessenberg basic,945,0,1,5,1e-12,3.10254,2.84217e-14,2.17377e-11,4.43951e-12
Hessenberg basic,946,0,0,5,1e-12,1.95373,0,7.96945e-11,4.35163e-12
Hessenberg basic,946,0,1,5,1e-12,3.78302,0,2.91544e-11,4.64145e-12
Hessenberg basic,947,0,0,5,1e-12,1.69036,0,7.5147e-11,3.41759e-12
Hessenberg basic,947,0,1,5,1e-12,3.25395,5.80042e-14,2.54842e-11,4.51351e-12
Hessenberg basic,948,0,0,5,1e-12,2.09039,0,7.48059e-11,3.66029e-12
Hessenberg basic,948,0,1,5,1e-12,3.55086,5.22442e-14,2.32547e-11,4.57817e-12
Hessenberg basic,949,0,0,5,1e-12,1.41679,0,7.93534e-11,3.80149e-12
Hessenberg basic,949,0,1,5,1e-12,3.27646,1.77636e-15,2.45574e-11,4.78985e-12
Hessenberg basic,950,0,0,5,1e-12,1.36638,0,7.78755e-11,3.47482e-12
Hessenberg basic,950,0,1,5,1e-12,3.23089,3.55271e-15,2.23281e-11,4.74739e-12
Hessenberg basic,951,0,0,5,1e-12,1.27837,0,8.17408e-11,3.19032e-12
Hessenberg basic,951,0,1,5,1e-12,3.23555,0,2.27851e-11,4.61881e-12
Hessenberg basic,952,0,0,5,1e-12,1.11798,0,7.79892e-11,3.41841e-12
Hessenberg basic,952,0,1,5,1e-12,3.93849,2.84217e-14,1.8954e-11,4.46367e-12
Hessenberg basic,953,0,0,5,1e-12,1.3051,0,8.11724e-11,3.63224e-12
Hessenberg basic,953,0,1,5,1e-12,4.01733,0,2.95578e-11,4.76304e-12
Hessenberg basic,954,0,0,5,1e-12,1.06506,0,7.94671e-11,3.31219e-12
Hessenberg basic,954,0,1,5,1e-12,3.79909,8.74754e-14,2.45237e-11,4.62619e-12
Hessenberg basic,955,0,0,5,1e-12,1.33268,0,7.66249e-11,3.36717e-12
Hessenberg basic,955,0,1,5,1e-12,3.45449,5.68434e-14,2.23339e-11,4.57866e-12
Hessenberg basic,956,0,0,5,1e-12,1.86664,0,7.42375e-11,3.34242e-12
Hessenberg basic,956,0,1,5,1e-12,3.76421,5.48158e-14,3.18479e-11,4.67624e-12
Hessenberg basic,957,0,0,5,1e-12,1.24892,0,7.46923e-11,3.73311e-12
Hessenberg basic,957,0,1,5,1e-12,3.45404,7.10543e-15,2.01059e-11,4.73218e-12
Hessenberg basic,958,0,0,5,1e-12,1.54069,0,7.83302e-11,3.43541e-12
Hessenberg basic,958,0,1,5,1e-12,3.24598,2.84217e-14,2.09628e-11,4.42209e-12
Hessenberg basic,959,0,0,5,1e-12,1.44389,0,7.58291e-11,3.43172e-12
Hessenberg basic,959,0,1,5,1e-12,3.50304,2.84217e-14,1.75266e-11,4.30981e-12
Hessenberg basic,960,0,0,5,1e-12,1.665,0,7.61702e-11,3.62615e-12
Hessenberg basic,960,0,1,5,1e-12,3.41707,2.84217e-14,2.20553e-11,4.78821e-12
Hessenberg basic,961,0,0,5,1e-12,1.42345,0,8.50378e-11,3.79366e-12
Hessenberg basic,961,0,1,5,1e-12,3.8735,0,2.59391e-11,4.79299e-12
Hessenberg basic,962,0,0,5,1e-12,2.12755,0,7.50333e-11,3.13975e-12
Hessenberg basic,962,0,1,5,1e-12,3.60556,6.00047e-14,3.18623e-11,4.79712e-12
Hessenberg basic,963,0,0,5,1e-12,1.86256,0,8.01492e-11,3.48147e-12
Hessenberg basic,963,0,1,5,1e-12,3.88694,0,2.1933e-11,4.59132e-12
Hessenberg basic,964,0,0,5,1e-12,2.13163,0,7.77618e-11,3.36726e-12
Hessenberg basic,964,0,1,5,1e-12,4.1773,1.58882e-14,2.25559e-11,4.64918e-12
Hessenberg basic,965,0,0,5,1e-12,1.46687,0,8.26503e-11,3.42476e-12
Hessenberg basic,965,0,1,5,1e-12,4.32906,3.27544e-14,3.0015e-11,4.74736e-12
Hessenberg basic,966,0,0,5,1e-12,1.98713,0,7.6966e-11,3.56599e-12
Hessenberg basic,966,0,1,5,1e-12,3.65988,5.60679e-14,2.21896e-11,4.71666e-12
Hessenberg basic,967,0,0,5,1e-12,3.14584,0,7.83302e-11,3.21444e-12
Hessenberg basic,967,0,1,5,1e-12,4.56528,2.13902e-14,2.18291e-11,4.64309e-12
Hessenberg basic,968,0,0,5,1e-12,1.77156,0,7.65112e-11,3.67524e-12
Hessenberg basic,968,0,1,5,1e-12,3.59093,2.84217e-14,2.65804e-11,4.70473e-12
Hessenberg basic,969,0,0,5,1e-12,1.89203,0,8.26503e-11,3.03344e-12
Hessenberg basic,969,0,1,5,1e-12,3.84286,7.41828e-14,2.87032e-11,5.09823e-12
Hessenberg basic,970,0,0,5,1e-12,1.925,0,7.71934e-11,3.33106e-12
Hessenberg basic,970,0,1,5,1e-12,3.67723,5.68434e-14,2.6403e-11,4.86323e-12
Hessenberg basic,971,0,0,5,1e-12,1.71812,0,8.21956e-11,3.65274e-12
Hessenberg basic,971,0,1,5,1e-12,3.90794,5.68434e-14,2.61364e-11,4.78032e-12
Hessenberg basic,972,0,0,5,1e-12,1.20119,0,7.86713e-11,3.56993e-12
Hessenberg basic,972,0,1,5,1e-12,5.28799,2.4869e-14,2.36307e-11,5.00051e-12
Hessenberg basic,973,0,0,5,1e-12,2.08966,0,7.76481e-11,3.46196e-12
Hessenberg basic,973,0,1,5,1e-12,4.14772,3.17764e-14,2.89241e-11,4.62309e-12
Hessenberg basic,974,0,0,5,1e-12,1.57618,0,7.5147e-11,3.51072e-12
Hessenberg basic,974,0,1,5,1e-12,4.08708,2.84217e-14,3.00506e-11,4.75958e-12
Hessenberg basic,975,0,0,5,1e-12,1.84265,0,7.71934e-11,3.24246e-12
Hessenberg basic,975,0,1,5,1e-12,3.89197,4.01944e-14,2.20858e-11,4.54557e-12
Hessenberg basic,976,0,0,5,1e-12,1.45427,0,7.88987e-11,3.29991e-12
Hessenberg basic,976,0,1,5,1e-12,4.00566,3.33747e-14,2.28881e-11,4.64083e-12
Hessenberg basic,977,0,0,5,1e-12,1.79608,0,7.37828e-11,3.32035e-12
Hessenberg basic,977,0,1,5,1e-12,3.79656,0,2.00295e-11,4.44319e-12
Hessenberg basic,978,0,0,5,1e-12,2.07771,0,7.90124e-11,3.11439e-12
Hessenberg basic,978,0,1,5,1e-12,4.55539,4.27803e-14,3.14138e-11,4.907e-12
Hessenberg basic,979,0,0,5,1e-12,1.59285,0,8.04903e-11,3.3419e-12
Hessenberg basic,979,0,1,5,1e-12,4.13915,7.10543e-14,4.09298e-11,4.82368e-12
Hessenberg basic,980,0,0,5,1e-12,1.69852,0,8.04903e-11,3.40289e-12
Hessenberg basic,980,0,1,5,1e-12,3.91276,3.17764e-14,2.88827e-11,4.80988e-12
Hessenberg basic,981,0,0,5,1e-12,1.60168,0,7.77618e-11,3.2578e-12
Hessenberg basic,981,0,1,5,1e-12,4.03196,5.03762e-14,3.18985e-11,4.61886e-12
Hessenberg basic,982,0,0,5,1e-12,1.74509,0,7.25322e-11,3.37086e-12
Hessenberg basic,982,0,1,5,1e-12,4.21483,1.77636e-14,2.96982e-11,4.73051e-12
Hessenberg basic,983,0,0,5,1e-12,1.1755,0,7.63976e-11,3.26465e-12
Hessenberg basic,983,0,1,5,1e-12,4.24105,3.82639e-14,2.68917e-11,4.69691e-12
Hessenberg basic,984,0,0,5,1e-12,1.57343,0,8.20819e-11,3.54892e-12
Hessenberg basic,984,0,1,5,1e-12,4.60912,1.42109e-14,2.72716e-11,4.60786e-12
Hessenberg basic,985,0,0,5,1e-12,1.94783,0,8.10587e-11,3.35854e-12
Hessenberg basic,985,0,1,5,1e-12,4.57214,2.84356e-14,2.97268e-11,4.73713e-12
Hessenberg basic,986,0,0,5,1e-12,2.0085,0,8.26503e-11,3.4851e-12
Hessenberg basic,986,0,1,5,1e-12,4.75492,0,2.80143e-11,4.90652e-12
Hessenberg basic,987,0,0,5,1e-12,1.63814,0,7.68523e-11,3.31919e-12
Hessenberg basic,987,0,1,5,1e-12,4.93895,6.35529e-14,2.88335e-11,4.75527e-12
Hessenberg basic,988,0,0,5,1e-12,2.06208,0,7.81029e-11,3.41761e-12
Hessenberg basic,988,0,1,5,1e-12,4.51981,4.9738e-14,2.21903e-11,4.58309e-12
Hessenberg basic,989,0,0,5,1e-12,1.88661,0,7.66249e-11,3.40626e-12
Hessenberg basic,989,0,1,5,1e-12,4.56038,1.13742e-14,2.2269e-11,4.76331e-12
Hessenberg basic,990,0,0,5,1e-12,2.20906,0,8.20819e-11,3.31965e-12
Hessenberg basic,990,0,1,5,1e-12,4.808,3.35162e-14,2.56116e-11,4.94704e-12
Hessenberg basic,991,0,0,5,1e-12,1.56477,0,7.99218e-11,3.38721e-12
Hessenberg basic,991,0,1,5,1e-12,4.87663,2.4869e-14,3.26422e-11,4.70697e-12
Hessenberg basic,992,0,0,5,1e-12,1.87199,0,7.81029e-11,3.45689e-12
Hessenberg basic,992,0,1,5,1e-12,4.2369,3.55271e-15,2.31064e-11,4.71019e-12
Hessenberg basic,993,0,0,5,1e-12,1.84328,0,7.76481e-11,3.5507e-12
Hessenberg basic,993,0,1,5,1e-12,4.31226,4.01944e-14,2.66246e-11,4.74335e-12
Hessenberg basic,994,0,0,5,1e-12,1.99514,0,8.12861e-11,3.38169e-12
Hessenberg basic,994,0,1,5,1e-12,5.162,3.55271e-15,3.34079e-11,4.91019e-12
Hessenberg basic,995,0,0,5,1e-12,1.32035,0,7.65112e-11,3.50639e-12
Hessenberg basic,995,0,1,5,1e-12,4.60803,5.68434e-14,2.09261e-11,4.47457e-12
Hessenberg basic,996,0,0,5,1e-12,1.30615,0,8.18545e-11,3.49507e-12
Hessenberg basic,996,0,1,5,1e-12,4.99312,1.77636e-14,2.38081e-11,4.6377e-12
Hessenberg basic,997,0,0,5,1e-12,1.61413,0,7.98082e-11,3.32456e-12
Hessenberg basic,997,0,1,5,1e-12,4.50389,2.00972e-14,2.52344e-11,4.68048e-12
Hessenberg basic,998,0,0,5,1e-12,1.30451,0,7.62839e-11,3.35872e-12
Hessenberg basic,998,0,1,5,1e-12,4.81959,6.35529e-14,2.49625e-11,4.7969e-12
Hessenberg basic,999,0,0,5,1e-12,1.77858,0,7.81029e-11,3.3687e-12
Hessenberg basic,999,0,1,5,1e-12,5.39834,5.1238e-14,2.45921e-11,4.62213e-12
Hessenberg basic,1000,0,0,5,1e-12,1.47309,0,7.94671e-11,3.67548e-12
Hessenberg basic,1000,0,1,5,1e-12,5.46798,0,3.16711e-11,4.52948e-12
