version, size, hermitian, complex, seed, tol, runtime in s,min_error, max_error, avg_error
Hessenberg basic,900,0,0,3,1e-12,1.84983,0,1.86446e-11,3.44645e-12
Hessenberg basic,900,0,1,3,1e-12,1.96156,1.77636e-14,2.65804e-11,4.51134e-12
Hessenberg basic,901,0,0,3,1e-12,0.775566,0,2.13731e-11,3.28443e-12
Hessenberg basic,901,0,1,3,1e-12,3.53634,3.17764e-14,2.93343e-11,4.54424e-12
Hessenberg basic,902,0,0,3,1e-12,1.72202,0,2.4329e-11,3.1281e-12
Hessenberg basic,902,0,1,3,1e-12,2.59635,8.03887e-14,3.00658e-11,4.68173e-12
Hessenberg basic,903,0,0,3,1e-12,0.875841,0,1.64827e-11,3.28156e-12
Hessenberg basic,903,0,1,3,1e-12,3.15672,1.42109e-14,2.24778e-11,4.86145e-12
Hessenberg basic,904,0,0,3,1e-12,1.69272,0,2.09184e-11,3.65299e-12
Hessenberg basic,904,0,1,3,1e-12,2.15094,0,2.42556e-11,4.57396e-12
Hessenberg basic,905,0,0,3,1e-12,1.08198,0,3.00133e-11,3.17936e-12
Hessenberg basic,905,0,1,3,1e-12,2.94902,4.18555e-14,2.33343e-11,4.62921e-12
Hessenberg basic,906,0,0,3,1e-12,1.85002,0,2.93312e-11,3.35499e-12
Hessenberg basic,906,0,1,3,1e-12,2.25003,2.27485e-14,2.39351e-11,4.56515e-12
Hessenberg basic,907,0,0,3,1e-12,0.793891,0,2.68301e-11,3.28086e-12
Hessenberg basic,907,0,1,3,1e-12,3.90907,3.17764e-14,2.57966e-11,4.53987e-12
Hessenberg basic,908,0,0,3,1e-12,0.758851,0,2.47837e-11,3.45102e-12
Hessenberg basic,908,0,1,3,1e-12,2.32226,7.10543e-15,2.23764e-11,4.62051e-12
Hessenberg basic,909,0,0,3,1e-12,1.0959,0,2.63753e-11,3.43145e-12
Hessenberg basic,909,0,1,3,1e-12,2.16543,0,2.47284e-11,4.36768e-12
Hessenberg basic,910,0,0,3,1e-12,1.20802,0,3.18323e-11,3.20668e-12
Hessenberg basic,910,0,1,3,1e-12,2.62651,3.17764e-14,2.60618e-11,4.68963e-12
Hessenberg basic,911,0,0,3,1e-12,1.28453,0,2.41016e-11,3.42125e-12
Hessenberg basic,911,0,1,3,1e-12,3.70257,5.68434e-14,3.74166e-11,4.40495e-12
Hessenberg basic,912,0,0,3,1e-12,1.78436,0,1.71049e-11,3.20759e-12
Hessenberg basic,912,0,1,3,1e-12,3.60683,0,2.77815e-11,4.54733e-12
Hessenberg basic,913,0,0,3,1e-12,1.95871,0,1.61067e-11,3.29184e-12
Hessenberg basic,913,0,1,3,1e-12,3.02471,2.86429e-14,3.14483e-11,4.5355e-12
Hessenberg basic,914,0,0,3,1e-12,1.87066,0,2.52385e-11,3.36651e-12
Hessenberg basic,914,0,1,3,1e-12,2.27415,4.49387e-14,2.91331e-11,4.50374e-12
Hessenberg basic,915,0,0,3,1e-12,2.02275,0,2.38742e-11,3.15854e-12
Hessenberg basic,915,0,1,3,1e-12,2.15352,3.55271e-14,2.56713e-11,4.62239e-12
Hessenberg basic,916,0,0,3,1e-12,2.32238,0,2.4329e-11,3.12471e-12
Hessenberg basic,916,0,1,3,1e-12,1.9514,2.84217e-14,4.15106e-11,4.61253e-12
Hessenberg basic,917,0,0,3,1e-12,2.17724,0,2.70575e-11,3.39491e-12
Hessenberg basic,917,0,1,3,1e-12,2.09225,2.84217e-14,2.38732e-11,4.5354e-12
Hessenberg basic,918,0,0,3,1e-12,2.4591,0,3.00133e-11,3.5621e-12
Hessenberg basic,918,0,1,3,1e-12,2.37113,3.55271e-15,2.48296e-11,4.60737e-12
Hessenberg basic,919,0,0,3,1e-12,2.12613,0,2.20552e-11,3.19337e-12
Hessenberg basic,919,0,1,3,1e-12,2.18416,2.63136e-14,2.61086e-11,4.65793e-12
Hessenberg basic,920,0,0,3,1e-12,1.84733,0,1.59162e-11,3.53882e-12
Hessenberg basic,920,0,1,3,1e-12,2.86322,4.9738e-14,2.62959e-11,4.58229e-12
Hessenberg basic,921,0,0,3,1e-12,2.43336,0,2.26231e-11,3.66959e-12
Hessenberg basic,921,0,1,3,1e-12,3.15142,2.5619e-14,2.82273e-11,4.74901e-12
Hessenberg basic,922,0,0,3,1e-12,2.23972,0,1.59162e-11,3.25725e-12
Hessenberg basic,922,0,1,3,1e-12,2.36995,2.84217e-14,3.07426e-11,4.53861e-12
Hessenberg basic,923,0,0,3,1e-12,1.97611,0,3.38787e-11,3.48852e-12
Hessenberg basic,923,0,1,3,1e-12,2.20495,1.13243e-14,2.44762e-11,4.46671e-12
Hessenberg basic,924,0,0,3,1e-12,2.74915,0,1.95541e-11,3.28574e-12
Hessenberg basic,924,0,1,3,1e-12,2.00969,2.5619e-14,3.00152e-11,4.66295e-12
Hessenberg basic,925,0,0,3,1e-12,2.76059,0,2.00089e-11,3.37207e-12
Hessenberg basic,925,0,1,3,1e-12,2.27437,6.35529e-14,2.81888e-11,4.75507e-12
Hessenberg basic,926,0,0,3,1e-12,2.22761,0,1.93268e-11,3.30981e-12
Hessenberg basic,926,0,1,3,1e-12,2.3857,0,2.86346e-11,4.78704e-12
Hessenberg basic,927,0,0,3,1e-12,2.19226,0,2.59721e-11,3.16586e-12
Hessenberg basic,927,0,1,3,1e-12,2.21687,1.81711e-14,3.06003e-11,4.70317e-12
Hessenberg basic,928,0,0,3,1e-12,1.86413,0,1.95541e-11,3.58321e-12
Hessenberg basic,928,0,1,3,1e-12,2.41359,0,3.2812e-11,4.59952e-12
Hessenberg basic,929,0,0,3,1e-12,1.89957,0,2.09184e-11,3.49179e-12
Hessenberg basic,929,0,1,3,1e-12,2.74104,2.24693e-14,2.04384e-11,4.65244e-12
Hessenberg basic,930,0,0,3,1e-12,2.53571,0,3.97904e-11,3.46249e-12
Hessenberg basic,930,0,1,3,1e-12,2.49199,1.42109e-14,2.39013e-11,4.76265e-12
Hessenberg basic,931,0,0,3,1e-12,2.29912,0,2.88765e-11,3.25356e-12
Hessenberg basic,931,0,1,3,1e-12,2.29605,6.39488e-14,2.17974e-11,4.78722e-12
Hessenberg basic,932,0,0,3,1e-12,1.43478,0,2.81943e-11,3.40979e-12
Hessenberg basic,932,0,1,3,1e-12,2.23862,3.17764e-14,2.51565e-11,4.61511e-12
Hessenberg basic,933,0,0,3,1e-12,0.783689,0,2.00089e-11,3.32306e-12
Hessenberg basic,933,0,1,3,1e-12,3.37052,4.49387e-14,2.01236e-11,4.60414e-12
Hessenberg basic,934,0,0,3,1e-12,1.56249,0,2.22826e-11,3.604e-12
Hessenberg basic,934,0,1,3,1e-12,4.24023,5.17283e-14,2.28021e-11,4.83801e-12
Hessenberg basic,935,0,0,3,1e-12,2.6106,0,2.81943e-11,3.43761e-12
Hessenberg basic,935,0,1,3,1e-12,4.52256,5.95543e-14,2.6033e-11,4.71522e-12
Hessenberg basic,936,0,0,3,1e-12,1.53094,0,2.03639e-11,3.55732e-12
Hessenberg basic,936,0,1,3,1e-12,4.9462,9.29834e-14,3.46842e-11,4.73924e-12
Hessenberg basic,937,0,0,3,1e-12,1.77651,0,2.13731e-11,3.55355e-12
Hessenberg basic,937,0,1,3,1e-12,4.44447,1.53561e-14,2.55057e-11,4.78421e-12
Hessenberg basic,938,0,0,3,1e-12,1.70065,0,2.30596e-11,3.51608e-12
Hessenberg basic,938,0,1,3,1e-12,5.35233,1.58882e-14,2.52493e-11,4.71453e-12
Hessenberg basic,939,0,0,3,1e-12,1.70907,0,2.22826e-11,3.45166e-12
Hessenberg basic,939,0,1,3,1e-12,4.57263,3.55271e-15,2.24804e-11,4.7245e-12
Hessenberg basic,940,0,0,3,1e-12,1.53931,0,2.77396e-11,3.16472e-12
Hessenberg basic,940,0,1,3,1e-12,4.18016,4.54969e-14,2.31955e-11,4.67662e-12
Hessenberg basic,941,0,0,3,1e-12,2.12663,0,2.72848e-11,3.61414e-12
Hessenberg basic,941,0,1,3,1e-12,4.4643,5.1238e-14,2.62043e-11,4.66103e-12
Hessenberg basic,942,0,0,3,1e-12,1.44187,0,4.11546e-11,3.79882e-12
Hessenberg basic,942,0,1,3,1e-12,4.81404,1.58882e-14,2.48787e-11,4.65314e-12
Hessenberg basic,943,0,0,3,1e-12,1.59466,0,2.31833e-11,3.27789e-12
Hessenberg basic,943,0,1,3,1e-12,4.93728,5.32907e-14,2.08751e-11,4.71434e-12
Hessenberg basic,944,0,0,3,1e-12,0.817556,7.10543e-15,1.90994e-11,3.55817e-12
Hessenberg basic,944,0,1,3,1e-12,5.57952,4.32206e-14,2.10333e-11,4.52711e-12
Hessenberg basic,945,0,0,3,1e-12,1.8987,0,2.29647e-11,3.36275e-12
Hessenberg basic,945,0,1,3,1e-12,4.631,3.55271e-14,2.83719e-11,4.49799e-12
Hessenberg basic,946,0,0,3,1e-12,1.23404,0,3.50155e-11,3.47158e-12
Hessenberg basic,946,0,1,3,1e-12,4.20306,4.83221e-14,2.43672e-11,4.82259e-12
Hessenberg basic,947,0,0,3,1e-12,0.70627,0,2.29647e-11,3.34546e-12
Hessenberg basic,947,0,1,3,1e-12,3.01829,2.24693e-14,2.73277e-11,4.79205e-12
Hessenberg basic,948,0,0,3,1e-12,1.33273,0,1.81899e-11,3.5429e-12
Hessenberg basic,948,0,1,3,1e-12,3.20413,6.02916e-14,1.97596e-11,4.41079e-12
Hessenberg basic,949,0,0,3,1e-12,1.20598,0,4.502e-11,3.35225e-12
Hessenberg basic,949,0,1,3,1e-12,3.54807,0,2.73135e-11,4.83579e-12
Hessenberg basic,950,0,0,3,1e-12,0.807216,0,2.05106e-11,3.25705e-12
Hessenberg basic,950,0,1,3,1e-12,2.95639,7.10543e-14,2.215e-11,4.47477e-12
Hessenberg basic,951,0,0,3,1e-12,1.04172,0,3.13776e-11,3.46554e-12
Hessenberg basic,951,0,1,3,1e-12,3.30651,2.13163e-14,3.03457e-11,4.82024e-12
Hessenberg basic,952,0,0,3,1e-12,2.21507,0,3.50155e-11,3.44378e-12
Hessenberg basic,952,0,1,3,1e-12,3.58102,4.61853e-14,2.25111e-11,4.69872e-12
Hessenberg basic,953,0,0,3,1e-12,2.55783,0,2.93312e-11,2.99347e-12
Hessenberg basic,953,0,1,3,1e-12,3.37804,1.86637e-14,3.65188e-11,4.78423e-12
Hessenberg basic,954,0,0,3,1e-12,2.82043,0,2.70575e-11,3.21262e-12
Hessenberg basic,954,0,1,3,1e-12,2.75025,6.70325e-14,2.52592e-11,4.58435e-12
Hessenberg basic,955,0,0,3,1e-12,2.58054,0,2.77396e-11,3.14998e-12
Hessenberg basic,955,0,1,3,1e-12,2.96462,5.42298e-14,3.0163e-11,4.75773e-12
Hessenberg basic,956,0,0,3,1e-12,2.45857,0,1.81899e-11,3.44312e-12
Hessenberg basic,956,0,1,3,1e-12,2.20579,7.10543e-15,2.40751e-11,4.73191e-12
Hessenberg basic,957,0,0,3,1e-12,2.43931,0,1.76196e-11,3.37273e-12
Hessenberg basic,957,0,1,3,1e-12,3.14976,4.45154e-14,2.36985e-11,4.71033e-12
Hessenberg basic,958,0,0,3,1e-12,3.21013,0,2.22826e-11,3.71405e-12
Hessenberg basic,958,0,1,3,1e-12,3.97496,7.10543e-15,2.42396e-11,4.44588e-12
Hessenberg basic,959,0,0,3,1e-12,2.71302,0,2.15181e-11,3.50784e-12
Hessenberg basic,959,0,1,3,1e-12,4.50852,2.84217e-14,2.37181e-11,4.48207e-12
Hessenberg basic,960,0,0,3,1e-12,2.92945,0,2.81943e-11,3.28837e-12
Hessenberg basic,960,0,1,3,1e-12,2.82238,5.17283e-14,2.58897e-11,4.69759e-12
Hessenberg basic,961,0,0,3,1e-12,2.65518,0,3.18323e-11,3.39829e-12
Hessenberg basic,961,0,1,3,1e-12,2.54882,7.10543e-15,2.41541e-11,4.61443e-12
Hessenberg basic,962,0,0,3,1e-12,2.38543,0,2.09184e-11,3.39411e-12
Hessenberg basic,962,0,1,3,1e-12,2.48815,7.10543e-14,2.27922e-11,4.72194e-12
Hessenberg basic,963,0,0,3,1e-12,1.06319,0,2.68301e-11,3.63469e-12
Hessenberg basic,963,0,1,3,1e-12,2.87252,2.38323e-14,2.29917e-11,4.57881e-12
Hessenberg basic,964,0,0,3,1e-12,1.3517,0,2.77396e-11,3.64595e-12
Hessenberg basic,964,0,1,3,1e-12,4.74416,0,2.40654e-11,4.42977e-12
Hessenberg basic,965,0,0,3,1e-12,2.33177,0,3.61524e-11,3.12887e-12
Hessenberg basic,965,0,1,3,1e-12,5.22283,8.29389e-14,3.15091e-11,4.64137e-12
Hessenberg basic,966,0,0,3,1e-12,2.71207,0,2.77396e-11,3.67759e-12
Hessenberg basic,966,0,1,3,1e-12,5.24707,0,2.07192e-11,4.48616e-12
Hessenberg basic,967,0,0,3,1e-12,1.93688,0,2.07354e-11,3.29836e-12
Hessenberg basic,967,0,1,3,1e-12,6.01844,9.89672e-14,2.48712e-11,4.62919e-12
Hessenberg basic,968,0,0,3,1e-12,2.59384,0,1.95541e-11,3.39743e-12
Hessenberg basic,968,0,1,3,1e-12,6.02224,1.42109e-14,2.74379e-11,4.70859e-12
Hessenberg basic,969,0,0,3,1e-12,2.14295,0,1.67426e-11,3.35652e-12
Hessenberg basic,969,0,1,3,1e-12,5.51236,5.72858e-14,2.20965e-11,4.41431e-12
Hessenberg basic,970,0,0,3,1e-12,2.05876,0,2.53721e-11,3.71034e-12
Hessenberg basic,970,0,1,3,1e-12,4.57244,0,2.23533e-11,4.39474e-12
Hessenberg basic,971,0,0,3,1e-12,2.94587,0,2.29647e-11,3.1853e-12
Hessenberg basic,971,0,1,3,1e-12,5.90931,5.17283e-14,2.49638e-11,4.5198e-12
Hessenberg basic,972,0,0,3,1e-12,2.01467,0,2.91038e-11,3.37269e-12
Hessenberg basic,972,0,1,3,1e-12,5.57396,1.99408e-14,2.70278e-11,4.50246e-12
Hessenberg basic,973,0,0,3,1e-12,1.55549,0,2.63753e-11,3.2751e-12
Hessenberg basic,973,0,1,3,1e-12,6.644,1.77636e-14,2.03484e-11,4.56916e-12
Hessenberg basic,974,0,0,3,1e-12,2.80075,0,2.20552e-11,3.08021e-12
Hessenberg basic,974,0,1,3,1e-12,6.44704,0,2.12445e-11,4.48042e-12
Hessenberg basic,975,0,0,3,1e-12,1.98847,0,2.63753e-11,3.47996e-12
Hessenberg basic,975,0,1,3,1e-12,5.32707,3.27544e-14,2.37135e-11,4.47923e-12
Hessenberg basic,976,0,0,3,1e-12,2.37067,0,2.77396e-11,3.58863e-12
Hessenberg basic,976,0,1,3,1e-12,5.33344,5.7834e-14,2.50785e-11,4.65016e-12
Hessenberg basic,977,0,0,3,1e-12,1.43326,0,3.45608e-11,3.17089e-12
Hessenberg basic,977,0,1,3,1e-12,5.56201,2.00972e-14,2.55641e-11,4.45599e-12
Hessenberg basic,978,0,0,3,1e-12,1.20885,0,2.95586e-11,3.50662e-12
Hessenberg basic,978,0,1,3,1e-12,5.12762,5.74662e-14,3.04867e-11,4.43547e-12
Hessenberg basic,979,0,0,3,1e-12,0.845076,0,2.56932e-11,3.25545e-12
Hessenberg basic,979,0,1,3,1e-12,4.61895,2.5619e-14,2.45045e-11,4.60597e-12
Hessenberg basic,980,0,0,3,1e-12,0.920025,0,2.63753e-11,3.42573e-12
Hessenberg basic,980,0,1,3,1e-12,2.93566,4.01944e-14,2.32322e-11,4.86893e-12
Hessenberg basic,981,0,0,3,1e-12,1.00544,0,2.4329e-11,3.39463e-12
Hessenberg basic,981,0,1,3,1e-12,3.34561,4.49387e-14,2.3614e-11,4.31165e-12
Hessenberg basic,982,0,0,3,1e-12,1.00426,0,3.25144e-11,3.16072e-12
Hessenberg basic,982,0,1,3,1e-12,3.90167,3.21834e-14,2.64017e-11,4.66059e-12
Hessenberg basic,983,0,0,3,1e-12,1.68516,0,2.88765e-11,3.5875e-12
Hessenberg basic,983,0,1,3,1e-12,5.18147,3.5035e-14,2.63364e-11,4.54874e-12
Hessenberg basic,984,0,0,3,1e-12,1.58898,0,2.38742e-11,3.30202e-12
Hessenberg basic,984,0,1,3,1e-12,4.97504,2.13163e-14,2.8837e-11,4.47314e-12
Hessenberg basic,985,0,0,3,1e-12,2.4031,0,3.5925e-11,3.46033e-12
Hessenberg basic,985,0,1,3,1e-12,4.00216,1.42109e-14,2.06009e-11,4.51431e-12
Hessenberg basic,986,0,0,3,1e-12,3.21452,0,2.81943e-11,3.46657e-12
Hessenberg basic,986,0,1,3,1e-12,3.05422,5.86404e-14,2.64157e-11,4.40706e-12
Hessenberg basic,987,0,0,3,1e-12,2.88578,0,1.92376e-11,3.27727e-12
Hessenberg basic,987,0,1,3,1e-12,2.97906,3.55715e-14,2.60777e-11,4.46217e-12
Hessenberg basic,988,0,0,3,1e-12,2.71823,0,3.38787e-11,3.42123e-12
Hessenberg basic,988,0,1,3,1e-12,2.82389,2.94173e-14,2.81049e-11,4.48377e-12
Hessenberg basic,989,0,0,3,1e-12,1.86531,0,3.16049e-11,3.47505e-12
Hessenberg basic,989,0,1,3,1e-12,2.94639,6.7408e-14,2.49348e-11,4.63955e-12
Hessenberg basic,990,0,0,3,1e-12,1.33403,0,2.72848e-11,3.42848e-12
Hessenberg basic,990,0,1,3,1e-12,4.61233,0,2.49886e-11,4.46906e-12
Hessenberg basic,991,0,0,3,1e-12,1.9213,0,2.47837e-11,3.05695e-12
Hessenberg basic,991,0,1,3,1e-12,5.71325,1.00486e-14,2.79185e-11,4.77903e-12
Hessenberg basic,992,0,0,3,1e-12,2.42069,0,3.61524e-11,3.20501e-12
Hessenberg basic,992,0,1,3,1e-12,5.05647,3.55271e-14,1.99549e-11,4.5534e-12
Hessenberg basic,993,0,0,3,1e-12,3.16485,0,2.52385e-11,3.45562e-12
Hessenberg basic,993,0,1,3,1e-12,5.61973,2.97772e-14,2.12141e-11,4.65561e-12
Hessenberg basic,994,0,0,3,1e-12,2.07037,0,2.9786e-11,3.32552e-12
Hessenberg basic,994,0,1,3,1e-12,5.75521,0,2.88585e-11,4.52854e-12
Hessenberg basic,995,0,0,3,1e-12,2.16448,0,2.9786e-11,3.41139e-12
Hessenberg basic,995,0,1,3,1e-12,6.53755,5.0243e-14,2.70623e-11,4.47115e-12
Hessenberg basic,996,0,0,3,1e-12,2.37633,0,3.86535e-11,3.21322e-12
Hessenberg basic,996,0,1,3,1e-12,5.61501,3.55271e-14,2.27055e-11,4.70255e-12
Hessenberg basic,997,0,0,3,1e-12,1.90187,0,2.68301e-11,3.34957e-12
Hessenberg basic,997,0,1,3,1e-12,6.24804,5.85929e-14,2.17532e-11,4.22618e-12
Hessenberg basic,998,0,0,3,1e-12,2.50252,0,2.31921e-11,2.99121e-12
Hessenberg basic,998,0,1,3,1e-12,5.69682,0,2.38027e-11,4.61247e-12
Hessenberg basic,999,0,0,3,1e-12,2.62591,0,3.97904e-11,3.46331e-12
Hessenberg basic,999,0,1,3,1e-12,5.30198,4.27803e-14,2.45363e-11,4.58645e-12
Hessenberg basic,1000,0,0,3,1e-12,1.77842,0,2.34195e-11,3.27429e-12
Hessenberg basic,1000,0,1,3,1e-12,6.11356,2.27485e-14,2.59945e-11,4.7382e-12
