version, size, hermitian, complex, seed, tol, runtime in s,min_error, max_error, avg_error
Hessenberg basic,900,0,0,2,1e-12,1.73048,0,2.52385e-11,3.325e-12
Hessenberg basic,900,0,1,2,1e-12,2.61252,2.84217e-14,2.33033e-11,4.79885e-12
Hessenberg basic,901,0,0,2,1e-12,0.884715,0,2.81943e-11,3.25061e-12
Hessenberg basic,901,0,1,2,1e-12,2.68737,1.06818e-13,2.5664e-11,4.64921e-12
Hessenberg basic,902,0,0,2,1e-12,1.40201,0,2.13731e-11,3.30852e-12
Hessenberg basic,902,0,1,2,1e-12,3.20202,6.35529e-14,2.09196e-11,4.95104e-12
Hessenberg basic,903,0,0,2,1e-12,0.857078,0,2.41016e-11,3.54862e-12
Hessenberg basic,903,0,1,2,1e-12,3.25979,5.72858e-14,2.37483e-11,4.47093e-12
Hessenberg basic,904,0,0,2,1e-12,1.53644,0,2.03004e-11,3.23406e-12
Hessenberg basic,904,0,1,2,1e-12,3.6618,2.92964e-14,2.4979e-11,4.6901e-12
Hessenberg basic,905,0,0,2,1e-12,2.117,0,2.04593e-11,3.4652e-12
Hessenberg basic,905,0,1,2,1e-12,2.18329,0,2.06966e-11,4.67374e-12
Hessenberg basic,906,0,0,2,1e-12,2.12855,0,3.29692e-11,3.77147e-12
Hessenberg basic,906,0,1,2,1e-12,2.39384,4.01944e-14,2.07808e-11,4.79153e-12
Hessenberg basic,907,0,0,2,1e-12,2.01507,0,2.9786e-11,3.36247e-12
Hessenberg basic,907,0,1,2,1e-12,1.94665,3.01458e-14,2.3433e-11,4.72985e-12
Hessenberg basic,908,0,0,2,1e-12,1.83945,0,2.68301e-11,3.4257e-12
Hessenberg basic,908,0,1,2,1e-12,2.26651,7.55317e-14,2.27922e-11,4.72603e-12
Hessenberg basic,909,0,0,2,1e-12,1.80651,0,2.72848e-11,3.10653e-12
Hessenberg basic,909,0,1,2,1e-12,3.31784,2.84217e-14,2.46236e-11,4.82847e-12
Hessenberg basic,910,0,0,2,1e-12,2.38922,0,2.9786e-11,3.45217e-12
Hessenberg basic,910,0,1,2,1e-12,3.28453,2.84217e-14,3.07599e-11,4.65433e-12
Hessenberg basic,911,0,0,2,1e-12,1.72741,0,2.11396e-11,3.13774e-12
Hessenberg basic,911,0,1,2,1e-12,3.20919,4.26385e-14,2.281e-11,4.87142e-12
Hessenberg basic,912,0,0,2,1e-12,1.75328,0,2.02975e-11,3.34274e-12
Hessenberg basic,912,0,1,2,1e-12,2.70003,4.49387e-14,2.95101e-11,4.64969e-12
Hessenberg basic,913,0,0,2,1e-12,1.85935,0,2.47837e-11,3.47199e-12
Hessenberg basic,913,0,1,2,1e-12,2.56014,5.1238e-14,2.70584e-11,4.81041e-12
Hessenberg basic,914,0,0,2,1e-12,1.80983,0,2.81943e-11,3.19618e-12
Hessenberg basic,914,0,1,2,1e-12,2.27519,1.06581e-14,2.65503e-11,4.73619e-12
Hessenberg basic,915,0,0,2,1e-12,1.97521,0,3.04681e-11,3.03915e-12
Hessenberg basic,915,0,1,2,1e-12,2.28599,0,2.18858e-11,4.63127e-12
Hessenberg basic,916,0,0,2,1e-12,1.74205,0,2.75122e-11,3.47348e-12
Hessenberg basic,916,0,1,2,1e-12,2.93298,0,2.47013e-11,4.66962e-12
Hessenberg basic,917,0,0,2,1e-12,1.71694,0,2.47837e-11,3.47986e-12
Hessenberg basic,917,0,1,2,1e-12,3.31466,2.84217e-14,2.83041e-11,4.7886e-12
Hessenberg basic,918,0,0,2,1e-12,1.86355,0,2.81943e-11,3.27451e-12
Hessenberg basic,918,0,1,2,1e-12,2.90544,2.84217e-14,2.68842e-11,4.53146e-12
Hessenberg basic,919,0,0,2,1e-12,1.66167,0,2.31921e-11,3.84032e-12
Hessenberg basic,919,0,1,2,1e-12,2.36549,1.77636e-15,2.91402e-11,4.59337e-12
Hessenberg basic,920,0,0,2,1e-12,1.94258,0,3.72893e-11,3.50386e-12
Hessenberg basic,920,0,1,2,1e-12,2.43245,2.84217e-14,2.81888e-11,4.78057e-12
Hessenberg basic,921,0,0,2,1e-12,1.79152,0,2.70575e-11,3.43604e-12
Hessenberg basic,921,0,1,2,1e-12,2.89063,2.84217e-14,2.90338e-11,5.03366e-12
Hessenberg basic,922,0,0,2,1e-12,1.83152,0,2.251e-11,3.47508e-12
Hessenberg basic,922,0,1,2,1e-12,2.33145,2.30926e-14,2.54314e-11,4.93297e-12
Hessenberg basic,923,0,0,2,1e-12,2.02182,0,2.41016e-11,3.78039e-12
Hessenberg basic,923,0,1,2,1e-12,2.38218,4.01944e-14,2.37352e-11,4.51136e-12
Hessenberg basic,924,0,0,2,1e-12,1.87025,0,2.41016e-11,3.19668e-12
Hessenberg basic,924,0,1,2,1e-12,2.83442,2.5619e-14,2.41522e-11,5.03155e-12
Hessenberg basic,925,0,0,2,1e-12,1.84723,0,2.77195e-11,3.19448e-12
Hessenberg basic,925,0,1,2,1e-12,2.31632,1.58882e-14,2.10674e-11,4.65865e-12
Hessenberg basic,926,0,0,2,1e-12,2.0568,0,2.0691e-11,3.38256e-12
Hessenberg basic,926,0,1,2,1e-12,2.35862,1.42109e-14,2.49803e-11,4.59957e-12
Hessenberg basic,927,0,0,2,1e-12,1.9128,0,2.52385e-11,3.4105e-12
Hessenberg basic,927,0,1,2,1e-12,2.77335,2.16103e-14,2.81034e-11,4.56774e-12
Hessenberg basic,928,0,0,2,1e-12,1.78549,0,2.17341e-11,3.36577e-12
Hessenberg basic,928,0,1,2,1e-12,2.35071,3.55271e-14,3.42679e-11,4.78492e-12
Hessenberg basic,929,0,0,2,1e-12,2.072,0,2.34195e-11,3.33487e-12
Hessenberg basic,929,0,1,2,1e-12,2.38965,2.22409e-14,3.53573e-11,4.70682e-12
Hessenberg basic,930,0,0,2,1e-12,2.30655,0,3.31966e-11,3.54545e-12
Hessenberg basic,930,0,1,2,1e-12,3.68215,3.62307e-14,2.18246e-11,4.6971e-12
Hessenberg basic,931,0,0,2,1e-12,2.28477,0,2.27374e-11,3.41688e-12
Hessenberg basic,931,0,1,2,1e-12,4.24869,5.36315e-14,2.41509e-11,4.95704e-12
Hessenberg basic,932,0,0,2,1e-12,1.46547,0,2.16005e-11,3.47239e-12
Hessenberg basic,932,0,1,2,1e-12,3.85406,4.49387e-14,2.31932e-11,4.68392e-12
Hessenberg basic,933,0,0,2,1e-12,1.4748,0,2.22826e-11,3.61046e-12
Hessenberg basic,933,0,1,2,1e-12,3.82165,0,1.89015e-11,4.7442e-12
Hessenberg basic,934,0,0,2,1e-12,1.46128,0,3.25144e-11,3.48129e-12
Hessenberg basic,934,0,1,2,1e-12,4.13356,7.10543e-15,2.52671e-11,4.8512e-12
Hessenberg basic,935,0,0,2,1e-12,1.42806,0,2.11574e-11,3.35383e-12
Hessenberg basic,935,0,1,2,1e-12,2.56078,5.85929e-14,2.4346e-11,4.58094e-12
Hessenberg basic,936,0,0,2,1e-12,1.58367,0,2.75122e-11,3.46213e-12
Hessenberg basic,936,0,1,2,1e-12,2.45367,3.35162e-14,3.20381e-11,4.70579e-12
Hessenberg basic,937,0,0,2,1e-12,1.28283,0,1.93268e-11,3.46895e-12
Hessenberg basic,937,0,1,2,1e-12,2.44687,0,2.63145e-11,5.07465e-12
Hessenberg basic,938,0,0,2,1e-12,0.721096,0,2.38742e-11,3.30676e-12
Hessenberg basic,938,0,1,2,1e-12,3.01446,4.01944e-14,2.63668e-11,4.90426e-12
Hessenberg basic,939,0,0,2,1e-12,1.08087,0,2.59206e-11,3.21265e-12
Hessenberg basic,939,0,1,2,1e-12,4.33004,2.71149e-14,2.70821e-11,4.5665e-12
Hessenberg basic,940,0,0,2,1e-12,1.18483,0,2.04636e-11,3.38229e-12
Hessenberg basic,940,0,1,2,1e-12,3.69906,2.84217e-14,2.77452e-11,4.69012e-12
Hessenberg basic,941,0,0,2,1e-12,1.3724,0,2.18279e-11,3.1552e-12
Hessenberg basic,941,0,1,2,1e-12,2.76078,0,2.70278e-11,4.87406e-12
Hessenberg basic,942,0,0,2,1e-12,1.16669,0,2.52385e-11,3.40999e-12
Hessenberg basic,942,0,1,2,1e-12,2.5264,2.5619e-14,2.71277e-11,4.46969e-12
Hessenberg basic,943,0,0,2,1e-12,1.30668,0,2.6148e-11,3.29644e-12
Hessenberg basic,943,0,1,2,1e-12,2.55321,8.52651e-14,2.47493e-11,4.58449e-12
Hessenberg basic,944,0,0,2,1e-12,0.726988,0,3.06954e-11,3.44052e-12
Hessenberg basic,944,0,1,2,1e-12,2.50601,5.15143e-14,2.48504e-11,4.50255e-12
Hessenberg basic,945,0,0,2,1e-12,0.957185,0,2.75122e-11,3.37792e-12
Hessenberg basic,945,0,1,2,1e-12,3.3268,4.01944e-14,2.15575e-11,4.78586e-12
Hessenberg basic,946,0,0,2,1e-12,1.76612,0,3.43334e-11,3.58071e-12
Hessenberg basic,946,0,1,2,1e-12,3.3152,1.42109e-14,3.06111e-11,4.53931e-12
Hessenberg basic,947,0,0,2,1e-12,1.52282,0,1.91619e-11,3.40874e-12
Hessenberg basic,947,0,1,2,1e-12,2.83877,4.9738e-14,2.26305e-11,4.94444e-12
Hessenberg basic,948,0,0,2,1e-12,1.70439,0,2.9786e-11,3.35783e-12
Hessenberg basic,948,0,1,2,1e-12,3.10738,1.42109e-14,3.12057e-11,4.53377e-12
Hessenberg basic,949,0,0,2,1e-12,1.68674,0,2.63753e-11,3.64524e-12
Hessenberg basic,949,0,1,2,1e-12,2.68873,2.13163e-14,2.57837e-11,4.63944e-12
Hessenberg basic,950,0,0,2,1e-12,1.01821,0,2.68301e-11,3.56826e-12
Hessenberg basic,950,0,1,2,1e-12,2.90093,2.13163e-14,2.21476e-11,4.78231e-12
Hessenberg basic,951,0,0,2,1e-12,0.937403,0,3.7744e-11,3.85077e-12
Hessenberg basic,951,0,1,2,1e-12,3.73506,2.84217e-14,2.09011e-11,4.64116e-12
Hessenberg basic,952,0,0,2,1e-12,1.35355,0,3.79714e-11,3.3148e-12
Hessenberg basic,952,0,1,2,1e-12,4.587,6.70325e-14,2.5398e-11,4.63422e-12
Hessenberg basic,953,0,0,2,1e-12,1.26899,0,2.45564e-11,3.20455e-12
Hessenberg basic,953,0,1,2,1e-12,3.95567,3.17764e-14,2.02784e-11,4.62611e-12
Hessenberg basic,954,0,0,2,1e-12,1.16267,0,4.00178e-11,3.19129e-12
Hessenberg basic,954,0,1,2,1e-12,3.68711,0,2.50115e-11,5.03948e-12
Hessenberg basic,955,0,0,2,1e-12,1.3678,0,2.18279e-11,3.3666e-12
Hessenberg basic,955,0,1,2,1e-12,3.79903,2.58641e-14,2.32878e-11,4.50889e-12
Hessenberg basic,956,0,0,2,1e-12,1.58712,0,3.16049e-11,3.14154e-12
Hessenberg basic,956,0,1,2,1e-12,3.29511,0,2.63998e-11,4.40827e-12
Hessenberg basic,957,0,0,2,1e-12,1.37845,0,2.59206e-11,3.65829e-12
Hessenberg basic,957,0,1,2,1e-12,2.46982,2.92964e-14,3.09262e-11,4.67249e-12
Hessenberg basic,958,0,0,2,1e-12,1.06877,0,2.27374e-11,2.97757e-12
Hessenberg basic,958,0,1,2,1e-12,2.72821,8.55607e-14,3.09779e-11,4.60829e-12
Hessenberg basic,959,0,0,2,1e-12,1.02686,0,2.45564e-11,3.6058e-12
Hessenberg basic,959,0,1,2,1e-12,2.7817,2.84217e-14,2.79764e-11,4.62574e-12
Hessenberg basic,960,0,0,2,1e-12,1.33892,0,2.56932e-11,3.55072e-12
Hessenberg basic,960,0,1,2,1e-12,4.41259,4.01944e-14,2.36512e-11,4.58604e-12
Hessenberg basic,961,0,0,2,1e-12,2.0868,0,3.86535e-11,3.46252e-12
Hessenberg basic,961,0,1,2,1e-12,3.55133,2.92964e-14,2.52252e-11,4.62956e-12
Hessenberg basic,962,0,0,2,1e-12,1.6394,0,2.68301e-11,3.43199e-12
Hessenberg basic,962,0,1,2,1e-12,2.92309,5.68434e-14,2.54669e-11,4.63394e-12
Hessenberg basic,963,0,0,2,1e-12,1.81824,0,3.41061e-11,3.48466e-12
Hessenberg basic,963,0,1,2,1e-12,2.62213,4.01943e-14,3.05234e-11,4.75208e-12
Hessenberg basic,964,0,0,2,1e-12,0.963053,0,1.92219e-11,3.12326e-12
Hessenberg basic,964,0,1,2,1e-12,2.67739,7.10543e-14,2.52848e-11,4.67163e-12
Hessenberg basic,965,0,0,2,1e-12,1.27392,0,3.09228e-11,3.20023e-12
Hessenberg basic,965,0,1,2,1e-12,4.20125,6.07088e-14,2.5414e-11,4.70283e-12
Hessenberg basic,966,0,0,2,1e-12,1.65736,0,2.4329e-11,3.31924e-12
Hessenberg basic,966,0,1,2,1e-12,4.83866,2.92964e-14,2.38453e-11,4.60844e-12
Hessenberg basic,967,0,0,2,1e-12,1.22904,0,2.27374e-11,3.63564e-12
Hessenberg basic,967,0,1,2,1e-12,4.22893,4.49387e-14,2.75744e-11,4.72646e-12
Hessenberg basic,968,0,0,2,1e-12,1.65362,0,2.16005e-11,3.0858e-12
Hessenberg basic,968,0,1,2,1e-12,3.57918,5.72858e-14,2.50169e-11,4.79105e-12
Hessenberg basic,969,0,0,2,1e-12,1.46334,0,3.84262e-11,3.47969e-12
Hessenberg basic,969,0,1,2,1e-12,2.96723,8.88178e-14,2.97254e-11,4.75724e-12
Hessenberg basic,970,0,0,2,1e-12,1.40739,0,2.22826e-11,3.41275e-12
Hessenberg basic,970,0,1,2,1e-12,2.72728,0,2.58297e-11,4.67243e-12
Hessenberg basic,971,0,0,2,1e-12,0.99908,0,2.24672e-11,3.42858e-12
Hessenberg basic,971,0,1,2,1e-12,2.54449,6.90685e-14,2.72517e-11,4.6481e-12
Hessenberg basic,972,0,0,2,1e-12,1.05039,0,4.54747e-11,3.30998e-12
Hessenberg basic,972,0,1,2,1e-12,3.84791,3.90799e-14,2.45827e-11,4.68954e-12
Hessenberg basic,973,0,0,2,1e-12,2.18701,0,3.52429e-11,4.00147e-12
Hessenberg basic,973,0,1,2,1e-12,4.25047,1.58882e-14,2.35708e-11,4.637e-12
Hessenberg basic,974,0,0,2,1e-12,1.76424,0,2.70575e-11,3.2508e-12
Hessenberg basic,974,0,1,2,1e-12,3.6181,5.68434e-14,2.18586e-11,4.43359e-12
Hessenberg basic,975,0,0,2,1e-12,1.67169,0,2.4329e-11,3.25895e-12
Hessenberg basic,975,0,1,2,1e-12,2.85145,6.35529e-14,3.07806e-11,4.46458e-12
Hessenberg basic,976,0,0,2,1e-12,1.95724,0,3.16049e-11,3.32954e-12
Hessenberg basic,976,0,1,2,1e-12,2.81429,6.55088e-14,2.01941e-11,4.82716e-12
Hessenberg basic,977,0,0,2,1e-12,1.09183,0,1.86446e-11,3.01648e-12
Hessenberg basic,977,0,1,2,1e-12,2.72029,4.83221e-14,3.20634e-11,4.74147e-12
Hessenberg basic,978,0,0,2,1e-12,1.10154,0,2.54659e-11,3.71398e-12
Hessenberg basic,978,0,1,2,1e-12,4.18902,2.19723e-14,2.70412e-11,4.67041e-12
Hessenberg basic,979,0,0,2,1e-12,1.78282,0,3.43334e-11,3.55265e-12
Hessenberg basic,979,0,1,2,1e-12,5.27858,0,2.21756e-11,4.78375e-12
Hessenberg basic,980,0,0,2,1e-12,2.05846,0,3.84262e-11,3.21095e-12
Hessenberg basic,980,0,1,2,1e-12,4.32675,2.84217e-14,2.40428e-11,4.70726e-12
Hessenberg basic,981,0,0,2,1e-12,1.23976,0,2.31921e-11,3.29793e-12
Hessenberg basic,981,0,1,2,1e-12,3.64135,2.84217e-14,2.27755e-11,4.50169e-12
Hessenberg basic,982,0,0,2,1e-12,1.46194,0,3.25144e-11,3.34839e-12
Hessenberg basic,982,0,1,2,1e-12,2.83112,1.77636e-14,2.76846e-11,4.79385e-12
Hessenberg basic,983,0,0,2,1e-12,1.2842,0,1.90726e-11,3.53491e-12
Hessenberg basic,983,0,1,2,1e-12,2.83638,4.49387e-14,2.49625e-11,4.77599e-12
Hessenberg basic,984,0,0,2,1e-12,1.18877,0,2.81943e-11,3.5553e-12
Hessenberg basic,984,0,1,2,1e-12,2.56207,0,2.64754e-11,4.59922e-12
Hessenberg basic,985,0,0,2,1e-12,1.15582,0,1.7419e-11,3.08611e-12
Hessenberg basic,985,0,1,2,1e-12,3.62379,6.10263e-14,2.1933e-11,4.60822e-12
Hessenberg basic,986,0,0,2,1e-12,1.46476,0,3.29692e-11,3.2873e-12
Hessenberg basic,986,0,1,2,1e-12,4.68371,3.82639e-14,2.24873e-11,4.54977e-12
Hessenberg basic,987,0,0,2,1e-12,1.96095,0,2.41715e-11,3.5455e-12
Hessenberg basic,987,0,1,2,1e-12,4.77662,4.14314e-14,2.58739e-11,4.70551e-12
Hessenberg basic,988,0,0,2,1e-12,2.28978,0,3.41061e-11,3.22783e-12
Hessenberg basic,988,0,1,2,1e-12,4.45217,0,2.58419e-11,4.76249e-12
Hessenberg basic,989,0,0,2,1e-12,2.18988,0,2.88765e-11,3.29223e-12
Hessenberg basic,989,0,1,2,1e-12,4.37535,7.10543e-15,2.41016e-11,4.71944e-12
Hessenberg basic,990,0,0,2,1e-12,2.75255,0,2.68301e-11,3.72329e-12
Hessenberg basic,990,0,1,2,1e-12,4.61219,2.84217e-14,2.9054e-11,4.76807e-12
Hessenberg basic,991,0,0,2,1e-12,2.93604,0,3.70619e-11,3.28564e-12
Hessenberg basic,991,0,1,2,1e-12,3.71198,1.77636e-15,2.46228e-11,4.87365e-12
Hessenberg basic,992,0,0,2,1e-12,3.13239,0,2.13731e-11,3.27708e-12
Hessenberg basic,992,0,1,2,1e-12,3.65802,1.42109e-14,2.32513e-11,4.59744e-12
Hessenberg basic,993,0,0,2,1e-12,2.77591,0,2.45587e-11,3.34858e-12
Hessenberg basic,993,0,1,2,1e-12,3.25364,8.28628e-14,2.23671e-11,4.48023e-12
Hessenberg basic,994,0,0,2,1e-12,2.68014,0,3.34239e-11,3.18007e-12
Hessenberg basic,994,0,1,2,1e-12,3.31608,2.84217e-14,2.69025e-11,4.48758e-12
Hessenberg basic,995,0,0,2,1e-12,2.74873,0,1.90726e-11,3.13751e-12
Hessenberg basic,995,0,1,2,1e-12,4.11477,5.1238e-14,3.21042e-11,4.86336e-12
Hessenberg basic,996,0,0,2,1e-12,2.58886,0,2.03067e-11,3.44199e-12
Hessenberg basic,996,0,1,2,1e-12,3.88578,2.92964e-14,2.13888e-11,4.50282e-12
Hessenberg basic,997,0,0,2,1e-12,2.42298,0,3.75167e-11,3.43889e-12
Hessenberg basic,997,0,1,2,1e-12,3.71374,2.84217e-14,2.71264e-11,4.55577e-12
Hessenberg basic,998,0,0,2,1e-12,2.37687,0,3.63798e-11,3.27184e-12
Hessenberg basic,998,0,1,2,1e-12,4.1964,1.42109e-14,2.05644e-11,4.77696e-12
Hessenberg basic,999,0,0,2,1e-12,2.77814,0,2.52385e-11,3.35025e-12
Hessenberg basic,999,0,1,2,1e-12,5.06875,4.26326e-14,2.51721e-11,4.55385e-12
Hessenberg basic,1000,0,0,2,1e-12,2.39912,0,2.0691e-11,3.16497e-12
Hessenberg basic,1000,0,1,2,1e-12,5.62764,2.00972e-14,2.46983e-11,4.77573e-12
